sample_id,sumTPM,Latitude,Longitude,Temperature,Sigma-theta,Salinity,Oxygen,Nitrate,Chl_a,fCDOM,Depth
ERR1001626,21.178,-20.9354,-35.1803,23.374825,25.40018,37.076575,206.23185,0.185971,-0.00072,1.636802,5
ERR1001627,29.718,-30.1367,-43.2899,20.07775,25.754115,36.32553,221.13845,0.025333,0.00144,1.674628,5
ERR1328122,23.655,36.1715,-29.023,17.303005,26.38564,36.229605,232.28725,0.296016,0.0132,1.76176,5
ERR1328123,15.985,18.5839,66.4727,26.692435,23.87718,36.40162,187.47615,0,0.12402,1.43775,25
ERR1328124,16.569,18.5839,66.4727,26.692435,23.87718,36.40162,187.47615,0,0.12402,1.43775,25
ERR1328125,31.583,36.1715,-29.023,17.303005,26.38564,36.229605,232.28725,0.296016,0.0132,1.76176,5
ERR1336911,14.091,41.6686,2.7996,,,,,,,,9
ERR1336912,13.331,41.6686,2.7996,,,,,,,,9
ERR3562601,33.745,-9.1504,-140.5216,26.572419,23.143631,35.384031,190.378187,4.965553,0.1494,1.628674,5
ERR3586677,0.348,70.9433,-53.5127,3.03554,27.488995,34.50669,230.0861,13.409788,-0.01008,3.097493,411
ERR3586678,17.59,69.1136,-51.5086,3.1965,26.265,32.99175,303.326,1.791002,0.3732,2.6962,5
ERR3586679,22.128,77.9028,117.1545,0.10149,23.11621,28.82053,363.6485,,0.60864,5.496034,5
ERR3586680,19.608,77.9668,116.6556,-0.607125,26.29815,32.726735,371.05845,,1.5105,4.162668,20
ERR3586681,0,78.0391,116.4105,1.59404,27.94409,34.92558,293.889,,-0.0078,2.592579,299
ERR3586682,12.399,71.5955,160.9383,1.48885,22.7306,28.41685,340.44375,,0.4392,6.44771,5
ERR3586683,9.089,71.0704,174.9916,2.4534,23.1614,29.0291,339.4475,0,0.8718,2.524221,5
ERR3586684,12.394,73.3833,-168.1333,-0.585333,22.016175,27.442,368.662625,0,0.1806,2.417638,5
ERR3586685,29.712,71.8895,-154.9101,2.5694,22.8182,28.60925,336.04075,1.604622,0.9741,4.533623,5
ERR3586686,19.03,74.3386,-85.6208,-0.409335,25.654808,31.947283,343.877833,5.355932,1.50066,3.403455,36
ERR3586687,31.469,72.4693,-71.892,-0.479225,25.7008,31.99537,353.1935,3.880872,1.98441,3.112706,5
ERR3586688,32.602,70.9574,-53.5989,1.445315,25.673125,32.08329,328.54665,3.615087,1.25556,2.515363,5
ERR3586689,26.39,64.7127,-53.0106,2.496125,26.011175,32.603119,323.901563,6.131005,1.325775,2.723684,5
ERR3586690,0.784,64.7,-52.996,4.20173,27.448865,34.59923,273.02835,10.622333,-0.0111,2.548801,351
ERR3586691,25.808,61.5427,-55.9869,5.295265,27.017281,34.212769,293.84675,8.286479,1.01295,2.274721,5
ERR3586692,0,61.5754,-55.9846,4.791395,27.65512,34.939595,271.8744,16.017641,-0.0018,2.284852,391
ERR3586693,12.812,73.3275,-168.8142,-0.987833,25.370225,31.56495,396.848083,0,0.6449,3.843304,35
ERR3586694,29.569,74.2987,-85.7806,-1.32986,24.678167,30.70185,368.52475,3.75923,1.13016,3.00669,5
ERR3586695,8.665,72.5128,44.0775,7.48766,27.289205,34.92331,299.0073,0,0.2964,2.102862,5
ERR3586696,17.508,72.5432,44.102,3.824545,27.784685,34.975345,326.3609,0,2.19375,2.454789,40
ERR3586697,12.447,72.5199,44.0552,3.1072,27.85433,34.978285,303.31905,0,0.27075,2.699,10-100
ERR3586698,11.453,78.9564,79.4201,-0.160312,26.994413,33.613775,385.28075,2.099614,0.0441,2.28495,5
ERR3586699,6.542,78.9354,79.0604,-1.29785,27.72345,34.4561,348.000625,4.427788,5.95725,3.166069,35
ERR3586700,16.755,79.2233,66.3435,1.365705,27.429195,34.264755,369.289812,2.150477,1.455,2.134432,5
ERR3586701,10.503,79.2026,66.4827,1.47689,27.91825,34.8814,296.228,11.691602,-0.027,2.51048,199
ERR3586702,23.222,79.3349,66.2954,1.025705,27.839725,34.691775,314.71675,,0.59478,2.380822,10-100
ERR3586703,18.658,77.1604,73.2057,1.325833,27.333308,34.142392,348.196667,,0.03525,2.15788,5
ERR3586704,17.452,74.8023,76.1478,2.507887,18.339325,22.980169,357.164917,,0.422625,19.191431,5
ERR3586705,16.243,74.8283,76.2096,-1.533492,27.072625,33.646092,356.223917,,0.5808,6.974842,30
ERR3586706,19.51,78.2518,91.8557,-1.649738,26.511331,32.950844,388.303875,,2.2128,2.853854,5
ERR3586707,20.068,78.3555,91.6084,-1.647244,26.906337,33.436706,373.061,,2.6546,2.982844,17
ERR3586708,21.499,54.5305,-16.9377,11.09547,27.01156,35.32522,271.064125,4.467439,0.83187,1.773811,5
ERR3586709,23.395,54.5451,-16.7943,10.79018,27.07531,35.335155,266.473125,7.129639,1.22367,1.814179,40
ERR3586710,9.024,67.141,0.2355,8.47447,27.314165,35.145165,311.7827,5.218798,2.3802,1.888199,5
ERR3586711,15.466,67.161,0.3964,6.73489,27.572895,35.15072,304.0473,8.063879,1.164637,1.946281,25
ERR3586712,0,76.1825,1.3918,1.899612,27.890469,34.888656,363.000813,4.980653,12.741825,2.258868,5
ERR3586713,0,76.1246,1.3648,0.099535,28.05824,34.94578,315.37205,13.010683,-0.0102,2.250862,499
ERR3586714,13.581,69.1136,-51.5086,3.1965,26.265,32.99175,303.326,1.791002,0.3732,2.6962,5
ERR3586715,6.396,67.141,0.2355,8.47447,27.314165,35.145165,311.7827,5.218798,2.3802,1.888199,5
ERR3586716,10.603,67.161,0.3964,6.73489,27.572895,35.15072,304.0473,8.063879,1.164637,1.946281,25
ERR3586717,12.812,76.1825,1.3918,1.899612,27.890469,34.888656,363.000813,4.980653,12.741825,2.258868,5
ERR3586718,18.107,72.5432,44.102,3.824545,27.784685,34.975345,326.3609,0,2.19375,2.454789,40
ERR3586719,20.437,78.9354,79.0604,-1.29785,27.72345,34.4561,348.000625,4.427788,5.95725,3.166069,35
ERR3586720,18.815,79.2233,66.3435,1.365705,27.429195,34.264755,369.289812,2.150477,1.455,2.134432,5
ERR3586721,19.905,77.1604,73.2057,1.325833,27.333308,34.142392,348.196667,,0.03525,2.15788,5
ERR3586722,22.872,74.8023,76.1478,2.507887,18.339325,22.980169,357.164917,,0.422625,19.191431,5
ERR3586723,10.404,74.8283,76.2096,-1.533492,27.072625,33.646092,356.223917,,0.5808,6.974842,30
ERR3586724,19.328,78.2518,91.8557,-1.649738,26.511331,32.950844,388.303875,,2.2128,2.853854,5
ERR3586725,23.307,78.3555,91.6084,-1.647244,26.906337,33.436706,373.061,,2.6546,2.982844,17
ERR3586726,20.258,77.9028,117.1545,0.10149,23.11621,28.82053,363.6485,,0.60864,5.496034,5
ERR3586727,16.48,77.9668,116.6556,-0.607125,26.29815,32.726735,371.05845,,1.5105,4.162668,20
ERR3586728,36.034,71.8895,-154.9101,2.5694,22.8182,28.60925,336.04075,1.604622,0.9741,4.533623,5
ERR3586729,34.925,70.9574,-53.5989,1.445315,25.673125,32.08329,328.54665,3.615087,1.25556,2.515363,5
ERR3586730,27.567,64.7127,-53.0106,2.496125,26.011175,32.603119,323.901563,6.131005,1.325775,2.723684,5
ERR3586731,21.814,54.5305,-16.9377,11.09547,27.01156,35.32522,271.064125,4.467439,0.83187,1.773811,5
ERR3586732,16.962,54.5451,-16.7943,10.79018,27.07531,35.335155,266.473125,7.129639,1.22367,1.814179,40
ERR3586733,0,64.7,-52.996,4.20173,27.448865,34.59923,273.02835,10.622333,-0.0111,2.548801,351
ERR3586734,20.192,61.5427,-55.9869,5.295265,27.017281,34.212769,293.84675,8.286479,1.01295,2.274721,5
ERR3586735,0,61.5754,-55.9846,4.791395,27.65512,34.939595,271.8744,16.017641,-0.0018,2.284852,391
ERR3586736,11.31,73.3275,-168.8142,-0.987833,25.370225,31.56495,396.848083,0,0.6449,3.843304,35
ERR3586737,27.627,74.2987,-85.7806,-1.32986,24.678167,30.70185,368.52475,3.75923,1.13016,3.00669,5
ERR3586738,4.264,70.9433,-53.5127,3.03554,27.488995,34.50669,230.0861,13.409788,-0.01008,3.097493,411
ERR3586739,15.131,79.2026,66.4827,1.47689,27.91825,34.8814,296.228,11.691602,-0.027,2.51048,199
ERR3586740,25.122,79.3349,66.2954,1.025705,27.839725,34.691775,314.71675,,0.59478,2.380822,10-100
ERR3586741,0,78.0391,116.4105,1.59404,27.94409,34.92558,293.889,,-0.0078,2.592579,299
ERR3586742,17.071,71.5955,160.9383,1.48885,22.7306,28.41685,340.44375,,0.4392,6.44771,5
ERR3586743,25.932,71.0704,174.9916,2.4534,23.1614,29.0291,339.4475,0,0.8718,2.524221,5
ERR3586744,13.49,73.3833,-168.1333,-0.585333,22.016175,27.442,368.662625,0,0.1806,2.417638,5
ERR3586745,33.798,74.3386,-85.6208,-0.409335,25.654808,31.947283,343.877833,5.355932,1.50066,3.403455,36
ERR3586746,34.748,72.4693,-71.892,-0.479225,25.7008,31.99537,353.1935,3.880872,1.98441,3.112706,5
ERR3586747,0,76.1246,1.3648,0.099535,28.05824,34.94578,315.37205,13.010683,-0.0102,2.250862,499
ERR3586748,10.371,72.5128,44.0775,7.48766,27.289205,34.92331,299.0073,0,0.2964,2.102862,5
ERR3586749,12.831,72.5199,44.0552,3.1072,27.85433,34.978285,303.31905,0,0.27075,2.699,10-100
ERR3586750,15.992,78.9564,79.4201,-0.160312,26.994413,33.613775,385.28075,2.099614,0.0441,2.28495,5
ERR3586751,25.735,-1.9002,-84.6265,22.039785,24.318245,35.112815,145.0818,10.202445,0.21402,2.184041,50
ERR3586752,39.856,23.36,37.2183,25.811708,26.698217,39.7709,188.341917,0.279747,0.0024,1.11375,5
ERR3586753,35.439,23.36,37.2183,25.811708,26.698217,39.7709,188.341917,0.279747,0.0024,1.11375,5
ERR3586754,39.628,23.36,37.2183,25.811708,26.698217,39.7709,188.341917,0.279747,0.0024,1.11375,5
ERR3586755,31.274,23.36,37.2183,25.811708,26.698217,39.7709,188.341917,0.279747,0.0024,1.11375,5
ERR3586756,16.325,-23.1108,-134.9327,23.791125,24.851175,36.51495,202.996,0,0.0438,1.910882,5
ERR3586757,17.448,-23.1108,-134.9327,23.791125,24.851175,36.51495,202.996,0,0.0438,1.910882,5
ERR3586758,15.055,-23.1108,-134.9327,23.791125,24.851175,36.51495,202.996,0,0.0438,1.910882,5
ERR3586759,19.261,-23.1108,-134.9327,23.791125,24.851175,36.51495,202.996,0,0.0438,1.910882,5
ERR3586760,7.198,-6.628,-152.4607,26.960655,23.123355,35.511855,184.1395,4.30006,0.09978,1.70088,100
ERR3586761,10.892,-6.628,-152.4607,26.960655,23.123355,35.511855,184.1395,4.30006,0.09978,1.70088,100
ERR3586762,10.653,-6.628,-152.4607,26.960655,23.123355,35.511855,184.1395,4.30006,0.09978,1.70088,100
ERR3586763,6.63,-6.628,-152.4607,26.960655,23.123355,35.511855,184.1395,4.30006,0.09978,1.70088,100
ERR3586764,11.802,6.671,-153.0658,28.29544,22.10997,34.74947,185.28475,0,0.08916,1.600104,5
ERR3586765,9.49,6.671,-153.0658,28.29544,22.10997,34.74947,185.28475,0,0.08916,1.600104,5
ERR3586766,12.07,6.671,-153.0658,28.29544,22.10997,34.74947,185.28475,0,0.08916,1.600104,5
ERR3586767,11.98,6.671,-153.0658,28.29544,22.10997,34.74947,185.28475,0,0.08916,1.600104,5
ERR3586768,32.24,25.6168,-88.4532,24.961605,24.25287,36.17927,193.38225,0,0.04617,1.681699,125
ERR3586769,23.371,25.6168,-88.4532,24.961605,24.25287,36.17927,193.38225,0,0.04617,1.681699,125
ERR3586770,23.389,25.6168,-88.4532,24.961605,24.25287,36.17927,193.38225,0,0.04617,1.681699,125
ERR3586771,24.15,25.6168,-88.4532,24.961605,24.25287,36.17927,193.38225,0,0.04617,1.681699,125
ERR3586772,2.045,25.6236,-88.45,9.735075,27.13905,35.165212,108.231313,31.001404,-9e-04,2.638681,640
ERR3586773,2.418,25.6236,-88.45,9.735075,27.13905,35.165212,108.231313,31.001404,-9e-04,2.638681,640
ERR3586774,3.148,25.6236,-88.45,9.735075,27.13905,35.165212,108.231313,31.001404,-9e-04,2.638681,640
ERR3586775,1.047,25.6236,-88.45,9.735075,27.13905,35.165212,108.231313,31.001404,-9e-04,2.638681,640
ERR3586776,36.199,29.851,-79.7064,24.82846,24.319345,36.22118,194.382,0.580043,0.04314,1.698639,40
ERR3586777,41.1,29.851,-79.7064,24.82846,24.319345,36.22118,194.382,0.580043,0.04314,1.698639,40
ERR3586778,36.547,29.851,-79.7064,24.82846,24.319345,36.22118,194.382,0.580043,0.04314,1.698639,40
ERR3586779,33.669,29.851,-79.7064,24.82846,24.319345,36.22118,194.382,0.580043,0.04314,1.698639,40
ERR3586780,21.362,36.1811,-28.9373,16.74703,26.48531,36.182395,228.11655,1.005795,0.08652,1.900875,80
ERR3586781,23.556,36.1811,-28.9373,16.74703,26.48531,36.182395,228.11655,1.005795,0.08652,1.900875,80
ERR3586782,26.276,36.1811,-28.9373,16.74703,26.48531,36.182395,228.11655,1.005795,0.08652,1.900875,80
ERR3586783,26.072,36.1811,-28.9373,16.74703,26.48531,36.182395,228.11655,1.005795,0.08652,1.900875,80
ERR3586784,16.505,44.0497,-16.6034,13.93922,26.917305,35.92682,242.33885,1.454189,0.06645,1.901257,25
ERR3586785,1.665,-16.8084,59.5043,28.2729,21.9195,34.4863,192.5495,0,,0.9475,5
ERR3586786,3.048,-16.8084,59.5043,28.2729,21.9195,34.4863,192.5495,0,,0.9475,5
ERR3586787,3.074,-16.8084,59.5043,28.2729,21.9195,34.4863,192.5495,0,,0.9475,5
ERR3586788,2.034,-16.8084,59.5043,28.2729,21.9195,34.4863,192.5495,0,,0.9475,5
ERR3586789,21.218,-44.5913,-52.1804,13.506225,26.14055,34.80505,256.63475,2.810686,0.2253,2.487277,35
ERR3586790,28.118,-44.5913,-52.1804,13.506225,26.14055,34.80505,256.63475,2.810686,0.2253,2.487277,35
ERR3586791,20.928,-44.5913,-52.1804,13.506225,26.14055,34.80505,256.63475,2.810686,0.2253,2.487277,35
ERR3586792,22.73,-44.5913,-52.1804,13.506225,26.14055,34.80505,256.63475,2.810686,0.2253,2.487277,35
ERR3586793,21.462,6.6112,-153.0543,28.308435,22.14902,34.798985,183.1609,0,0.13164,1.683812,85
ERR3586794,28.62,6.6112,-153.0543,28.308435,22.14902,34.798985,183.1609,0,0.13164,1.683812,85
ERR3586795,34.511,6.6112,-153.0543,28.308435,22.14902,34.798985,183.1609,0,0.13164,1.683812,85
ERR3586796,29.91,6.6112,-153.0543,28.308435,22.14902,34.798985,183.1609,0,0.13164,1.683812,85
ERR3586797,23.168,31.5168,-159.046,15.321075,25.4389,34.39568,222.94125,0,0.07992,1.910665,115
ERR3586798,17.759,31.5168,-159.046,15.321075,25.4389,34.39568,222.94125,0,0.07992,1.910665,115
ERR3586799,22.145,31.5168,-159.046,15.321075,25.4389,34.39568,222.94125,0,0.07992,1.910665,115
ERR3586800,20.542,31.5168,-159.046,15.321075,25.4389,34.39568,222.94125,0,0.07992,1.910665,115
ERR3586801,38.955,35.3671,-127.7422,19.24802,23.48431,33.07013,223.159,0,0.03084,1.791365,5
ERR3586802,41.417,35.3671,-127.7422,19.24802,23.48431,33.07013,223.159,0,0.03084,1.791365,5
ERR3586803,49.364,35.3671,-127.7422,19.24802,23.48431,33.07013,223.159,0,0.03084,1.791365,5
ERR3586804,41.128,35.3671,-127.7422,19.24802,23.48431,33.07013,223.159,0,0.03084,1.791365,5
ERR3586805,34.663,32.7526,-122.0013,17.46236,24.22939,33.468295,226.8945,0,0.16416,2.173314,5
ERR3586806,32.736,32.7526,-122.0013,17.46236,24.22939,33.468295,226.8945,0,0.16416,2.173314,5
ERR3586807,31.306,32.7526,-122.0013,17.46236,24.22939,33.468295,226.8945,0,0.16416,2.173314,5
ERR3586808,37.987,32.7526,-122.0013,17.46236,24.22939,33.468295,226.8945,0,0.16416,2.173314,5
ERR3586809,37.358,32.9986,-121.7698,17.46236,24.22939,33.468295,226.8945,0,0.16416,2.173314,5
ERR3586810,39.419,32.9986,-121.7698,17.46236,24.22939,33.468295,226.8945,0,0.16416,2.173314,5
ERR3586811,38.942,32.9986,-121.7698,17.46236,24.22939,33.468295,226.8945,0,0.16416,2.173314,5
ERR3586812,41.953,32.9986,-121.7698,17.46236,24.22939,33.468295,226.8945,0,0.16416,2.173314,5
ERR3586813,26.505,32.931,-121.8645,16.2703,24.46531,33.417845,226.2744,0.065956,0.19488,2.413609,30
ERR3586814,23.32,32.931,-121.8645,16.2703,24.46531,33.417845,226.2744,0.065956,0.19488,2.413609,30
ERR3586815,24.007,32.931,-121.8645,16.2703,24.46531,33.417845,226.2744,0.065956,0.19488,2.413609,30
ERR3586816,26.68,32.931,-121.8645,16.2703,24.46531,33.417845,226.2744,0.065956,0.19488,2.413609,30
ERR3586817,33.476,17.0854,-118.8913,24.612275,23.0995,34.524725,201.518375,0,0.0717,1.639171,5
ERR3586818,36.203,17.0854,-118.8913,24.612275,23.0995,34.524725,201.518375,0,0.0717,1.639171,5
ERR3586819,38.1,17.0854,-118.8913,24.612275,23.0995,34.524725,201.518375,0,0.0717,1.639171,5
ERR3586820,32.747,17.0854,-118.8913,24.612275,23.0995,34.524725,201.518375,0,0.0717,1.639171,5
ERR3586821,23.8,6.4998,-94.9527,26.396617,21.557358,33.205433,183.942,2.969288,0.248,1.908432,5
ERR3586822,21.722,6.4998,-94.9527,26.396617,21.557358,33.205433,183.942,2.969288,0.248,1.908432,5
ERR3586823,23.22,6.4998,-94.9527,26.396617,21.557358,33.205433,183.942,2.969288,0.248,1.908432,5
ERR3586824,16.009,6.4998,-94.9527,26.396617,21.557358,33.205433,183.942,2.969288,0.248,1.908432,5
ERR3586825,38.696,7.4122,-79.3017,26.555663,18.28625,28.922675,205.411,0,0.0186,1.782691,5
ERR3586826,41.18,7.4122,-79.3017,26.555663,18.28625,28.922675,205.411,0,0.0186,1.782691,5
ERR3586827,39.378,7.4122,-79.3017,26.555663,18.28625,28.922675,205.411,0,0.0186,1.782691,5
ERR3586828,37.644,7.4122,-79.3017,26.555663,18.28625,28.922675,205.411,0,0.0186,1.782691,5
ERR3586829,8.893,43.7056,-16.8794,14.29128,26.89311,35.992515,241.1573,3.283695,0.09816,1.948381,25
ERR3586830,12.007,43.7056,-16.8794,14.29128,26.89311,35.992515,241.1573,3.283695,0.09816,1.948381,25
ERR3586831,15.979,43.7056,-16.8794,14.29128,26.89311,35.992515,241.1573,3.283695,0.09816,1.948381,25
ERR3586832,13.394,43.7056,-16.8794,14.29128,26.89311,35.992515,241.1573,3.283695,0.09816,1.948381,25
ERR3586834,51.072,22.7598,-157.9568,26.275305,23.153445,35.27298,194.93045,0,0,1.322836,5
ERR3586835,53.067,22.7598,-157.9568,26.275305,23.153445,35.27298,194.93045,0,0,1.322836,5
ERR3586836,59.231,22.7598,-157.9568,26.275305,23.153445,35.27298,194.93045,0,0,1.322836,5
ERR3586837,50.503,22.7598,-157.9568,26.275305,23.153445,35.27298,194.93045,0,0,1.322836,5
ERR3586838,50.109,22.7598,-157.9568,26.275305,23.153445,35.27298,194.93045,0,0,1.322836,5
ERR3586839,54.87,22.7598,-157.9568,26.275305,23.153445,35.27298,194.93045,0,0,1.322836,5
ERR3586840,23.284,22.7901,-157.9439,22.3077,24.36847,35.305705,204.16885,0,0.04584,1.672468,110
ERR3586841,19.82,22.7901,-157.9439,22.3077,24.36847,35.305705,204.16885,0,0.04584,1.672468,110
ERR3586842,21.852,22.7901,-157.9439,22.3077,24.36847,35.305705,204.16885,0,0.04584,1.672468,110
ERR3586843,31.486,22.7901,-157.9439,22.3077,24.36847,35.305705,204.16885,0,0.04584,1.672468,110
ERR3586844,23.575,22.7901,-157.9439,22.3077,24.36847,35.305705,204.16885,0,0.04584,1.672468,110
ERR3586845,27.92,22.7901,-157.9439,22.3077,24.36847,35.305705,204.16885,0,0.04584,1.672468,110
ERR3586846,42.472,22.7546,-158.0067,4.663706,27.129662,34.254006,22.28975,37.060557,-0.0018,3.570392,746
ERR3586847,31.285,22.7546,-158.0067,4.663706,27.129662,34.254006,22.28975,37.060557,-0.0018,3.570392,746
ERR3586848,42.252,22.7546,-158.0067,4.663706,27.129662,34.254006,22.28975,37.060557,-0.0018,3.570392,746
ERR3586849,39.904,22.7546,-158.0067,4.663706,27.129662,34.254006,22.28975,37.060557,-0.0018,3.570392,746
ERR3586850,28.515,22.7546,-158.0067,4.663706,27.129662,34.254006,22.28975,37.060557,-0.0018,3.570392,746
ERR3586851,36.348,22.7546,-158.0067,4.663706,27.129662,34.254006,22.28975,37.060557,-0.0018,3.570392,746
ERR3586852,77.515,31.528,-159.0224,6.634392,26.6805,33.991383,131.979417,28.302949,-0.0024,3.06763,550
ERR3586853,85.201,31.528,-159.0224,6.634392,26.6805,33.991383,131.979417,28.302949,-0.0024,3.06763,550
ERR3586854,86.883,31.528,-159.0224,6.634392,26.6805,33.991383,131.979417,28.302949,-0.0024,3.06763,550
ERR3586855,88.452,31.528,-159.0224,6.634392,26.6805,33.991383,131.979417,28.302949,-0.0024,3.06763,550
ERR3586856,97.55,31.528,-159.0224,6.634392,26.6805,33.991383,131.979417,28.302949,-0.0024,3.06763,550
ERR3586857,84.771,31.528,-159.0224,6.634392,26.6805,33.991383,131.979417,28.302949,-0.0024,3.06763,550
ERR3586858,34.263,29.6394,-79.5395,24.812165,24.32047,36.21913,194.6794,0.492301,0.036,1.716812,5
ERR3586859,35.753,29.6394,-79.5395,24.812165,24.32047,36.21913,194.6794,0.492301,0.036,1.716812,5
ERR3586860,31.123,29.6394,-79.5395,24.812165,24.32047,36.21913,194.6794,0.492301,0.036,1.716812,5
ERR3586861,32.794,29.6394,-79.5395,24.812165,24.32047,36.21913,194.6794,0.492301,0.036,1.716812,5
ERR3586862,35.135,29.6394,-79.5395,24.812165,24.32047,36.21913,194.6794,0.492301,0.036,1.716812,5
ERR3586863,32.455,29.6394,-79.5395,24.812165,24.32047,36.21913,194.6794,0.492301,0.036,1.716812,5
ERR3586864,37.069,29.6394,-79.5395,24.812165,24.32047,36.21913,194.6794,0.492301,0.036,1.716812,5
ERR3586865,36.353,29.6394,-79.5395,24.812165,24.32047,36.21913,194.6794,0.492301,0.036,1.716812,5
ERR3586866,7.991,36.3698,-72.9669,22.939295,25.00969,36.39483,199.80685,1.037244,0.06012,1.830372,5
ERR3586867,6.542,36.3698,-72.9669,22.939295,25.00969,36.39483,199.80685,1.037244,0.06012,1.830372,5
ERR3586868,8.412,36.3698,-72.9669,22.939295,25.00969,36.39483,199.80685,1.037244,0.06012,1.830372,5
ERR3586869,10.437,36.3698,-72.9669,22.939295,25.00969,36.39483,199.80685,1.037244,0.06012,1.830372,5
ERR3586870,8.404,36.3698,-72.9669,22.939295,25.00969,36.39483,199.80685,1.037244,0.06012,1.830372,5
ERR3586871,10.106,36.3698,-72.9669,22.939295,25.00969,36.39483,199.80685,1.037244,0.06012,1.830372,5
ERR3586872,13.604,36.3698,-72.9669,22.939295,25.00969,36.39483,199.80685,1.037244,0.06012,1.830372,5
ERR3586873,7.12,36.3698,-72.9669,22.939295,25.00969,36.39483,199.80685,1.037244,0.06012,1.830372,5
ERR3586890,24.31,-29.7238,-101.1604,23.84533,24.269535,35.76868,204.54175,0.149932,-0.00432,1.521211,5
ERR3586891,27.866,-29.668,-101.2285,18.12644,25.50222,35.33263,220.19105,0,0.087,1.847651,155
ERR3586892,25.656,-28.1698,-107.3833,24.716415,24.22107,36.049015,200.81125,0.107906,-0.00144,1.510773,5
ERR3586893,34.328,-28.1762,-107.4021,12.677925,26.130906,34.568237,196.39225,10.430143,-0.00432,2.168405,310
ERR3586894,32.261,-28.1874,-107.6385,18.478415,25.49114,35.42905,214.770062,0.349581,0.07077,1.824504,175
ERR3586895,17.125,-25.8051,-111.7202,25.18103,24.346275,36.40163,200.40835,0,-0.0072,1.457396,5
ERR3586896,17.023,-25.826,-111.7294,20.2127,25.37245,35.86191,208.821,0,0.04656,1.795236,188
ERR3586897,2.101,-25.8076,-111.6906,7.96837,26.78725,34.3655,154.6701,24.271551,-0.00072,2.58324,488
ERR3586898,26.313,-21.146,-104.787,23.88925,24.5391,36.1376,203.37975,0,0,1.490169,5
ERR3586899,14.316,-2.0133,-84.589,23.88816,23.68419,35.012435,191.91255,8.074076,0.11724,1.970432,5
ERR3586900,32.639,-1.8902,-84.6141,10.082375,26.748625,34.747805,2.43975,26.734022,0.00144,3.401892,380
ERR3586901,23.128,-23.2811,-129.3947,24.26287,24.65312,36.43917,201.6702,0.167491,0,1.496493,5
ERR3586902,18,-23.2189,-129.4997,21.94937,24.927695,35.90434,206.4346,0.423501,0.06888,1.745449,155
ERR3586903,38.406,31.5213,-158.9958,25.164595,23.434915,35.19025,197.7245,0,-0.00288,1.397096,5
ERR3586904,41.694,31.5213,-158.9958,25.164595,23.434915,35.19025,197.7245,0,-0.00288,1.397096,5
ERR3586905,40.593,31.5213,-158.9958,25.164595,23.434915,35.19025,197.7245,0,-0.00288,1.397096,5
ERR3586906,36.852,31.5213,-158.9958,25.164595,23.434915,35.19025,197.7245,0,-0.00288,1.397096,5
ERR3586907,34.024,31.5213,-158.9958,25.164595,23.434915,35.19025,197.7245,0,-0.00288,1.397096,5
ERR3586908,43.382,31.5213,-158.9958,25.164595,23.434915,35.19025,197.7245,0,-0.00288,1.397096,5
ERR3586909,42.804,31.5213,-158.9958,25.164595,23.434915,35.19025,197.7245,0,-0.00288,1.397096,5
ERR3586910,29.121,31.5213,-158.9958,25.164595,23.434915,35.19025,197.7245,0,-0.00288,1.397096,5
ERR3586911,22.056,35.4002,-127.7499,13.874505,24.82737,33.208145,236.1591,1.185394,0.37077,2.683702,45
ERR3586912,25.302,35.4002,-127.7499,13.874505,24.82737,33.208145,236.1591,1.185394,0.37077,2.683702,45
ERR3586913,22.084,35.4002,-127.7499,13.874505,24.82737,33.208145,236.1591,1.185394,0.37077,2.683702,45
ERR3586914,28.144,35.4002,-127.7499,13.874505,24.82737,33.208145,236.1591,1.185394,0.37077,2.683702,45
ERR3586915,21.108,35.4002,-127.7499,13.874505,24.82737,33.208145,236.1591,1.185394,0.37077,2.683702,45
ERR3586916,31.082,35.4002,-127.7499,13.874505,24.82737,33.208145,236.1591,1.185394,0.37077,2.683702,45
ERR3586917,28.051,35.4002,-127.7499,13.874505,24.82737,33.208145,236.1591,1.185394,0.37077,2.683702,45
ERR3586918,24.428,35.4002,-127.7499,13.874505,24.82737,33.208145,236.1591,1.185394,0.37077,2.683702,45
ERR3586919,28.177,9.8481,-80.0454,27.1673,22.518037,34.80515,195.502875,0,0.0183,1.82175,5
ERR3586920,23.094,9.8481,-80.0454,27.1673,22.518037,34.80515,195.502875,0,0.0183,1.82175,5
ERR3586921,24.295,9.8481,-80.0454,27.1673,22.518037,34.80515,195.502875,0,0.0183,1.82175,5
ERR3586922,26.945,9.8481,-80.0454,27.1673,22.518037,34.80515,195.502875,0,0.0183,1.82175,5
ERR3586923,22.772,9.8481,-80.0454,27.1673,22.518037,34.80515,195.502875,0,0.0183,1.82175,5
ERR3586924,25.948,9.8481,-80.0454,27.1673,22.518037,34.80515,195.502875,0,0.0183,1.82175,5
ERR3586925,28.546,9.8481,-80.0454,27.1673,22.518037,34.80515,195.502875,0,0.0183,1.82175,5
ERR3586926,21.635,9.8481,-80.0454,27.1673,22.518037,34.80515,195.502875,0,0.0183,1.82175,5
ERR3586927,39.403,25.5264,-88.394,24.98456,24.236425,36.177285,195.54125,0,0.05556,1.604851,5
ERR3586928,34.588,25.5264,-88.394,24.98456,24.236425,36.177285,195.54125,0,0.05556,1.604851,5
ERR3586929,40.771,25.5264,-88.394,24.98456,24.236425,36.177285,195.54125,0,0.05556,1.604851,5
ERR3586930,40.524,25.5264,-88.394,24.98456,24.236425,36.177285,195.54125,0,0.05556,1.604851,5
ERR3586931,38.17,25.5264,-88.394,24.98456,24.236425,36.177285,195.54125,0,0.05556,1.604851,5
ERR3586932,36.801,25.5264,-88.394,24.98456,24.236425,36.177285,195.54125,0,0.05556,1.604851,5
ERR3586933,36.658,25.5264,-88.394,24.98456,24.236425,36.177285,195.54125,0,0.05556,1.604851,5
ERR3586934,40.577,25.5264,-88.394,24.98456,24.236425,36.177285,195.54125,0,0.05556,1.604851,5
ERR3586935,15.419,17.4825,67.9869,27.52689,23.67319,36.49243,193.29565,0,0.02328,1.142,25
ERR3586936,30.673,-0.6625,73.161,30.12475,21.76745,35.1113,185.755,0.436989,0.048,0.93875,5
ERR3586937,25.717,-21.4966,56.9011,27.5493,22.503855,34.949725,194.3573,0.583605,0.00288,0.938625,5
ERR3586938,32.422,-13.0833,46.971,28.9154,22.0233,34.9076,193.59375,0.532471,0.0222,1.03875,5
ERR3586939,12.957,-12.807,45.2247,29.305763,21.934312,34.96295,189.6795,,0.0294,1.0225,5
ERR3586940,47.981,-32.2401,17.7103,13.04322,26.28407,34.870735,252.63145,1.264607,1.20489,4.093218,5
ERR3586941,29.493,-20.4091,-3.1759,19.77001,25.859525,36.35839,215.2007,1.763081,0.0456,2.071928,5
ERR3586942,23.978,-20.4075,-3.1641,4.188237,27.333325,34.446963,161.92525,36.675625,-0.00495,3.251941,800
ERR3586943,64.945,-9.3,-9.5587,23.8044,24.737612,36.37005,201.167125,0,0.0516,1.876613,5
ERR3586944,54.832,-8.7789,-17.9099,25.064425,24.393095,36.41678,199.135,0.416799,0.00864,1.77348,5
ERR3586945,23.739,-8.7296,-17.9604,23.630095,24.96531,36.588225,190.5966,1.049606,0.16449,2.171779,100
ERR3586946,22.845,-21.0292,-35.3498,21.16596,25.68731,36.61951,200.32465,0.218613,0.039,1.931379,150
ERR3586947,13.569,-20.9315,-35.1794,4.664275,27.220344,34.369569,191.413187,33.940795,-0.0063,2.821232,800
ERR3586948,18.536,-44.5342,-52.455,13.6805,26.0944,34.793925,255.26575,2.439627,0.099,2.472372,5
ERR3586949,56.778,-54.3739,-65.1342,7.12605,26.02655,33.254213,294.22875,13.592516,0.1905,2.970999,5
ERR3586950,14.482,-64.3595,-53.0063,-0.494375,26.718162,33.254413,398.312125,19.563781,0.0366,2.58757,5
ERR3586951,20.331,-64.3183,-53.1081,-1.6387,27.459625,34.118125,319.747,29.241873,1.7547,2.624748,35
ERR3586952,630.232,-63.8768,-56.0916,-0.27325,27.474675,34.2014,392.56,,10.5333,,5
ERR3586953,45.503,-39.6466,-76.9634,17.02685,24.63845,33.866475,234.16575,,1.3686,,5
ERR3586954,37.922,-34.161,-73.0995,17.6085,24.8933,34.3805,229.394,,1.55535,,5
ERR3586955,50.699,-33.6895,-71.998,15.912325,25.30165,34.3948,245.3235,,4.9071,,9
ERR3586956,54.941,-34.0614,-73.1066,18.122955,24.71804,34.31598,243.0408,0,0.13782,2.590248,5
ERR3586957,50.085,-33.9116,-73.0537,15.376875,25.294705,34.22887,227.7609,2.295011,0.55254,3.63327,35
ERR3586958,16.864,-0.0283,-84.5862,25.702575,22.76179,34.51722,194.915,6.047064,0.12024,1.88776,5
ERR3586959,29.613,0.0307,-84.612,23.45048,23.595275,34.72394,165.2702,8.276054,0.1677,2.11443,40
ERR3586960,30.37,0.0063,-84.585,10.222825,26.725515,34.748925,5.03365,36.80312,0,3.342139,380
ERR3586961,33.183,27.16,34.835,25.0281,27.086225,39.96035,189.91675,0,0,1.054375,5
ERR3586962,28.943,21.9467,38.2517,27.3097,25.59125,38.9435,183.589125,0.253501,0.0369,1.2825,5
ERR3586963,24.592,17.5294,67.9576,27.584135,23.453275,36.22668,192.986,0,0.02076,1.15425,5
ERR3586967,51.377,17.4855,68.0247,15.070405,26.665425,35.90477,2.94605,19.610971,0.00216,2.685375,285
ERR3586968,28.648,6.0001,73.8955,30.12785,21.358942,34.56775,188.79575,0,0,0.966875,5
ERR3586969,21.645,5.9998,73.9067,27.9561,22.474092,35.044342,137.998083,0,0.1503,1.42,80
ERR3586970,26.566,4.6599,73.4856,29.938975,21.37115,34.493275,190.26525,0,0.0732,1.0525,5
ERR3586971,34.045,2.815,71.534,30.520165,21.576255,35.04006,187.75135,0,0,0.97225,5
ERR3586972,27.874,-21.5043,54.3563,27.488383,22.516108,34.939958,194.433917,0.532471,0,0.875,5
ERR3586973,24.589,-31.0266,4.665,16.8632,26.07437,35.686585,234.4763,1.103865,0.19332,1.951133,5
ERR3586974,26.711,-31.027,4.6802,16.74878,26.101325,35.68407,231.9774,0.904785,0.27246,2.011787,50
ERR3586975,26.669,-30.1484,-43.2705,19.32335,25.920365,36.27746,216.6547,0.085111,0.08856,1.943116,120
ERR3586976,121.56,-40.6511,-52.182,19.93457,25.25528,35.622685,222.4663,0,0.04392,2.129288,5
ERR3586977,945.548,-63.4015,-56.7938,-0.763425,27.683625,34.43205,335.243,,1.7202,,5
ERR3586978,12.427,-57.7338,-67.1084,5.8264,26.8197,34.0449,289.726,,2.028,,5
ERR3586979,22.986,-6.6499,-152.4243,27.067715,23.00702,35.41223,188.4359,5.064634,0.09396,1.607691,5
ERR3586980,19.692,3e-04,-153.6759,26.218438,23.062688,35.129025,180.67375,2.964091,0.1431,1.682422,5
ERR3586981,41.706,0.0222,-153.6858,26.139288,23.1032,35.146525,177.673063,3.000673,0.21615,1.708381,40
ERR3586982,36.57,17.0854,-118.8913,24.612275,23.0995,34.524725,201.518375,0,0.0717,1.639171,5
ERR3586983,29.081,35.8427,-37.1526,17.585567,26.360683,36.285033,229.097917,0.61356,0.1418,1.79022,40
ERR3586984,20.766,43.6792,-16.8344,14.31675,26.88634,35.99167,242.8405,3.209219,0.12096,1.931107,5
ERR3586985,26.61,40.0154,13.9069,20.0737,26.918825,37.851,246.40525,,0.132,,5
ERR3586986,23.943,37.4956,15.4945,20.858567,26.929367,38.144833,208.725167,,0.0172,1.183333,5
ERR3586987,7.414,35.759,14.2574,21.48665,26.565263,37.89575,208.245,,0.0018,1.091875,5
ERR3586988,28.113,34.2116,13.7684,21.8213,26.866075,38.414625,233.87875,,0.0219,,5
ERR3586989,23.593,39.5705,17.4101,16.974267,27.797967,37.963867,221.551583,,0.0892,1.646667,30
ERR3586990,13.006,39.3991,19.3997,15.181967,28.626442,38.489083,229.908917,,0.06,1.845,50
ERR3586991,37.158,17.0854,-118.8913,24.612275,23.0995,34.524725,201.518375,0,0.0717,1.639171,5
ERR3586992,16.615,17.4825,67.9869,27.52689,23.67319,36.49243,193.29565,0,0.02328,1.142,25
ERR3586993,37.276,-0.6625,73.161,30.12475,21.76745,35.1113,185.755,0.436989,0.048,0.93875,5
ERR3586994,19.305,-16.8084,59.5043,28.2729,21.9195,34.4863,192.5495,0,,0.9475,5
ERR3586995,24.181,-21.4966,56.9011,27.5493,22.503855,34.949725,194.3573,0.583605,0.00288,0.938625,5
ERR3586996,41.929,-32.2401,17.7103,13.04322,26.28407,34.870735,252.63145,1.264607,1.20489,4.093218,5
ERR3586997,26.164,-44.5913,-52.1804,13.506225,26.14055,34.80505,256.63475,2.810686,0.2253,2.487277,35
ERR3586998,64.922,-54.3739,-65.1342,7.12605,26.02655,33.254213,294.22875,13.592516,0.1905,2.970999,5
ERR3586999,15.728,-64.3595,-53.0063,-0.494375,26.718162,33.254413,398.312125,19.563781,0.0366,2.58757,5
ERR3587000,584.478,-63.8768,-56.0916,-0.27325,27.474675,34.2014,392.56,,10.5333,,5
ERR3587001,43.555,35.3671,-127.7422,19.24802,23.48431,33.07013,223.159,0,0.03084,1.791365,5
ERR3587002,27.468,32.931,-121.8645,16.2703,24.46531,33.417845,226.2744,0.065956,0.19488,2.413609,30
ERR3587003,19.774,6.4998,-94.9527,26.396617,21.557358,33.205433,183.942,2.969288,0.248,1.908432,5
ERR3587004,23.107,-21.146,-104.787,23.88925,24.5391,36.1376,203.37975,0,0,1.490169,5
ERR3587005,20.536,-0.0283,-84.5862,25.702575,22.76179,34.51722,194.915,6.047064,0.12024,1.88776,5
ERR3587006,6.805,0.0063,-84.585,10.222825,26.725515,34.748925,5.03365,36.80312,0,3.342139,380
ERR3587007,22.145,-2.0133,-84.589,23.88816,23.68419,35.012435,191.91255,8.074076,0.11724,1.970432,5
ERR3587008,22.443,-1.9002,-84.6265,22.039785,24.318245,35.112815,145.0818,10.202445,0.21402,2.184041,50
ERR3587009,13.722,-23.2811,-129.3947,24.26287,24.65312,36.43917,201.6702,0.167491,0,1.496493,5
ERR3587010,14.424,-23.2189,-129.4997,21.94937,24.927695,35.90434,206.4346,0.423501,0.06888,1.745449,155
ERR3587011,16.382,-23.1108,-134.9327,23.791125,24.851175,36.51495,202.996,0,0.0438,1.910882,5
ERR3587012,10.851,-6.628,-152.4607,26.960655,23.123355,35.511855,184.1395,4.30006,0.09978,1.70088,100
ERR3587013,12.054,6.671,-153.0658,28.29544,22.10997,34.74947,185.28475,0,0.08916,1.600104,5
ERR3587014,30.165,6.6112,-153.0543,28.308435,22.14902,34.798985,183.1609,0,0.13164,1.683812,85
ERR3587015,52.448,22.7598,-157.9568,26.275305,23.153445,35.27298,194.93045,0,0,1.322836,5
ERR3587016,22.763,22.7901,-157.9439,22.3077,24.36847,35.305705,204.16885,0,0.04584,1.672468,110
ERR3587017,27.708,22.7546,-158.0067,4.663706,27.129662,34.254006,22.28975,37.060557,-0.0018,3.570392,746
ERR3587018,36.059,31.5213,-158.9958,25.164595,23.434915,35.19025,197.7245,0,-0.00288,1.397096,5
ERR3587019,24.984,31.5168,-159.046,15.321075,25.4389,34.39568,222.94125,0,0.07992,1.910665,115
ERR3587020,67.966,31.528,-159.0224,6.634392,26.6805,33.991383,131.979417,28.302949,-0.0024,3.06763,550
ERR3587021,25.155,35.4002,-127.7499,13.874505,24.82737,33.208145,236.1591,1.185394,0.37077,2.683702,45
ERR3587022,26.596,9.8481,-80.0454,27.1673,22.518037,34.80515,195.502875,0,0.0183,1.82175,5
ERR3587023,36.179,25.5264,-88.394,24.98456,24.236425,36.177285,195.54125,0,0.05556,1.604851,5
ERR3587024,23.885,25.6168,-88.4532,24.961605,24.25287,36.17927,193.38225,0,0.04617,1.681699,125
ERR3587025,5.244,25.6236,-88.45,9.735075,27.13905,35.165212,108.231313,31.001404,-9e-04,2.638681,640
ERR3587026,35.199,29.6394,-79.5395,24.812165,24.32047,36.21913,194.6794,0.492301,0.036,1.716812,5
ERR3587027,42.726,29.851,-79.7064,24.82846,24.319345,36.22118,194.382,0.580043,0.04314,1.698639,40
ERR3587028,0,36.3698,-72.9669,22.939295,25.00969,36.39483,199.80685,1.037244,0.06012,1.830372,5
ERR3587029,0,39.2392,-70.0343,5.004169,27.649883,34.963392,232.660562,19.964889,-0.0072,2.860482,590
ERR3587030,27.731,36.1811,-28.9373,16.74703,26.48531,36.182395,228.11655,1.005795,0.08652,1.900875,80
ERR3587031,21.812,43.7056,-16.8794,14.29128,26.89311,35.992515,241.1573,3.283695,0.09816,1.948381,25
ERR3587035,18.665,17.4825,67.9869,27.52689,23.67319,36.49243,193.29565,0,0.02328,1.142,25
ERR3587037,41.944,-0.6625,73.161,30.12475,21.76745,35.1113,185.755,0.436989,0.048,0.93875,5
ERR3587038,18.345,-16.8084,59.5043,28.2729,21.9195,34.4863,192.5495,0,,0.9475,5
ERR3587039,24.224,-21.4966,56.9011,27.5493,22.503855,34.949725,194.3573,0.583605,0.00288,0.938625,5
ERR3587040,27.658,-21.5043,54.3563,27.488383,22.516108,34.939958,194.433917,0.532471,0,0.875,5
ERR3587041,31.477,-13.0833,46.971,28.9154,22.0233,34.9076,193.59375,0.532471,0.0222,1.03875,5
ERR3587042,13.167,-12.807,45.2247,29.305763,21.934312,34.96295,189.6795,,0.0294,1.0225,5
ERR3587043,48.901,-32.2401,17.7103,13.04322,26.28407,34.870735,252.63145,1.264607,1.20489,4.093218,5
ERR3587044,29.818,-20.4091,-3.1759,19.77001,25.859525,36.35839,215.2007,1.763081,0.0456,2.071928,5
ERR3587045,0,-20.4075,-3.1641,4.188237,27.333325,34.446963,161.92525,36.675625,-0.00495,3.251941,800
ERR3587046,60.074,-9.3,-9.5587,23.8044,24.737612,36.37005,201.167125,0,0.0516,1.876613,5
ERR3587047,57.741,-8.7789,-17.9099,25.064425,24.393095,36.41678,199.135,0.416799,0.00864,1.77348,5
ERR3587048,22.021,-8.7296,-17.9604,23.630095,24.96531,36.588225,190.5966,1.049606,0.16449,2.171779,100
ERR3587049,25.559,-21.0292,-35.3498,21.16596,25.68731,36.61951,200.32465,0.218613,0.039,1.931379,150
ERR3587050,11.282,-20.9315,-35.1794,4.664275,27.220344,34.369569,191.413187,33.940795,-0.0063,2.821232,800
ERR3587051,21.296,-44.5342,-52.455,13.6805,26.0944,34.793925,255.26575,2.439627,0.099,2.472372,5
ERR3587052,24.922,-44.5913,-52.1804,13.506225,26.14055,34.80505,256.63475,2.810686,0.2253,2.487277,35
ERR3587053,65.602,-54.3739,-65.1342,7.12605,26.02655,33.254213,294.22875,13.592516,0.1905,2.970999,5
ERR3587054,17.596,-64.3595,-53.0063,-0.494375,26.718162,33.254413,398.312125,19.563781,0.0366,2.58757,5
ERR3587055,23.052,-64.3183,-53.1081,-1.6387,27.459625,34.118125,319.747,29.241873,1.7547,2.624748,35
ERR3587056,585.108,-63.8768,-56.0916,-0.27325,27.474675,34.2014,392.56,,10.5333,,5
ERR3587057,45.489,-39.6466,-76.9634,17.02685,24.63845,33.866475,234.16575,,1.3686,,5
ERR3587058,44.838,-34.161,-73.0995,17.6085,24.8933,34.3805,229.394,,1.55535,,5
ERR3587059,48.878,-33.6895,-71.998,15.912325,25.30165,34.3948,245.3235,,4.9071,,9
ERR3587060,56.951,-34.0614,-73.1066,18.122955,24.71804,34.31598,243.0408,0,0.13782,2.590248,5
ERR3587061,47.328,-33.9116,-73.0537,15.376875,25.294705,34.22887,227.7609,2.295011,0.55254,3.63327,35
ERR3587062,20.845,-29.7238,-101.1604,23.84533,24.269535,35.76868,204.54175,0.149932,-0.00432,1.521211,5
ERR3587063,32.067,-29.668,-101.2285,18.12644,25.50222,35.33263,220.19105,0,0.087,1.847651,155
ERR3587064,30.258,-28.1698,-107.3833,24.716415,24.22107,36.049015,200.81125,0.107906,-0.00144,1.510773,5
ERR3587065,23.159,-28.1762,-107.4021,12.677925,26.130906,34.568237,196.39225,10.430143,-0.00432,2.168405,310
ERR3587066,21.405,-28.1874,-107.6385,18.478415,25.49114,35.42905,214.770062,0.349581,0.07077,1.824504,175
ERR3587067,12.516,-25.8051,-111.7202,25.18103,24.346275,36.40163,200.40835,0,-0.0072,1.457396,5
ERR3587068,15.542,-25.826,-111.7294,20.2127,25.37245,35.86191,208.821,0,0.04656,1.795236,188
ERR3587069,0,-25.8076,-111.6906,7.96837,26.78725,34.3655,154.6701,24.271551,-0.00072,2.58324,488
ERR3587070,32.081,0.0307,-84.612,23.45048,23.595275,34.72394,165.2702,8.276054,0.1677,2.11443,40
ERR3587071,43.381,-1.8902,-84.6141,10.082375,26.748625,34.747805,2.43975,26.734022,0.00144,3.401892,380
ERR3587072,50.23,35.3671,-127.7422,19.24802,23.48431,33.07013,223.159,0,0.03084,1.791365,5
ERR3587073,27.114,32.7526,-122.0013,17.46236,24.22939,33.468295,226.8945,0,0.16416,2.173314,5
ERR3587074,36.547,32.9986,-121.7698,17.46236,24.22939,33.468295,226.8945,0,0.16416,2.173314,5
ERR3587075,19.333,32.931,-121.8645,16.2703,24.46531,33.417845,226.2744,0.065956,0.19488,2.413609,30
ERR3587076,20.752,6.4998,-94.9527,26.396617,21.557358,33.205433,183.942,2.969288,0.248,1.908432,5
ERR3587077,59.551,7.4122,-79.3017,26.555663,18.28625,28.922675,205.411,0,0.0186,1.782691,5
ERR3587078,24.333,40.0154,13.9069,20.0737,26.918825,37.851,246.40525,,0.132,,5
ERR3587079,22.437,37.4956,15.4945,20.858567,26.929367,38.144833,208.725167,,0.0172,1.183333,5
ERR3587080,13.117,35.759,14.2574,21.48665,26.565263,37.89575,208.245,,0.0018,1.091875,5
ERR3587081,27.646,34.2116,13.7684,21.8213,26.866075,38.414625,233.87875,,0.0219,,5
ERR3587082,26.716,39.5705,17.4101,16.974267,27.797967,37.963867,221.551583,,0.0892,1.646667,30
ERR3587083,14.341,39.3991,19.3997,15.181967,28.626442,38.489083,229.908917,,0.06,1.845,50
ERR3587084,35.653,27.16,34.835,25.0281,27.086225,39.96035,189.91675,0,0,1.054375,5
ERR3587085,45.049,23.36,37.2183,25.811708,26.698217,39.7709,188.341917,0.279747,0.0024,1.11375,5
ERR3587086,31.37,21.9467,38.2517,27.3097,25.59125,38.9435,183.589125,0.253501,0.0369,1.2825,5
ERR3587087,20.406,17.5294,67.9576,27.584135,23.453275,36.22668,192.986,0,0.02076,1.15425,5
ERR3587090,46.597,17.4855,68.0247,15.070405,26.665425,35.90477,2.94605,19.610971,0.00216,2.685375,285
ERR3587091,23.455,6.0001,73.8955,30.12785,21.358942,34.56775,188.79575,0,0,0.966875,5
ERR3587092,18.693,5.9998,73.9067,27.9561,22.474092,35.044342,137.998083,0,0.1503,1.42,80
ERR3587093,24.507,4.6599,73.4856,29.938975,21.37115,34.493275,190.26525,0,0.0732,1.0525,5
ERR3587094,35.425,2.815,71.534,30.520165,21.576255,35.04006,187.75135,0,0,0.97225,5
ERR3587095,22.594,-31.0266,4.665,16.8632,26.07437,35.686585,234.4763,1.103865,0.19332,1.951133,5
ERR3587096,23.903,-31.027,4.6802,16.74878,26.101325,35.68407,231.9774,0.904785,0.27246,2.011787,50
ERR3587097,24.707,-30.1484,-43.2705,19.32335,25.920365,36.27746,216.6547,0.085111,0.08856,1.943116,120
ERR3587098,133.014,-40.6511,-52.182,19.93457,25.25528,35.622685,222.4663,0,0.04392,2.129288,5
ERR3587099,975.74,-63.4015,-56.7938,-0.763425,27.683625,34.43205,335.243,,1.7202,,5
ERR3587100,12.739,-57.7338,-67.1084,5.8264,26.8197,34.0449,289.726,,2.028,,5
ERR3587101,20.389,-6.6499,-152.4243,27.067715,23.00702,35.41223,188.4359,5.064634,0.09396,1.607691,5
ERR3587102,21.133,3e-04,-153.6759,26.218438,23.062688,35.129025,180.67375,2.964091,0.1431,1.682422,5
ERR3587103,47.578,0.0222,-153.6858,26.139288,23.1032,35.146525,177.673063,3.000673,0.21615,1.708381,40
ERR3587104,23.156,35.8427,-37.1526,17.585567,26.360683,36.285033,229.097917,0.61356,0.1418,1.79022,40
ERR3587105,23.409,43.6792,-16.8344,14.31675,26.88634,35.99167,242.8405,3.209219,0.12096,1.931107,5
ERR3587106,15.972,31.6948,-64.2489,20.481195,25.85157,36.596745,213.6889,1.009924,0.04404,1.674064,5
ERR3587107,5.181,34.1504,-56.9684,18.129194,26.450856,36.565812,192.246187,3.578039,-0.0063,2.077387,250
ERR3587108,12.724,34.1132,-49.9181,18.82554,26.146925,36.41274,220.9492,0.808032,0.08145,1.734471,5
ERR3587109,0.547,34.0771,-49.8233,10.496305,27.170345,35.369805,152.7195,20.172519,9e-04,2.634028,740
ERR3587110,12.394,35.9346,-37.3032,17.627142,26.349408,36.285292,229.368083,0.120853,0.0782,1.79022,5
ERR3587111,16.68,39.2305,-70.0377,13.993715,26.282555,35.12152,236.78925,5.013141,0.13044,2.515102,5
ERR3587112,14.542,14.2035,-116.6261,26.478605,22.01524,33.84798,195.77195,3.740793,0.1386,1.755806,5
ERR3587113,0.167,14.2025,-116.6433,8.887131,26.820475,34.5882,0.832313,35.049476,0,3.389521,375
ERR3587114,20.09,6.3378,-102.9538,17.291965,25.194555,34.664045,41.52515,25.65001,0.13926,2.388755,60
ERR3587115,0.407,6.3559,-103.0598,8.149894,26.951444,34.608919,1.013313,36.753654,0,3.439414,450
ERR3587116,28.562,6.3332,-102.9432,26.605515,21.72899,33.52041,196.2029,0.803918,0.00588,1.444322,5
ERR3587117,16.884,33.061,-66.5435,20.150733,25.923533,36.57475,213.352167,0.676878,0.0512,1.712959,5
ERR3587118,1.882,-5.261,-85.1678,9.137438,26.863531,34.692094,5.148,40.112735,0,3.478053,480
ERR3587119,18.436,-5.2529,-85.1545,24.958885,23.176695,34.764535,204.421,13.010708,0.16782,2.076027,5
ERR3587120,16.519,2.0299,-84.5546,26.019185,22.63355,34.475915,199.8303,4.369042,0.2808,2.048813,30
ERR3587121,8.896,1.9928,-84.5766,27.497475,21.408655,33.472445,199.6911,1.673601,0.16428,1.900753,5
ERR3587122,0,2.0649,-84.5546,11.142362,26.595869,34.791419,2.264562,33.049074,0,3.300821,380
ERR3587123,19.815,-16.9587,-100.6751,19.783275,25.354365,35.69581,208.54895,0.85366,0.12738,2.047239,90
ERR3587124,19.938,-16.9601,-100.6335,22.78183,24.742485,35.98269,209.1003,3.149999,0.0408,1.775215,5
ERR3587125,6.433,-9.0063,-139.1394,24.661385,24.2843,36.101175,178.3692,3.213808,0.11844,1.880646,115
ERR3587126,0,-8.9729,-139.2393,7.133995,27.07634,34.5789,40.6107,41.697487,-0.00144,3.112808,600
ERR3587127,0.659,-8.9109,-140.2845,21.97372,24.895825,35.877315,158.18405,5.004597,-0.00582,1.955839,150
ERR3587128,16.524,-9.0714,-140.5973,24.81397,24.092785,35.907345,172.42475,4.148328,0.02364,1.908626,120
ERR3587129,1.297,-8.8999,-142.5461,23.681605,24.715135,36.28145,160.81445,3.583718,-0.00327,1.897657,140
ERR3587130,14.372,14.2075,-116.6468,20.58574,24.14088,34.366025,123.201,7.312792,0.33414,2.394612,40
ERR3587131,22.983,-2.0465,72.1568,30.15995,21.60515,34.91195,187.3595,0,0,0.855,5
ERR3587132,0,-16.957,53.9801,27.956483,22.067625,34.54545,191.628083,0.532471,0.0332,0.977083,5
ERR3587133,1.831,-16.9534,53.9601,25.212642,23.203642,34.896833,194.81775,0.532471,0.149,1.180417,75
ERR3587134,25.92,-20.9354,-35.1803,23.374825,25.40018,37.076575,206.23185,0.185971,-0.00072,1.636802,5
ERR3587135,34.462,-30.1367,-43.2899,20.07775,25.754115,36.32553,221.13845,0.025333,0.00144,1.674628,5
ERR3587136,6.105,-47.1863,-58.2902,7.579417,26.589567,34.05025,303.147667,18.434187,0.2258,2.128396,5
ERR3587137,9.761,-47.2007,-57.9446,7.154875,26.649733,34.05055,306.1555,18.047311,0.57815,2.133364,40
ERR3587138,12.577,-60.2287,-60.6476,1.9034,26.9578,33.7198,338.526,24.903191,0.0219,2.105012,5
ERR3587139,14.118,-62.0385,-49.529,0.73159,27.52175,34.327465,344.81235,29.73383,0.12516,2.220386,5
ERR3587140,16.068,-62.2231,-49.2139,-0.792395,27.6286,34.36258,326.6803,32.911358,0.22416,2.471241,90
ERR3587141,0.402,-12.9794,-96.0232,12.806365,26.3033,34.82775,3.4942,20.254424,6e-04,3.186315,177
ERR3587142,16.538,-12.9723,-96.0122,22.596675,24.5284,35.64227,216.67805,4.229206,0.18456,2.070398,50
ERR3587143,14.86,-13.0023,-95.9759,25.349495,23.86109,35.82876,201.0109,5.005302,0.10404,1.77889,5
ERR3587144,5.433,-5.2669,-85.2732,19.781235,24.729155,34.884385,104.9968,18.72477,0.33192,2.896974,40
ERR3587145,0,20.8457,63.5851,11.984006,27.130513,35.672725,2.81625,31.290804,0.00135,2.6925,600
ERR3587146,22.2,19.0351,64.5638,14.901445,26.787485,36.014205,2.9502,22.18992,0.00036,2.791,340
ERR3587147,19.256,18.5918,66.622,27.089113,23.677262,36.310588,193.065313,0,0.0258,1.188594,5
ERR3587148,21.496,18.7341,66.3896,15.553795,26.565675,35.907681,3.12405,18.560166,0.00144,2.75675,270
ERR3587149,36.941,14.6059,69.9776,29.151544,22.799819,36.0499,187.306625,0,0,0.965625,5
ERR3587150,9.917,14.5536,70.0128,27.374181,23.734719,36.503531,164.440063,0,0.098025,1.377813,60
ERR3587151,9.699,-9.0063,-139.1394,24.661385,24.2843,36.101175,178.3692,3.213808,0.11844,1.880646,115
ERR3587154,16.211,39.2305,-70.0377,13.993715,26.282555,35.12152,236.78925,5.013141,0.13044,2.515102,5
ERR3587155,25.734,19.0351,64.5638,14.901445,26.787485,36.014205,2.9502,22.18992,0.00036,2.791,340
ERR3587156,12.409,14.5536,70.0128,27.374181,23.734719,36.503531,164.440063,0,0.098025,1.377813,60
ERR3587157,0,-16.957,53.9801,27.956483,22.067625,34.54545,191.628083,0.532471,0.0332,0.977083,5
ERR3587158,1.335,-16.9534,53.9601,25.212642,23.203642,34.896833,194.81775,0.532471,0.149,1.180417,75
ERR3587159,0,-5.261,-85.1678,9.137438,26.863531,34.692094,5.148,40.112735,0,3.478053,480
ERR3587160,0,-8.9729,-139.2393,7.133995,27.07634,34.5789,40.6107,41.697487,-0.00144,3.112808,600
ERR3587161,0.472,-8.9109,-140.2845,21.97372,24.895825,35.877315,158.18405,5.004597,-0.00582,1.955839,150
ERR3587162,0,34.0771,-49.8233,10.496305,27.170345,35.369805,152.7195,20.172519,9e-04,2.634028,740
ERR3587163,0,20.8457,63.5851,11.984006,27.130513,35.672725,2.81625,31.290804,0.00135,2.6925,600
ERR3587164,0,14.2075,-116.6468,20.58574,24.14088,34.366025,123.201,7.312792,0.33414,2.394612,40
ERR3587165,22.447,-2.0465,72.1568,30.15995,21.60515,34.91195,187.3595,0,0,0.855,5
ERR3587166,0,6.3559,-103.0598,8.149894,26.951444,34.608919,1.013313,36.753654,0,3.439414,450
ERR3587167,9.048,31.6948,-64.2489,20.481195,25.85157,36.596745,213.6889,1.009924,0.04404,1.674064,5
ERR3587168,5.716,18.5918,66.622,27.089113,23.677262,36.310588,193.065313,0,0.0258,1.188594,5
ERR3587169,34.58,14.6059,69.9776,29.151544,22.799819,36.0499,187.306625,0,0,0.965625,5
ERR3587170,0.956,1.9928,-84.5766,27.497475,21.408655,33.472445,199.6911,1.673601,0.16428,1.900753,5
ERR3587171,20.143,-16.9601,-100.6335,22.78183,24.742485,35.98269,209.1003,3.149999,0.0408,1.775215,5
ERR3587172,0,-9.0063,-139.1394,24.661385,24.2843,36.101175,178.3692,3.213808,0.11844,1.880646,115
ERR3587173,14.444,-9.0714,-140.5973,24.81397,24.092785,35.907345,172.42475,4.148328,0.02364,1.908626,120
ERR3587174,0,-8.8999,-142.5461,23.681605,24.715135,36.28145,160.81445,3.583718,-0.00327,1.897657,140
ERR3587175,24.687,14.2035,-116.6261,26.478605,22.01524,33.84798,195.77195,3.740793,0.1386,1.755806,5
ERR3587176,0,14.2025,-116.6433,8.887131,26.820475,34.5882,0.832313,35.049476,0,3.389521,375
ERR3587177,9.79,6.3378,-102.9538,17.291965,25.194555,34.664045,41.52515,25.65001,0.13926,2.388755,60
ERR3587178,33.182,6.3332,-102.9432,26.605515,21.72899,33.52041,196.2029,0.803918,0.00588,1.444322,5
ERR3587179,6.612,33.061,-66.5435,20.150733,25.923533,36.57475,213.352167,0.676878,0.0512,1.712959,5
ERR3587180,0.937,34.1504,-56.9684,18.129194,26.450856,36.565812,192.246187,3.578039,-0.0063,2.077387,250
ERR3587181,12.658,34.1132,-49.9181,18.82554,26.146925,36.41274,220.9492,0.808032,0.08145,1.734471,5
ERR3587182,11.661,35.9346,-37.3032,17.627142,26.349408,36.285292,229.368083,0.120853,0.0782,1.79022,5
ERR3587183,0,-12.9794,-96.0232,12.806365,26.3033,34.82775,3.4942,20.254424,6e-04,3.186315,177
ERR3587184,3.535,-12.9723,-96.0122,22.596675,24.5284,35.64227,216.67805,4.229206,0.18456,2.070398,50
ERR3587185,1.545,-13.0023,-95.9759,25.349495,23.86109,35.82876,201.0109,5.005302,0.10404,1.77889,5
ERR3587186,0,-5.2669,-85.2732,19.781235,24.729155,34.884385,104.9968,18.72477,0.33192,2.896974,40
ERR3587187,13.02,-5.2529,-85.1545,24.958885,23.176695,34.764535,204.421,13.010708,0.16782,2.076027,5
ERR3587188,16.159,2.0299,-84.5546,26.019185,22.63355,34.475915,199.8303,4.369042,0.2808,2.048813,30
ERR3587189,0,2.0649,-84.5546,11.142362,26.595869,34.791419,2.264562,33.049074,0,3.300821,380
ERR3587190,17.308,-16.9587,-100.6751,19.783275,25.354365,35.69581,208.54895,0.85366,0.12738,2.047239,90
ERR3587191,14.436,-60.2287,-60.6476,1.9034,26.9578,33.7198,338.526,24.903191,0.0219,2.105012,5
ERR3587192,16.425,-62.0385,-49.529,0.73159,27.52175,34.327465,344.81235,29.73383,0.12516,2.220386,5
ERR3587193,13.468,-62.2231,-49.2139,-0.792395,27.6286,34.36258,326.6803,32.911358,0.22416,2.471241,90
ERR3587194,25.642,18.7341,66.3896,15.553795,26.565675,35.907681,3.12405,18.560166,0.00144,2.75675,270
ERR3587195,5.958,-47.1863,-58.2902,7.579417,26.589567,34.05025,303.147667,18.434187,0.2258,2.128396,5
ERR3587196,6.19,-47.2007,-57.9446,7.154875,26.649733,34.05055,306.1555,18.047311,0.57815,2.133364,40
ERR3587197,14.371,-8.9971,-139.1963,26.60467,23.122935,35.37032,187.07695,5.660372,0.06984,1.574452,5
ERR3587198,15.216,-8.9068,-140.283,26.586685,23.11712,35.3551,189.6701,4.805128,0.0924,1.63837,5
ERR3587199,17.404,-9.1504,-140.5216,26.572419,23.143631,35.384031,190.378187,4.965553,0.1494,1.628674,5
ERR3587200,18.21,-8.9111,-142.5571,26.80604,23.10143,35.42651,187.3321,5.460123,0.09801,1.645425,5
ERR3587201,23.03,-8.9971,-139.1963,26.60467,23.122935,35.37032,187.07695,5.660372,0.06984,1.574452,5
ERR3587202,14.955,-8.9068,-140.283,26.586685,23.11712,35.3551,189.6701,4.805128,0.0924,1.63837,5
ERR3587203,22.257,-9.1504,-140.5216,26.572419,23.143631,35.384031,190.378187,4.965553,0.1494,1.628674,5
ERR3587204,21.887,-8.9111,-142.5571,26.80604,23.10143,35.42651,187.3321,5.460123,0.09801,1.645425,5
