contig	source	feature	start	end	score	strand	frame	seq_id	genome	aa_length	Orthogroup	ko_id	ko_description	COG_ID	GENE_NAME	COG_NAME	center_query
HIMB1765-00000000001	Prodigal:2.6	CDS	438480	439355	.	+	0	HIMB1765_00496	HIMB1765	291	OG0000022	K00042	2-hydroxy-3-oxopropionate reductase [EC:1.1.1.60]	COG2084	MmsB	3-hydroxyisobutyrate dehydrogenase or related beta-hydroxyacid dehydrogenase	HIMB1765_00500
HIMB1765-00000000001	Prodigal:2.6	CDS	438480	439355	.	+	0	HIMB1765_00496	HIMB1765	291	OG0000022	K00020	3-hydroxyisobutyrate dehydrogenase [EC:1.1.1.31]	COG2084	MmsB	3-hydroxyisobutyrate dehydrogenase or related beta-hydroxyacid dehydrogenase	HIMB1765_00500
HIMB1765-00000000001	Prodigal:2.6	CDS	439359	439988	.	+	0	HIMB1765_00497	HIMB1765	209	OG0000278	K00275	pyridoxamine 5'-phosphate oxidase [EC:1.4.3.5]	COG5135	NA	Uncharacterized conserved protein	HIMB1765_00500
HIMB1765-00000000001	Prodigal:2.6	CDS	440161	440985	.	+	0	HIMB1765_00498	HIMB1765	274	OG0000786	NA	NA	COG0483	SuhB	Archaeal fructose-1,6-bisphosphatase or related enzyme, inositol monophosphatase family	HIMB1765_00500
HIMB1765-00000000001	Prodigal:2.6	CDS	441089	442003	.	+	0	HIMB1765_00499	HIMB1765	304	OG0001073	NA	NA	COG1940	NagC	Sugar kinase of the NBD/HSP70 family, may contain an N-terminal HTH domain	HIMB1765_00500
HIMB1765-00000000001	Prodigal:2.6	CDS	442012	442959	.	-	0	HIMB1765_00500	HIMB1765	315	OG0002560	NA	NA	COG2390	DeoR	DNA-binding transcriptional regulator LsrR, DeoR family	HIMB1765_00500
HIMB1765-00000000001	Prodigal:2.6	CDS	443109	444416	.	+	0	HIMB1765_00501	HIMB1765	435	OG0002297	K10227	polyol transport system substrate-binding protein	COG1653	UgpB	ABC-type glycerol-3-phosphate transport system, periplasmic component	HIMB1765_00500
HIMB1765-00000000001	Prodigal:2.6	CDS	443109	444416	.	+	0	HIMB1765_00501	HIMB1765	435	OG0002297	K02027	multiple sugar transport system substrate-binding protein	COG1653	UgpB	ABC-type glycerol-3-phosphate transport system, periplasmic component	HIMB1765_00500
HIMB1765-00000000001	Prodigal:2.6	CDS	444494	445354	.	+	0	HIMB1765_00502	HIMB1765	286	OG0001085	K10228	polyol transport system permease protein	COG1175	UgpA	ABC-type sugar transport system, permease component	HIMB1765_00500
HIMB1765-00000000001	Prodigal:2.6	CDS	445357	446169	.	+	0	HIMB1765_00503	HIMB1765	270	OG0000054	K10229	polyol transport system permease protein	COG0395	UgpE	ABC-type glycerol-3-phosphate transport system, permease component	HIMB1765_00500
HIMB1765-00000000001	Prodigal:2.6	CDS	446170	447594	.	+	0	HIMB1765_00504	HIMB1765	474	OG0002390	NA	NA	COG0246	MtlD	Mannitol-1-phosphate/altronate dehydrogenases	HIMB1765_00500
HIMB1507-00000000001	Prodigal:2.6	CDS	1023635	1025062	.	-	0	HIMB1507_01059	HIMB1507	475	OG0002390	NA	NA	COG0246	MtlD	Mannitol-1-phosphate/altronate dehydrogenases	HIMB1507_01063
HIMB1507-00000000001	Prodigal:2.6	CDS	1025063	1025875	.	-	0	HIMB1507_01060	HIMB1507	270	OG0000054	K10229	polyol transport system permease protein	COG0395	UgpE	ABC-type glycerol-3-phosphate transport system, permease component	HIMB1507_01063
HIMB1507-00000000001	Prodigal:2.6	CDS	1025878	1026774	.	-	0	HIMB1507_01061	HIMB1507	298	OG0001085	K10228	polyol transport system permease protein	COG1175	UgpA	ABC-type sugar transport system, permease component	HIMB1507_01063
HIMB1507-00000000001	Prodigal:2.6	CDS	1026816	1028123	.	-	0	HIMB1507_01062	HIMB1507	435	OG0002297	K10227	polyol transport system substrate-binding protein	COG1653	UgpB	ABC-type glycerol-3-phosphate transport system, periplasmic component	HIMB1507_01063
HIMB1507-00000000001	Prodigal:2.6	CDS	1026816	1028123	.	-	0	HIMB1507_01062	HIMB1507	435	OG0002297	K02027	multiple sugar transport system substrate-binding protein	COG1653	UgpB	ABC-type glycerol-3-phosphate transport system, periplasmic component	HIMB1507_01063
HIMB1507-00000000001	Prodigal:2.6	CDS	1028272	1029219	.	+	0	HIMB1507_01063	HIMB1507	315	OG0002560	NA	NA	COG2390	DeoR	DNA-binding transcriptional regulator LsrR, DeoR family	HIMB1507_01063
HIMB1507-00000000001	Prodigal:2.6	CDS	1029228	1030142	.	-	0	HIMB1507_01064	HIMB1507	304	OG0001073	NA	NA	COG1940	NagC	Sugar kinase of the NBD/HSP70 family, may contain an N-terminal HTH domain	HIMB1507_01063
HIMB1507-00000000001	Prodigal:2.6	CDS	1030246	1031067	.	-	0	HIMB1507_01065	HIMB1507	273	OG0000786	NA	NA	COG0483	SuhB	Archaeal fructose-1,6-bisphosphatase or related enzyme, inositol monophosphatase family	HIMB1507_01063
HIMB1507-00000000001	Prodigal:2.6	CDS	1031232	1031861	.	-	0	HIMB1507_01066	HIMB1507	209	OG0000278	K00275	pyridoxamine 5'-phosphate oxidase [EC:1.4.3.5]	COG5135	NA	Uncharacterized conserved protein	HIMB1507_01063
HIMB1507-00000000001	Prodigal:2.6	CDS	1031865	1032740	.	-	0	HIMB1507_01067	HIMB1507	291	OG0000022	K00042	2-hydroxy-3-oxopropionate reductase [EC:1.1.1.60]	COG2084	MmsB	3-hydroxyisobutyrate dehydrogenase or related beta-hydroxyacid dehydrogenase	HIMB1507_01063
HIMB1507-00000000001	Prodigal:2.6	CDS	1031865	1032740	.	-	0	HIMB1507_01067	HIMB1507	291	OG0000022	K00020	3-hydroxyisobutyrate dehydrogenase [EC:1.1.1.31]	COG2084	MmsB	3-hydroxyisobutyrate dehydrogenase or related beta-hydroxyacid dehydrogenase	HIMB1507_01063
HIMB1723-00000000001	Prodigal:2.6	CDS	1263238	1264665	.	-	0	HIMB1723_01311	HIMB1723	475	OG0002390	NA	NA	COG0246	MtlD	Mannitol-1-phosphate/altronate dehydrogenases	HIMB1723_01315
HIMB1723-00000000001	Prodigal:2.6	CDS	1264666	1265478	.	-	0	HIMB1723_01312	HIMB1723	270	OG0000054	K10229	polyol transport system permease protein	COG0395	UgpE	ABC-type glycerol-3-phosphate transport system, permease component	HIMB1723_01315
HIMB1723-00000000001	Prodigal:2.6	CDS	1265481	1266377	.	-	0	HIMB1723_01313	HIMB1723	298	OG0001085	K10228	polyol transport system permease protein	COG1175	UgpA	ABC-type sugar transport system, permease component	HIMB1723_01315
HIMB1723-00000000001	Prodigal:2.6	CDS	1266419	1267726	.	-	0	HIMB1723_01314	HIMB1723	435	OG0002297	K10227	polyol transport system substrate-binding protein	COG1653	UgpB	ABC-type glycerol-3-phosphate transport system, periplasmic component	HIMB1723_01315
HIMB1723-00000000001	Prodigal:2.6	CDS	1266419	1267726	.	-	0	HIMB1723_01314	HIMB1723	435	OG0002297	K02027	multiple sugar transport system substrate-binding protein	COG1653	UgpB	ABC-type glycerol-3-phosphate transport system, periplasmic component	HIMB1723_01315
HIMB1723-00000000001	Prodigal:2.6	CDS	1267876	1268823	.	+	0	HIMB1723_01315	HIMB1723	315	OG0002560	NA	NA	COG2390	DeoR	DNA-binding transcriptional regulator LsrR, DeoR family	HIMB1723_01315
HIMB1723-00000000001	Prodigal:2.6	CDS	1268832	1269746	.	-	0	HIMB1723_01316	HIMB1723	304	OG0001073	NA	NA	COG1940	NagC	Sugar kinase of the NBD/HSP70 family, may contain an N-terminal HTH domain	HIMB1723_01315
HIMB1723-00000000001	Prodigal:2.6	CDS	1269850	1270671	.	-	0	HIMB1723_01317	HIMB1723	273	OG0000786	NA	NA	COG0483	SuhB	Archaeal fructose-1,6-bisphosphatase or related enzyme, inositol monophosphatase family	HIMB1723_01315
HIMB1723-00000000001	Prodigal:2.6	CDS	1270846	1271475	.	-	0	HIMB1723_01318	HIMB1723	209	OG0000278	K00275	pyridoxamine 5'-phosphate oxidase [EC:1.4.3.5]	COG5135	NA	Uncharacterized conserved protein	HIMB1723_01315
HIMB1723-00000000001	Prodigal:2.6	CDS	1271479	1272354	.	-	0	HIMB1723_01319	HIMB1723	291	OG0000022	K00042	2-hydroxy-3-oxopropionate reductase [EC:1.1.1.60]	COG2084	MmsB	3-hydroxyisobutyrate dehydrogenase or related beta-hydroxyacid dehydrogenase	HIMB1723_01315
HIMB1723-00000000001	Prodigal:2.6	CDS	1271479	1272354	.	-	0	HIMB1723_01319	HIMB1723	291	OG0000022	K00020	3-hydroxyisobutyrate dehydrogenase [EC:1.1.1.31]	COG2084	MmsB	3-hydroxyisobutyrate dehydrogenase or related beta-hydroxyacid dehydrogenase	HIMB1723_01315
NZ_LAMZ01000001.1	Prodigal:2.6	CDS	30337	31761	.	-	0	HIMB140_00041	HIMB140	474	OG0002390	NA	NA	COG0246	MtlD	Mannitol-1-phosphate/altronate dehydrogenases	HIMB140_00045
NZ_LAMZ01000001.1	Prodigal:2.6	CDS	31762	32574	.	-	0	HIMB140_00042	HIMB140	270	OG0000054	K10229	polyol transport system permease protein	COG0395	UgpE	ABC-type glycerol-3-phosphate transport system, permease component	HIMB140_00045
NZ_LAMZ01000001.1	Prodigal:2.6	CDS	32577	33437	.	-	0	HIMB140_00043	HIMB140	286	OG0001085	K10228	polyol transport system permease protein	COG1175	UgpA	ABC-type sugar transport system, permease component	HIMB140_00045
NZ_LAMZ01000001.1	Prodigal:2.6	CDS	33515	34822	.	-	0	HIMB140_00044	HIMB140	435	OG0002297	K10227	polyol transport system substrate-binding protein	COG1653	UgpB	ABC-type glycerol-3-phosphate transport system, periplasmic component	HIMB140_00045
NZ_LAMZ01000001.1	Prodigal:2.6	CDS	33515	34822	.	-	0	HIMB140_00044	HIMB140	435	OG0002297	K02027	multiple sugar transport system substrate-binding protein	COG1653	UgpB	ABC-type glycerol-3-phosphate transport system, periplasmic component	HIMB140_00045
NZ_LAMZ01000001.1	Prodigal:2.6	CDS	34972	35919	.	+	0	HIMB140_00045	HIMB140	315	OG0002560	NA	NA	COG2390	DeoR	DNA-binding transcriptional regulator LsrR, DeoR family	HIMB140_00045
NZ_LAMZ01000001.1	Prodigal:2.6	CDS	35928	36842	.	-	0	HIMB140_00046	HIMB140	304	OG0001073	NA	NA	COG1940	NagC	Sugar kinase of the NBD/HSP70 family, may contain an N-terminal HTH domain	HIMB140_00045
NZ_LAMZ01000001.1	Prodigal:2.6	CDS	36946	37770	.	-	0	HIMB140_00047	HIMB140	274	OG0000786	NA	NA	COG0483	SuhB	Archaeal fructose-1,6-bisphosphatase or related enzyme, inositol monophosphatase family	HIMB140_00045
NZ_LAMZ01000001.1	Prodigal:2.6	CDS	37943	38572	.	-	0	HIMB140_00048	HIMB140	209	OG0000278	K00275	pyridoxamine 5'-phosphate oxidase [EC:1.4.3.5]	COG5135	NA	Uncharacterized conserved protein	HIMB140_00045
NZ_LAMZ01000001.1	Prodigal:2.6	CDS	38576	39451	.	-	0	HIMB140_00049	HIMB140	291	OG0000022	K00042	2-hydroxy-3-oxopropionate reductase [EC:1.1.1.60]	COG2084	MmsB	3-hydroxyisobutyrate dehydrogenase or related beta-hydroxyacid dehydrogenase	HIMB140_00045
NZ_LAMZ01000001.1	Prodigal:2.6	CDS	38576	39451	.	-	0	HIMB140_00049	HIMB140	291	OG0000022	K00020	3-hydroxyisobutyrate dehydrogenase [EC:1.1.1.31]	COG2084	MmsB	3-hydroxyisobutyrate dehydrogenase or related beta-hydroxyacid dehydrogenase	HIMB140_00045
HIMB1513-00000000001	Prodigal:2.6	CDS	992549	993973	.	-	0	HIMB1513_01025	HIMB1513	474	OG0002390	NA	NA	COG0246	MtlD	Mannitol-1-phosphate/altronate dehydrogenases	HIMB1513_01029
HIMB1513-00000000001	Prodigal:2.6	CDS	993974	994786	.	-	0	HIMB1513_01026	HIMB1513	270	OG0000054	K10229	polyol transport system permease protein	COG0395	UgpE	ABC-type glycerol-3-phosphate transport system, permease component	HIMB1513_01029
HIMB1513-00000000001	Prodigal:2.6	CDS	994789	995649	.	-	0	HIMB1513_01027	HIMB1513	286	OG0001085	K10228	polyol transport system permease protein	COG1175	UgpA	ABC-type sugar transport system, permease component	HIMB1513_01029
HIMB1513-00000000001	Prodigal:2.6	CDS	995727	997034	.	-	0	HIMB1513_01028	HIMB1513	435	OG0002297	K10227	polyol transport system substrate-binding protein	COG1653	UgpB	ABC-type glycerol-3-phosphate transport system, periplasmic component	HIMB1513_01029
HIMB1513-00000000001	Prodigal:2.6	CDS	995727	997034	.	-	0	HIMB1513_01028	HIMB1513	435	OG0002297	K02027	multiple sugar transport system substrate-binding protein	COG1653	UgpB	ABC-type glycerol-3-phosphate transport system, periplasmic component	HIMB1513_01029
HIMB1513-00000000001	Prodigal:2.6	CDS	997185	998132	.	+	0	HIMB1513_01029	HIMB1513	315	OG0002560	NA	NA	COG2390	DeoR	DNA-binding transcriptional regulator LsrR, DeoR family	HIMB1513_01029
HIMB1513-00000000001	Prodigal:2.6	CDS	998141	999055	.	-	0	HIMB1513_01030	HIMB1513	304	OG0001073	NA	NA	COG1940	NagC	Sugar kinase of the NBD/HSP70 family, may contain an N-terminal HTH domain	HIMB1513_01029
HIMB1513-00000000001	Prodigal:2.6	CDS	999159	999983	.	-	0	HIMB1513_01031	HIMB1513	274	OG0000786	NA	NA	COG0483	SuhB	Archaeal fructose-1,6-bisphosphatase or related enzyme, inositol monophosphatase family	HIMB1513_01029
HIMB1513-00000000001	Prodigal:2.6	CDS	1000156	1000785	.	-	0	HIMB1513_01032	HIMB1513	209	OG0000278	K00275	pyridoxamine 5'-phosphate oxidase [EC:1.4.3.5]	COG5135	NA	Uncharacterized conserved protein	HIMB1513_01029
HIMB1513-00000000001	Prodigal:2.6	CDS	1000789	1001664	.	-	0	HIMB1513_01033	HIMB1513	291	OG0000022	K00042	2-hydroxy-3-oxopropionate reductase [EC:1.1.1.60]	COG2084	MmsB	3-hydroxyisobutyrate dehydrogenase or related beta-hydroxyacid dehydrogenase	HIMB1513_01029
HIMB1513-00000000001	Prodigal:2.6	CDS	1000789	1001664	.	-	0	HIMB1513_01033	HIMB1513	291	OG0000022	K00020	3-hydroxyisobutyrate dehydrogenase [EC:1.1.1.31]	COG2084	MmsB	3-hydroxyisobutyrate dehydrogenase or related beta-hydroxyacid dehydrogenase	HIMB1513_01029
HIMB1521-00000000007	Prodigal:2.6	CDS	5022	5897	.	+	0	HIMB1521_00713	HIMB1521	291	OG0000022	K00042	2-hydroxy-3-oxopropionate reductase [EC:1.1.1.60]	COG2084	MmsB	3-hydroxyisobutyrate dehydrogenase or related beta-hydroxyacid dehydrogenase	HIMB1521_00717
HIMB1521-00000000007	Prodigal:2.6	CDS	5022	5897	.	+	0	HIMB1521_00713	HIMB1521	291	OG0000022	K00020	3-hydroxyisobutyrate dehydrogenase [EC:1.1.1.31]	COG2084	MmsB	3-hydroxyisobutyrate dehydrogenase or related beta-hydroxyacid dehydrogenase	HIMB1521_00717
HIMB1521-00000000007	Prodigal:2.6	CDS	5901	6530	.	+	0	HIMB1521_00714	HIMB1521	209	OG0000278	K00275	pyridoxamine 5'-phosphate oxidase [EC:1.4.3.5]	COG5135	NA	Uncharacterized conserved protein	HIMB1521_00717
HIMB1521-00000000007	Prodigal:2.6	CDS	6703	7527	.	+	0	HIMB1521_00715	HIMB1521	274	OG0000786	NA	NA	COG0483	SuhB	Archaeal fructose-1,6-bisphosphatase or related enzyme, inositol monophosphatase family	HIMB1521_00717
HIMB1521-00000000007	Prodigal:2.6	CDS	7631	8545	.	+	0	HIMB1521_00716	HIMB1521	304	OG0001073	NA	NA	COG1940	NagC	Sugar kinase of the NBD/HSP70 family, may contain an N-terminal HTH domain	HIMB1521_00717
HIMB1521-00000000007	Prodigal:2.6	CDS	8554	9501	.	-	0	HIMB1521_00717	HIMB1521	315	OG0002560	NA	NA	COG2390	DeoR	DNA-binding transcriptional regulator LsrR, DeoR family	HIMB1521_00717
HIMB1521-00000000007	Prodigal:2.6	CDS	9652	10959	.	+	0	HIMB1521_00718	HIMB1521	435	OG0002297	K10227	polyol transport system substrate-binding protein	COG1653	UgpB	ABC-type glycerol-3-phosphate transport system, periplasmic component	HIMB1521_00717
HIMB1521-00000000007	Prodigal:2.6	CDS	9652	10959	.	+	0	HIMB1521_00718	HIMB1521	435	OG0002297	K02027	multiple sugar transport system substrate-binding protein	COG1653	UgpB	ABC-type glycerol-3-phosphate transport system, periplasmic component	HIMB1521_00717
HIMB1521-00000000007	Prodigal:2.6	CDS	11037	11897	.	+	0	HIMB1521_00719	HIMB1521	286	OG0001085	K10228	polyol transport system permease protein	COG1175	UgpA	ABC-type sugar transport system, permease component	HIMB1521_00717
HIMB1521-00000000007	Prodigal:2.6	CDS	11900	12712	.	+	0	HIMB1521_00720	HIMB1521	270	OG0000054	K10229	polyol transport system permease protein	COG0395	UgpE	ABC-type glycerol-3-phosphate transport system, permease component	HIMB1521_00717
HIMB1521-00000000007	Prodigal:2.6	CDS	12713	14137	.	+	0	HIMB1521_00721	HIMB1521	474	OG0002390	NA	NA	COG0246	MtlD	Mannitol-1-phosphate/altronate dehydrogenases	HIMB1521_00717
HIMB1430-00000000012	Prodigal:2.6	CDS	50938	52146	.	-	0	HIMB1430_00861	HIMB1430	402	OG0000565	NA	NA	COG2271	UhpC	Sugar phosphate permease	HIMB1430_00866
HIMB1430-00000000012	Prodigal:2.6	CDS	52158	53033	.	+	0	HIMB1430_00862	HIMB1430	291	OG0000022	K00020	3-hydroxyisobutyrate dehydrogenase [EC:1.1.1.31]	COG2084	MmsB	3-hydroxyisobutyrate dehydrogenase or related beta-hydroxyacid dehydrogenase	HIMB1430_00866
HIMB1430-00000000012	Prodigal:2.6	CDS	53037	53666	.	+	0	HIMB1430_00863	HIMB1430	209	OG0000278	K00275	pyridoxamine 5'-phosphate oxidase [EC:1.4.3.5]	COG5135	NA	Uncharacterized conserved protein	HIMB1430_00866
HIMB1430-00000000012	Prodigal:2.6	CDS	53840	54661	.	+	0	HIMB1430_00864	HIMB1430	273	OG0000786	NA	NA	COG0483	SuhB	Archaeal fructose-1,6-bisphosphatase or related enzyme, inositol monophosphatase family	HIMB1430_00866
HIMB1430-00000000012	Prodigal:2.6	CDS	54766	55680	.	+	0	HIMB1430_00865	HIMB1430	304	OG0001073	NA	NA	COG1940	NagC	Sugar kinase of the NBD/HSP70 family, may contain an N-terminal HTH domain	HIMB1430_00866
HIMB1430-00000000012	Prodigal:2.6	CDS	55690	56637	.	-	0	HIMB1430_00866	HIMB1430	315	OG0002560	NA	NA	COG2390	DeoR	DNA-binding transcriptional regulator LsrR, DeoR family	HIMB1430_00866
HIMB1430-00000000012	Prodigal:2.6	CDS	56787	58094	.	+	0	HIMB1430_00867	HIMB1430	435	OG0002297	K10227	polyol transport system substrate-binding protein	COG1653	UgpB	ABC-type glycerol-3-phosphate transport system, periplasmic component	HIMB1430_00866
HIMB1430-00000000012	Prodigal:2.6	CDS	56787	58094	.	+	0	HIMB1430_00867	HIMB1430	435	OG0002297	K02027	multiple sugar transport system substrate-binding protein	COG1653	UgpB	ABC-type glycerol-3-phosphate transport system, periplasmic component	HIMB1430_00866
HIMB1430-00000000012	Prodigal:2.6	CDS	58136	59032	.	+	0	HIMB1430_00868	HIMB1430	298	OG0001085	K10228	polyol transport system permease protein	COG1175	UgpA	ABC-type sugar transport system, permease component	HIMB1430_00866
HIMB1430-00000000012	Prodigal:2.6	CDS	59035	59847	.	+	0	HIMB1430_00869	HIMB1430	270	OG0000054	K10229	polyol transport system permease protein	COG0395	UgpE	ABC-type glycerol-3-phosphate transport system, permease component	HIMB1430_00866
HIMB1430-00000000012	Prodigal:2.6	CDS	59848	61275	.	+	0	HIMB1430_00870	HIMB1430	475	OG0002390	NA	NA	COG0246	MtlD	Mannitol-1-phosphate/altronate dehydrogenases	HIMB1430_00866
HIMB1611-00000000001	Prodigal:2.6	CDS	336444	337871	.	-	0	HIMB1611_00365	HIMB1611	475	OG0002390	NA	NA	COG0246	MtlD	Mannitol-1-phosphate/altronate dehydrogenases	HIMB1611_00369
HIMB1611-00000000001	Prodigal:2.6	CDS	337872	338684	.	-	0	HIMB1611_00366	HIMB1611	270	OG0000054	K10229	polyol transport system permease protein	COG0395	UgpE	ABC-type glycerol-3-phosphate transport system, permease component	HIMB1611_00369
HIMB1611-00000000001	Prodigal:2.6	CDS	338687	339583	.	-	0	HIMB1611_00367	HIMB1611	298	OG0001085	K10228	polyol transport system permease protein	COG1175	UgpA	ABC-type sugar transport system, permease component	HIMB1611_00369
HIMB1611-00000000001	Prodigal:2.6	CDS	339625	340932	.	-	0	HIMB1611_00368	HIMB1611	435	OG0002297	K10227	polyol transport system substrate-binding protein	COG1653	UgpB	ABC-type glycerol-3-phosphate transport system, periplasmic component	HIMB1611_00369
HIMB1611-00000000001	Prodigal:2.6	CDS	339625	340932	.	-	0	HIMB1611_00368	HIMB1611	435	OG0002297	K02027	multiple sugar transport system substrate-binding protein	COG1653	UgpB	ABC-type glycerol-3-phosphate transport system, periplasmic component	HIMB1611_00369
HIMB1611-00000000001	Prodigal:2.6	CDS	341082	342029	.	+	0	HIMB1611_00369	HIMB1611	315	OG0002560	NA	NA	COG2390	DeoR	DNA-binding transcriptional regulator LsrR, DeoR family	HIMB1611_00369
HIMB1611-00000000001	Prodigal:2.6	CDS	342039	342953	.	-	0	HIMB1611_00370	HIMB1611	304	OG0001073	NA	NA	COG1940	NagC	Sugar kinase of the NBD/HSP70 family, may contain an N-terminal HTH domain	HIMB1611_00369
HIMB1611-00000000001	Prodigal:2.6	CDS	343058	343879	.	-	0	HIMB1611_00371	HIMB1611	273	OG0000786	NA	NA	COG0483	SuhB	Archaeal fructose-1,6-bisphosphatase or related enzyme, inositol monophosphatase family	HIMB1611_00369
HIMB1611-00000000001	Prodigal:2.6	CDS	344053	344682	.	-	0	HIMB1611_00372	HIMB1611	209	OG0000278	K00275	pyridoxamine 5'-phosphate oxidase [EC:1.4.3.5]	COG5135	NA	Uncharacterized conserved protein	HIMB1611_00369
HIMB1611-00000000001	Prodigal:2.6	CDS	344686	345561	.	-	0	HIMB1611_00373	HIMB1611	291	OG0000022	K00020	3-hydroxyisobutyrate dehydrogenase [EC:1.1.1.31]	COG2084	MmsB	3-hydroxyisobutyrate dehydrogenase or related beta-hydroxyacid dehydrogenase	HIMB1611_00369
HIMB1611-00000000001	Prodigal:2.6	CDS	345573	346781	.	+	0	HIMB1611_00374	HIMB1611	402	OG0000565	NA	NA	COG2271	UhpC	Sugar phosphate permease	HIMB1611_00369
HIMB1758-00000000001	Prodigal:2.6	CDS	1014803	1016230	.	-	0	HIMB1758_01062	HIMB1758	475	OG0002390	NA	NA	COG0246	MtlD	Mannitol-1-phosphate/altronate dehydrogenases	HIMB1758_01066
HIMB1758-00000000001	Prodigal:2.6	CDS	1016231	1017043	.	-	0	HIMB1758_01063	HIMB1758	270	OG0000054	K10229	polyol transport system permease protein	COG0395	UgpE	ABC-type glycerol-3-phosphate transport system, permease component	HIMB1758_01066
HIMB1758-00000000001	Prodigal:2.6	CDS	1017046	1017942	.	-	0	HIMB1758_01064	HIMB1758	298	OG0001085	K10228	polyol transport system permease protein	COG1175	UgpA	ABC-type sugar transport system, permease component	HIMB1758_01066
HIMB1758-00000000001	Prodigal:2.6	CDS	1017984	1019291	.	-	0	HIMB1758_01065	HIMB1758	435	OG0002297	K10227	polyol transport system substrate-binding protein	COG1653	UgpB	ABC-type glycerol-3-phosphate transport system, periplasmic component	HIMB1758_01066
HIMB1758-00000000001	Prodigal:2.6	CDS	1017984	1019291	.	-	0	HIMB1758_01065	HIMB1758	435	OG0002297	K02027	multiple sugar transport system substrate-binding protein	COG1653	UgpB	ABC-type glycerol-3-phosphate transport system, periplasmic component	HIMB1758_01066
HIMB1758-00000000001	Prodigal:2.6	CDS	1019441	1020388	.	+	0	HIMB1758_01066	HIMB1758	315	OG0002560	NA	NA	COG2390	DeoR	DNA-binding transcriptional regulator LsrR, DeoR family	HIMB1758_01066
HIMB1758-00000000001	Prodigal:2.6	CDS	1020398	1021312	.	-	0	HIMB1758_01067	HIMB1758	304	OG0001073	NA	NA	COG1940	NagC	Sugar kinase of the NBD/HSP70 family, may contain an N-terminal HTH domain	HIMB1758_01066
HIMB1758-00000000001	Prodigal:2.6	CDS	1021417	1022238	.	-	0	HIMB1758_01068	HIMB1758	273	OG0000786	NA	NA	COG0483	SuhB	Archaeal fructose-1,6-bisphosphatase or related enzyme, inositol monophosphatase family	HIMB1758_01066
HIMB1758-00000000001	Prodigal:2.6	CDS	1022412	1023041	.	-	0	HIMB1758_01069	HIMB1758	209	OG0000278	K00275	pyridoxamine 5'-phosphate oxidase [EC:1.4.3.5]	COG5135	NA	Uncharacterized conserved protein	HIMB1758_01066
HIMB1758-00000000001	Prodigal:2.6	CDS	1023045	1023920	.	-	0	HIMB1758_01070	HIMB1758	291	OG0000022	K00020	3-hydroxyisobutyrate dehydrogenase [EC:1.1.1.31]	COG2084	MmsB	3-hydroxyisobutyrate dehydrogenase or related beta-hydroxyacid dehydrogenase	HIMB1758_01066
HIMB1758-00000000001	Prodigal:2.6	CDS	1023932	1025140	.	+	0	HIMB1758_01071	HIMB1758	402	OG0000565	NA	NA	COG2271	UhpC	Sugar phosphate permease	HIMB1758_01066
HIMB1488-00000000001	Prodigal:2.6	CDS	919935	920810	.	+	0	HIMB1488_01013	HIMB1488	291	OG0000022	K00042	2-hydroxy-3-oxopropionate reductase [EC:1.1.1.60]	COG2084	MmsB	3-hydroxyisobutyrate dehydrogenase or related beta-hydroxyacid dehydrogenase	HIMB1488_01017
HIMB1488-00000000001	Prodigal:2.6	CDS	919935	920810	.	+	0	HIMB1488_01013	HIMB1488	291	OG0000022	K00020	3-hydroxyisobutyrate dehydrogenase [EC:1.1.1.31]	COG2084	MmsB	3-hydroxyisobutyrate dehydrogenase or related beta-hydroxyacid dehydrogenase	HIMB1488_01017
HIMB1488-00000000001	Prodigal:2.6	CDS	920814	921443	.	+	0	HIMB1488_01014	HIMB1488	209	OG0000278	K00275	pyridoxamine 5'-phosphate oxidase [EC:1.4.3.5]	COG5135	NA	Uncharacterized conserved protein	HIMB1488_01017
HIMB1488-00000000001	Prodigal:2.6	CDS	921616	922440	.	+	0	HIMB1488_01015	HIMB1488	274	OG0000786	NA	NA	COG0483	SuhB	Archaeal fructose-1,6-bisphosphatase or related enzyme, inositol monophosphatase family	HIMB1488_01017
HIMB1488-00000000001	Prodigal:2.6	CDS	922544	923458	.	+	0	HIMB1488_01016	HIMB1488	304	OG0001073	NA	NA	COG1940	NagC	Sugar kinase of the NBD/HSP70 family, may contain an N-terminal HTH domain	HIMB1488_01017
HIMB1488-00000000001	Prodigal:2.6	CDS	923467	924414	.	-	0	HIMB1488_01017	HIMB1488	315	OG0002560	NA	NA	COG2390	DeoR	DNA-binding transcriptional regulator LsrR, DeoR family	HIMB1488_01017
HIMB1488-00000000001	Prodigal:2.6	CDS	924564	925871	.	+	0	HIMB1488_01018	HIMB1488	435	OG0002297	K10227	polyol transport system substrate-binding protein	COG1653	UgpB	ABC-type glycerol-3-phosphate transport system, periplasmic component	HIMB1488_01017
HIMB1488-00000000001	Prodigal:2.6	CDS	924564	925871	.	+	0	HIMB1488_01018	HIMB1488	435	OG0002297	K02027	multiple sugar transport system substrate-binding protein	COG1653	UgpB	ABC-type glycerol-3-phosphate transport system, periplasmic component	HIMB1488_01017
HIMB1488-00000000001	Prodigal:2.6	CDS	925949	926809	.	+	0	HIMB1488_01019	HIMB1488	286	OG0001085	K10228	polyol transport system permease protein	COG1175	UgpA	ABC-type sugar transport system, permease component	HIMB1488_01017
HIMB1488-00000000001	Prodigal:2.6	CDS	926812	927624	.	+	0	HIMB1488_01020	HIMB1488	270	OG0000054	K10229	polyol transport system permease protein	COG0395	UgpE	ABC-type glycerol-3-phosphate transport system, permease component	HIMB1488_01017
HIMB1488-00000000001	Prodigal:2.6	CDS	927625	929052	.	+	0	HIMB1488_01021	HIMB1488	475	OG0002390	NA	NA	COG0246	MtlD	Mannitol-1-phosphate/altronate dehydrogenases	HIMB1488_01017
HIMB2211-00000000001	Prodigal:2.6	CDS	324455	325882	.	-	0	HIMB2211_00340	HIMB2211	475	OG0002390	NA	NA	COG0246	MtlD	Mannitol-1-phosphate/altronate dehydrogenases	HIMB2211_00344
HIMB2211-00000000001	Prodigal:2.6	CDS	325883	326695	.	-	0	HIMB2211_00341	HIMB2211	270	OG0000054	K10229	polyol transport system permease protein	COG0395	UgpE	ABC-type glycerol-3-phosphate transport system, permease component	HIMB2211_00344
HIMB2211-00000000001	Prodigal:2.6	CDS	326698	327594	.	-	0	HIMB2211_00342	HIMB2211	298	OG0001085	K10228	polyol transport system permease protein	COG1175	UgpA	ABC-type sugar transport system, permease component	HIMB2211_00344
HIMB2211-00000000001	Prodigal:2.6	CDS	327636	328943	.	-	0	HIMB2211_00343	HIMB2211	435	OG0002297	K10227	polyol transport system substrate-binding protein	COG1653	UgpB	ABC-type glycerol-3-phosphate transport system, periplasmic component	HIMB2211_00344
HIMB2211-00000000001	Prodigal:2.6	CDS	327636	328943	.	-	0	HIMB2211_00343	HIMB2211	435	OG0002297	K02027	multiple sugar transport system substrate-binding protein	COG1653	UgpB	ABC-type glycerol-3-phosphate transport system, periplasmic component	HIMB2211_00344
HIMB2211-00000000001	Prodigal:2.6	CDS	329093	330040	.	+	0	HIMB2211_00344	HIMB2211	315	OG0002560	NA	NA	COG2390	DeoR	DNA-binding transcriptional regulator LsrR, DeoR family	HIMB2211_00344
HIMB2211-00000000001	Prodigal:2.6	CDS	330049	330963	.	-	0	HIMB2211_00345	HIMB2211	304	OG0001073	NA	NA	COG1940	NagC	Sugar kinase of the NBD/HSP70 family, may contain an N-terminal HTH domain	HIMB2211_00344
HIMB2211-00000000001	Prodigal:2.6	CDS	331067	331888	.	-	0	HIMB2211_00346	HIMB2211	273	OG0000786	NA	NA	COG0483	SuhB	Archaeal fructose-1,6-bisphosphatase or related enzyme, inositol monophosphatase family	HIMB2211_00344
HIMB2211-00000000001	Prodigal:2.6	CDS	332063	332692	.	-	0	HIMB2211_00347	HIMB2211	209	OG0000278	K00275	pyridoxamine 5'-phosphate oxidase [EC:1.4.3.5]	COG5135	NA	Uncharacterized conserved protein	HIMB2211_00344
HIMB2211-00000000001	Prodigal:2.6	CDS	332696	333571	.	-	0	HIMB2211_00348	HIMB2211	291	OG0000022	K00042	2-hydroxy-3-oxopropionate reductase [EC:1.1.1.60]	COG2084	MmsB	3-hydroxyisobutyrate dehydrogenase or related beta-hydroxyacid dehydrogenase	HIMB2211_00344
HIMB2211-00000000001	Prodigal:2.6	CDS	332696	333571	.	-	0	HIMB2211_00348	HIMB2211	291	OG0000022	K00020	3-hydroxyisobutyrate dehydrogenase [EC:1.1.1.31]	COG2084	MmsB	3-hydroxyisobutyrate dehydrogenase or related beta-hydroxyacid dehydrogenase	HIMB2211_00344
HIMB1577-00000000001	Prodigal:2.6	CDS	124305	125180	.	+	0	HIMB1577_00148	HIMB1577	291	OG0000022	K00042	2-hydroxy-3-oxopropionate reductase [EC:1.1.1.60]	COG2084	MmsB	3-hydroxyisobutyrate dehydrogenase or related beta-hydroxyacid dehydrogenase	HIMB1577_00152
HIMB1577-00000000001	Prodigal:2.6	CDS	124305	125180	.	+	0	HIMB1577_00148	HIMB1577	291	OG0000022	K00020	3-hydroxyisobutyrate dehydrogenase [EC:1.1.1.31]	COG2084	MmsB	3-hydroxyisobutyrate dehydrogenase or related beta-hydroxyacid dehydrogenase	HIMB1577_00152
HIMB1577-00000000001	Prodigal:2.6	CDS	125184	125813	.	+	0	HIMB1577_00149	HIMB1577	209	OG0000278	K00275	pyridoxamine 5'-phosphate oxidase [EC:1.4.3.5]	COG5135	NA	Uncharacterized conserved protein	HIMB1577_00152
HIMB1577-00000000001	Prodigal:2.6	CDS	125986	126810	.	+	0	HIMB1577_00150	HIMB1577	274	OG0000786	NA	NA	COG0483	SuhB	Archaeal fructose-1,6-bisphosphatase or related enzyme, inositol monophosphatase family	HIMB1577_00152
HIMB1577-00000000001	Prodigal:2.6	CDS	126914	127828	.	+	0	HIMB1577_00151	HIMB1577	304	OG0001073	NA	NA	COG1940	NagC	Sugar kinase of the NBD/HSP70 family, may contain an N-terminal HTH domain	HIMB1577_00152
HIMB1577-00000000001	Prodigal:2.6	CDS	127837	128784	.	-	0	HIMB1577_00152	HIMB1577	315	OG0002560	NA	NA	COG2390	DeoR	DNA-binding transcriptional regulator LsrR, DeoR family	HIMB1577_00152
HIMB1577-00000000001	Prodigal:2.6	CDS	128934	130241	.	+	0	HIMB1577_00153	HIMB1577	435	OG0002297	K10227	polyol transport system substrate-binding protein	COG1653	UgpB	ABC-type glycerol-3-phosphate transport system, periplasmic component	HIMB1577_00152
HIMB1577-00000000001	Prodigal:2.6	CDS	128934	130241	.	+	0	HIMB1577_00153	HIMB1577	435	OG0002297	K02027	multiple sugar transport system substrate-binding protein	COG1653	UgpB	ABC-type glycerol-3-phosphate transport system, periplasmic component	HIMB1577_00152
HIMB1577-00000000001	Prodigal:2.6	CDS	130319	131179	.	+	0	HIMB1577_00154	HIMB1577	286	OG0001085	K10228	polyol transport system permease protein	COG1175	UgpA	ABC-type sugar transport system, permease component	HIMB1577_00152
HIMB1577-00000000001	Prodigal:2.6	CDS	131182	131994	.	+	0	HIMB1577_00155	HIMB1577	270	OG0000054	K10229	polyol transport system permease protein	COG0395	UgpE	ABC-type glycerol-3-phosphate transport system, permease component	HIMB1577_00152
HIMB1577-00000000001	Prodigal:2.6	CDS	131995	133419	.	+	0	HIMB1577_00156	HIMB1577	474	OG0002390	NA	NA	COG0246	MtlD	Mannitol-1-phosphate/altronate dehydrogenases	HIMB1577_00152
HIMB1631-00000000001	Prodigal:2.6	CDS	454066	454941	.	+	0	HIMB1631_00516	HIMB1631	291	OG0000022	K00042	2-hydroxy-3-oxopropionate reductase [EC:1.1.1.60]	COG2084	MmsB	3-hydroxyisobutyrate dehydrogenase or related beta-hydroxyacid dehydrogenase	HIMB1631_00520
HIMB1631-00000000001	Prodigal:2.6	CDS	454066	454941	.	+	0	HIMB1631_00516	HIMB1631	291	OG0000022	K00020	3-hydroxyisobutyrate dehydrogenase [EC:1.1.1.31]	COG2084	MmsB	3-hydroxyisobutyrate dehydrogenase or related beta-hydroxyacid dehydrogenase	HIMB1631_00520
HIMB1631-00000000001	Prodigal:2.6	CDS	454945	455574	.	+	0	HIMB1631_00517	HIMB1631	209	OG0000278	K00275	pyridoxamine 5'-phosphate oxidase [EC:1.4.3.5]	COG5135	NA	Uncharacterized conserved protein	HIMB1631_00520
HIMB1631-00000000001	Prodigal:2.6	CDS	455747	456571	.	+	0	HIMB1631_00518	HIMB1631	274	OG0000786	NA	NA	COG0483	SuhB	Archaeal fructose-1,6-bisphosphatase or related enzyme, inositol monophosphatase family	HIMB1631_00520
HIMB1631-00000000001	Prodigal:2.6	CDS	456675	457589	.	+	0	HIMB1631_00519	HIMB1631	304	OG0001073	NA	NA	COG1940	NagC	Sugar kinase of the NBD/HSP70 family, may contain an N-terminal HTH domain	HIMB1631_00520
HIMB1631-00000000001	Prodigal:2.6	CDS	457598	458545	.	-	0	HIMB1631_00520	HIMB1631	315	OG0002560	NA	NA	COG2390	DeoR	DNA-binding transcriptional regulator LsrR, DeoR family	HIMB1631_00520
HIMB1631-00000000001	Prodigal:2.6	CDS	458695	460002	.	+	0	HIMB1631_00521	HIMB1631	435	OG0002297	K10227	polyol transport system substrate-binding protein	COG1653	UgpB	ABC-type glycerol-3-phosphate transport system, periplasmic component	HIMB1631_00520
HIMB1631-00000000001	Prodigal:2.6	CDS	458695	460002	.	+	0	HIMB1631_00521	HIMB1631	435	OG0002297	K02027	multiple sugar transport system substrate-binding protein	COG1653	UgpB	ABC-type glycerol-3-phosphate transport system, periplasmic component	HIMB1631_00520
HIMB1631-00000000001	Prodigal:2.6	CDS	460080	460940	.	+	0	HIMB1631_00522	HIMB1631	286	OG0001085	K10228	polyol transport system permease protein	COG1175	UgpA	ABC-type sugar transport system, permease component	HIMB1631_00520
HIMB1631-00000000001	Prodigal:2.6	CDS	460943	461755	.	+	0	HIMB1631_00523	HIMB1631	270	OG0000054	K10229	polyol transport system permease protein	COG0395	UgpE	ABC-type glycerol-3-phosphate transport system, permease component	HIMB1631_00520
HIMB1631-00000000001	Prodigal:2.6	CDS	461756	463180	.	+	0	HIMB1631_00524	HIMB1631	474	OG0002390	NA	NA	COG0246	MtlD	Mannitol-1-phosphate/altronate dehydrogenases	HIMB1631_00520
