contig	source	feature	start	end	score	strand	frame	seq_id	genome	group_id	COG_ID	COG_GENE_NAME	KO	center_query
CH724130.1	Prodigal:002006	CDS	1165056	1165523	.	+	0	HTCC1002_01250	HTCC1002	670	COG2001	MraZ	K03925	HTCC1002_01255
CH724130.1	Prodigal:002006	CDS	1165526	1167013	.	+	0	HTCC1002_01251	HTCC1002	639	COG0206	FtsZ	K03531	HTCC1002_01255
CH724130.1	Prodigal:002006	CDS	1167032	1168042	.	+	0	HTCC1002_01252	HTCC1002	684	COG0275	RmsH	NA	HTCC1002_01255
CH724130.1	Prodigal:002006	CDS	1168039	1168347	.	+	0	HTCC1002_01253	HTCC1002	909	NA	NA	NA	HTCC1002_01255
CH724130.1	Prodigal:002006	CDS	1168334	1170016	.	+	0	HTCC1002_01254	HTCC1002	56	COG0768	FtsI	NA	HTCC1002_01255
CH724130.1	Prodigal:002006	CDS	1170024	1172870	.	+	0	HTCC1002_01255	HTCC1002	169	COG0769	MurE	K15792	HTCC1002_01255
CH724130.1	Prodigal:002006	CDS	1172860	1173945	.	+	0	HTCC1002_01256	HTCC1002	632	COG0472	Rfe	K01000	HTCC1002_01255
CH724130.1	Prodigal:002006	CDS	1173945	1175240	.	+	0	HTCC1002_01257	HTCC1002	651	COG0771	MurD	NA	HTCC1002_01255
CH724130.1	Prodigal:002006	CDS	1175237	1176361	.	+	0	HTCC1002_01258	HTCC1002	59	COG0772	FtsW	NA	HTCC1002_01255
CH724130.1	Prodigal:002006	CDS	1176362	1177432	.	+	0	HTCC1002_01259	HTCC1002	546	COG0707	MurG	K02563	HTCC1002_01255
CH724130.1	Prodigal:002006	CDS	1177422	1178816	.	+	0	HTCC1002_01260	HTCC1002	500	COG0773	MurC	K01924	HTCC1002_01255
KI421438.1	Prodigal:002006	CDS	415089	416483	.	-	0	HTCC1013_01241	HTCC1013	500	COG0773	MurC	K01924	HTCC1013_01246
KI421438.1	Prodigal:002006	CDS	416473	417543	.	-	0	HTCC1013_01242	HTCC1013	546	COG0707	MurG	K02563	HTCC1013_01246
KI421438.1	Prodigal:002006	CDS	417544	418668	.	-	0	HTCC1013_01243	HTCC1013	59	COG0772	FtsW	NA	HTCC1013_01246
KI421438.1	Prodigal:002006	CDS	418665	419960	.	-	0	HTCC1013_01244	HTCC1013	651	COG0771	MurD	NA	HTCC1013_01246
KI421438.1	Prodigal:002006	CDS	419960	421045	.	-	0	HTCC1013_01245	HTCC1013	632	COG0472	Rfe	K01000	HTCC1013_01246
KI421438.1	Prodigal:002006	CDS	421035	423881	.	-	0	HTCC1013_01246	HTCC1013	169	COG0769	MurE	K15792	HTCC1013_01246
KI421438.1	Prodigal:002006	CDS	423889	425571	.	-	0	HTCC1013_01247	HTCC1013	56	COG0768	FtsI	NA	HTCC1013_01246
KI421438.1	Prodigal:002006	CDS	425558	425866	.	-	0	HTCC1013_01248	HTCC1013	909	NA	NA	NA	HTCC1013_01246
KI421438.1	Prodigal:002006	CDS	425863	426873	.	-	0	HTCC1013_01249	HTCC1013	684	COG0275	RmsH	NA	HTCC1013_01246
KI421438.1	Prodigal:002006	CDS	426889	428376	.	-	0	HTCC1013_01250	HTCC1013	639	COG0206	FtsZ	K03531	HTCC1013_01246
KI421438.1	Prodigal:002006	CDS	428379	428846	.	-	0	HTCC1013_01251	HTCC1013	670	COG2001	MraZ	K03925	HTCC1013_01246
ARVY01000001.1	Prodigal:002006	CDS	1163708	1165102	.	-	0	HTCC1040_01257	HTCC1040	500	COG0773	MurC	K01924	HTCC1040_01262
ARVY01000001.1	Prodigal:002006	CDS	1165092	1166162	.	-	0	HTCC1040_01258	HTCC1040	546	COG0707	MurG	K02563	HTCC1040_01262
ARVY01000001.1	Prodigal:002006	CDS	1166163	1167287	.	-	0	HTCC1040_01259	HTCC1040	59	COG0772	FtsW	NA	HTCC1040_01262
ARVY01000001.1	Prodigal:002006	CDS	1167284	1168579	.	-	0	HTCC1040_01260	HTCC1040	651	COG0771	MurD	NA	HTCC1040_01262
ARVY01000001.1	Prodigal:002006	CDS	1168579	1169664	.	-	0	HTCC1040_01261	HTCC1040	632	COG0472	Rfe	K01000	HTCC1040_01262
ARVY01000001.1	Prodigal:002006	CDS	1169654	1172500	.	-	0	HTCC1040_01262	HTCC1040	169	COG0769	MurE	K15792	HTCC1040_01262
ARVY01000001.1	Prodigal:002006	CDS	1172508	1174190	.	-	0	HTCC1040_01263	HTCC1040	56	COG0768	FtsI	NA	HTCC1040_01262
ARVY01000001.1	Prodigal:002006	CDS	1174177	1174485	.	-	0	HTCC1040_01264	HTCC1040	909	NA	NA	NA	HTCC1040_01262
ARVY01000001.1	Prodigal:002006	CDS	1174482	1175492	.	-	0	HTCC1040_01265	HTCC1040	684	COG0275	RmsH	NA	HTCC1040_01262
ARVY01000001.1	Prodigal:002006	CDS	1175511	1176998	.	-	0	HTCC1040_01266	HTCC1040	639	COG0206	FtsZ	K03531	HTCC1040_01262
ARVY01000001.1	Prodigal:002006	CDS	1177001	1177468	.	-	0	HTCC1040_01267	HTCC1040	670	COG2001	MraZ	K03925	HTCC1040_01262
CP000084.1	Prodigal:002006	CDS	25035	26429	.	-	0	HTCC1062_00024	HTCC1062	500	COG0773	MurC	K01924	HTCC1062_00029
CP000084.1	Prodigal:002006	CDS	26419	27489	.	-	0	HTCC1062_00025	HTCC1062	546	COG0707	MurG	K02563	HTCC1062_00029
CP000084.1	Prodigal:002006	CDS	27490	28614	.	-	0	HTCC1062_00026	HTCC1062	59	COG0772	FtsW	NA	HTCC1062_00029
CP000084.1	Prodigal:002006	CDS	28611	29906	.	-	0	HTCC1062_00027	HTCC1062	651	COG0771	MurD	NA	HTCC1062_00029
CP000084.1	Prodigal:002006	CDS	29906	30991	.	-	0	HTCC1062_00028	HTCC1062	632	COG0472	Rfe	K01000	HTCC1062_00029
CP000084.1	Prodigal:002006	CDS	30981	33827	.	-	0	HTCC1062_00029	HTCC1062	169	COG0769	MurE	K15792	HTCC1062_00029
CP000084.1	Prodigal:002006	CDS	33835	35517	.	-	0	HTCC1062_00030	HTCC1062	56	COG0768	FtsI	NA	HTCC1062_00029
CP000084.1	Prodigal:002006	CDS	35504	35812	.	-	0	HTCC1062_00031	HTCC1062	909	NA	NA	NA	HTCC1062_00029
CP000084.1	Prodigal:002006	CDS	35809	36819	.	-	0	HTCC1062_00032	HTCC1062	684	COG0275	RmsH	NA	HTCC1062_00029
CP000084.1	Prodigal:002006	CDS	36838	38325	.	-	0	HTCC1062_00033	HTCC1062	639	COG0206	FtsZ	K03531	HTCC1062_00029
CP000084.1	Prodigal:002006	CDS	38328	38795	.	-	0	HTCC1062_00034	HTCC1062	670	COG2001	MraZ	K03925	HTCC1062_00029
DS995298.1	Prodigal:002006	CDS	494096	494563	.	+	0	HTCC7211_00527	HTCC7211	670	COG2001	MraZ	K03925	HTCC7211_00532
DS995298.1	Prodigal:002006	CDS	494567	496045	.	+	0	HTCC7211_00528	HTCC7211	639	COG0206	FtsZ	K03531	HTCC7211_00532
DS995298.1	Prodigal:002006	CDS	496064	497074	.	+	0	HTCC7211_00529	HTCC7211	684	COG0275	RmsH	NA	HTCC7211_00532
DS995298.1	Prodigal:002006	CDS	497071	497376	.	+	0	HTCC7211_00530	HTCC7211	909	NA	NA	NA	HTCC7211_00532
DS995298.1	Prodigal:002006	CDS	497376	499067	.	+	0	HTCC7211_00531	HTCC7211	56	COG0768	FtsI	NA	HTCC7211_00532
DS995298.1	Prodigal:002006	CDS	499070	501913	.	+	0	HTCC7211_00532	HTCC7211	169	COG0769	MurE	K15792	HTCC7211_00532
DS995298.1	Prodigal:002006	CDS	501914	502999	.	+	0	HTCC7211_00533	HTCC7211	632	COG0472	Rfe	K01000	HTCC7211_00532
DS995298.1	Prodigal:002006	CDS	502999	504294	.	+	0	HTCC7211_00534	HTCC7211	651	COG0771	MurD	NA	HTCC7211_00532
DS995298.1	Prodigal:002006	CDS	504284	505405	.	+	0	HTCC7211_00535	HTCC7211	59	COG0772	FtsW	NA	HTCC7211_00532
DS995298.1	Prodigal:002006	CDS	505409	506476	.	+	0	HTCC7211_00536	HTCC7211	546	COG0707	MurG	K02563	HTCC7211_00532
DS995298.1	Prodigal:002006	CDS	506466	507860	.	+	0	HTCC7211_00537	HTCC7211	500	COG0773	MurC	K01924	HTCC7211_00532
KL370779.1	Prodigal:002006	CDS	141914	143308	.	-	0	HTCC7214_00141	HTCC7214	500	COG0773	MurC	K01924	HTCC7214_00146
KL370779.1	Prodigal:002006	CDS	143298	144365	.	-	0	HTCC7214_00142	HTCC7214	546	COG0707	MurG	K02563	HTCC7214_00146
KL370779.1	Prodigal:002006	CDS	144369	145490	.	-	0	HTCC7214_00143	HTCC7214	59	COG0772	FtsW	NA	HTCC7214_00146
KL370779.1	Prodigal:002006	CDS	145480	146775	.	-	0	HTCC7214_00144	HTCC7214	651	COG0771	MurD	NA	HTCC7214_00146
KL370779.1	Prodigal:002006	CDS	146775	147860	.	-	0	HTCC7214_00145	HTCC7214	632	COG0472	Rfe	K01000	HTCC7214_00146
KL370779.1	Prodigal:002006	CDS	147861	150704	.	-	0	HTCC7214_00146	HTCC7214	169	COG0769	MurE	K15792	HTCC7214_00146
KL370779.1	Prodigal:002006	CDS	150707	152398	.	-	0	HTCC7214_00147	HTCC7214	56	COG0768	FtsI	NA	HTCC7214_00146
KL370779.1	Prodigal:002006	CDS	152398	152703	.	-	0	HTCC7214_00148	HTCC7214	909	NA	NA	NA	HTCC7214_00146
KL370779.1	Prodigal:002006	CDS	152700	153710	.	-	0	HTCC7214_00149	HTCC7214	684	COG0275	RmsH	NA	HTCC7214_00146
KL370779.1	Prodigal:002006	CDS	153729	155207	.	-	0	HTCC7214_00150	HTCC7214	639	COG0206	FtsZ	K03531	HTCC7214_00146
KL370779.1	Prodigal:002006	CDS	155211	155678	.	-	0	HTCC7214_00151	HTCC7214	670	COG2001	MraZ	K03925	HTCC7214_00146
JNIU01000001.1	Prodigal:002006	CDS	1293845	1294312	.	+	0	HTCC7217_01394	HTCC7217	670	COG2001	MraZ	K03925	HTCC7217_01399
JNIU01000001.1	Prodigal:002006	CDS	1294316	1295794	.	+	0	HTCC7217_01395	HTCC7217	639	COG0206	FtsZ	K03531	HTCC7217_01399
JNIU01000001.1	Prodigal:002006	CDS	1295813	1296823	.	+	0	HTCC7217_01396	HTCC7217	684	COG0275	RmsH	NA	HTCC7217_01399
JNIU01000001.1	Prodigal:002006	CDS	1296820	1297125	.	+	0	HTCC7217_01397	HTCC7217	909	NA	NA	NA	HTCC7217_01399
JNIU01000001.1	Prodigal:002006	CDS	1297125	1298816	.	+	0	HTCC7217_01398	HTCC7217	56	COG0768	FtsI	NA	HTCC7217_01399
JNIU01000001.1	Prodigal:002006	CDS	1298819	1301662	.	+	0	HTCC7217_01399	HTCC7217	169	COG0769	MurE	K15792	HTCC7217_01399
JNIU01000001.1	Prodigal:002006	CDS	1301663	1302748	.	+	0	HTCC7217_01400	HTCC7217	632	COG0472	Rfe	K01000	HTCC7217_01399
JNIU01000001.1	Prodigal:002006	CDS	1302748	1304043	.	+	0	HTCC7217_01401	HTCC7217	651	COG0771	MurD	NA	HTCC7217_01399
JNIU01000001.1	Prodigal:002006	CDS	1304033	1305154	.	+	0	HTCC7217_01402	HTCC7217	59	COG0772	FtsW	NA	HTCC7217_01399
JNIU01000001.1	Prodigal:002006	CDS	1305158	1306225	.	+	0	HTCC7217_01403	HTCC7217	546	COG0707	MurG	K02563	HTCC7217_01399
JNIU01000001.1	Prodigal:002006	CDS	1306215	1307609	.	+	0	HTCC7217_01404	HTCC7217	500	COG0773	MurC	K01924	HTCC7217_01399
KI421440.1	Prodigal:002006	CDS	178435	178902	.	+	0	HTCC8051_00187	HTCC8051	670	COG2001	MraZ	K03925	HTCC8051_00192
KI421440.1	Prodigal:002006	CDS	178906	180390	.	+	0	HTCC8051_00188	HTCC8051	639	COG0206	FtsZ	K03531	HTCC8051_00192
KI421440.1	Prodigal:002006	CDS	180409	181419	.	+	0	HTCC8051_00189	HTCC8051	684	COG0275	RmsH	NA	HTCC8051_00192
KI421440.1	Prodigal:002006	CDS	181416	181721	.	+	0	HTCC8051_00190	HTCC8051	909	NA	NA	NA	HTCC8051_00192
KI421440.1	Prodigal:002006	CDS	181721	183409	.	+	0	HTCC8051_00191	HTCC8051	56	COG0768	FtsI	NA	HTCC8051_00192
KI421440.1	Prodigal:002006	CDS	183412	186255	.	+	0	HTCC8051_00192	HTCC8051	169	COG0769	MurE	K15792	HTCC8051_00192
KI421440.1	Prodigal:002006	CDS	186255	187340	.	+	0	HTCC8051_00193	HTCC8051	632	COG0472	Rfe	K01000	HTCC8051_00192
KI421440.1	Prodigal:002006	CDS	187340	188656	.	+	0	HTCC8051_00194	HTCC8051	651	COG0771	MurD	NA	HTCC8051_00192
KI421440.1	Prodigal:002006	CDS	188631	189758	.	+	0	HTCC8051_00195	HTCC8051	59	COG0772	FtsW	NA	HTCC8051_00192
KI421440.1	Prodigal:002006	CDS	189759	190826	.	+	0	HTCC8051_00196	HTCC8051	546	COG0707	MurG	K02563	HTCC8051_00192
KI421440.1	Prodigal:002006	CDS	190816	192210	.	+	0	HTCC8051_00197	HTCC8051	500	COG0773	MurC	K01924	HTCC8051_00192
KI421433.1	Prodigal:002006	CDS	91941	92408	.	+	0	HTCC9022_00656	HTCC9022	670	COG2001	MraZ	K03925	HTCC9022_00661
KI421433.1	Prodigal:002006	CDS	92412	93890	.	+	0	HTCC9022_00657	HTCC9022	639	COG0206	FtsZ	K03531	HTCC9022_00661
KI421433.1	Prodigal:002006	CDS	93909	94919	.	+	0	HTCC9022_00658	HTCC9022	684	COG0275	RmsH	NA	HTCC9022_00661
KI421433.1	Prodigal:002006	CDS	94916	95221	.	+	0	HTCC9022_00659	HTCC9022	909	NA	NA	NA	HTCC9022_00661
KI421433.1	Prodigal:002006	CDS	95221	96909	.	+	0	HTCC9022_00660	HTCC9022	56	COG0768	FtsI	NA	HTCC9022_00661
KI421433.1	Prodigal:002006	CDS	96912	99755	.	+	0	HTCC9022_00661	HTCC9022	169	COG0769	MurE	K15792	HTCC9022_00661
KI421433.1	Prodigal:002006	CDS	99755	100840	.	+	0	HTCC9022_00662	HTCC9022	632	COG0472	Rfe	K01000	HTCC9022_00661
KI421433.1	Prodigal:002006	CDS	100840	102141	.	+	0	HTCC9022_00663	HTCC9022	651	COG0771	MurD	NA	HTCC9022_00661
KI421433.1	Prodigal:002006	CDS	102131	103258	.	+	0	HTCC9022_00664	HTCC9022	59	COG0772	FtsW	NA	HTCC9022_00661
KI421433.1	Prodigal:002006	CDS	103260	104327	.	+	0	HTCC9022_00665	HTCC9022	546	COG0707	MurG	K02563	HTCC9022_00661
KI421433.1	Prodigal:002006	CDS	104317	105714	.	+	0	HTCC9022_00666	HTCC9022	500	COG0773	MurC	K01924	HTCC9022_00661
NZ_LANA01000001.1	Prodigal:002006	CDS	680205	680684	.	+	0	HTCC9565_00731	HTCC9565	670	COG2001	MraZ	K03925	HTCC9565_00736
NZ_LANA01000001.1	Prodigal:002006	CDS	680674	682164	.	+	0	HTCC9565_00732	HTCC9565	639	COG0206	FtsZ	K03531	HTCC9565_00736
NZ_LANA01000001.1	Prodigal:002006	CDS	682183	683193	.	+	0	HTCC9565_00733	HTCC9565	684	COG0275	RmsH	NA	HTCC9565_00736
NZ_LANA01000001.1	Prodigal:002006	CDS	683190	683498	.	+	0	HTCC9565_00734	HTCC9565	909	NA	NA	NA	HTCC9565_00736
NZ_LANA01000001.1	Prodigal:002006	CDS	683491	685173	.	+	0	HTCC9565_00735	HTCC9565	56	COG0768	FtsI	NA	HTCC9565_00736
NZ_LANA01000001.1	Prodigal:002006	CDS	685181	688027	.	+	0	HTCC9565_00736	HTCC9565	169	COG0769	MurE	K15792	HTCC9565_00736
NZ_LANA01000001.1	Prodigal:002006	CDS	688017	689102	.	+	0	HTCC9565_00737	HTCC9565	632	COG0472	Rfe	K01000	HTCC9565_00736
NZ_LANA01000001.1	Prodigal:002006	CDS	689102	690373	.	+	0	HTCC9565_00738	HTCC9565	651	COG0771	MurD	NA	HTCC9565_00736
NZ_LANA01000001.1	Prodigal:002006	CDS	690374	691498	.	+	0	HTCC9565_00739	HTCC9565	59	COG0772	FtsW	NA	HTCC9565_00736
NZ_LANA01000001.1	Prodigal:002006	CDS	691499	692569	.	+	0	HTCC9565_00740	HTCC9565	546	COG0707	MurG	K02563	HTCC9565_00736
NZ_LANA01000001.1	Prodigal:002006	CDS	692559	693953	.	+	0	HTCC9565_00741	HTCC9565	500	COG0773	MurC	K01924	HTCC9565_00736
CP002511.1	Prodigal:002006	CDS	663116	663565	.	+	0	IMCC9063_00754	IMCC9063	670	COG2001	MraZ	K03925	IMCC9063_00759
CP002511.1	Prodigal:002006	CDS	663583	665103	.	+	0	IMCC9063_00755	IMCC9063	639	COG0206	FtsZ	K03531	IMCC9063_00759
CP002511.1	Prodigal:002006	CDS	665120	666133	.	+	0	IMCC9063_00756	IMCC9063	684	COG0275	RmsH	NA	IMCC9063_00759
CP002511.1	Prodigal:002006	CDS	666126	666395	.	+	0	IMCC9063_00757	IMCC9063	909	NA	NA	NA	IMCC9063_00759
CP002511.1	Prodigal:002006	CDS	666382	668064	.	+	0	IMCC9063_00758	IMCC9063	56	COG0768	FtsI	NA	IMCC9063_00759
CP002511.1	Prodigal:002006	CDS	668039	669433	.	+	0	IMCC9063_00759	IMCC9063	169	COG0769	MurE	K01928	IMCC9063_00759
CP002511.1	Prodigal:002006	CDS	669434	670231	.	+	0	IMCC9063_00760	IMCC9063	169	COG0770	MurF	NA	IMCC9063_00759
CP002511.1	Prodigal:002006	CDS	670341	670808	.	+	0	IMCC9063_00761	IMCC9063	169	COG0770	MurF	NA	IMCC9063_00759
CP002511.1	Prodigal:002006	CDS	670813	671901	.	+	0	IMCC9063_00762	IMCC9063	632	COG0472	Rfe	K01000	IMCC9063_00759
CP002511.1	Prodigal:002006	CDS	671901	673187	.	+	0	IMCC9063_00763	IMCC9063	651	COG0771	MurD	NA	IMCC9063_00759
CP002511.1	Prodigal:002006	CDS	673180	673848	.	+	0	IMCC9063_00764	IMCC9063	59	COG0772	FtsW	NA	IMCC9063_00759
CP002511.1	Prodigal:002006	CDS	663583	665103	.	+	0	IMCC9063_00755	IMCC9063	639	COG0206	FtsZ	K03531	IMCC9063_00760
CP002511.1	Prodigal:002006	CDS	665120	666133	.	+	0	IMCC9063_00756	IMCC9063	684	COG0275	RmsH	NA	IMCC9063_00760
CP002511.1	Prodigal:002006	CDS	666126	666395	.	+	0	IMCC9063_00757	IMCC9063	909	NA	NA	NA	IMCC9063_00760
CP002511.1	Prodigal:002006	CDS	666382	668064	.	+	0	IMCC9063_00758	IMCC9063	56	COG0768	FtsI	NA	IMCC9063_00760
CP002511.1	Prodigal:002006	CDS	668039	669433	.	+	0	IMCC9063_00759	IMCC9063	169	COG0769	MurE	K01928	IMCC9063_00760
CP002511.1	Prodigal:002006	CDS	669434	670231	.	+	0	IMCC9063_00760	IMCC9063	169	COG0770	MurF	NA	IMCC9063_00760
CP002511.1	Prodigal:002006	CDS	670341	670808	.	+	0	IMCC9063_00761	IMCC9063	169	COG0770	MurF	NA	IMCC9063_00760
CP002511.1	Prodigal:002006	CDS	670813	671901	.	+	0	IMCC9063_00762	IMCC9063	632	COG0472	Rfe	K01000	IMCC9063_00760
CP002511.1	Prodigal:002006	CDS	671901	673187	.	+	0	IMCC9063_00763	IMCC9063	651	COG0771	MurD	NA	IMCC9063_00760
CP002511.1	Prodigal:002006	CDS	673180	673848	.	+	0	IMCC9063_00764	IMCC9063	59	COG0772	FtsW	NA	IMCC9063_00760
CP002511.1	Prodigal:002006	CDS	673854	674291	.	+	0	IMCC9063_00765	IMCC9063	59	COG0772	FtsW	NA	IMCC9063_00760
CP002511.1	Prodigal:002006	CDS	665120	666133	.	+	0	IMCC9063_00756	IMCC9063	684	COG0275	RmsH	NA	IMCC9063_00761
CP002511.1	Prodigal:002006	CDS	666126	666395	.	+	0	IMCC9063_00757	IMCC9063	909	NA	NA	NA	IMCC9063_00761
CP002511.1	Prodigal:002006	CDS	666382	668064	.	+	0	IMCC9063_00758	IMCC9063	56	COG0768	FtsI	NA	IMCC9063_00761
CP002511.1	Prodigal:002006	CDS	668039	669433	.	+	0	IMCC9063_00759	IMCC9063	169	COG0769	MurE	K01928	IMCC9063_00761
CP002511.1	Prodigal:002006	CDS	669434	670231	.	+	0	IMCC9063_00760	IMCC9063	169	COG0770	MurF	NA	IMCC9063_00761
CP002511.1	Prodigal:002006	CDS	670341	670808	.	+	0	IMCC9063_00761	IMCC9063	169	COG0770	MurF	NA	IMCC9063_00761
CP002511.1	Prodigal:002006	CDS	670813	671901	.	+	0	IMCC9063_00762	IMCC9063	632	COG0472	Rfe	K01000	IMCC9063_00761
CP002511.1	Prodigal:002006	CDS	671901	673187	.	+	0	IMCC9063_00763	IMCC9063	651	COG0771	MurD	NA	IMCC9063_00761
CP002511.1	Prodigal:002006	CDS	673180	673848	.	+	0	IMCC9063_00764	IMCC9063	59	COG0772	FtsW	NA	IMCC9063_00761
CP002511.1	Prodigal:002006	CDS	673854	674291	.	+	0	IMCC9063_00765	IMCC9063	59	COG0772	FtsW	NA	IMCC9063_00761
CP002511.1	Prodigal:002006	CDS	674288	675361	.	+	0	IMCC9063_00766	IMCC9063	546	COG0707	MurG	K02563	IMCC9063_00761
Ga0182791_11	Prodigal:002006	CDS	840568	841980	.	-	0	LSUCC0261_00903	LSUCC0261	500	COG0773	MurC	K01924	LSUCC0261_00908
Ga0182791_11	Prodigal:002006	CDS	841980	843056	.	-	0	LSUCC0261_00904	LSUCC0261	546	COG0707	MurG	K02563	LSUCC0261_00908
Ga0182791_11	Prodigal:002006	CDS	843056	844168	.	-	0	LSUCC0261_00905	LSUCC0261	59	COG0772	FtsW	NA	LSUCC0261_00908
Ga0182791_11	Prodigal:002006	CDS	844169	845452	.	-	0	LSUCC0261_00906	LSUCC0261	651	COG0771	MurD	NA	LSUCC0261_00908
Ga0182791_11	Prodigal:002006	CDS	845452	846540	.	-	0	LSUCC0261_00907	LSUCC0261	632	COG0472	Rfe	K01000	LSUCC0261_00908
Ga0182791_11	Prodigal:002006	CDS	846534	847880	.	-	0	LSUCC0261_00908	LSUCC0261	169	COG0770	MurF	K01929	LSUCC0261_00908
Ga0182791_11	Prodigal:002006	CDS	847877	849271	.	-	0	LSUCC0261_00909	LSUCC0261	169	COG0769	MurE	K01928	LSUCC0261_00908
Ga0182791_11	Prodigal:002006	CDS	849252	850937	.	-	0	LSUCC0261_00910	LSUCC0261	56	COG0768	FtsI	NA	LSUCC0261_00908
Ga0182791_11	Prodigal:002006	CDS	850924	851190	.	-	0	LSUCC0261_00911	LSUCC0261	909	NA	NA	NA	LSUCC0261_00908
Ga0182791_11	Prodigal:002006	CDS	851183	852193	.	-	0	LSUCC0261_00912	LSUCC0261	684	COG0275	RmsH	NA	LSUCC0261_00908
Ga0182791_11	Prodigal:002006	CDS	852211	853695	.	-	0	LSUCC0261_00913	LSUCC0261	639	COG0206	FtsZ	K03531	LSUCC0261_00908
Ga0182791_11	Prodigal:002006	CDS	841980	843056	.	-	0	LSUCC0261_00904	LSUCC0261	546	COG0707	MurG	K02563	LSUCC0261_00909
Ga0182791_11	Prodigal:002006	CDS	843056	844168	.	-	0	LSUCC0261_00905	LSUCC0261	59	COG0772	FtsW	NA	LSUCC0261_00909
Ga0182791_11	Prodigal:002006	CDS	844169	845452	.	-	0	LSUCC0261_00906	LSUCC0261	651	COG0771	MurD	NA	LSUCC0261_00909
Ga0182791_11	Prodigal:002006	CDS	845452	846540	.	-	0	LSUCC0261_00907	LSUCC0261	632	COG0472	Rfe	K01000	LSUCC0261_00909
Ga0182791_11	Prodigal:002006	CDS	846534	847880	.	-	0	LSUCC0261_00908	LSUCC0261	169	COG0770	MurF	K01929	LSUCC0261_00909
Ga0182791_11	Prodigal:002006	CDS	847877	849271	.	-	0	LSUCC0261_00909	LSUCC0261	169	COG0769	MurE	K01928	LSUCC0261_00909
Ga0182791_11	Prodigal:002006	CDS	849252	850937	.	-	0	LSUCC0261_00910	LSUCC0261	56	COG0768	FtsI	NA	LSUCC0261_00909
Ga0182791_11	Prodigal:002006	CDS	850924	851190	.	-	0	LSUCC0261_00911	LSUCC0261	909	NA	NA	NA	LSUCC0261_00909
Ga0182791_11	Prodigal:002006	CDS	851183	852193	.	-	0	LSUCC0261_00912	LSUCC0261	684	COG0275	RmsH	NA	LSUCC0261_00909
Ga0182791_11	Prodigal:002006	CDS	852211	853695	.	-	0	LSUCC0261_00913	LSUCC0261	639	COG0206	FtsZ	K03531	LSUCC0261_00909
Ga0182791_11	Prodigal:002006	CDS	853715	854164	.	-	0	LSUCC0261_00914	LSUCC0261	670	COG2001	MraZ	K03925	LSUCC0261_00909
CP024034.1	Prodigal:002006	CDS	775678	777084	.	-	0	LSUCC0530_00855	LSUCC0530	500	COG0773	MurC	K01924	LSUCC0530_00860
CP024034.1	Prodigal:002006	CDS	777084	778160	.	-	0	LSUCC0530_00856	LSUCC0530	546	COG0707	MurG	K02563	LSUCC0530_00860
CP024034.1	Prodigal:002006	CDS	778160	779284	.	-	0	LSUCC0530_00857	LSUCC0530	59	COG0772	FtsW	NA	LSUCC0530_00860
CP024034.1	Prodigal:002006	CDS	779281	780582	.	-	0	LSUCC0530_00858	LSUCC0530	651	COG0771	MurD	NA	LSUCC0530_00860
CP024034.1	Prodigal:002006	CDS	780582	781670	.	-	0	LSUCC0530_00859	LSUCC0530	632	COG0472	Rfe	K01000	LSUCC0530_00860
CP024034.1	Prodigal:002006	CDS	781670	783019	.	-	0	LSUCC0530_00860	LSUCC0530	169	COG0770	MurF	K01929	LSUCC0530_00860
CP024034.1	Prodigal:002006	CDS	783021	784421	.	-	0	LSUCC0530_00861	LSUCC0530	169	COG0769	MurE	K01928	LSUCC0530_00860
CP024034.1	Prodigal:002006	CDS	784411	786111	.	-	0	LSUCC0530_00862	LSUCC0530	56	COG0768	FtsI	NA	LSUCC0530_00860
CP024034.1	Prodigal:002006	CDS	786101	786370	.	-	0	LSUCC0530_00863	LSUCC0530	909	COG4839	FtsL2	K03586	LSUCC0530_00860
CP024034.1	Prodigal:002006	CDS	786363	787385	.	-	0	LSUCC0530_00864	LSUCC0530	684	COG0275	RmsH	NA	LSUCC0530_00860
CP024034.1	Prodigal:002006	CDS	787413	788870	.	-	0	LSUCC0530_00865	LSUCC0530	639	COG0206	FtsZ	K03531	LSUCC0530_00860
CP024034.1	Prodigal:002006	CDS	777084	778160	.	-	0	LSUCC0530_00856	LSUCC0530	546	COG0707	MurG	K02563	LSUCC0530_00861
CP024034.1	Prodigal:002006	CDS	778160	779284	.	-	0	LSUCC0530_00857	LSUCC0530	59	COG0772	FtsW	NA	LSUCC0530_00861
CP024034.1	Prodigal:002006	CDS	779281	780582	.	-	0	LSUCC0530_00858	LSUCC0530	651	COG0771	MurD	NA	LSUCC0530_00861
CP024034.1	Prodigal:002006	CDS	780582	781670	.	-	0	LSUCC0530_00859	LSUCC0530	632	COG0472	Rfe	K01000	LSUCC0530_00861
CP024034.1	Prodigal:002006	CDS	781670	783019	.	-	0	LSUCC0530_00860	LSUCC0530	169	COG0770	MurF	K01929	LSUCC0530_00861
CP024034.1	Prodigal:002006	CDS	783021	784421	.	-	0	LSUCC0530_00861	LSUCC0530	169	COG0769	MurE	K01928	LSUCC0530_00861
CP024034.1	Prodigal:002006	CDS	784411	786111	.	-	0	LSUCC0530_00862	LSUCC0530	56	COG0768	FtsI	NA	LSUCC0530_00861
CP024034.1	Prodigal:002006	CDS	786101	786370	.	-	0	LSUCC0530_00863	LSUCC0530	909	COG4839	FtsL2	K03586	LSUCC0530_00861
CP024034.1	Prodigal:002006	CDS	786363	787385	.	-	0	LSUCC0530_00864	LSUCC0530	684	COG0275	RmsH	NA	LSUCC0530_00861
CP024034.1	Prodigal:002006	CDS	787413	788870	.	-	0	LSUCC0530_00865	LSUCC0530	639	COG0206	FtsZ	K03531	LSUCC0530_00861
CP024034.1	Prodigal:002006	CDS	788906	789346	.	-	0	LSUCC0530_00866	LSUCC0530	670	COG2001	MraZ	K03925	LSUCC0530_00861
Ga0255589_11	Prodigal:002006	CDS	246528	246977	.	+	0	LSUCC0664_00271	LSUCC0664	670	COG2001	MraZ	K03925	LSUCC0664_00276
Ga0255589_11	Prodigal:002006	CDS	246998	248542	.	+	0	LSUCC0664_00272	LSUCC0664	639	COG0206	FtsZ	K03531	LSUCC0664_00276
Ga0255589_11	Prodigal:002006	CDS	248555	249553	.	+	0	LSUCC0664_00273	LSUCC0664	684	COG0275	RmsH	NA	LSUCC0664_00276
Ga0255589_11	Prodigal:002006	CDS	249538	249813	.	+	0	LSUCC0664_00274	LSUCC0664	909	NA	NA	NA	LSUCC0664_00276
Ga0255589_11	Prodigal:002006	CDS	249803	251470	.	+	0	LSUCC0664_00275	LSUCC0664	56	COG0768	FtsI	NA	LSUCC0664_00276
Ga0255589_11	Prodigal:002006	CDS	251470	252849	.	+	0	LSUCC0664_00276	LSUCC0664	169	COG0769	MurE	K01928	LSUCC0664_00276
Ga0255589_11	Prodigal:002006	CDS	252846	254171	.	+	0	LSUCC0664_00277	LSUCC0664	169	COG0770	MurF	K01929	LSUCC0664_00276
Ga0255589_11	Prodigal:002006	CDS	254171	255259	.	+	0	LSUCC0664_00278	LSUCC0664	632	COG0472	Rfe	K01000	LSUCC0664_00276
Ga0255589_11	Prodigal:002006	CDS	255261	256460	.	+	0	LSUCC0664_00279	LSUCC0664	651	COG0771	MurD	NA	LSUCC0664_00276
Ga0255589_11	Prodigal:002006	CDS	256444	257553	.	+	0	LSUCC0664_00280	LSUCC0664	59	COG0772	FtsW	NA	LSUCC0664_00276
Ga0255589_11	Prodigal:002006	CDS	257594	259000	.	+	0	LSUCC0664_00281	LSUCC0664	500	COG0773	MurC	K01924	LSUCC0664_00276
Ga0255589_11	Prodigal:002006	CDS	246998	248542	.	+	0	LSUCC0664_00272	LSUCC0664	639	COG0206	FtsZ	K03531	LSUCC0664_00277
Ga0255589_11	Prodigal:002006	CDS	248555	249553	.	+	0	LSUCC0664_00273	LSUCC0664	684	COG0275	RmsH	NA	LSUCC0664_00277
Ga0255589_11	Prodigal:002006	CDS	249538	249813	.	+	0	LSUCC0664_00274	LSUCC0664	909	NA	NA	NA	LSUCC0664_00277
Ga0255589_11	Prodigal:002006	CDS	249803	251470	.	+	0	LSUCC0664_00275	LSUCC0664	56	COG0768	FtsI	NA	LSUCC0664_00277
Ga0255589_11	Prodigal:002006	CDS	251470	252849	.	+	0	LSUCC0664_00276	LSUCC0664	169	COG0769	MurE	K01928	LSUCC0664_00277
Ga0255589_11	Prodigal:002006	CDS	252846	254171	.	+	0	LSUCC0664_00277	LSUCC0664	169	COG0770	MurF	K01929	LSUCC0664_00277
Ga0255589_11	Prodigal:002006	CDS	254171	255259	.	+	0	LSUCC0664_00278	LSUCC0664	632	COG0472	Rfe	K01000	LSUCC0664_00277
Ga0255589_11	Prodigal:002006	CDS	255261	256460	.	+	0	LSUCC0664_00279	LSUCC0664	651	COG0771	MurD	NA	LSUCC0664_00277
Ga0255589_11	Prodigal:002006	CDS	256444	257553	.	+	0	LSUCC0664_00280	LSUCC0664	59	COG0772	FtsW	NA	LSUCC0664_00277
Ga0255589_11	Prodigal:002006	CDS	257594	259000	.	+	0	LSUCC0664_00281	LSUCC0664	500	COG0773	MurC	K01924	LSUCC0664_00277
Ga0255589_11	Prodigal:002006	CDS	258987	259847	.	+	0	LSUCC0664_00282	LSUCC0664	521	COG0812	MurB	K00075	LSUCC0664_00277
Ga0197930_11	Prodigal:002006	CDS	793422	794285	.	-	0	LSUCC0723_00866	LSUCC0723	521	COG0812	MurB	K00075	LSUCC0723_00871
Ga0197930_11	Prodigal:002006	CDS	794285	795676	.	-	0	LSUCC0723_00867	LSUCC0723	500	COG0773	MurC	K01924	LSUCC0723_00871
Ga0197930_11	Prodigal:002006	CDS	795716	796825	.	-	0	LSUCC0723_00868	LSUCC0723	59	COG0772	FtsW	NA	LSUCC0723_00871
Ga0197930_11	Prodigal:002006	CDS	796806	798011	.	-	0	LSUCC0723_00869	LSUCC0723	651	COG0771	MurD	NA	LSUCC0723_00871
Ga0197930_11	Prodigal:002006	CDS	798012	799100	.	-	0	LSUCC0723_00870	LSUCC0723	632	COG0472	Rfe	K01000	LSUCC0723_00871
Ga0197930_11	Prodigal:002006	CDS	799100	800431	.	-	0	LSUCC0723_00871	LSUCC0723	169	COG0770	MurF	K01929	LSUCC0723_00871
Ga0197930_11	Prodigal:002006	CDS	800428	801810	.	-	0	LSUCC0723_00872	LSUCC0723	169	COG0769	MurE	K01928	LSUCC0723_00871
Ga0197930_11	Prodigal:002006	CDS	801810	803480	.	-	0	LSUCC0723_00873	LSUCC0723	56	COG0768	FtsI	NA	LSUCC0723_00871
Ga0197930_11	Prodigal:002006	CDS	803467	803745	.	-	0	LSUCC0723_00874	LSUCC0723	909	NA	NA	NA	LSUCC0723_00871
Ga0197930_11	Prodigal:002006	CDS	803738	804727	.	-	0	LSUCC0723_00875	LSUCC0723	684	COG0275	RmsH	NA	LSUCC0723_00871
Ga0197930_11	Prodigal:002006	CDS	804740	806326	.	-	0	LSUCC0723_00876	LSUCC0723	639	COG0206	FtsZ	K03531	LSUCC0723_00871
Ga0197930_11	Prodigal:002006	CDS	794285	795676	.	-	0	LSUCC0723_00867	LSUCC0723	500	COG0773	MurC	K01924	LSUCC0723_00872
Ga0197930_11	Prodigal:002006	CDS	795716	796825	.	-	0	LSUCC0723_00868	LSUCC0723	59	COG0772	FtsW	NA	LSUCC0723_00872
Ga0197930_11	Prodigal:002006	CDS	796806	798011	.	-	0	LSUCC0723_00869	LSUCC0723	651	COG0771	MurD	NA	LSUCC0723_00872
Ga0197930_11	Prodigal:002006	CDS	798012	799100	.	-	0	LSUCC0723_00870	LSUCC0723	632	COG0472	Rfe	K01000	LSUCC0723_00872
Ga0197930_11	Prodigal:002006	CDS	799100	800431	.	-	0	LSUCC0723_00871	LSUCC0723	169	COG0770	MurF	K01929	LSUCC0723_00872
Ga0197930_11	Prodigal:002006	CDS	800428	801810	.	-	0	LSUCC0723_00872	LSUCC0723	169	COG0769	MurE	K01928	LSUCC0723_00872
Ga0197930_11	Prodigal:002006	CDS	801810	803480	.	-	0	LSUCC0723_00873	LSUCC0723	56	COG0768	FtsI	NA	LSUCC0723_00872
Ga0197930_11	Prodigal:002006	CDS	803467	803745	.	-	0	LSUCC0723_00874	LSUCC0723	909	NA	NA	NA	LSUCC0723_00872
Ga0197930_11	Prodigal:002006	CDS	803738	804727	.	-	0	LSUCC0723_00875	LSUCC0723	684	COG0275	RmsH	NA	LSUCC0723_00872
Ga0197930_11	Prodigal:002006	CDS	804740	806326	.	-	0	LSUCC0723_00876	LSUCC0723	639	COG0206	FtsZ	K03531	LSUCC0723_00872
Ga0197930_11	Prodigal:002006	CDS	806308	806757	.	-	0	LSUCC0723_00877	LSUCC0723	670	COG2001	MraZ	K03925	LSUCC0723_00872
CP003809.1	Prodigal:002006	CDS	177571	178026	.	+	0	HIMB5_00189	HIMB5	670	COG2001	MraZ	K03925	HIMB5_00194
CP003809.1	Prodigal:002006	CDS	178041	179507	.	+	0	HIMB5_00190	HIMB5	639	COG0206	FtsZ	K03531	HIMB5_00194
CP003809.1	Prodigal:002006	CDS	179526	180536	.	+	0	HIMB5_00191	HIMB5	684	COG0275	RmsH	NA	HIMB5_00194
CP003809.1	Prodigal:002006	CDS	180533	180841	.	+	0	HIMB5_00192	HIMB5	909	NA	NA	NA	HIMB5_00194
CP003809.1	Prodigal:002006	CDS	180834	182516	.	+	0	HIMB5_00193	HIMB5	56	COG0768	FtsI	NA	HIMB5_00194
CP003809.1	Prodigal:002006	CDS	182519	185380	.	+	0	HIMB5_00194	HIMB5	169	COG0769	MurE	K15792	HIMB5_00194
CP003809.1	Prodigal:002006	CDS	185593	186456	.	+	0	HIMB5_00195	HIMB5	632	COG0472	Rfe	K01000	HIMB5_00194
CP003809.1	Prodigal:002006	CDS	186835	187749	.	+	0	HIMB5_00196	HIMB5	651	COG0771	MurD	NA	HIMB5_00194
CP003809.1	Prodigal:002006	CDS	187727	188854	.	+	0	HIMB5_00197	HIMB5	59	COG0772	FtsW	NA	HIMB5_00194
CP003809.1	Prodigal:002006	CDS	188851	189912	.	+	0	HIMB5_00198	HIMB5	546	COG0707	MurG	K02563	HIMB5_00194
CP003809.1	Prodigal:002006	CDS	189902	191296	.	+	0	HIMB5_00199	HIMB5	500	COG0773	MurC	K01924	HIMB5_00194
CP003801.1	Prodigal:002006	CDS	885691	886266	.	+	0	HIMB59_00963	HIMB59	820	COG3023	AmpD	K01447	HIMB59_00968
CP003801.1	Prodigal:002006	CDS	886667	887083	.	+	0	HIMB59_00964	HIMB59	670	COG2001	MraZ	K03925	HIMB59_00968
CP003801.1	Prodigal:002006	CDS	887092	887985	.	+	0	HIMB59_00965	HIMB59	684	COG0275	RmsH	NA	HIMB59_00968
CP003801.1	Prodigal:002006	CDS	887982	888278	.	+	0	HIMB59_00966	HIMB59	2995	NA	NA	NA	HIMB59_00968
CP003801.1	Prodigal:002006	CDS	888259	889713	.	+	0	HIMB59_00967	HIMB59	56	COG0768	FtsI	NA	HIMB59_00968
CP003801.1	Prodigal:002006	CDS	889710	891092	.	+	0	HIMB59_00968	HIMB59	169	COG0769	MurE	NA	HIMB59_00968
CP003801.1	Prodigal:002006	CDS	891076	892371	.	+	0	HIMB59_00969	HIMB59	169	COG0770	MurF	NA	HIMB59_00968
CP003801.1	Prodigal:002006	CDS	892365	893441	.	+	0	HIMB59_00970	HIMB59	632	COG0472	Rfe	K01000	HIMB59_00968
CP003801.1	Prodigal:002006	CDS	893442	894680	.	+	0	HIMB59_00971	HIMB59	651	COG0771	MurD	NA	HIMB59_00968
CP003801.1	Prodigal:002006	CDS	894677	895783	.	+	0	HIMB59_00972	HIMB59	59	COG0772	FtsW	NA	HIMB59_00968
CP003801.1	Prodigal:002006	CDS	895752	896423	.	+	0	HIMB59_00973	HIMB59	962	COG0518	GuaA1	NA	HIMB59_00968
CP003801.1	Prodigal:002006	CDS	886667	887083	.	+	0	HIMB59_00964	HIMB59	670	COG2001	MraZ	K03925	HIMB59_00969
CP003801.1	Prodigal:002006	CDS	887092	887985	.	+	0	HIMB59_00965	HIMB59	684	COG0275	RmsH	NA	HIMB59_00969
CP003801.1	Prodigal:002006	CDS	887982	888278	.	+	0	HIMB59_00966	HIMB59	2995	NA	NA	NA	HIMB59_00969
CP003801.1	Prodigal:002006	CDS	888259	889713	.	+	0	HIMB59_00967	HIMB59	56	COG0768	FtsI	NA	HIMB59_00969
CP003801.1	Prodigal:002006	CDS	889710	891092	.	+	0	HIMB59_00968	HIMB59	169	COG0769	MurE	NA	HIMB59_00969
CP003801.1	Prodigal:002006	CDS	891076	892371	.	+	0	HIMB59_00969	HIMB59	169	COG0770	MurF	NA	HIMB59_00969
CP003801.1	Prodigal:002006	CDS	892365	893441	.	+	0	HIMB59_00970	HIMB59	632	COG0472	Rfe	K01000	HIMB59_00969
CP003801.1	Prodigal:002006	CDS	893442	894680	.	+	0	HIMB59_00971	HIMB59	651	COG0771	MurD	NA	HIMB59_00969
CP003801.1	Prodigal:002006	CDS	894677	895783	.	+	0	HIMB59_00972	HIMB59	59	COG0772	FtsW	NA	HIMB59_00969
CP003801.1	Prodigal:002006	CDS	895752	896423	.	+	0	HIMB59_00973	HIMB59	962	COG0518	GuaA1	NA	HIMB59_00969
CP003801.1	Prodigal:002006	CDS	896420	897343	.	+	0	HIMB59_00974	HIMB59	100	COG0123	AcuC	NA	HIMB59_00969
NZ_LAMZ01000001.1	Prodigal:002006	CDS	586814	588211	.	-	0	HIMB140_00662	HIMB140	500	COG0773	MurC	K01924	HIMB140_00667
NZ_LAMZ01000001.1	Prodigal:002006	CDS	588201	589268	.	-	0	HIMB140_00663	HIMB140	546	COG0707	MurG	K02563	HIMB140_00667
NZ_LAMZ01000001.1	Prodigal:002006	CDS	589272	590390	.	-	0	HIMB140_00664	HIMB140	59	COG0772	FtsW	NA	HIMB140_00667
NZ_LAMZ01000001.1	Prodigal:002006	CDS	590380	591663	.	-	0	HIMB140_00665	HIMB140	651	COG0771	MurD	NA	HIMB140_00667
NZ_LAMZ01000001.1	Prodigal:002006	CDS	591663	592748	.	-	0	HIMB140_00666	HIMB140	632	COG0472	Rfe	K01000	HIMB140_00667
NZ_LAMZ01000001.1	Prodigal:002006	CDS	592749	595592	.	-	0	HIMB140_00667	HIMB140	169	COG0769	MurE	K15792	HIMB140_00667
NZ_LAMZ01000001.1	Prodigal:002006	CDS	595595	597286	.	-	0	HIMB140_00668	HIMB140	56	COG0768	FtsI	NA	HIMB140_00667
NZ_LAMZ01000001.1	Prodigal:002006	CDS	597283	597591	.	-	0	HIMB140_00669	HIMB140	909	NA	NA	NA	HIMB140_00667
NZ_LAMZ01000001.1	Prodigal:002006	CDS	597588	598598	.	-	0	HIMB140_00670	HIMB140	684	COG0275	RmsH	NA	HIMB140_00667
NZ_LAMZ01000001.1	Prodigal:002006	CDS	598617	600092	.	-	0	HIMB140_00671	HIMB140	639	COG0206	FtsZ	K03531	HIMB140_00667
NZ_LAMZ01000001.1	Prodigal:002006	CDS	600094	600561	.	-	0	HIMB140_00672	HIMB140	670	COG2001	MraZ	K03925	HIMB140_00667
LT840186.1	Prodigal:002006	CDS	93738	94205	.	+	0	HIMB1321_00105	HIMB1321	670	COG2001	MraZ	K03925	HIMB1321_00110
LT840186.1	Prodigal:002006	CDS	94209	95690	.	+	0	HIMB1321_00106	HIMB1321	639	COG0206	FtsZ	K03531	HIMB1321_00110
LT840186.1	Prodigal:002006	CDS	95709	96719	.	+	0	HIMB1321_00107	HIMB1321	684	COG0275	RmsH	NA	HIMB1321_00110
LT840186.1	Prodigal:002006	CDS	96716	97024	.	+	0	HIMB1321_00108	HIMB1321	909	NA	NA	NA	HIMB1321_00110
LT840186.1	Prodigal:002006	CDS	97021	98703	.	+	0	HIMB1321_00109	HIMB1321	56	COG0768	FtsI	NA	HIMB1321_00110
LT840186.1	Prodigal:002006	CDS	98706	101567	.	+	0	HIMB1321_00110	HIMB1321	169	COG0769	MurE	K01928	HIMB1321_00110
LT840186.1	Prodigal:002006	CDS	101557	102642	.	+	0	HIMB1321_00111	HIMB1321	632	COG0472	Rfe	K01000	HIMB1321_00110
LT840186.1	Prodigal:002006	CDS	102642	103934	.	+	0	HIMB1321_00112	HIMB1321	651	COG0771	MurD	NA	HIMB1321_00110
LT840186.1	Prodigal:002006	CDS	103931	105058	.	+	0	HIMB1321_00113	HIMB1321	59	COG0772	FtsW	NA	HIMB1321_00110
LT840186.1	Prodigal:002006	CDS	105061	106125	.	+	0	HIMB1321_00114	HIMB1321	546	COG0707	MurG	K02563	HIMB1321_00110
LT840186.1	Prodigal:002006	CDS	106115	107512	.	+	0	HIMB1321_00115	HIMB1321	500	COG0773	MurC	K01924	HIMB1321_00110
ADAC02000001.1	Prodigal:002006	CDS	152874	153323	.	+	0	HIMB114_00167	HIMB114	670	COG2001	MraZ	K03925	HIMB114_00172
ADAC02000001.1	Prodigal:002006	CDS	153305	154891	.	+	0	HIMB114_00168	HIMB114	639	COG0206	FtsZ	K03531	HIMB114_00172
ADAC02000001.1	Prodigal:002006	CDS	154904	155893	.	+	0	HIMB114_00169	HIMB114	684	COG0275	RmsH	NA	HIMB114_00172
ADAC02000001.1	Prodigal:002006	CDS	155886	156164	.	+	0	HIMB114_00170	HIMB114	909	NA	NA	NA	HIMB114_00172
ADAC02000001.1	Prodigal:002006	CDS	156151	157821	.	+	0	HIMB114_00171	HIMB114	56	COG0768	FtsI	NA	HIMB114_00172
ADAC02000001.1	Prodigal:002006	CDS	157821	159203	.	+	0	HIMB114_00172	HIMB114	169	COG0769	MurE	K01928	HIMB114_00172
ADAC02000001.1	Prodigal:002006	CDS	159200	160531	.	+	0	HIMB114_00173	HIMB114	169	COG0770	MurF	K01929	HIMB114_00172
ADAC02000001.1	Prodigal:002006	CDS	160531	161619	.	+	0	HIMB114_00174	HIMB114	632	COG0472	Rfe	K01000	HIMB114_00172
ADAC02000001.1	Prodigal:002006	CDS	161620	162825	.	+	0	HIMB114_00175	HIMB114	651	COG0771	MurD	NA	HIMB114_00172
ADAC02000001.1	Prodigal:002006	CDS	162806	163915	.	+	0	HIMB114_00176	HIMB114	59	COG0772	FtsW	NA	HIMB114_00172
ADAC02000001.1	Prodigal:002006	CDS	163955	165346	.	+	0	HIMB114_00177	HIMB114	500	COG0773	MurC	K01924	HIMB114_00172
ADAC02000001.1	Prodigal:002006	CDS	153305	154891	.	+	0	HIMB114_00168	HIMB114	639	COG0206	FtsZ	K03531	HIMB114_00173
ADAC02000001.1	Prodigal:002006	CDS	154904	155893	.	+	0	HIMB114_00169	HIMB114	684	COG0275	RmsH	NA	HIMB114_00173
ADAC02000001.1	Prodigal:002006	CDS	155886	156164	.	+	0	HIMB114_00170	HIMB114	909	NA	NA	NA	HIMB114_00173
ADAC02000001.1	Prodigal:002006	CDS	156151	157821	.	+	0	HIMB114_00171	HIMB114	56	COG0768	FtsI	NA	HIMB114_00173
ADAC02000001.1	Prodigal:002006	CDS	157821	159203	.	+	0	HIMB114_00172	HIMB114	169	COG0769	MurE	K01928	HIMB114_00173
ADAC02000001.1	Prodigal:002006	CDS	159200	160531	.	+	0	HIMB114_00173	HIMB114	169	COG0770	MurF	K01929	HIMB114_00173
ADAC02000001.1	Prodigal:002006	CDS	160531	161619	.	+	0	HIMB114_00174	HIMB114	632	COG0472	Rfe	K01000	HIMB114_00173
ADAC02000001.1	Prodigal:002006	CDS	161620	162825	.	+	0	HIMB114_00175	HIMB114	651	COG0771	MurD	NA	HIMB114_00173
ADAC02000001.1	Prodigal:002006	CDS	162806	163915	.	+	0	HIMB114_00176	HIMB114	59	COG0772	FtsW	NA	HIMB114_00173
ADAC02000001.1	Prodigal:002006	CDS	163955	165346	.	+	0	HIMB114_00177	HIMB114	500	COG0773	MurC	K01924	HIMB114_00173
ADAC02000001.1	Prodigal:002006	CDS	165346	166209	.	+	0	HIMB114_00178	HIMB114	521	COG0812	MurB	K00075	HIMB114_00173
AZAL01000001.1	Prodigal:002006	CDS	1156239	1156706	.	+	0	HIMB083_01244	HIMB083	670	COG2001	MraZ	K03925	HIMB083_01249
AZAL01000001.1	Prodigal:002006	CDS	1156708	1158189	.	+	0	HIMB083_01245	HIMB083	639	COG0206	FtsZ	K03531	HIMB083_01249
AZAL01000001.1	Prodigal:002006	CDS	1158208	1159218	.	+	0	HIMB083_01246	HIMB083	684	COG0275	RmsH	NA	HIMB083_01249
AZAL01000001.1	Prodigal:002006	CDS	1159215	1159520	.	+	0	HIMB083_01247	HIMB083	909	NA	NA	NA	HIMB083_01249
AZAL01000001.1	Prodigal:002006	CDS	1159520	1161211	.	+	0	HIMB083_01248	HIMB083	56	COG0768	FtsI	NA	HIMB083_01249
AZAL01000001.1	Prodigal:002006	CDS	1161214	1164057	.	+	0	HIMB083_01249	HIMB083	169	COG0769	MurE	K15792	HIMB083_01249
AZAL01000001.1	Prodigal:002006	CDS	1164057	1165142	.	+	0	HIMB083_01250	HIMB083	632	COG0472	Rfe	K01000	HIMB083_01249
AZAL01000001.1	Prodigal:002006	CDS	1165142	1166440	.	+	0	HIMB083_01251	HIMB083	651	COG0771	MurD	NA	HIMB083_01249
AZAL01000001.1	Prodigal:002006	CDS	1166427	1167548	.	+	0	HIMB083_01252	HIMB083	59	COG0772	FtsW	NA	HIMB083_01249
AZAL01000001.1	Prodigal:002006	CDS	1167552	1168616	.	+	0	HIMB083_01253	HIMB083	546	COG0707	MurG	K02563	HIMB083_01249
AZAL01000001.1	Prodigal:002006	CDS	1168606	1170000	.	+	0	HIMB083_01254	HIMB083	500	COG0773	MurC	K01924	HIMB083_01249
ATTF01000007.1	Prodigal:002006	CDS	1975	3372	.	-	0	HIMB058_00456	HIMB058	500	COG0773	MurC	K01924	HIMB058_00461
ATTF01000007.1	Prodigal:002006	CDS	3359	4453	.	-	0	HIMB058_00457	HIMB058	546	COG0707	MurG	K02563	HIMB058_00461
ATTF01000007.1	Prodigal:002006	CDS	4446	5573	.	-	0	HIMB058_00458	HIMB058	59	COG0772	FtsW	NA	HIMB058_00461
ATTF01000007.1	Prodigal:002006	CDS	5554	6831	.	-	0	HIMB058_00459	HIMB058	651	COG0771	MurD	NA	HIMB058_00461
ATTF01000007.1	Prodigal:002006	CDS	6833	7918	.	-	0	HIMB058_00460	HIMB058	632	COG0472	Rfe	K01000	HIMB058_00461
ATTF01000007.1	Prodigal:002006	CDS	7919	10675	.	-	0	HIMB058_00461	HIMB058	169	COG0770	MurF	K01928	HIMB058_00461
ATTF01000007.1	Prodigal:002006	CDS	10653	12374	.	-	0	HIMB058_00462	HIMB058	56	COG0768	FtsI	NA	HIMB058_00461
ATTF01000007.1	Prodigal:002006	CDS	12349	12687	.	-	0	HIMB058_00463	HIMB058	909	NA	NA	NA	HIMB058_00461
ATTF01000007.1	Prodigal:002006	CDS	12680	13690	.	-	0	HIMB058_00464	HIMB058	684	COG0275	RmsH	NA	HIMB058_00461
ATTF01000007.1	Prodigal:002006	CDS	13709	15202	.	-	0	HIMB058_00465	HIMB058	639	COG0206	FtsZ	K03531	HIMB058_00461
ATTF01000007.1	Prodigal:002006	CDS	15199	15663	.	-	0	HIMB058_00466	HIMB058	670	COG2001	MraZ	K03925	HIMB058_00461
