id	label	x	y	cluster	weight<Links>	weight<Total link strength>	weight<Documents>	score<Avg. pub. year>
33	"allen, ae"	0.1293	0.0561	1	14	20	5	2015.4
35	"allen, mj"	-0.7567	-0.7876	6	5	16	4	2022.5
40	"alonso, c"	0.744	-0.0124	3	5	7	3	2006.3333
42	"alonso-sáez, l"	0.6893	-0.2863	3	16	28	9	2012.3333
45	"amann, r"	1.0462	0.2437	10	14	26	9	2015.3333
48	"amaral-zettler, la"	0.2465	-0.683	3	3	4	3	2017.3333
60	"andersson, a"	0.5459	0.0166	4	5	11	3	2016
61	"andersson, af"	0.4244	0.0585	4	12	15	4	2017.75
64	"andersson, sge"	0.0276	-0.2063	12	10	19	6	2013.5
71	"apprill, a"	-0.4283	-0.3592	7	3	3	3	2017.3333
72	"arandia-gorostidi, n"	0.6546	-0.5213	3	5	10	3	2017.3333
80	"armbrust, ev"	0.1133	-0.6227	1	5	8	3	2013.3333
111	"bakenhus, i"	-0.5445	1.2252	15	4	10	3	2018
113	"balagué, v"	0.935	-0.0959	3	8	12	3	2009
121	"barbeau, ka"	0.1316	-0.0617	1	7	9	4	2012.75
123	"barofsky, df"	-0.4965	-0.8874	11	13	22	4	2008.25
137	"becker, jw"	0.1715	-0.3651	1	9	14	6	2019.5
160	"bertilsson, s"	0.376	-0.1038	1	15	22	5	2014
173	"biller, sj"	-0.0258	-0.4183	1	9	11	3	2023.3333
179	"blain, s"	0.2843	0.4238	4	2	4	3	2017.6667
193	"bolaños, lm"	-0.6047	-0.6924	6	10	20	5	2022
214	"breaker, rr"	-0.4355	-0.9555	11	6	10	3	2009
220	"brinkhoff, t"	-0.4329	1.154	15	3	10	5	2009.4
224	"brock, ml"	-1.1719	-0.1344	12	3	7	3	2024
229	"brown, mv"	-0.0627	0.4024	7	12	24	7	2014
238	"brüwer, jd"	1.1088	0.3462	10	6	14	3	2023.6667
240	"buchholz, hh"	-0.6865	-0.7958	6	5	18	5	2022.2
249	"béjà, o"	0.2338	0.2344	4	3	5	7	2011.7143
257	"cai, l"	-0.6648	0.3615	5	4	4	3	2019
264	"campbell, bj"	0.4418	-0.5347	3	2	4	3	2011.6667
265	"campbell, eo"	-0.7041	-0.4315	6	5	10	3	2014.3333
271	"carini, p"	-0.5677	-0.5087	6	14	33	8	2013.5
273	"carlson, ca"	-0.2568	-0.6872	6	21	34	12	2013.4167
274	"carlson, lt"	0.0603	-0.5927	1	7	12	3	2021
280	"casamayor, eo"	0.6051	0.134	4	10	12	4	2008
283	"catala, p"	0.4431	0.4491	4	5	10	4	2011.75
284	"cavicchioli, r"	0.0965	0.5738	7	10	22	6	2011
296	"chavez, fp"	-0.305	0.0361	8	5	8	3	2016
297	"chen, f"	-0.6581	0.6122	5	30	49	10	2019.4
305	"chen, x"	-0.6244	0.0824	5	11	14	4	2021.5
307	"chen, xl"	-0.9123	0.3064	2	18	47	7	2021.1429
308	"chen, y"	-0.3259	0.4201	2	29	57	12	2018.4167
310	"cheng, c"	-0.6632	-0.1562	12	9	16	4	2021.5
319	"chisholm, sw"	0.0756	-0.461	1	10	18	8	2019.375
321	"cho, jc"	0.2757	-0.8647	14	12	19	9	2014.1111
330	"church, mj"	-0.0205	-0.3161	1	6	8	3	2013.6667
335	"clifford, el"	1.1835	-0.3901	3	4	10	3	2019.3333
348	"connon, sa"	-0.153	-0.8014	6	5	9	3	2002
357	"cottrell, mt"	0.4157	-0.4751	3	5	14	8	2009.875
359	"coutinho, fh"	0.9582	0.8388	9	8	12	5	2018.2
362	"cram, ja"	-0.455	-0.1901	7	5	8	5	2019.8
369	"crump, bc"	0.1779	-0.5103	1	4	4	5	2007.2
395	"davie-martin, cl"	-0.8646	-0.3632	13	11	23	3	2017.3333
397	"davis, ew2"	-0.9379	-0.4443	13	5	7	3	2024
402	"de corte, d"	1.2492	-0.4046	3	5	17	6	2017.5
424	"delong, ef"	-0.0737	0.0357	8	23	35	17	2014.5294
428	"demaere, mz"	0.0111	0.5678	7	8	19	4	2012.5
456	"dlugosch, l"	-0.5602	1.1689	15	4	13	5	2019.6
462	"dooley, k"	0.0257	-0.5045	1	8	12	3	2023.3333
465	"du, s"	-0.4662	0.6713	2	12	32	7	2022.2857
467	"ducklow, hw"	0.4125	-0.6128	3	7	8	5	2015.8
471	"dupont, cl"	0.1787	0.0045	1	11	20	5	2014.8
489	"eiler, a"	0.0923	-0.3923	1	10	12	6	2012.8333
498	"eloe-fadrosh, ea"	-1.1077	-0.1525	12	4	6	3	2023.3333
504	"eppley, jm"	-0.1932	0.0139	8	7	13	5	2017.2
510	"ettema, tjg"	-0.2745	-0.2477	12	7	11	4	2014.75
521	"faircloth, bc"	-0.6697	-0.2286	12	6	16	4	2021
544	"ferrera, i"	0.9164	-0.3013	3	9	15	5	2016.4
565	"francis, ca"	-0.7666	-0.1287	12	7	7	3	2021.3333
573	"fu, hh"	-0.8057	0.42	2	13	23	3	2021.6667
576	"fuchs, bm"	0.9614	0.3384	10	17	43	15	2015.6667
577	"fuchsman, ca"	-0.522	-0.2084	7	2	4	5	2019
580	"fuhrman, ja"	-0.2739	-0.0565	7	17	30	13	2014.3077
585	"galand, pe"	0.5378	0.1458	4	7	9	4	2014.25
587	"gao, c"	-0.8184	0.23	2	22	32	4	2022.75
591	"garcia-heredia, i"	0.623	0.6085	9	5	9	3	2020
597	"gasol, jm"	0.8291	-0.2278	3	24	47	18	2013.4444
606	"ghai, r"	0.936	0.561	9	5	12	5	2012.6
609	"giebel, ha"	-0.4655	1.0778	15	11	29	10	2015.5
611	"gifford, sm"	0.2583	-0.3828	8	3	5	3	2015.3333
612	"gilbert, ja"	-0.4931	-0.3803	7	4	6	4	2010.5
614	"giovannoni, s"	-0.3006	-0.5355	6	3	3	3	2008.6667
615	"giovannoni, sj"	-0.5256	-0.5737	6	55	193	52	2012
622	"glöckner, fo"	0.6757	0.2533	4	13	21	6	2015.8333
634	"gonzález, jm"	0.7124	-0.2112	3	27	36	9	2013.1111
659	"grzymski, jj"	0.0371	0.5044	7	6	7	3	2011
679	"gómez-consarnau, l"	0.3428	0.0585	4	5	5	3	2018.3333
683	"haber, m"	0.4841	0.2115	4	8	15	4	2019.75
698	"halsey, kh"	-0.8674	-0.2809	13	16	37	6	2017.3333
712	"haro-moreno, jm"	0.7956	0.6367	9	9	35	12	2021.1667
716	"hartmann, m"	0.6816	0.4408	10	5	10	4	2014.25
731	"he, yb"	-1.0455	0.8906	5	6	13	3	2021.6667
732	"heal, kr"	0.0559	-0.6551	1	7	12	3	2021
735	"hellweger, fl"	-1.0117	-0.4629	13	3	5	3	2021.6667
741	"henson, mw"	-0.7409	-0.22	12	7	23	7	2020.5714
745	"herlemann, dpr"	0.4114	0.1493	4	4	7	3	2015
747	"herndl, gj"	1.2051	-0.2877	3	7	20	11	2018.4545
754	"hewson, i"	-0.1978	-0.0756	7	9	12	6	2010.3333
756	"hill, pg"	0.7622	0.4688	10	3	5	3	2012.6667
763	"hoffman, jm"	0.0502	0.4116	7	11	16	3	2014
766	"hogle, sl"	0.1111	-0.252	1	13	18	5	2019.4
769	"hollibaugh, jt"	0.1058	0.1544	8	5	5	3	2010.3333
779	"howard, ec"	0.4134	-0.2291	8	6	12	4	2008.5
791	"huete-stauffer, tm"	0.6308	-0.4752	3	5	10	3	2017.3333
794	"huggett, mj"	-0.2303	-0.5287	6	6	11	3	2012
795	"hughes, al"	-0.2257	-0.1975	6	6	10	4	2013.5
799	"hunt, de"	-0.0713	-0.1713	1	7	9	3	2019.3333
817	"ingalls, ae"	0.0146	-0.6166	1	7	12	3	2021
849	"jensen, s"	-0.15	0.2396	8	4	4	3	2012.6667
857	"jiang, y"	-0.6559	0.1413	5	6	6	3	2023
859	"jiao, n"	-0.6552	0.2243	5	9	11	5	2017.8
868	"johnson, zi"	-0.0007	-0.131	1	13	15	4	2018.25
869	"johnston, awb"	-0.8158	-0.0199	2	14	27	5	2014.8
870	"joint, i"	-0.5296	-0.4071	7	2	4	4	2008.5
881	"jung, sw"	0.6425	-0.8365	14	2	4	3	2020.6667
883	"jürgens, k"	0.3834	0.1974	4	5	9	4	2013.25
892	"kan, j"	-0.3726	0.3602	5	5	6	3	2013
900	"kang, i"	0.2684	-0.9404	14	2	5	4	2015.75
905	"karl, dm"	0.0459	-0.2891	1	13	17	6	2014.8333
920	"kiene, rp"	0.3332	-0.1586	8	12	16	4	2010
940	"kirchman, dl"	0.3789	-0.5066	3	5	14	9	2010.5556
946	"kitner, jb"	-0.4173	-0.8232	11	12	17	3	2009
954	"koblížek, m"	0.7672	-0.1602	3	8	9	3	2018
959	"kong, lf"	-0.9671	0.9066	5	7	15	3	2020.3333
961	"konstantinidis, kt"	-0.0935	-0.0498	1	8	16	5	2020.6
963	"korlević, m"	1.1156	0.0617	10	3	4	3	2017.6667
995	"labrenz, m"	0.3526	0.1632	4	5	8	3	2012.6667
1009	"lanclos, vc"	-0.7135	-0.2807	12	7	23	7	2020.7143
1010	"landa, m"	0.2429	0.3263	4	7	9	4	2020.75
1011	"landry, zc"	-0.3381	-0.3734	6	17	24	4	2012.5
1019	"larkin, aa"	-1.1682	-0.1806	12	3	7	3	2024
1027	"lauro, fm"	-0.0268	0.5031	7	9	19	5	2014
1036	"lebaron, p"	0.3761	0.4972	4	9	19	9	2013
1047	"lee, sh"	0.5881	-0.7782	14	5	6	3	2018.6667
1048	"lee, tk"	0.615	-0.8533	14	2	4	4	2019.75
1066	"li, cy"	-0.9487	0.3621	2	18	46	6	2021.5
1071	"li, j"	-0.4115	0.2205	2	15	16	5	2023
1084	"lidbury, i"	-0.3993	0.4601	2	5	8	3	2015.6667
1090	"lin, l"	-0.9268	0.838	5	8	25	5	2020.2
1096	"lindh, mv"	0.4869	-0.0027	4	6	13	4	2015.75
1103	"lipton, ms"	-0.7534	-0.5904	11	20	53	7	2012.5714
1106	"liu, h"	-0.6212	0.5371	2	11	13	4	2020
1107	"liu, j"	-0.724	0.3959	2	6	7	3	2019.6667
1111	"liu, s"	-0.5298	-0.1169	5	10	11	4	2020.5
1113	"liu, wt"	-0.8089	0.5683	2	2	5	3	2014.3333
1119	"logares, r"	0.8381	-0.3283	3	8	10	4	2019
1125	"longnecker, k"	-0.1496	-0.4839	1	10	11	3	2017.6667
1128	"lovejoy, c"	0.6222	0.0766	4	5	7	4	2014.25
1140	"lundin, d"	0.5087	-0.0761	4	17	29	8	2018.125
1143	"luo, h"	-0.3794	0.0903	5	18	30	13	2015.7692
1149	"lópez-garcía, p"	1.0034	0.6585	9	5	10	5	2011.8
1151	"lópez-pérez, m"	0.7372	0.6729	9	9	36	13	2021.0769
1157	"ma, x"	-0.5604	0.1385	5	9	10	4	2022.75
1174	"malmstrom, rr"	0.2059	-0.2476	1	14	17	4	2010.75
1201	"martinez-garcia, m"	0.549	0.3363	9	19	38	12	2019.25
1203	"martinez-hernandez, f"	0.6681	0.5646	9	7	18	7	2020.1429
1206	"martiny, ac"	-1.2099	-0.1609	12	3	5	4	2018.5
1213	"martínez-garcía, s"	0.763	-0.3391	3	5	10	4	2018.75
1219	"matallana-surget, s"	0.3152	0.5816	4	2	4	3	2015.6667
1222	"mausz, ma"	-0.5596	0.4597	2	13	18	3	2021
1229	"mccrow, jp"	0.2332	0.0409	1	10	16	3	2015.3333
1237	"mcmahon, kd"	0.3365	-0.0235	1	11	15	4	2016
1248	"mena, c"	1.3236	-0.3578	3	3	5	3	2021
1257	"meyer, mm"	-0.3802	-0.9611	11	6	10	3	2009
1261	"michelsen, ml"	-0.729	-0.8489	6	5	16	4	2022.5
1277	"mizuno, cm"	0.9956	0.5748	9	3	7	3	2014
1287	"molina-pardines, c"	0.7928	0.7341	9	3	9	4	2024.5
1298	"moore, er"	-0.9755	-0.2803	13	7	11	3	2020.3333
1303	"moran, ma"	0.2936	-0.2199	8	28	64	24	2011.125
1305	"moreira, d"	1.0316	0.6977	9	4	7	4	2010.75
1311	"morris, rm"	-0.0595	-0.678	1	10	12	6	2013.5
1314	"morán, xag"	0.7376	-0.4621	3	10	14	4	2018
1317	"mou, x"	0.2454	-0.0482	8	6	10	4	2010.75
1335	"murrell, jc"	-0.4665	0.3688	2	9	12	5	2015
1355	"needham, dm"	-0.4022	-0.2516	7	6	12	6	2018.3333
1357	"nelson, ce"	-0.062	-0.7607	6	6	10	5	2014
1369	"ngugi, dk"	-0.2232	-0.395	6	2	5	4	2015
1371	"nicora, cd"	-0.7355	-0.666	11	20	53	7	2012.5714
1383	"noell, se"	-1.0059	-0.3901	13	8	12	4	2020.5
1389	"norbeck, ad"	-0.5875	-0.792	11	13	27	4	2010.75
1403	"obernosterer, i"	0.3407	0.4097	4	7	17	9	2016
1409	"oh, hm"	0.3155	-0.9348	14	2	4	4	2016.25
1426	"orellana, lh"	1.0751	0.4025	10	6	15	4	2023.75
1430	"orlić, s"	1.0444	0.1022	10	7	9	4	2015.5
1434	"ostrowski, m"	-0.0092	0.3229	7	8	11	4	2017.5
1462	"parsons, rj"	-0.4975	-0.7813	6	10	15	5	2018.8
1483	"pedrós-alió, c"	0.864	-0.0376	3	11	13	4	2010
1493	"pernthaler, j"	0.7779	0.075	3	17	22	8	2009.25
1512	"pinhassi, j"	0.6039	-0.0965	4	22	39	10	2015.3
1515	"pitta, p"	0.8286	-0.1012	3	7	10	3	2017
1544	"preston, cm"	-0.0041	0.2086	8	7	9	3	2013
1553	"qin, f"	-0.6007	0.6827	2	11	28	5	2020.4
1558	"quareshy, m"	-0.4042	0.5603	2	9	13	3	2020.6667
1576	"rappé, ms"	-0.1931	-0.5921	6	18	39	16	2011.9375
1586	"reintjes, g"	0.9703	0.2222	10	5	7	3	2018
1587	"reisch, cr"	0.4348	-0.3025	8	6	19	7	2010.4286
1593	"repeta, dj"	0.099	-0.3206	1	6	8	3	2018.3333
1603	"richter, m"	0.5467	0.2531	4	7	14	3	2017
1622	"rocap, g"	-0.5531	-0.2162	7	1	2	3	2015
1625	"rodriguez-r, lm"	-0.0174	-0.0675	1	5	9	3	2020
1626	"rodriguez-valera, f"	0.842	0.4539	9	17	52	21	2018.8571
1630	"rodríguez-valera, f"	0.9898	0.7504	9	4	4	4	2004.75
1642	"rosselli, r"	0.9001	0.7375	9	7	9	3	2019
1659	"sabehi, g"	0.2883	0.2299	4	4	5	3	2008.3333
1660	"sachdeva, r"	-0.3869	-0.1497	7	6	10	3	2013.6667
1667	"salcher, mm"	0.7268	0.1577	3	2	4	4	2015.5
1690	"scanlan, dj"	0.1915	0.4001	10	28	43	12	2015
1691	"schattenhofer, m"	0.8858	0.2839	10	7	10	3	2012
1693	"scholin, ca"	-0.0978	0.1455	8	10	16	5	2013.4
1696	"schwalbach, ms"	-0.3899	-0.599	11	22	41	9	2009.5556
1706	"sebastián, m"	0.8451	-0.1648	3	11	18	6	2015.5
1720	"seymour, jr"	-0.0874	0.3326	7	3	6	5	2018
1727	"sharma, s"	0.2974	-0.3217	8	10	20	7	2012.2857
1745	"sidhu, c"	1.1394	0.4175	10	6	16	4	2023.75
1754	"silvano, e"	-0.5486	0.5627	2	16	21	3	2022
1758	"simon, m"	-0.52	1.0961	15	11	31	12	2015.0833
1761	"simó, r"	0.6999	-0.0576	3	10	10	3	2006.3333
1764	"sintes, e"	1.2519	-0.3457	3	6	21	9	2018.7778
1765	"sjöstedt, j"	0.5608	-0.0321	4	5	8	3	2015.6667
1769	"smith, dp"	-0.4783	-0.6935	11	19	43	9	2010.8889
1771	"smith, rd"	-0.6662	-0.6211	11	20	53	7	2012.5714
1777	"sommaruga, r"	0.7629	-0.0777	3	5	6	3	2008
1787	"sowell, sm"	-0.6009	-0.8975	11	9	16	3	2009.3333
1795	"steele, ja"	-0.34	-0.1674	7	6	9	3	2011.6667
1796	"steindler, l"	0.0832	-0.0132	4	21	37	8	2013.875
1798	"stepanauskas, r"	0.1664	-0.1358	1	27	39	10	2017.1
1801	"stewart, fj"	-0.0395	-0.015	1	7	12	4	2018.5
1803	"stingl, u"	-0.2458	-0.4374	6	9	15	9	2012.1111
1809	"storesund, je"	1.1354	-0.0575	16	2	6	3	2013.6667
1817	"suffridge, cp"	-0.9583	-0.0312	13	18	19	3	2022
1829	"sun, j"	-0.7223	0.0429	13	34	56	9	2018.3333
1832	"sun, s"	0.2663	-0.1089	8	12	23	8	2010.375
1833	"sun, y"	-0.4889	0.212	5	5	6	3	2020
1837	"sutherland, kr"	0.448	0.2875	4	6	12	3	2019.3333
1841	"suzuki, mt"	0.1829	0.286	4	15	22	6	2011.1667
1843	"swan, bk"	-0.1478	-0.1794	6	11	13	3	2013.3333
1848	"sánchez, o"	0.919	-0.1942	3	10	16	4	2013
1866	"tarran, ga"	0.7928	0.3352	10	7	11	3	2010
1872	"teira, e"	0.8431	-0.3875	3	9	17	7	2017.1429
1873	"temperton, b"	-0.6662	-0.5218	6	35	75	15	2017.8
1882	"thiele, s"	0.8502	0.0643	16	6	7	5	2018.8
1883	"thingstad, tf"	1.0523	-0.0615	16	7	11	5	2014.2
1888	"thompson, cc"	1.0114	0.9111	9	2	5	3	2018.6667
1889	"thompson, fl"	0.9765	0.925	9	2	5	3	2018.6667
1892	"thompson, lr"	-0.245	-0.337	6	4	6	3	2015.6667
1896	"thrash, jc"	-0.5876	-0.3345	12	35	95	21	2016.4762
1908	"todd, jd"	-0.8216	0.145	2	31	59	10	2017.9
1924	"treusch, ah"	-0.3479	-0.682	6	9	13	4	2013
1926	"tringe, sg"	0.1221	-0.1909	1	13	13	3	2014.6667
1927	"tripp, hj"	-0.2816	-0.8485	11	13	31	9	2007.8889
1932	"tsementzi, d"	-0.0871	-0.0994	1	8	14	4	2019.5
1969	"varela, mm"	1.0182	-0.3923	3	9	10	3	2018.3333
1975	"venter, jc"	0.1945	0.0838	1	10	17	4	2014.5
1978	"vergin, k"	-0.3625	-0.5286	6	7	10	4	2007
1979	"vergin, kl"	-0.2361	-0.7573	6	19	40	9	2007.6667
1984	"viklund, j"	-0.0646	-0.2447	12	6	11	4	2012.25
1985	"vila-costa, m"	0.5151	-0.1669	8	12	19	6	2013.3333
1999	"våge, s"	1.1241	-0.0961	16	2	6	3	2013.6667
2007	"walsh, da"	0.6626	0.0805	4	1	1	3	2018
2012	"wang, c"	-0.5122	0.272	5	3	3	3	2017.3333
2014	"wang, dz"	-0.9893	0.835	5	8	25	5	2020.2
2018	"wang, h"	-0.5701	0.2325	5	14	18	7	2021.1429
2019	"wang, j"	-0.7328	0.2782	2	15	17	3	2023
2020	"wang, k"	-0.3548	0.3111	5	4	4	3	2016.3333
2022	"wang, m"	-0.6076	0.3004	5	22	27	7	2021.2857
2024	"wang, n"	-1.0161	0.239	2	12	23	3	2021.3333
2025	"wang, p"	-0.9191	0.2333	2	17	38	6	2021.3333
2029	"wang, x"	-0.4959	0.1531	5	3	3	3	2015
2030	"wang, xj"	-1.0239	0.3185	2	14	24	3	2021
2031	"wang, y"	-0.4546	0.2795	5	4	4	3	2020
2035	"wang, z"	-0.465	0.0665	5	12	13	4	2019.75
2058	"wei, t"	-0.4652	0.4903	2	9	12	3	2020
2065	"west, nj"	0.4154	0.3638	4	11	22	6	2015.3333
2070	"whitman, wb"	0.493	-0.3226	8	5	15	6	2010.3333
2075	"wietz, m"	-0.4815	1.2035	15	5	7	3	2018.3333
2078	"wilhelm, lj"	-0.3533	-0.8759	11	15	24	5	2007.2
2081	"wilkins, d"	-0.0524	0.5726	7	7	15	3	2012.6667
2085	"williams, tj"	0.0276	0.6272	7	7	14	4	2011.75
2090	"wiltshire, kh"	1.1796	0.3601	10	5	12	3	2023.6667
2107	"worden, az"	-0.4272	-0.4663	7	6	8	3	2019.6667
2109	"woyke, t"	0.0735	-0.1242	1	20	32	6	2016.3333
2118	"wu, ql"	-0.7647	0.5657	2	3	5	3	2017.6667
2120	"wu, y"	-0.4692	0.7629	2	7	15	3	2023.3333
2128	"xia, x"	-0.7093	0.5303	2	3	4	4	2020
2135	"xie, zx"	-1.0366	0.7963	5	8	25	5	2020.2
2153	"yang, ej"	0.5574	-0.7288	14	3	4	3	2018.6667
2158	"yang, m"	-0.5429	0.7592	2	15	32	6	2021.6667
2181	"young, cr"	-0.1785	0.081	8	5	7	3	2012.3333
2195	"zehr, jp"	-0.0167	0.155	8	11	11	6	2011.5
2207	"zhang, h"	-0.8505	0.7341	5	13	19	3	2018.3333
2211	"zhang, n"	-0.9584	0.4417	2	12	22	3	2022
2213	"zhang, r"	-0.7252	0.4772	2	13	21	7	2016.8571
2215	"zhang, sf"	-0.964	0.7587	5	8	16	3	2019.3333
2219	"zhang, xh"	-0.8119	0.303	2	14	17	3	2020
2221	"zhang, y"	-0.8834	0.4519	5	20	20	4	2021
2223	"zhang, yz"	-0.8519	0.3648	2	21	51	8	2020.75
2224	"zhang, z"	-0.5269	0.6397	2	15	41	8	2020.75
2230	"zhao, w"	0.2175	-0.1826	8	10	11	3	2012.6667
2233	"zhao, y"	-0.3115	0.5163	2	33	67	14	2020.2143
2253	"zubkov, mv"	0.7507	0.3963	10	9	25	10	2011.4
2257	"øvreås, l"	0.9259	0.0402	16	2	3	3	2021.3333
