33	61	1
33	121	1
33	471	3
33	754	1
33	763	1
33	766	1
33	868	1
33	1140	1
33	1229	3
33	1303	1
33	1512	1
33	1832	1
33	1975	3
33	2195	1
35	193	3
35	240	4
35	1261	4
35	1462	1
35	1873	4
40	1493	3
40	1512	1
40	1761	1
40	1777	1
40	1985	1
42	72	3
42	113	2
42	160	1
42	280	1
42	467	1
42	585	1
42	597	4
42	634	2
42	791	3
42	1128	1
42	1314	3
42	1483	1
42	1493	1
42	1512	1
42	1777	1
42	1848	2
45	238	2
45	576	7
45	622	1
45	963	1
45	1426	2
45	1430	2
45	1493	1
45	1586	2
45	1691	1
45	1745	2
45	1866	1
45	1882	1
45	2090	2
45	2253	1
48	273	1
48	467	2
48	1357	1
60	61	1
60	1096	3
60	1140	2
60	1512	3
60	1765	2
61	471	1
61	745	1
61	883	1
61	995	1
61	1096	1
61	1140	3
61	1229	1
61	1512	2
61	1765	1
61	1975	1
64	160	2
64	510	3
64	1174	1
64	1201	1
64	1237	1
64	1798	2
64	1926	1
64	1984	4
64	2109	2
64	2230	2
71	580	1
71	612	1
71	1576	1
72	467	1
72	634	1
72	791	3
72	1314	2
80	274	2
80	369	1
80	732	2
80	817	2
80	1311	1
111	456	3
111	609	3
111	1758	3
111	2075	1
113	597	2
113	634	1
113	1430	1
113	1483	2
113	1493	1
113	1512	1
113	1848	2
121	471	2
121	766	2
121	868	1
121	1229	1
121	1896	1
121	1975	1
123	273	1
123	321	1
123	615	3
123	1103	2
123	1371	2
123	1389	2
123	1576	1
123	1769	1
123	1771	2
123	1787	3
123	1927	1
123	1979	1
123	2078	2
137	173	1
137	319	4
137	424	1
137	462	2
137	766	2
137	905	1
137	1125	1
137	1593	1
137	1882	1
160	280	1
160	489	1
160	585	1
160	1119	1
160	1128	1
160	1174	1
160	1201	2
160	1237	2
160	1798	3
160	1926	1
160	1984	1
160	2109	3
160	2230	1
173	274	1
173	319	2
173	424	1
173	462	2
173	504	1
173	732	1
173	817	1
173	1071	1
179	1010	1
179	1403	3
193	240	3
193	273	1
193	615	2
193	1111	1
193	1125	1
193	1261	3
193	1462	1
193	1873	4
193	1978	1
214	615	2
214	946	1
214	1257	3
214	1696	2
214	1769	1
214	1927	1
220	609	4
220	1758	5
220	2075	1
224	498	2
224	1019	3
224	1206	2
229	284	2
229	428	2
229	580	3
229	659	1
229	754	1
229	763	2
229	1027	3
229	1434	3
229	1696	1
229	1720	3
229	2081	2
229	2085	1
238	576	3
238	1426	3
238	1745	3
238	2090	2
238	2233	1
240	1261	4
240	1462	2
240	1873	5
249	424	1
249	1659	2
249	1841	2
257	297	1
257	859	1
257	2022	1
257	2213	1
264	357	2
264	940	2
265	271	3
265	615	3
265	1873	1
265	1896	2
265	2233	1
271	615	8
271	794	2
271	1011	1
271	1103	2
271	1371	2
271	1389	1
271	1576	2
271	1769	2
271	1771	2
271	1796	1
271	1873	1
271	1896	5
271	2233	1
273	348	1
273	397	1
273	615	5
273	1103	1
273	1111	1
273	1125	1
273	1311	2
273	1357	5
273	1371	1
273	1389	1
273	1462	2
273	1576	1
273	1771	1
273	1787	1
273	1924	2
273	1978	2
273	1979	2
273	2078	1
274	319	1
274	462	1
274	732	3
274	817	3
274	1311	1
280	283	1
280	585	2
280	634	1
280	1036	1
280	1128	2
280	1303	1
280	1483	1
280	1761	1
283	1036	4
283	1403	2
283	1690	1
283	2065	2
284	428	4
284	580	1
284	659	1
284	763	2
284	1027	3
284	1036	1
284	1219	1
284	2081	3
284	2085	4
296	424	2
296	504	2
296	565	1
296	1693	2
296	2181	1
297	308	1
297	465	2
297	731	1
297	892	2
297	959	2
297	1090	3
297	1106	1
297	1143	2
297	1222	1
297	1553	2
297	1558	1
297	1690	1
297	1754	1
297	1829	1
297	1841	1
297	1908	1
297	2014	3
297	2018	1
297	2020	1
297	2022	1
297	2120	1
297	2135	3
297	2158	2
297	2207	3
297	2213	1
297	2215	2
297	2221	1
297	2224	3
297	2233	3
305	310	1
305	587	1
305	857	1
305	859	2
305	1111	2
305	1157	1
305	1829	1
305	2018	2
305	2022	1
305	2035	1
305	2213	1
307	308	3
307	573	3
307	587	3
307	1066	6
307	1071	1
307	1222	1
307	1754	1
307	1817	1
307	1908	3
307	2019	1
307	2022	1
307	2024	3
307	2025	5
307	2030	3
307	2211	3
307	2219	1
307	2221	1
307	2223	7
308	573	3
308	587	1
308	597	1
308	609	1
308	634	1
308	954	1
308	1066	3
308	1071	1
308	1084	3
308	1222	3
308	1335	3
308	1515	1
308	1558	3
308	1690	5
308	1706	1
308	1754	3
308	1758	1
308	1908	2
308	2022	1
308	2025	2
308	2030	1
308	2058	2
308	2158	1
308	2211	2
308	2223	4
308	2224	1
308	2233	2
310	510	1
310	521	2
310	565	1
310	741	3
310	1009	3
310	1111	1
310	1873	1
310	1896	3
319	462	3
319	732	1
319	766	3
319	817	1
319	1125	1
319	1593	1
319	1798	1
321	615	2
321	900	4
321	1047	1
321	1409	3
321	1576	1
321	1626	1
321	1803	1
321	1927	1
321	1979	2
321	2078	1
321	2153	1
330	489	1
330	799	1
330	868	1
330	905	2
330	1576	2
330	1926	1
335	402	3
335	747	3
335	1764	3
335	1969	1
348	615	3
348	1311	1
348	1576	2
348	1979	2
357	467	1
357	920	1
357	940	8
357	1174	2
359	712	1
359	1151	1
359	1201	1
359	1626	2
359	1630	1
359	1642	2
359	1888	2
359	1889	2
362	577	2
362	580	2
362	1355	2
362	1660	1
362	1795	1
369	489	1
369	1303	1
369	1727	1
395	615	3
395	698	3
395	869	2
395	1103	2
395	1298	1
395	1371	2
395	1771	2
395	1829	2
395	1873	2
395	1896	2
395	1908	2
397	615	3
397	735	1
397	1383	1
397	1817	1
402	747	6
402	1248	1
402	1764	6
402	1969	1
424	504	5
424	615	1
424	905	3
424	1011	1
424	1071	1
424	1201	1
424	1203	1
424	1544	1
424	1593	2
424	1693	3
424	1798	1
424	1801	1
424	1841	1
424	1843	1
424	1873	1
424	1896	1
424	2109	1
424	2181	3
424	2195	1
428	580	1
428	659	1
428	763	2
428	1027	3
428	2081	3
428	2085	3
456	609	4
456	1758	5
456	2075	1
462	732	1
462	766	1
462	817	1
462	1125	1
465	615	1
465	1071	1
465	1106	1
465	1143	1
465	1553	4
465	1829	1
465	2120	3
465	2158	4
465	2213	2
465	2224	6
465	2233	6
467	791	1
467	940	1
467	1314	1
471	763	1
471	766	2
471	868	1
471	1140	1
471	1229	3
471	1512	1
471	1896	1
471	1975	4
489	794	1
489	905	1
489	1201	1
489	1237	1
489	1576	3
489	1798	1
489	2109	1
498	565	1
498	1019	2
498	1206	1
504	905	1
504	1071	1
504	1693	2
504	2181	1
510	521	1
510	741	1
510	1009	1
510	1896	1
510	1984	3
521	565	1
521	741	4
521	1009	4
521	1896	4
544	597	5
544	634	1
544	954	1
544	1119	1
544	1314	1
544	1706	2
544	1848	2
544	1872	1
544	1969	1
565	741	1
565	1009	1
565	1896	1
573	587	1
573	1066	3
573	1071	1
573	1222	1
573	1754	1
573	1908	1
573	2022	1
573	2025	2
573	2030	1
573	2211	2
573	2223	3
576	622	2
576	716	1
576	756	1
576	1426	4
576	1430	1
576	1493	1
576	1586	2
576	1690	2
576	1691	3
576	1745	4
576	1866	2
576	1882	1
576	2090	3
576	2233	1
576	2253	5
577	1622	2
580	612	1
580	679	1
580	754	3
580	763	1
580	1027	1
580	1355	4
580	1434	1
580	1660	3
580	1696	2
580	1720	1
580	1795	3
580	2081	1
585	1036	1
585	1128	2
585	1403	1
585	1841	1
587	857	1
587	1066	3
587	1222	1
587	1754	1
587	1817	1
587	1829	1
587	1908	2
587	2018	1
587	2019	1
587	2022	1
587	2024	2
587	2025	2
587	2030	1
587	2035	1
587	2211	2
587	2219	1
587	2221	1
587	2223	3
591	712	1
591	1151	1
591	1201	3
591	1203	3
591	1626	1
597	634	4
597	954	2
597	1119	2
597	1201	1
597	1303	1
597	1314	1
597	1483	1
597	1493	1
597	1512	1
597	1515	2
597	1690	1
597	1706	5
597	1727	1
597	1761	1
597	1777	2
597	1848	4
597	1872	2
597	1883	1
597	1969	1
597	1985	1
606	1149	2
606	1237	1
606	1277	3
606	1305	1
606	1626	5
609	1690	1
609	1754	1
609	1758	10
609	2018	1
609	2075	2
609	2158	1
609	2233	1
611	905	1
611	1303	2
611	1727	2
612	870	3
612	1873	1
614	1576	1
614	1803	1
614	1978	1
615	698	6
615	735	2
615	794	2
615	869	2
615	946	3
615	1011	4
615	1103	6
615	1111	1
615	1125	2
615	1257	2
615	1298	3
615	1311	2
615	1355	1
615	1357	1
615	1371	6
615	1383	4
615	1389	3
615	1462	2
615	1553	1
615	1576	7
615	1696	7
615	1769	9
615	1771	6
615	1787	2
615	1796	5
615	1798	1
615	1803	2
615	1817	2
615	1829	5
615	1843	1
615	1873	8
615	1896	12
615	1908	2
615	1924	3
615	1927	8
615	1978	3
615	1979	9
615	2078	4
615	2107	2
615	2109	1
615	2213	1
615	2224	1
615	2233	3
622	683	2
622	1430	1
622	1586	1
622	1603	3
622	1691	1
622	1796	2
622	1837	2
622	1841	2
622	1882	1
622	2065	2
622	2253	1
634	779	1
634	791	1
634	920	1
634	954	1
634	1140	1
634	1213	1
634	1303	2
634	1314	1
634	1483	2
634	1493	1
634	1512	2
634	1515	2
634	1587	1
634	1690	1
634	1706	2
634	1761	1
634	1848	1
634	1872	1
634	1883	1
634	2070	1
659	1027	2
659	1434	1
659	2085	1
679	683	1
679	1096	1
679	1512	1
679	1796	1
683	1603	2
683	1667	1
683	1796	3
683	1837	2
683	1841	2
683	2065	2
698	869	2
698	1011	1
698	1103	2
698	1298	3
698	1371	2
698	1383	1
698	1769	1
698	1771	2
698	1796	1
698	1817	1
698	1829	4
698	1873	3
698	1896	3
698	1908	2
712	1151	12
712	1201	3
712	1203	2
712	1287	3
712	1626	11
712	1642	1
712	1798	1
716	756	1
716	1690	3
716	1866	1
716	2253	4
731	959	2
731	1090	3
731	2014	3
731	2135	3
731	2215	1
732	817	3
732	1311	1
735	1383	2
741	1009	6
741	1873	1
741	1896	7
745	883	3
745	995	2
745	1140	1
747	963	1
747	1248	1
747	1764	7
747	1798	1
747	1969	1
754	1303	1
754	1660	1
754	1696	2
754	1795	1
754	1832	1
754	2195	1
756	2253	3
763	1027	2
763	1229	1
763	1975	1
763	2081	2
763	2085	1
766	868	1
766	1125	1
766	1229	1
766	1593	1
766	1798	1
766	1896	1
766	1975	1
769	1317	1
769	1434	1
769	1690	1
769	1832	1
769	2195	1
779	920	2
779	1303	3
779	1587	2
779	1832	3
779	2070	1
791	1314	2
794	1011	1
794	1576	3
794	1896	2
795	1143	4
795	1303	2
795	1798	1
795	1803	1
795	1843	1
795	1892	1
799	868	3
799	905	1
799	961	1
799	1926	1
799	1932	1
799	2035	1
817	1311	1
849	1335	1
849	1544	1
849	1693	1
849	2195	1
857	1829	1
857	2018	1
857	2022	1
857	2035	1
859	1111	1
859	1157	1
859	2018	1
859	2022	1
859	2035	1
859	2213	2
859	2221	1
868	905	1
868	961	1
868	1229	1
868	1926	1
868	1932	1
868	1975	1
868	2035	1
869	1103	2
869	1107	1
869	1335	1
869	1371	2
869	1771	2
869	1829	2
869	1873	2
869	1896	2
869	1908	5
869	2019	1
869	2219	1
870	1873	1
881	1047	1
881	1048	3
883	995	3
883	1140	1
883	1659	1
892	1841	1
892	2018	1
892	2020	1
892	2022	1
900	1409	1
905	1303	1
905	1576	1
905	1593	2
905	1727	1
905	1926	1
920	940	1
920	1010	1
920	1174	1
920	1303	3
920	1544	1
920	1587	2
920	1693	1
920	1832	1
920	2070	1
940	1174	2
946	1103	1
946	1257	1
946	1371	1
946	1389	1
946	1696	3
946	1769	1
946	1771	1
946	1796	1
946	1927	2
946	2078	1
954	1515	1
954	1690	1
954	1706	1
954	1848	1
959	1090	3
959	2014	3
959	2135	3
959	2207	1
959	2215	1
961	1174	1
961	1625	3
961	1801	3
961	1932	4
961	2035	1
961	2109	2
963	1430	2
995	1140	1
995	1659	1
1009	1873	1
1009	1896	7
1010	1303	1
1010	1403	3
1010	1544	1
1010	1693	1
1010	2065	1
1011	1576	1
1011	1696	1
1011	1769	1
1011	1796	1
1011	1798	1
1011	1829	1
1011	1843	1
1011	1873	2
1011	1896	4
1011	1979	1
1011	2109	1
1011	2233	1
1019	1206	2
1027	1434	1
1027	2081	2
1027	2085	2
1036	1219	3
1036	1403	4
1036	1690	1
1036	1841	1
1036	2065	3
1047	1048	1
1047	1626	1
1047	2153	2
1066	1071	1
1066	1222	1
1066	1754	1
1066	1817	1
1066	1908	3
1066	2019	1
1066	2022	1
1066	2024	3
1066	2025	5
1066	2030	3
1066	2211	3
1066	2219	1
1066	2221	1
1066	2223	6
1071	1106	1
1071	1829	1
1071	2022	2
1071	2025	1
1071	2058	1
1071	2223	1
1071	2233	1
1084	1222	1
1084	1335	2
1084	1690	1
1084	2224	1
1090	2014	5
1090	2135	5
1090	2207	2
1090	2215	3
1090	2221	1
1096	1140	2
1096	1512	4
1096	1765	2
1103	1371	7
1103	1389	4
1103	1696	1
1103	1769	3
1103	1771	7
1103	1787	2
1103	1796	1
1103	1829	2
1103	1873	2
1103	1896	3
1103	1908	2
1103	2078	1
1106	1829	1
1106	2022	1
1106	2058	1
1106	2120	1
1106	2128	2
1106	2158	1
1106	2224	1
1106	2233	2
1107	1335	1
1107	1908	1
1107	2019	1
1107	2128	1
1107	2219	2
1111	1125	1
1111	1157	1
1111	1978	1
1111	2018	1
1113	2118	2
1113	2213	3
1119	1201	1
1119	1213	1
1119	1314	1
1119	1872	2
1119	1969	1
1125	1311	1
1125	1978	1
1128	2007	1
1140	1213	2
1140	1229	1
1140	1512	6
1140	1706	1
1140	1765	1
1140	1872	2
1140	1975	1
1140	1985	2
1143	1157	1
1143	1303	4
1143	1553	2
1143	1798	2
1143	1803	1
1143	1829	1
1143	1833	2
1143	1843	1
1143	1892	1
1143	2029	1
1143	2158	1
1143	2207	1
1143	2213	1
1143	2224	2
1143	2233	2
1149	1277	1
1149	1305	4
1149	1626	2
1149	1630	1
1151	1201	3
1151	1203	2
1151	1287	3
1151	1626	12
1151	1642	1
1151	1798	1
1157	1833	1
1157	2018	2
1157	2022	1
1157	2025	1
1157	2029	1
1174	1201	1
1174	1237	1
1174	1625	1
1174	1798	1
1174	1801	1
1174	1926	1
1174	1932	1
1174	2109	2
1201	1203	7
1201	1237	2
1201	1626	3
1201	1642	1
1201	1798	3
1201	1843	1
1201	1926	1
1201	2109	2
1203	1626	2
1203	1642	1
1213	1512	2
1213	1872	4
1222	1558	1
1222	1690	2
1222	1754	2
1222	1908	2
1222	2211	1
1222	2223	1
1229	1512	1
1229	1975	3
1237	1626	1
1237	1798	2
1237	1926	1
1237	2109	2
1237	2233	1
1248	1764	3
1257	1696	2
1257	1769	1
1257	1927	1
1261	1462	1
1261	1873	4
1277	1626	3
1287	1626	3
1298	1383	1
1298	1817	1
1298	1829	1
1298	1873	1
1303	1317	3
1303	1483	1
1303	1544	1
1303	1587	7
1303	1693	1
1303	1727	7
1303	1761	1
1303	1798	1
1303	1832	6
1303	1843	1
1303	1926	1
1303	1985	3
1303	2070	6
1303	2195	1
1303	2230	1
1305	1626	1
1305	1630	1
1311	1576	1
1311	1979	1
1314	1872	1
1314	1969	1
1317	1727	1
1317	1832	3
1317	1985	1
1317	2230	1
1335	1908	1
1335	2019	1
1335	2219	1
1335	2224	1
1355	1660	2
1355	1795	1
1355	2107	2
1357	1462	1
1357	1924	1
1357	1979	1
1369	1803	4
1369	1892	1
1371	1389	4
1371	1696	1
1371	1769	3
1371	1771	7
1371	1787	2
1371	1796	1
1371	1829	2
1371	1873	2
1371	1896	3
1371	1908	2
1371	2078	1
1383	1817	1
1383	1829	1
1383	1873	1
1389	1696	1
1389	1769	2
1389	1771	4
1389	1787	2
1389	1796	1
1389	2078	1
1403	1841	1
1403	2065	3
1426	1745	3
1426	2090	2
1426	2233	1
1430	1483	1
1430	1586	1
1434	1690	1
1434	1720	2
1434	2195	1
1462	1873	3
1462	1924	1
1462	1979	1
1483	1493	1
1483	1512	1
1483	1761	1
1483	1848	1
1493	1512	2
1493	1667	3
1493	1691	1
1493	1761	1
1493	1777	1
1493	1848	1
1493	1866	1
1493	1985	1
1493	2253	1
1512	1761	1
1512	1765	2
1512	1848	1
1512	1872	2
1512	1975	1
1512	1985	2
1515	1690	1
1515	1706	2
1515	1883	1
1544	1693	3
1544	2195	1
1553	1829	2
1553	2120	1
1553	2158	3
1553	2207	1
1553	2213	2
1553	2224	5
1553	2233	5
1558	1690	2
1558	1754	1
1558	1908	1
1558	2058	2
1558	2223	1
1558	2233	1
1576	1896	2
1576	1927	3
1576	1979	5
1576	2078	2
1586	1691	1
1587	1832	1
1587	2070	6
1593	1798	1
1603	1796	2
1603	1837	2
1603	1841	2
1603	1882	1
1603	2065	2
1625	1801	2
1625	1932	2
1625	2109	1
1626	1642	2
1626	1798	1
1626	2153	1
1630	1642	1
1659	1841	1
1660	1696	1
1660	1795	2
1690	1706	1
1690	1754	2
1690	1758	1
1690	1866	2
1690	1908	1
1690	2058	1
1690	2065	1
1690	2158	1
1690	2195	1
1690	2223	1
1690	2233	1
1690	2253	5
1691	1866	1
1691	2253	2
1693	2181	1
1693	2195	1
1696	1769	4
1696	1771	1
1696	1795	1
1696	1796	3
1696	1873	1
1696	1896	1
1696	1927	3
1696	1979	1
1696	2078	1
1696	2233	1
1706	1848	1
1706	1883	1
1706	1985	1
1727	1832	2
1727	1926	1
1727	1985	3
1727	2230	1
1745	2090	3
1745	2233	1
1754	1758	1
1754	1908	2
1754	2158	1
1754	2211	1
1754	2223	1
1754	2233	1
1758	2018	1
1758	2075	2
1758	2158	1
1758	2233	1
1761	1777	1
1761	1985	1
1764	1798	1
1764	1969	1
1769	1771	3
1769	1787	1
1769	1796	4
1769	1829	1
1769	1896	2
1769	1927	2
1769	2078	1
1771	1787	2
1771	1796	1
1771	1829	2
1771	1873	2
1771	1896	3
1771	1908	2
1771	2078	1
1787	2078	1
1796	1829	1
1796	1837	2
1796	1841	2
1796	1896	1
1796	1927	1
1796	2065	2
1798	1843	3
1798	1873	1
1798	1896	1
1798	1926	1
1798	1984	1
1798	2109	4
1798	2230	1
1801	1932	2
1801	2109	2
1801	2181	1
1803	1892	3
1803	1927	1
1803	1979	1
1809	1883	3
1809	1999	3
1817	1829	1
1817	1873	1
1817	1908	1
1817	2019	1
1817	2024	1
1817	2025	1
1817	2030	1
1817	2219	1
1817	2221	1
1817	2223	1
1829	1873	3
1829	1896	3
1829	1908	2
1829	2018	1
1829	2022	2
1829	2035	1
1829	2058	1
1829	2158	1
1829	2207	1
1829	2213	1
1829	2224	2
1829	2233	3
1832	1985	2
1832	2195	1
1832	2230	1
1833	2012	1
1833	2029	1
1833	2031	1
1837	1841	2
1837	2065	2
1841	2020	1
1841	2065	2
1843	1873	1
1843	1896	1
1843	2109	1
1866	2253	3
1872	1969	2
1873	1896	7
1873	1908	2
1873	1924	1
1873	1979	2
1873	2107	1
1873	2109	1
1873	2233	1
1882	2257	2
1883	1999	3
1883	2257	1
1888	1889	3
1896	1908	2
1896	1924	1
1896	1979	2
1896	2107	1
1896	2109	1
1896	2233	2
1908	2019	2
1908	2024	2
1908	2025	2
1908	2030	2
1908	2211	1
1908	2219	2
1908	2221	1
1908	2223	3
1924	1978	1
1924	1979	2
1924	2107	1
1926	2109	1
1927	1979	3
1927	2078	4
1932	2035	1
1932	2109	2
1979	2078	2
1979	2107	1
1979	2233	1
1984	2109	1
1984	2230	1
1985	2230	1
2012	2019	1
2012	2031	1
2014	2135	5
2014	2207	2
2014	2215	3
2014	2221	1
2018	2022	3
2018	2031	1
2018	2035	1
2019	2024	1
2019	2025	1
2019	2030	1
2019	2219	2
2019	2221	1
2019	2223	1
2020	2031	1
2022	2025	1
2022	2035	2
2022	2058	1
2022	2221	1
2022	2223	1
2022	2233	1
2024	2025	3
2024	2030	2
2024	2211	1
2024	2219	1
2024	2221	1
2024	2223	3
2025	2030	3
2025	2211	2
2025	2219	1
2025	2221	1
2025	2223	5
2030	2211	1
2030	2219	1
2030	2221	1
2030	2223	3
2035	2221	1
2058	2223	1
2058	2233	2
2081	2085	2
2109	2230	1
2118	2128	1
2118	2213	2
2120	2158	3
2120	2224	3
2120	2233	3
2135	2207	2
2135	2215	3
2135	2221	1
2158	2207	1
2158	2224	5
2158	2233	6
2207	2215	2
2207	2221	1
2207	2224	1
2207	2233	1
2211	2223	3
2213	2224	2
2213	2233	2
2215	2221	1
2219	2221	1
2219	2223	1
2221	2223	1
2224	2233	7
