contig	start	end	strand	seq_id	genome	aa_length	Orthogroup	ko_id	ko_description	COG_ID	GENE_NAME	COG_NAME	center_query	relative_order
CVSB01000045.1	108888	110804	+	AAA795-A20_00940	AAA795-A20	638	OG0000041	K01662	1-deoxy-D-xylulose-5-phosphate synthase [EC:2.2.1.7]	COG1154	Dxs	Deoxyxylulose-5-phosphate synthase	AAA795-A20_00945	-5
CVSB01000045.1	110811	111893	-	AAA795-A20_00941	AAA795-A20	360	OG0000279	K01736	chorismate synthase [EC:4.2.3.5]	COG0082	AroC	Chorismate synthase	AAA795-A20_00945	-4
CVSB01000045.1	111927	112553	+	AAA795-A20_00942	AAA795-A20	208	OG0000522	K00275	pyridoxamine 5'-phosphate oxidase [EC:1.4.3.5]	COG0259	PdxH	Pyridoxine/pyridoxamine 5'-phosphate oxidase	AAA795-A20_00945	-3
CVSB01000045.1	112550	113563	-	AAA795-A20_00943	AAA795-A20	337	OG0000641	K02523	octaprenyl-diphosphate synthase [EC:2.5.1.90]	COG0142	IspA	Geranylgeranyl pyrophosphate synthase	AAA795-A20_00945	-2
CVSB01000045.1	113678	114484	+	AAA795-A20_00944	AAA795-A20	268	OG0000623	K04773	protease IV [EC:3.4.21.-]	COG0616	SppA	Periplasmic serine protease, ClpP class	AAA795-A20_00945	-1
CVSB01000045.1	114450	115355	+	AAA795-A20_00945	AAA795-A20	301	OG0000870	K01878	glycyl-tRNA synthetase alpha chain [EC:6.1.1.14]	COG0752	GlyQ	Glycyl-tRNA synthetase, alpha subunit	AAA795-A20_00945	0
CVSB01000045.1	115355	117421	+	AAA795-A20_00946	AAA795-A20	688	OG0000882	K01879	glycyl-tRNA synthetase beta chain [EC:6.1.1.14]	COG0751	GlyS	Glycyl-tRNA synthetase, beta subunit	AAA795-A20_00945	1
CVSB01000045.1	117421	120087	+	AAA795-A20_00947	AAA795-A20	888	OG0000798	K01006	pyruvate, orthophosphate dikinase [EC:2.7.9.1]	COG0574	PpsA	Phosphoenolpyruvate synthase/pyruvate phosphate dikinase	AAA795-A20_00945	2
CVSB01000045.1	120238	121011	+	AAA795-A20_00948	AAA795-A20	257	OG0001440	NA	NA	COG4640	YvbJ	Uncharacterized protein YvbJ, contains N-terminal Zn ribbon domain	AAA795-A20_00945	3
CVSB01000045.1	121360	122070	+	AAA795-A20_00949	AAA795-A20	236	OG0002988	NA	NA	COG4642	NA	Uncharacterized conserved protein, contains MORN repeats	AAA795-A20_00945	4
CVSB01000045.1	122079	122627	+	AAA795-A20_00950	AAA795-A20	182	OG0002243	NA	NA	NA	NA	NA	AAA795-A20_00945	5
CVSF01000047.1	91	726	+	AAA795-D22_00622	AAA795-D22	211	OG0000870	NA	NA	COG0752	GlyQ	Glycyl-tRNA synthetase, alpha subunit	AAA795-D22_00622	0
CABWYD010000004.1	24124	26043	+	AG-313-A04_00595	AG-313-A04	639	OG0000041	K01662	1-deoxy-D-xylulose-5-phosphate synthase [EC:2.2.1.7]	COG1154	Dxs	Deoxyxylulose-5-phosphate synthase	AG-313-A04_00600	-5
CABWYD010000004.1	26040	27122	-	AG-313-A04_00596	AG-313-A04	360	OG0000279	K01736	chorismate synthase [EC:4.2.3.5]	COG0082	AroC	Chorismate synthase	AG-313-A04_00600	-4
CABWYD010000004.1	27157	27789	+	AG-313-A04_00597	AG-313-A04	210	OG0000522	K00275	pyridoxamine 5'-phosphate oxidase [EC:1.4.3.5]	COG0259	PdxH	Pyridoxine/pyridoxamine 5'-phosphate oxidase	AG-313-A04_00600	-3
CABWYD010000004.1	27786	28799	-	AG-313-A04_00598	AG-313-A04	337	OG0000641	K02523	octaprenyl-diphosphate synthase [EC:2.5.1.90]	COG0142	IspA	Geranylgeranyl pyrophosphate synthase	AG-313-A04_00600	-2
CABWYD010000004.1	28942	29754	+	AG-313-A04_00599	AG-313-A04	270	OG0000623	K04773	protease IV [EC:3.4.21.-]	COG0616	SppA	Periplasmic serine protease, ClpP class	AG-313-A04_00600	-1
CABWYD010000004.1	29755	30642	+	AG-313-A04_00600	AG-313-A04	295	OG0000870	K01878	glycyl-tRNA synthetase alpha chain [EC:6.1.1.14]	COG0752	GlyQ	Glycyl-tRNA synthetase, alpha subunit	AG-313-A04_00600	0
CABWYD010000004.1	30646	32700	+	AG-313-A04_00601	AG-313-A04	684	OG0000882	K01879	glycyl-tRNA synthetase beta chain [EC:6.1.1.14]	COG0751	GlyS	Glycyl-tRNA synthetase, beta subunit	AG-313-A04_00600	1
CABWYD010000004.1	32697	35360	+	AG-313-A04_00602	AG-313-A04	887	OG0000798	K01006	pyruvate, orthophosphate dikinase [EC:2.7.9.1]	COG0574	PpsA	Phosphoenolpyruvate synthase/pyruvate phosphate dikinase	AG-313-A04_00600	2
CABWYD010000004.1	35349	36179	-	AG-313-A04_00603	AG-313-A04	276	OG0000370	K00767	nicotinate-nucleotide pyrophosphorylase (carboxylating) [EC:2.4.2.19]	COG0157	NadC	Nicotinate-nucleotide pyrophosphorylase	AG-313-A04_00600	3
CABWYD010000004.1	36184	37173	-	AG-313-A04_00604	AG-313-A04	329	OG0000316	K03517	quinolinate synthase [EC:2.5.1.72]	COG0379	NadA	Quinolinate synthase	AG-313-A04_00600	4
CABWYD010000004.1	37436	38317	-	AG-313-A04_00606	AG-313-A04	293	OG0000660	NA	NA	COG0354	YgfZ	Folate-binding protein YgfZ, synthesis and repair of Fe-S clusters, tRNA thiomethylation	AG-313-A04_00600	5
CABXTC010000004.1	29677	31590	+	AG-325-C18_00595	AG-325-C18	637	OG0000041	K01662	1-deoxy-D-xylulose-5-phosphate synthase [EC:2.2.1.7]	COG1154	Dxs	Deoxyxylulose-5-phosphate synthase	AG-325-C18_00600	-5
CABXTC010000004.1	31596	32678	-	AG-325-C18_00596	AG-325-C18	360	OG0000279	K01736	chorismate synthase [EC:4.2.3.5]	COG0082	AroC	Chorismate synthase	AG-325-C18_00600	-4
CABXTC010000004.1	32712	33338	+	AG-325-C18_00597	AG-325-C18	208	OG0000522	K00275	pyridoxamine 5'-phosphate oxidase [EC:1.4.3.5]	COG0259	PdxH	Pyridoxine/pyridoxamine 5'-phosphate oxidase	AG-325-C18_00600	-3
CABXTC010000004.1	33335	34348	-	AG-325-C18_00598	AG-325-C18	337	OG0000641	K02523	octaprenyl-diphosphate synthase [EC:2.5.1.90]	COG0142	IspA	Geranylgeranyl pyrophosphate synthase	AG-325-C18_00600	-2
CABXTC010000004.1	34463	35269	+	AG-325-C18_00599	AG-325-C18	268	OG0000623	K04773	protease IV [EC:3.4.21.-]	COG0616	SppA	Periplasmic serine protease, ClpP class	AG-325-C18_00600	-1
CABXTC010000004.1	35259	36140	+	AG-325-C18_00600	AG-325-C18	293	OG0000870	K01878	glycyl-tRNA synthetase alpha chain [EC:6.1.1.14]	COG0752	GlyQ	Glycyl-tRNA synthetase, alpha subunit	AG-325-C18_00600	0
CABXTC010000004.1	36142	38214	+	AG-325-C18_00601	AG-325-C18	690	OG0000882	K01879	glycyl-tRNA synthetase beta chain [EC:6.1.1.14]	COG0751	GlyS	Glycyl-tRNA synthetase, beta subunit	AG-325-C18_00600	1
CABXTC010000004.1	38207	40867	+	AG-325-C18_00602	AG-325-C18	886	OG0000798	K01006	pyruvate, orthophosphate dikinase [EC:2.7.9.1]	COG0574	PpsA	Phosphoenolpyruvate synthase/pyruvate phosphate dikinase	AG-325-C18_00600	2
CABXTC010000004.1	40882	41715	-	AG-325-C18_00603	AG-325-C18	277	OG0000370	K00767	nicotinate-nucleotide pyrophosphorylase (carboxylating) [EC:2.4.2.19]	COG0157	NadC	Nicotinate-nucleotide pyrophosphorylase	AG-325-C18_00600	3
CABXTC010000004.1	41722	42711	-	AG-325-C18_00604	AG-325-C18	329	OG0000316	K03517	quinolinate synthase [EC:2.5.1.72]	COG0379	NadA	Quinolinate synthase	AG-325-C18_00600	4
CABXTC010000004.1	42861	43748	-	AG-325-C18_00606	AG-325-C18	295	OG0000660	NA	NA	COG0354	YgfZ	Folate-binding protein YgfZ, synthesis and repair of Fe-S clusters, tRNA thiomethylation	AG-325-C18_00600	5
CABXTN010000006.1	30786	32699	+	AG-325-C21_00525	AG-325-C21	637	OG0000041	K01662	1-deoxy-D-xylulose-5-phosphate synthase [EC:2.2.1.7]	COG1154	Dxs	Deoxyxylulose-5-phosphate synthase	AG-325-C21_00530	-5
CABXTN010000006.1	32696	33781	-	AG-325-C21_00526	AG-325-C21	361	OG0000279	K01736	chorismate synthase [EC:4.2.3.5]	COG0082	AroC	Chorismate synthase	AG-325-C21_00530	-4
CABXTN010000006.1	33815	34441	+	AG-325-C21_00527	AG-325-C21	208	OG0000522	K00275	pyridoxamine 5'-phosphate oxidase [EC:1.4.3.5]	COG0259	PdxH	Pyridoxine/pyridoxamine 5'-phosphate oxidase	AG-325-C21_00530	-3
CABXTN010000006.1	34438	35451	-	AG-325-C21_00528	AG-325-C21	337	OG0000641	K02523	octaprenyl-diphosphate synthase [EC:2.5.1.90]	COG0142	IspA	Geranylgeranyl pyrophosphate synthase	AG-325-C21_00530	-2
CABXTN010000006.1	35561	36367	+	AG-325-C21_00529	AG-325-C21	268	OG0000623	K04773	protease IV [EC:3.4.21.-]	COG0616	SppA	Periplasmic serine protease, ClpP class	AG-325-C21_00530	-1
CABXTN010000006.1	36357	37238	+	AG-325-C21_00530	AG-325-C21	293	OG0000870	K01878	glycyl-tRNA synthetase alpha chain [EC:6.1.1.14]	COG0752	GlyQ	Glycyl-tRNA synthetase, alpha subunit	AG-325-C21_00530	0
CABXTN010000006.1	37241	39307	+	AG-325-C21_00531	AG-325-C21	688	OG0000882	K01879	glycyl-tRNA synthetase beta chain [EC:6.1.1.14]	COG0751	GlyS	Glycyl-tRNA synthetase, beta subunit	AG-325-C21_00530	1
CABXTN010000006.1	39307	41967	+	AG-325-C21_00532	AG-325-C21	886	OG0000798	K01006	pyruvate, orthophosphate dikinase [EC:2.7.9.1]	COG0574	PpsA	Phosphoenolpyruvate synthase/pyruvate phosphate dikinase	AG-325-C21_00530	2
CABXTN010000006.1	41978	42805	-	AG-325-C21_00533	AG-325-C21	275	OG0000370	K00767	nicotinate-nucleotide pyrophosphorylase (carboxylating) [EC:2.4.2.19]	COG0157	NadC	Nicotinate-nucleotide pyrophosphorylase	AG-325-C21_00530	3
CABXTN010000006.1	42811	43800	-	AG-325-C21_00534	AG-325-C21	329	OG0000316	K03517	quinolinate synthase [EC:2.5.1.72]	COG0379	NadA	Quinolinate synthase	AG-325-C21_00530	4
CABXTN010000006.1	43949	44836	-	AG-325-C21_00536	AG-325-C21	295	OG0000660	NA	NA	COG0354	YgfZ	Folate-binding protein YgfZ, synthesis and repair of Fe-S clusters, tRNA thiomethylation	AG-325-C21_00530	5
CABXUK010000018.1	59	1051	+	AG-325-E08_00994	AG-325-E08	330	OG0001144	NA	NA	COG2133	YliI	Glucose/arabinose dehydrogenase, beta-propeller fold	AG-325-E08_00997	-3
CABXUK010000018.1	1077	3734	-	AG-325-E08_00995	AG-325-E08	885	OG0000798	K01006	pyruvate, orthophosphate dikinase [EC:2.7.9.1]	COG0574	PpsA	Phosphoenolpyruvate synthase/pyruvate phosphate dikinase	AG-325-E08_00997	-2
CABXUK010000018.1	3727	5799	-	AG-325-E08_00996	AG-325-E08	690	OG0000882	K01879	glycyl-tRNA synthetase beta chain [EC:6.1.1.14]	COG0751	GlyS	Glycyl-tRNA synthetase, beta subunit	AG-325-E08_00997	-1
CABXUK010000018.1	5801	6706	-	AG-325-E08_00997	AG-325-E08	301	OG0000870	K01878	glycyl-tRNA synthetase alpha chain [EC:6.1.1.14]	COG0752	GlyQ	Glycyl-tRNA synthetase, alpha subunit	AG-325-E08_00997	0
CABXUK010000018.1	6672	7478	-	AG-325-E08_00998	AG-325-E08	268	OG0000623	K04773	protease IV [EC:3.4.21.-]	COG0616	SppA	Periplasmic serine protease, ClpP class	AG-325-E08_00997	1
CABXUK010000018.1	7594	8607	+	AG-325-E08_00999	AG-325-E08	337	OG0000641	K02523	octaprenyl-diphosphate synthase [EC:2.5.1.90]	COG0142	IspA	Geranylgeranyl pyrophosphate synthase	AG-325-E08_00997	2
CABXUK010000018.1	8604	9230	-	AG-325-E08_01000	AG-325-E08	208	OG0000522	K00275	pyridoxamine 5'-phosphate oxidase [EC:1.4.3.5]	COG0259	PdxH	Pyridoxine/pyridoxamine 5'-phosphate oxidase	AG-325-E08_00997	3
CABXUK010000018.1	9264	10346	+	AG-325-E08_01001	AG-325-E08	360	OG0000279	K01736	chorismate synthase [EC:4.2.3.5]	COG0082	AroC	Chorismate synthase	AG-325-E08_00997	4
CABXUK010000018.1	10353	12266	-	AG-325-E08_01002	AG-325-E08	637	OG0000041	K01662	1-deoxy-D-xylulose-5-phosphate synthase [EC:2.2.1.7]	COG1154	Dxs	Deoxyxylulose-5-phosphate synthase	AG-325-E08_00997	5
CABXUW010000001.1	39056	40975	+	AG-325-E13_00050	AG-325-E13	639	OG0000041	K01662	1-deoxy-D-xylulose-5-phosphate synthase [EC:2.2.1.7]	COG1154	Dxs	Deoxyxylulose-5-phosphate synthase	AG-325-E13_00055	-5
CABXUW010000001.1	40972	42054	-	AG-325-E13_00051	AG-325-E13	360	OG0000279	K01736	chorismate synthase [EC:4.2.3.5]	COG0082	AroC	Chorismate synthase	AG-325-E13_00055	-4
CABXUW010000001.1	42089	42721	+	AG-325-E13_00052	AG-325-E13	210	OG0000522	K00275	pyridoxamine 5'-phosphate oxidase [EC:1.4.3.5]	COG0259	PdxH	Pyridoxine/pyridoxamine 5'-phosphate oxidase	AG-325-E13_00055	-3
CABXUW010000001.1	42718	43731	-	AG-325-E13_00053	AG-325-E13	337	OG0000641	K02523	octaprenyl-diphosphate synthase [EC:2.5.1.90]	COG0142	IspA	Geranylgeranyl pyrophosphate synthase	AG-325-E13_00055	-2
CABXUW010000001.1	43880	44692	+	AG-325-E13_00054	AG-325-E13	270	OG0000623	K04773	protease IV [EC:3.4.21.-]	COG0616	SppA	Periplasmic serine protease, ClpP class	AG-325-E13_00055	-1
CABXUW010000001.1	44693	45565	+	AG-325-E13_00055	AG-325-E13	290	OG0000870	K01878	glycyl-tRNA synthetase alpha chain [EC:6.1.1.14]	COG0752	GlyQ	Glycyl-tRNA synthetase, alpha subunit	AG-325-E13_00055	0
CABXUW010000001.1	45572	47626	+	AG-325-E13_00056	AG-325-E13	684	OG0000882	K01879	glycyl-tRNA synthetase beta chain [EC:6.1.1.14]	COG0751	GlyS	Glycyl-tRNA synthetase, beta subunit	AG-325-E13_00055	1
CABXUW010000001.1	47626	50286	+	AG-325-E13_00057	AG-325-E13	886	OG0000798	K01006	pyruvate, orthophosphate dikinase [EC:2.7.9.1]	COG0574	PpsA	Phosphoenolpyruvate synthase/pyruvate phosphate dikinase	AG-325-E13_00055	2
CABXUW010000001.1	50275	51108	-	AG-325-E13_00058	AG-325-E13	277	OG0000370	K00767	nicotinate-nucleotide pyrophosphorylase (carboxylating) [EC:2.4.2.19]	COG0157	NadC	Nicotinate-nucleotide pyrophosphorylase	AG-325-E13_00055	3
CABXUW010000001.1	51113	52102	-	AG-325-E13_00059	AG-325-E13	329	OG0000316	K03517	quinolinate synthase [EC:2.5.1.72]	COG0379	NadA	Quinolinate synthase	AG-325-E13_00055	4
CABXUW010000001.1	52356	53702	+	AG-325-E13_00061	AG-325-E13	448	OG0001280	NA	NA	COG0513	SrmB	Superfamily II DNA and RNA helicase	AG-325-E13_00055	5
CABXVN010000001.1	221596	223515	+	AG-325-E20_00235	AG-325-E20	639	OG0000041	K01662	1-deoxy-D-xylulose-5-phosphate synthase [EC:2.2.1.7]	COG1154	Dxs	Deoxyxylulose-5-phosphate synthase	AG-325-E20_00240	-5
CABXVN010000001.1	223512	224594	-	AG-325-E20_00236	AG-325-E20	360	OG0000279	K01736	chorismate synthase [EC:4.2.3.5]	COG0082	AroC	Chorismate synthase	AG-325-E20_00240	-4
CABXVN010000001.1	224629	225258	+	AG-325-E20_00237	AG-325-E20	209	OG0000522	K00275	pyridoxamine 5'-phosphate oxidase [EC:1.4.3.5]	COG0259	PdxH	Pyridoxine/pyridoxamine 5'-phosphate oxidase	AG-325-E20_00240	-3
CABXVN010000001.1	225255	226268	-	AG-325-E20_00238	AG-325-E20	337	OG0000641	K02523	octaprenyl-diphosphate synthase [EC:2.5.1.90]	COG0142	IspA	Geranylgeranyl pyrophosphate synthase	AG-325-E20_00240	-2
CABXVN010000001.1	226411	227223	+	AG-325-E20_00239	AG-325-E20	270	OG0000623	K04773	protease IV [EC:3.4.21.-]	COG0616	SppA	Periplasmic serine protease, ClpP class	AG-325-E20_00240	-1
CABXVN010000001.1	227224	228102	+	AG-325-E20_00240	AG-325-E20	292	OG0000870	K01878	glycyl-tRNA synthetase alpha chain [EC:6.1.1.14]	COG0752	GlyQ	Glycyl-tRNA synthetase, alpha subunit	AG-325-E20_00240	0
CABXVN010000001.1	228107	230164	+	AG-325-E20_00241	AG-325-E20	685	OG0000882	K01879	glycyl-tRNA synthetase beta chain [EC:6.1.1.14]	COG0751	GlyS	Glycyl-tRNA synthetase, beta subunit	AG-325-E20_00240	1
CABXVN010000001.1	230161	232821	+	AG-325-E20_00242	AG-325-E20	886	OG0000798	K01006	pyruvate, orthophosphate dikinase [EC:2.7.9.1]	COG0574	PpsA	Phosphoenolpyruvate synthase/pyruvate phosphate dikinase	AG-325-E20_00240	2
CABXVN010000001.1	232810	233655	-	AG-325-E20_00243	AG-325-E20	281	OG0000370	K00767	nicotinate-nucleotide pyrophosphorylase (carboxylating) [EC:2.4.2.19]	COG0157	NadC	Nicotinate-nucleotide pyrophosphorylase	AG-325-E20_00240	3
CABXVN010000001.1	233645	234634	-	AG-325-E20_00244	AG-325-E20	329	OG0000316	K03517	quinolinate synthase [EC:2.5.1.72]	COG0379	NadA	Quinolinate synthase	AG-325-E20_00240	4
CABXVN010000001.1	234840	234953	-	AG-325-E20_00246	AG-325-E20	37	OG0001157	NA	NA	NA	NA	NA	AG-325-E20_00240	5
CABXWY010000002.1	105253	107166	+	AG-325-G21_00310	AG-325-G21	637	OG0000041	K01662	1-deoxy-D-xylulose-5-phosphate synthase [EC:2.2.1.7]	COG1154	Dxs	Deoxyxylulose-5-phosphate synthase	AG-325-G21_00315	-5
CABXWY010000002.1	107163	108248	-	AG-325-G21_00311	AG-325-G21	361	OG0000279	K01736	chorismate synthase [EC:4.2.3.5]	COG0082	AroC	Chorismate synthase	AG-325-G21_00315	-4
CABXWY010000002.1	108282	108908	+	AG-325-G21_00312	AG-325-G21	208	OG0000522	K00275	pyridoxamine 5'-phosphate oxidase [EC:1.4.3.5]	COG0259	PdxH	Pyridoxine/pyridoxamine 5'-phosphate oxidase	AG-325-G21_00315	-3
CABXWY010000002.1	108905	109918	-	AG-325-G21_00313	AG-325-G21	337	OG0000641	K02523	octaprenyl-diphosphate synthase [EC:2.5.1.90]	COG0142	IspA	Geranylgeranyl pyrophosphate synthase	AG-325-G21_00315	-2
CABXWY010000002.1	110028	110834	+	AG-325-G21_00314	AG-325-G21	268	OG0000623	K04773	protease IV [EC:3.4.21.-]	COG0616	SppA	Periplasmic serine protease, ClpP class	AG-325-G21_00315	-1
CABXWY010000002.1	110824	111708	+	AG-325-G21_00315	AG-325-G21	294	OG0000870	K01878	glycyl-tRNA synthetase alpha chain [EC:6.1.1.14]	COG0752	GlyQ	Glycyl-tRNA synthetase, alpha subunit	AG-325-G21_00315	0
CABXWY010000002.1	111708	113774	+	AG-325-G21_00316	AG-325-G21	688	OG0000882	K01879	glycyl-tRNA synthetase beta chain [EC:6.1.1.14]	COG0751	GlyS	Glycyl-tRNA synthetase, beta subunit	AG-325-G21_00315	1
CABXWY010000002.1	113774	116431	+	AG-325-G21_00317	AG-325-G21	885	OG0000798	K01006	pyruvate, orthophosphate dikinase [EC:2.7.9.1]	COG0574	PpsA	Phosphoenolpyruvate synthase/pyruvate phosphate dikinase	AG-325-G21_00315	2
CABXWY010000002.1	116435	117262	-	AG-325-G21_00318	AG-325-G21	275	OG0000370	K00767	nicotinate-nucleotide pyrophosphorylase (carboxylating) [EC:2.4.2.19]	COG0157	NadC	Nicotinate-nucleotide pyrophosphorylase	AG-325-G21_00315	3
CABXWY010000002.1	117268	118257	-	AG-325-G21_00319	AG-325-G21	329	OG0000316	K03517	quinolinate synthase [EC:2.5.1.72]	COG0379	NadA	Quinolinate synthase	AG-325-G21_00315	4
CABXWY010000002.1	118404	119291	-	AG-325-G21_00321	AG-325-G21	295	OG0000660	NA	NA	COG0354	YgfZ	Folate-binding protein YgfZ, synthesis and repair of Fe-S clusters, tRNA thiomethylation	AG-325-G21_00315	5
CABXZD010000001.1	53655	55568	+	AG-325-L02_00064	AG-325-L02	637	OG0000041	K01662	1-deoxy-D-xylulose-5-phosphate synthase [EC:2.2.1.7]	COG1154	Dxs	Deoxyxylulose-5-phosphate synthase	AG-325-L02_00069	-5
CABXZD010000001.1	55574	56656	-	AG-325-L02_00065	AG-325-L02	360	OG0000279	K01736	chorismate synthase [EC:4.2.3.5]	COG0082	AroC	Chorismate synthase	AG-325-L02_00069	-4
CABXZD010000001.1	56690	57316	+	AG-325-L02_00066	AG-325-L02	208	OG0000522	K00275	pyridoxamine 5'-phosphate oxidase [EC:1.4.3.5]	COG0259	PdxH	Pyridoxine/pyridoxamine 5'-phosphate oxidase	AG-325-L02_00069	-3
CABXZD010000001.1	57313	58326	-	AG-325-L02_00067	AG-325-L02	337	OG0000641	K02523	octaprenyl-diphosphate synthase [EC:2.5.1.90]	COG0142	IspA	Geranylgeranyl pyrophosphate synthase	AG-325-L02_00069	-2
CABXZD010000001.1	58441	59247	+	AG-325-L02_00068	AG-325-L02	268	OG0000623	K04773	protease IV [EC:3.4.21.-]	COG0616	SppA	Periplasmic serine protease, ClpP class	AG-325-L02_00069	-1
CABXZD010000001.1	59237	60118	+	AG-325-L02_00069	AG-325-L02	293	OG0000870	K01878	glycyl-tRNA synthetase alpha chain [EC:6.1.1.14]	COG0752	GlyQ	Glycyl-tRNA synthetase, alpha subunit	AG-325-L02_00069	0
CABXZD010000001.1	60364	62193	+	AG-325-L02_00070	AG-325-L02	609	OG0000882	K01879	glycyl-tRNA synthetase beta chain [EC:6.1.1.14]	COG0751	GlyS	Glycyl-tRNA synthetase, beta subunit	AG-325-L02_00069	1
CABXZD010000001.1	62186	64846	+	AG-325-L02_00071	AG-325-L02	886	OG0000798	K01006	pyruvate, orthophosphate dikinase [EC:2.7.9.1]	COG0574	PpsA	Phosphoenolpyruvate synthase/pyruvate phosphate dikinase	AG-325-L02_00069	2
CABXZD010000001.1	65557	66507	+	AG-325-L02_00073	AG-325-L02	316	OG0000256	K03465	thymidylate synthase (FAD) [EC:2.1.1.148]	COG1351	ThyX	Thymidylate synthase ThyX, FAD-dependent family	AG-325-L02_00069	3
CABXZD010000001.1	66515	68428	+	AG-325-L02_00074	AG-325-L02	637	OG0001337	K16568	exopolysaccharide production protein ExoZ	COG1835	OafA	Peptidoglycan/LPS O-acetylase OafA/YrhL, contains acyltransferase and SGNH-hydrolase domains	AG-325-L02_00069	4
CABXZD010000001.1	68430	69257	-	AG-325-L02_00075	AG-325-L02	275	OG0000361	K03593	ATP-binding protein involved in chromosome partitioning	COG0489	Mrp	Fe-S cluster carrier ATPase, Mrp/ApbC/NBP35 family	AG-325-L02_00069	5
CABXYW010000002.1	82080	83993	+	AG-325-L05_00299	AG-325-L05	637	OG0000041	K01662	1-deoxy-D-xylulose-5-phosphate synthase [EC:2.2.1.7]	COG1154	Dxs	Deoxyxylulose-5-phosphate synthase	AG-325-L05_00304	-5
CABXYW010000002.1	83999	85081	-	AG-325-L05_00300	AG-325-L05	360	OG0000279	K01736	chorismate synthase [EC:4.2.3.5]	COG0082	AroC	Chorismate synthase	AG-325-L05_00304	-4
CABXYW010000002.1	85115	85741	+	AG-325-L05_00301	AG-325-L05	208	OG0000522	K00275	pyridoxamine 5'-phosphate oxidase [EC:1.4.3.5]	COG0259	PdxH	Pyridoxine/pyridoxamine 5'-phosphate oxidase	AG-325-L05_00304	-3
CABXYW010000002.1	85738	86751	-	AG-325-L05_00302	AG-325-L05	337	OG0000641	K02523	octaprenyl-diphosphate synthase [EC:2.5.1.90]	COG0142	IspA	Geranylgeranyl pyrophosphate synthase	AG-325-L05_00304	-2
CABXYW010000002.1	86867	87673	+	AG-325-L05_00303	AG-325-L05	268	OG0000623	K04773	protease IV [EC:3.4.21.-]	COG0616	SppA	Periplasmic serine protease, ClpP class	AG-325-L05_00304	-1
CABXYW010000002.1	87663	88544	+	AG-325-L05_00304	AG-325-L05	293	OG0000870	K01878	glycyl-tRNA synthetase alpha chain [EC:6.1.1.14]	COG0752	GlyQ	Glycyl-tRNA synthetase, alpha subunit	AG-325-L05_00304	0
CABXYW010000002.1	88546	90618	+	AG-325-L05_00305	AG-325-L05	690	OG0000882	K01879	glycyl-tRNA synthetase beta chain [EC:6.1.1.14]	COG0751	GlyS	Glycyl-tRNA synthetase, beta subunit	AG-325-L05_00304	1
CABXYW010000002.1	90611	93280	+	AG-325-L05_00306	AG-325-L05	889	OG0000798	K01006	pyruvate, orthophosphate dikinase [EC:2.7.9.1]	COG0574	PpsA	Phosphoenolpyruvate synthase/pyruvate phosphate dikinase	AG-325-L05_00304	2
CABXYW010000002.1	93468	94172	+	AG-325-L05_00307	AG-325-L05	234	OG0000035	NA	NA	COG0223	Fmt	Methionyl-tRNA formyltransferase	AG-325-L05_00304	3
CABXYW010000002.1	94470	96200	+	AG-325-L05_00308	AG-325-L05	576	OG0001591	NA	NA	NA	NA	NA	AG-325-L05_00304	4
CABXYW010000002.1	96592	97539	+	AG-325-L05_00310	AG-325-L05	315	OG0000256	K03465	thymidylate synthase (FAD) [EC:2.1.1.148]	COG1351	ThyX	Thymidylate synthase ThyX, FAD-dependent family	AG-325-L05_00304	5
CABYCY010000001.1	116370	117332	+	AG-333-A04_00117	AG-333-A04	320	OG0001078	NA	NA	NA	NA	NA	AG-333-A04_00122	-5
CABYCY010000001.1	117289	117381	+	AG-333-A04_00118	AG-333-A04	30	NA	NA	NA	NA	NA	NA	AG-333-A04_00122	-4
CABYCY010000001.1	117385	117846	-	AG-333-A04_00119	AG-333-A04	153	OG0000120	NA	NA	COG0110	WbbJ	O-acetyltransferase, isoleucine patch superfamily, LacA/YvoF/WbbJ family	AG-333-A04_00122	-3
CABYCY010000001.1	117893	120553	-	AG-333-A04_00120	AG-333-A04	886	OG0000798	K01006	pyruvate, orthophosphate dikinase [EC:2.7.9.1]	COG0574	PpsA	Phosphoenolpyruvate synthase/pyruvate phosphate dikinase	AG-333-A04_00122	-2
CABYCY010000001.1	120550	122619	-	AG-333-A04_00121	AG-333-A04	689	OG0000882	K01879	glycyl-tRNA synthetase beta chain [EC:6.1.1.14]	COG0751	GlyS	Glycyl-tRNA synthetase, beta subunit	AG-333-A04_00122	-1
CABYCY010000001.1	122619	123524	-	AG-333-A04_00122	AG-333-A04	301	OG0000870	K01878	glycyl-tRNA synthetase alpha chain [EC:6.1.1.14]	COG0752	GlyQ	Glycyl-tRNA synthetase, alpha subunit	AG-333-A04_00122	0
CABYCY010000001.1	123490	124296	-	AG-333-A04_00123	AG-333-A04	268	OG0000623	K04773	protease IV [EC:3.4.21.-]	COG0616	SppA	Periplasmic serine protease, ClpP class	AG-333-A04_00122	1
CABYCY010000001.1	124411	125424	+	AG-333-A04_00124	AG-333-A04	337	OG0000641	K02523	octaprenyl-diphosphate synthase [EC:2.5.1.90]	COG0142	IspA	Geranylgeranyl pyrophosphate synthase	AG-333-A04_00122	2
CABYCY010000001.1	125421	126047	-	AG-333-A04_00125	AG-333-A04	208	OG0000522	K00275	pyridoxamine 5'-phosphate oxidase [EC:1.4.3.5]	COG0259	PdxH	Pyridoxine/pyridoxamine 5'-phosphate oxidase	AG-333-A04_00122	3
CABYCY010000001.1	126081	127163	+	AG-333-A04_00126	AG-333-A04	360	OG0000279	K01736	chorismate synthase [EC:4.2.3.5]	COG0082	AroC	Chorismate synthase	AG-333-A04_00122	4
CABYCY010000001.1	127170	129086	-	AG-333-A04_00127	AG-333-A04	638	OG0000041	K01662	1-deoxy-D-xylulose-5-phosphate synthase [EC:2.2.1.7]	COG1154	Dxs	Deoxyxylulose-5-phosphate synthase	AG-333-A04_00122	5
CABYHH010000004.1	31069	32982	+	AG-333-D08_00446	AG-333-D08	637	OG0000041	K01662	1-deoxy-D-xylulose-5-phosphate synthase [EC:2.2.1.7]	COG1154	Dxs	Deoxyxylulose-5-phosphate synthase	AG-333-D08_00451	-5
CABYHH010000004.1	32989	34071	-	AG-333-D08_00447	AG-333-D08	360	OG0000279	K01736	chorismate synthase [EC:4.2.3.5]	COG0082	AroC	Chorismate synthase	AG-333-D08_00451	-4
CABYHH010000004.1	34105	34731	+	AG-333-D08_00448	AG-333-D08	208	OG0000522	K00275	pyridoxamine 5'-phosphate oxidase [EC:1.4.3.5]	COG0259	PdxH	Pyridoxine/pyridoxamine 5'-phosphate oxidase	AG-333-D08_00451	-3
CABYHH010000004.1	34728	35741	-	AG-333-D08_00449	AG-333-D08	337	OG0000641	K02523	octaprenyl-diphosphate synthase [EC:2.5.1.90]	COG0142	IspA	Geranylgeranyl pyrophosphate synthase	AG-333-D08_00451	-2
CABYHH010000004.1	35856	36662	+	AG-333-D08_00450	AG-333-D08	268	OG0000623	K04773	protease IV [EC:3.4.21.-]	COG0616	SppA	Periplasmic serine protease, ClpP class	AG-333-D08_00451	-1
CABYHH010000004.1	36652	37533	+	AG-333-D08_00451	AG-333-D08	293	OG0000870	K01878	glycyl-tRNA synthetase alpha chain [EC:6.1.1.14]	COG0752	GlyQ	Glycyl-tRNA synthetase, alpha subunit	AG-333-D08_00451	0
CABYHH010000004.1	37535	39607	+	AG-333-D08_00452	AG-333-D08	690	OG0000882	K01879	glycyl-tRNA synthetase beta chain [EC:6.1.1.14]	COG0751	GlyS	Glycyl-tRNA synthetase, beta subunit	AG-333-D08_00451	1
CABYHH010000004.1	39600	42266	+	AG-333-D08_00453	AG-333-D08	888	OG0000798	K01006	pyruvate, orthophosphate dikinase [EC:2.7.9.1]	COG0574	PpsA	Phosphoenolpyruvate synthase/pyruvate phosphate dikinase	AG-333-D08_00451	2
CABYHH010000004.1	42384	42647	-	AG-333-D08_00454	AG-333-D08	87	OG0002126	K15383	MtN3 and saliva related transmembrane protein	COG4095	SWEET	Sugar transporter, SemiSWEET family, contains PQ motif	AG-333-D08_00451	3
CABYHH010000004.1	42803	44275	-	AG-333-D08_00455	AG-333-D08	490	OG0003172	NA	NA	COG2852	YcjD	Very-short-patch-repair endonuclease	AG-333-D08_00451	4
CABYHH010000004.1	44461	45531	+	AG-333-D08_00457	AG-333-D08	356	OG0000256	K03465	thymidylate synthase (FAD) [EC:2.1.1.148]	COG1351	ThyX	Thymidylate synthase ThyX, FAD-dependent family	AG-333-D08_00451	5
CABZBR010000030.1	84	956	+	AG-337-C09_01215	AG-337-C09	290	OG0000870	K01878	glycyl-tRNA synthetase alpha chain [EC:6.1.1.14]	COG0752	GlyQ	Glycyl-tRNA synthetase, alpha subunit	AG-337-C09_01215	0
CABZBR010000030.1	956	3019	+	AG-337-C09_01216	AG-337-C09	687	OG0000882	K01879	glycyl-tRNA synthetase beta chain [EC:6.1.1.14]	COG0751	GlyS	Glycyl-tRNA synthetase, beta subunit	AG-337-C09_01215	1
CABZBR010000030.1	3021	5681	+	AG-337-C09_01217	AG-337-C09	886	OG0000798	K01006	pyruvate, orthophosphate dikinase [EC:2.7.9.1]	COG0574	PpsA	Phosphoenolpyruvate synthase/pyruvate phosphate dikinase	AG-337-C09_01215	2
CABZBR010000030.1	5678	6514	-	AG-337-C09_01218	AG-337-C09	278	OG0000370	K00767	nicotinate-nucleotide pyrophosphorylase (carboxylating) [EC:2.4.2.19]	COG0157	NadC	Nicotinate-nucleotide pyrophosphorylase	AG-337-C09_01215	3
CABZBR010000030.1	6520	7509	-	AG-337-C09_01219	AG-337-C09	329	OG0000316	K03517	quinolinate synthase [EC:2.5.1.72]	COG0379	NadA	Quinolinate synthase	AG-337-C09_01215	4
CABZBR010000030.1	8856	10157	-	AG-337-C09_01221	AG-337-C09	433	OG0001427	NA	NA	NA	NA	NA	AG-337-C09_01215	5
CABZDS010000011.1	18884	20794	+	AG-337-D16_00975	AG-337-D16	636	OG0000041	K01662	1-deoxy-D-xylulose-5-phosphate synthase [EC:2.2.1.7]	COG1154	Dxs	Deoxyxylulose-5-phosphate synthase	AG-337-D16_00980	-5
CABZDS010000011.1	20791	21876	-	AG-337-D16_00976	AG-337-D16	361	OG0000279	K01736	chorismate synthase [EC:4.2.3.5]	COG0082	AroC	Chorismate synthase	AG-337-D16_00980	-4
CABZDS010000011.1	21909	22532	+	AG-337-D16_00977	AG-337-D16	207	OG0000522	K00275	pyridoxamine 5'-phosphate oxidase [EC:1.4.3.5]	COG0259	PdxH	Pyridoxine/pyridoxamine 5'-phosphate oxidase	AG-337-D16_00980	-3
CABZDS010000011.1	22529	23542	-	AG-337-D16_00978	AG-337-D16	337	OG0000641	K02523	octaprenyl-diphosphate synthase [EC:2.5.1.90]	COG0142	IspA	Geranylgeranyl pyrophosphate synthase	AG-337-D16_00980	-2
CABZDS010000011.1	23651	24457	+	AG-337-D16_00979	AG-337-D16	268	OG0000623	K04773	protease IV [EC:3.4.21.-]	COG0616	SppA	Periplasmic serine protease, ClpP class	AG-337-D16_00980	-1
CABZDS010000011.1	24447	25331	+	AG-337-D16_00980	AG-337-D16	294	OG0000870	K01878	glycyl-tRNA synthetase alpha chain [EC:6.1.1.14]	COG0752	GlyQ	Glycyl-tRNA synthetase, alpha subunit	AG-337-D16_00980	0
CABZDS010000011.1	25333	27396	+	AG-337-D16_00981	AG-337-D16	687	OG0000882	K01879	glycyl-tRNA synthetase beta chain [EC:6.1.1.14]	COG0751	GlyS	Glycyl-tRNA synthetase, beta subunit	AG-337-D16_00980	1
CABZDS010000011.1	27397	30054	+	AG-337-D16_00982	AG-337-D16	885	OG0000798	K01006	pyruvate, orthophosphate dikinase [EC:2.7.9.1]	COG0574	PpsA	Phosphoenolpyruvate synthase/pyruvate phosphate dikinase	AG-337-D16_00980	2
CABZDS010000011.1	30064	30543	-	AG-337-D16_00983	AG-337-D16	159	OG0000370	NA	NA	COG0157	NadC	Nicotinate-nucleotide pyrophosphorylase	AG-337-D16_00980	3
CABZDW010000015.1	91	1782	+	AG-337-D17_01004	AG-337-D17	563	OG0000041	K01662	1-deoxy-D-xylulose-5-phosphate synthase [EC:2.2.1.7]	COG1154	Dxs	Deoxyxylulose-5-phosphate synthase	AG-337-D17_01009	-5
CABZDW010000015.1	1779	2861	-	AG-337-D17_01005	AG-337-D17	360	OG0000279	K01736	chorismate synthase [EC:4.2.3.5]	COG0082	AroC	Chorismate synthase	AG-337-D17_01009	-4
CABZDW010000015.1	2895	3521	+	AG-337-D17_01006	AG-337-D17	208	OG0000522	K00275	pyridoxamine 5'-phosphate oxidase [EC:1.4.3.5]	COG0259	PdxH	Pyridoxine/pyridoxamine 5'-phosphate oxidase	AG-337-D17_01009	-3
CABZDW010000015.1	3518	4531	-	AG-337-D17_01007	AG-337-D17	337	OG0000641	K02523	octaprenyl-diphosphate synthase [EC:2.5.1.90]	COG0142	IspA	Geranylgeranyl pyrophosphate synthase	AG-337-D17_01009	-2
CABZDW010000015.1	4645	5451	+	AG-337-D17_01008	AG-337-D17	268	OG0000623	K04773	protease IV [EC:3.4.21.-]	COG0616	SppA	Periplasmic serine protease, ClpP class	AG-337-D17_01009	-1
CABZDW010000015.1	5441	6322	+	AG-337-D17_01009	AG-337-D17	293	OG0000870	K01878	glycyl-tRNA synthetase alpha chain [EC:6.1.1.14]	COG0752	GlyQ	Glycyl-tRNA synthetase, alpha subunit	AG-337-D17_01009	0
CABZDW010000015.1	6324	8396	+	AG-337-D17_01010	AG-337-D17	690	OG0000882	K01879	glycyl-tRNA synthetase beta chain [EC:6.1.1.14]	COG0751	GlyS	Glycyl-tRNA synthetase, beta subunit	AG-337-D17_01009	1
CABZDW010000015.1	8389	11055	+	AG-337-D17_01011	AG-337-D17	888	OG0000798	K01006	pyruvate, orthophosphate dikinase [EC:2.7.9.1]	COG0574	PpsA	Phosphoenolpyruvate synthase/pyruvate phosphate dikinase	AG-337-D17_01009	2
CABZDW010000015.1	11071	11904	-	AG-337-D17_01012	AG-337-D17	277	OG0000370	K00767	nicotinate-nucleotide pyrophosphorylase (carboxylating) [EC:2.4.2.19]	COG0157	NadC	Nicotinate-nucleotide pyrophosphorylase	AG-337-D17_01009	3
CABZDW010000015.1	11911	12900	-	AG-337-D17_01013	AG-337-D17	329	OG0000316	K03517	quinolinate synthase [EC:2.5.1.72]	COG0379	NadA	Quinolinate synthase	AG-337-D17_01009	4
CABZDW010000015.1	13375	13503	+	AG-337-D17_01015	AG-337-D17	42	NA	NA	NA	NA	NA	NA	AG-337-D17_01009	5
CABZFF010000006.1	2157	3146	+	AG-337-E15_00723	AG-337-E15	329	OG0000316	K03517	quinolinate synthase [EC:2.5.1.72]	COG0379	NadA	Quinolinate synthase	AG-337-E15_00728	-5
CABZFF010000006.1	3151	3981	+	AG-337-E15_00724	AG-337-E15	276	OG0000370	K00767	nicotinate-nucleotide pyrophosphorylase (carboxylating) [EC:2.4.2.19]	COG0157	NadC	Nicotinate-nucleotide pyrophosphorylase	AG-337-E15_00728	-4
CABZFF010000006.1	3978	6308	-	AG-337-E15_00725	AG-337-E15	776	OG0001495	NA	NA	COG4625	NA	Uncharacterized conserved protein, contains a C-terminal beta-barrel porin domain	AG-337-E15_00728	-3
CABZFF010000006.1	6402	9062	-	AG-337-E15_00726	AG-337-E15	886	OG0000798	K01006	pyruvate, orthophosphate dikinase [EC:2.7.9.1]	COG0574	PpsA	Phosphoenolpyruvate synthase/pyruvate phosphate dikinase	AG-337-E15_00728	-2
CABZFF010000006.1	9062	11116	-	AG-337-E15_00727	AG-337-E15	684	OG0000882	K01879	glycyl-tRNA synthetase beta chain [EC:6.1.1.14]	COG0751	GlyS	Glycyl-tRNA synthetase, beta subunit	AG-337-E15_00728	-1
CABZFF010000006.1	11120	12016	-	AG-337-E15_00728	AG-337-E15	298	OG0000870	K01878	glycyl-tRNA synthetase alpha chain [EC:6.1.1.14]	COG0752	GlyQ	Glycyl-tRNA synthetase, alpha subunit	AG-337-E15_00728	0
CABZFF010000006.1	12017	12829	-	AG-337-E15_00729	AG-337-E15	270	OG0000623	K04773	protease IV [EC:3.4.21.-]	COG0616	SppA	Periplasmic serine protease, ClpP class	AG-337-E15_00728	1
CABZFF010000006.1	12975	13988	+	AG-337-E15_00730	AG-337-E15	337	OG0000641	K02523	octaprenyl-diphosphate synthase [EC:2.5.1.90]	COG0142	IspA	Geranylgeranyl pyrophosphate synthase	AG-337-E15_00728	2
CABZFF010000006.1	13985	14617	-	AG-337-E15_00731	AG-337-E15	210	OG0000522	K00275	pyridoxamine 5'-phosphate oxidase [EC:1.4.3.5]	COG0259	PdxH	Pyridoxine/pyridoxamine 5'-phosphate oxidase	AG-337-E15_00728	3
CABZFF010000006.1	14652	15734	+	AG-337-E15_00732	AG-337-E15	360	OG0000279	K01736	chorismate synthase [EC:4.2.3.5]	COG0082	AroC	Chorismate synthase	AG-337-E15_00728	4
CABZFF010000006.1	15731	17650	-	AG-337-E15_00733	AG-337-E15	639	OG0000041	K01662	1-deoxy-D-xylulose-5-phosphate synthase [EC:2.2.1.7]	COG1154	Dxs	Deoxyxylulose-5-phosphate synthase	AG-337-E15_00728	5
CABZHI010000005.1	9335	11248	+	AG-337-G04_00652	AG-337-G04	637	OG0000041	K01662	1-deoxy-D-xylulose-5-phosphate synthase [EC:2.2.1.7]	COG1154	Dxs	Deoxyxylulose-5-phosphate synthase	AG-337-G04_00657	-5
CABZHI010000005.1	11245	12330	-	AG-337-G04_00653	AG-337-G04	361	OG0000279	K01736	chorismate synthase [EC:4.2.3.5]	COG0082	AroC	Chorismate synthase	AG-337-G04_00657	-4
CABZHI010000005.1	12363	12986	+	AG-337-G04_00654	AG-337-G04	207	OG0000522	K00275	pyridoxamine 5'-phosphate oxidase [EC:1.4.3.5]	COG0259	PdxH	Pyridoxine/pyridoxamine 5'-phosphate oxidase	AG-337-G04_00657	-3
CABZHI010000005.1	12983	13996	-	AG-337-G04_00655	AG-337-G04	337	OG0000641	K02523	octaprenyl-diphosphate synthase [EC:2.5.1.90]	COG0142	IspA	Geranylgeranyl pyrophosphate synthase	AG-337-G04_00657	-2
CABZHI010000005.1	14107	14916	+	AG-337-G04_00656	AG-337-G04	269	OG0000623	K04773	protease IV [EC:3.4.21.-]	COG0616	SppA	Periplasmic serine protease, ClpP class	AG-337-G04_00657	-1
CABZHI010000005.1	14906	15778	+	AG-337-G04_00657	AG-337-G04	290	OG0000870	K01878	glycyl-tRNA synthetase alpha chain [EC:6.1.1.14]	COG0752	GlyQ	Glycyl-tRNA synthetase, alpha subunit	AG-337-G04_00657	0
CABZHI010000005.1	15778	17841	+	AG-337-G04_00658	AG-337-G04	687	OG0000882	K01879	glycyl-tRNA synthetase beta chain [EC:6.1.1.14]	COG0751	GlyS	Glycyl-tRNA synthetase, beta subunit	AG-337-G04_00657	1
CABZHI010000005.1	17843	20503	+	AG-337-G04_00659	AG-337-G04	886	OG0000798	K01006	pyruvate, orthophosphate dikinase [EC:2.7.9.1]	COG0574	PpsA	Phosphoenolpyruvate synthase/pyruvate phosphate dikinase	AG-337-G04_00657	2
CABZHI010000005.1	20500	21336	-	AG-337-G04_00660	AG-337-G04	278	OG0000370	K00767	nicotinate-nucleotide pyrophosphorylase (carboxylating) [EC:2.4.2.19]	COG0157	NadC	Nicotinate-nucleotide pyrophosphorylase	AG-337-G04_00657	3
CABZHI010000005.1	21342	22331	-	AG-337-G04_00661	AG-337-G04	329	OG0000316	K03517	quinolinate synthase [EC:2.5.1.72]	COG0379	NadA	Quinolinate synthase	AG-337-G04_00657	4
CABZHI010000005.1	22802	23749	+	AG-337-G04_00664	AG-337-G04	315	OG0000256	K03465	thymidylate synthase (FAD) [EC:2.1.1.148]	COG1351	ThyX	Thymidylate synthase ThyX, FAD-dependent family	AG-337-G04_00657	5
CABZHM010000006.1	5386	6489	-	AG-337-G11_00486	AG-337-G11	367	OG0000394	K04088	modulator of FtsH protease HflK	COG0330	HflC	Regulator of protease activity HflC, stomatin/prohibitin superfamily	AG-337-G11_00492	-5
CABZHM010000006.1	6542	7366	+	AG-337-G11_00487	AG-337-G11	274	OG0000361	K03593	ATP-binding protein involved in chromosome partitioning	COG0489	Mrp	Fe-S cluster carrier ATPase, Mrp/ApbC/NBP35 family	AG-337-G11_00492	-4
CABZHM010000006.1	7347	8294	-	AG-337-G11_00488	AG-337-G11	315	OG0000256	K03465	thymidylate synthase (FAD) [EC:2.1.1.148]	COG1351	ThyX	Thymidylate synthase ThyX, FAD-dependent family	AG-337-G11_00492	-3
CABZHM010000006.1	8597	11266	-	AG-337-G11_00490	AG-337-G11	889	OG0000798	K01006	pyruvate, orthophosphate dikinase [EC:2.7.9.1]	COG0574	PpsA	Phosphoenolpyruvate synthase/pyruvate phosphate dikinase	AG-337-G11_00492	-2
CABZHM010000006.1	11259	13331	-	AG-337-G11_00491	AG-337-G11	690	OG0000882	K01879	glycyl-tRNA synthetase beta chain [EC:6.1.1.14]	COG0751	GlyS	Glycyl-tRNA synthetase, beta subunit	AG-337-G11_00492	-1
CABZHM010000006.1	13333	14214	-	AG-337-G11_00492	AG-337-G11	293	OG0000870	K01878	glycyl-tRNA synthetase alpha chain [EC:6.1.1.14]	COG0752	GlyQ	Glycyl-tRNA synthetase, alpha subunit	AG-337-G11_00492	0
CABZHM010000006.1	14204	15010	-	AG-337-G11_00493	AG-337-G11	268	OG0000623	K04773	protease IV [EC:3.4.21.-]	COG0616	SppA	Periplasmic serine protease, ClpP class	AG-337-G11_00492	1
CABZHM010000006.1	15124	16137	+	AG-337-G11_00494	AG-337-G11	337	OG0000641	K02523	octaprenyl-diphosphate synthase [EC:2.5.1.90]	COG0142	IspA	Geranylgeranyl pyrophosphate synthase	AG-337-G11_00492	2
CABZHM010000006.1	16134	16760	-	AG-337-G11_00495	AG-337-G11	208	OG0000522	K00275	pyridoxamine 5'-phosphate oxidase [EC:1.4.3.5]	COG0259	PdxH	Pyridoxine/pyridoxamine 5'-phosphate oxidase	AG-337-G11_00492	3
CABZHM010000006.1	16794	17876	+	AG-337-G11_00496	AG-337-G11	360	OG0000279	K01736	chorismate synthase [EC:4.2.3.5]	COG0082	AroC	Chorismate synthase	AG-337-G11_00492	4
CABZHM010000006.1	17882	19795	-	AG-337-G11_00497	AG-337-G11	637	OG0000041	K01662	1-deoxy-D-xylulose-5-phosphate synthase [EC:2.2.1.7]	COG1154	Dxs	Deoxyxylulose-5-phosphate synthase	AG-337-G11_00492	5
CACABC010000002.1	1878	2753	-	AG-343-E17_00210	AG-343-E17	291	OG0000870	K01878	glycyl-tRNA synthetase alpha chain [EC:6.1.1.14]	COG0752	GlyQ	Glycyl-tRNA synthetase, alpha subunit	AG-343-E17_00210	0
CACABC010000002.1	2754	3566	-	AG-343-E17_00211	AG-343-E17	270	OG0000623	K04773	protease IV [EC:3.4.21.-]	COG0616	SppA	Periplasmic serine protease, ClpP class	AG-343-E17_00210	1
CACABC010000002.1	3712	4725	+	AG-343-E17_00212	AG-343-E17	337	OG0000641	K02523	octaprenyl-diphosphate synthase [EC:2.5.1.90]	COG0142	IspA	Geranylgeranyl pyrophosphate synthase	AG-343-E17_00210	2
CACABC010000002.1	4722	5354	-	AG-343-E17_00213	AG-343-E17	210	OG0000522	K00275	pyridoxamine 5'-phosphate oxidase [EC:1.4.3.5]	COG0259	PdxH	Pyridoxine/pyridoxamine 5'-phosphate oxidase	AG-343-E17_00210	3
CACABC010000002.1	5389	6471	+	AG-343-E17_00214	AG-343-E17	360	OG0000279	K01736	chorismate synthase [EC:4.2.3.5]	COG0082	AroC	Chorismate synthase	AG-343-E17_00210	4
CACABC010000002.1	6468	8384	-	AG-343-E17_00215	AG-343-E17	638	OG0000041	K01662	1-deoxy-D-xylulose-5-phosphate synthase [EC:2.2.1.7]	COG1154	Dxs	Deoxyxylulose-5-phosphate synthase	AG-343-E17_00210	5
CACAYM010000008.1	18159	20072	+	AG-349-I05_01109	AG-349-I05	637	OG0000041	K01662	1-deoxy-D-xylulose-5-phosphate synthase [EC:2.2.1.7]	COG1154	Dxs	Deoxyxylulose-5-phosphate synthase	AG-349-I05_01114	-5
CACAYM010000008.1	20069	21154	-	AG-349-I05_01110	AG-349-I05	361	OG0000279	K01736	chorismate synthase [EC:4.2.3.5]	COG0082	AroC	Chorismate synthase	AG-349-I05_01114	-4
CACAYM010000008.1	21188	21814	+	AG-349-I05_01111	AG-349-I05	208	OG0000522	K00275	pyridoxamine 5'-phosphate oxidase [EC:1.4.3.5]	COG0259	PdxH	Pyridoxine/pyridoxamine 5'-phosphate oxidase	AG-349-I05_01114	-3
CACAYM010000008.1	21811	22824	-	AG-349-I05_01112	AG-349-I05	337	OG0000641	K02523	octaprenyl-diphosphate synthase [EC:2.5.1.90]	COG0142	IspA	Geranylgeranyl pyrophosphate synthase	AG-349-I05_01114	-2
CACAYM010000008.1	22934	23740	+	AG-349-I05_01113	AG-349-I05	268	OG0000623	K04773	protease IV [EC:3.4.21.-]	COG0616	SppA	Periplasmic serine protease, ClpP class	AG-349-I05_01114	-1
CACAYM010000008.1	23730	24611	+	AG-349-I05_01114	AG-349-I05	293	OG0000870	K01878	glycyl-tRNA synthetase alpha chain [EC:6.1.1.14]	COG0752	GlyQ	Glycyl-tRNA synthetase, alpha subunit	AG-349-I05_01114	0
CACAYM010000008.1	24614	26680	+	AG-349-I05_01115	AG-349-I05	688	OG0000882	K01879	glycyl-tRNA synthetase beta chain [EC:6.1.1.14]	COG0751	GlyS	Glycyl-tRNA synthetase, beta subunit	AG-349-I05_01114	1
CACAYM010000008.1	26680	29337	+	AG-349-I05_01116	AG-349-I05	885	OG0000798	K01006	pyruvate, orthophosphate dikinase [EC:2.7.9.1]	COG0574	PpsA	Phosphoenolpyruvate synthase/pyruvate phosphate dikinase	AG-349-I05_01114	2
CACAYM010000008.1	29339	30166	-	AG-349-I05_01117	AG-349-I05	275	OG0000370	K00767	nicotinate-nucleotide pyrophosphorylase (carboxylating) [EC:2.4.2.19]	COG0157	NadC	Nicotinate-nucleotide pyrophosphorylase	AG-349-I05_01114	3
CACAYM010000008.1	30172	31161	-	AG-349-I05_01118	AG-349-I05	329	OG0000316	K03517	quinolinate synthase [EC:2.5.1.72]	COG0379	NadA	Quinolinate synthase	AG-349-I05_01114	4
CACAYM010000008.1	31306	32193	-	AG-349-I05_01120	AG-349-I05	295	OG0000660	NA	NA	COG0354	YgfZ	Folate-binding protein YgfZ, synthesis and repair of Fe-S clusters, tRNA thiomethylation	AG-349-I05_01114	5
CACBCQ010000007.1	1601	3517	+	AG-349-L17_00697	AG-349-L17	638	OG0000041	K01662	1-deoxy-D-xylulose-5-phosphate synthase [EC:2.2.1.7]	COG1154	Dxs	Deoxyxylulose-5-phosphate synthase	AG-349-L17_00702	-5
CACBCQ010000007.1	3524	4606	-	AG-349-L17_00698	AG-349-L17	360	OG0000279	K01736	chorismate synthase [EC:4.2.3.5]	COG0082	AroC	Chorismate synthase	AG-349-L17_00702	-4
CACBCQ010000007.1	4640	5266	+	AG-349-L17_00699	AG-349-L17	208	OG0000522	K00275	pyridoxamine 5'-phosphate oxidase [EC:1.4.3.5]	COG0259	PdxH	Pyridoxine/pyridoxamine 5'-phosphate oxidase	AG-349-L17_00702	-3
CACBCQ010000007.1	5263	6276	-	AG-349-L17_00700	AG-349-L17	337	OG0000641	K02523	octaprenyl-diphosphate synthase [EC:2.5.1.90]	COG0142	IspA	Geranylgeranyl pyrophosphate synthase	AG-349-L17_00702	-2
CACBCQ010000007.1	6391	7197	+	AG-349-L17_00701	AG-349-L17	268	OG0000623	K04773	protease IV [EC:3.4.21.-]	COG0616	SppA	Periplasmic serine protease, ClpP class	AG-349-L17_00702	-1
CACBCQ010000007.1	7163	8068	+	AG-349-L17_00702	AG-349-L17	301	OG0000870	K01878	glycyl-tRNA synthetase alpha chain [EC:6.1.1.14]	COG0752	GlyQ	Glycyl-tRNA synthetase, alpha subunit	AG-349-L17_00702	0
CACBCQ010000007.1	8068	10134	+	AG-349-L17_00703	AG-349-L17	688	OG0000882	K01879	glycyl-tRNA synthetase beta chain [EC:6.1.1.14]	COG0751	GlyS	Glycyl-tRNA synthetase, beta subunit	AG-349-L17_00702	1
CACBCQ010000007.1	10134	12794	+	AG-349-L17_00704	AG-349-L17	886	OG0000798	K01006	pyruvate, orthophosphate dikinase [EC:2.7.9.1]	COG0574	PpsA	Phosphoenolpyruvate synthase/pyruvate phosphate dikinase	AG-349-L17_00702	2
CACBCQ010000007.1	12924	13496	+	AG-349-L17_00705	AG-349-L17	190	OG0001890	NA	NA	COG3153	YhbS	Predicted N-acetyltransferase YhbS	AG-349-L17_00702	3
CACBCQ010000007.1	13677	14543	+	AG-349-L17_00706	AG-349-L17	288	OG0001125	NA	NA	COG4976	NA	Predicted methyltransferase, contains TPR repeat	AG-349-L17_00702	4
CACBCQ010000007.1	14707	15213	+	AG-349-L17_00707	AG-349-L17	168	OG0002402	NA	NA	NA	NA	NA	AG-349-L17_00702	5
CACBGQ010000009.1	397	1362	+	AG-349-O05_00707	AG-349-O05	321	OG0001141	K08679	UDP-glucuronate 4-epimerase [EC:5.1.3.6]	COG0451	WcaG	Nucleoside-diphosphate-sugar epimerase	AG-349-O05_00712	-5
CACBGQ010000009.1	1376	3121	+	AG-349-O05_00708	AG-349-O05	581	OG0001064	NA	NA	COG1132	MdlB	ABC-type multidrug and LPS transport system, ATPase and permease component MsbA	AG-349-O05_00712	-4
CACBGQ010000009.1	3118	4509	+	AG-349-O05_00709	AG-349-O05	463	OG0002166	NA	NA	NA	NA	NA	AG-349-O05_00712	-3
CACBGQ010000009.1	4511	7171	-	AG-349-O05_00710	AG-349-O05	886	OG0000798	K01006	pyruvate, orthophosphate dikinase [EC:2.7.9.1]	COG0574	PpsA	Phosphoenolpyruvate synthase/pyruvate phosphate dikinase	AG-349-O05_00712	-2
CACBGQ010000009.1	7171	9237	-	AG-349-O05_00711	AG-349-O05	688	OG0000882	K01879	glycyl-tRNA synthetase beta chain [EC:6.1.1.14]	COG0751	GlyS	Glycyl-tRNA synthetase, beta subunit	AG-349-O05_00712	-1
CACBGQ010000009.1	9237	10142	-	AG-349-O05_00712	AG-349-O05	301	OG0000870	K01878	glycyl-tRNA synthetase alpha chain [EC:6.1.1.14]	COG0752	GlyQ	Glycyl-tRNA synthetase, alpha subunit	AG-349-O05_00712	0
CACBGQ010000009.1	10108	10914	-	AG-349-O05_00713	AG-349-O05	268	OG0000623	K04773	protease IV [EC:3.4.21.-]	COG0616	SppA	Periplasmic serine protease, ClpP class	AG-349-O05_00712	1
CACBGQ010000009.1	11029	12042	+	AG-349-O05_00714	AG-349-O05	337	OG0000641	K02523	octaprenyl-diphosphate synthase [EC:2.5.1.90]	COG0142	IspA	Geranylgeranyl pyrophosphate synthase	AG-349-O05_00712	2
CACBGQ010000009.1	12039	12665	-	AG-349-O05_00715	AG-349-O05	208	OG0000522	K00275	pyridoxamine 5'-phosphate oxidase [EC:1.4.3.5]	COG0259	PdxH	Pyridoxine/pyridoxamine 5'-phosphate oxidase	AG-349-O05_00712	3
CACBGQ010000009.1	12699	13781	+	AG-349-O05_00716	AG-349-O05	360	OG0000279	K01736	chorismate synthase [EC:4.2.3.5]	COG0082	AroC	Chorismate synthase	AG-349-O05_00712	4
CACBGQ010000009.1	13788	15704	-	AG-349-O05_00717	AG-349-O05	638	OG0000041	K01662	1-deoxy-D-xylulose-5-phosphate synthase [EC:2.2.1.7]	COG1154	Dxs	Deoxyxylulose-5-phosphate synthase	AG-349-O05_00712	5
CACBKI010000004.1	10941	11888	-	AG-359-B05_00367	AG-359-B05	315	OG0000256	K03465	thymidylate synthase (FAD) [EC:2.1.1.148]	COG1351	ThyX	Thymidylate synthase ThyX, FAD-dependent family	AG-359-B05_00374	-5
CACBKI010000004.1	12354	13343	+	AG-359-B05_00370	AG-359-B05	329	OG0000316	K03517	quinolinate synthase [EC:2.5.1.72]	COG0379	NadA	Quinolinate synthase	AG-359-B05_00374	-4
CACBKI010000004.1	13349	14185	+	AG-359-B05_00371	AG-359-B05	278	OG0000370	K00767	nicotinate-nucleotide pyrophosphorylase (carboxylating) [EC:2.4.2.19]	COG0157	NadC	Nicotinate-nucleotide pyrophosphorylase	AG-359-B05_00374	-3
CACBKI010000004.1	14195	16852	-	AG-359-B05_00372	AG-359-B05	885	OG0000798	K01006	pyruvate, orthophosphate dikinase [EC:2.7.9.1]	COG0574	PpsA	Phosphoenolpyruvate synthase/pyruvate phosphate dikinase	AG-359-B05_00374	-2
CACBKI010000004.1	16853	18916	-	AG-359-B05_00373	AG-359-B05	687	OG0000882	K01879	glycyl-tRNA synthetase beta chain [EC:6.1.1.14]	COG0751	GlyS	Glycyl-tRNA synthetase, beta subunit	AG-359-B05_00374	-1
CACBKI010000004.1	18918	19802	-	AG-359-B05_00374	AG-359-B05	294	OG0000870	K01878	glycyl-tRNA synthetase alpha chain [EC:6.1.1.14]	COG0752	GlyQ	Glycyl-tRNA synthetase, alpha subunit	AG-359-B05_00374	0
CACBKI010000004.1	19792	20598	-	AG-359-B05_00375	AG-359-B05	268	OG0000623	K04773	protease IV [EC:3.4.21.-]	COG0616	SppA	Periplasmic serine protease, ClpP class	AG-359-B05_00374	1
CACBKI010000004.1	20707	21720	+	AG-359-B05_00376	AG-359-B05	337	OG0000641	K02523	octaprenyl-diphosphate synthase [EC:2.5.1.90]	COG0142	IspA	Geranylgeranyl pyrophosphate synthase	AG-359-B05_00374	2
CACBKI010000004.1	21717	22340	-	AG-359-B05_00377	AG-359-B05	207	OG0000522	K00275	pyridoxamine 5'-phosphate oxidase [EC:1.4.3.5]	COG0259	PdxH	Pyridoxine/pyridoxamine 5'-phosphate oxidase	AG-359-B05_00374	3
CACBKI010000004.1	22373	23458	+	AG-359-B05_00378	AG-359-B05	361	OG0000279	K01736	chorismate synthase [EC:4.2.3.5]	COG0082	AroC	Chorismate synthase	AG-359-B05_00374	4
CACBKI010000004.1	23455	25365	-	AG-359-B05_00379	AG-359-B05	636	OG0000041	K01662	1-deoxy-D-xylulose-5-phosphate synthase [EC:2.2.1.7]	COG1154	Dxs	Deoxyxylulose-5-phosphate synthase	AG-359-B05_00374	5
CACBKZ010000005.1	62901	64817	+	AG-359-C09_00625	AG-359-C09	638	OG0000041	K01662	1-deoxy-D-xylulose-5-phosphate synthase [EC:2.2.1.7]	COG1154	Dxs	Deoxyxylulose-5-phosphate synthase	AG-359-C09_00630	-5
CACBKZ010000005.1	64824	65906	-	AG-359-C09_00626	AG-359-C09	360	OG0000279	K01736	chorismate synthase [EC:4.2.3.5]	COG0082	AroC	Chorismate synthase	AG-359-C09_00630	-4
CACBKZ010000005.1	65940	66566	+	AG-359-C09_00627	AG-359-C09	208	OG0000522	K00275	pyridoxamine 5'-phosphate oxidase [EC:1.4.3.5]	COG0259	PdxH	Pyridoxine/pyridoxamine 5'-phosphate oxidase	AG-359-C09_00630	-3
CACBKZ010000005.1	66563	67576	-	AG-359-C09_00628	AG-359-C09	337	OG0000641	K02523	octaprenyl-diphosphate synthase [EC:2.5.1.90]	COG0142	IspA	Geranylgeranyl pyrophosphate synthase	AG-359-C09_00630	-2
CACBKZ010000005.1	67691	68494	+	AG-359-C09_00629	AG-359-C09	267	OG0000623	K04773	protease IV [EC:3.4.21.-]	COG0616	SppA	Periplasmic serine protease, ClpP class	AG-359-C09_00630	-1
CACBKZ010000005.1	68484	69374	+	AG-359-C09_00630	AG-359-C09	296	OG0000870	K01878	glycyl-tRNA synthetase alpha chain [EC:6.1.1.14]	COG0752	GlyQ	Glycyl-tRNA synthetase, alpha subunit	AG-359-C09_00630	0
CACBKZ010000005.1	69377	71446	+	AG-359-C09_00631	AG-359-C09	689	OG0000882	K01879	glycyl-tRNA synthetase beta chain [EC:6.1.1.14]	COG0751	GlyS	Glycyl-tRNA synthetase, beta subunit	AG-359-C09_00630	1
CACBKZ010000005.1	71443	74100	+	AG-359-C09_00632	AG-359-C09	885	OG0000798	K01006	pyruvate, orthophosphate dikinase [EC:2.7.9.1]	COG0574	PpsA	Phosphoenolpyruvate synthase/pyruvate phosphate dikinase	AG-359-C09_00630	2
CACBKZ010000005.1	74443	76245	+	AG-359-C09_00634	AG-359-C09	600	OG0000108	K01652	acetolactate synthase I/II/III large subunit [EC:2.2.1.6]	COG0028	IlvB	Acetolactate synthase large subunit or other thiamine pyrophosphate-requiring enzyme	AG-359-C09_00630	3
CACBKZ010000005.1	76249	77196	+	AG-359-C09_00635	AG-359-C09	315	OG0000256	K03465	thymidylate synthase (FAD) [EC:2.1.1.148]	COG1351	ThyX	Thymidylate synthase ThyX, FAD-dependent family	AG-359-C09_00630	4
CACBKZ010000005.1	77177	78001	-	AG-359-C09_00636	AG-359-C09	274	OG0000361	K03593	ATP-binding protein involved in chromosome partitioning	COG0489	Mrp	Fe-S cluster carrier ATPase, Mrp/ApbC/NBP35 family	AG-359-C09_00630	5
CACBMB010000010.1	54821	55534	+	AG-359-D09_01221	AG-359-D09	237	OG0001128	NA	NA	COG2227	UbiG	2-polyprenyl-3-methyl-5-hydroxy-6-metoxy-1,4-benzoquinol methylase	AG-359-D09_01227	-5
CACBMB010000010.1	55694	56683	+	AG-359-D09_01223	AG-359-D09	329	OG0000316	K03517	quinolinate synthase [EC:2.5.1.72]	COG0379	NadA	Quinolinate synthase	AG-359-D09_01227	-4
CACBMB010000010.1	56690	57523	+	AG-359-D09_01224	AG-359-D09	277	OG0000370	K00767	nicotinate-nucleotide pyrophosphorylase (carboxylating) [EC:2.4.2.19]	COG0157	NadC	Nicotinate-nucleotide pyrophosphorylase	AG-359-D09_01227	-3
CACBMB010000010.1	57533	60199	-	AG-359-D09_01225	AG-359-D09	888	OG0000798	K01006	pyruvate, orthophosphate dikinase [EC:2.7.9.1]	COG0574	PpsA	Phosphoenolpyruvate synthase/pyruvate phosphate dikinase	AG-359-D09_01227	-2
CACBMB010000010.1	60192	62264	-	AG-359-D09_01226	AG-359-D09	690	OG0000882	K01879	glycyl-tRNA synthetase beta chain [EC:6.1.1.14]	COG0751	GlyS	Glycyl-tRNA synthetase, beta subunit	AG-359-D09_01227	-1
CACBMB010000010.1	62266	63171	-	AG-359-D09_01227	AG-359-D09	301	OG0000870	K01878	glycyl-tRNA synthetase alpha chain [EC:6.1.1.14]	COG0752	GlyQ	Glycyl-tRNA synthetase, alpha subunit	AG-359-D09_01227	0
CACBMB010000010.1	63137	64129	-	AG-359-D09_01228	AG-359-D09	330	OG0000641	NA	NA	COG0142	IspA	Geranylgeranyl pyrophosphate synthase	AG-359-D09_01227	1
CACBOG010000005.1	44325	45065	+	AG-359-F04_00693	AG-359-F04	246	OG0000787	NA	NA	COG2062	SixA	Phosphohistidine phosphatase SixA	AG-359-F04_00698	-5
CACBOG010000005.1	45089	46171	-	AG-359-F04_00694	AG-359-F04	360	OG0000279	K01736	chorismate synthase [EC:4.2.3.5]	COG0082	AroC	Chorismate synthase	AG-359-F04_00698	-4
CACBOG010000005.1	46205	46828	+	AG-359-F04_00695	AG-359-F04	207	OG0000522	K00275	pyridoxamine 5'-phosphate oxidase [EC:1.4.3.5]	COG0259	PdxH	Pyridoxine/pyridoxamine 5'-phosphate oxidase	AG-359-F04_00698	-3
CACBOG010000005.1	46825	47838	-	AG-359-F04_00696	AG-359-F04	337	OG0000641	K02523	octaprenyl-diphosphate synthase [EC:2.5.1.90]	COG0142	IspA	Geranylgeranyl pyrophosphate synthase	AG-359-F04_00698	-2
CACBOG010000005.1	47953	48759	+	AG-359-F04_00697	AG-359-F04	268	OG0000623	K04773	protease IV [EC:3.4.21.-]	COG0616	SppA	Periplasmic serine protease, ClpP class	AG-359-F04_00698	-1
CACBOG010000005.1	48749	49627	+	AG-359-F04_00698	AG-359-F04	292	OG0000870	K01878	glycyl-tRNA synthetase alpha chain [EC:6.1.1.14]	COG0752	GlyQ	Glycyl-tRNA synthetase, alpha subunit	AG-359-F04_00698	0
CACBOG010000005.1	49629	51701	+	AG-359-F04_00699	AG-359-F04	690	OG0000882	K01879	glycyl-tRNA synthetase beta chain [EC:6.1.1.14]	COG0751	GlyS	Glycyl-tRNA synthetase, beta subunit	AG-359-F04_00698	1
CACBOG010000005.1	51694	54360	+	AG-359-F04_00700	AG-359-F04	888	OG0000798	K01006	pyruvate, orthophosphate dikinase [EC:2.7.9.1]	COG0574	PpsA	Phosphoenolpyruvate synthase/pyruvate phosphate dikinase	AG-359-F04_00698	2
CACBOG010000005.1	54374	55207	-	AG-359-F04_00701	AG-359-F04	277	OG0000370	K00767	nicotinate-nucleotide pyrophosphorylase (carboxylating) [EC:2.4.2.19]	COG0157	NadC	Nicotinate-nucleotide pyrophosphorylase	AG-359-F04_00698	3
CACBOG010000005.1	55214	56203	-	AG-359-F04_00702	AG-359-F04	329	OG0000316	K03517	quinolinate synthase [EC:2.5.1.72]	COG0379	NadA	Quinolinate synthase	AG-359-F04_00698	4
CACBOG010000005.1	56356	57243	-	AG-359-F04_00704	AG-359-F04	295	OG0000660	NA	NA	COG0354	YgfZ	Folate-binding protein YgfZ, synthesis and repair of Fe-S clusters, tRNA thiomethylation	AG-359-F04_00698	5
CACBQD010000014.1	24	1934	+	AG-359-G17_00995	AG-359-G17	636	OG0000041	K01662	1-deoxy-D-xylulose-5-phosphate synthase [EC:2.2.1.7]	COG1154	Dxs	Deoxyxylulose-5-phosphate synthase	AG-359-G17_01000	-5
CACBQD010000014.1	1931	3016	-	AG-359-G17_00996	AG-359-G17	361	OG0000279	K01736	chorismate synthase [EC:4.2.3.5]	COG0082	AroC	Chorismate synthase	AG-359-G17_01000	-4
CACBQD010000014.1	3049	3672	+	AG-359-G17_00997	AG-359-G17	207	OG0000522	K00275	pyridoxamine 5'-phosphate oxidase [EC:1.4.3.5]	COG0259	PdxH	Pyridoxine/pyridoxamine 5'-phosphate oxidase	AG-359-G17_01000	-3
CACBQD010000014.1	3669	4682	-	AG-359-G17_00998	AG-359-G17	337	OG0000641	K02523	octaprenyl-diphosphate synthase [EC:2.5.1.90]	COG0142	IspA	Geranylgeranyl pyrophosphate synthase	AG-359-G17_01000	-2
CACBQD010000014.1	4791	5597	+	AG-359-G17_00999	AG-359-G17	268	OG0000623	K04773	protease IV [EC:3.4.21.-]	COG0616	SppA	Periplasmic serine protease, ClpP class	AG-359-G17_01000	-1
CACBQD010000014.1	5587	6471	+	AG-359-G17_01000	AG-359-G17	294	OG0000870	K01878	glycyl-tRNA synthetase alpha chain [EC:6.1.1.14]	COG0752	GlyQ	Glycyl-tRNA synthetase, alpha subunit	AG-359-G17_01000	0
CACBQD010000014.1	6473	8536	+	AG-359-G17_01001	AG-359-G17	687	OG0000882	K01879	glycyl-tRNA synthetase beta chain [EC:6.1.1.14]	COG0751	GlyS	Glycyl-tRNA synthetase, beta subunit	AG-359-G17_01000	1
CACBQD010000014.1	8537	11200	+	AG-359-G17_01002	AG-359-G17	887	OG0000798	K01006	pyruvate, orthophosphate dikinase [EC:2.7.9.1]	COG0574	PpsA	Phosphoenolpyruvate synthase/pyruvate phosphate dikinase	AG-359-G17_01000	2
CACBQD010000014.1	11204	12040	-	AG-359-G17_01003	AG-359-G17	278	OG0000370	K00767	nicotinate-nucleotide pyrophosphorylase (carboxylating) [EC:2.4.2.19]	COG0157	NadC	Nicotinate-nucleotide pyrophosphorylase	AG-359-G17_01000	3
CACBQD010000014.1	12046	13035	-	AG-359-G17_01004	AG-359-G17	329	OG0000316	K03517	quinolinate synthase [EC:2.5.1.72]	COG0379	NadA	Quinolinate synthase	AG-359-G17_01000	4
CACBQD010000014.1	13499	14446	+	AG-359-G17_01007	AG-359-G17	315	OG0000256	K03465	thymidylate synthase (FAD) [EC:2.1.1.148]	COG1351	ThyX	Thymidylate synthase ThyX, FAD-dependent family	AG-359-G17_01000	5
CACBQJ010000004.1	5461	6348	+	AG-359-G22_00450	AG-359-G22	295	OG0000660	NA	NA	COG0354	YgfZ	Folate-binding protein YgfZ, synthesis and repair of Fe-S clusters, tRNA thiomethylation	AG-359-G22_00456	-5
CACBQJ010000004.1	6497	7486	+	AG-359-G22_00452	AG-359-G22	329	OG0000316	K03517	quinolinate synthase [EC:2.5.1.72]	COG0379	NadA	Quinolinate synthase	AG-359-G22_00456	-4
CACBQJ010000004.1	7493	8326	+	AG-359-G22_00453	AG-359-G22	277	OG0000370	K00767	nicotinate-nucleotide pyrophosphorylase (carboxylating) [EC:2.4.2.19]	COG0157	NadC	Nicotinate-nucleotide pyrophosphorylase	AG-359-G22_00456	-3
CACBQJ010000004.1	8341	11007	-	AG-359-G22_00454	AG-359-G22	888	OG0000798	K01006	pyruvate, orthophosphate dikinase [EC:2.7.9.1]	COG0574	PpsA	Phosphoenolpyruvate synthase/pyruvate phosphate dikinase	AG-359-G22_00456	-2
CACBQJ010000004.1	11000	13072	-	AG-359-G22_00455	AG-359-G22	690	OG0000882	K01879	glycyl-tRNA synthetase beta chain [EC:6.1.1.14]	COG0751	GlyS	Glycyl-tRNA synthetase, beta subunit	AG-359-G22_00456	-1
CACBQJ010000004.1	13074	13955	-	AG-359-G22_00456	AG-359-G22	293	OG0000870	K01878	glycyl-tRNA synthetase alpha chain [EC:6.1.1.14]	COG0752	GlyQ	Glycyl-tRNA synthetase, alpha subunit	AG-359-G22_00456	0
CACBQJ010000004.1	13945	14751	-	AG-359-G22_00457	AG-359-G22	268	OG0000623	K04773	protease IV [EC:3.4.21.-]	COG0616	SppA	Periplasmic serine protease, ClpP class	AG-359-G22_00456	1
CACBQJ010000004.1	14865	15878	+	AG-359-G22_00458	AG-359-G22	337	OG0000641	K02523	octaprenyl-diphosphate synthase [EC:2.5.1.90]	COG0142	IspA	Geranylgeranyl pyrophosphate synthase	AG-359-G22_00456	2
CACBQJ010000004.1	15875	16501	-	AG-359-G22_00459	AG-359-G22	208	OG0000522	K00275	pyridoxamine 5'-phosphate oxidase [EC:1.4.3.5]	COG0259	PdxH	Pyridoxine/pyridoxamine 5'-phosphate oxidase	AG-359-G22_00456	3
CACBQJ010000004.1	16535	17617	+	AG-359-G22_00460	AG-359-G22	360	OG0000279	K01736	chorismate synthase [EC:4.2.3.5]	COG0082	AroC	Chorismate synthase	AG-359-G22_00456	4
CACBQJ010000004.1	17614	19527	-	AG-359-G22_00461	AG-359-G22	637	OG0000041	K01662	1-deoxy-D-xylulose-5-phosphate synthase [EC:2.2.1.7]	COG1154	Dxs	Deoxyxylulose-5-phosphate synthase	AG-359-G22_00456	5
CACBWH010000008.1	18852	20768	+	AG-359-M21_01163	AG-359-M21	638	OG0000041	K01662	1-deoxy-D-xylulose-5-phosphate synthase [EC:2.2.1.7]	COG1154	Dxs	Deoxyxylulose-5-phosphate synthase	AG-359-M21_01168	-5
CACBWH010000008.1	20775	21857	-	AG-359-M21_01164	AG-359-M21	360	OG0000279	K01736	chorismate synthase [EC:4.2.3.5]	COG0082	AroC	Chorismate synthase	AG-359-M21_01168	-4
CACBWH010000008.1	21891	22517	+	AG-359-M21_01165	AG-359-M21	208	OG0000522	K00275	pyridoxamine 5'-phosphate oxidase [EC:1.4.3.5]	COG0259	PdxH	Pyridoxine/pyridoxamine 5'-phosphate oxidase	AG-359-M21_01168	-3
CACBWH010000008.1	22514	23527	-	AG-359-M21_01166	AG-359-M21	337	OG0000641	K02523	octaprenyl-diphosphate synthase [EC:2.5.1.90]	COG0142	IspA	Geranylgeranyl pyrophosphate synthase	AG-359-M21_01168	-2
CACBWH010000008.1	23642	24445	+	AG-359-M21_01167	AG-359-M21	267	OG0000623	K04773	protease IV [EC:3.4.21.-]	COG0616	SppA	Periplasmic serine protease, ClpP class	AG-359-M21_01168	-1
CACBWH010000008.1	24435	25331	+	AG-359-M21_01168	AG-359-M21	298	OG0000870	K01878	glycyl-tRNA synthetase alpha chain [EC:6.1.1.14]	COG0752	GlyQ	Glycyl-tRNA synthetase, alpha subunit	AG-359-M21_01168	0
CACBWH010000008.1	25334	27403	+	AG-359-M21_01169	AG-359-M21	689	OG0000882	K01879	glycyl-tRNA synthetase beta chain [EC:6.1.1.14]	COG0751	GlyS	Glycyl-tRNA synthetase, beta subunit	AG-359-M21_01168	1
CACBWH010000008.1	27400	30057	+	AG-359-M21_01170	AG-359-M21	885	OG0000798	K01006	pyruvate, orthophosphate dikinase [EC:2.7.9.1]	COG0574	PpsA	Phosphoenolpyruvate synthase/pyruvate phosphate dikinase	AG-359-M21_01168	2
CACBWH010000008.1	30248	31318	+	AG-359-M21_01172	AG-359-M21	356	OG0000256	K03465	thymidylate synthase (FAD) [EC:2.1.1.148]	COG1351	ThyX	Thymidylate synthase ThyX, FAD-dependent family	AG-359-M21_01168	3
CACBWH010000008.1	31299	32123	-	AG-359-M21_01173	AG-359-M21	274	OG0000361	K03593	ATP-binding protein involved in chromosome partitioning	COG0489	Mrp	Fe-S cluster carrier ATPase, Mrp/ApbC/NBP35 family	AG-359-M21_01168	4
CACBWH010000008.1	32175	33278	+	AG-359-M21_01174	AG-359-M21	367	OG0000394	K04088	modulator of FtsH protease HflK	COG0330	HflC	Regulator of protease activity HflC, stomatin/prohibitin superfamily	AG-359-M21_01168	5
CACBWZ010000009.1	40062	43433	-	AG-359-O11_00982	AG-359-O11	1123	OG0001679	NA	NA	COG2251	NA	Predicted nuclease, RecB family	AG-359-O11_00988	-5
CACBWZ010000009.1	43740	44729	+	AG-359-O11_00984	AG-359-O11	329	OG0000316	K03517	quinolinate synthase [EC:2.5.1.72]	COG0379	NadA	Quinolinate synthase	AG-359-O11_00988	-4
CACBWZ010000009.1	44735	45571	+	AG-359-O11_00985	AG-359-O11	278	OG0000370	K00767	nicotinate-nucleotide pyrophosphorylase (carboxylating) [EC:2.4.2.19]	COG0157	NadC	Nicotinate-nucleotide pyrophosphorylase	AG-359-O11_00988	-3
CACBWZ010000009.1	45581	48238	-	AG-359-O11_00986	AG-359-O11	885	OG0000798	K01006	pyruvate, orthophosphate dikinase [EC:2.7.9.1]	COG0574	PpsA	Phosphoenolpyruvate synthase/pyruvate phosphate dikinase	AG-359-O11_00988	-2
CACBWZ010000009.1	48239	50302	-	AG-359-O11_00987	AG-359-O11	687	OG0000882	K01879	glycyl-tRNA synthetase beta chain [EC:6.1.1.14]	COG0751	GlyS	Glycyl-tRNA synthetase, beta subunit	AG-359-O11_00988	-1
CACBWZ010000009.1	50304	51188	-	AG-359-O11_00988	AG-359-O11	294	OG0000870	K01878	glycyl-tRNA synthetase alpha chain [EC:6.1.1.14]	COG0752	GlyQ	Glycyl-tRNA synthetase, alpha subunit	AG-359-O11_00988	0
CACBWZ010000009.1	51178	51984	-	AG-359-O11_00989	AG-359-O11	268	OG0000623	K04773	protease IV [EC:3.4.21.-]	COG0616	SppA	Periplasmic serine protease, ClpP class	AG-359-O11_00988	1
CACBWZ010000009.1	52093	53106	+	AG-359-O11_00990	AG-359-O11	337	OG0000641	K02523	octaprenyl-diphosphate synthase [EC:2.5.1.90]	COG0142	IspA	Geranylgeranyl pyrophosphate synthase	AG-359-O11_00988	2
CACBWZ010000009.1	53103	53726	-	AG-359-O11_00991	AG-359-O11	207	OG0000522	K00275	pyridoxamine 5'-phosphate oxidase [EC:1.4.3.5]	COG0259	PdxH	Pyridoxine/pyridoxamine 5'-phosphate oxidase	AG-359-O11_00988	3
CACBWZ010000009.1	53759	54844	+	AG-359-O11_00992	AG-359-O11	361	OG0000279	K01736	chorismate synthase [EC:4.2.3.5]	COG0082	AroC	Chorismate synthase	AG-359-O11_00988	4
CACBWZ010000009.1	54841	56751	-	AG-359-O11_00993	AG-359-O11	636	OG0000041	K01662	1-deoxy-D-xylulose-5-phosphate synthase [EC:2.2.1.7]	COG1154	Dxs	Deoxyxylulose-5-phosphate synthase	AG-359-O11_00988	5
CACBYE010000004.1	153	1349	+	AG-359-P18_00568	AG-359-P18	398	OG0000041	K01662	1-deoxy-D-xylulose-5-phosphate synthase [EC:2.2.1.7]	COG1154	Dxs	Deoxyxylulose-5-phosphate synthase	AG-359-P18_00573	-5
CACBYE010000004.1	1346	2428	-	AG-359-P18_00569	AG-359-P18	360	OG0000279	K01736	chorismate synthase [EC:4.2.3.5]	COG0082	AroC	Chorismate synthase	AG-359-P18_00573	-4
CACBYE010000004.1	2462	3088	+	AG-359-P18_00570	AG-359-P18	208	OG0000522	K00275	pyridoxamine 5'-phosphate oxidase [EC:1.4.3.5]	COG0259	PdxH	Pyridoxine/pyridoxamine 5'-phosphate oxidase	AG-359-P18_00573	-3
CACBYE010000004.1	3085	4098	-	AG-359-P18_00571	AG-359-P18	337	OG0000641	K02523	octaprenyl-diphosphate synthase [EC:2.5.1.90]	COG0142	IspA	Geranylgeranyl pyrophosphate synthase	AG-359-P18_00573	-2
CACBYE010000004.1	4212	5018	+	AG-359-P18_00572	AG-359-P18	268	OG0000623	K04773	protease IV [EC:3.4.21.-]	COG0616	SppA	Periplasmic serine protease, ClpP class	AG-359-P18_00573	-1
CACBYE010000004.1	5008	5889	+	AG-359-P18_00573	AG-359-P18	293	OG0000870	K01878	glycyl-tRNA synthetase alpha chain [EC:6.1.1.14]	COG0752	GlyQ	Glycyl-tRNA synthetase, alpha subunit	AG-359-P18_00573	0
CACBYE010000004.1	5891	7963	+	AG-359-P18_00574	AG-359-P18	690	OG0000882	K01879	glycyl-tRNA synthetase beta chain [EC:6.1.1.14]	COG0751	GlyS	Glycyl-tRNA synthetase, beta subunit	AG-359-P18_00573	1
CACBYE010000004.1	7956	10619	+	AG-359-P18_00575	AG-359-P18	887	OG0000798	K01006	pyruvate, orthophosphate dikinase [EC:2.7.9.1]	COG0574	PpsA	Phosphoenolpyruvate synthase/pyruvate phosphate dikinase	AG-359-P18_00573	2
CACBYE010000004.1	10636	11469	-	AG-359-P18_00576	AG-359-P18	277	OG0000370	K00767	nicotinate-nucleotide pyrophosphorylase (carboxylating) [EC:2.4.2.19]	COG0157	NadC	Nicotinate-nucleotide pyrophosphorylase	AG-359-P18_00573	3
CACBYE010000004.1	11476	12465	-	AG-359-P18_00577	AG-359-P18	329	OG0000316	K03517	quinolinate synthase [EC:2.5.1.72]	COG0379	NadA	Quinolinate synthase	AG-359-P18_00573	4
CACBYE010000004.1	12613	13500	-	AG-359-P18_00579	AG-359-P18	295	OG0000660	NA	NA	COG0354	YgfZ	Folate-binding protein YgfZ, synthesis and repair of Fe-S clusters, tRNA thiomethylation	AG-359-P18_00573	5
CACCZZ010000004.1	78946	80862	+	AG-365-B19_00591	AG-365-B19	638	OG0000041	K01662	1-deoxy-D-xylulose-5-phosphate synthase [EC:2.2.1.7]	COG1154	Dxs	Deoxyxylulose-5-phosphate synthase	AG-365-B19_00596	-5
CACCZZ010000004.1	80859	81941	-	AG-365-B19_00592	AG-365-B19	360	OG0000279	K01736	chorismate synthase [EC:4.2.3.5]	COG0082	AroC	Chorismate synthase	AG-365-B19_00596	-4
CACCZZ010000004.1	81976	82608	+	AG-365-B19_00593	AG-365-B19	210	OG0000522	K00275	pyridoxamine 5'-phosphate oxidase [EC:1.4.3.5]	COG0259	PdxH	Pyridoxine/pyridoxamine 5'-phosphate oxidase	AG-365-B19_00596	-3
CACCZZ010000004.1	82605	83618	-	AG-365-B19_00594	AG-365-B19	337	OG0000641	K02523	octaprenyl-diphosphate synthase [EC:2.5.1.90]	COG0142	IspA	Geranylgeranyl pyrophosphate synthase	AG-365-B19_00596	-2
CACCZZ010000004.1	83755	84567	+	AG-365-B19_00595	AG-365-B19	270	OG0000623	K04773	protease IV [EC:3.4.21.-]	COG0616	SppA	Periplasmic serine protease, ClpP class	AG-365-B19_00596	-1
CACCZZ010000004.1	84568	85449	+	AG-365-B19_00596	AG-365-B19	293	OG0000870	K01878	glycyl-tRNA synthetase alpha chain [EC:6.1.1.14]	COG0752	GlyQ	Glycyl-tRNA synthetase, alpha subunit	AG-365-B19_00596	0
CACCZZ010000004.1	85450	87504	+	AG-365-B19_00597	AG-365-B19	684	OG0000882	K01879	glycyl-tRNA synthetase beta chain [EC:6.1.1.14]	COG0751	GlyS	Glycyl-tRNA synthetase, beta subunit	AG-365-B19_00596	1
CACCZZ010000004.1	87504	90164	+	AG-365-B19_00598	AG-365-B19	886	OG0000798	K01006	pyruvate, orthophosphate dikinase [EC:2.7.9.1]	COG0574	PpsA	Phosphoenolpyruvate synthase/pyruvate phosphate dikinase	AG-365-B19_00596	2
CACCZZ010000004.1	90154	90990	-	AG-365-B19_00599	AG-365-B19	278	OG0000370	K00767	nicotinate-nucleotide pyrophosphorylase (carboxylating) [EC:2.4.2.19]	COG0157	NadC	Nicotinate-nucleotide pyrophosphorylase	AG-365-B19_00596	3
CACCZZ010000004.1	90997	91971	-	AG-365-B19_00600	AG-365-B19	324	OG0000316	K03517	quinolinate synthase [EC:2.5.1.72]	COG0379	NadA	Quinolinate synthase	AG-365-B19_00596	4
CACCZZ010000004.1	92125	92985	+	AG-365-B19_00602	AG-365-B19	286	OG0001421	NA	NA	COG0697	EamA	Amino acid export permease, drug/metabolite transporter (DMT) superfamily	AG-365-B19_00596	5
CACFFB010000006.1	15948	17249	+	AG-365-D07_00467	AG-365-D07	433	NA	NA	NA	COG2133	YliI	Glucose/arabinose dehydrogenase, beta-propeller fold	AG-365-D07_00473	-5
CACFFB010000006.1	17437	18426	+	AG-365-D07_00469	AG-365-D07	329	OG0000316	K03517	quinolinate synthase [EC:2.5.1.72]	COG0379	NadA	Quinolinate synthase	AG-365-D07_00473	-4
CACFFB010000006.1	18398	19258	+	AG-365-D07_00470	AG-365-D07	286	OG0000370	K00767	nicotinate-nucleotide pyrophosphorylase (carboxylating) [EC:2.4.2.19]	COG0157	NadC	Nicotinate-nucleotide pyrophosphorylase	AG-365-D07_00473	-3
CACFFB010000006.1	19262	21919	-	AG-365-D07_00471	AG-365-D07	885	OG0000798	K01006	pyruvate, orthophosphate dikinase [EC:2.7.9.1]	COG0574	PpsA	Phosphoenolpyruvate synthase/pyruvate phosphate dikinase	AG-365-D07_00473	-2
CACFFB010000006.1	21920	23986	-	AG-365-D07_00472	AG-365-D07	688	OG0000882	K01879	glycyl-tRNA synthetase beta chain [EC:6.1.1.14]	COG0751	GlyS	Glycyl-tRNA synthetase, beta subunit	AG-365-D07_00473	-1
CACFFB010000006.1	23988	24869	-	AG-365-D07_00473	AG-365-D07	293	OG0000870	K01878	glycyl-tRNA synthetase alpha chain [EC:6.1.1.14]	COG0752	GlyQ	Glycyl-tRNA synthetase, alpha subunit	AG-365-D07_00473	0
CACFFB010000006.1	24859	25668	-	AG-365-D07_00474	AG-365-D07	269	OG0000623	K04773	protease IV [EC:3.4.21.-]	COG0616	SppA	Periplasmic serine protease, ClpP class	AG-365-D07_00473	1
CACFFB010000006.1	25778	26791	+	AG-365-D07_00475	AG-365-D07	337	OG0000641	K02523	octaprenyl-diphosphate synthase [EC:2.5.1.90]	COG0142	IspA	Geranylgeranyl pyrophosphate synthase	AG-365-D07_00473	2
CACFFB010000006.1	26788	27411	-	AG-365-D07_00476	AG-365-D07	207	OG0000522	K00275	pyridoxamine 5'-phosphate oxidase [EC:1.4.3.5]	COG0259	PdxH	Pyridoxine/pyridoxamine 5'-phosphate oxidase	AG-365-D07_00473	3
CACFFB010000006.1	27445	28530	+	AG-365-D07_00477	AG-365-D07	361	OG0000279	K01736	chorismate synthase [EC:4.2.3.5]	COG0082	AroC	Chorismate synthase	AG-365-D07_00473	4
CACFFB010000006.1	28527	30437	-	AG-365-D07_00478	AG-365-D07	636	OG0000041	K01662	1-deoxy-D-xylulose-5-phosphate synthase [EC:2.2.1.7]	COG1154	Dxs	Deoxyxylulose-5-phosphate synthase	AG-365-D07_00473	5
CACDII010000008.1	13269	14156	+	AG-365-L04_00957	AG-365-L04	295	OG0000660	NA	NA	COG0354	YgfZ	Folate-binding protein YgfZ, synthesis and repair of Fe-S clusters, tRNA thiomethylation	AG-365-L04_00962	-5
CACDII010000008.1	14218	15207	+	AG-365-L04_00958	AG-365-L04	329	OG0000316	K03517	quinolinate synthase [EC:2.5.1.72]	COG0379	NadA	Quinolinate synthase	AG-365-L04_00962	-4
CACDII010000008.1	15213	16049	+	AG-365-L04_00959	AG-365-L04	278	OG0000370	K00767	nicotinate-nucleotide pyrophosphorylase (carboxylating) [EC:2.4.2.19]	COG0157	NadC	Nicotinate-nucleotide pyrophosphorylase	AG-365-L04_00962	-3
CACDII010000008.1	16038	18701	-	AG-365-L04_00960	AG-365-L04	887	OG0000798	K01006	pyruvate, orthophosphate dikinase [EC:2.7.9.1]	COG0574	PpsA	Phosphoenolpyruvate synthase/pyruvate phosphate dikinase	AG-365-L04_00962	-2
CACDII010000008.1	18698	20791	-	AG-365-L04_00961	AG-365-L04	697	OG0000882	K01879	glycyl-tRNA synthetase beta chain [EC:6.1.1.14]	COG0751	GlyS	Glycyl-tRNA synthetase, beta subunit	AG-365-L04_00962	-1
CACDII010000008.1	20767	21660	-	AG-365-L04_00962	AG-365-L04	297	OG0000870	K01878	glycyl-tRNA synthetase alpha chain [EC:6.1.1.14]	COG0752	GlyQ	Glycyl-tRNA synthetase, alpha subunit	AG-365-L04_00962	0
CACDII010000008.1	21661	22473	-	AG-365-L04_00963	AG-365-L04	270	OG0000623	K04773	protease IV [EC:3.4.21.-]	COG0616	SppA	Periplasmic serine protease, ClpP class	AG-365-L04_00962	1
CACDII010000008.1	22587	23600	+	AG-365-L04_00964	AG-365-L04	337	OG0000641	K02523	octaprenyl-diphosphate synthase [EC:2.5.1.90]	COG0142	IspA	Geranylgeranyl pyrophosphate synthase	AG-365-L04_00962	2
CACDII010000008.1	23597	24223	-	AG-365-L04_00965	AG-365-L04	208	OG0000522	K00275	pyridoxamine 5'-phosphate oxidase [EC:1.4.3.5]	COG0259	PdxH	Pyridoxine/pyridoxamine 5'-phosphate oxidase	AG-365-L04_00962	3
CACDII010000008.1	24256	25338	+	AG-365-L04_00966	AG-365-L04	360	OG0000279	K01736	chorismate synthase [EC:4.2.3.5]	COG0082	AroC	Chorismate synthase	AG-365-L04_00962	4
CACDII010000008.1	25342	27255	-	AG-365-L04_00967	AG-365-L04	637	OG0000041	K01662	1-deoxy-D-xylulose-5-phosphate synthase [EC:2.2.1.7]	COG1154	Dxs	Deoxyxylulose-5-phosphate synthase	AG-365-L04_00962	5
CACDMX010000002.1	112335	114248	+	AG-365-O14_00320	AG-365-O14	637	OG0000041	K01662	1-deoxy-D-xylulose-5-phosphate synthase [EC:2.2.1.7]	COG1154	Dxs	Deoxyxylulose-5-phosphate synthase	AG-365-O14_00325	-5
CACDMX010000002.1	114245	115330	-	AG-365-O14_00321	AG-365-O14	361	OG0000279	K01736	chorismate synthase [EC:4.2.3.5]	COG0082	AroC	Chorismate synthase	AG-365-O14_00325	-4
CACDMX010000002.1	115364	115990	+	AG-365-O14_00322	AG-365-O14	208	OG0000522	K00275	pyridoxamine 5'-phosphate oxidase [EC:1.4.3.5]	COG0259	PdxH	Pyridoxine/pyridoxamine 5'-phosphate oxidase	AG-365-O14_00325	-3
CACDMX010000002.1	115987	117000	-	AG-365-O14_00323	AG-365-O14	337	OG0000641	K02523	octaprenyl-diphosphate synthase [EC:2.5.1.90]	COG0142	IspA	Geranylgeranyl pyrophosphate synthase	AG-365-O14_00325	-2
CACDMX010000002.1	117110	117922	+	AG-365-O14_00324	AG-365-O14	270	OG0000623	K04773	protease IV [EC:3.4.21.-]	COG0616	SppA	Periplasmic serine protease, ClpP class	AG-365-O14_00325	-1
CACDMX010000002.1	117923	118816	+	AG-365-O14_00325	AG-365-O14	297	OG0000870	K01878	glycyl-tRNA synthetase alpha chain [EC:6.1.1.14]	COG0752	GlyQ	Glycyl-tRNA synthetase, alpha subunit	AG-365-O14_00325	0
CACDMX010000002.1	118819	120885	+	AG-365-O14_00326	AG-365-O14	688	OG0000882	K01879	glycyl-tRNA synthetase beta chain [EC:6.1.1.14]	COG0751	GlyS	Glycyl-tRNA synthetase, beta subunit	AG-365-O14_00325	1
CACDMX010000002.1	120885	123542	+	AG-365-O14_00327	AG-365-O14	885	OG0000798	K01006	pyruvate, orthophosphate dikinase [EC:2.7.9.1]	COG0574	PpsA	Phosphoenolpyruvate synthase/pyruvate phosphate dikinase	AG-365-O14_00325	2
CACDMX010000002.1	123543	124376	-	AG-365-O14_00328	AG-365-O14	277	OG0000370	K00767	nicotinate-nucleotide pyrophosphorylase (carboxylating) [EC:2.4.2.19]	COG0157	NadC	Nicotinate-nucleotide pyrophosphorylase	AG-365-O14_00325	3
CACDMX010000002.1	124382	125371	-	AG-365-O14_00329	AG-365-O14	329	OG0000316	K03517	quinolinate synthase [EC:2.5.1.72]	COG0379	NadA	Quinolinate synthase	AG-365-O14_00325	4
CACDMX010000002.1	125520	126407	-	AG-365-O14_00331	AG-365-O14	295	OG0000660	NA	NA	COG0354	YgfZ	Folate-binding protein YgfZ, synthesis and repair of Fe-S clusters, tRNA thiomethylation	AG-365-O14_00325	5
CACDRL010000001.1	211151	211975	+	AG-390-C17_00220	AG-390-C17	274	OG0000361	K03593	ATP-binding protein involved in chromosome partitioning	COG0489	Mrp	Fe-S cluster carrier ATPase, Mrp/ApbC/NBP35 family	AG-390-C17_00226	-5
CACDRL010000001.1	211956	213026	-	AG-390-C17_00221	AG-390-C17	356	OG0000256	K03465	thymidylate synthase (FAD) [EC:2.1.1.148]	COG1351	ThyX	Thymidylate synthase ThyX, FAD-dependent family	AG-390-C17_00226	-4
CACDRL010000001.1	213242	214657	+	AG-390-C17_00223	AG-390-C17	471	OG0001144	NA	NA	COG2133	YliI	Glucose/arabinose dehydrogenase, beta-propeller fold	AG-390-C17_00226	-3
CACDRL010000001.1	214680	217343	-	AG-390-C17_00224	AG-390-C17	887	OG0000798	K01006	pyruvate, orthophosphate dikinase [EC:2.7.9.1]	COG0574	PpsA	Phosphoenolpyruvate synthase/pyruvate phosphate dikinase	AG-390-C17_00226	-2
CACDRL010000001.1	217343	219409	-	AG-390-C17_00225	AG-390-C17	688	OG0000882	K01879	glycyl-tRNA synthetase beta chain [EC:6.1.1.14]	COG0751	GlyS	Glycyl-tRNA synthetase, beta subunit	AG-390-C17_00226	-1
CACDRL010000001.1	219409	220305	-	AG-390-C17_00226	AG-390-C17	298	OG0000870	K01878	glycyl-tRNA synthetase alpha chain [EC:6.1.1.14]	COG0752	GlyQ	Glycyl-tRNA synthetase, alpha subunit	AG-390-C17_00226	0
CACDRL010000001.1	220271	221074	-	AG-390-C17_00227	AG-390-C17	267	OG0000623	K04773	protease IV [EC:3.4.21.-]	COG0616	SppA	Periplasmic serine protease, ClpP class	AG-390-C17_00226	1
CACDRL010000001.1	221189	222202	+	AG-390-C17_00228	AG-390-C17	337	OG0000641	K02523	octaprenyl-diphosphate synthase [EC:2.5.1.90]	COG0142	IspA	Geranylgeranyl pyrophosphate synthase	AG-390-C17_00226	2
CACDRL010000001.1	222199	222825	-	AG-390-C17_00229	AG-390-C17	208	OG0000522	K00275	pyridoxamine 5'-phosphate oxidase [EC:1.4.3.5]	COG0259	PdxH	Pyridoxine/pyridoxamine 5'-phosphate oxidase	AG-390-C17_00226	3
CACDRL010000001.1	222859	223941	+	AG-390-C17_00230	AG-390-C17	360	OG0000279	K01736	chorismate synthase [EC:4.2.3.5]	COG0082	AroC	Chorismate synthase	AG-390-C17_00226	4
CACDRL010000001.1	223946	225862	-	AG-390-C17_00231	AG-390-C17	638	OG0000041	K01662	1-deoxy-D-xylulose-5-phosphate synthase [EC:2.2.1.7]	COG1154	Dxs	Deoxyxylulose-5-phosphate synthase	AG-390-C17_00226	5
CACDTA010000012.1	12245	14158	+	AG-390-D02_00990	AG-390-D02	637	OG0000041	K01662	1-deoxy-D-xylulose-5-phosphate synthase [EC:2.2.1.7]	COG1154	Dxs	Deoxyxylulose-5-phosphate synthase	AG-390-D02_00995	-5
CACDTA010000012.1	14165	15247	-	AG-390-D02_00991	AG-390-D02	360	OG0000279	K01736	chorismate synthase [EC:4.2.3.5]	COG0082	AroC	Chorismate synthase	AG-390-D02_00995	-4
CACDTA010000012.1	15281	15907	+	AG-390-D02_00992	AG-390-D02	208	OG0000522	K00275	pyridoxamine 5'-phosphate oxidase [EC:1.4.3.5]	COG0259	PdxH	Pyridoxine/pyridoxamine 5'-phosphate oxidase	AG-390-D02_00995	-3
CACDTA010000012.1	15904	16917	-	AG-390-D02_00993	AG-390-D02	337	OG0000641	K02523	octaprenyl-diphosphate synthase [EC:2.5.1.90]	COG0142	IspA	Geranylgeranyl pyrophosphate synthase	AG-390-D02_00995	-2
CACDTA010000012.1	17033	17839	+	AG-390-D02_00994	AG-390-D02	268	OG0000623	K04773	protease IV [EC:3.4.21.-]	COG0616	SppA	Periplasmic serine protease, ClpP class	AG-390-D02_00995	-1
CACDTA010000012.1	17805	18710	+	AG-390-D02_00995	AG-390-D02	301	OG0000870	K01878	glycyl-tRNA synthetase alpha chain [EC:6.1.1.14]	COG0752	GlyQ	Glycyl-tRNA synthetase, alpha subunit	AG-390-D02_00995	0
CACDTA010000012.1	18712	20784	+	AG-390-D02_00996	AG-390-D02	690	OG0000882	K01879	glycyl-tRNA synthetase beta chain [EC:6.1.1.14]	COG0751	GlyS	Glycyl-tRNA synthetase, beta subunit	AG-390-D02_00995	1
CACDTA010000012.1	20777	23434	+	AG-390-D02_00997	AG-390-D02	885	OG0000798	K01006	pyruvate, orthophosphate dikinase [EC:2.7.9.1]	COG0574	PpsA	Phosphoenolpyruvate synthase/pyruvate phosphate dikinase	AG-390-D02_00995	2
CACDTA010000012.1	23461	24117	-	AG-390-D02_00998	AG-390-D02	218	OG0001144	NA	NA	COG2133	YliI	Glucose/arabinose dehydrogenase, beta-propeller fold	AG-390-D02_00995	3
CACDUS010000012.1	20330	22243	+	AG-390-E04_01132	AG-390-E04	637	OG0000041	K01662	1-deoxy-D-xylulose-5-phosphate synthase [EC:2.2.1.7]	COG1154	Dxs	Deoxyxylulose-5-phosphate synthase	AG-390-E04_01137	-5
CACDUS010000012.1	22250	23332	-	AG-390-E04_01133	AG-390-E04	360	OG0000279	K01736	chorismate synthase [EC:4.2.3.5]	COG0082	AroC	Chorismate synthase	AG-390-E04_01137	-4
CACDUS010000012.1	23366	23881	+	AG-390-E04_01134	AG-390-E04	171	OG0000522	K00275	pyridoxamine 5'-phosphate oxidase [EC:1.4.3.5]	COG0259	PdxH	Pyridoxine/pyridoxamine 5'-phosphate oxidase	AG-390-E04_01137	-3
CACDUS010000012.1	23988	25001	-	AG-390-E04_01135	AG-390-E04	337	OG0000641	K02523	octaprenyl-diphosphate synthase [EC:2.5.1.90]	COG0142	IspA	Geranylgeranyl pyrophosphate synthase	AG-390-E04_01137	-2
CACDUS010000012.1	25117	25923	+	AG-390-E04_01136	AG-390-E04	268	OG0000623	K04773	protease IV [EC:3.4.21.-]	COG0616	SppA	Periplasmic serine protease, ClpP class	AG-390-E04_01137	-1
CACDUS010000012.1	25889	26794	+	AG-390-E04_01137	AG-390-E04	301	OG0000870	K01878	glycyl-tRNA synthetase alpha chain [EC:6.1.1.14]	COG0752	GlyQ	Glycyl-tRNA synthetase, alpha subunit	AG-390-E04_01137	0
CACDUS010000012.1	26796	28868	+	AG-390-E04_01138	AG-390-E04	690	OG0000882	K01879	glycyl-tRNA synthetase beta chain [EC:6.1.1.14]	COG0751	GlyS	Glycyl-tRNA synthetase, beta subunit	AG-390-E04_01137	1
CACDUS010000012.1	28861	31533	+	AG-390-E04_01139	AG-390-E04	890	OG0000798	K01006	pyruvate, orthophosphate dikinase [EC:2.7.9.1]	COG0574	PpsA	Phosphoenolpyruvate synthase/pyruvate phosphate dikinase	AG-390-E04_01137	2
CACDUS010000012.1	31534	32148	-	AG-390-E04_01140	AG-390-E04	204	OG0002897	NA	NA	COG5285	PhyH	Ectoine hydroxylase-related dioxygenase, phytanoyl-CoA dioxygenase (PhyH) family	AG-390-E04_01137	3
CACDYK010000003.1	1881	2030	-	AG-390-G11_00323	AG-390-G11	49	OG0001277	NA	NA	NA	NA	NA	AG-390-G11_00329	-5
CACDYK010000003.1	2032	2421	-	AG-390-G11_00324	AG-390-G11	129	OG0001260	NA	NA	NA	NA	NA	AG-390-G11_00329	-4
CACDYK010000003.1	2429	3376	-	AG-390-G11_00325	AG-390-G11	315	OG0000256	K03465	thymidylate synthase (FAD) [EC:2.1.1.148]	COG1351	ThyX	Thymidylate synthase ThyX, FAD-dependent family	AG-390-G11_00329	-3
CACDYK010000003.1	3676	6354	-	AG-390-G11_00327	AG-390-G11	892	OG0000798	K01006	pyruvate, orthophosphate dikinase [EC:2.7.9.1]	COG0574	PpsA	Phosphoenolpyruvate synthase/pyruvate phosphate dikinase	AG-390-G11_00329	-2
CACDYK010000003.1	6351	8420	-	AG-390-G11_00328	AG-390-G11	689	OG0000882	K01879	glycyl-tRNA synthetase beta chain [EC:6.1.1.14]	COG0751	GlyS	Glycyl-tRNA synthetase, beta subunit	AG-390-G11_00329	-1
CACDYK010000003.1	8421	9302	-	AG-390-G11_00329	AG-390-G11	293	OG0000870	K01878	glycyl-tRNA synthetase alpha chain [EC:6.1.1.14]	COG0752	GlyQ	Glycyl-tRNA synthetase, alpha subunit	AG-390-G11_00329	0
CACDYK010000003.1	9292	10098	-	AG-390-G11_00330	AG-390-G11	268	OG0000623	K04773	protease IV [EC:3.4.21.-]	COG0616	SppA	Periplasmic serine protease, ClpP class	AG-390-G11_00329	1
CACDYK010000003.1	10213	11091	+	AG-390-G11_00331	AG-390-G11	292	OG0000641	K02523	octaprenyl-diphosphate synthase [EC:2.5.1.90]	COG0142	IspA	Geranylgeranyl pyrophosphate synthase	AG-390-G11_00329	2
CACDYK010000003.1	11224	11850	-	AG-390-G11_00332	AG-390-G11	208	OG0000522	K00275	pyridoxamine 5'-phosphate oxidase [EC:1.4.3.5]	COG0259	PdxH	Pyridoxine/pyridoxamine 5'-phosphate oxidase	AG-390-G11_00329	3
CACDYK010000003.1	11884	12966	+	AG-390-G11_00333	AG-390-G11	360	OG0000279	K01736	chorismate synthase [EC:4.2.3.5]	COG0082	AroC	Chorismate synthase	AG-390-G11_00329	4
CACDYK010000003.1	12974	14887	-	AG-390-G11_00334	AG-390-G11	637	OG0000041	K01662	1-deoxy-D-xylulose-5-phosphate synthase [EC:2.2.1.7]	COG1154	Dxs	Deoxyxylulose-5-phosphate synthase	AG-390-G11_00329	5
CACDYL010000004.1	46971	48884	+	AG-390-G13_00407	AG-390-G13	637	OG0000041	K01662	1-deoxy-D-xylulose-5-phosphate synthase [EC:2.2.1.7]	COG1154	Dxs	Deoxyxylulose-5-phosphate synthase	AG-390-G13_00412	-5
CACDYL010000004.1	48881	49966	-	AG-390-G13_00408	AG-390-G13	361	OG0000279	K01736	chorismate synthase [EC:4.2.3.5]	COG0082	AroC	Chorismate synthase	AG-390-G13_00412	-4
CACDYL010000004.1	50000	50626	+	AG-390-G13_00409	AG-390-G13	208	OG0000522	K00275	pyridoxamine 5'-phosphate oxidase [EC:1.4.3.5]	COG0259	PdxH	Pyridoxine/pyridoxamine 5'-phosphate oxidase	AG-390-G13_00412	-3
CACDYL010000004.1	50623	51636	-	AG-390-G13_00410	AG-390-G13	337	OG0000641	K02523	octaprenyl-diphosphate synthase [EC:2.5.1.90]	COG0142	IspA	Geranylgeranyl pyrophosphate synthase	AG-390-G13_00412	-2
CACDYL010000004.1	51747	52553	+	AG-390-G13_00411	AG-390-G13	268	OG0000623	K04773	protease IV [EC:3.4.21.-]	COG0616	SppA	Periplasmic serine protease, ClpP class	AG-390-G13_00412	-1
CACDYL010000004.1	52543	53427	+	AG-390-G13_00412	AG-390-G13	294	OG0000870	K01878	glycyl-tRNA synthetase alpha chain [EC:6.1.1.14]	COG0752	GlyQ	Glycyl-tRNA synthetase, alpha subunit	AG-390-G13_00412	0
CACDYL010000004.1	53427	55493	+	AG-390-G13_00413	AG-390-G13	688	OG0000882	K01879	glycyl-tRNA synthetase beta chain [EC:6.1.1.14]	COG0751	GlyS	Glycyl-tRNA synthetase, beta subunit	AG-390-G13_00412	1
CACDYL010000004.1	55493	58150	+	AG-390-G13_00414	AG-390-G13	885	OG0000798	K01006	pyruvate, orthophosphate dikinase [EC:2.7.9.1]	COG0574	PpsA	Phosphoenolpyruvate synthase/pyruvate phosphate dikinase	AG-390-G13_00412	2
CACDYL010000004.1	58170	58997	-	AG-390-G13_00415	AG-390-G13	275	OG0000370	K00767	nicotinate-nucleotide pyrophosphorylase (carboxylating) [EC:2.4.2.19]	COG0157	NadC	Nicotinate-nucleotide pyrophosphorylase	AG-390-G13_00412	3
CACDYL010000004.1	59003	59992	-	AG-390-G13_00416	AG-390-G13	329	OG0000316	K03517	quinolinate synthase [EC:2.5.1.72]	COG0379	NadA	Quinolinate synthase	AG-390-G13_00412	4
CACDYL010000004.1	60137	60955	-	AG-390-G13_00418	AG-390-G13	272	OG0001857	NA	NA	COG0463	WcaA	Glycosyltransferase involved in cell wall bisynthesis	AG-390-G13_00412	5
CACDYR010000007.1	20805	22721	+	AG-390-G23_01057	AG-390-G23	638	OG0000041	K01662	1-deoxy-D-xylulose-5-phosphate synthase [EC:2.2.1.7]	COG1154	Dxs	Deoxyxylulose-5-phosphate synthase	AG-390-G23_01062	-5
CACDYR010000007.1	22733	23815	-	AG-390-G23_01058	AG-390-G23	360	OG0000279	K01736	chorismate synthase [EC:4.2.3.5]	COG0082	AroC	Chorismate synthase	AG-390-G23_01062	-4
CACDYR010000007.1	23849	24475	+	AG-390-G23_01059	AG-390-G23	208	OG0000522	K00275	pyridoxamine 5'-phosphate oxidase [EC:1.4.3.5]	COG0259	PdxH	Pyridoxine/pyridoxamine 5'-phosphate oxidase	AG-390-G23_01062	-3
CACDYR010000007.1	24472	25485	-	AG-390-G23_01060	AG-390-G23	337	OG0000641	K02523	octaprenyl-diphosphate synthase [EC:2.5.1.90]	COG0142	IspA	Geranylgeranyl pyrophosphate synthase	AG-390-G23_01062	-2
CACDYR010000007.1	25600	26406	+	AG-390-G23_01061	AG-390-G23	268	OG0000623	K04773	protease IV [EC:3.4.21.-]	COG0616	SppA	Periplasmic serine protease, ClpP class	AG-390-G23_01062	-1
CACDYR010000007.1	26372	27277	+	AG-390-G23_01062	AG-390-G23	301	OG0000870	K01878	glycyl-tRNA synthetase alpha chain [EC:6.1.1.14]	COG0752	GlyQ	Glycyl-tRNA synthetase, alpha subunit	AG-390-G23_01062	0
CACDYR010000007.1	27277	29343	+	AG-390-G23_01063	AG-390-G23	688	OG0000882	K01879	glycyl-tRNA synthetase beta chain [EC:6.1.1.14]	COG0751	GlyS	Glycyl-tRNA synthetase, beta subunit	AG-390-G23_01062	1
CACDYR010000007.1	29343	32009	+	AG-390-G23_01064	AG-390-G23	888	OG0000798	K01006	pyruvate, orthophosphate dikinase [EC:2.7.9.1]	COG0574	PpsA	Phosphoenolpyruvate synthase/pyruvate phosphate dikinase	AG-390-G23_01062	2
CACDYR010000007.1	32209	32742	+	AG-390-G23_01065	AG-390-G23	177	OG0001335	NA	NA	NA	NA	NA	AG-390-G23_01062	3
CACDYR010000007.1	32786	33016	-	AG-390-G23_01066	AG-390-G23	76	OG0002815	NA	NA	NA	NA	NA	AG-390-G23_01062	4
CACDYR010000007.1	33194	33580	+	AG-390-G23_01067	AG-390-G23	128	NA	NA	NA	NA	NA	NA	AG-390-G23_01062	5
CACDZS010000005.1	74374	76209	-	AG-390-I15_00594	AG-390-I15	611	OG0001054	K00612	carbamoyltransferase [EC:2.1.3.-]	COG2192	NA	Predicted carbamoyl transferase, NodU family	AG-390-I15_00599	-5
CACDZS010000005.1	76211	76360	-	AG-390-I15_00595	AG-390-I15	49	OG0001277	NA	NA	NA	NA	NA	AG-390-I15_00599	-4
CACDZS010000005.1	76361	76747	-	AG-390-I15_00596	AG-390-I15	128	OG0001260	NA	NA	NA	NA	NA	AG-390-I15_00599	-3
CACDZS010000005.1	77083	79740	-	AG-390-I15_00597	AG-390-I15	885	OG0000798	K01006	pyruvate, orthophosphate dikinase [EC:2.7.9.1]	COG0574	PpsA	Phosphoenolpyruvate synthase/pyruvate phosphate dikinase	AG-390-I15_00599	-2
CACDZS010000005.1	79737	81806	-	AG-390-I15_00598	AG-390-I15	689	OG0000882	K01879	glycyl-tRNA synthetase beta chain [EC:6.1.1.14]	COG0751	GlyS	Glycyl-tRNA synthetase, beta subunit	AG-390-I15_00599	-1
CACDZS010000005.1	81808	82728	-	AG-390-I15_00599	AG-390-I15	306	OG0000870	K01878	glycyl-tRNA synthetase alpha chain [EC:6.1.1.14]	COG0752	GlyQ	Glycyl-tRNA synthetase, alpha subunit	AG-390-I15_00599	0
CACDZS010000005.1	82694	83497	-	AG-390-I15_00600	AG-390-I15	267	OG0000623	K04773	protease IV [EC:3.4.21.-]	COG0616	SppA	Periplasmic serine protease, ClpP class	AG-390-I15_00599	1
CACDZS010000005.1	83612	84625	+	AG-390-I15_00601	AG-390-I15	337	OG0000641	K02523	octaprenyl-diphosphate synthase [EC:2.5.1.90]	COG0142	IspA	Geranylgeranyl pyrophosphate synthase	AG-390-I15_00599	2
CACDZS010000005.1	84622	85248	-	AG-390-I15_00602	AG-390-I15	208	OG0000522	K00275	pyridoxamine 5'-phosphate oxidase [EC:1.4.3.5]	COG0259	PdxH	Pyridoxine/pyridoxamine 5'-phosphate oxidase	AG-390-I15_00599	3
CACDZS010000005.1	85282	86364	+	AG-390-I15_00603	AG-390-I15	360	OG0000279	K01736	chorismate synthase [EC:4.2.3.5]	COG0082	AroC	Chorismate synthase	AG-390-I15_00599	4
CACDZS010000005.1	86370	88286	-	AG-390-I15_00604	AG-390-I15	638	OG0000041	K01662	1-deoxy-D-xylulose-5-phosphate synthase [EC:2.2.1.7]	COG1154	Dxs	Deoxyxylulose-5-phosphate synthase	AG-390-I15_00599	5
CACEAT010000002.1	78508	80421	+	AG-390-J13_00442	AG-390-J13	637	OG0000041	K01662	1-deoxy-D-xylulose-5-phosphate synthase [EC:2.2.1.7]	COG1154	Dxs	Deoxyxylulose-5-phosphate synthase	AG-390-J13_00447	-5
CACEAT010000002.1	80428	81510	-	AG-390-J13_00443	AG-390-J13	360	OG0000279	K01736	chorismate synthase [EC:4.2.3.5]	COG0082	AroC	Chorismate synthase	AG-390-J13_00447	-4
CACEAT010000002.1	81544	82170	+	AG-390-J13_00444	AG-390-J13	208	OG0000522	K00275	pyridoxamine 5'-phosphate oxidase [EC:1.4.3.5]	COG0259	PdxH	Pyridoxine/pyridoxamine 5'-phosphate oxidase	AG-390-J13_00447	-3
CACEAT010000002.1	82167	83180	-	AG-390-J13_00445	AG-390-J13	337	OG0000641	K02523	octaprenyl-diphosphate synthase [EC:2.5.1.90]	COG0142	IspA	Geranylgeranyl pyrophosphate synthase	AG-390-J13_00447	-2
CACEAT010000002.1	83296	84102	+	AG-390-J13_00446	AG-390-J13	268	OG0000623	K04773	protease IV [EC:3.4.21.-]	COG0616	SppA	Periplasmic serine protease, ClpP class	AG-390-J13_00447	-1
CACEAT010000002.1	84068	84973	+	AG-390-J13_00447	AG-390-J13	301	OG0000870	K01878	glycyl-tRNA synthetase alpha chain [EC:6.1.1.14]	COG0752	GlyQ	Glycyl-tRNA synthetase, alpha subunit	AG-390-J13_00447	0
CACEAT010000002.1	84975	87047	+	AG-390-J13_00448	AG-390-J13	690	OG0000882	K01879	glycyl-tRNA synthetase beta chain [EC:6.1.1.14]	COG0751	GlyS	Glycyl-tRNA synthetase, beta subunit	AG-390-J13_00447	1
CACEAT010000002.1	87040	89697	+	AG-390-J13_00449	AG-390-J13	885	OG0000798	K01006	pyruvate, orthophosphate dikinase [EC:2.7.9.1]	COG0574	PpsA	Phosphoenolpyruvate synthase/pyruvate phosphate dikinase	AG-390-J13_00447	2
CACEAT010000002.1	89722	91086	-	AG-390-J13_00450	AG-390-J13	454	OG0001144	NA	NA	COG2133	YliI	Glucose/arabinose dehydrogenase, beta-propeller fold	AG-390-J13_00447	3
CACEAT010000002.1	91468	92415	+	AG-390-J13_00452	AG-390-J13	315	OG0000256	K03465	thymidylate synthase (FAD) [EC:2.1.1.148]	COG1351	ThyX	Thymidylate synthase ThyX, FAD-dependent family	AG-390-J13_00447	4
CACEAT010000002.1	92396	93220	-	AG-390-J13_00453	AG-390-J13	274	OG0000361	K03593	ATP-binding protein involved in chromosome partitioning	COG0489	Mrp	Fe-S cluster carrier ATPase, Mrp/ApbC/NBP35 family	AG-390-J13_00447	5
CACEBH010000006.1	33896	35809	+	AG-390-J21_00971	AG-390-J21	637	OG0000041	K01662	1-deoxy-D-xylulose-5-phosphate synthase [EC:2.2.1.7]	COG1154	Dxs	Deoxyxylulose-5-phosphate synthase	AG-390-J21_00976	-5
CACEBH010000006.1	35815	36897	-	AG-390-J21_00972	AG-390-J21	360	OG0000279	K01736	chorismate synthase [EC:4.2.3.5]	COG0082	AroC	Chorismate synthase	AG-390-J21_00976	-4
CACEBH010000006.1	36931	37557	+	AG-390-J21_00973	AG-390-J21	208	OG0000522	K00275	pyridoxamine 5'-phosphate oxidase [EC:1.4.3.5]	COG0259	PdxH	Pyridoxine/pyridoxamine 5'-phosphate oxidase	AG-390-J21_00976	-3
CACEBH010000006.1	37554	38567	-	AG-390-J21_00974	AG-390-J21	337	OG0000641	K02523	octaprenyl-diphosphate synthase [EC:2.5.1.90]	COG0142	IspA	Geranylgeranyl pyrophosphate synthase	AG-390-J21_00976	-2
CACEBH010000006.1	38681	39487	+	AG-390-J21_00975	AG-390-J21	268	OG0000623	K04773	protease IV [EC:3.4.21.-]	COG0616	SppA	Periplasmic serine protease, ClpP class	AG-390-J21_00976	-1
CACEBH010000006.1	39477	40358	+	AG-390-J21_00976	AG-390-J21	293	OG0000870	K01878	glycyl-tRNA synthetase alpha chain [EC:6.1.1.14]	COG0752	GlyQ	Glycyl-tRNA synthetase, alpha subunit	AG-390-J21_00976	0
CACEBH010000006.1	40360	42432	+	AG-390-J21_00977	AG-390-J21	690	OG0000882	K01879	glycyl-tRNA synthetase beta chain [EC:6.1.1.14]	COG0751	GlyS	Glycyl-tRNA synthetase, beta subunit	AG-390-J21_00976	1
CACEBH010000006.1	42425	45082	+	AG-390-J21_00978	AG-390-J21	885	OG0000798	K01006	pyruvate, orthophosphate dikinase [EC:2.7.9.1]	COG0574	PpsA	Phosphoenolpyruvate synthase/pyruvate phosphate dikinase	AG-390-J21_00976	2
CACEBH010000006.1	45101	45883	+	AG-390-J21_00979	AG-390-J21	260	OG0001271	NA	NA	NA	NA	NA	AG-390-J21_00976	3
CACEBH010000006.1	45892	47256	-	AG-390-J21_00980	AG-390-J21	454	OG0001144	NA	NA	COG2133	YliI	Glucose/arabinose dehydrogenase, beta-propeller fold	AG-390-J21_00976	4
CACEBH010000006.1	47636	48583	+	AG-390-J21_00982	AG-390-J21	315	OG0000256	K03465	thymidylate synthase (FAD) [EC:2.1.1.148]	COG1351	ThyX	Thymidylate synthase ThyX, FAD-dependent family	AG-390-J21_00976	5
CACEDD010000002.1	114824	115771	-	AG-390-L03_00770	AG-390-L03	315	OG0000256	K03465	thymidylate synthase (FAD) [EC:2.1.1.148]	COG1351	ThyX	Thymidylate synthase ThyX, FAD-dependent family	AG-390-L03_00776	-5
CACEDD010000002.1	116241	117014	+	AG-390-L03_00772	AG-390-L03	257	OG0001271	NA	NA	NA	NA	NA	AG-390-L03_00776	-4
CACEDD010000002.1	117049	119544	-	AG-390-L03_00773	AG-390-L03	831	OG0000798	K01006	pyruvate, orthophosphate dikinase [EC:2.7.9.1]	COG0574	PpsA	Phosphoenolpyruvate synthase/pyruvate phosphate dikinase	AG-390-L03_00776	-3
CACEDD010000002.1	119537	119725	-	AG-390-L03_00774	AG-390-L03	62	OG0003502	NA	NA	COG0574	PpsA	Phosphoenolpyruvate synthase/pyruvate phosphate dikinase	AG-390-L03_00776	-2
CACEDD010000002.1	119722	121791	-	AG-390-L03_00775	AG-390-L03	689	OG0000882	K01879	glycyl-tRNA synthetase beta chain [EC:6.1.1.14]	COG0751	GlyS	Glycyl-tRNA synthetase, beta subunit	AG-390-L03_00776	-1
CACEDD010000002.1	121792	122673	-	AG-390-L03_00776	AG-390-L03	293	OG0000870	K01878	glycyl-tRNA synthetase alpha chain [EC:6.1.1.14]	COG0752	GlyQ	Glycyl-tRNA synthetase, alpha subunit	AG-390-L03_00776	0
CACEDD010000002.1	122663	123469	-	AG-390-L03_00777	AG-390-L03	268	OG0000623	K04773	protease IV [EC:3.4.21.-]	COG0616	SppA	Periplasmic serine protease, ClpP class	AG-390-L03_00776	1
CACEDD010000002.1	123584	124597	+	AG-390-L03_00778	AG-390-L03	337	OG0000641	K02523	octaprenyl-diphosphate synthase [EC:2.5.1.90]	COG0142	IspA	Geranylgeranyl pyrophosphate synthase	AG-390-L03_00776	2
CACEDD010000002.1	124594	125220	-	AG-390-L03_00779	AG-390-L03	208	OG0000522	K00275	pyridoxamine 5'-phosphate oxidase [EC:1.4.3.5]	COG0259	PdxH	Pyridoxine/pyridoxamine 5'-phosphate oxidase	AG-390-L03_00776	3
CACEDD010000002.1	125254	126336	+	AG-390-L03_00780	AG-390-L03	360	OG0000279	K01736	chorismate synthase [EC:4.2.3.5]	COG0082	AroC	Chorismate synthase	AG-390-L03_00776	4
CACEDD010000002.1	126345	128258	-	AG-390-L03_00781	AG-390-L03	637	OG0000041	K01662	1-deoxy-D-xylulose-5-phosphate synthase [EC:2.2.1.7]	COG1154	Dxs	Deoxyxylulose-5-phosphate synthase	AG-390-L03_00776	5
CACEEW010000001.1	51979	53892	+	AG-390-M02_00063	AG-390-M02	637	OG0000041	K01662	1-deoxy-D-xylulose-5-phosphate synthase [EC:2.2.1.7]	COG1154	Dxs	Deoxyxylulose-5-phosphate synthase	AG-390-M02_00068	-5
CACEEW010000001.1	53899	54981	-	AG-390-M02_00064	AG-390-M02	360	OG0000279	K01736	chorismate synthase [EC:4.2.3.5]	COG0082	AroC	Chorismate synthase	AG-390-M02_00068	-4
CACEEW010000001.1	55015	55641	+	AG-390-M02_00065	AG-390-M02	208	OG0000522	K00275	pyridoxamine 5'-phosphate oxidase [EC:1.4.3.5]	COG0259	PdxH	Pyridoxine/pyridoxamine 5'-phosphate oxidase	AG-390-M02_00068	-3
CACEEW010000001.1	55638	56651	-	AG-390-M02_00066	AG-390-M02	337	OG0000641	K02523	octaprenyl-diphosphate synthase [EC:2.5.1.90]	COG0142	IspA	Geranylgeranyl pyrophosphate synthase	AG-390-M02_00068	-2
CACEEW010000001.1	56767	57573	+	AG-390-M02_00067	AG-390-M02	268	OG0000623	K04773	protease IV [EC:3.4.21.-]	COG0616	SppA	Periplasmic serine protease, ClpP class	AG-390-M02_00068	-1
CACEEW010000001.1	57539	58444	+	AG-390-M02_00068	AG-390-M02	301	OG0000870	K01878	glycyl-tRNA synthetase alpha chain [EC:6.1.1.14]	COG0752	GlyQ	Glycyl-tRNA synthetase, alpha subunit	AG-390-M02_00068	0
CACEEW010000001.1	58446	60518	+	AG-390-M02_00069	AG-390-M02	690	OG0000882	K01879	glycyl-tRNA synthetase beta chain [EC:6.1.1.14]	COG0751	GlyS	Glycyl-tRNA synthetase, beta subunit	AG-390-M02_00068	1
CACEEW010000001.1	60511	63168	+	AG-390-M02_00070	AG-390-M02	885	OG0000798	K01006	pyruvate, orthophosphate dikinase [EC:2.7.9.1]	COG0574	PpsA	Phosphoenolpyruvate synthase/pyruvate phosphate dikinase	AG-390-M02_00068	2
CACEEW010000001.1	63199	64557	-	AG-390-M02_00071	AG-390-M02	452	OG0001144	NA	NA	COG2133	YliI	Glucose/arabinose dehydrogenase, beta-propeller fold	AG-390-M02_00068	3
CACEEW010000001.1	64578	65378	-	AG-390-M02_00072	AG-390-M02	266	OG0000045	NA	NA	COG4076	NA	Predicted RNA methylase	AG-390-M02_00068	4
CACEEW010000001.1	65565	66635	+	AG-390-M02_00074	AG-390-M02	356	OG0000256	K03465	thymidylate synthase (FAD) [EC:2.1.1.148]	COG1351	ThyX	Thymidylate synthase ThyX, FAD-dependent family	AG-390-M02_00068	5
CACEFF010000003.1	24959	25783	+	AG-390-M07_00503	AG-390-M07	274	OG0000361	K03593	ATP-binding protein involved in chromosome partitioning	COG0489	Mrp	Fe-S cluster carrier ATPase, Mrp/ApbC/NBP35 family	AG-390-M07_00509	-5
CACEFF010000003.1	25764	26711	-	AG-390-M07_00504	AG-390-M07	315	OG0000256	K03465	thymidylate synthase (FAD) [EC:2.1.1.148]	COG1351	ThyX	Thymidylate synthase ThyX, FAD-dependent family	AG-390-M07_00509	-4
CACEFF010000003.1	27091	28050	-	AG-390-M07_00506	AG-390-M07	319	OG0002228	NA	NA	NA	NA	NA	AG-390-M07_00509	-3
CACEFF010000003.1	28267	30945	-	AG-390-M07_00507	AG-390-M07	892	OG0000798	K01006	pyruvate, orthophosphate dikinase [EC:2.7.9.1]	COG0574	PpsA	Phosphoenolpyruvate synthase/pyruvate phosphate dikinase	AG-390-M07_00509	-2
CACEFF010000003.1	30938	33010	-	AG-390-M07_00508	AG-390-M07	690	OG0000882	K01879	glycyl-tRNA synthetase beta chain [EC:6.1.1.14]	COG0751	GlyS	Glycyl-tRNA synthetase, beta subunit	AG-390-M07_00509	-1
CACEFF010000003.1	33012	33917	-	AG-390-M07_00509	AG-390-M07	301	OG0000870	K01878	glycyl-tRNA synthetase alpha chain [EC:6.1.1.14]	COG0752	GlyQ	Glycyl-tRNA synthetase, alpha subunit	AG-390-M07_00509	0
CACEFF010000003.1	33883	34689	-	AG-390-M07_00510	AG-390-M07	268	OG0000623	K04773	protease IV [EC:3.4.21.-]	COG0616	SppA	Periplasmic serine protease, ClpP class	AG-390-M07_00509	1
CACEFF010000003.1	34805	35818	+	AG-390-M07_00511	AG-390-M07	337	OG0000641	K02523	octaprenyl-diphosphate synthase [EC:2.5.1.90]	COG0142	IspA	Geranylgeranyl pyrophosphate synthase	AG-390-M07_00509	2
CACEFF010000003.1	35815	36441	-	AG-390-M07_00512	AG-390-M07	208	OG0000522	K00275	pyridoxamine 5'-phosphate oxidase [EC:1.4.3.5]	COG0259	PdxH	Pyridoxine/pyridoxamine 5'-phosphate oxidase	AG-390-M07_00509	3
CACEFF010000003.1	36475	37557	+	AG-390-M07_00513	AG-390-M07	360	OG0000279	K01736	chorismate synthase [EC:4.2.3.5]	COG0082	AroC	Chorismate synthase	AG-390-M07_00509	4
CACEFF010000003.1	37563	39476	-	AG-390-M07_00514	AG-390-M07	637	OG0000041	K01662	1-deoxy-D-xylulose-5-phosphate synthase [EC:2.2.1.7]	COG1154	Dxs	Deoxyxylulose-5-phosphate synthase	AG-390-M07_00509	5
CACEFK010000008.1	24482	25096	+	AG-390-M14_00786	AG-390-M14	204	OG0003506	NA	NA	NA	NA	NA	AG-390-M14_00791	-5
CACEFK010000008.1	25131	25814	+	AG-390-M14_00787	AG-390-M14	227	OG0000043	NA	NA	COG0463	WcaA	Glycosyltransferase involved in cell wall bisynthesis	AG-390-M14_00791	-4
CACEFK010000008.1	25820	27484	-	AG-390-M14_00788	AG-390-M14	554	OG0002694	NA	NA	NA	NA	NA	AG-390-M14_00791	-3
CACEFK010000008.1	27671	30331	-	AG-390-M14_00789	AG-390-M14	886	OG0000798	K01006	pyruvate, orthophosphate dikinase [EC:2.7.9.1]	COG0574	PpsA	Phosphoenolpyruvate synthase/pyruvate phosphate dikinase	AG-390-M14_00791	-2
CACEFK010000008.1	30331	32397	-	AG-390-M14_00790	AG-390-M14	688	OG0000882	K01879	glycyl-tRNA synthetase beta chain [EC:6.1.1.14]	COG0751	GlyS	Glycyl-tRNA synthetase, beta subunit	AG-390-M14_00791	-1
CACEFK010000008.1	32397	33302	-	AG-390-M14_00791	AG-390-M14	301	OG0000870	K01878	glycyl-tRNA synthetase alpha chain [EC:6.1.1.14]	COG0752	GlyQ	Glycyl-tRNA synthetase, alpha subunit	AG-390-M14_00791	0
CACEFK010000008.1	33268	34074	-	AG-390-M14_00792	AG-390-M14	268	OG0000623	K04773	protease IV [EC:3.4.21.-]	COG0616	SppA	Periplasmic serine protease, ClpP class	AG-390-M14_00791	1
CACEFJ010000002.1	214415	216334	+	AG-390-M15_00632	AG-390-M15	639	OG0000041	K01662	1-deoxy-D-xylulose-5-phosphate synthase [EC:2.2.1.7]	COG1154	Dxs	Deoxyxylulose-5-phosphate synthase	AG-390-M15_00637	-5
CACEFJ010000002.1	216331	217413	-	AG-390-M15_00633	AG-390-M15	360	OG0000279	K01736	chorismate synthase [EC:4.2.3.5]	COG0082	AroC	Chorismate synthase	AG-390-M15_00637	-4
CACEFJ010000002.1	217448	218080	+	AG-390-M15_00634	AG-390-M15	210	OG0000522	K00275	pyridoxamine 5'-phosphate oxidase [EC:1.4.3.5]	COG0259	PdxH	Pyridoxine/pyridoxamine 5'-phosphate oxidase	AG-390-M15_00637	-3
CACEFJ010000002.1	218077	219090	-	AG-390-M15_00635	AG-390-M15	337	OG0000641	K02523	octaprenyl-diphosphate synthase [EC:2.5.1.90]	COG0142	IspA	Geranylgeranyl pyrophosphate synthase	AG-390-M15_00637	-2
CACEFJ010000002.1	219239	220051	+	AG-390-M15_00636	AG-390-M15	270	OG0000623	K04773	protease IV [EC:3.4.21.-]	COG0616	SppA	Periplasmic serine protease, ClpP class	AG-390-M15_00637	-1
CACEFJ010000002.1	220052	220924	+	AG-390-M15_00637	AG-390-M15	290	OG0000870	K01878	glycyl-tRNA synthetase alpha chain [EC:6.1.1.14]	COG0752	GlyQ	Glycyl-tRNA synthetase, alpha subunit	AG-390-M15_00637	0
CACEFJ010000002.1	222244	222408	-	AG-390-M15_00638	AG-390-M15	54	OG0003507	NA	NA	NA	NA	NA	AG-390-M15_00637	1
CACEIL010000011.1	9961	10908	-	AG-390-O04_00839	AG-390-O04	315	OG0000256	K03465	thymidylate synthase (FAD) [EC:2.1.1.148]	COG1351	ThyX	Thymidylate synthase ThyX, FAD-dependent family	AG-390-O04_00845	-5
CACEIL010000011.1	11291	12325	-	AG-390-O04_00841	AG-390-O04	344	OG0000067	NA	NA	COG0265	DegQ	Periplasmic serine protease DegP/DegQ, contain C-terminal PDZ domain	AG-390-O04_00845	-4
CACEIL010000011.1	12507	12722	-	AG-390-O04_00842	AG-390-O04	71	OG0003211	NA	NA	NA	NA	NA	AG-390-O04_00845	-3
CACEIL010000011.1	12768	15434	-	AG-390-O04_00843	AG-390-O04	888	OG0000798	K01006	pyruvate, orthophosphate dikinase [EC:2.7.9.1]	COG0574	PpsA	Phosphoenolpyruvate synthase/pyruvate phosphate dikinase	AG-390-O04_00845	-2
CACEIL010000011.1	15427	17499	-	AG-390-O04_00844	AG-390-O04	690	OG0000882	K01879	glycyl-tRNA synthetase beta chain [EC:6.1.1.14]	COG0751	GlyS	Glycyl-tRNA synthetase, beta subunit	AG-390-O04_00845	-1
CACEIL010000011.1	17501	18382	-	AG-390-O04_00845	AG-390-O04	293	OG0000870	K01878	glycyl-tRNA synthetase alpha chain [EC:6.1.1.14]	COG0752	GlyQ	Glycyl-tRNA synthetase, alpha subunit	AG-390-O04_00845	0
CACEIL010000011.1	18372	19178	-	AG-390-O04_00846	AG-390-O04	268	OG0000623	K04773	protease IV [EC:3.4.21.-]	COG0616	SppA	Periplasmic serine protease, ClpP class	AG-390-O04_00845	1
CACEIL010000011.1	19294	20307	+	AG-390-O04_00847	AG-390-O04	337	OG0000641	K02523	octaprenyl-diphosphate synthase [EC:2.5.1.90]	COG0142	IspA	Geranylgeranyl pyrophosphate synthase	AG-390-O04_00845	2
CACEIL010000011.1	20304	20930	-	AG-390-O04_00848	AG-390-O04	208	OG0000522	K00275	pyridoxamine 5'-phosphate oxidase [EC:1.4.3.5]	COG0259	PdxH	Pyridoxine/pyridoxamine 5'-phosphate oxidase	AG-390-O04_00845	3
CACEIL010000011.1	20964	22046	+	AG-390-O04_00849	AG-390-O04	360	OG0000279	K01736	chorismate synthase [EC:4.2.3.5]	COG0082	AroC	Chorismate synthase	AG-390-O04_00845	4
CACEIL010000011.1	22053	23966	-	AG-390-O04_00850	AG-390-O04	637	OG0000041	K01662	1-deoxy-D-xylulose-5-phosphate synthase [EC:2.2.1.7]	COG1154	Dxs	Deoxyxylulose-5-phosphate synthase	AG-390-O04_00845	5
CACEMD010000005.1	37394	38278	+	AG-404-B04_00691	AG-404-B04	294	OG0000660	NA	NA	COG0354	YgfZ	Folate-binding protein YgfZ, synthesis and repair of Fe-S clusters, tRNA thiomethylation	AG-404-B04_00697	-5
CACEMD010000005.1	38423	39412	+	AG-404-B04_00693	AG-404-B04	329	OG0000316	K03517	quinolinate synthase [EC:2.5.1.72]	COG0379	NadA	Quinolinate synthase	AG-404-B04_00697	-4
CACEMD010000005.1	39418	40254	+	AG-404-B04_00694	AG-404-B04	278	OG0000370	K00767	nicotinate-nucleotide pyrophosphorylase (carboxylating) [EC:2.4.2.19]	COG0157	NadC	Nicotinate-nucleotide pyrophosphorylase	AG-404-B04_00697	-3
CACEMD010000005.1	40265	42922	-	AG-404-B04_00695	AG-404-B04	885	OG0000798	K01006	pyruvate, orthophosphate dikinase [EC:2.7.9.1]	COG0574	PpsA	Phosphoenolpyruvate synthase/pyruvate phosphate dikinase	AG-404-B04_00697	-2
CACEMD010000005.1	42922	44991	-	AG-404-B04_00696	AG-404-B04	689	OG0000882	K01879	glycyl-tRNA synthetase beta chain [EC:6.1.1.14]	COG0751	GlyS	Glycyl-tRNA synthetase, beta subunit	AG-404-B04_00697	-1
CACEMD010000005.1	44992	45873	-	AG-404-B04_00697	AG-404-B04	293	OG0000870	K01878	glycyl-tRNA synthetase alpha chain [EC:6.1.1.14]	COG0752	GlyQ	Glycyl-tRNA synthetase, alpha subunit	AG-404-B04_00697	0
CACEMD010000005.1	45863	46672	-	AG-404-B04_00698	AG-404-B04	269	OG0000623	K04773	protease IV [EC:3.4.21.-]	COG0616	SppA	Periplasmic serine protease, ClpP class	AG-404-B04_00697	1
CACEMD010000005.1	46782	47795	+	AG-404-B04_00699	AG-404-B04	337	OG0000641	K02523	octaprenyl-diphosphate synthase [EC:2.5.1.90]	COG0142	IspA	Geranylgeranyl pyrophosphate synthase	AG-404-B04_00697	2
CACEMD010000005.1	47792	48418	-	AG-404-B04_00700	AG-404-B04	208	OG0000522	K00275	pyridoxamine 5'-phosphate oxidase [EC:1.4.3.5]	COG0259	PdxH	Pyridoxine/pyridoxamine 5'-phosphate oxidase	AG-404-B04_00697	3
CACEMD010000005.1	48452	49537	+	AG-404-B04_00701	AG-404-B04	361	OG0000279	K01736	chorismate synthase [EC:4.2.3.5]	COG0082	AroC	Chorismate synthase	AG-404-B04_00697	4
CACEMD010000005.1	49534	51447	-	AG-404-B04_00702	AG-404-B04	637	OG0000041	K01662	1-deoxy-D-xylulose-5-phosphate synthase [EC:2.2.1.7]	COG1154	Dxs	Deoxyxylulose-5-phosphate synthase	AG-404-B04_00697	5
CACEVB010000001.1	177617	179530	+	AG-404-J20_00196	AG-404-J20	637	OG0000041	K01662	1-deoxy-D-xylulose-5-phosphate synthase [EC:2.2.1.7]	COG1154	Dxs	Deoxyxylulose-5-phosphate synthase	AG-404-J20_00201	-5
CACEVB010000001.1	179527	180612	-	AG-404-J20_00197	AG-404-J20	361	OG0000279	K01736	chorismate synthase [EC:4.2.3.5]	COG0082	AroC	Chorismate synthase	AG-404-J20_00201	-4
CACEVB010000001.1	180645	181271	+	AG-404-J20_00198	AG-404-J20	208	OG0000522	K00275	pyridoxamine 5'-phosphate oxidase [EC:1.4.3.5]	COG0259	PdxH	Pyridoxine/pyridoxamine 5'-phosphate oxidase	AG-404-J20_00201	-3
CACEVB010000001.1	181268	182281	-	AG-404-J20_00199	AG-404-J20	337	OG0000641	K02523	octaprenyl-diphosphate synthase [EC:2.5.1.90]	COG0142	IspA	Geranylgeranyl pyrophosphate synthase	AG-404-J20_00201	-2
CACEVB010000001.1	182391	183197	+	AG-404-J20_00200	AG-404-J20	268	OG0000623	K04773	protease IV [EC:3.4.21.-]	COG0616	SppA	Periplasmic serine protease, ClpP class	AG-404-J20_00201	-1
CACEVB010000001.1	183187	184056	+	AG-404-J20_00201	AG-404-J20	289	OG0000870	K01878	glycyl-tRNA synthetase alpha chain [EC:6.1.1.14]	COG0752	GlyQ	Glycyl-tRNA synthetase, alpha subunit	AG-404-J20_00201	0
CACEVB010000001.1	184057	186129	+	AG-404-J20_00202	AG-404-J20	690	OG0000882	K01879	glycyl-tRNA synthetase beta chain [EC:6.1.1.14]	COG0751	GlyS	Glycyl-tRNA synthetase, beta subunit	AG-404-J20_00201	1
CACEVB010000001.1	186126	188783	+	AG-404-J20_00203	AG-404-J20	885	OG0000798	K01006	pyruvate, orthophosphate dikinase [EC:2.7.9.1]	COG0574	PpsA	Phosphoenolpyruvate synthase/pyruvate phosphate dikinase	AG-404-J20_00201	2
CACEVB010000001.1	188784	189620	-	AG-404-J20_00204	AG-404-J20	278	OG0000370	K00767	nicotinate-nucleotide pyrophosphorylase (carboxylating) [EC:2.4.2.19]	COG0157	NadC	Nicotinate-nucleotide pyrophosphorylase	AG-404-J20_00201	3
CACEVB010000001.1	189626	190615	-	AG-404-J20_00205	AG-404-J20	329	OG0000316	K03517	quinolinate synthase [EC:2.5.1.72]	COG0379	NadA	Quinolinate synthase	AG-404-J20_00201	4
CACEVB010000001.1	190772	191461	-	AG-404-J20_00207	AG-404-J20	229	OG0000028	NA	NA	COG4122	TrmR	tRNA 5-hydroxyU34 O-methylase TrmR/YrrM	AG-404-J20_00201	5
CACEZQ010000004.1	36207	38120	+	AG-404-O05_00532	AG-404-O05	637	OG0000041	K01662	1-deoxy-D-xylulose-5-phosphate synthase [EC:2.2.1.7]	COG1154	Dxs	Deoxyxylulose-5-phosphate synthase	AG-404-O05_00537	-5
CACEZQ010000004.1	38117	39202	-	AG-404-O05_00533	AG-404-O05	361	OG0000279	K01736	chorismate synthase [EC:4.2.3.5]	COG0082	AroC	Chorismate synthase	AG-404-O05_00537	-4
CACEZQ010000004.1	39236	39862	+	AG-404-O05_00534	AG-404-O05	208	OG0000522	K00275	pyridoxamine 5'-phosphate oxidase [EC:1.4.3.5]	COG0259	PdxH	Pyridoxine/pyridoxamine 5'-phosphate oxidase	AG-404-O05_00537	-3
CACEZQ010000004.1	39859	40872	-	AG-404-O05_00535	AG-404-O05	337	OG0000641	K02523	octaprenyl-diphosphate synthase [EC:2.5.1.90]	COG0142	IspA	Geranylgeranyl pyrophosphate synthase	AG-404-O05_00537	-2
CACEZQ010000004.1	40983	41795	+	AG-404-O05_00536	AG-404-O05	270	OG0000623	K04773	protease IV [EC:3.4.21.-]	COG0616	SppA	Periplasmic serine protease, ClpP class	AG-404-O05_00537	-1
CACEZQ010000004.1	41796	42689	+	AG-404-O05_00537	AG-404-O05	297	OG0000870	K01878	glycyl-tRNA synthetase alpha chain [EC:6.1.1.14]	COG0752	GlyQ	Glycyl-tRNA synthetase, alpha subunit	AG-404-O05_00537	0
CACEZQ010000004.1	42691	44760	+	AG-404-O05_00538	AG-404-O05	689	OG0000882	K01879	glycyl-tRNA synthetase beta chain [EC:6.1.1.14]	COG0751	GlyS	Glycyl-tRNA synthetase, beta subunit	AG-404-O05_00537	1
CACEZQ010000004.1	44757	47414	+	AG-404-O05_00539	AG-404-O05	885	OG0000798	K01006	pyruvate, orthophosphate dikinase [EC:2.7.9.1]	COG0574	PpsA	Phosphoenolpyruvate synthase/pyruvate phosphate dikinase	AG-404-O05_00537	2
CACEZQ010000004.1	47415	48248	-	AG-404-O05_00540	AG-404-O05	277	OG0000370	K00767	nicotinate-nucleotide pyrophosphorylase (carboxylating) [EC:2.4.2.19]	COG0157	NadC	Nicotinate-nucleotide pyrophosphorylase	AG-404-O05_00537	3
CACEZQ010000004.1	48254	49243	-	AG-404-O05_00541	AG-404-O05	329	OG0000316	K03517	quinolinate synthase [EC:2.5.1.72]	COG0379	NadA	Quinolinate synthase	AG-404-O05_00537	4
CACEZQ010000004.1	49390	50280	-	AG-404-O05_00543	AG-404-O05	296	OG0000660	NA	NA	COG0354	YgfZ	Folate-binding protein YgfZ, synthesis and repair of Fe-S clusters, tRNA thiomethylation	AG-404-O05_00537	5
CACFBK010000015.1	195	431	+	AG-404-P13_01098	AG-404-P13	78	OG0000370	NA	NA	COG0157	NadC	Nicotinate-nucleotide pyrophosphorylase	AG-404-P13_01101	-3
CACFBK010000015.1	428	3088	-	AG-404-P13_01099	AG-404-P13	886	OG0000798	K01006	pyruvate, orthophosphate dikinase [EC:2.7.9.1]	COG0574	PpsA	Phosphoenolpyruvate synthase/pyruvate phosphate dikinase	AG-404-P13_01101	-2
CACFBK010000015.1	3090	5153	-	AG-404-P13_01100	AG-404-P13	687	OG0000882	K01879	glycyl-tRNA synthetase beta chain [EC:6.1.1.14]	COG0751	GlyS	Glycyl-tRNA synthetase, beta subunit	AG-404-P13_01101	-1
CACFBK010000015.1	5153	6025	-	AG-404-P13_01101	AG-404-P13	290	OG0000870	K01878	glycyl-tRNA synthetase alpha chain [EC:6.1.1.14]	COG0752	GlyQ	Glycyl-tRNA synthetase, alpha subunit	AG-404-P13_01101	0
CACFBK010000015.1	6015	6824	-	AG-404-P13_01102	AG-404-P13	269	OG0000623	K04773	protease IV [EC:3.4.21.-]	COG0616	SppA	Periplasmic serine protease, ClpP class	AG-404-P13_01101	1
CACFBK010000015.1	6935	7948	+	AG-404-P13_01103	AG-404-P13	337	OG0000641	K02523	octaprenyl-diphosphate synthase [EC:2.5.1.90]	COG0142	IspA	Geranylgeranyl pyrophosphate synthase	AG-404-P13_01101	2
CACFBK010000015.1	7945	8565	-	AG-404-P13_01104	AG-404-P13	206	OG0000522	K00275	pyridoxamine 5'-phosphate oxidase [EC:1.4.3.5]	COG0259	PdxH	Pyridoxine/pyridoxamine 5'-phosphate oxidase	AG-404-P13_01101	3
CACFBK010000015.1	8598	9683	+	AG-404-P13_01105	AG-404-P13	361	OG0000279	K01736	chorismate synthase [EC:4.2.3.5]	COG0082	AroC	Chorismate synthase	AG-404-P13_01101	4
CACFBK010000015.1	9680	11593	-	AG-404-P13_01106	AG-404-P13	637	OG0000041	K01662	1-deoxy-D-xylulose-5-phosphate synthase [EC:2.2.1.7]	COG1154	Dxs	Deoxyxylulose-5-phosphate synthase	AG-404-P13_01101	5
CACFGT010000011.1	32239	34152	+	AG-410-K05_00807	AG-410-K05	637	OG0000041	K01662	1-deoxy-D-xylulose-5-phosphate synthase [EC:2.2.1.7]	COG1154	Dxs	Deoxyxylulose-5-phosphate synthase	AG-410-K05_00812	-5
CACFGT010000011.1	34156	35238	-	AG-410-K05_00808	AG-410-K05	360	OG0000279	K01736	chorismate synthase [EC:4.2.3.5]	COG0082	AroC	Chorismate synthase	AG-410-K05_00812	-4
CACFGT010000011.1	35272	35898	+	AG-410-K05_00809	AG-410-K05	208	OG0000522	K00275	pyridoxamine 5'-phosphate oxidase [EC:1.4.3.5]	COG0259	PdxH	Pyridoxine/pyridoxamine 5'-phosphate oxidase	AG-410-K05_00812	-3
CACFGT010000011.1	35895	36908	-	AG-410-K05_00810	AG-410-K05	337	OG0000641	K02523	octaprenyl-diphosphate synthase [EC:2.5.1.90]	COG0142	IspA	Geranylgeranyl pyrophosphate synthase	AG-410-K05_00812	-2
CACFGT010000011.1	37022	37828	+	AG-410-K05_00811	AG-410-K05	268	OG0000623	K04773	protease IV [EC:3.4.21.-]	COG0616	SppA	Periplasmic serine protease, ClpP class	AG-410-K05_00812	-1
CACFGT010000011.1	37785	38699	+	AG-410-K05_00812	AG-410-K05	304	OG0000870	K01878	glycyl-tRNA synthetase alpha chain [EC:6.1.1.14]	COG0752	GlyQ	Glycyl-tRNA synthetase, alpha subunit	AG-410-K05_00812	0
CACFGT010000011.1	38701	40773	+	AG-410-K05_00813	AG-410-K05	690	OG0000882	K01879	glycyl-tRNA synthetase beta chain [EC:6.1.1.14]	COG0751	GlyS	Glycyl-tRNA synthetase, beta subunit	AG-410-K05_00812	1
CACFGT010000011.1	40766	43432	+	AG-410-K05_00814	AG-410-K05	888	OG0000798	K01006	pyruvate, orthophosphate dikinase [EC:2.7.9.1]	COG0574	PpsA	Phosphoenolpyruvate synthase/pyruvate phosphate dikinase	AG-410-K05_00812	2
CACFGT010000011.1	43434	44273	-	AG-410-K05_00815	AG-410-K05	279	OG0000370	K00767	nicotinate-nucleotide pyrophosphorylase (carboxylating) [EC:2.4.2.19]	COG0157	NadC	Nicotinate-nucleotide pyrophosphorylase	AG-410-K05_00812	3
CACFGT010000011.1	44280	45269	-	AG-410-K05_00816	AG-410-K05	329	OG0000316	K03517	quinolinate synthase [EC:2.5.1.72]	COG0379	NadA	Quinolinate synthase	AG-410-K05_00812	4
CACFGT010000011.1	45417	46304	-	AG-410-K05_00818	AG-410-K05	295	OG0000660	NA	NA	COG0354	YgfZ	Folate-binding protein YgfZ, synthesis and repair of Fe-S clusters, tRNA thiomethylation	AG-410-K05_00812	5
CACFIH010000003.1	36936	38849	+	AG-410-L19_00422	AG-410-L19	637	OG0000041	K01662	1-deoxy-D-xylulose-5-phosphate synthase [EC:2.2.1.7]	COG1154	Dxs	Deoxyxylulose-5-phosphate synthase	AG-410-L19_00427	-5
CACFIH010000003.1	38854	39936	-	AG-410-L19_00423	AG-410-L19	360	OG0000279	K01736	chorismate synthase [EC:4.2.3.5]	COG0082	AroC	Chorismate synthase	AG-410-L19_00427	-4
CACFIH010000003.1	39970	40596	+	AG-410-L19_00424	AG-410-L19	208	OG0000522	K00275	pyridoxamine 5'-phosphate oxidase [EC:1.4.3.5]	COG0259	PdxH	Pyridoxine/pyridoxamine 5'-phosphate oxidase	AG-410-L19_00427	-3
CACFIH010000003.1	40593	41606	-	AG-410-L19_00425	AG-410-L19	337	OG0000641	K02523	octaprenyl-diphosphate synthase [EC:2.5.1.90]	COG0142	IspA	Geranylgeranyl pyrophosphate synthase	AG-410-L19_00427	-2
CACFIH010000003.1	41722	42528	+	AG-410-L19_00426	AG-410-L19	268	OG0000623	K04773	protease IV [EC:3.4.21.-]	COG0616	SppA	Periplasmic serine protease, ClpP class	AG-410-L19_00427	-1
CACFIH010000003.1	42494	43399	+	AG-410-L19_00427	AG-410-L19	301	OG0000870	K01878	glycyl-tRNA synthetase alpha chain [EC:6.1.1.14]	COG0752	GlyQ	Glycyl-tRNA synthetase, alpha subunit	AG-410-L19_00427	0
CACFIH010000003.1	43401	45473	+	AG-410-L19_00428	AG-410-L19	690	OG0000882	K01879	glycyl-tRNA synthetase beta chain [EC:6.1.1.14]	COG0751	GlyS	Glycyl-tRNA synthetase, beta subunit	AG-410-L19_00427	1
CACFIH010000003.1	45466	48123	+	AG-410-L19_00429	AG-410-L19	885	OG0000798	K01006	pyruvate, orthophosphate dikinase [EC:2.7.9.1]	COG0574	PpsA	Phosphoenolpyruvate synthase/pyruvate phosphate dikinase	AG-410-L19_00427	2
CACFIH010000003.1	48308	48484	+	AG-410-L19_00430	AG-410-L19	58	OG0001631	NA	NA	NA	NA	NA	AG-410-L19_00427	3
CACFIH010000003.1	48639	49247	+	AG-410-L19_00431	AG-410-L19	202	OG0002211	NA	NA	COG2827	YhbQ	Predicted endonuclease, GIY-YIG superfamily	AG-410-L19_00427	4
CACFIH010000003.1	49259	49765	+	AG-410-L19_00432	AG-410-L19	168	OG0002402	NA	NA	NA	NA	NA	AG-410-L19_00427	5
CACFLX010000004.1	40087	40311	-	AG-414-B08_00502	AG-414-B08	74	NA	NA	NA	NA	NA	NA	AG-414-B08_00508	-5
CACFLX010000004.1	40609	41598	+	AG-414-B08_00504	AG-414-B08	329	OG0000316	K03517	quinolinate synthase [EC:2.5.1.72]	COG0379	NadA	Quinolinate synthase	AG-414-B08_00508	-4
CACFLX010000004.1	41604	42440	+	AG-414-B08_00505	AG-414-B08	278	OG0000370	K00767	nicotinate-nucleotide pyrophosphorylase (carboxylating) [EC:2.4.2.19]	COG0157	NadC	Nicotinate-nucleotide pyrophosphorylase	AG-414-B08_00508	-3
CACFLX010000004.1	42458	45115	-	AG-414-B08_00506	AG-414-B08	885	OG0000798	K01006	pyruvate, orthophosphate dikinase [EC:2.7.9.1]	COG0574	PpsA	Phosphoenolpyruvate synthase/pyruvate phosphate dikinase	AG-414-B08_00508	-2
CACFLX010000004.1	45115	47184	-	AG-414-B08_00507	AG-414-B08	689	OG0000882	K01879	glycyl-tRNA synthetase beta chain [EC:6.1.1.14]	COG0751	GlyS	Glycyl-tRNA synthetase, beta subunit	AG-414-B08_00508	-1
CACFLX010000004.1	47187	48068	-	AG-414-B08_00508	AG-414-B08	293	OG0000870	K01878	glycyl-tRNA synthetase alpha chain [EC:6.1.1.14]	COG0752	GlyQ	Glycyl-tRNA synthetase, alpha subunit	AG-414-B08_00508	0
CACFLX010000004.1	48058	48864	-	AG-414-B08_00509	AG-414-B08	268	OG0000623	K04773	protease IV [EC:3.4.21.-]	COG0616	SppA	Periplasmic serine protease, ClpP class	AG-414-B08_00508	1
CACFLX010000004.1	48974	49987	+	AG-414-B08_00510	AG-414-B08	337	OG0000641	K02523	octaprenyl-diphosphate synthase [EC:2.5.1.90]	COG0142	IspA	Geranylgeranyl pyrophosphate synthase	AG-414-B08_00508	2
CACFLX010000004.1	49984	50610	-	AG-414-B08_00511	AG-414-B08	208	OG0000522	K00275	pyridoxamine 5'-phosphate oxidase [EC:1.4.3.5]	COG0259	PdxH	Pyridoxine/pyridoxamine 5'-phosphate oxidase	AG-414-B08_00508	3
CACFLX010000004.1	50644	51729	+	AG-414-B08_00512	AG-414-B08	361	OG0000279	K01736	chorismate synthase [EC:4.2.3.5]	COG0082	AroC	Chorismate synthase	AG-414-B08_00508	4
CACFLX010000004.1	51733	53646	-	AG-414-B08_00513	AG-414-B08	637	OG0000041	K01662	1-deoxy-D-xylulose-5-phosphate synthase [EC:2.2.1.7]	COG1154	Dxs	Deoxyxylulose-5-phosphate synthase	AG-414-B08_00508	5
CACFTX010000001.1	18661	20574	+	AG-414-L04_00022	AG-414-L04	637	OG0000041	K01662	1-deoxy-D-xylulose-5-phosphate synthase [EC:2.2.1.7]	COG1154	Dxs	Deoxyxylulose-5-phosphate synthase	AG-414-L04_00027	-5
CACFTX010000001.1	20571	21656	-	AG-414-L04_00023	AG-414-L04	361	OG0000279	K01736	chorismate synthase [EC:4.2.3.5]	COG0082	AroC	Chorismate synthase	AG-414-L04_00027	-4
CACFTX010000001.1	21690	22316	+	AG-414-L04_00024	AG-414-L04	208	OG0000522	K00275	pyridoxamine 5'-phosphate oxidase [EC:1.4.3.5]	COG0259	PdxH	Pyridoxine/pyridoxamine 5'-phosphate oxidase	AG-414-L04_00027	-3
CACFTX010000001.1	22313	23326	-	AG-414-L04_00025	AG-414-L04	337	OG0000641	K02523	octaprenyl-diphosphate synthase [EC:2.5.1.90]	COG0142	IspA	Geranylgeranyl pyrophosphate synthase	AG-414-L04_00027	-2
CACFTX010000001.1	23436	24245	+	AG-414-L04_00026	AG-414-L04	269	OG0000623	K04773	protease IV [EC:3.4.21.-]	COG0616	SppA	Periplasmic serine protease, ClpP class	AG-414-L04_00027	-1
CACFTX010000001.1	24235	25119	+	AG-414-L04_00027	AG-414-L04	294	OG0000870	K01878	glycyl-tRNA synthetase alpha chain [EC:6.1.1.14]	COG0752	GlyQ	Glycyl-tRNA synthetase, alpha subunit	AG-414-L04_00027	0
CACFTX010000001.1	25122	27188	+	AG-414-L04_00028	AG-414-L04	688	OG0000882	K01879	glycyl-tRNA synthetase beta chain [EC:6.1.1.14]	COG0751	GlyS	Glycyl-tRNA synthetase, beta subunit	AG-414-L04_00027	1
CACFTX010000001.1	27188	28930	+	AG-414-L04_00029	AG-414-L04	580	OG0000798	K01006	pyruvate, orthophosphate dikinase [EC:2.7.9.1]	COG0574	PpsA	Phosphoenolpyruvate synthase/pyruvate phosphate dikinase	AG-414-L04_00027	2
CACFTX010000001.1	28884	29846	+	AG-414-L04_00030	AG-414-L04	320	OG0000798	K01006	pyruvate, orthophosphate dikinase [EC:2.7.9.1]	COG1080	PtsA	Phosphoenolpyruvate-protein kinase (PTS system EI component in bacteria)	AG-414-L04_00027	3
CACFTX010000001.1	29847	30680	-	AG-414-L04_00031	AG-414-L04	277	OG0000370	K00767	nicotinate-nucleotide pyrophosphorylase (carboxylating) [EC:2.4.2.19]	COG0157	NadC	Nicotinate-nucleotide pyrophosphorylase	AG-414-L04_00027	4
CACFTX010000001.1	30686	31675	-	AG-414-L04_00032	AG-414-L04	329	OG0000316	K03517	quinolinate synthase [EC:2.5.1.72]	COG0379	NadA	Quinolinate synthase	AG-414-L04_00027	5
CACFVS010000003.1	45770	47680	+	AG-414-M23_00302	AG-414-M23	636	OG0000041	K01662	1-deoxy-D-xylulose-5-phosphate synthase [EC:2.2.1.7]	COG1154	Dxs	Deoxyxylulose-5-phosphate synthase	AG-414-M23_00307	-5
CACFVS010000003.1	47677	48762	-	AG-414-M23_00303	AG-414-M23	361	OG0000279	K01736	chorismate synthase [EC:4.2.3.5]	COG0082	AroC	Chorismate synthase	AG-414-M23_00307	-4
CACFVS010000003.1	48796	49419	+	AG-414-M23_00304	AG-414-M23	207	OG0000522	K00275	pyridoxamine 5'-phosphate oxidase [EC:1.4.3.5]	COG0259	PdxH	Pyridoxine/pyridoxamine 5'-phosphate oxidase	AG-414-M23_00307	-3
CACFVS010000003.1	49416	50429	-	AG-414-M23_00305	AG-414-M23	337	OG0000641	K02523	octaprenyl-diphosphate synthase [EC:2.5.1.90]	COG0142	IspA	Geranylgeranyl pyrophosphate synthase	AG-414-M23_00307	-2
CACFVS010000003.1	50539	51351	+	AG-414-M23_00306	AG-414-M23	270	OG0000623	K04773	protease IV [EC:3.4.21.-]	COG0616	SppA	Periplasmic serine protease, ClpP class	AG-414-M23_00307	-1
CACFVS010000003.1	51352	52245	+	AG-414-M23_00307	AG-414-M23	297	OG0000870	K01878	glycyl-tRNA synthetase alpha chain [EC:6.1.1.14]	COG0752	GlyQ	Glycyl-tRNA synthetase, alpha subunit	AG-414-M23_00307	0
CACFVS010000003.1	52224	54314	+	AG-414-M23_00308	AG-414-M23	696	OG0000882	K01879	glycyl-tRNA synthetase beta chain [EC:6.1.1.14]	COG0751	GlyS	Glycyl-tRNA synthetase, beta subunit	AG-414-M23_00307	1
CACFVS010000003.1	54315	56975	+	AG-414-M23_00309	AG-414-M23	886	OG0000798	K01006	pyruvate, orthophosphate dikinase [EC:2.7.9.1]	COG0574	PpsA	Phosphoenolpyruvate synthase/pyruvate phosphate dikinase	AG-414-M23_00307	2
CACFVS010000003.1	56972	57811	-	AG-414-M23_00310	AG-414-M23	279	OG0000370	K00767	nicotinate-nucleotide pyrophosphorylase (carboxylating) [EC:2.4.2.19]	COG0157	NadC	Nicotinate-nucleotide pyrophosphorylase	AG-414-M23_00307	3
CACFVS010000003.1	57817	58806	-	AG-414-M23_00311	AG-414-M23	329	OG0000316	K03517	quinolinate synthase [EC:2.5.1.72]	COG0379	NadA	Quinolinate synthase	AG-414-M23_00307	4
CACFVS010000003.1	59280	60227	+	AG-414-M23_00314	AG-414-M23	315	OG0000256	K03465	thymidylate synthase (FAD) [EC:2.1.1.148]	COG1351	ThyX	Thymidylate synthase ThyX, FAD-dependent family	AG-414-M23_00307	5
CACFXK010000007.1	23377	23898	-	AG-414-O09_00790	AG-414-O09	173	OG0000279	K01736	chorismate synthase [EC:4.2.3.5]	COG0082	AroC	Chorismate synthase	AG-414-O09_00795	-5
CACFXK010000007.1	23906	24463	-	AG-414-O09_00791	AG-414-O09	185	OG0000279	K01736	chorismate synthase [EC:4.2.3.5]	COG0082	AroC	Chorismate synthase	AG-414-O09_00795	-4
CACFXK010000007.1	24496	25119	+	AG-414-O09_00792	AG-414-O09	207	OG0000522	K00275	pyridoxamine 5'-phosphate oxidase [EC:1.4.3.5]	COG0259	PdxH	Pyridoxine/pyridoxamine 5'-phosphate oxidase	AG-414-O09_00795	-3
CACFXK010000007.1	25116	26129	-	AG-414-O09_00793	AG-414-O09	337	OG0000641	K02523	octaprenyl-diphosphate synthase [EC:2.5.1.90]	COG0142	IspA	Geranylgeranyl pyrophosphate synthase	AG-414-O09_00795	-2
CACFXK010000007.1	26240	27049	+	AG-414-O09_00794	AG-414-O09	269	OG0000623	K04773	protease IV [EC:3.4.21.-]	COG0616	SppA	Periplasmic serine protease, ClpP class	AG-414-O09_00795	-1
CACFXK010000007.1	27039	27911	+	AG-414-O09_00795	AG-414-O09	290	OG0000870	K01878	glycyl-tRNA synthetase alpha chain [EC:6.1.1.14]	COG0752	GlyQ	Glycyl-tRNA synthetase, alpha subunit	AG-414-O09_00795	0
CACFXK010000007.1	27911	29974	+	AG-414-O09_00796	AG-414-O09	687	OG0000882	K01879	glycyl-tRNA synthetase beta chain [EC:6.1.1.14]	COG0751	GlyS	Glycyl-tRNA synthetase, beta subunit	AG-414-O09_00795	1
CACFXK010000007.1	29976	32636	+	AG-414-O09_00797	AG-414-O09	886	OG0000798	K01006	pyruvate, orthophosphate dikinase [EC:2.7.9.1]	COG0574	PpsA	Phosphoenolpyruvate synthase/pyruvate phosphate dikinase	AG-414-O09_00795	2
CACFXK010000007.1	32633	33469	-	AG-414-O09_00798	AG-414-O09	278	OG0000370	K00767	nicotinate-nucleotide pyrophosphorylase (carboxylating) [EC:2.4.2.19]	COG0157	NadC	Nicotinate-nucleotide pyrophosphorylase	AG-414-O09_00795	3
CACFXK010000007.1	33475	34464	-	AG-414-O09_00799	AG-414-O09	329	OG0000316	K03517	quinolinate synthase [EC:2.5.1.72]	COG0379	NadA	Quinolinate synthase	AG-414-O09_00795	4
CACFXK010000007.1	34816	35796	-	AG-414-O09_00801	AG-414-O09	326	OG0001129	NA	NA	COG2755	TesA	Lysophospholipase L1 or related esterase. Includes spore coat protein LipC/YcsK	AG-414-O09_00795	5
CACFXO010000006.1	52338	54254	+	AG-414-O11_01003	AG-414-O11	638	OG0000041	K01662	1-deoxy-D-xylulose-5-phosphate synthase [EC:2.2.1.7]	COG1154	Dxs	Deoxyxylulose-5-phosphate synthase	AG-414-O11_01008	-5
CACFXO010000006.1	54261	55343	-	AG-414-O11_01004	AG-414-O11	360	OG0000279	K01736	chorismate synthase [EC:4.2.3.5]	COG0082	AroC	Chorismate synthase	AG-414-O11_01008	-4
CACFXO010000006.1	55377	56003	+	AG-414-O11_01005	AG-414-O11	208	OG0000522	K00275	pyridoxamine 5'-phosphate oxidase [EC:1.4.3.5]	COG0259	PdxH	Pyridoxine/pyridoxamine 5'-phosphate oxidase	AG-414-O11_01008	-3
CACFXO010000006.1	56000	57013	-	AG-414-O11_01006	AG-414-O11	337	OG0000641	K02523	octaprenyl-diphosphate synthase [EC:2.5.1.90]	COG0142	IspA	Geranylgeranyl pyrophosphate synthase	AG-414-O11_01008	-2
CACFXO010000006.1	57128	57931	+	AG-414-O11_01007	AG-414-O11	267	OG0000623	K04773	protease IV [EC:3.4.21.-]	COG0616	SppA	Periplasmic serine protease, ClpP class	AG-414-O11_01008	-1
CACFXO010000006.1	57921	58823	+	AG-414-O11_01008	AG-414-O11	300	OG0000870	K01878	glycyl-tRNA synthetase alpha chain [EC:6.1.1.14]	COG0752	GlyQ	Glycyl-tRNA synthetase, alpha subunit	AG-414-O11_01008	0
CACFXO010000006.1	58826	60895	+	AG-414-O11_01009	AG-414-O11	689	OG0000882	K01879	glycyl-tRNA synthetase beta chain [EC:6.1.1.14]	COG0751	GlyS	Glycyl-tRNA synthetase, beta subunit	AG-414-O11_01008	1
CACFXO010000006.1	60892	63549	+	AG-414-O11_01010	AG-414-O11	885	OG0000798	K01006	pyruvate, orthophosphate dikinase [EC:2.7.9.1]	COG0574	PpsA	Phosphoenolpyruvate synthase/pyruvate phosphate dikinase	AG-414-O11_01008	2
CACFXO010000006.1	63740	64810	+	AG-414-O11_01012	AG-414-O11	356	OG0000256	K03465	thymidylate synthase (FAD) [EC:2.1.1.148]	COG1351	ThyX	Thymidylate synthase ThyX, FAD-dependent family	AG-414-O11_01008	3
CACFXO010000006.1	64791	65021	-	AG-414-O11_01013	AG-414-O11	76	OG0000361	NA	NA	COG0455	FlhG	MinD-like ATPase FlhG/YlxH, activator of the FlhF-type GTPase	AG-414-O11_01008	4
CACFZK010000017.1	8852	9028	-	AG-422-A21_01014	AG-422-A21	58	OG0003946	NA	NA	COG0574	PpsA	Phosphoenolpyruvate synthase/pyruvate phosphate dikinase	AG-422-A21_01019	-5
CACFZK010000017.1	9148	9456	-	AG-422-A21_01015	AG-422-A21	102	OG0000798	NA	NA	COG0574	PpsA	Phosphoenolpyruvate synthase/pyruvate phosphate dikinase	AG-422-A21_01019	-4
CACFZK010000017.1	9533	9763	-	AG-422-A21_01016	AG-422-A21	76	OG0003502	NA	NA	COG0574	PpsA	Phosphoenolpyruvate synthase/pyruvate phosphate dikinase	AG-422-A21_01019	-3
CACFZK010000017.1	9763	10884	-	AG-422-A21_01017	AG-422-A21	373	OG0000882	NA	NA	COG0751	GlyS	Glycyl-tRNA synthetase, beta subunit	AG-422-A21_01019	-2
CACFZK010000017.1	11235	11819	-	AG-422-A21_01018	AG-422-A21	194	OG0000882	NA	NA	COG0751	GlyS	Glycyl-tRNA synthetase, beta subunit	AG-422-A21_01019	-1
CACFZK010000017.1	11820	12704	-	AG-422-A21_01019	AG-422-A21	294	OG0000870	K01878	glycyl-tRNA synthetase alpha chain [EC:6.1.1.14]	COG0752	GlyQ	Glycyl-tRNA synthetase, alpha subunit	AG-422-A21_01019	0
CACGBP010000001.1	186036	187949	+	AG-422-C13_00201	AG-422-C13	637	OG0000041	K01662	1-deoxy-D-xylulose-5-phosphate synthase [EC:2.2.1.7]	COG1154	Dxs	Deoxyxylulose-5-phosphate synthase	AG-422-C13_00206	-5
CACGBP010000001.1	187956	189038	-	AG-422-C13_00202	AG-422-C13	360	OG0000279	K01736	chorismate synthase [EC:4.2.3.5]	COG0082	AroC	Chorismate synthase	AG-422-C13_00206	-4
CACGBP010000001.1	189072	189698	+	AG-422-C13_00203	AG-422-C13	208	OG0000522	K00275	pyridoxamine 5'-phosphate oxidase [EC:1.4.3.5]	COG0259	PdxH	Pyridoxine/pyridoxamine 5'-phosphate oxidase	AG-422-C13_00206	-3
CACGBP010000001.1	189695	190708	-	AG-422-C13_00204	AG-422-C13	337	OG0000641	K02523	octaprenyl-diphosphate synthase [EC:2.5.1.90]	COG0142	IspA	Geranylgeranyl pyrophosphate synthase	AG-422-C13_00206	-2
CACGBP010000001.1	190824	191630	+	AG-422-C13_00205	AG-422-C13	268	OG0000623	K04773	protease IV [EC:3.4.21.-]	COG0616	SppA	Periplasmic serine protease, ClpP class	AG-422-C13_00206	-1
CACGBP010000001.1	191620	192501	+	AG-422-C13_00206	AG-422-C13	293	OG0000870	K01878	glycyl-tRNA synthetase alpha chain [EC:6.1.1.14]	COG0752	GlyQ	Glycyl-tRNA synthetase, alpha subunit	AG-422-C13_00206	0
CACGBP010000001.1	192503	194575	+	AG-422-C13_00207	AG-422-C13	690	OG0000882	K01879	glycyl-tRNA synthetase beta chain [EC:6.1.1.14]	COG0751	GlyS	Glycyl-tRNA synthetase, beta subunit	AG-422-C13_00206	1
CACGBP010000001.1	194568	197228	+	AG-422-C13_00208	AG-422-C13	886	OG0000798	K01006	pyruvate, orthophosphate dikinase [EC:2.7.9.1]	COG0574	PpsA	Phosphoenolpyruvate synthase/pyruvate phosphate dikinase	AG-422-C13_00206	2
CACGBP010000001.1	197251	198084	-	AG-422-C13_00209	AG-422-C13	277	OG0000370	K00767	nicotinate-nucleotide pyrophosphorylase (carboxylating) [EC:2.4.2.19]	COG0157	NadC	Nicotinate-nucleotide pyrophosphorylase	AG-422-C13_00206	3
CACGBP010000001.1	198091	199080	-	AG-422-C13_00210	AG-422-C13	329	OG0000316	K03517	quinolinate synthase [EC:2.5.1.72]	COG0379	NadA	Quinolinate synthase	AG-422-C13_00206	4
CACGBP010000001.1	199229	200116	-	AG-422-C13_00212	AG-422-C13	295	OG0000660	NA	NA	COG0354	YgfZ	Folate-binding protein YgfZ, synthesis and repair of Fe-S clusters, tRNA thiomethylation	AG-422-C13_00206	5
CACGBZ010000006.1	42789	44705	+	AG-422-C20_01017	AG-422-C20	638	OG0000041	K01662	1-deoxy-D-xylulose-5-phosphate synthase [EC:2.2.1.7]	COG1154	Dxs	Deoxyxylulose-5-phosphate synthase	AG-422-C20_01022	-5
CACGBZ010000006.1	44712	45794	-	AG-422-C20_01018	AG-422-C20	360	OG0000279	K01736	chorismate synthase [EC:4.2.3.5]	COG0082	AroC	Chorismate synthase	AG-422-C20_01022	-4
CACGBZ010000006.1	45828	46454	+	AG-422-C20_01019	AG-422-C20	208	OG0000522	K00275	pyridoxamine 5'-phosphate oxidase [EC:1.4.3.5]	COG0259	PdxH	Pyridoxine/pyridoxamine 5'-phosphate oxidase	AG-422-C20_01022	-3
CACGBZ010000006.1	46451	47464	-	AG-422-C20_01020	AG-422-C20	337	OG0000641	K02523	octaprenyl-diphosphate synthase [EC:2.5.1.90]	COG0142	IspA	Geranylgeranyl pyrophosphate synthase	AG-422-C20_01022	-2
CACGBZ010000006.1	47579	48385	+	AG-422-C20_01021	AG-422-C20	268	OG0000623	K04773	protease IV [EC:3.4.21.-]	COG0616	SppA	Periplasmic serine protease, ClpP class	AG-422-C20_01022	-1
CACGBZ010000006.1	48351	49256	+	AG-422-C20_01022	AG-422-C20	301	OG0000870	K01878	glycyl-tRNA synthetase alpha chain [EC:6.1.1.14]	COG0752	GlyQ	Glycyl-tRNA synthetase, alpha subunit	AG-422-C20_01022	0
CACGBZ010000006.1	49256	51322	+	AG-422-C20_01023	AG-422-C20	688	OG0000882	K01879	glycyl-tRNA synthetase beta chain [EC:6.1.1.14]	COG0751	GlyS	Glycyl-tRNA synthetase, beta subunit	AG-422-C20_01022	1
CACGBZ010000006.1	51322	53982	+	AG-422-C20_01024	AG-422-C20	886	OG0000798	K01006	pyruvate, orthophosphate dikinase [EC:2.7.9.1]	COG0574	PpsA	Phosphoenolpyruvate synthase/pyruvate phosphate dikinase	AG-422-C20_01022	2
CACGBZ010000006.1	54486	55910	+	AG-422-C20_01026	AG-422-C20	474	OG0001478	NA	NA	COG2303	BetA	Choline dehydrogenase or related flavoprotein	AG-422-C20_01022	3
CACGBZ010000006.1	55919	57166	+	AG-422-C20_01027	AG-422-C20	415	OG0001357	NA	NA	COG0399	WecE	dTDP-4-amino-4,6-dideoxygalactose transaminase	AG-422-C20_01022	4
CACGBZ010000006.1	57166	57987	+	AG-422-C20_01028	AG-422-C20	273	OG0000023	NA	NA	COG0451	WcaG	Nucleoside-diphosphate-sugar epimerase	AG-422-C20_01022	5
CACGDQ010000007.1	30389	32305	+	AG-422-D23_00922	AG-422-D23	638	OG0000041	K01662	1-deoxy-D-xylulose-5-phosphate synthase [EC:2.2.1.7]	COG1154	Dxs	Deoxyxylulose-5-phosphate synthase	AG-422-D23_00927	-5
CACGDQ010000007.1	32312	33394	-	AG-422-D23_00923	AG-422-D23	360	OG0000279	K01736	chorismate synthase [EC:4.2.3.5]	COG0082	AroC	Chorismate synthase	AG-422-D23_00927	-4
CACGDQ010000007.1	33428	34054	+	AG-422-D23_00924	AG-422-D23	208	OG0000522	K00275	pyridoxamine 5'-phosphate oxidase [EC:1.4.3.5]	COG0259	PdxH	Pyridoxine/pyridoxamine 5'-phosphate oxidase	AG-422-D23_00927	-3
CACGDQ010000007.1	34051	35064	-	AG-422-D23_00925	AG-422-D23	337	OG0000641	K02523	octaprenyl-diphosphate synthase [EC:2.5.1.90]	COG0142	IspA	Geranylgeranyl pyrophosphate synthase	AG-422-D23_00927	-2
CACGDQ010000007.1	35179	35985	+	AG-422-D23_00926	AG-422-D23	268	OG0000623	K04773	protease IV [EC:3.4.21.-]	COG0616	SppA	Periplasmic serine protease, ClpP class	AG-422-D23_00927	-1
CACGDQ010000007.1	35951	36856	+	AG-422-D23_00927	AG-422-D23	301	OG0000870	K01878	glycyl-tRNA synthetase alpha chain [EC:6.1.1.14]	COG0752	GlyQ	Glycyl-tRNA synthetase, alpha subunit	AG-422-D23_00927	0
CACGDQ010000007.1	36856	38922	+	AG-422-D23_00928	AG-422-D23	688	OG0000882	K01879	glycyl-tRNA synthetase beta chain [EC:6.1.1.14]	COG0751	GlyS	Glycyl-tRNA synthetase, beta subunit	AG-422-D23_00927	1
CACGDQ010000007.1	38922	41585	+	AG-422-D23_00929	AG-422-D23	887	OG0000798	K01006	pyruvate, orthophosphate dikinase [EC:2.7.9.1]	COG0574	PpsA	Phosphoenolpyruvate synthase/pyruvate phosphate dikinase	AG-422-D23_00927	2
CACGDQ010000007.1	41621	42688	+	AG-422-D23_00930	AG-422-D23	355	OG0000167	NA	NA	COG0641	AslB	Sulfatase maturation enzyme AslB, radical SAM superfamily	AG-422-D23_00927	3
CACGDQ010000007.1	42696	43547	+	AG-422-D23_00931	AG-422-D23	283	OG0001412	NA	NA	COG1216	WcaE	Glycosyltransferase, GT2 family	AG-422-D23_00927	4
CACGDQ010000007.1	43577	44278	+	AG-422-D23_00932	AG-422-D23	233	OG0001411	NA	NA	COG0110	WbbJ	O-acetyltransferase, isoleucine patch superfamily, LacA/YvoF/WbbJ family	AG-422-D23_00927	5
CACGDZ010000008.1	720	1073	+	AG-422-E09_00856	AG-422-E09	117	OG0002165	NA	NA	NA	NA	NA	AG-422-E09_00859	-3
CACGDZ010000008.1	1224	3884	-	AG-422-E09_00857	AG-422-E09	886	OG0000798	K01006	pyruvate, orthophosphate dikinase [EC:2.7.9.1]	COG0574	PpsA	Phosphoenolpyruvate synthase/pyruvate phosphate dikinase	AG-422-E09_00859	-2
CACGDZ010000008.1	3884	5950	-	AG-422-E09_00858	AG-422-E09	688	OG0000882	K01879	glycyl-tRNA synthetase beta chain [EC:6.1.1.14]	COG0751	GlyS	Glycyl-tRNA synthetase, beta subunit	AG-422-E09_00859	-1
CACGDZ010000008.1	5950	6855	-	AG-422-E09_00859	AG-422-E09	301	OG0000870	K01878	glycyl-tRNA synthetase alpha chain [EC:6.1.1.14]	COG0752	GlyQ	Glycyl-tRNA synthetase, alpha subunit	AG-422-E09_00859	0
CACGDZ010000008.1	6821	7627	-	AG-422-E09_00860	AG-422-E09	268	OG0000623	K04773	protease IV [EC:3.4.21.-]	COG0616	SppA	Periplasmic serine protease, ClpP class	AG-422-E09_00859	1
CACGDZ010000008.1	7742	8755	+	AG-422-E09_00861	AG-422-E09	337	OG0000641	K02523	octaprenyl-diphosphate synthase [EC:2.5.1.90]	COG0142	IspA	Geranylgeranyl pyrophosphate synthase	AG-422-E09_00859	2
CACGDZ010000008.1	8752	9378	-	AG-422-E09_00862	AG-422-E09	208	OG0000522	K00275	pyridoxamine 5'-phosphate oxidase [EC:1.4.3.5]	COG0259	PdxH	Pyridoxine/pyridoxamine 5'-phosphate oxidase	AG-422-E09_00859	3
CACGDZ010000008.1	9412	10494	+	AG-422-E09_00863	AG-422-E09	360	OG0000279	K01736	chorismate synthase [EC:4.2.3.5]	COG0082	AroC	Chorismate synthase	AG-422-E09_00859	4
CACGDZ010000008.1	10501	12417	-	AG-422-E09_00864	AG-422-E09	638	OG0000041	K01662	1-deoxy-D-xylulose-5-phosphate synthase [EC:2.2.1.7]	COG1154	Dxs	Deoxyxylulose-5-phosphate synthase	AG-422-E09_00859	5
CACGEW010000001.1	58738	60657	+	AG-422-F15_00069	AG-422-F15	639	OG0000041	K01662	1-deoxy-D-xylulose-5-phosphate synthase [EC:2.2.1.7]	COG1154	Dxs	Deoxyxylulose-5-phosphate synthase	AG-422-F15_00074	-5
CACGEW010000001.1	60654	61736	-	AG-422-F15_00070	AG-422-F15	360	OG0000279	K01736	chorismate synthase [EC:4.2.3.5]	COG0082	AroC	Chorismate synthase	AG-422-F15_00074	-4
CACGEW010000001.1	61771	62403	+	AG-422-F15_00071	AG-422-F15	210	OG0000522	K00275	pyridoxamine 5'-phosphate oxidase [EC:1.4.3.5]	COG0259	PdxH	Pyridoxine/pyridoxamine 5'-phosphate oxidase	AG-422-F15_00074	-3
CACGEW010000001.1	62400	63413	-	AG-422-F15_00072	AG-422-F15	337	OG0000641	K02523	octaprenyl-diphosphate synthase [EC:2.5.1.90]	COG0142	IspA	Geranylgeranyl pyrophosphate synthase	AG-422-F15_00074	-2
CACGEW010000001.1	63559	64371	+	AG-422-F15_00073	AG-422-F15	270	OG0000623	K04773	protease IV [EC:3.4.21.-]	COG0616	SppA	Periplasmic serine protease, ClpP class	AG-422-F15_00074	-1
CACGEW010000001.1	64372	65268	+	AG-422-F15_00074	AG-422-F15	298	OG0000870	K01878	glycyl-tRNA synthetase alpha chain [EC:6.1.1.14]	COG0752	GlyQ	Glycyl-tRNA synthetase, alpha subunit	AG-422-F15_00074	0
CACGEW010000001.1	65272	67326	+	AG-422-F15_00075	AG-422-F15	684	OG0000882	K01879	glycyl-tRNA synthetase beta chain [EC:6.1.1.14]	COG0751	GlyS	Glycyl-tRNA synthetase, beta subunit	AG-422-F15_00074	1
CACGEW010000001.1	67326	69986	+	AG-422-F15_00076	AG-422-F15	886	OG0000798	K01006	pyruvate, orthophosphate dikinase [EC:2.7.9.1]	COG0574	PpsA	Phosphoenolpyruvate synthase/pyruvate phosphate dikinase	AG-422-F15_00074	2
CACGEW010000001.1	69975	70805	-	AG-422-F15_00077	AG-422-F15	276	OG0000370	K00767	nicotinate-nucleotide pyrophosphorylase (carboxylating) [EC:2.4.2.19]	COG0157	NadC	Nicotinate-nucleotide pyrophosphorylase	AG-422-F15_00074	3
CACGEW010000001.1	70810	71799	-	AG-422-F15_00078	AG-422-F15	329	OG0000316	K03517	quinolinate synthase [EC:2.5.1.72]	COG0379	NadA	Quinolinate synthase	AG-422-F15_00074	4
CACGEW010000001.1	72062	72943	-	AG-422-F15_00080	AG-422-F15	293	OG0000660	NA	NA	COG0354	YgfZ	Folate-binding protein YgfZ, synthesis and repair of Fe-S clusters, tRNA thiomethylation	AG-422-F15_00074	5
CACGGJ010000012.1	3603	5519	+	AG-422-G03_00910	AG-422-G03	638	OG0000041	K01662	1-deoxy-D-xylulose-5-phosphate synthase [EC:2.2.1.7]	COG1154	Dxs	Deoxyxylulose-5-phosphate synthase	AG-422-G03_00915	-5
CACGGJ010000012.1	5526	6608	-	AG-422-G03_00911	AG-422-G03	360	OG0000279	K01736	chorismate synthase [EC:4.2.3.5]	COG0082	AroC	Chorismate synthase	AG-422-G03_00915	-4
CACGGJ010000012.1	6642	7268	+	AG-422-G03_00912	AG-422-G03	208	OG0000522	K00275	pyridoxamine 5'-phosphate oxidase [EC:1.4.3.5]	COG0259	PdxH	Pyridoxine/pyridoxamine 5'-phosphate oxidase	AG-422-G03_00915	-3
CACGGJ010000012.1	7265	8278	-	AG-422-G03_00913	AG-422-G03	337	OG0000641	K02523	octaprenyl-diphosphate synthase [EC:2.5.1.90]	COG0142	IspA	Geranylgeranyl pyrophosphate synthase	AG-422-G03_00915	-2
CACGGJ010000012.1	8393	9199	+	AG-422-G03_00914	AG-422-G03	268	OG0000623	K04773	protease IV [EC:3.4.21.-]	COG0616	SppA	Periplasmic serine protease, ClpP class	AG-422-G03_00915	-1
CACGGJ010000012.1	9165	10070	+	AG-422-G03_00915	AG-422-G03	301	OG0000870	K01878	glycyl-tRNA synthetase alpha chain [EC:6.1.1.14]	COG0752	GlyQ	Glycyl-tRNA synthetase, alpha subunit	AG-422-G03_00915	0
CACGGJ010000012.1	10070	12136	+	AG-422-G03_00916	AG-422-G03	688	OG0000882	K01879	glycyl-tRNA synthetase beta chain [EC:6.1.1.14]	COG0751	GlyS	Glycyl-tRNA synthetase, beta subunit	AG-422-G03_00915	1
CACGGJ010000012.1	12136	14793	+	AG-422-G03_00917	AG-422-G03	885	OG0000798	K01006	pyruvate, orthophosphate dikinase [EC:2.7.9.1]	COG0574	PpsA	Phosphoenolpyruvate synthase/pyruvate phosphate dikinase	AG-422-G03_00915	2
CACGGJ010000012.1	14803	16092	+	AG-422-G03_00918	AG-422-G03	429	OG0001456	NA	NA	COG4310	NA	Uncharacterized conserved protein, cotains an aminopeptidase-like domain	AG-422-G03_00915	3
CACGGJ010000012.1	16114	16974	+	AG-422-G03_00919	AG-422-G03	286	OG0001125	NA	NA	COG2226	UbiE	Ubiquinone/menaquinone biosynthesis C-methylase UbiE/MenG or 23S rRNA G745 methylase RmlAII or tRNA-U5 methylase TRM9	AG-422-G03_00915	4
CACGGJ010000012.1	17191	18261	+	AG-422-G03_00921	AG-422-G03	356	OG0000256	K03465	thymidylate synthase (FAD) [EC:2.1.1.148]	COG1351	ThyX	Thymidylate synthase ThyX, FAD-dependent family	AG-422-G03_00915	5
CACGMC010000005.1	42581	44500	+	AG-422-L15_01048	AG-422-L15	639	OG0000041	K01662	1-deoxy-D-xylulose-5-phosphate synthase [EC:2.2.1.7]	COG1154	Dxs	Deoxyxylulose-5-phosphate synthase	AG-422-L15_01053	-5
CACGMC010000005.1	44497	45579	-	AG-422-L15_01049	AG-422-L15	360	OG0000279	K01736	chorismate synthase [EC:4.2.3.5]	COG0082	AroC	Chorismate synthase	AG-422-L15_01053	-4
CACGMC010000005.1	45614	46243	+	AG-422-L15_01050	AG-422-L15	209	OG0000522	K00275	pyridoxamine 5'-phosphate oxidase [EC:1.4.3.5]	COG0259	PdxH	Pyridoxine/pyridoxamine 5'-phosphate oxidase	AG-422-L15_01053	-3
CACGMC010000005.1	46240	47253	-	AG-422-L15_01051	AG-422-L15	337	OG0000641	K02523	octaprenyl-diphosphate synthase [EC:2.5.1.90]	COG0142	IspA	Geranylgeranyl pyrophosphate synthase	AG-422-L15_01053	-2
CACGMC010000005.1	47396	48208	+	AG-422-L15_01052	AG-422-L15	270	OG0000623	K04773	protease IV [EC:3.4.21.-]	COG0616	SppA	Periplasmic serine protease, ClpP class	AG-422-L15_01053	-1
CACGMC010000005.1	48209	49087	+	AG-422-L15_01053	AG-422-L15	292	OG0000870	K01878	glycyl-tRNA synthetase alpha chain [EC:6.1.1.14]	COG0752	GlyQ	Glycyl-tRNA synthetase, alpha subunit	AG-422-L15_01053	0
CACGMC010000005.1	49092	51149	+	AG-422-L15_01054	AG-422-L15	685	OG0000882	K01879	glycyl-tRNA synthetase beta chain [EC:6.1.1.14]	COG0751	GlyS	Glycyl-tRNA synthetase, beta subunit	AG-422-L15_01053	1
CACGMC010000005.1	51146	53806	+	AG-422-L15_01055	AG-422-L15	886	OG0000798	K01006	pyruvate, orthophosphate dikinase [EC:2.7.9.1]	COG0574	PpsA	Phosphoenolpyruvate synthase/pyruvate phosphate dikinase	AG-422-L15_01053	2
CACGMC010000005.1	53795	54625	-	AG-422-L15_01056	AG-422-L15	276	OG0000370	K00767	nicotinate-nucleotide pyrophosphorylase (carboxylating) [EC:2.4.2.19]	COG0157	NadC	Nicotinate-nucleotide pyrophosphorylase	AG-422-L15_01053	3
CACGMC010000005.1	54630	54887	-	AG-422-L15_01057	AG-422-L15	85	OG0000316	NA	NA	NA	NA	NA	AG-422-L15_01053	4
CACGOM010000001.1	105618	106226	+	AG-422-N14_00106	AG-422-N14	202	OG0000105	NA	NA	COG2227	UbiG	2-polyprenyl-3-methyl-5-hydroxy-6-metoxy-1,4-benzoquinol methylase	AG-422-N14_00112	-5
CACGOM010000001.1	106391	107380	+	AG-422-N14_00108	AG-422-N14	329	OG0000316	K03517	quinolinate synthase [EC:2.5.1.72]	COG0379	NadA	Quinolinate synthase	AG-422-N14_00112	-4
CACGOM010000001.1	107385	108209	+	AG-422-N14_00109	AG-422-N14	274	OG0000370	K00767	nicotinate-nucleotide pyrophosphorylase (carboxylating) [EC:2.4.2.19]	COG0157	NadC	Nicotinate-nucleotide pyrophosphorylase	AG-422-N14_00112	-3
CACGOM010000001.1	108210	110870	-	AG-422-N14_00110	AG-422-N14	886	OG0000798	K01006	pyruvate, orthophosphate dikinase [EC:2.7.9.1]	COG0574	PpsA	Phosphoenolpyruvate synthase/pyruvate phosphate dikinase	AG-422-N14_00112	-2
CACGOM010000001.1	110871	112937	-	AG-422-N14_00111	AG-422-N14	688	OG0000882	K01879	glycyl-tRNA synthetase beta chain [EC:6.1.1.14]	COG0751	GlyS	Glycyl-tRNA synthetase, beta subunit	AG-422-N14_00112	-1
CACGOM010000001.1	112939	113820	-	AG-422-N14_00112	AG-422-N14	293	OG0000870	K01878	glycyl-tRNA synthetase alpha chain [EC:6.1.1.14]	COG0752	GlyQ	Glycyl-tRNA synthetase, alpha subunit	AG-422-N14_00112	0
CACGOM010000001.1	113810	114619	-	AG-422-N14_00113	AG-422-N14	269	OG0000623	K04773	protease IV [EC:3.4.21.-]	COG0616	SppA	Periplasmic serine protease, ClpP class	AG-422-N14_00112	1
CACGOM010000001.1	114729	115742	+	AG-422-N14_00114	AG-422-N14	337	OG0000641	K02523	octaprenyl-diphosphate synthase [EC:2.5.1.90]	COG0142	IspA	Geranylgeranyl pyrophosphate synthase	AG-422-N14_00112	2
CACGOM010000001.1	115739	116362	-	AG-422-N14_00115	AG-422-N14	207	OG0000522	K00275	pyridoxamine 5'-phosphate oxidase [EC:1.4.3.5]	COG0259	PdxH	Pyridoxine/pyridoxamine 5'-phosphate oxidase	AG-422-N14_00112	3
CACGOM010000001.1	116396	117481	+	AG-422-N14_00116	AG-422-N14	361	OG0000279	K01736	chorismate synthase [EC:4.2.3.5]	COG0082	AroC	Chorismate synthase	AG-422-N14_00112	4
CACGOM010000001.1	117478	119388	-	AG-422-N14_00117	AG-422-N14	636	OG0000041	K01662	1-deoxy-D-xylulose-5-phosphate synthase [EC:2.2.1.7]	COG1154	Dxs	Deoxyxylulose-5-phosphate synthase	AG-422-N14_00112	5
CACGON010000004.1	41627	42658	+	AG-422-N15_00579	AG-422-N15	343	OG0002122	NA	NA	COG1216	WcaE	Glycosyltransferase, GT2 family	AG-422-N15_00585	-5
CACGON010000004.1	42810	43799	+	AG-422-N15_00581	AG-422-N15	329	OG0000316	K03517	quinolinate synthase [EC:2.5.1.72]	COG0379	NadA	Quinolinate synthase	AG-422-N15_00585	-4
CACGON010000004.1	43805	44632	+	AG-422-N15_00582	AG-422-N15	275	OG0000370	K00767	nicotinate-nucleotide pyrophosphorylase (carboxylating) [EC:2.4.2.19]	COG0157	NadC	Nicotinate-nucleotide pyrophosphorylase	AG-422-N15_00585	-3
CACGON010000004.1	44634	47291	-	AG-422-N15_00583	AG-422-N15	885	OG0000798	K01006	pyruvate, orthophosphate dikinase [EC:2.7.9.1]	COG0574	PpsA	Phosphoenolpyruvate synthase/pyruvate phosphate dikinase	AG-422-N15_00585	-2
CACGON010000004.1	47288	49363	-	AG-422-N15_00584	AG-422-N15	691	OG0000882	K01879	glycyl-tRNA synthetase beta chain [EC:6.1.1.14]	COG0751	GlyS	Glycyl-tRNA synthetase, beta subunit	AG-422-N15_00585	-1
CACGON010000004.1	49363	50238	-	AG-422-N15_00585	AG-422-N15	291	OG0000870	K01878	glycyl-tRNA synthetase alpha chain [EC:6.1.1.14]	COG0752	GlyQ	Glycyl-tRNA synthetase, alpha subunit	AG-422-N15_00585	0
CACGON010000004.1	50228	51034	-	AG-422-N15_00586	AG-422-N15	268	OG0000623	K04773	protease IV [EC:3.4.21.-]	COG0616	SppA	Periplasmic serine protease, ClpP class	AG-422-N15_00585	1
CACGON010000004.1	51144	52157	+	AG-422-N15_00587	AG-422-N15	337	OG0000641	K02523	octaprenyl-diphosphate synthase [EC:2.5.1.90]	COG0142	IspA	Geranylgeranyl pyrophosphate synthase	AG-422-N15_00585	2
CACGON010000004.1	52154	52780	-	AG-422-N15_00588	AG-422-N15	208	OG0000522	K00275	pyridoxamine 5'-phosphate oxidase [EC:1.4.3.5]	COG0259	PdxH	Pyridoxine/pyridoxamine 5'-phosphate oxidase	AG-422-N15_00585	3
CACGON010000004.1	52814	53899	+	AG-422-N15_00589	AG-422-N15	361	OG0000279	K01736	chorismate synthase [EC:4.2.3.5]	COG0082	AroC	Chorismate synthase	AG-422-N15_00585	4
CACGON010000004.1	53896	55809	-	AG-422-N15_00590	AG-422-N15	637	OG0000041	K01662	1-deoxy-D-xylulose-5-phosphate synthase [EC:2.2.1.7]	COG1154	Dxs	Deoxyxylulose-5-phosphate synthase	AG-422-N15_00585	5
CACGTJ010000004.1	30294	32207	+	AG-426-C04_00427	AG-426-C04	637	OG0000041	K01662	1-deoxy-D-xylulose-5-phosphate synthase [EC:2.2.1.7]	COG1154	Dxs	Deoxyxylulose-5-phosphate synthase	AG-426-C04_00432	-5
CACGTJ010000004.1	32211	33296	-	AG-426-C04_00428	AG-426-C04	361	OG0000279	K01736	chorismate synthase [EC:4.2.3.5]	COG0082	AroC	Chorismate synthase	AG-426-C04_00432	-4
CACGTJ010000004.1	33330	33956	+	AG-426-C04_00429	AG-426-C04	208	OG0000522	K00275	pyridoxamine 5'-phosphate oxidase [EC:1.4.3.5]	COG0259	PdxH	Pyridoxine/pyridoxamine 5'-phosphate oxidase	AG-426-C04_00432	-3
CACGTJ010000004.1	33953	34966	-	AG-426-C04_00430	AG-426-C04	337	OG0000641	K02523	octaprenyl-diphosphate synthase [EC:2.5.1.90]	COG0142	IspA	Geranylgeranyl pyrophosphate synthase	AG-426-C04_00432	-2
CACGTJ010000004.1	35076	35882	+	AG-426-C04_00431	AG-426-C04	268	OG0000623	K04773	protease IV [EC:3.4.21.-]	COG0616	SppA	Periplasmic serine protease, ClpP class	AG-426-C04_00432	-1
CACGTJ010000004.1	35872	36753	+	AG-426-C04_00432	AG-426-C04	293	OG0000870	K01878	glycyl-tRNA synthetase alpha chain [EC:6.1.1.14]	COG0752	GlyQ	Glycyl-tRNA synthetase, alpha subunit	AG-426-C04_00432	0
CACGTJ010000004.1	36756	38825	+	AG-426-C04_00433	AG-426-C04	689	OG0000882	K01879	glycyl-tRNA synthetase beta chain [EC:6.1.1.14]	COG0751	GlyS	Glycyl-tRNA synthetase, beta subunit	AG-426-C04_00432	1
CACGTJ010000004.1	38825	41482	+	AG-426-C04_00434	AG-426-C04	885	OG0000798	K01006	pyruvate, orthophosphate dikinase [EC:2.7.9.1]	COG0574	PpsA	Phosphoenolpyruvate synthase/pyruvate phosphate dikinase	AG-426-C04_00432	2
CACGTJ010000004.1	41532	42368	-	AG-426-C04_00435	AG-426-C04	278	OG0000370	K00767	nicotinate-nucleotide pyrophosphorylase (carboxylating) [EC:2.4.2.19]	COG0157	NadC	Nicotinate-nucleotide pyrophosphorylase	AG-426-C04_00432	3
CACGTJ010000004.1	42374	43363	-	AG-426-C04_00436	AG-426-C04	329	OG0000316	K03517	quinolinate synthase [EC:2.5.1.72]	COG0379	NadA	Quinolinate synthase	AG-426-C04_00432	4
CACGTJ010000004.1	43510	43977	-	AG-426-C04_00438	AG-426-C04	155	OG0000131	K03564	thioredoxin-dependent peroxiredoxin [EC:1.11.1.24]	COG1225	Bcp	Peroxiredoxin	AG-426-C04_00432	5
CACGUZ010000003.1	115439	116326	+	AG-426-D09_00893	AG-426-D09	295	OG0000660	NA	NA	COG0354	YgfZ	Folate-binding protein YgfZ, synthesis and repair of Fe-S clusters, tRNA thiomethylation	AG-426-D09_00899	-5
CACGUZ010000003.1	116475	117464	+	AG-426-D09_00895	AG-426-D09	329	OG0000316	K03517	quinolinate synthase [EC:2.5.1.72]	COG0379	NadA	Quinolinate synthase	AG-426-D09_00899	-4
CACGUZ010000003.1	117471	118304	+	AG-426-D09_00896	AG-426-D09	277	OG0000370	K00767	nicotinate-nucleotide pyrophosphorylase (carboxylating) [EC:2.4.2.19]	COG0157	NadC	Nicotinate-nucleotide pyrophosphorylase	AG-426-D09_00899	-3
CACGUZ010000003.1	118325	120991	-	AG-426-D09_00897	AG-426-D09	888	OG0000798	K01006	pyruvate, orthophosphate dikinase [EC:2.7.9.1]	COG0574	PpsA	Phosphoenolpyruvate synthase/pyruvate phosphate dikinase	AG-426-D09_00899	-2
CACGUZ010000003.1	120984	123056	-	AG-426-D09_00898	AG-426-D09	690	OG0000882	K01879	glycyl-tRNA synthetase beta chain [EC:6.1.1.14]	COG0751	GlyS	Glycyl-tRNA synthetase, beta subunit	AG-426-D09_00899	-1
CACGUZ010000003.1	123058	123939	-	AG-426-D09_00899	AG-426-D09	293	OG0000870	K01878	glycyl-tRNA synthetase alpha chain [EC:6.1.1.14]	COG0752	GlyQ	Glycyl-tRNA synthetase, alpha subunit	AG-426-D09_00899	0
CACGUZ010000003.1	123929	124735	-	AG-426-D09_00900	AG-426-D09	268	OG0000623	K04773	protease IV [EC:3.4.21.-]	COG0616	SppA	Periplasmic serine protease, ClpP class	AG-426-D09_00899	1
CACGUZ010000003.1	124847	125860	+	AG-426-D09_00901	AG-426-D09	337	OG0000641	K02523	octaprenyl-diphosphate synthase [EC:2.5.1.90]	COG0142	IspA	Geranylgeranyl pyrophosphate synthase	AG-426-D09_00899	2
CACGUZ010000003.1	125857	126483	-	AG-426-D09_00902	AG-426-D09	208	OG0000522	K00275	pyridoxamine 5'-phosphate oxidase [EC:1.4.3.5]	COG0259	PdxH	Pyridoxine/pyridoxamine 5'-phosphate oxidase	AG-426-D09_00899	3
CACGUZ010000003.1	126517	127599	+	AG-426-D09_00903	AG-426-D09	360	OG0000279	K01736	chorismate synthase [EC:4.2.3.5]	COG0082	AroC	Chorismate synthase	AG-426-D09_00899	4
CACGUZ010000003.1	127596	129509	-	AG-426-D09_00904	AG-426-D09	637	OG0000041	K01662	1-deoxy-D-xylulose-5-phosphate synthase [EC:2.2.1.7]	COG1154	Dxs	Deoxyxylulose-5-phosphate synthase	AG-426-D09_00899	5
CACGWC010000001.1	8334	9284	-	AG-426-E13_00008	AG-426-E13	316	OG0000256	K03465	thymidylate synthase (FAD) [EC:2.1.1.148]	COG1351	ThyX	Thymidylate synthase ThyX, FAD-dependent family	AG-426-E13_00015	-5
CACGWC010000001.1	9747	10736	+	AG-426-E13_00011	AG-426-E13	329	OG0000316	K03517	quinolinate synthase [EC:2.5.1.72]	COG0379	NadA	Quinolinate synthase	AG-426-E13_00015	-4
CACGWC010000001.1	10742	11578	+	AG-426-E13_00012	AG-426-E13	278	OG0000370	K00767	nicotinate-nucleotide pyrophosphorylase (carboxylating) [EC:2.4.2.19]	COG0157	NadC	Nicotinate-nucleotide pyrophosphorylase	AG-426-E13_00015	-3
CACGWC010000001.1	11588	14245	-	AG-426-E13_00013	AG-426-E13	885	OG0000798	K01006	pyruvate, orthophosphate dikinase [EC:2.7.9.1]	COG0574	PpsA	Phosphoenolpyruvate synthase/pyruvate phosphate dikinase	AG-426-E13_00015	-2
CACGWC010000001.1	14246	16309	-	AG-426-E13_00014	AG-426-E13	687	OG0000882	K01879	glycyl-tRNA synthetase beta chain [EC:6.1.1.14]	COG0751	GlyS	Glycyl-tRNA synthetase, beta subunit	AG-426-E13_00015	-1
CACGWC010000001.1	16311	17195	-	AG-426-E13_00015	AG-426-E13	294	OG0000870	K01878	glycyl-tRNA synthetase alpha chain [EC:6.1.1.14]	COG0752	GlyQ	Glycyl-tRNA synthetase, alpha subunit	AG-426-E13_00015	0
CACGWC010000001.1	17185	17991	-	AG-426-E13_00016	AG-426-E13	268	OG0000623	K04773	protease IV [EC:3.4.21.-]	COG0616	SppA	Periplasmic serine protease, ClpP class	AG-426-E13_00015	1
CACGWC010000001.1	18100	19113	+	AG-426-E13_00017	AG-426-E13	337	OG0000641	K02523	octaprenyl-diphosphate synthase [EC:2.5.1.90]	COG0142	IspA	Geranylgeranyl pyrophosphate synthase	AG-426-E13_00015	2
CACGWC010000001.1	19110	19733	-	AG-426-E13_00018	AG-426-E13	207	OG0000522	K00275	pyridoxamine 5'-phosphate oxidase [EC:1.4.3.5]	COG0259	PdxH	Pyridoxine/pyridoxamine 5'-phosphate oxidase	AG-426-E13_00015	3
CACGWC010000001.1	19766	20851	+	AG-426-E13_00019	AG-426-E13	361	OG0000279	K01736	chorismate synthase [EC:4.2.3.5]	COG0082	AroC	Chorismate synthase	AG-426-E13_00015	4
CACGWC010000001.1	20848	22758	-	AG-426-E13_00020	AG-426-E13	636	OG0000041	K01662	1-deoxy-D-xylulose-5-phosphate synthase [EC:2.2.1.7]	COG1154	Dxs	Deoxyxylulose-5-phosphate synthase	AG-426-E13_00015	5
CACGWU010000001.1	641795	643702	+	AG-426-E17_00689	AG-426-E17	635	OG0000041	K01662	1-deoxy-D-xylulose-5-phosphate synthase [EC:2.2.1.7]	COG1154	Dxs	Deoxyxylulose-5-phosphate synthase	AG-426-E17_00694	-5
CACGWU010000001.1	643699	644784	-	AG-426-E17_00690	AG-426-E17	361	OG0000279	K01736	chorismate synthase [EC:4.2.3.5]	COG0082	AroC	Chorismate synthase	AG-426-E17_00694	-4
CACGWU010000001.1	644817	645440	+	AG-426-E17_00691	AG-426-E17	207	OG0000522	K00275	pyridoxamine 5'-phosphate oxidase [EC:1.4.3.5]	COG0259	PdxH	Pyridoxine/pyridoxamine 5'-phosphate oxidase	AG-426-E17_00694	-3
CACGWU010000001.1	645437	646450	-	AG-426-E17_00692	AG-426-E17	337	OG0000641	K02523	octaprenyl-diphosphate synthase [EC:2.5.1.90]	COG0142	IspA	Geranylgeranyl pyrophosphate synthase	AG-426-E17_00694	-2
CACGWU010000001.1	646561	647367	+	AG-426-E17_00693	AG-426-E17	268	OG0000623	K04773	protease IV [EC:3.4.21.-]	COG0616	SppA	Periplasmic serine protease, ClpP class	AG-426-E17_00694	-1
CACGWU010000001.1	647357	648229	+	AG-426-E17_00694	AG-426-E17	290	OG0000870	K01878	glycyl-tRNA synthetase alpha chain [EC:6.1.1.14]	COG0752	GlyQ	Glycyl-tRNA synthetase, alpha subunit	AG-426-E17_00694	0
CACGWU010000001.1	648238	650307	+	AG-426-E17_00695	AG-426-E17	689	OG0000882	K01879	glycyl-tRNA synthetase beta chain [EC:6.1.1.14]	COG0751	GlyS	Glycyl-tRNA synthetase, beta subunit	AG-426-E17_00694	1
CACGWU010000001.1	650307	652970	+	AG-426-E17_00696	AG-426-E17	887	OG0000798	K01006	pyruvate, orthophosphate dikinase [EC:2.7.9.1]	COG0574	PpsA	Phosphoenolpyruvate synthase/pyruvate phosphate dikinase	AG-426-E17_00694	2
CACGWU010000001.1	652960	653790	-	AG-426-E17_00697	AG-426-E17	276	OG0000370	K00767	nicotinate-nucleotide pyrophosphorylase (carboxylating) [EC:2.4.2.19]	COG0157	NadC	Nicotinate-nucleotide pyrophosphorylase	AG-426-E17_00694	3
CACGWU010000001.1	653795	654784	-	AG-426-E17_00698	AG-426-E17	329	OG0000316	K03517	quinolinate synthase [EC:2.5.1.72]	COG0379	NadA	Quinolinate synthase	AG-426-E17_00694	4
CACGWU010000001.1	654931	655824	-	AG-426-E17_00700	AG-426-E17	297	OG0000660	NA	NA	COG0354	YgfZ	Folate-binding protein YgfZ, synthesis and repair of Fe-S clusters, tRNA thiomethylation	AG-426-E17_00694	5
CACGXV010000002.1	38263	39210	-	AG-426-F15_00579	AG-426-F15	315	OG0000256	K03465	thymidylate synthase (FAD) [EC:2.1.1.148]	COG1351	ThyX	Thymidylate synthase ThyX, FAD-dependent family	AG-426-F15_00586	-5
CACGXV010000002.1	39678	40667	+	AG-426-F15_00582	AG-426-F15	329	OG0000316	K03517	quinolinate synthase [EC:2.5.1.72]	COG0379	NadA	Quinolinate synthase	AG-426-F15_00586	-4
CACGXV010000002.1	40673	41509	+	AG-426-F15_00583	AG-426-F15	278	OG0000370	K00767	nicotinate-nucleotide pyrophosphorylase (carboxylating) [EC:2.4.2.19]	COG0157	NadC	Nicotinate-nucleotide pyrophosphorylase	AG-426-F15_00586	-3
CACGXV010000002.1	41506	44166	-	AG-426-F15_00584	AG-426-F15	886	OG0000798	K01006	pyruvate, orthophosphate dikinase [EC:2.7.9.1]	COG0574	PpsA	Phosphoenolpyruvate synthase/pyruvate phosphate dikinase	AG-426-F15_00586	-2
CACGXV010000002.1	44168	46231	-	AG-426-F15_00585	AG-426-F15	687	OG0000882	K01879	glycyl-tRNA synthetase beta chain [EC:6.1.1.14]	COG0751	GlyS	Glycyl-tRNA synthetase, beta subunit	AG-426-F15_00586	-1
CACGXV010000002.1	46231	47103	-	AG-426-F15_00586	AG-426-F15	290	OG0000870	K01878	glycyl-tRNA synthetase alpha chain [EC:6.1.1.14]	COG0752	GlyQ	Glycyl-tRNA synthetase, alpha subunit	AG-426-F15_00586	0
CACGXV010000002.1	47093	47902	-	AG-426-F15_00587	AG-426-F15	269	OG0000623	K04773	protease IV [EC:3.4.21.-]	COG0616	SppA	Periplasmic serine protease, ClpP class	AG-426-F15_00586	1
CACGXV010000002.1	48014	49027	+	AG-426-F15_00588	AG-426-F15	337	OG0000641	K02523	octaprenyl-diphosphate synthase [EC:2.5.1.90]	COG0142	IspA	Geranylgeranyl pyrophosphate synthase	AG-426-F15_00586	2
CACGXV010000002.1	48995	49648	-	AG-426-F15_00589	AG-426-F15	217	OG0000522	K00275	pyridoxamine 5'-phosphate oxidase [EC:1.4.3.5]	COG0259	PdxH	Pyridoxine/pyridoxamine 5'-phosphate oxidase	AG-426-F15_00586	3
CACGXV010000002.1	49681	50766	+	AG-426-F15_00590	AG-426-F15	361	OG0000279	K01736	chorismate synthase [EC:4.2.3.5]	COG0082	AroC	Chorismate synthase	AG-426-F15_00586	4
CACGXV010000002.1	50763	51590	-	AG-426-F15_00591	AG-426-F15	275	OG0000041	K01662	1-deoxy-D-xylulose-5-phosphate synthase [EC:2.2.1.7]	COG1154	Dxs	Deoxyxylulose-5-phosphate synthase	AG-426-F15_00586	5
CACGYT010000007.1	5050	5997	-	AG-426-G09_00576	AG-426-G09	315	OG0000256	K03465	thymidylate synthase (FAD) [EC:2.1.1.148]	COG1351	ThyX	Thymidylate synthase ThyX, FAD-dependent family	AG-426-G09_00583	-5
CACGYT010000007.1	6472	7461	+	AG-426-G09_00579	AG-426-G09	329	OG0000316	K03517	quinolinate synthase [EC:2.5.1.72]	COG0379	NadA	Quinolinate synthase	AG-426-G09_00583	-4
CACGYT010000007.1	7466	8293	+	AG-426-G09_00580	AG-426-G09	275	OG0000370	K00767	nicotinate-nucleotide pyrophosphorylase (carboxylating) [EC:2.4.2.19]	COG0157	NadC	Nicotinate-nucleotide pyrophosphorylase	AG-426-G09_00583	-3
CACGYT010000007.1	8297	10954	-	AG-426-G09_00581	AG-426-G09	885	OG0000798	K01006	pyruvate, orthophosphate dikinase [EC:2.7.9.1]	COG0574	PpsA	Phosphoenolpyruvate synthase/pyruvate phosphate dikinase	AG-426-G09_00583	-2
CACGYT010000007.1	10955	13021	-	AG-426-G09_00582	AG-426-G09	688	OG0000882	K01879	glycyl-tRNA synthetase beta chain [EC:6.1.1.14]	COG0751	GlyS	Glycyl-tRNA synthetase, beta subunit	AG-426-G09_00583	-1
CACGYT010000007.1	13023	13904	-	AG-426-G09_00583	AG-426-G09	293	OG0000870	K01878	glycyl-tRNA synthetase alpha chain [EC:6.1.1.14]	COG0752	GlyQ	Glycyl-tRNA synthetase, alpha subunit	AG-426-G09_00583	0
CACGYT010000007.1	13894	14703	-	AG-426-G09_00584	AG-426-G09	269	OG0000623	K04773	protease IV [EC:3.4.21.-]	COG0616	SppA	Periplasmic serine protease, ClpP class	AG-426-G09_00583	1
CACGYT010000007.1	14813	15826	+	AG-426-G09_00585	AG-426-G09	337	OG0000641	K02523	octaprenyl-diphosphate synthase [EC:2.5.1.90]	COG0142	IspA	Geranylgeranyl pyrophosphate synthase	AG-426-G09_00583	2
CACGYT010000007.1	15823	16446	-	AG-426-G09_00586	AG-426-G09	207	OG0000522	K00275	pyridoxamine 5'-phosphate oxidase [EC:1.4.3.5]	COG0259	PdxH	Pyridoxine/pyridoxamine 5'-phosphate oxidase	AG-426-G09_00583	3
CACGYT010000007.1	16480	17565	+	AG-426-G09_00587	AG-426-G09	361	OG0000279	K01736	chorismate synthase [EC:4.2.3.5]	COG0082	AroC	Chorismate synthase	AG-426-G09_00583	4
CACGYT010000007.1	17562	19472	-	AG-426-G09_00588	AG-426-G09	636	OG0000041	K01662	1-deoxy-D-xylulose-5-phosphate synthase [EC:2.2.1.7]	COG1154	Dxs	Deoxyxylulose-5-phosphate synthase	AG-426-G09_00583	5
CACGZG010000006.1	27604	28491	+	AG-426-I10_00703	AG-426-I10	295	OG0000660	NA	NA	COG0354	YgfZ	Folate-binding protein YgfZ, synthesis and repair of Fe-S clusters, tRNA thiomethylation	AG-426-I10_00709	-5
CACGZG010000006.1	28644	29633	+	AG-426-I10_00705	AG-426-I10	329	OG0000316	K03517	quinolinate synthase [EC:2.5.1.72]	COG0379	NadA	Quinolinate synthase	AG-426-I10_00709	-4
CACGZG010000006.1	29640	30473	+	AG-426-I10_00706	AG-426-I10	277	OG0000370	K00767	nicotinate-nucleotide pyrophosphorylase (carboxylating) [EC:2.4.2.19]	COG0157	NadC	Nicotinate-nucleotide pyrophosphorylase	AG-426-I10_00709	-3
CACGZG010000006.1	30487	33153	-	AG-426-I10_00707	AG-426-I10	888	OG0000798	K01006	pyruvate, orthophosphate dikinase [EC:2.7.9.1]	COG0574	PpsA	Phosphoenolpyruvate synthase/pyruvate phosphate dikinase	AG-426-I10_00709	-2
CACGZG010000006.1	33146	35218	-	AG-426-I10_00708	AG-426-I10	690	OG0000882	K01879	glycyl-tRNA synthetase beta chain [EC:6.1.1.14]	COG0751	GlyS	Glycyl-tRNA synthetase, beta subunit	AG-426-I10_00709	-1
CACGZG010000006.1	35220	36098	-	AG-426-I10_00709	AG-426-I10	292	OG0000870	K01878	glycyl-tRNA synthetase alpha chain [EC:6.1.1.14]	COG0752	GlyQ	Glycyl-tRNA synthetase, alpha subunit	AG-426-I10_00709	0
CACGZG010000006.1	36088	36894	-	AG-426-I10_00710	AG-426-I10	268	OG0000623	K04773	protease IV [EC:3.4.21.-]	COG0616	SppA	Periplasmic serine protease, ClpP class	AG-426-I10_00709	1
CACGZG010000006.1	37009	38022	+	AG-426-I10_00711	AG-426-I10	337	OG0000641	K02523	octaprenyl-diphosphate synthase [EC:2.5.1.90]	COG0142	IspA	Geranylgeranyl pyrophosphate synthase	AG-426-I10_00709	2
CACGZG010000006.1	38019	38642	-	AG-426-I10_00712	AG-426-I10	207	OG0000522	K00275	pyridoxamine 5'-phosphate oxidase [EC:1.4.3.5]	COG0259	PdxH	Pyridoxine/pyridoxamine 5'-phosphate oxidase	AG-426-I10_00709	3
CACGZG010000006.1	38676	39758	+	AG-426-I10_00713	AG-426-I10	360	OG0000279	K01736	chorismate synthase [EC:4.2.3.5]	COG0082	AroC	Chorismate synthase	AG-426-I10_00709	4
CACGZG010000006.1	39782	40522	-	AG-426-I10_00714	AG-426-I10	246	OG0000787	NA	NA	COG2062	SixA	Phosphohistidine phosphatase SixA	AG-426-I10_00709	5
CACGZT010000013.1	255	887	+	AG-426-I15_01052	AG-426-I15	210	OG0000522	K00275	pyridoxamine 5'-phosphate oxidase [EC:1.4.3.5]	COG0259	PdxH	Pyridoxine/pyridoxamine 5'-phosphate oxidase	AG-426-I15_01055	-3
CACGZT010000013.1	884	1897	-	AG-426-I15_01053	AG-426-I15	337	OG0000641	K02523	octaprenyl-diphosphate synthase [EC:2.5.1.90]	COG0142	IspA	Geranylgeranyl pyrophosphate synthase	AG-426-I15_01055	-2
CACGZT010000013.1	2026	2838	+	AG-426-I15_01054	AG-426-I15	270	OG0000623	K04773	protease IV [EC:3.4.21.-]	COG0616	SppA	Periplasmic serine protease, ClpP class	AG-426-I15_01055	-1
CACGZT010000013.1	2839	3723	+	AG-426-I15_01055	AG-426-I15	294	OG0000870	K01878	glycyl-tRNA synthetase alpha chain [EC:6.1.1.14]	COG0752	GlyQ	Glycyl-tRNA synthetase, alpha subunit	AG-426-I15_01055	0
CACHML010000002.1	66850	67797	-	AG-426-K09_00217	AG-426-K09	315	OG0000256	K03465	thymidylate synthase (FAD) [EC:2.1.1.148]	COG1351	ThyX	Thymidylate synthase ThyX, FAD-dependent family	AG-426-K09_00224	-5
CACHML010000002.1	68268	69257	+	AG-426-K09_00220	AG-426-K09	329	OG0000316	K03517	quinolinate synthase [EC:2.5.1.72]	COG0379	NadA	Quinolinate synthase	AG-426-K09_00224	-4
CACHML010000002.1	69263	70099	+	AG-426-K09_00221	AG-426-K09	278	OG0000370	K00767	nicotinate-nucleotide pyrophosphorylase (carboxylating) [EC:2.4.2.19]	COG0157	NadC	Nicotinate-nucleotide pyrophosphorylase	AG-426-K09_00224	-3
CACHML010000002.1	70096	72756	-	AG-426-K09_00222	AG-426-K09	886	OG0000798	K01006	pyruvate, orthophosphate dikinase [EC:2.7.9.1]	COG0574	PpsA	Phosphoenolpyruvate synthase/pyruvate phosphate dikinase	AG-426-K09_00224	-2
CACHML010000002.1	72758	74821	-	AG-426-K09_00223	AG-426-K09	687	OG0000882	K01879	glycyl-tRNA synthetase beta chain [EC:6.1.1.14]	COG0751	GlyS	Glycyl-tRNA synthetase, beta subunit	AG-426-K09_00224	-1
CACHML010000002.1	74821	75693	-	AG-426-K09_00224	AG-426-K09	290	OG0000870	K01878	glycyl-tRNA synthetase alpha chain [EC:6.1.1.14]	COG0752	GlyQ	Glycyl-tRNA synthetase, alpha subunit	AG-426-K09_00224	0
CACHML010000002.1	75683	76492	-	AG-426-K09_00225	AG-426-K09	269	OG0000623	K04773	protease IV [EC:3.4.21.-]	COG0616	SppA	Periplasmic serine protease, ClpP class	AG-426-K09_00224	1
CACHML010000002.1	76603	77616	+	AG-426-K09_00226	AG-426-K09	337	OG0000641	K02523	octaprenyl-diphosphate synthase [EC:2.5.1.90]	COG0142	IspA	Geranylgeranyl pyrophosphate synthase	AG-426-K09_00224	2
CACHML010000002.1	77613	78236	-	AG-426-K09_00227	AG-426-K09	207	OG0000522	K00275	pyridoxamine 5'-phosphate oxidase [EC:1.4.3.5]	COG0259	PdxH	Pyridoxine/pyridoxamine 5'-phosphate oxidase	AG-426-K09_00224	3
CACHML010000002.1	78269	79354	+	AG-426-K09_00228	AG-426-K09	361	OG0000279	K01736	chorismate synthase [EC:4.2.3.5]	COG0082	AroC	Chorismate synthase	AG-426-K09_00224	4
CACHML010000002.1	79351	81264	-	AG-426-K09_00229	AG-426-K09	637	OG0000041	K01662	1-deoxy-D-xylulose-5-phosphate synthase [EC:2.2.1.7]	COG1154	Dxs	Deoxyxylulose-5-phosphate synthase	AG-426-K09_00224	5
CACHEQ010000021.1	924	1730	+	AG-426-M19_01342	AG-426-M19	268	OG0000623	K04773	protease IV [EC:3.4.21.-]	COG0616	SppA	Periplasmic serine protease, ClpP class	AG-426-M19_01343	-1
CACHEQ010000021.1	1720	2604	+	AG-426-M19_01343	AG-426-M19	294	OG0000870	K01878	glycyl-tRNA synthetase alpha chain [EC:6.1.1.14]	COG0752	GlyQ	Glycyl-tRNA synthetase, alpha subunit	AG-426-M19_01343	0
CACHEU010000002.1	42406	44322	+	AG-426-O05_00455	AG-426-O05	638	OG0000041	K01662	1-deoxy-D-xylulose-5-phosphate synthase [EC:2.2.1.7]	COG1154	Dxs	Deoxyxylulose-5-phosphate synthase	AG-426-O05_00460	-5
CACHEU010000002.1	44319	45386	-	AG-426-O05_00456	AG-426-O05	355	OG0000279	K01736	chorismate synthase [EC:4.2.3.5]	COG0082	AroC	Chorismate synthase	AG-426-O05_00460	-4
CACHEU010000002.1	45437	46069	+	AG-426-O05_00457	AG-426-O05	210	OG0000522	K00275	pyridoxamine 5'-phosphate oxidase [EC:1.4.3.5]	COG0259	PdxH	Pyridoxine/pyridoxamine 5'-phosphate oxidase	AG-426-O05_00460	-3
CACHEU010000002.1	46066	47079	-	AG-426-O05_00458	AG-426-O05	337	OG0000641	K02523	octaprenyl-diphosphate synthase [EC:2.5.1.90]	COG0142	IspA	Geranylgeranyl pyrophosphate synthase	AG-426-O05_00460	-2
CACHEU010000002.1	47225	48037	+	AG-426-O05_00459	AG-426-O05	270	OG0000623	K04773	protease IV [EC:3.4.21.-]	COG0616	SppA	Periplasmic serine protease, ClpP class	AG-426-O05_00460	-1
CACHEU010000002.1	48038	48922	+	AG-426-O05_00460	AG-426-O05	294	OG0000870	K01878	glycyl-tRNA synthetase alpha chain [EC:6.1.1.14]	COG0752	GlyQ	Glycyl-tRNA synthetase, alpha subunit	AG-426-O05_00460	0
CACHEU010000002.1	48923	50977	+	AG-426-O05_00461	AG-426-O05	684	OG0000882	K01879	glycyl-tRNA synthetase beta chain [EC:6.1.1.14]	COG0751	GlyS	Glycyl-tRNA synthetase, beta subunit	AG-426-O05_00460	1
CACHEU010000002.1	50977	53637	+	AG-426-O05_00462	AG-426-O05	886	OG0000798	K01006	pyruvate, orthophosphate dikinase [EC:2.7.9.1]	COG0574	PpsA	Phosphoenolpyruvate synthase/pyruvate phosphate dikinase	AG-426-O05_00460	2
CACHEU010000002.1	53627	54463	-	AG-426-O05_00463	AG-426-O05	278	OG0000370	K00767	nicotinate-nucleotide pyrophosphorylase (carboxylating) [EC:2.4.2.19]	COG0157	NadC	Nicotinate-nucleotide pyrophosphorylase	AG-426-O05_00460	3
CACHEU010000002.1	54470	55459	-	AG-426-O05_00464	AG-426-O05	329	OG0000316	K03517	quinolinate synthase [EC:2.5.1.72]	COG0379	NadA	Quinolinate synthase	AG-426-O05_00460	4
CACHEU010000002.1	55703	55885	+	AG-426-O05_00466	AG-426-O05	60	OG0001099	NA	NA	NA	NA	NA	AG-426-O05_00460	5
CACHEF010000003.1	121457	122281	+	AG-426-P08_00634	AG-426-P08	274	OG0000361	K03593	ATP-binding protein involved in chromosome partitioning	COG0489	Mrp	Fe-S cluster carrier ATPase, Mrp/ApbC/NBP35 family	AG-426-P08_00640	-5
CACHEF010000003.1	122262	123209	-	AG-426-P08_00635	AG-426-P08	315	OG0000256	K03465	thymidylate synthase (FAD) [EC:2.1.1.148]	COG1351	ThyX	Thymidylate synthase ThyX, FAD-dependent family	AG-426-P08_00640	-4
CACHEF010000003.1	123224	124483	-	AG-426-P08_00636	AG-426-P08	419	OG0001144	NA	NA	COG2133	YliI	Glucose/arabinose dehydrogenase, beta-propeller fold	AG-426-P08_00640	-3
CACHEF010000003.1	124789	127449	-	AG-426-P08_00638	AG-426-P08	886	OG0000798	K01006	pyruvate, orthophosphate dikinase [EC:2.7.9.1]	COG0574	PpsA	Phosphoenolpyruvate synthase/pyruvate phosphate dikinase	AG-426-P08_00640	-2
CACHEF010000003.1	127442	129514	-	AG-426-P08_00639	AG-426-P08	690	OG0000882	K01879	glycyl-tRNA synthetase beta chain [EC:6.1.1.14]	COG0751	GlyS	Glycyl-tRNA synthetase, beta subunit	AG-426-P08_00640	-1
CACHEF010000003.1	129521	130429	-	AG-426-P08_00640	AG-426-P08	302	OG0000870	K01878	glycyl-tRNA synthetase alpha chain [EC:6.1.1.14]	COG0752	GlyQ	Glycyl-tRNA synthetase, alpha subunit	AG-426-P08_00640	0
CACHEF010000003.1	130395	131201	-	AG-426-P08_00641	AG-426-P08	268	OG0000623	K04773	protease IV [EC:3.4.21.-]	COG0616	SppA	Periplasmic serine protease, ClpP class	AG-426-P08_00640	1
CACHEF010000003.1	131316	132329	+	AG-426-P08_00642	AG-426-P08	337	OG0000641	K02523	octaprenyl-diphosphate synthase [EC:2.5.1.90]	COG0142	IspA	Geranylgeranyl pyrophosphate synthase	AG-426-P08_00640	2
CACHEF010000003.1	132326	132484	-	AG-426-P08_00643	AG-426-P08	52	OG0000522	K00275	pyridoxamine 5'-phosphate oxidase [EC:1.4.3.5]	COG0259	PdxH	Pyridoxine/pyridoxamine 5'-phosphate oxidase	AG-426-P08_00640	3
CACHEF010000003.1	132465	132953	-	AG-426-P08_00644	AG-426-P08	162	OG0000522	K00275	pyridoxamine 5'-phosphate oxidase [EC:1.4.3.5]	COG0259	PdxH	Pyridoxine/pyridoxamine 5'-phosphate oxidase	AG-426-P08_00640	4
CACHEF010000003.1	132987	134072	+	AG-426-P08_00645	AG-426-P08	361	OG0000279	K01736	chorismate synthase [EC:4.2.3.5]	COG0082	AroC	Chorismate synthase	AG-426-P08_00640	5
CACHFM010000006.1	14776	15879	-	AG-430-A11_00679	AG-430-A11	367	OG0000394	K04088	modulator of FtsH protease HflK	COG0330	HflC	Regulator of protease activity HflC, stomatin/prohibitin superfamily	AG-430-A11_00685	-5
CACHFM010000006.1	15931	16755	+	AG-430-A11_00680	AG-430-A11	274	OG0000361	K03593	ATP-binding protein involved in chromosome partitioning	COG0489	Mrp	Fe-S cluster carrier ATPase, Mrp/ApbC/NBP35 family	AG-430-A11_00685	-4
CACHFM010000006.1	16736	17683	-	AG-430-A11_00681	AG-430-A11	315	OG0000256	K03465	thymidylate synthase (FAD) [EC:2.1.1.148]	COG1351	ThyX	Thymidylate synthase ThyX, FAD-dependent family	AG-430-A11_00685	-3
CACHFM010000006.1	17996	20662	-	AG-430-A11_00683	AG-430-A11	888	OG0000798	K01006	pyruvate, orthophosphate dikinase [EC:2.7.9.1]	COG0574	PpsA	Phosphoenolpyruvate synthase/pyruvate phosphate dikinase	AG-430-A11_00685	-2
CACHFM010000006.1	20659	22728	-	AG-430-A11_00684	AG-430-A11	689	OG0000882	K01879	glycyl-tRNA synthetase beta chain [EC:6.1.1.14]	COG0751	GlyS	Glycyl-tRNA synthetase, beta subunit	AG-430-A11_00685	-1
CACHFM010000006.1	22729	23610	-	AG-430-A11_00685	AG-430-A11	293	OG0000870	K01878	glycyl-tRNA synthetase alpha chain [EC:6.1.1.14]	COG0752	GlyQ	Glycyl-tRNA synthetase, alpha subunit	AG-430-A11_00685	0
CACHFM010000006.1	23600	24406	-	AG-430-A11_00686	AG-430-A11	268	OG0000623	K04773	protease IV [EC:3.4.21.-]	COG0616	SppA	Periplasmic serine protease, ClpP class	AG-430-A11_00685	1
CACHFM010000006.1	24521	25534	+	AG-430-A11_00687	AG-430-A11	337	OG0000641	K02523	octaprenyl-diphosphate synthase [EC:2.5.1.90]	COG0142	IspA	Geranylgeranyl pyrophosphate synthase	AG-430-A11_00685	2
CACHFM010000006.1	25531	26157	-	AG-430-A11_00688	AG-430-A11	208	OG0000522	K00275	pyridoxamine 5'-phosphate oxidase [EC:1.4.3.5]	COG0259	PdxH	Pyridoxine/pyridoxamine 5'-phosphate oxidase	AG-430-A11_00685	3
CACHFM010000006.1	26191	27273	+	AG-430-A11_00689	AG-430-A11	360	OG0000279	K01736	chorismate synthase [EC:4.2.3.5]	COG0082	AroC	Chorismate synthase	AG-430-A11_00685	4
CACHFM010000006.1	27282	29198	-	AG-430-A11_00690	AG-430-A11	638	OG0000041	K01662	1-deoxy-D-xylulose-5-phosphate synthase [EC:2.2.1.7]	COG1154	Dxs	Deoxyxylulose-5-phosphate synthase	AG-430-A11_00685	5
CACHIV010000010.1	14823	16736	+	AG-430-B09_01081	AG-430-B09	637	OG0000041	K01662	1-deoxy-D-xylulose-5-phosphate synthase [EC:2.2.1.7]	COG1154	Dxs	Deoxyxylulose-5-phosphate synthase	AG-430-B09_01086	-5
CACHIV010000010.1	16749	17831	-	AG-430-B09_01082	AG-430-B09	360	OG0000279	K01736	chorismate synthase [EC:4.2.3.5]	COG0082	AroC	Chorismate synthase	AG-430-B09_01086	-4
CACHIV010000010.1	17865	18491	+	AG-430-B09_01083	AG-430-B09	208	OG0000522	K00275	pyridoxamine 5'-phosphate oxidase [EC:1.4.3.5]	COG0259	PdxH	Pyridoxine/pyridoxamine 5'-phosphate oxidase	AG-430-B09_01086	-3
CACHIV010000010.1	18488	19501	-	AG-430-B09_01084	AG-430-B09	337	OG0000641	K02523	octaprenyl-diphosphate synthase [EC:2.5.1.90]	COG0142	IspA	Geranylgeranyl pyrophosphate synthase	AG-430-B09_01086	-2
CACHIV010000010.1	19612	20424	+	AG-430-B09_01085	AG-430-B09	270	OG0000623	K04773	protease IV [EC:3.4.21.-]	COG0616	SppA	Periplasmic serine protease, ClpP class	AG-430-B09_01086	-1
CACHIV010000010.1	20425	21321	+	AG-430-B09_01086	AG-430-B09	298	OG0000870	K01878	glycyl-tRNA synthetase alpha chain [EC:6.1.1.14]	COG0752	GlyQ	Glycyl-tRNA synthetase, alpha subunit	AG-430-B09_01086	0
CACHIV010000010.1	21321	23387	+	AG-430-B09_01087	AG-430-B09	688	OG0000882	K01879	glycyl-tRNA synthetase beta chain [EC:6.1.1.14]	COG0751	GlyS	Glycyl-tRNA synthetase, beta subunit	AG-430-B09_01086	1
CACHIV010000010.1	23387	26050	+	AG-430-B09_01088	AG-430-B09	887	OG0000798	K01006	pyruvate, orthophosphate dikinase [EC:2.7.9.1]	COG0574	PpsA	Phosphoenolpyruvate synthase/pyruvate phosphate dikinase	AG-430-B09_01086	2
CACHIV010000010.1	26047	26880	-	AG-430-B09_01089	AG-430-B09	277	OG0000370	K00767	nicotinate-nucleotide pyrophosphorylase (carboxylating) [EC:2.4.2.19]	COG0157	NadC	Nicotinate-nucleotide pyrophosphorylase	AG-430-B09_01086	3
CACHIV010000010.1	26885	27874	-	AG-430-B09_01090	AG-430-B09	329	OG0000316	K03517	quinolinate synthase [EC:2.5.1.72]	COG0379	NadA	Quinolinate synthase	AG-430-B09_01086	4
CACHIV010000010.1	27927	28814	-	AG-430-B09_01091	AG-430-B09	295	OG0000660	NA	NA	COG0354	YgfZ	Folate-binding protein YgfZ, synthesis and repair of Fe-S clusters, tRNA thiomethylation	AG-430-B09_01086	5
CACHIY010000006.1	57770	59686	+	AG-430-E20_01140	AG-430-E20	638	OG0000041	K01662	1-deoxy-D-xylulose-5-phosphate synthase [EC:2.2.1.7]	COG1154	Dxs	Deoxyxylulose-5-phosphate synthase	AG-430-E20_01145	-5
CACHIY010000006.1	59693	60775	-	AG-430-E20_01141	AG-430-E20	360	OG0000279	K01736	chorismate synthase [EC:4.2.3.5]	COG0082	AroC	Chorismate synthase	AG-430-E20_01145	-4
CACHIY010000006.1	60810	61436	+	AG-430-E20_01142	AG-430-E20	208	OG0000522	K00275	pyridoxamine 5'-phosphate oxidase [EC:1.4.3.5]	COG0259	PdxH	Pyridoxine/pyridoxamine 5'-phosphate oxidase	AG-430-E20_01145	-3
CACHIY010000006.1	61433	62446	-	AG-430-E20_01143	AG-430-E20	337	OG0000641	K02523	octaprenyl-diphosphate synthase [EC:2.5.1.90]	COG0142	IspA	Geranylgeranyl pyrophosphate synthase	AG-430-E20_01145	-2
CACHIY010000006.1	62561	63364	+	AG-430-E20_01144	AG-430-E20	267	OG0000623	K04773	protease IV [EC:3.4.21.-]	COG0616	SppA	Periplasmic serine protease, ClpP class	AG-430-E20_01145	-1
CACHIY010000006.1	63354	64244	+	AG-430-E20_01145	AG-430-E20	296	OG0000870	K01878	glycyl-tRNA synthetase alpha chain [EC:6.1.1.14]	COG0752	GlyQ	Glycyl-tRNA synthetase, alpha subunit	AG-430-E20_01145	0
CACHIY010000006.1	64247	66316	+	AG-430-E20_01146	AG-430-E20	689	OG0000882	K01879	glycyl-tRNA synthetase beta chain [EC:6.1.1.14]	COG0751	GlyS	Glycyl-tRNA synthetase, beta subunit	AG-430-E20_01145	1
CACHIY010000006.1	66313	68970	+	AG-430-E20_01147	AG-430-E20	885	OG0000798	K01006	pyruvate, orthophosphate dikinase [EC:2.7.9.1]	COG0574	PpsA	Phosphoenolpyruvate synthase/pyruvate phosphate dikinase	AG-430-E20_01145	2
CACHIY010000006.1	69161	70231	+	AG-430-E20_01149	AG-430-E20	356	OG0000256	K03465	thymidylate synthase (FAD) [EC:2.1.1.148]	COG1351	ThyX	Thymidylate synthase ThyX, FAD-dependent family	AG-430-E20_01145	3
CACHIY010000006.1	70212	71036	-	AG-430-E20_01150	AG-430-E20	274	OG0000361	K03593	ATP-binding protein involved in chromosome partitioning	COG0489	Mrp	Fe-S cluster carrier ATPase, Mrp/ApbC/NBP35 family	AG-430-E20_01145	4
CACHIY010000006.1	71088	72191	+	AG-430-E20_01151	AG-430-E20	367	OG0000394	K04088	modulator of FtsH protease HflK	COG0330	HflC	Regulator of protease activity HflC, stomatin/prohibitin superfamily	AG-430-E20_01145	5
CACHPL010000002.1	74767	76683	+	AG-430-F03_00657	AG-430-F03	638	OG0000041	K01662	1-deoxy-D-xylulose-5-phosphate synthase [EC:2.2.1.7]	COG1154	Dxs	Deoxyxylulose-5-phosphate synthase	AG-430-F03_00662	-5
CACHPL010000002.1	76680	77762	-	AG-430-F03_00658	AG-430-F03	360	OG0000279	K01736	chorismate synthase [EC:4.2.3.5]	COG0082	AroC	Chorismate synthase	AG-430-F03_00662	-4
CACHPL010000002.1	77797	78429	+	AG-430-F03_00659	AG-430-F03	210	OG0000522	K00275	pyridoxamine 5'-phosphate oxidase [EC:1.4.3.5]	COG0259	PdxH	Pyridoxine/pyridoxamine 5'-phosphate oxidase	AG-430-F03_00662	-3
CACHPL010000002.1	78426	79439	-	AG-430-F03_00660	AG-430-F03	337	OG0000641	K02523	octaprenyl-diphosphate synthase [EC:2.5.1.90]	COG0142	IspA	Geranylgeranyl pyrophosphate synthase	AG-430-F03_00662	-2
CACHPL010000002.1	79586	80398	+	AG-430-F03_00661	AG-430-F03	270	OG0000623	K04773	protease IV [EC:3.4.21.-]	COG0616	SppA	Periplasmic serine protease, ClpP class	AG-430-F03_00662	-1
CACHPL010000002.1	80399	81283	+	AG-430-F03_00662	AG-430-F03	294	OG0000870	K01878	glycyl-tRNA synthetase alpha chain [EC:6.1.1.14]	COG0752	GlyQ	Glycyl-tRNA synthetase, alpha subunit	AG-430-F03_00662	0
CACHPL010000002.1	81284	83338	+	AG-430-F03_00663	AG-430-F03	684	OG0000882	K01879	glycyl-tRNA synthetase beta chain [EC:6.1.1.14]	COG0751	GlyS	Glycyl-tRNA synthetase, beta subunit	AG-430-F03_00662	1
CACHPL010000002.1	83338	85998	+	AG-430-F03_00664	AG-430-F03	886	OG0000798	K01006	pyruvate, orthophosphate dikinase [EC:2.7.9.1]	COG0574	PpsA	Phosphoenolpyruvate synthase/pyruvate phosphate dikinase	AG-430-F03_00662	2
CACHPL010000002.1	85988	86827	-	AG-430-F03_00665	AG-430-F03	279	OG0000370	K00767	nicotinate-nucleotide pyrophosphorylase (carboxylating) [EC:2.4.2.19]	COG0157	NadC	Nicotinate-nucleotide pyrophosphorylase	AG-430-F03_00662	3
CACHPL010000002.1	86830	87804	-	AG-430-F03_00666	AG-430-F03	324	OG0000316	K03517	quinolinate synthase [EC:2.5.1.72]	COG0379	NadA	Quinolinate synthase	AG-430-F03_00662	4
CACHPL010000002.1	88050	88925	+	AG-430-F03_00668	AG-430-F03	291	OG0001128	NA	NA	COG0500	SmtA	SAM-dependent methyltransferase SmtA (CmoB moved to COG2228)	AG-430-F03_00662	5
CACHLM010000001.1	147211	149118	+	AG-430-F16_00169	AG-430-F16	635	OG0000041	K01662	1-deoxy-D-xylulose-5-phosphate synthase [EC:2.2.1.7]	COG1154	Dxs	Deoxyxylulose-5-phosphate synthase	AG-430-F16_00174	-5
CACHLM010000001.1	149115	150200	-	AG-430-F16_00170	AG-430-F16	361	OG0000279	K01736	chorismate synthase [EC:4.2.3.5]	COG0082	AroC	Chorismate synthase	AG-430-F16_00174	-4
CACHLM010000001.1	150233	150859	+	AG-430-F16_00171	AG-430-F16	208	OG0000522	K00275	pyridoxamine 5'-phosphate oxidase [EC:1.4.3.5]	COG0259	PdxH	Pyridoxine/pyridoxamine 5'-phosphate oxidase	AG-430-F16_00174	-3
CACHLM010000001.1	150856	151869	-	AG-430-F16_00172	AG-430-F16	337	OG0000641	K02523	octaprenyl-diphosphate synthase [EC:2.5.1.90]	COG0142	IspA	Geranylgeranyl pyrophosphate synthase	AG-430-F16_00174	-2
CACHLM010000001.1	151981	152787	+	AG-430-F16_00173	AG-430-F16	268	OG0000623	K04773	protease IV [EC:3.4.21.-]	COG0616	SppA	Periplasmic serine protease, ClpP class	AG-430-F16_00174	-1
CACHLM010000001.1	152750	153652	+	AG-430-F16_00174	AG-430-F16	300	OG0000870	K01878	glycyl-tRNA synthetase alpha chain [EC:6.1.1.14]	COG0752	GlyQ	Glycyl-tRNA synthetase, alpha subunit	AG-430-F16_00174	0
CACHLM010000001.1	153654	155723	+	AG-430-F16_00175	AG-430-F16	689	OG0000882	K01879	glycyl-tRNA synthetase beta chain [EC:6.1.1.14]	COG0751	GlyS	Glycyl-tRNA synthetase, beta subunit	AG-430-F16_00174	1
CACHLM010000001.1	155723	158383	+	AG-430-F16_00176	AG-430-F16	886	OG0000798	K01006	pyruvate, orthophosphate dikinase [EC:2.7.9.1]	COG0574	PpsA	Phosphoenolpyruvate synthase/pyruvate phosphate dikinase	AG-430-F16_00174	2
CACHLM010000001.1	158389	159222	-	AG-430-F16_00177	AG-430-F16	277	OG0000370	K00767	nicotinate-nucleotide pyrophosphorylase (carboxylating) [EC:2.4.2.19]	COG0157	NadC	Nicotinate-nucleotide pyrophosphorylase	AG-430-F16_00174	3
CACHLM010000001.1	159228	160217	-	AG-430-F16_00178	AG-430-F16	329	OG0000316	K03517	quinolinate synthase [EC:2.5.1.72]	COG0379	NadA	Quinolinate synthase	AG-430-F16_00174	4
CACHLM010000001.1	160360	160704	-	AG-430-F16_00180	AG-430-F16	114	OG0001564	NA	NA	COG3806	ChrR	Anti-sigma factor ChrR, cupin superfamily	AG-430-F16_00174	5
CACHSC010000014.1	520	1146	+	AG-430-G11_01158	AG-430-G11	208	OG0000522	K00275	pyridoxamine 5'-phosphate oxidase [EC:1.4.3.5]	COG0259	PdxH	Pyridoxine/pyridoxamine 5'-phosphate oxidase	AG-430-G11_01161	-3
CACHSC010000014.1	1143	2156	-	AG-430-G11_01159	AG-430-G11	337	OG0000641	K02523	octaprenyl-diphosphate synthase [EC:2.5.1.90]	COG0142	IspA	Geranylgeranyl pyrophosphate synthase	AG-430-G11_01161	-2
CACHSC010000014.1	2266	3072	+	AG-430-G11_01160	AG-430-G11	268	OG0000623	K04773	protease IV [EC:3.4.21.-]	COG0616	SppA	Periplasmic serine protease, ClpP class	AG-430-G11_01161	-1
CACHSC010000014.1	3062	3946	+	AG-430-G11_01161	AG-430-G11	294	OG0000870	K01878	glycyl-tRNA synthetase alpha chain [EC:6.1.1.14]	COG0752	GlyQ	Glycyl-tRNA synthetase, alpha subunit	AG-430-G11_01161	0
CACHSC010000014.1	3946	6009	+	AG-430-G11_01162	AG-430-G11	687	OG0000882	K01879	glycyl-tRNA synthetase beta chain [EC:6.1.1.14]	COG0751	GlyS	Glycyl-tRNA synthetase, beta subunit	AG-430-G11_01161	1
CACHSC010000014.1	6009	8666	+	AG-430-G11_01163	AG-430-G11	885	OG0000798	K01006	pyruvate, orthophosphate dikinase [EC:2.7.9.1]	COG0574	PpsA	Phosphoenolpyruvate synthase/pyruvate phosphate dikinase	AG-430-G11_01161	2
CACHSC010000014.1	8670	9497	-	AG-430-G11_01164	AG-430-G11	275	OG0000370	K00767	nicotinate-nucleotide pyrophosphorylase (carboxylating) [EC:2.4.2.19]	COG0157	NadC	Nicotinate-nucleotide pyrophosphorylase	AG-430-G11_01161	3
CACHSC010000014.1	9503	10492	-	AG-430-G11_01165	AG-430-G11	329	OG0000316	K03517	quinolinate synthase [EC:2.5.1.72]	COG0379	NadA	Quinolinate synthase	AG-430-G11_01161	4
CACHSC010000014.1	10639	11526	-	AG-430-G11_01167	AG-430-G11	295	OG0000660	NA	NA	COG0354	YgfZ	Folate-binding protein YgfZ, synthesis and repair of Fe-S clusters, tRNA thiomethylation	AG-430-G11_01161	5
CACHRP010000001.1	198649	200562	+	AG-430-I18_00215	AG-430-I18	637	OG0000041	K01662	1-deoxy-D-xylulose-5-phosphate synthase [EC:2.2.1.7]	COG1154	Dxs	Deoxyxylulose-5-phosphate synthase	AG-430-I18_00220	-5
CACHRP010000001.1	200559	201644	-	AG-430-I18_00216	AG-430-I18	361	OG0000279	K01736	chorismate synthase [EC:4.2.3.5]	COG0082	AroC	Chorismate synthase	AG-430-I18_00220	-4
CACHRP010000001.1	201678	202304	+	AG-430-I18_00217	AG-430-I18	208	OG0000522	K00275	pyridoxamine 5'-phosphate oxidase [EC:1.4.3.5]	COG0259	PdxH	Pyridoxine/pyridoxamine 5'-phosphate oxidase	AG-430-I18_00220	-3
CACHRP010000001.1	202301	203314	-	AG-430-I18_00218	AG-430-I18	337	OG0000641	K02523	octaprenyl-diphosphate synthase [EC:2.5.1.90]	COG0142	IspA	Geranylgeranyl pyrophosphate synthase	AG-430-I18_00220	-2
CACHRP010000001.1	203424	204230	+	AG-430-I18_00219	AG-430-I18	268	OG0000623	K04773	protease IV [EC:3.4.21.-]	COG0616	SppA	Periplasmic serine protease, ClpP class	AG-430-I18_00220	-1
CACHRP010000001.1	204220	205101	+	AG-430-I18_00220	AG-430-I18	293	OG0000870	K01878	glycyl-tRNA synthetase alpha chain [EC:6.1.1.14]	COG0752	GlyQ	Glycyl-tRNA synthetase, alpha subunit	AG-430-I18_00220	0
CACHRP010000001.1	205104	207170	+	AG-430-I18_00221	AG-430-I18	688	OG0000882	K01879	glycyl-tRNA synthetase beta chain [EC:6.1.1.14]	COG0751	GlyS	Glycyl-tRNA synthetase, beta subunit	AG-430-I18_00220	1
CACHRP010000001.1	207170	209827	+	AG-430-I18_00222	AG-430-I18	885	OG0000798	K01006	pyruvate, orthophosphate dikinase [EC:2.7.9.1]	COG0574	PpsA	Phosphoenolpyruvate synthase/pyruvate phosphate dikinase	AG-430-I18_00220	2
CACHRP010000001.1	209829	210656	-	AG-430-I18_00223	AG-430-I18	275	OG0000370	K00767	nicotinate-nucleotide pyrophosphorylase (carboxylating) [EC:2.4.2.19]	COG0157	NadC	Nicotinate-nucleotide pyrophosphorylase	AG-430-I18_00220	3
CACHRP010000001.1	210662	211651	-	AG-430-I18_00224	AG-430-I18	329	OG0000316	K03517	quinolinate synthase [EC:2.5.1.72]	COG0379	NadA	Quinolinate synthase	AG-430-I18_00220	4
CACHRP010000001.1	211795	212682	-	AG-430-I18_00226	AG-430-I18	295	OG0000660	NA	NA	COG0354	YgfZ	Folate-binding protein YgfZ, synthesis and repair of Fe-S clusters, tRNA thiomethylation	AG-430-I18_00220	5
CACHQX010000003.1	4102	5091	+	AG-430-J04_00464	AG-430-J04	329	OG0000316	K03517	quinolinate synthase [EC:2.5.1.72]	COG0379	NadA	Quinolinate synthase	AG-430-J04_00469	-5
CACHQX010000003.1	5097	5930	+	AG-430-J04_00465	AG-430-J04	277	OG0000370	K00767	nicotinate-nucleotide pyrophosphorylase (carboxylating) [EC:2.4.2.19]	COG0157	NadC	Nicotinate-nucleotide pyrophosphorylase	AG-430-J04_00469	-4
CACHQX010000003.1	5958	6473	-	AG-430-J04_00466	AG-430-J04	171	OG0003554	NA	NA	NA	NA	NA	AG-430-J04_00469	-3
CACHQX010000003.1	6645	9305	-	AG-430-J04_00467	AG-430-J04	886	OG0000798	K01006	pyruvate, orthophosphate dikinase [EC:2.7.9.1]	COG0574	PpsA	Phosphoenolpyruvate synthase/pyruvate phosphate dikinase	AG-430-J04_00469	-2
CACHQX010000003.1	9305	11374	-	AG-430-J04_00468	AG-430-J04	689	OG0000882	K01879	glycyl-tRNA synthetase beta chain [EC:6.1.1.14]	COG0751	GlyS	Glycyl-tRNA synthetase, beta subunit	AG-430-J04_00469	-1
CACHQX010000003.1	11376	12278	-	AG-430-J04_00469	AG-430-J04	300	OG0000870	K01878	glycyl-tRNA synthetase alpha chain [EC:6.1.1.14]	COG0752	GlyQ	Glycyl-tRNA synthetase, alpha subunit	AG-430-J04_00469	0
CACHQX010000003.1	12241	12759	-	AG-430-J04_00470	AG-430-J04	172	OG0000623	NA	NA	COG0616	SppA	Periplasmic serine protease, ClpP class	AG-430-J04_00469	1
CACHQX010000003.1	12737	13048	-	AG-430-J04_00471	AG-430-J04	103	OG0000623	NA	NA	COG0616	SppA	Periplasmic serine protease, ClpP class	AG-430-J04_00469	2
CACHQX010000003.1	13160	14173	+	AG-430-J04_00472	AG-430-J04	337	OG0000641	K02523	octaprenyl-diphosphate synthase [EC:2.5.1.90]	COG0142	IspA	Geranylgeranyl pyrophosphate synthase	AG-430-J04_00469	3
CACHQX010000003.1	14170	14796	-	AG-430-J04_00473	AG-430-J04	208	OG0000522	K00275	pyridoxamine 5'-phosphate oxidase [EC:1.4.3.5]	COG0259	PdxH	Pyridoxine/pyridoxamine 5'-phosphate oxidase	AG-430-J04_00469	4
CACHQX010000003.1	14829	15914	+	AG-430-J04_00474	AG-430-J04	361	OG0000279	K01736	chorismate synthase [EC:4.2.3.5]	COG0082	AroC	Chorismate synthase	AG-430-J04_00469	5
CACPHT010000009.1	36961	38874	+	AG-430-J21_00802	AG-430-J21	637	OG0000041	K01662	1-deoxy-D-xylulose-5-phosphate synthase [EC:2.2.1.7]	COG1154	Dxs	Deoxyxylulose-5-phosphate synthase	AG-430-J21_00807	-5
CACPHT010000009.1	38871	39956	-	AG-430-J21_00803	AG-430-J21	361	OG0000279	K01736	chorismate synthase [EC:4.2.3.5]	COG0082	AroC	Chorismate synthase	AG-430-J21_00807	-4
CACPHT010000009.1	39990	40616	+	AG-430-J21_00804	AG-430-J21	208	OG0000522	K00275	pyridoxamine 5'-phosphate oxidase [EC:1.4.3.5]	COG0259	PdxH	Pyridoxine/pyridoxamine 5'-phosphate oxidase	AG-430-J21_00807	-3
CACPHT010000009.1	40613	41626	-	AG-430-J21_00805	AG-430-J21	337	OG0000641	K02523	octaprenyl-diphosphate synthase [EC:2.5.1.90]	COG0142	IspA	Geranylgeranyl pyrophosphate synthase	AG-430-J21_00807	-2
CACPHT010000009.1	41737	42543	+	AG-430-J21_00806	AG-430-J21	268	OG0000623	K04773	protease IV [EC:3.4.21.-]	COG0616	SppA	Periplasmic serine protease, ClpP class	AG-430-J21_00807	-1
CACPHT010000009.1	42533	43423	+	AG-430-J21_00807	AG-430-J21	296	OG0000870	K01878	glycyl-tRNA synthetase alpha chain [EC:6.1.1.14]	COG0752	GlyQ	Glycyl-tRNA synthetase, alpha subunit	AG-430-J21_00807	0
CACPHT010000009.1	43425	45488	+	AG-430-J21_00808	AG-430-J21	687	OG0000882	K01879	glycyl-tRNA synthetase beta chain [EC:6.1.1.14]	COG0751	GlyS	Glycyl-tRNA synthetase, beta subunit	AG-430-J21_00807	1
CACPHT010000009.1	47556	47795	-	AG-430-J21_00809	AG-430-J21	79	OG0003993	NA	NA	NA	NA	NA	AG-430-J21_00807	2
CACHVT010000002.1	663	1475	+	AG-430-K07_00168	AG-430-K07	270	OG0000623	K04773	protease IV [EC:3.4.21.-]	COG0616	SppA	Periplasmic serine protease, ClpP class	AG-430-K07_00169	-1
CACHVT010000002.1	1476	2363	+	AG-430-K07_00169	AG-430-K07	295	OG0000870	K01878	glycyl-tRNA synthetase alpha chain [EC:6.1.1.14]	COG0752	GlyQ	Glycyl-tRNA synthetase, alpha subunit	AG-430-K07_00169	0
CACHVT010000002.1	2363	4432	+	AG-430-K07_00170	AG-430-K07	689	OG0000882	K01879	glycyl-tRNA synthetase beta chain [EC:6.1.1.14]	COG0751	GlyS	Glycyl-tRNA synthetase, beta subunit	AG-430-K07_00169	1
CACHVT010000002.1	4429	7086	+	AG-430-K07_00171	AG-430-K07	885	OG0000798	K01006	pyruvate, orthophosphate dikinase [EC:2.7.9.1]	COG0574	PpsA	Phosphoenolpyruvate synthase/pyruvate phosphate dikinase	AG-430-K07_00169	2
CACHVT010000002.1	7087	7920	-	AG-430-K07_00172	AG-430-K07	277	OG0000370	K00767	nicotinate-nucleotide pyrophosphorylase (carboxylating) [EC:2.4.2.19]	COG0157	NadC	Nicotinate-nucleotide pyrophosphorylase	AG-430-K07_00169	3
CACHVT010000002.1	7926	8915	-	AG-430-K07_00173	AG-430-K07	329	OG0000316	K03517	quinolinate synthase [EC:2.5.1.72]	COG0379	NadA	Quinolinate synthase	AG-430-K07_00169	4
CACHVT010000002.1	9062	9952	-	AG-430-K07_00175	AG-430-K07	296	OG0000660	NA	NA	COG0354	YgfZ	Folate-binding protein YgfZ, synthesis and repair of Fe-S clusters, tRNA thiomethylation	AG-430-K07_00169	5
CACPJJ010000002.1	54694	56607	+	AG-439-B12_00186	AG-439-B12	637	OG0000041	K01662	1-deoxy-D-xylulose-5-phosphate synthase [EC:2.2.1.7]	COG1154	Dxs	Deoxyxylulose-5-phosphate synthase	AG-439-B12_00191	-5
CACPJJ010000002.1	56611	57696	-	AG-439-B12_00187	AG-439-B12	361	OG0000279	K01736	chorismate synthase [EC:4.2.3.5]	COG0082	AroC	Chorismate synthase	AG-439-B12_00191	-4
CACPJJ010000002.1	57730	58356	+	AG-439-B12_00188	AG-439-B12	208	OG0000522	K00275	pyridoxamine 5'-phosphate oxidase [EC:1.4.3.5]	COG0259	PdxH	Pyridoxine/pyridoxamine 5'-phosphate oxidase	AG-439-B12_00191	-3
CACPJJ010000002.1	58353	59366	-	AG-439-B12_00189	AG-439-B12	337	OG0000641	K02523	octaprenyl-diphosphate synthase [EC:2.5.1.90]	COG0142	IspA	Geranylgeranyl pyrophosphate synthase	AG-439-B12_00191	-2
CACPJJ010000002.1	59476	60282	+	AG-439-B12_00190	AG-439-B12	268	OG0000623	K04773	protease IV [EC:3.4.21.-]	COG0616	SppA	Periplasmic serine protease, ClpP class	AG-439-B12_00191	-1
CACPJJ010000002.1	60272	61153	+	AG-439-B12_00191	AG-439-B12	293	OG0000870	K01878	glycyl-tRNA synthetase alpha chain [EC:6.1.1.14]	COG0752	GlyQ	Glycyl-tRNA synthetase, alpha subunit	AG-439-B12_00191	0
CACPJJ010000002.1	61156	63228	+	AG-439-B12_00192	AG-439-B12	690	OG0000882	K01879	glycyl-tRNA synthetase beta chain [EC:6.1.1.14]	COG0751	GlyS	Glycyl-tRNA synthetase, beta subunit	AG-439-B12_00191	1
CACPJJ010000002.1	63225	65882	+	AG-439-B12_00193	AG-439-B12	885	OG0000798	K01006	pyruvate, orthophosphate dikinase [EC:2.7.9.1]	COG0574	PpsA	Phosphoenolpyruvate synthase/pyruvate phosphate dikinase	AG-439-B12_00191	2
CACPJJ010000002.1	65892	66728	-	AG-439-B12_00194	AG-439-B12	278	OG0000370	K00767	nicotinate-nucleotide pyrophosphorylase (carboxylating) [EC:2.4.2.19]	COG0157	NadC	Nicotinate-nucleotide pyrophosphorylase	AG-439-B12_00191	3
CACPJJ010000002.1	66734	67723	-	AG-439-B12_00195	AG-439-B12	329	OG0000316	K03517	quinolinate synthase [EC:2.5.1.72]	COG0379	NadA	Quinolinate synthase	AG-439-B12_00191	4
CACPJJ010000002.1	68194	69141	+	AG-439-B12_00198	AG-439-B12	315	OG0000256	K03465	thymidylate synthase (FAD) [EC:2.1.1.148]	COG1351	ThyX	Thymidylate synthase ThyX, FAD-dependent family	AG-439-B12_00191	5
CACIPQ010000001.1	13154	14143	+	AG-439-C08_00013	AG-439-C08	329	OG0000316	K03517	quinolinate synthase [EC:2.5.1.72]	COG0379	NadA	Quinolinate synthase	AG-439-C08_00018	-5
CACIPQ010000001.1	14150	14980	+	AG-439-C08_00014	AG-439-C08	276	OG0000370	K00767	nicotinate-nucleotide pyrophosphorylase (carboxylating) [EC:2.4.2.19]	COG0157	NadC	Nicotinate-nucleotide pyrophosphorylase	AG-439-C08_00018	-4
CACIPQ010000001.1	14964	15686	-	AG-439-C08_00015	AG-439-C08	240	OG0000008	NA	NA	COG2227	UbiG	2-polyprenyl-3-methyl-5-hydroxy-6-metoxy-1,4-benzoquinol methylase	AG-439-C08_00018	-3
CACIPQ010000001.1	15697	18357	-	AG-439-C08_00016	AG-439-C08	886	OG0000798	K01006	pyruvate, orthophosphate dikinase [EC:2.7.9.1]	COG0574	PpsA	Phosphoenolpyruvate synthase/pyruvate phosphate dikinase	AG-439-C08_00018	-2
CACIPQ010000001.1	18357	20411	-	AG-439-C08_00017	AG-439-C08	684	OG0000882	K01879	glycyl-tRNA synthetase beta chain [EC:6.1.1.14]	COG0751	GlyS	Glycyl-tRNA synthetase, beta subunit	AG-439-C08_00018	-1
CACIPQ010000001.1	20412	21296	-	AG-439-C08_00018	AG-439-C08	294	OG0000870	K01878	glycyl-tRNA synthetase alpha chain [EC:6.1.1.14]	COG0752	GlyQ	Glycyl-tRNA synthetase, alpha subunit	AG-439-C08_00018	0
CACIPQ010000001.1	21297	22109	-	AG-439-C08_00019	AG-439-C08	270	OG0000623	K04773	protease IV [EC:3.4.21.-]	COG0616	SppA	Periplasmic serine protease, ClpP class	AG-439-C08_00018	1
CACIPQ010000001.1	22255	23268	+	AG-439-C08_00020	AG-439-C08	337	OG0000641	K02523	octaprenyl-diphosphate synthase [EC:2.5.1.90]	COG0142	IspA	Geranylgeranyl pyrophosphate synthase	AG-439-C08_00018	2
CACIPQ010000001.1	23265	23897	-	AG-439-C08_00021	AG-439-C08	210	OG0000522	K00275	pyridoxamine 5'-phosphate oxidase [EC:1.4.3.5]	COG0259	PdxH	Pyridoxine/pyridoxamine 5'-phosphate oxidase	AG-439-C08_00018	3
CACIPQ010000001.1	23932	25014	+	AG-439-C08_00022	AG-439-C08	360	OG0000279	K01736	chorismate synthase [EC:4.2.3.5]	COG0082	AroC	Chorismate synthase	AG-439-C08_00018	4
CACIPQ010000001.1	25011	26927	-	AG-439-C08_00023	AG-439-C08	638	OG0000041	K01662	1-deoxy-D-xylulose-5-phosphate synthase [EC:2.2.1.7]	COG1154	Dxs	Deoxyxylulose-5-phosphate synthase	AG-439-C08_00018	5
CACIRD010000002.1	71993	73906	+	AG-439-C18_00357	AG-439-C18	637	OG0000041	K01662	1-deoxy-D-xylulose-5-phosphate synthase [EC:2.2.1.7]	COG1154	Dxs	Deoxyxylulose-5-phosphate synthase	AG-439-C18_00362	-5
CACIRD010000002.1	73903	74988	-	AG-439-C18_00358	AG-439-C18	361	OG0000279	K01736	chorismate synthase [EC:4.2.3.5]	COG0082	AroC	Chorismate synthase	AG-439-C18_00362	-4
CACIRD010000002.1	75022	75648	+	AG-439-C18_00359	AG-439-C18	208	OG0000522	K00275	pyridoxamine 5'-phosphate oxidase [EC:1.4.3.5]	COG0259	PdxH	Pyridoxine/pyridoxamine 5'-phosphate oxidase	AG-439-C18_00362	-3
CACIRD010000002.1	75645	76658	-	AG-439-C18_00360	AG-439-C18	337	OG0000641	K02523	octaprenyl-diphosphate synthase [EC:2.5.1.90]	COG0142	IspA	Geranylgeranyl pyrophosphate synthase	AG-439-C18_00362	-2
CACIRD010000002.1	76769	77575	+	AG-439-C18_00361	AG-439-C18	268	OG0000623	K04773	protease IV [EC:3.4.21.-]	COG0616	SppA	Periplasmic serine protease, ClpP class	AG-439-C18_00362	-1
CACIRD010000002.1	77565	78452	+	AG-439-C18_00362	AG-439-C18	295	OG0000870	K01878	glycyl-tRNA synthetase alpha chain [EC:6.1.1.14]	COG0752	GlyQ	Glycyl-tRNA synthetase, alpha subunit	AG-439-C18_00362	0
CACIRD010000002.1	78452	80524	+	AG-439-C18_00363	AG-439-C18	690	OG0000882	K01879	glycyl-tRNA synthetase beta chain [EC:6.1.1.14]	COG0751	GlyS	Glycyl-tRNA synthetase, beta subunit	AG-439-C18_00362	1
CACIRD010000002.1	80524	83181	+	AG-439-C18_00364	AG-439-C18	885	OG0000798	K01006	pyruvate, orthophosphate dikinase [EC:2.7.9.1]	COG0574	PpsA	Phosphoenolpyruvate synthase/pyruvate phosphate dikinase	AG-439-C18_00362	2
CACIRD010000002.1	83185	84027	-	AG-439-C18_00365	AG-439-C18	280	OG0000370	K00767	nicotinate-nucleotide pyrophosphorylase (carboxylating) [EC:2.4.2.19]	COG0157	NadC	Nicotinate-nucleotide pyrophosphorylase	AG-439-C18_00362	3
CACIRD010000002.1	84017	85006	-	AG-439-C18_00366	AG-439-C18	329	OG0000316	K03517	quinolinate synthase [EC:2.5.1.72]	COG0379	NadA	Quinolinate synthase	AG-439-C18_00362	4
CACIRD010000002.1	85312	86061	+	AG-439-C18_00368	AG-439-C18	249	OG0000028	NA	NA	NA	NA	NA	AG-439-C18_00362	5
CACIUK010000003.1	16698	17645	-	AG-439-E23_00228	AG-439-E23	315	OG0000256	K03465	thymidylate synthase (FAD) [EC:2.1.1.148]	COG1351	ThyX	Thymidylate synthase ThyX, FAD-dependent family	AG-439-E23_00235	-5
CACIUK010000003.1	18116	19105	+	AG-439-E23_00231	AG-439-E23	329	OG0000316	K03517	quinolinate synthase [EC:2.5.1.72]	COG0379	NadA	Quinolinate synthase	AG-439-E23_00235	-4
CACIUK010000003.1	19111	19947	+	AG-439-E23_00232	AG-439-E23	278	OG0000370	K00767	nicotinate-nucleotide pyrophosphorylase (carboxylating) [EC:2.4.2.19]	COG0157	NadC	Nicotinate-nucleotide pyrophosphorylase	AG-439-E23_00235	-3
CACIUK010000003.1	19954	22611	-	AG-439-E23_00233	AG-439-E23	885	OG0000798	K01006	pyruvate, orthophosphate dikinase [EC:2.7.9.1]	COG0574	PpsA	Phosphoenolpyruvate synthase/pyruvate phosphate dikinase	AG-439-E23_00235	-2
CACIUK010000003.1	22611	24680	-	AG-439-E23_00234	AG-439-E23	689	OG0000882	K01879	glycyl-tRNA synthetase beta chain [EC:6.1.1.14]	COG0751	GlyS	Glycyl-tRNA synthetase, beta subunit	AG-439-E23_00235	-1
CACIUK010000003.1	24683	25576	-	AG-439-E23_00235	AG-439-E23	297	OG0000870	K01878	glycyl-tRNA synthetase alpha chain [EC:6.1.1.14]	COG0752	GlyQ	Glycyl-tRNA synthetase, alpha subunit	AG-439-E23_00235	0
CACIUK010000003.1	25577	26389	-	AG-439-E23_00236	AG-439-E23	270	OG0000623	K04773	protease IV [EC:3.4.21.-]	COG0616	SppA	Periplasmic serine protease, ClpP class	AG-439-E23_00235	1
CACIUK010000003.1	26503	27516	+	AG-439-E23_00237	AG-439-E23	337	OG0000641	K02523	octaprenyl-diphosphate synthase [EC:2.5.1.90]	COG0142	IspA	Geranylgeranyl pyrophosphate synthase	AG-439-E23_00235	2
CACIUK010000003.1	27513	28139	-	AG-439-E23_00238	AG-439-E23	208	OG0000522	K00275	pyridoxamine 5'-phosphate oxidase [EC:1.4.3.5]	COG0259	PdxH	Pyridoxine/pyridoxamine 5'-phosphate oxidase	AG-439-E23_00235	3
CACIUK010000003.1	28172	29257	+	AG-439-E23_00239	AG-439-E23	361	OG0000279	K01736	chorismate synthase [EC:4.2.3.5]	COG0082	AroC	Chorismate synthase	AG-439-E23_00235	4
CACIUK010000003.1	29254	31161	-	AG-439-E23_00240	AG-439-E23	635	OG0000041	K01662	1-deoxy-D-xylulose-5-phosphate synthase [EC:2.2.1.7]	COG1154	Dxs	Deoxyxylulose-5-phosphate synthase	AG-439-E23_00235	5
CACISU010000007.1	161	1039	+	AG-439-G19_00929	AG-439-G19	292	OG0000041	K01662	1-deoxy-D-xylulose-5-phosphate synthase [EC:2.2.1.7]	COG1154	Dxs	Deoxyxylulose-5-phosphate synthase	AG-439-G19_00934	-5
CACISU010000007.1	1036	2121	-	AG-439-G19_00930	AG-439-G19	361	OG0000279	K01736	chorismate synthase [EC:4.2.3.5]	COG0082	AroC	Chorismate synthase	AG-439-G19_00934	-4
CACISU010000007.1	2155	2781	+	AG-439-G19_00931	AG-439-G19	208	OG0000522	K00275	pyridoxamine 5'-phosphate oxidase [EC:1.4.3.5]	COG0259	PdxH	Pyridoxine/pyridoxamine 5'-phosphate oxidase	AG-439-G19_00934	-3
CACISU010000007.1	2778	3791	-	AG-439-G19_00932	AG-439-G19	337	OG0000641	K02523	octaprenyl-diphosphate synthase [EC:2.5.1.90]	COG0142	IspA	Geranylgeranyl pyrophosphate synthase	AG-439-G19_00934	-2
CACISU010000007.1	3902	4711	+	AG-439-G19_00933	AG-439-G19	269	OG0000623	K04773	protease IV [EC:3.4.21.-]	COG0616	SppA	Periplasmic serine protease, ClpP class	AG-439-G19_00934	-1
CACISU010000007.1	4701	5582	+	AG-439-G19_00934	AG-439-G19	293	OG0000870	K01878	glycyl-tRNA synthetase alpha chain [EC:6.1.1.14]	COG0752	GlyQ	Glycyl-tRNA synthetase, alpha subunit	AG-439-G19_00934	0
CACISU010000007.1	5584	7656	+	AG-439-G19_00935	AG-439-G19	690	OG0000882	K01879	glycyl-tRNA synthetase beta chain [EC:6.1.1.14]	COG0751	GlyS	Glycyl-tRNA synthetase, beta subunit	AG-439-G19_00934	1
CACISU010000007.1	7653	10313	+	AG-439-G19_00936	AG-439-G19	886	OG0000798	K01006	pyruvate, orthophosphate dikinase [EC:2.7.9.1]	COG0574	PpsA	Phosphoenolpyruvate synthase/pyruvate phosphate dikinase	AG-439-G19_00934	2
CACISU010000007.1	10321	11157	-	AG-439-G19_00937	AG-439-G19	278	OG0000370	K00767	nicotinate-nucleotide pyrophosphorylase (carboxylating) [EC:2.4.2.19]	COG0157	NadC	Nicotinate-nucleotide pyrophosphorylase	AG-439-G19_00934	3
CACISU010000007.1	11163	12152	-	AG-439-G19_00938	AG-439-G19	329	OG0000316	K03517	quinolinate synthase [EC:2.5.1.72]	COG0379	NadA	Quinolinate synthase	AG-439-G19_00934	4
CACISU010000007.1	12624	13571	+	AG-439-G19_00941	AG-439-G19	315	OG0000256	K03465	thymidylate synthase (FAD) [EC:2.1.1.148]	COG1351	ThyX	Thymidylate synthase ThyX, FAD-dependent family	AG-439-G19_00934	5
CACPLW010000003.1	52785	54695	+	AG-439-O15_00388	AG-439-O15	636	OG0000041	K01662	1-deoxy-D-xylulose-5-phosphate synthase [EC:2.2.1.7]	COG1154	Dxs	Deoxyxylulose-5-phosphate synthase	AG-439-O15_00393	-5
CACPLW010000003.1	54692	55777	-	AG-439-O15_00389	AG-439-O15	361	OG0000279	K01736	chorismate synthase [EC:4.2.3.5]	COG0082	AroC	Chorismate synthase	AG-439-O15_00393	-4
CACPLW010000003.1	55811	56437	+	AG-439-O15_00390	AG-439-O15	208	OG0000522	K00275	pyridoxamine 5'-phosphate oxidase [EC:1.4.3.5]	COG0259	PdxH	Pyridoxine/pyridoxamine 5'-phosphate oxidase	AG-439-O15_00393	-3
CACPLW010000003.1	56434	57447	-	AG-439-O15_00391	AG-439-O15	337	OG0000641	K02523	octaprenyl-diphosphate synthase [EC:2.5.1.90]	COG0142	IspA	Geranylgeranyl pyrophosphate synthase	AG-439-O15_00393	-2
CACPLW010000003.1	57557	58366	+	AG-439-O15_00392	AG-439-O15	269	OG0000623	K04773	protease IV [EC:3.4.21.-]	COG0616	SppA	Periplasmic serine protease, ClpP class	AG-439-O15_00393	-1
CACPLW010000003.1	58356	59240	+	AG-439-O15_00393	AG-439-O15	294	OG0000870	K01878	glycyl-tRNA synthetase alpha chain [EC:6.1.1.14]	COG0752	GlyQ	Glycyl-tRNA synthetase, alpha subunit	AG-439-O15_00393	0
CACPLW010000003.1	59242	61308	+	AG-439-O15_00394	AG-439-O15	688	OG0000882	K01879	glycyl-tRNA synthetase beta chain [EC:6.1.1.14]	COG0751	GlyS	Glycyl-tRNA synthetase, beta subunit	AG-439-O15_00393	1
CACPLW010000003.1	61309	63966	+	AG-439-O15_00395	AG-439-O15	885	OG0000798	K01006	pyruvate, orthophosphate dikinase [EC:2.7.9.1]	COG0574	PpsA	Phosphoenolpyruvate synthase/pyruvate phosphate dikinase	AG-439-O15_00393	2
CACPLW010000003.1	63967	64797	-	AG-439-O15_00396	AG-439-O15	276	OG0000370	K00767	nicotinate-nucleotide pyrophosphorylase (carboxylating) [EC:2.4.2.19]	COG0157	NadC	Nicotinate-nucleotide pyrophosphorylase	AG-439-O15_00393	3
CACPLW010000003.1	64802	65791	-	AG-439-O15_00397	AG-439-O15	329	OG0000316	K03517	quinolinate synthase [EC:2.5.1.72]	COG0379	NadA	Quinolinate synthase	AG-439-O15_00393	4
CACPLW010000003.1	66024	66398	+	AG-439-O15_00399	AG-439-O15	124	OG0001523	NA	NA	NA	NA	NA	AG-439-O15_00393	5
CACJEG010000013.1	551	1507	-	AG-447-C08_01237	AG-447-C08	318	OG0001647	NA	NA	COG4424	LpsS	LPS sulfotransferase NodH	AG-447-C08_01241	-4
CACJEG010000013.1	1544	2833	-	AG-447-C08_01238	AG-447-C08	429	OG0001456	NA	NA	COG4310	NA	Uncharacterized conserved protein, cotains an aminopeptidase-like domain	AG-447-C08_01241	-3
CACJEG010000013.1	2856	5516	-	AG-447-C08_01239	AG-447-C08	886	OG0000798	K01006	pyruvate, orthophosphate dikinase [EC:2.7.9.1]	COG0574	PpsA	Phosphoenolpyruvate synthase/pyruvate phosphate dikinase	AG-447-C08_01241	-2
CACJEG010000013.1	5516	7582	-	AG-447-C08_01240	AG-447-C08	688	OG0000882	K01879	glycyl-tRNA synthetase beta chain [EC:6.1.1.14]	COG0751	GlyS	Glycyl-tRNA synthetase, beta subunit	AG-447-C08_01241	-1
CACJEG010000013.1	7582	8487	-	AG-447-C08_01241	AG-447-C08	301	OG0000870	K01878	glycyl-tRNA synthetase alpha chain [EC:6.1.1.14]	COG0752	GlyQ	Glycyl-tRNA synthetase, alpha subunit	AG-447-C08_01241	0
CACJEG010000013.1	8453	9259	-	AG-447-C08_01242	AG-447-C08	268	OG0000623	K04773	protease IV [EC:3.4.21.-]	COG0616	SppA	Periplasmic serine protease, ClpP class	AG-447-C08_01241	1
CACJEG010000013.1	9374	10387	+	AG-447-C08_01243	AG-447-C08	337	OG0000641	K02523	octaprenyl-diphosphate synthase [EC:2.5.1.90]	COG0142	IspA	Geranylgeranyl pyrophosphate synthase	AG-447-C08_01241	2
CACJEG010000013.1	10384	11010	-	AG-447-C08_01244	AG-447-C08	208	OG0000522	K00275	pyridoxamine 5'-phosphate oxidase [EC:1.4.3.5]	COG0259	PdxH	Pyridoxine/pyridoxamine 5'-phosphate oxidase	AG-447-C08_01241	3
CACJEG010000013.1	11044	12126	+	AG-447-C08_01245	AG-447-C08	360	OG0000279	K01736	chorismate synthase [EC:4.2.3.5]	COG0082	AroC	Chorismate synthase	AG-447-C08_01241	4
CACJEG010000013.1	12133	14049	-	AG-447-C08_01246	AG-447-C08	638	OG0000041	K01662	1-deoxy-D-xylulose-5-phosphate synthase [EC:2.2.1.7]	COG1154	Dxs	Deoxyxylulose-5-phosphate synthase	AG-447-C08_01241	5
CACJIJ010000023.1	7008	8924	+	AG-447-E19_01084	AG-447-E19	638	OG0000041	K01662	1-deoxy-D-xylulose-5-phosphate synthase [EC:2.2.1.7]	COG1154	Dxs	Deoxyxylulose-5-phosphate synthase	AG-447-E19_01089	-5
CACJIJ010000023.1	8931	10013	-	AG-447-E19_01085	AG-447-E19	360	OG0000279	K01736	chorismate synthase [EC:4.2.3.5]	COG0082	AroC	Chorismate synthase	AG-447-E19_01089	-4
CACJIJ010000023.1	10047	10673	+	AG-447-E19_01086	AG-447-E19	208	OG0000522	K00275	pyridoxamine 5'-phosphate oxidase [EC:1.4.3.5]	COG0259	PdxH	Pyridoxine/pyridoxamine 5'-phosphate oxidase	AG-447-E19_01089	-3
CACJIJ010000023.1	10670	11683	-	AG-447-E19_01087	AG-447-E19	337	OG0000641	K02523	octaprenyl-diphosphate synthase [EC:2.5.1.90]	COG0142	IspA	Geranylgeranyl pyrophosphate synthase	AG-447-E19_01089	-2
CACJIJ010000023.1	11798	12604	+	AG-447-E19_01088	AG-447-E19	268	OG0000623	K04773	protease IV [EC:3.4.21.-]	COG0616	SppA	Periplasmic serine protease, ClpP class	AG-447-E19_01089	-1
CACJIJ010000023.1	12570	13475	+	AG-447-E19_01089	AG-447-E19	301	OG0000870	K01878	glycyl-tRNA synthetase alpha chain [EC:6.1.1.14]	COG0752	GlyQ	Glycyl-tRNA synthetase, alpha subunit	AG-447-E19_01089	0
CACJIJ010000023.1	13475	15541	+	AG-447-E19_01090	AG-447-E19	688	OG0000882	K01879	glycyl-tRNA synthetase beta chain [EC:6.1.1.14]	COG0751	GlyS	Glycyl-tRNA synthetase, beta subunit	AG-447-E19_01089	1
CACJIJ010000023.1	15541	18198	+	AG-447-E19_01091	AG-447-E19	885	OG0000798	K01006	pyruvate, orthophosphate dikinase [EC:2.7.9.1]	COG0574	PpsA	Phosphoenolpyruvate synthase/pyruvate phosphate dikinase	AG-447-E19_01089	2
CACJIJ010000023.1	18200	19084	+	AG-447-E19_01092	AG-447-E19	294	OG0000045	NA	NA	COG2226	UbiE	Ubiquinone/menaquinone biosynthesis C-methylase UbiE/MenG or 23S rRNA G745 methylase RmlAII or tRNA-U5 methylase TRM9	AG-447-E19_01089	3
CACJIJ010000023.1	19134	20048	+	AG-447-E19_01093	AG-447-E19	304	OG0002451	NA	NA	NA	NA	NA	AG-447-E19_01089	4
CACJIJ010000023.1	20331	21305	+	AG-447-E19_01094	AG-447-E19	324	OG0001816	K07451	5-methylcytosine-specific restriction enzyme A [EC:3.1.21.-]	COG3183	McrA	5-methylcytosine-specific restriction endonuclease McrA	AG-447-E19_01089	5
CACJJV010000003.1	83032	84945	+	AG-447-F10_00372	AG-447-F10	637	OG0000041	K01662	1-deoxy-D-xylulose-5-phosphate synthase [EC:2.2.1.7]	COG1154	Dxs	Deoxyxylulose-5-phosphate synthase	AG-447-F10_00377	-5
CACJJV010000003.1	84942	86024	-	AG-447-F10_00373	AG-447-F10	360	OG0000279	K01736	chorismate synthase [EC:4.2.3.5]	COG0082	AroC	Chorismate synthase	AG-447-F10_00377	-4
CACJJV010000003.1	86058	86684	+	AG-447-F10_00374	AG-447-F10	208	OG0000522	K00275	pyridoxamine 5'-phosphate oxidase [EC:1.4.3.5]	COG0259	PdxH	Pyridoxine/pyridoxamine 5'-phosphate oxidase	AG-447-F10_00377	-3
CACJJV010000003.1	86681	87694	-	AG-447-F10_00375	AG-447-F10	337	OG0000641	K02523	octaprenyl-diphosphate synthase [EC:2.5.1.90]	COG0142	IspA	Geranylgeranyl pyrophosphate synthase	AG-447-F10_00377	-2
CACJJV010000003.1	87808	88614	+	AG-447-F10_00376	AG-447-F10	268	OG0000623	K04773	protease IV [EC:3.4.21.-]	COG0616	SppA	Periplasmic serine protease, ClpP class	AG-447-F10_00377	-1
CACJJV010000003.1	88604	89485	+	AG-447-F10_00377	AG-447-F10	293	OG0000870	K01878	glycyl-tRNA synthetase alpha chain [EC:6.1.1.14]	COG0752	GlyQ	Glycyl-tRNA synthetase, alpha subunit	AG-447-F10_00377	0
CACJJV010000003.1	89487	91559	+	AG-447-F10_00378	AG-447-F10	690	OG0000882	K01879	glycyl-tRNA synthetase beta chain [EC:6.1.1.14]	COG0751	GlyS	Glycyl-tRNA synthetase, beta subunit	AG-447-F10_00377	1
CACJJV010000003.1	91552	94218	+	AG-447-F10_00379	AG-447-F10	888	OG0000798	K01006	pyruvate, orthophosphate dikinase [EC:2.7.9.1]	COG0574	PpsA	Phosphoenolpyruvate synthase/pyruvate phosphate dikinase	AG-447-F10_00377	2
CACJJV010000003.1	94233	95066	-	AG-447-F10_00380	AG-447-F10	277	OG0000370	K00767	nicotinate-nucleotide pyrophosphorylase (carboxylating) [EC:2.4.2.19]	COG0157	NadC	Nicotinate-nucleotide pyrophosphorylase	AG-447-F10_00377	3
CACJJV010000003.1	95073	96062	-	AG-447-F10_00381	AG-447-F10	329	OG0000316	K03517	quinolinate synthase [EC:2.5.1.72]	COG0379	NadA	Quinolinate synthase	AG-447-F10_00377	4
CACJJV010000003.1	96211	97098	-	AG-447-F10_00383	AG-447-F10	295	OG0000660	NA	NA	COG0354	YgfZ	Folate-binding protein YgfZ, synthesis and repair of Fe-S clusters, tRNA thiomethylation	AG-447-F10_00377	5
CACJLJ010000004.1	29672	31585	+	AG-447-K09_01184	AG-447-K09	637	OG0000041	K01662	1-deoxy-D-xylulose-5-phosphate synthase [EC:2.2.1.7]	COG1154	Dxs	Deoxyxylulose-5-phosphate synthase	AG-447-K09_01189	-5
CACJLJ010000004.1	31592	32674	-	AG-447-K09_01185	AG-447-K09	360	OG0000279	K01736	chorismate synthase [EC:4.2.3.5]	COG0082	AroC	Chorismate synthase	AG-447-K09_01189	-4
CACJLJ010000004.1	32708	33334	+	AG-447-K09_01186	AG-447-K09	208	OG0000522	K00275	pyridoxamine 5'-phosphate oxidase [EC:1.4.3.5]	COG0259	PdxH	Pyridoxine/pyridoxamine 5'-phosphate oxidase	AG-447-K09_01189	-3
CACJLJ010000004.1	33331	34344	-	AG-447-K09_01187	AG-447-K09	337	OG0000641	K02523	octaprenyl-diphosphate synthase [EC:2.5.1.90]	COG0142	IspA	Geranylgeranyl pyrophosphate synthase	AG-447-K09_01189	-2
CACJLJ010000004.1	34457	35263	+	AG-447-K09_01188	AG-447-K09	268	OG0000623	K04773	protease IV [EC:3.4.21.-]	COG0616	SppA	Periplasmic serine protease, ClpP class	AG-447-K09_01189	-1
CACJLJ010000004.1	35253	36134	+	AG-447-K09_01189	AG-447-K09	293	OG0000870	K01878	glycyl-tRNA synthetase alpha chain [EC:6.1.1.14]	COG0752	GlyQ	Glycyl-tRNA synthetase, alpha subunit	AG-447-K09_01189	0
CACJLJ010000004.1	36136	38208	+	AG-447-K09_01190	AG-447-K09	690	OG0000882	K01879	glycyl-tRNA synthetase beta chain [EC:6.1.1.14]	COG0751	GlyS	Glycyl-tRNA synthetase, beta subunit	AG-447-K09_01189	1
CACJLJ010000004.1	38201	40867	+	AG-447-K09_01191	AG-447-K09	888	OG0000798	K01006	pyruvate, orthophosphate dikinase [EC:2.7.9.1]	COG0574	PpsA	Phosphoenolpyruvate synthase/pyruvate phosphate dikinase	AG-447-K09_01189	2
CACJLJ010000004.1	40898	41731	-	AG-447-K09_01192	AG-447-K09	277	OG0000370	K00767	nicotinate-nucleotide pyrophosphorylase (carboxylating) [EC:2.4.2.19]	COG0157	NadC	Nicotinate-nucleotide pyrophosphorylase	AG-447-K09_01189	3
CACJLJ010000004.1	41738	42727	-	AG-447-K09_01193	AG-447-K09	329	OG0000316	K03517	quinolinate synthase [EC:2.5.1.72]	COG0379	NadA	Quinolinate synthase	AG-447-K09_01189	4
CACJLJ010000004.1	42876	43145	-	AG-447-K09_01195	AG-447-K09	89	OG0000045	NA	NA	NA	NA	NA	AG-447-K09_01189	5
CACJMB010000002.1	93457	95373	+	AG-447-L03_00411	AG-447-L03	638	OG0000041	K01662	1-deoxy-D-xylulose-5-phosphate synthase [EC:2.2.1.7]	COG1154	Dxs	Deoxyxylulose-5-phosphate synthase	AG-447-L03_00416	-5
CACJMB010000002.1	95380	96462	-	AG-447-L03_00412	AG-447-L03	360	OG0000279	K01736	chorismate synthase [EC:4.2.3.5]	COG0082	AroC	Chorismate synthase	AG-447-L03_00416	-4
CACJMB010000002.1	96496	97122	+	AG-447-L03_00413	AG-447-L03	208	OG0000522	K00275	pyridoxamine 5'-phosphate oxidase [EC:1.4.3.5]	COG0259	PdxH	Pyridoxine/pyridoxamine 5'-phosphate oxidase	AG-447-L03_00416	-3
CACJMB010000002.1	97119	98132	-	AG-447-L03_00414	AG-447-L03	337	OG0000641	K02523	octaprenyl-diphosphate synthase [EC:2.5.1.90]	COG0142	IspA	Geranylgeranyl pyrophosphate synthase	AG-447-L03_00416	-2
CACJMB010000002.1	98247	99053	+	AG-447-L03_00415	AG-447-L03	268	OG0000623	K04773	protease IV [EC:3.4.21.-]	COG0616	SppA	Periplasmic serine protease, ClpP class	AG-447-L03_00416	-1
CACJMB010000002.1	99019	99924	+	AG-447-L03_00416	AG-447-L03	301	OG0000870	K01878	glycyl-tRNA synthetase alpha chain [EC:6.1.1.14]	COG0752	GlyQ	Glycyl-tRNA synthetase, alpha subunit	AG-447-L03_00416	0
CACJMB010000002.1	99924	101990	+	AG-447-L03_00417	AG-447-L03	688	OG0000882	K01879	glycyl-tRNA synthetase beta chain [EC:6.1.1.14]	COG0751	GlyS	Glycyl-tRNA synthetase, beta subunit	AG-447-L03_00416	1
CACJMB010000002.1	101990	104656	+	AG-447-L03_00418	AG-447-L03	888	OG0000798	K01006	pyruvate, orthophosphate dikinase [EC:2.7.9.1]	COG0574	PpsA	Phosphoenolpyruvate synthase/pyruvate phosphate dikinase	AG-447-L03_00416	2
CACJMB010000002.1	104838	105908	+	AG-447-L03_00420	AG-447-L03	356	OG0000256	K03465	thymidylate synthase (FAD) [EC:2.1.1.148]	COG1351	ThyX	Thymidylate synthase ThyX, FAD-dependent family	AG-447-L03_00416	3
CACJMB010000002.1	105889	106713	-	AG-447-L03_00421	AG-447-L03	274	OG0000361	K03593	ATP-binding protein involved in chromosome partitioning	COG0489	Mrp	Fe-S cluster carrier ATPase, Mrp/ApbC/NBP35 family	AG-447-L03_00416	4
CACJMB010000002.1	106765	107865	+	AG-447-L03_00422	AG-447-L03	366	OG0000394	K04088	modulator of FtsH protease HflK	COG0330	HflC	Regulator of protease activity HflC, stomatin/prohibitin superfamily	AG-447-L03_00416	5
CACPOX010000003.1	52643	53029	-	AG-447-L10_00382	AG-447-L10	128	OG0002165	NA	NA	NA	NA	NA	AG-447-L10_00387	-5
CACPOX010000003.1	53259	54623	+	AG-447-L10_00383	AG-447-L10	454	OG0001144	NA	NA	COG2133	YliI	Glucose/arabinose dehydrogenase, beta-propeller fold	AG-447-L10_00387	-4
CACPOX010000003.1	54623	56203	+	AG-447-L10_00384	AG-447-L10	526	OG0001854	NA	NA	COG0223	Fmt	Methionyl-tRNA formyltransferase	AG-447-L10_00387	-3
CACPOX010000003.1	56200	58869	-	AG-447-L10_00385	AG-447-L10	889	OG0000798	K01006	pyruvate, orthophosphate dikinase [EC:2.7.9.1]	COG0574	PpsA	Phosphoenolpyruvate synthase/pyruvate phosphate dikinase	AG-447-L10_00387	-2
CACPOX010000003.1	58866	60935	-	AG-447-L10_00386	AG-447-L10	689	OG0000882	K01879	glycyl-tRNA synthetase beta chain [EC:6.1.1.14]	COG0751	GlyS	Glycyl-tRNA synthetase, beta subunit	AG-447-L10_00387	-1
CACPOX010000003.1	60935	61840	-	AG-447-L10_00387	AG-447-L10	301	OG0000870	K01878	glycyl-tRNA synthetase alpha chain [EC:6.1.1.14]	COG0752	GlyQ	Glycyl-tRNA synthetase, alpha subunit	AG-447-L10_00387	0
CACPOX010000003.1	61806	62612	-	AG-447-L10_00388	AG-447-L10	268	OG0000623	K04773	protease IV [EC:3.4.21.-]	COG0616	SppA	Periplasmic serine protease, ClpP class	AG-447-L10_00387	1
CACPOX010000003.1	62727	63740	+	AG-447-L10_00389	AG-447-L10	337	OG0000641	K02523	octaprenyl-diphosphate synthase [EC:2.5.1.90]	COG0142	IspA	Geranylgeranyl pyrophosphate synthase	AG-447-L10_00387	2
CACPOX010000003.1	63737	64363	-	AG-447-L10_00390	AG-447-L10	208	OG0000522	K00275	pyridoxamine 5'-phosphate oxidase [EC:1.4.3.5]	COG0259	PdxH	Pyridoxine/pyridoxamine 5'-phosphate oxidase	AG-447-L10_00387	3
CACPOX010000003.1	64397	65479	+	AG-447-L10_00391	AG-447-L10	360	OG0000279	K01736	chorismate synthase [EC:4.2.3.5]	COG0082	AroC	Chorismate synthase	AG-447-L10_00387	4
CACPOX010000003.1	65486	67402	-	AG-447-L10_00392	AG-447-L10	638	OG0000041	K01662	1-deoxy-D-xylulose-5-phosphate synthase [EC:2.2.1.7]	COG1154	Dxs	Deoxyxylulose-5-phosphate synthase	AG-447-L10_00387	5
CACJOA010000001.1	120773	121660	+	AG-447-L14_00124	AG-447-L14	295	OG0000660	NA	NA	COG0354	YgfZ	Folate-binding protein YgfZ, synthesis and repair of Fe-S clusters, tRNA thiomethylation	AG-447-L14_00130	-5
CACJOA010000001.1	121806	122795	+	AG-447-L14_00126	AG-447-L14	329	OG0000316	K03517	quinolinate synthase [EC:2.5.1.72]	COG0379	NadA	Quinolinate synthase	AG-447-L14_00130	-4
CACJOA010000001.1	122802	123641	+	AG-447-L14_00127	AG-447-L14	279	OG0000370	K00767	nicotinate-nucleotide pyrophosphorylase (carboxylating) [EC:2.4.2.19]	COG0157	NadC	Nicotinate-nucleotide pyrophosphorylase	AG-447-L14_00130	-3
CACJOA010000001.1	123651	126317	-	AG-447-L14_00128	AG-447-L14	888	OG0000798	K01006	pyruvate, orthophosphate dikinase [EC:2.7.9.1]	COG0574	PpsA	Phosphoenolpyruvate synthase/pyruvate phosphate dikinase	AG-447-L14_00130	-2
CACJOA010000001.1	126310	128382	-	AG-447-L14_00129	AG-447-L14	690	OG0000882	K01879	glycyl-tRNA synthetase beta chain [EC:6.1.1.14]	COG0751	GlyS	Glycyl-tRNA synthetase, beta subunit	AG-447-L14_00130	-1
CACJOA010000001.1	128384	129289	-	AG-447-L14_00130	AG-447-L14	301	OG0000870	K01878	glycyl-tRNA synthetase alpha chain [EC:6.1.1.14]	COG0752	GlyQ	Glycyl-tRNA synthetase, alpha subunit	AG-447-L14_00130	0
CACJOA010000001.1	129255	130061	-	AG-447-L14_00131	AG-447-L14	268	OG0000623	K04773	protease IV [EC:3.4.21.-]	COG0616	SppA	Periplasmic serine protease, ClpP class	AG-447-L14_00130	1
CACJOA010000001.1	130177	131190	+	AG-447-L14_00132	AG-447-L14	337	OG0000641	K02523	octaprenyl-diphosphate synthase [EC:2.5.1.90]	COG0142	IspA	Geranylgeranyl pyrophosphate synthase	AG-447-L14_00130	2
CACJOA010000001.1	131187	131813	-	AG-447-L14_00133	AG-447-L14	208	OG0000522	K00275	pyridoxamine 5'-phosphate oxidase [EC:1.4.3.5]	COG0259	PdxH	Pyridoxine/pyridoxamine 5'-phosphate oxidase	AG-447-L14_00130	3
CACJOA010000001.1	131847	132929	+	AG-447-L14_00134	AG-447-L14	360	OG0000279	K01736	chorismate synthase [EC:4.2.3.5]	COG0082	AroC	Chorismate synthase	AG-447-L14_00130	4
CACJOA010000001.1	132936	134849	-	AG-447-L14_00135	AG-447-L14	637	OG0000041	K01662	1-deoxy-D-xylulose-5-phosphate synthase [EC:2.2.1.7]	COG1154	Dxs	Deoxyxylulose-5-phosphate synthase	AG-447-L14_00130	5
CACJQI010000001.1	168806	169318	+	AG-447-M05_00166	AG-447-M05	170	OG0002668	NA	NA	NA	NA	NA	AG-447-M05_00171	-5
CACJQI010000001.1	169481	169888	-	AG-447-M05_00167	AG-447-M05	135	OG0001439	NA	NA	COG3152	YhaH	Uncharacterized membrane protein YhaH, DUF805 family	AG-447-M05_00171	-4
CACJQI010000001.1	170041	170253	+	AG-447-M05_00168	AG-447-M05	70	OG0001631	NA	NA	NA	NA	NA	AG-447-M05_00171	-3
CACJQI010000001.1	170285	172942	-	AG-447-M05_00169	AG-447-M05	885	OG0000798	K01006	pyruvate, orthophosphate dikinase [EC:2.7.9.1]	COG0574	PpsA	Phosphoenolpyruvate synthase/pyruvate phosphate dikinase	AG-447-M05_00171	-2
CACJQI010000001.1	172942	175008	-	AG-447-M05_00170	AG-447-M05	688	OG0000882	K01879	glycyl-tRNA synthetase beta chain [EC:6.1.1.14]	COG0751	GlyS	Glycyl-tRNA synthetase, beta subunit	AG-447-M05_00171	-1
CACJQI010000001.1	175009	175914	-	AG-447-M05_00171	AG-447-M05	301	OG0000870	K01878	glycyl-tRNA synthetase alpha chain [EC:6.1.1.14]	COG0752	GlyQ	Glycyl-tRNA synthetase, alpha subunit	AG-447-M05_00171	0
CACJQI010000001.1	175880	176686	-	AG-447-M05_00172	AG-447-M05	268	OG0000623	K04773	protease IV [EC:3.4.21.-]	COG0616	SppA	Periplasmic serine protease, ClpP class	AG-447-M05_00171	1
CACJQI010000001.1	176800	177813	+	AG-447-M05_00173	AG-447-M05	337	OG0000641	K02523	octaprenyl-diphosphate synthase [EC:2.5.1.90]	COG0142	IspA	Geranylgeranyl pyrophosphate synthase	AG-447-M05_00171	2
CACJQI010000001.1	177810	178436	-	AG-447-M05_00174	AG-447-M05	208	OG0000522	K00275	pyridoxamine 5'-phosphate oxidase [EC:1.4.3.5]	COG0259	PdxH	Pyridoxine/pyridoxamine 5'-phosphate oxidase	AG-447-M05_00171	3
CACJQI010000001.1	178470	179552	+	AG-447-M05_00175	AG-447-M05	360	OG0000279	K01736	chorismate synthase [EC:4.2.3.5]	COG0082	AroC	Chorismate synthase	AG-447-M05_00171	4
CACJQI010000001.1	179555	181471	-	AG-447-M05_00176	AG-447-M05	638	OG0000041	K01662	1-deoxy-D-xylulose-5-phosphate synthase [EC:2.2.1.7]	COG1154	Dxs	Deoxyxylulose-5-phosphate synthase	AG-447-M05_00171	5
CACJQD010000002.1	114726	114944	-	AG-447-M10_00386	AG-447-M10	72	OG0001488	NA	NA	NA	NA	NA	AG-447-M10_00391	-5
CACJQD010000002.1	114932	116326	-	AG-447-M10_00387	AG-447-M10	464	OG0001965	NA	NA	NA	NA	NA	AG-447-M10_00391	-4
CACJQD010000002.1	116449	117309	-	AG-447-M10_00388	AG-447-M10	286	OG0001125	NA	NA	COG2227	UbiG	2-polyprenyl-3-methyl-5-hydroxy-6-metoxy-1,4-benzoquinol methylase	AG-447-M10_00391	-3
CACJQD010000002.1	117417	120074	-	AG-447-M10_00389	AG-447-M10	885	OG0000798	K01006	pyruvate, orthophosphate dikinase [EC:2.7.9.1]	COG0574	PpsA	Phosphoenolpyruvate synthase/pyruvate phosphate dikinase	AG-447-M10_00391	-2
CACJQD010000002.1	120074	122140	-	AG-447-M10_00390	AG-447-M10	688	OG0000882	K01879	glycyl-tRNA synthetase beta chain [EC:6.1.1.14]	COG0751	GlyS	Glycyl-tRNA synthetase, beta subunit	AG-447-M10_00391	-1
CACJQD010000002.1	122140	123045	-	AG-447-M10_00391	AG-447-M10	301	OG0000870	K01878	glycyl-tRNA synthetase alpha chain [EC:6.1.1.14]	COG0752	GlyQ	Glycyl-tRNA synthetase, alpha subunit	AG-447-M10_00391	0
CACJQD010000002.1	123011	123817	-	AG-447-M10_00392	AG-447-M10	268	OG0000623	K04773	protease IV [EC:3.4.21.-]	COG0616	SppA	Periplasmic serine protease, ClpP class	AG-447-M10_00391	1
CACJQD010000002.1	123932	124945	+	AG-447-M10_00393	AG-447-M10	337	OG0000641	K02523	octaprenyl-diphosphate synthase [EC:2.5.1.90]	COG0142	IspA	Geranylgeranyl pyrophosphate synthase	AG-447-M10_00391	2
CACJQD010000002.1	124942	125568	-	AG-447-M10_00394	AG-447-M10	208	OG0000522	K00275	pyridoxamine 5'-phosphate oxidase [EC:1.4.3.5]	COG0259	PdxH	Pyridoxine/pyridoxamine 5'-phosphate oxidase	AG-447-M10_00391	3
CACJQD010000002.1	125602	126684	+	AG-447-M10_00395	AG-447-M10	360	OG0000279	K01736	chorismate synthase [EC:4.2.3.5]	COG0082	AroC	Chorismate synthase	AG-447-M10_00391	4
CACJQD010000002.1	126691	128607	-	AG-447-M10_00396	AG-447-M10	638	OG0000041	K01662	1-deoxy-D-xylulose-5-phosphate synthase [EC:2.2.1.7]	COG1154	Dxs	Deoxyxylulose-5-phosphate synthase	AG-447-M10_00391	5
CACJOY010000003.1	26958	27575	+	AG-447-N08_00713	AG-447-N08	205	OG0000171	K06187	recombination protein RecR	COG0353	RecR	Recombinational DNA repair protein RecR	AG-447-N08_00718	-5
CACJOY010000003.1	27562	29721	-	AG-447-N08_00714	AG-447-N08	719	OG0000589	K01638	malate synthase [EC:2.3.3.9]	COG2225	AceB	Malate synthase	AG-447-N08_00718	-4
CACJOY010000003.1	29823	30920	+	AG-447-N08_00715	AG-447-N08	365	OG0000287	K01962	acetyl-CoA carboxylase carboxyl transferase subunit alpha [EC:6.4.1.2 2.1.3.15]	COG0825	AccA	Acetyl-CoA carboxylase alpha subunit	AG-447-N08_00718	-3
CACJOY010000003.1	30915	31319	-	AG-447-N08_00716	AG-447-N08	134	OG0000162	NA	NA	COG0653	SecA	Preprotein translocase subunit SecA	AG-447-N08_00718	-2
CACJOY010000003.1	31312	33384	-	AG-447-N08_00717	AG-447-N08	690	OG0000882	K01879	glycyl-tRNA synthetase beta chain [EC:6.1.1.14]	COG0751	GlyS	Glycyl-tRNA synthetase, beta subunit	AG-447-N08_00718	-1
CACJOY010000003.1	33386	34291	-	AG-447-N08_00718	AG-447-N08	301	OG0000870	K01878	glycyl-tRNA synthetase alpha chain [EC:6.1.1.14]	COG0752	GlyQ	Glycyl-tRNA synthetase, alpha subunit	AG-447-N08_00718	0
CACJOY010000003.1	34257	35063	-	AG-447-N08_00719	AG-447-N08	268	OG0000623	K04773	protease IV [EC:3.4.21.-]	COG0616	SppA	Periplasmic serine protease, ClpP class	AG-447-N08_00718	1
CACJOY010000003.1	35179	36192	+	AG-447-N08_00720	AG-447-N08	337	OG0000641	K02523	octaprenyl-diphosphate synthase [EC:2.5.1.90]	COG0142	IspA	Geranylgeranyl pyrophosphate synthase	AG-447-N08_00718	2
CACJOY010000003.1	36189	36815	-	AG-447-N08_00721	AG-447-N08	208	OG0000522	K00275	pyridoxamine 5'-phosphate oxidase [EC:1.4.3.5]	COG0259	PdxH	Pyridoxine/pyridoxamine 5'-phosphate oxidase	AG-447-N08_00718	3
CACJOY010000003.1	36849	37931	+	AG-447-N08_00722	AG-447-N08	360	OG0000279	K01736	chorismate synthase [EC:4.2.3.5]	COG0082	AroC	Chorismate synthase	AG-447-N08_00718	4
CACJOY010000003.1	37935	39851	-	AG-447-N08_00723	AG-447-N08	638	OG0000041	K01662	1-deoxy-D-xylulose-5-phosphate synthase [EC:2.2.1.7]	COG1154	Dxs	Deoxyxylulose-5-phosphate synthase	AG-447-N08_00718	5
CACJPF010000002.1	17639	18463	+	AG-447-N18_00237	AG-447-N18	274	OG0000361	K03593	ATP-binding protein involved in chromosome partitioning	COG0489	Mrp	Fe-S cluster carrier ATPase, Mrp/ApbC/NBP35 family	AG-447-N18_00243	-5
CACJPF010000002.1	18444	19391	-	AG-447-N18_00238	AG-447-N18	315	OG0000256	K03465	thymidylate synthase (FAD) [EC:2.1.1.148]	COG1351	ThyX	Thymidylate synthase ThyX, FAD-dependent family	AG-447-N18_00243	-4
CACJPF010000002.1	19772	21136	+	AG-447-N18_00240	AG-447-N18	454	OG0001144	NA	NA	COG2133	YliI	Glucose/arabinose dehydrogenase, beta-propeller fold	AG-447-N18_00243	-3
CACJPF010000002.1	21146	23803	-	AG-447-N18_00241	AG-447-N18	885	OG0000798	K01006	pyruvate, orthophosphate dikinase [EC:2.7.9.1]	COG0574	PpsA	Phosphoenolpyruvate synthase/pyruvate phosphate dikinase	AG-447-N18_00243	-2
CACJPF010000002.1	23796	25868	-	AG-447-N18_00242	AG-447-N18	690	OG0000882	K01879	glycyl-tRNA synthetase beta chain [EC:6.1.1.14]	COG0751	GlyS	Glycyl-tRNA synthetase, beta subunit	AG-447-N18_00243	-1
CACJPF010000002.1	25872	26753	-	AG-447-N18_00243	AG-447-N18	293	OG0000870	K01878	glycyl-tRNA synthetase alpha chain [EC:6.1.1.14]	COG0752	GlyQ	Glycyl-tRNA synthetase, alpha subunit	AG-447-N18_00243	0
CACJPF010000002.1	26743	27549	-	AG-447-N18_00244	AG-447-N18	268	OG0000623	K04773	protease IV [EC:3.4.21.-]	COG0616	SppA	Periplasmic serine protease, ClpP class	AG-447-N18_00243	1
CACJPF010000002.1	27663	28676	+	AG-447-N18_00245	AG-447-N18	337	OG0000641	K02523	octaprenyl-diphosphate synthase [EC:2.5.1.90]	COG0142	IspA	Geranylgeranyl pyrophosphate synthase	AG-447-N18_00243	2
CACJPF010000002.1	28673	29299	-	AG-447-N18_00246	AG-447-N18	208	OG0000522	K00275	pyridoxamine 5'-phosphate oxidase [EC:1.4.3.5]	COG0259	PdxH	Pyridoxine/pyridoxamine 5'-phosphate oxidase	AG-447-N18_00243	3
CACJPF010000002.1	29333	30415	+	AG-447-N18_00247	AG-447-N18	360	OG0000279	K01736	chorismate synthase [EC:4.2.3.5]	COG0082	AroC	Chorismate synthase	AG-447-N18_00243	4
CACJPF010000002.1	30421	32334	-	AG-447-N18_00248	AG-447-N18	637	OG0000041	K01662	1-deoxy-D-xylulose-5-phosphate synthase [EC:2.2.1.7]	COG1154	Dxs	Deoxyxylulose-5-phosphate synthase	AG-447-N18_00243	5
CACPPS010000006.1	25126	25596	-	AG-447-N21_00675	AG-447-N21	156	OG0001094	NA	NA	COG0229	MsrB	Peptide methionine sulfoxide reductase MsrB	AG-447-N21_00681	-5
CACPPS010000006.1	25785	26774	+	AG-447-N21_00677	AG-447-N21	329	OG0000316	K03517	quinolinate synthase [EC:2.5.1.72]	COG0379	NadA	Quinolinate synthase	AG-447-N21_00681	-4
CACPPS010000006.1	26780	27616	+	AG-447-N21_00678	AG-447-N21	278	OG0000370	K00767	nicotinate-nucleotide pyrophosphorylase (carboxylating) [EC:2.4.2.19]	COG0157	NadC	Nicotinate-nucleotide pyrophosphorylase	AG-447-N21_00681	-3
CACPPS010000006.1	27622	30279	-	AG-447-N21_00679	AG-447-N21	885	OG0000798	K01006	pyruvate, orthophosphate dikinase [EC:2.7.9.1]	COG0574	PpsA	Phosphoenolpyruvate synthase/pyruvate phosphate dikinase	AG-447-N21_00681	-2
CACPPS010000006.1	30280	32343	-	AG-447-N21_00680	AG-447-N21	687	OG0000882	K01879	glycyl-tRNA synthetase beta chain [EC:6.1.1.14]	COG0751	GlyS	Glycyl-tRNA synthetase, beta subunit	AG-447-N21_00681	-1
CACPPS010000006.1	32345	33226	-	AG-447-N21_00681	AG-447-N21	293	OG0000870	K01878	glycyl-tRNA synthetase alpha chain [EC:6.1.1.14]	COG0752	GlyQ	Glycyl-tRNA synthetase, alpha subunit	AG-447-N21_00681	0
CACPPS010000006.1	33216	34025	-	AG-447-N21_00682	AG-447-N21	269	OG0000623	K04773	protease IV [EC:3.4.21.-]	COG0616	SppA	Periplasmic serine protease, ClpP class	AG-447-N21_00681	1
CACPPS010000006.1	34135	35148	+	AG-447-N21_00683	AG-447-N21	337	OG0000641	K02523	octaprenyl-diphosphate synthase [EC:2.5.1.90]	COG0142	IspA	Geranylgeranyl pyrophosphate synthase	AG-447-N21_00681	2
CACPPS010000006.1	35145	35768	-	AG-447-N21_00684	AG-447-N21	207	OG0000522	K00275	pyridoxamine 5'-phosphate oxidase [EC:1.4.3.5]	COG0259	PdxH	Pyridoxine/pyridoxamine 5'-phosphate oxidase	AG-447-N21_00681	3
CACPPS010000006.1	35801	36886	+	AG-447-N21_00685	AG-447-N21	361	OG0000279	K01736	chorismate synthase [EC:4.2.3.5]	COG0082	AroC	Chorismate synthase	AG-447-N21_00681	4
CACPPS010000006.1	36883	38793	-	AG-447-N21_00686	AG-447-N21	636	OG0000041	K01662	1-deoxy-D-xylulose-5-phosphate synthase [EC:2.2.1.7]	COG1154	Dxs	Deoxyxylulose-5-phosphate synthase	AG-447-N21_00681	5
CACJSJ010000008.1	35682	37598	+	AG-447-O23_00743	AG-447-O23	638	OG0000041	K01662	1-deoxy-D-xylulose-5-phosphate synthase [EC:2.2.1.7]	COG1154	Dxs	Deoxyxylulose-5-phosphate synthase	AG-447-O23_00748	-5
CACJSJ010000008.1	37607	38689	-	AG-447-O23_00744	AG-447-O23	360	OG0000279	K01736	chorismate synthase [EC:4.2.3.5]	COG0082	AroC	Chorismate synthase	AG-447-O23_00748	-4
CACJSJ010000008.1	38723	39349	+	AG-447-O23_00745	AG-447-O23	208	OG0000522	K00275	pyridoxamine 5'-phosphate oxidase [EC:1.4.3.5]	COG0259	PdxH	Pyridoxine/pyridoxamine 5'-phosphate oxidase	AG-447-O23_00748	-3
CACJSJ010000008.1	39346	40359	-	AG-447-O23_00746	AG-447-O23	337	OG0000641	K02523	octaprenyl-diphosphate synthase [EC:2.5.1.90]	COG0142	IspA	Geranylgeranyl pyrophosphate synthase	AG-447-O23_00748	-2
CACJSJ010000008.1	40476	41282	+	AG-447-O23_00747	AG-447-O23	268	OG0000623	K04773	protease IV [EC:3.4.21.-]	COG0616	SppA	Periplasmic serine protease, ClpP class	AG-447-O23_00748	-1
CACJSJ010000008.1	41248	42153	+	AG-447-O23_00748	AG-447-O23	301	OG0000870	K01878	glycyl-tRNA synthetase alpha chain [EC:6.1.1.14]	COG0752	GlyQ	Glycyl-tRNA synthetase, alpha subunit	AG-447-O23_00748	0
CACJTU010000007.1	47923	49839	+	AG-447-P03_00776	AG-447-P03	638	OG0000041	K01662	1-deoxy-D-xylulose-5-phosphate synthase [EC:2.2.1.7]	COG1154	Dxs	Deoxyxylulose-5-phosphate synthase	AG-447-P03_00781	-5
CACJTU010000007.1	49846	50928	-	AG-447-P03_00777	AG-447-P03	360	OG0000279	K01736	chorismate synthase [EC:4.2.3.5]	COG0082	AroC	Chorismate synthase	AG-447-P03_00781	-4
CACJTU010000007.1	50962	51588	+	AG-447-P03_00778	AG-447-P03	208	OG0000522	K00275	pyridoxamine 5'-phosphate oxidase [EC:1.4.3.5]	COG0259	PdxH	Pyridoxine/pyridoxamine 5'-phosphate oxidase	AG-447-P03_00781	-3
CACJTU010000007.1	51585	52598	-	AG-447-P03_00779	AG-447-P03	337	OG0000641	K02523	octaprenyl-diphosphate synthase [EC:2.5.1.90]	COG0142	IspA	Geranylgeranyl pyrophosphate synthase	AG-447-P03_00781	-2
CACJTU010000007.1	52713	53519	+	AG-447-P03_00780	AG-447-P03	268	OG0000623	K04773	protease IV [EC:3.4.21.-]	COG0616	SppA	Periplasmic serine protease, ClpP class	AG-447-P03_00781	-1
CACJTU010000007.1	53485	54387	+	AG-447-P03_00781	AG-447-P03	300	OG0000870	K01878	glycyl-tRNA synthetase alpha chain [EC:6.1.1.14]	COG0752	GlyQ	Glycyl-tRNA synthetase, alpha subunit	AG-447-P03_00781	0
CACJTU010000007.1	54387	56453	+	AG-447-P03_00782	AG-447-P03	688	OG0000882	K01879	glycyl-tRNA synthetase beta chain [EC:6.1.1.14]	COG0751	GlyS	Glycyl-tRNA synthetase, beta subunit	AG-447-P03_00781	1
CACJTU010000007.1	56453	59110	+	AG-447-P03_00783	AG-447-P03	885	OG0000798	K01006	pyruvate, orthophosphate dikinase [EC:2.7.9.1]	COG0574	PpsA	Phosphoenolpyruvate synthase/pyruvate phosphate dikinase	AG-447-P03_00781	2
CACJTU010000007.1	59215	60183	+	AG-447-P03_00784	AG-447-P03	322	OG0000088	NA	NA	COG0726	PgaB	Peptidoglycan/xylan/chitin deacetylase, PgdA/NodB/CDA1 family	AG-447-P03_00781	3
CACJTU010000007.1	60183	61112	+	AG-447-P03_00785	AG-447-P03	309	OG0003574	NA	NA	NA	NA	NA	AG-447-P03_00781	4
CACJTU010000007.1	61214	62185	+	AG-447-P03_00786	AG-447-P03	323	OG0000088	NA	NA	COG0726	PgaB	Peptidoglycan/xylan/chitin deacetylase, PgdA/NodB/CDA1 family	AG-447-P03_00781	5
CACKAJ010000001.1	190180	191061	+	AG-453-G04_00194	AG-453-G04	293	OG0000660	NA	NA	COG0354	YgfZ	Folate-binding protein YgfZ, synthesis and repair of Fe-S clusters, tRNA thiomethylation	AG-453-G04_00200	-5
CACKAJ010000001.1	191325	192314	+	AG-453-G04_00196	AG-453-G04	329	OG0000316	K03517	quinolinate synthase [EC:2.5.1.72]	COG0379	NadA	Quinolinate synthase	AG-453-G04_00200	-4
CACKAJ010000001.1	192358	193149	+	AG-453-G04_00197	AG-453-G04	263	OG0000370	K00767	nicotinate-nucleotide pyrophosphorylase (carboxylating) [EC:2.4.2.19]	COG0157	NadC	Nicotinate-nucleotide pyrophosphorylase	AG-453-G04_00200	-3
CACKAJ010000001.1	193138	195798	-	AG-453-G04_00198	AG-453-G04	886	OG0000798	K01006	pyruvate, orthophosphate dikinase [EC:2.7.9.1]	COG0574	PpsA	Phosphoenolpyruvate synthase/pyruvate phosphate dikinase	AG-453-G04_00200	-2
CACKAJ010000001.1	195798	197852	-	AG-453-G04_00199	AG-453-G04	684	OG0000882	K01879	glycyl-tRNA synthetase beta chain [EC:6.1.1.14]	COG0751	GlyS	Glycyl-tRNA synthetase, beta subunit	AG-453-G04_00200	-1
CACKAJ010000001.1	197856	198752	-	AG-453-G04_00200	AG-453-G04	298	OG0000870	K01878	glycyl-tRNA synthetase alpha chain [EC:6.1.1.14]	COG0752	GlyQ	Glycyl-tRNA synthetase, alpha subunit	AG-453-G04_00200	0
CACKAJ010000001.1	198753	199565	-	AG-453-G04_00201	AG-453-G04	270	OG0000623	K04773	protease IV [EC:3.4.21.-]	COG0616	SppA	Periplasmic serine protease, ClpP class	AG-453-G04_00200	1
CACKAJ010000001.1	199711	200724	+	AG-453-G04_00202	AG-453-G04	337	OG0000641	K02523	octaprenyl-diphosphate synthase [EC:2.5.1.90]	COG0142	IspA	Geranylgeranyl pyrophosphate synthase	AG-453-G04_00200	2
CACKAJ010000001.1	200721	201353	-	AG-453-G04_00203	AG-453-G04	210	OG0000522	K00275	pyridoxamine 5'-phosphate oxidase [EC:1.4.3.5]	COG0259	PdxH	Pyridoxine/pyridoxamine 5'-phosphate oxidase	AG-453-G04_00200	3
CACKAJ010000001.1	201388	202470	+	AG-453-G04_00204	AG-453-G04	360	OG0000279	K01736	chorismate synthase [EC:4.2.3.5]	COG0082	AroC	Chorismate synthase	AG-453-G04_00200	4
CACKAJ010000001.1	202467	204386	-	AG-453-G04_00205	AG-453-G04	639	OG0000041	K01662	1-deoxy-D-xylulose-5-phosphate synthase [EC:2.2.1.7]	COG1154	Dxs	Deoxyxylulose-5-phosphate synthase	AG-453-G04_00200	5
CACKFV010000021.1	10	1440	+	AG-453-K22_00996	AG-453-K22	476	OG0000041	K01662	1-deoxy-D-xylulose-5-phosphate synthase [EC:2.2.1.7]	COG1154	Dxs	Deoxyxylulose-5-phosphate synthase	AG-453-K22_01001	-5
CACKFV010000021.1	1437	2522	-	AG-453-K22_00997	AG-453-K22	361	OG0000279	K01736	chorismate synthase [EC:4.2.3.5]	COG0082	AroC	Chorismate synthase	AG-453-K22_01001	-4
CACKFV010000021.1	2555	3181	+	AG-453-K22_00998	AG-453-K22	208	OG0000522	K00275	pyridoxamine 5'-phosphate oxidase [EC:1.4.3.5]	COG0259	PdxH	Pyridoxine/pyridoxamine 5'-phosphate oxidase	AG-453-K22_01001	-3
CACKFV010000021.1	3178	4191	-	AG-453-K22_00999	AG-453-K22	337	OG0000641	K02523	octaprenyl-diphosphate synthase [EC:2.5.1.90]	COG0142	IspA	Geranylgeranyl pyrophosphate synthase	AG-453-K22_01001	-2
CACKFV010000021.1	4303	5109	+	AG-453-K22_01000	AG-453-K22	268	OG0000623	K04773	protease IV [EC:3.4.21.-]	COG0616	SppA	Periplasmic serine protease, ClpP class	AG-453-K22_01001	-1
CACKFV010000021.1	5072	5974	+	AG-453-K22_01001	AG-453-K22	300	OG0000870	K01878	glycyl-tRNA synthetase alpha chain [EC:6.1.1.14]	COG0752	GlyQ	Glycyl-tRNA synthetase, alpha subunit	AG-453-K22_01001	0
CACKFV010000021.1	5976	8045	+	AG-453-K22_01002	AG-453-K22	689	OG0000882	K01879	glycyl-tRNA synthetase beta chain [EC:6.1.1.14]	COG0751	GlyS	Glycyl-tRNA synthetase, beta subunit	AG-453-K22_01001	1
CACKOH010000007.1	183	506	-	AG-457-B14_00664	AG-457-B14	107	OG0000870	NA	NA	COG0752	GlyQ	Glycyl-tRNA synthetase, alpha subunit	AG-457-B14_00664	0
CACKOH010000007.1	496	1299	-	AG-457-B14_00665	AG-457-B14	267	OG0000623	K04773	protease IV [EC:3.4.21.-]	COG0616	SppA	Periplasmic serine protease, ClpP class	AG-457-B14_00664	1
CACKOH010000007.1	1414	2427	+	AG-457-B14_00666	AG-457-B14	337	OG0000641	K02523	octaprenyl-diphosphate synthase [EC:2.5.1.90]	COG0142	IspA	Geranylgeranyl pyrophosphate synthase	AG-457-B14_00664	2
CACKOH010000007.1	2424	3050	-	AG-457-B14_00667	AG-457-B14	208	OG0000522	K00275	pyridoxamine 5'-phosphate oxidase [EC:1.4.3.5]	COG0259	PdxH	Pyridoxine/pyridoxamine 5'-phosphate oxidase	AG-457-B14_00664	3
CACKOH010000007.1	3084	4166	+	AG-457-B14_00668	AG-457-B14	360	OG0000279	K01736	chorismate synthase [EC:4.2.3.5]	COG0082	AroC	Chorismate synthase	AG-457-B14_00664	4
CACKOH010000007.1	4173	6089	-	AG-457-B14_00669	AG-457-B14	638	OG0000041	K01662	1-deoxy-D-xylulose-5-phosphate synthase [EC:2.2.1.7]	COG1154	Dxs	Deoxyxylulose-5-phosphate synthase	AG-457-B14_00664	5
CACLNT010000007.1	8452	10365	+	AG-464-P13_00609	AG-464-P13	637	OG0000041	K01662	1-deoxy-D-xylulose-5-phosphate synthase [EC:2.2.1.7]	COG1154	Dxs	Deoxyxylulose-5-phosphate synthase	AG-464-P13_00614	-5
CACLNT010000007.1	10370	11452	-	AG-464-P13_00610	AG-464-P13	360	OG0000279	K01736	chorismate synthase [EC:4.2.3.5]	COG0082	AroC	Chorismate synthase	AG-464-P13_00614	-4
CACLNT010000007.1	11486	12109	+	AG-464-P13_00611	AG-464-P13	207	OG0000522	K00275	pyridoxamine 5'-phosphate oxidase [EC:1.4.3.5]	COG0259	PdxH	Pyridoxine/pyridoxamine 5'-phosphate oxidase	AG-464-P13_00614	-3
CACLNT010000007.1	12106	13119	-	AG-464-P13_00612	AG-464-P13	337	OG0000641	K02523	octaprenyl-diphosphate synthase [EC:2.5.1.90]	COG0142	IspA	Geranylgeranyl pyrophosphate synthase	AG-464-P13_00614	-2
CACLNT010000007.1	13231	14040	+	AG-464-P13_00613	AG-464-P13	269	OG0000623	K04773	protease IV [EC:3.4.21.-]	COG0616	SppA	Periplasmic serine protease, ClpP class	AG-464-P13_00614	-1
CACLNT010000007.1	14030	14917	+	AG-464-P13_00614	AG-464-P13	295	OG0000870	K01878	glycyl-tRNA synthetase alpha chain [EC:6.1.1.14]	COG0752	GlyQ	Glycyl-tRNA synthetase, alpha subunit	AG-464-P13_00614	0
CACLNT010000007.1	14917	16986	+	AG-464-P13_00615	AG-464-P13	689	OG0000882	K01879	glycyl-tRNA synthetase beta chain [EC:6.1.1.14]	COG0751	GlyS	Glycyl-tRNA synthetase, beta subunit	AG-464-P13_00614	1
CACLNT010000007.1	16986	19649	+	AG-464-P13_00616	AG-464-P13	887	OG0000798	K01006	pyruvate, orthophosphate dikinase [EC:2.7.9.1]	COG0574	PpsA	Phosphoenolpyruvate synthase/pyruvate phosphate dikinase	AG-464-P13_00614	2
CACLNT010000007.1	19646	20479	-	AG-464-P13_00617	AG-464-P13	277	OG0000370	K00767	nicotinate-nucleotide pyrophosphorylase (carboxylating) [EC:2.4.2.19]	COG0157	NadC	Nicotinate-nucleotide pyrophosphorylase	AG-464-P13_00614	3
CACLNT010000007.1	20485	21468	-	AG-464-P13_00618	AG-464-P13	327	OG0000316	K03517	quinolinate synthase [EC:2.5.1.72]	COG0379	NadA	Quinolinate synthase	AG-464-P13_00614	4
CACLNT010000007.1	21533	23005	-	AG-464-P13_00619	AG-464-P13	490	OG0001098	K08997	protein adenylyltransferase [EC:2.7.7.108]	COG0397	SelO	Protein adenylyltransferase (AMPylase) SelO/YdiU (selenoprotein O)	AG-464-P13_00614	5
CACLQB010000003.1	79537	79779	-	AG-470-D02_00368	AG-470-D02	80	OG0003284	NA	NA	NA	NA	NA	AG-470-D02_00373	-5
CACLQB010000003.1	79877	80158	+	AG-470-D02_00369	AG-470-D02	93	OG0002815	NA	NA	NA	NA	NA	AG-470-D02_00373	-4
CACLQB010000003.1	80194	80562	-	AG-470-D02_00370	AG-470-D02	122	OG0002530	NA	NA	NA	NA	NA	AG-470-D02_00373	-3
CACLQB010000003.1	80676	83333	-	AG-470-D02_00371	AG-470-D02	885	OG0000798	K01006	pyruvate, orthophosphate dikinase [EC:2.7.9.1]	COG0574	PpsA	Phosphoenolpyruvate synthase/pyruvate phosphate dikinase	AG-470-D02_00373	-2
CACLQB010000003.1	83333	85399	-	AG-470-D02_00372	AG-470-D02	688	OG0000882	K01879	glycyl-tRNA synthetase beta chain [EC:6.1.1.14]	COG0751	GlyS	Glycyl-tRNA synthetase, beta subunit	AG-470-D02_00373	-1
CACLQB010000003.1	85403	86317	-	AG-470-D02_00373	AG-470-D02	304	OG0000870	K01878	glycyl-tRNA synthetase alpha chain [EC:6.1.1.14]	COG0752	GlyQ	Glycyl-tRNA synthetase, alpha subunit	AG-470-D02_00373	0
CACLQB010000003.1	86283	87086	-	AG-470-D02_00374	AG-470-D02	267	OG0000623	K04773	protease IV [EC:3.4.21.-]	COG0616	SppA	Periplasmic serine protease, ClpP class	AG-470-D02_00373	1
CACLQB010000003.1	87201	88214	+	AG-470-D02_00375	AG-470-D02	337	OG0000641	K02523	octaprenyl-diphosphate synthase [EC:2.5.1.90]	COG0142	IspA	Geranylgeranyl pyrophosphate synthase	AG-470-D02_00373	2
CACLQB010000003.1	88211	88837	-	AG-470-D02_00376	AG-470-D02	208	OG0000522	K00275	pyridoxamine 5'-phosphate oxidase [EC:1.4.3.5]	COG0259	PdxH	Pyridoxine/pyridoxamine 5'-phosphate oxidase	AG-470-D02_00373	3
CACLQB010000003.1	88871	89953	+	AG-470-D02_00377	AG-470-D02	360	OG0000279	K01736	chorismate synthase [EC:4.2.3.5]	COG0082	AroC	Chorismate synthase	AG-470-D02_00373	4
CACLQB010000003.1	89960	91876	-	AG-470-D02_00378	AG-470-D02	638	OG0000041	K01662	1-deoxy-D-xylulose-5-phosphate synthase [EC:2.2.1.7]	COG1154	Dxs	Deoxyxylulose-5-phosphate synthase	AG-470-D02_00373	5
CACLZL010000025.1	375	1280	-	AG-891-A05_01272	AG-891-A05	301	OG0000870	K01878	glycyl-tRNA synthetase alpha chain [EC:6.1.1.14]	COG0752	GlyQ	Glycyl-tRNA synthetase, alpha subunit	AG-891-A05_01272	0
CACLZL010000025.1	1246	2052	-	AG-891-A05_01273	AG-891-A05	268	OG0000623	K04773	protease IV [EC:3.4.21.-]	COG0616	SppA	Periplasmic serine protease, ClpP class	AG-891-A05_01272	1
CACLZL010000025.1	2167	3180	+	AG-891-A05_01274	AG-891-A05	337	OG0000641	K02523	octaprenyl-diphosphate synthase [EC:2.5.1.90]	COG0142	IspA	Geranylgeranyl pyrophosphate synthase	AG-891-A05_01272	2
CACLZL010000025.1	3177	3803	-	AG-891-A05_01275	AG-891-A05	208	OG0000522	K00275	pyridoxamine 5'-phosphate oxidase [EC:1.4.3.5]	COG0259	PdxH	Pyridoxine/pyridoxamine 5'-phosphate oxidase	AG-891-A05_01272	3
CACMBY010000006.1	27193	29106	+	AG-891-C15_00825	AG-891-C15	637	OG0000041	K01662	1-deoxy-D-xylulose-5-phosphate synthase [EC:2.2.1.7]	COG1154	Dxs	Deoxyxylulose-5-phosphate synthase	AG-891-C15_00830	-5
CACMBY010000006.1	29112	30194	-	AG-891-C15_00826	AG-891-C15	360	OG0000279	K01736	chorismate synthase [EC:4.2.3.5]	COG0082	AroC	Chorismate synthase	AG-891-C15_00830	-4
CACMBY010000006.1	30228	30854	+	AG-891-C15_00827	AG-891-C15	208	OG0000522	K00275	pyridoxamine 5'-phosphate oxidase [EC:1.4.3.5]	COG0259	PdxH	Pyridoxine/pyridoxamine 5'-phosphate oxidase	AG-891-C15_00830	-3
CACMBY010000006.1	30851	31864	-	AG-891-C15_00828	AG-891-C15	337	OG0000641	K02523	octaprenyl-diphosphate synthase [EC:2.5.1.90]	COG0142	IspA	Geranylgeranyl pyrophosphate synthase	AG-891-C15_00830	-2
CACMBY010000006.1	31978	32784	+	AG-891-C15_00829	AG-891-C15	268	OG0000623	K04773	protease IV [EC:3.4.21.-]	COG0616	SppA	Periplasmic serine protease, ClpP class	AG-891-C15_00830	-1
CACMBY010000006.1	32774	33655	+	AG-891-C15_00830	AG-891-C15	293	OG0000870	K01878	glycyl-tRNA synthetase alpha chain [EC:6.1.1.14]	COG0752	GlyQ	Glycyl-tRNA synthetase, alpha subunit	AG-891-C15_00830	0
CACMBY010000006.1	33657	35729	+	AG-891-C15_00831	AG-891-C15	690	OG0000882	K01879	glycyl-tRNA synthetase beta chain [EC:6.1.1.14]	COG0751	GlyS	Glycyl-tRNA synthetase, beta subunit	AG-891-C15_00830	1
CACMBY010000006.1	35722	38385	+	AG-891-C15_00832	AG-891-C15	887	OG0000798	K01006	pyruvate, orthophosphate dikinase [EC:2.7.9.1]	COG0574	PpsA	Phosphoenolpyruvate synthase/pyruvate phosphate dikinase	AG-891-C15_00830	2
CACMBY010000006.1	38664	39668	+	AG-891-C15_00833	AG-891-C15	334	OG0001126	NA	NA	NA	NA	NA	AG-891-C15_00830	3
CACMBY010000006.1	39973	40920	+	AG-891-C15_00835	AG-891-C15	315	OG0000256	K03465	thymidylate synthase (FAD) [EC:2.1.1.148]	COG1351	ThyX	Thymidylate synthase ThyX, FAD-dependent family	AG-891-C15_00830	4
CACMBY010000006.1	40901	41725	-	AG-891-C15_00836	AG-891-C15	274	OG0000361	K03593	ATP-binding protein involved in chromosome partitioning	COG0489	Mrp	Fe-S cluster carrier ATPase, Mrp/ApbC/NBP35 family	AG-891-C15_00830	5
CACMGO010000009.1	7946	9862	+	AG-891-G02_01094	AG-891-G02	638	OG0000041	K01662	1-deoxy-D-xylulose-5-phosphate synthase [EC:2.2.1.7]	COG1154	Dxs	Deoxyxylulose-5-phosphate synthase	AG-891-G02_01099	-5
CACMGO010000009.1	9867	10949	-	AG-891-G02_01095	AG-891-G02	360	OG0000279	K01736	chorismate synthase [EC:4.2.3.5]	COG0082	AroC	Chorismate synthase	AG-891-G02_01099	-4
CACMGO010000009.1	10983	11609	+	AG-891-G02_01096	AG-891-G02	208	OG0000522	K00275	pyridoxamine 5'-phosphate oxidase [EC:1.4.3.5]	COG0259	PdxH	Pyridoxine/pyridoxamine 5'-phosphate oxidase	AG-891-G02_01099	-3
CACMGO010000009.1	11606	12619	-	AG-891-G02_01097	AG-891-G02	337	OG0000641	K02523	octaprenyl-diphosphate synthase [EC:2.5.1.90]	COG0142	IspA	Geranylgeranyl pyrophosphate synthase	AG-891-G02_01099	-2
CACMGO010000009.1	12734	13537	+	AG-891-G02_01098	AG-891-G02	267	OG0000623	K04773	protease IV [EC:3.4.21.-]	COG0616	SppA	Periplasmic serine protease, ClpP class	AG-891-G02_01099	-1
CACMGO010000009.1	13503	14399	+	AG-891-G02_01099	AG-891-G02	298	OG0000870	K01878	glycyl-tRNA synthetase alpha chain [EC:6.1.1.14]	COG0752	GlyQ	Glycyl-tRNA synthetase, alpha subunit	AG-891-G02_01099	0
CACMGO010000009.1	14399	16465	+	AG-891-G02_01100	AG-891-G02	688	OG0000882	K01879	glycyl-tRNA synthetase beta chain [EC:6.1.1.14]	COG0751	GlyS	Glycyl-tRNA synthetase, beta subunit	AG-891-G02_01099	1
CACMGO010000009.1	16465	19125	+	AG-891-G02_01101	AG-891-G02	886	OG0000798	K01006	pyruvate, orthophosphate dikinase [EC:2.7.9.1]	COG0574	PpsA	Phosphoenolpyruvate synthase/pyruvate phosphate dikinase	AG-891-G02_01099	2
CACMGO010000009.1	19136	19342	+	AG-891-G02_01102	AG-891-G02	68	OG0001534	NA	NA	COG5515	NA	Uncharacterized conserved protein, DUF1737 domain	AG-891-G02_01099	3
CACMGO010000009.1	19622	19825	+	AG-891-G02_01103	AG-891-G02	67	OG0001780	NA	NA	NA	NA	NA	AG-891-G02_01099	4
CACMGO010000009.1	19891	21057	+	AG-891-G02_01104	AG-891-G02	388	OG0001812	NA	NA	COG2159	LigW	5-carboxyvanillate decarboxylase LigW (lignin degradation), amidohydro domain	AG-891-G02_01099	5
CACMIH010000004.1	112776	113846	-	AG-891-I18_00805	AG-891-I18	356	OG0000256	K03465	thymidylate synthase (FAD) [EC:2.1.1.148]	COG1351	ThyX	Thymidylate synthase ThyX, FAD-dependent family	AG-891-I18_00811	-5
CACMIH010000004.1	114044	114895	-	AG-891-I18_00807	AG-891-I18	283	OG0001412	NA	NA	COG1216	WcaE	Glycosyltransferase, GT2 family	AG-891-I18_00811	-4
CACMIH010000004.1	114903	115970	-	AG-891-I18_00808	AG-891-I18	355	OG0000167	NA	NA	COG0641	AslB	Sulfatase maturation enzyme AslB, radical SAM superfamily	AG-891-I18_00811	-3
CACMIH010000004.1	116006	118669	-	AG-891-I18_00809	AG-891-I18	887	OG0000798	K01006	pyruvate, orthophosphate dikinase [EC:2.7.9.1]	COG0574	PpsA	Phosphoenolpyruvate synthase/pyruvate phosphate dikinase	AG-891-I18_00811	-2
CACMIH010000004.1	118669	120735	-	AG-891-I18_00810	AG-891-I18	688	OG0000882	K01879	glycyl-tRNA synthetase beta chain [EC:6.1.1.14]	COG0751	GlyS	Glycyl-tRNA synthetase, beta subunit	AG-891-I18_00811	-1
CACMIH010000004.1	120735	121640	-	AG-891-I18_00811	AG-891-I18	301	OG0000870	K01878	glycyl-tRNA synthetase alpha chain [EC:6.1.1.14]	COG0752	GlyQ	Glycyl-tRNA synthetase, alpha subunit	AG-891-I18_00811	0
CACMIH010000004.1	121606	122412	-	AG-891-I18_00812	AG-891-I18	268	OG0000623	K04773	protease IV [EC:3.4.21.-]	COG0616	SppA	Periplasmic serine protease, ClpP class	AG-891-I18_00811	1
CACMIH010000004.1	122527	123540	+	AG-891-I18_00813	AG-891-I18	337	OG0000641	K02523	octaprenyl-diphosphate synthase [EC:2.5.1.90]	COG0142	IspA	Geranylgeranyl pyrophosphate synthase	AG-891-I18_00811	2
CACMIH010000004.1	123537	124163	-	AG-891-I18_00814	AG-891-I18	208	OG0000522	K00275	pyridoxamine 5'-phosphate oxidase [EC:1.4.3.5]	COG0259	PdxH	Pyridoxine/pyridoxamine 5'-phosphate oxidase	AG-891-I18_00811	3
CACMIH010000004.1	124197	125279	+	AG-891-I18_00815	AG-891-I18	360	OG0000279	K01736	chorismate synthase [EC:4.2.3.5]	COG0082	AroC	Chorismate synthase	AG-891-I18_00811	4
CACMIH010000004.1	125286	127202	-	AG-891-I18_00816	AG-891-I18	638	OG0000041	K01662	1-deoxy-D-xylulose-5-phosphate synthase [EC:2.2.1.7]	COG1154	Dxs	Deoxyxylulose-5-phosphate synthase	AG-891-I18_00811	5
CACMIX010000001.1	75361	77277	+	AG-891-J07_00082	AG-891-J07	638	OG0000041	K01662	1-deoxy-D-xylulose-5-phosphate synthase [EC:2.2.1.7]	COG1154	Dxs	Deoxyxylulose-5-phosphate synthase	AG-891-J07_00087	-5
CACMIX010000001.1	77283	78365	-	AG-891-J07_00083	AG-891-J07	360	OG0000279	K01736	chorismate synthase [EC:4.2.3.5]	COG0082	AroC	Chorismate synthase	AG-891-J07_00087	-4
CACMIX010000001.1	78399	79025	+	AG-891-J07_00084	AG-891-J07	208	OG0000522	K00275	pyridoxamine 5'-phosphate oxidase [EC:1.4.3.5]	COG0259	PdxH	Pyridoxine/pyridoxamine 5'-phosphate oxidase	AG-891-J07_00087	-3
CACMIX010000001.1	79022	80035	-	AG-891-J07_00085	AG-891-J07	337	OG0000641	K02523	octaprenyl-diphosphate synthase [EC:2.5.1.90]	COG0142	IspA	Geranylgeranyl pyrophosphate synthase	AG-891-J07_00087	-2
CACMIX010000001.1	80150	80953	+	AG-891-J07_00086	AG-891-J07	267	OG0000623	K04773	protease IV [EC:3.4.21.-]	COG0616	SppA	Periplasmic serine protease, ClpP class	AG-891-J07_00087	-1
CACMIX010000001.1	80943	81827	+	AG-891-J07_00087	AG-891-J07	294	OG0000870	K01878	glycyl-tRNA synthetase alpha chain [EC:6.1.1.14]	COG0752	GlyQ	Glycyl-tRNA synthetase, alpha subunit	AG-891-J07_00087	0
CACMIX010000001.1	81831	83900	+	AG-891-J07_00088	AG-891-J07	689	OG0000882	K01879	glycyl-tRNA synthetase beta chain [EC:6.1.1.14]	COG0751	GlyS	Glycyl-tRNA synthetase, beta subunit	AG-891-J07_00087	1
CACMIX010000001.1	83897	86554	+	AG-891-J07_00089	AG-891-J07	885	OG0000798	K01006	pyruvate, orthophosphate dikinase [EC:2.7.9.1]	COG0574	PpsA	Phosphoenolpyruvate synthase/pyruvate phosphate dikinase	AG-891-J07_00087	2
CACMIX010000001.1	86745	87815	+	AG-891-J07_00091	AG-891-J07	356	OG0000256	K03465	thymidylate synthase (FAD) [EC:2.1.1.148]	COG1351	ThyX	Thymidylate synthase ThyX, FAD-dependent family	AG-891-J07_00087	3
CACMIX010000001.1	87796	88620	-	AG-891-J07_00092	AG-891-J07	274	OG0000361	K03593	ATP-binding protein involved in chromosome partitioning	COG0489	Mrp	Fe-S cluster carrier ATPase, Mrp/ApbC/NBP35 family	AG-891-J07_00087	4
CACMIX010000001.1	88672	89775	+	AG-891-J07_00093	AG-891-J07	367	OG0000394	K04088	modulator of FtsH protease HflK	COG0330	HflC	Regulator of protease activity HflC, stomatin/prohibitin superfamily	AG-891-J07_00087	5
CACMND010000001.1	31211	32158	-	AG-891-N03_00031	AG-891-N03	315	OG0000256	K03465	thymidylate synthase (FAD) [EC:2.1.1.148]	COG1351	ThyX	Thymidylate synthase ThyX, FAD-dependent family	AG-891-N03_00038	-5
CACMND010000001.1	32622	33611	+	AG-891-N03_00034	AG-891-N03	329	OG0000316	K03517	quinolinate synthase [EC:2.5.1.72]	COG0379	NadA	Quinolinate synthase	AG-891-N03_00038	-4
CACMND010000001.1	33617	34453	+	AG-891-N03_00035	AG-891-N03	278	OG0000370	K00767	nicotinate-nucleotide pyrophosphorylase (carboxylating) [EC:2.4.2.19]	COG0157	NadC	Nicotinate-nucleotide pyrophosphorylase	AG-891-N03_00038	-3
CACMND010000001.1	34463	37120	-	AG-891-N03_00036	AG-891-N03	885	OG0000798	K01006	pyruvate, orthophosphate dikinase [EC:2.7.9.1]	COG0574	PpsA	Phosphoenolpyruvate synthase/pyruvate phosphate dikinase	AG-891-N03_00038	-2
CACMND010000001.1	37121	39184	-	AG-891-N03_00037	AG-891-N03	687	OG0000882	K01879	glycyl-tRNA synthetase beta chain [EC:6.1.1.14]	COG0751	GlyS	Glycyl-tRNA synthetase, beta subunit	AG-891-N03_00038	-1
CACMND010000001.1	39186	40070	-	AG-891-N03_00038	AG-891-N03	294	OG0000870	K01878	glycyl-tRNA synthetase alpha chain [EC:6.1.1.14]	COG0752	GlyQ	Glycyl-tRNA synthetase, alpha subunit	AG-891-N03_00038	0
CACMND010000001.1	40060	40866	-	AG-891-N03_00039	AG-891-N03	268	OG0000623	K04773	protease IV [EC:3.4.21.-]	COG0616	SppA	Periplasmic serine protease, ClpP class	AG-891-N03_00038	1
CACMND010000001.1	40975	41988	+	AG-891-N03_00040	AG-891-N03	337	OG0000641	K02523	octaprenyl-diphosphate synthase [EC:2.5.1.90]	COG0142	IspA	Geranylgeranyl pyrophosphate synthase	AG-891-N03_00038	2
CACMND010000001.1	41985	42608	-	AG-891-N03_00041	AG-891-N03	207	OG0000522	K00275	pyridoxamine 5'-phosphate oxidase [EC:1.4.3.5]	COG0259	PdxH	Pyridoxine/pyridoxamine 5'-phosphate oxidase	AG-891-N03_00038	3
CACMND010000001.1	42641	43726	+	AG-891-N03_00042	AG-891-N03	361	OG0000279	K01736	chorismate synthase [EC:4.2.3.5]	COG0082	AroC	Chorismate synthase	AG-891-N03_00038	4
CACMND010000001.1	43723	45633	-	AG-891-N03_00043	AG-891-N03	636	OG0000041	K01662	1-deoxy-D-xylulose-5-phosphate synthase [EC:2.2.1.7]	COG1154	Dxs	Deoxyxylulose-5-phosphate synthase	AG-891-N03_00038	5
CACMOZ010000009.1	19995	20984	+	AG-891-O15_00992	AG-891-O15	329	OG0000316	K03517	quinolinate synthase [EC:2.5.1.72]	COG0379	NadA	Quinolinate synthase	AG-891-O15_00997	-5
CACMOZ010000009.1	20989	21822	+	AG-891-O15_00993	AG-891-O15	277	OG0000370	K00767	nicotinate-nucleotide pyrophosphorylase (carboxylating) [EC:2.4.2.19]	COG0157	NadC	Nicotinate-nucleotide pyrophosphorylase	AG-891-O15_00997	-4
CACMOZ010000009.1	21834	22556	-	AG-891-O15_00994	AG-891-O15	240	OG0000008	NA	NA	COG2227	UbiG	2-polyprenyl-3-methyl-5-hydroxy-6-metoxy-1,4-benzoquinol methylase	AG-891-O15_00997	-3
CACMOZ010000009.1	22560	25220	-	AG-891-O15_00995	AG-891-O15	886	OG0000798	K01006	pyruvate, orthophosphate dikinase [EC:2.7.9.1]	COG0574	PpsA	Phosphoenolpyruvate synthase/pyruvate phosphate dikinase	AG-891-O15_00997	-2
CACMOZ010000009.1	25220	27274	-	AG-891-O15_00996	AG-891-O15	684	OG0000882	K01879	glycyl-tRNA synthetase beta chain [EC:6.1.1.14]	COG0751	GlyS	Glycyl-tRNA synthetase, beta subunit	AG-891-O15_00997	-1
CACMOZ010000009.1	27278	28174	-	AG-891-O15_00997	AG-891-O15	298	OG0000870	K01878	glycyl-tRNA synthetase alpha chain [EC:6.1.1.14]	COG0752	GlyQ	Glycyl-tRNA synthetase, alpha subunit	AG-891-O15_00997	0
CACMOZ010000009.1	28175	28987	-	AG-891-O15_00998	AG-891-O15	270	OG0000623	K04773	protease IV [EC:3.4.21.-]	COG0616	SppA	Periplasmic serine protease, ClpP class	AG-891-O15_00997	1
CACMOZ010000009.1	29132	30145	+	AG-891-O15_00999	AG-891-O15	337	OG0000641	K02523	octaprenyl-diphosphate synthase [EC:2.5.1.90]	COG0142	IspA	Geranylgeranyl pyrophosphate synthase	AG-891-O15_00997	2
CACMOZ010000009.1	30142	30774	-	AG-891-O15_01000	AG-891-O15	210	OG0000522	K00275	pyridoxamine 5'-phosphate oxidase [EC:1.4.3.5]	COG0259	PdxH	Pyridoxine/pyridoxamine 5'-phosphate oxidase	AG-891-O15_00997	3
CACMOZ010000009.1	30812	31894	+	AG-891-O15_01001	AG-891-O15	360	OG0000279	K01736	chorismate synthase [EC:4.2.3.5]	COG0082	AroC	Chorismate synthase	AG-891-O15_00997	4
CACMOZ010000009.1	31891	31998	-	AG-891-O15_01002	AG-891-O15	35	OG0000041	NA	NA	NA	NA	NA	AG-891-O15_00997	5
CACMRC010000007.1	2056	4530	-	AG-892-A22_00924	AG-892-A22	824	OG0001665	K01153	type I restriction enzyme, R subunit [EC:3.1.21.3]	COG4096	HsdR	Type I site-specific restriction endonuclease, part of a restriction-modification system	AG-892-A22_00927	-3
CACMRC010000007.1	4688	7354	-	AG-892-A22_00925	AG-892-A22	888	OG0000798	K01006	pyruvate, orthophosphate dikinase [EC:2.7.9.1]	COG0574	PpsA	Phosphoenolpyruvate synthase/pyruvate phosphate dikinase	AG-892-A22_00927	-2
CACMRC010000007.1	7354	9420	-	AG-892-A22_00926	AG-892-A22	688	OG0000882	K01879	glycyl-tRNA synthetase beta chain [EC:6.1.1.14]	COG0751	GlyS	Glycyl-tRNA synthetase, beta subunit	AG-892-A22_00927	-1
CACMRC010000007.1	9420	10325	-	AG-892-A22_00927	AG-892-A22	301	OG0000870	K01878	glycyl-tRNA synthetase alpha chain [EC:6.1.1.14]	COG0752	GlyQ	Glycyl-tRNA synthetase, alpha subunit	AG-892-A22_00927	0
CACMRC010000007.1	10291	11097	-	AG-892-A22_00928	AG-892-A22	268	OG0000623	K04773	protease IV [EC:3.4.21.-]	COG0616	SppA	Periplasmic serine protease, ClpP class	AG-892-A22_00927	1
CACMRC010000007.1	11212	12225	+	AG-892-A22_00929	AG-892-A22	337	OG0000641	K02523	octaprenyl-diphosphate synthase [EC:2.5.1.90]	COG0142	IspA	Geranylgeranyl pyrophosphate synthase	AG-892-A22_00927	2
CACMRC010000007.1	12222	12848	-	AG-892-A22_00930	AG-892-A22	208	OG0000522	K00275	pyridoxamine 5'-phosphate oxidase [EC:1.4.3.5]	COG0259	PdxH	Pyridoxine/pyridoxamine 5'-phosphate oxidase	AG-892-A22_00927	3
CACMRC010000007.1	12882	13964	+	AG-892-A22_00931	AG-892-A22	360	OG0000279	K01736	chorismate synthase [EC:4.2.3.5]	COG0082	AroC	Chorismate synthase	AG-892-A22_00927	4
CACMRC010000007.1	13971	15887	-	AG-892-A22_00932	AG-892-A22	638	OG0000041	K01662	1-deoxy-D-xylulose-5-phosphate synthase [EC:2.2.1.7]	COG1154	Dxs	Deoxyxylulose-5-phosphate synthase	AG-892-A22_00927	5
CACMSB010000002.1	196781	197728	-	AG-892-B11_00742	AG-892-B11	315	OG0000256	K03465	thymidylate synthase (FAD) [EC:2.1.1.148]	COG1351	ThyX	Thymidylate synthase ThyX, FAD-dependent family	AG-892-B11_00749	-5
CACMSB010000002.1	198194	199183	+	AG-892-B11_00745	AG-892-B11	329	OG0000316	K03517	quinolinate synthase [EC:2.5.1.72]	COG0379	NadA	Quinolinate synthase	AG-892-B11_00749	-4
CACMSB010000002.1	199189	200025	+	AG-892-B11_00746	AG-892-B11	278	OG0000370	K00767	nicotinate-nucleotide pyrophosphorylase (carboxylating) [EC:2.4.2.19]	COG0157	NadC	Nicotinate-nucleotide pyrophosphorylase	AG-892-B11_00749	-3
CACMSB010000002.1	200035	202692	-	AG-892-B11_00747	AG-892-B11	885	OG0000798	K01006	pyruvate, orthophosphate dikinase [EC:2.7.9.1]	COG0574	PpsA	Phosphoenolpyruvate synthase/pyruvate phosphate dikinase	AG-892-B11_00749	-2
CACMSB010000002.1	202693	204756	-	AG-892-B11_00748	AG-892-B11	687	OG0000882	K01879	glycyl-tRNA synthetase beta chain [EC:6.1.1.14]	COG0751	GlyS	Glycyl-tRNA synthetase, beta subunit	AG-892-B11_00749	-1
CACMSB010000002.1	204758	205642	-	AG-892-B11_00749	AG-892-B11	294	OG0000870	K01878	glycyl-tRNA synthetase alpha chain [EC:6.1.1.14]	COG0752	GlyQ	Glycyl-tRNA synthetase, alpha subunit	AG-892-B11_00749	0
CACMSB010000002.1	205632	206438	-	AG-892-B11_00750	AG-892-B11	268	OG0000623	K04773	protease IV [EC:3.4.21.-]	COG0616	SppA	Periplasmic serine protease, ClpP class	AG-892-B11_00749	1
CACMSB010000002.1	206547	207560	+	AG-892-B11_00751	AG-892-B11	337	OG0000641	K02523	octaprenyl-diphosphate synthase [EC:2.5.1.90]	COG0142	IspA	Geranylgeranyl pyrophosphate synthase	AG-892-B11_00749	2
CACMSB010000002.1	207557	208180	-	AG-892-B11_00752	AG-892-B11	207	OG0000522	K00275	pyridoxamine 5'-phosphate oxidase [EC:1.4.3.5]	COG0259	PdxH	Pyridoxine/pyridoxamine 5'-phosphate oxidase	AG-892-B11_00749	3
CACMSB010000002.1	208213	209298	+	AG-892-B11_00753	AG-892-B11	361	OG0000279	K01736	chorismate synthase [EC:4.2.3.5]	COG0082	AroC	Chorismate synthase	AG-892-B11_00749	4
CACMSB010000002.1	209295	211205	-	AG-892-B11_00754	AG-892-B11	636	OG0000041	K01662	1-deoxy-D-xylulose-5-phosphate synthase [EC:2.2.1.7]	COG1154	Dxs	Deoxyxylulose-5-phosphate synthase	AG-892-B11_00749	5
CACMTO010000006.1	19836	21752	+	AG-892-C18_00814	AG-892-C18	638	OG0000041	K01662	1-deoxy-D-xylulose-5-phosphate synthase [EC:2.2.1.7]	COG1154	Dxs	Deoxyxylulose-5-phosphate synthase	AG-892-C18_00819	-5
CACMTO010000006.1	21754	22836	-	AG-892-C18_00815	AG-892-C18	360	OG0000279	K01736	chorismate synthase [EC:4.2.3.5]	COG0082	AroC	Chorismate synthase	AG-892-C18_00819	-4
CACMTO010000006.1	22870	23496	+	AG-892-C18_00816	AG-892-C18	208	OG0000522	K00275	pyridoxamine 5'-phosphate oxidase [EC:1.4.3.5]	COG0259	PdxH	Pyridoxine/pyridoxamine 5'-phosphate oxidase	AG-892-C18_00819	-3
CACMTO010000006.1	23493	24506	-	AG-892-C18_00817	AG-892-C18	337	OG0000641	K02523	octaprenyl-diphosphate synthase [EC:2.5.1.90]	COG0142	IspA	Geranylgeranyl pyrophosphate synthase	AG-892-C18_00819	-2
CACMTO010000006.1	24623	25435	+	AG-892-C18_00818	AG-892-C18	270	OG0000623	K04773	protease IV [EC:3.4.21.-]	COG0616	SppA	Periplasmic serine protease, ClpP class	AG-892-C18_00819	-1
CACMTO010000006.1	25436	26320	+	AG-892-C18_00819	AG-892-C18	294	OG0000870	K01878	glycyl-tRNA synthetase alpha chain [EC:6.1.1.14]	COG0752	GlyQ	Glycyl-tRNA synthetase, alpha subunit	AG-892-C18_00819	0
CACMTO010000006.1	26322	28394	+	AG-892-C18_00820	AG-892-C18	690	OG0000882	K01879	glycyl-tRNA synthetase beta chain [EC:6.1.1.14]	COG0751	GlyS	Glycyl-tRNA synthetase, beta subunit	AG-892-C18_00819	1
CACMTO010000006.1	28387	31056	+	AG-892-C18_00821	AG-892-C18	889	OG0000798	K01006	pyruvate, orthophosphate dikinase [EC:2.7.9.1]	COG0574	PpsA	Phosphoenolpyruvate synthase/pyruvate phosphate dikinase	AG-892-C18_00819	2
CACMTO010000006.1	31061	31894	-	AG-892-C18_00822	AG-892-C18	277	OG0000370	K00767	nicotinate-nucleotide pyrophosphorylase (carboxylating) [EC:2.4.2.19]	COG0157	NadC	Nicotinate-nucleotide pyrophosphorylase	AG-892-C18_00819	3
CACMTO010000006.1	31901	32890	-	AG-892-C18_00823	AG-892-C18	329	OG0000316	K03517	quinolinate synthase [EC:2.5.1.72]	COG0379	NadA	Quinolinate synthase	AG-892-C18_00819	4
CACMTO010000006.1	33036	33938	-	AG-892-C18_00825	AG-892-C18	300	OG0000660	NA	NA	COG0354	YgfZ	Folate-binding protein YgfZ, synthesis and repair of Fe-S clusters, tRNA thiomethylation	AG-892-C18_00819	5
CACMVC010000006.1	61620	63536	+	AG-892-E08_01221	AG-892-E08	638	OG0000041	K01662	1-deoxy-D-xylulose-5-phosphate synthase [EC:2.2.1.7]	COG1154	Dxs	Deoxyxylulose-5-phosphate synthase	AG-892-E08_01226	-5
CACMVC010000006.1	63543	64625	-	AG-892-E08_01222	AG-892-E08	360	OG0000279	K01736	chorismate synthase [EC:4.2.3.5]	COG0082	AroC	Chorismate synthase	AG-892-E08_01226	-4
CACMVC010000006.1	64659	65285	+	AG-892-E08_01223	AG-892-E08	208	OG0000522	K00275	pyridoxamine 5'-phosphate oxidase [EC:1.4.3.5]	COG0259	PdxH	Pyridoxine/pyridoxamine 5'-phosphate oxidase	AG-892-E08_01226	-3
CACMVC010000006.1	65282	66295	-	AG-892-E08_01224	AG-892-E08	337	OG0000641	K02523	octaprenyl-diphosphate synthase [EC:2.5.1.90]	COG0142	IspA	Geranylgeranyl pyrophosphate synthase	AG-892-E08_01226	-2
CACMVC010000006.1	66410	67213	+	AG-892-E08_01225	AG-892-E08	267	OG0000623	K04773	protease IV [EC:3.4.21.-]	COG0616	SppA	Periplasmic serine protease, ClpP class	AG-892-E08_01226	-1
CACMVC010000006.1	67203	68093	+	AG-892-E08_01226	AG-892-E08	296	OG0000870	K01878	glycyl-tRNA synthetase alpha chain [EC:6.1.1.14]	COG0752	GlyQ	Glycyl-tRNA synthetase, alpha subunit	AG-892-E08_01226	0
CACMWB010000017.1	735	1361	+	AG-892-F02_01178	AG-892-F02	208	OG0000522	K00275	pyridoxamine 5'-phosphate oxidase [EC:1.4.3.5]	COG0259	PdxH	Pyridoxine/pyridoxamine 5'-phosphate oxidase	AG-892-F02_01181	-3
CACMWB010000017.1	1358	2371	-	AG-892-F02_01179	AG-892-F02	337	OG0000641	K02523	octaprenyl-diphosphate synthase [EC:2.5.1.90]	COG0142	IspA	Geranylgeranyl pyrophosphate synthase	AG-892-F02_01181	-2
CACMWB010000017.1	2486	3292	+	AG-892-F02_01180	AG-892-F02	268	OG0000623	K04773	protease IV [EC:3.4.21.-]	COG0616	SppA	Periplasmic serine protease, ClpP class	AG-892-F02_01181	-1
CACMWB010000017.1	3258	4163	+	AG-892-F02_01181	AG-892-F02	301	OG0000870	K01878	glycyl-tRNA synthetase alpha chain [EC:6.1.1.14]	COG0752	GlyQ	Glycyl-tRNA synthetase, alpha subunit	AG-892-F02_01181	0
CACMWB010000017.1	4163	6229	+	AG-892-F02_01182	AG-892-F02	688	OG0000882	K01879	glycyl-tRNA synthetase beta chain [EC:6.1.1.14]	COG0751	GlyS	Glycyl-tRNA synthetase, beta subunit	AG-892-F02_01181	1
CACMWB010000017.1	6229	8889	+	AG-892-F02_01183	AG-892-F02	886	OG0000798	K01006	pyruvate, orthophosphate dikinase [EC:2.7.9.1]	COG0574	PpsA	Phosphoenolpyruvate synthase/pyruvate phosphate dikinase	AG-892-F02_01181	2
CACMWB010000017.1	9077	10147	+	AG-892-F02_01185	AG-892-F02	356	OG0000256	K03465	thymidylate synthase (FAD) [EC:2.1.1.148]	COG1351	ThyX	Thymidylate synthase ThyX, FAD-dependent family	AG-892-F02_01181	3
CACMWB010000017.1	10128	10952	-	AG-892-F02_01186	AG-892-F02	274	OG0000361	K03593	ATP-binding protein involved in chromosome partitioning	COG0489	Mrp	Fe-S cluster carrier ATPase, Mrp/ApbC/NBP35 family	AG-892-F02_01181	4
CACMWQ010000004.1	108501	109448	-	AG-892-F15_01031	AG-892-F15	315	OG0000256	K03465	thymidylate synthase (FAD) [EC:2.1.1.148]	COG1351	ThyX	Thymidylate synthase ThyX, FAD-dependent family	AG-892-F15_01038	-5
CACMWQ010000004.1	109912	110901	+	AG-892-F15_01034	AG-892-F15	329	OG0000316	K03517	quinolinate synthase [EC:2.5.1.72]	COG0379	NadA	Quinolinate synthase	AG-892-F15_01038	-4
CACMWQ010000004.1	110907	111743	+	AG-892-F15_01035	AG-892-F15	278	OG0000370	K00767	nicotinate-nucleotide pyrophosphorylase (carboxylating) [EC:2.4.2.19]	COG0157	NadC	Nicotinate-nucleotide pyrophosphorylase	AG-892-F15_01038	-3
CACMWQ010000004.1	111753	114410	-	AG-892-F15_01036	AG-892-F15	885	OG0000798	K01006	pyruvate, orthophosphate dikinase [EC:2.7.9.1]	COG0574	PpsA	Phosphoenolpyruvate synthase/pyruvate phosphate dikinase	AG-892-F15_01038	-2
CACMWQ010000004.1	114411	116474	-	AG-892-F15_01037	AG-892-F15	687	OG0000882	K01879	glycyl-tRNA synthetase beta chain [EC:6.1.1.14]	COG0751	GlyS	Glycyl-tRNA synthetase, beta subunit	AG-892-F15_01038	-1
CACMWQ010000004.1	116476	117360	-	AG-892-F15_01038	AG-892-F15	294	OG0000870	K01878	glycyl-tRNA synthetase alpha chain [EC:6.1.1.14]	COG0752	GlyQ	Glycyl-tRNA synthetase, alpha subunit	AG-892-F15_01038	0
CACMWQ010000004.1	117350	118156	-	AG-892-F15_01039	AG-892-F15	268	OG0000623	K04773	protease IV [EC:3.4.21.-]	COG0616	SppA	Periplasmic serine protease, ClpP class	AG-892-F15_01038	1
CACMWQ010000004.1	118265	119278	+	AG-892-F15_01040	AG-892-F15	337	OG0000641	K02523	octaprenyl-diphosphate synthase [EC:2.5.1.90]	COG0142	IspA	Geranylgeranyl pyrophosphate synthase	AG-892-F15_01038	2
CACMWQ010000004.1	119275	119898	-	AG-892-F15_01041	AG-892-F15	207	OG0000522	K00275	pyridoxamine 5'-phosphate oxidase [EC:1.4.3.5]	COG0259	PdxH	Pyridoxine/pyridoxamine 5'-phosphate oxidase	AG-892-F15_01038	3
CACMWQ010000004.1	119931	121016	+	AG-892-F15_01042	AG-892-F15	361	OG0000279	K01736	chorismate synthase [EC:4.2.3.5]	COG0082	AroC	Chorismate synthase	AG-892-F15_01038	4
CACMWQ010000004.1	121013	122923	-	AG-892-F15_01043	AG-892-F15	636	OG0000041	K01662	1-deoxy-D-xylulose-5-phosphate synthase [EC:2.2.1.7]	COG1154	Dxs	Deoxyxylulose-5-phosphate synthase	AG-892-F15_01038	5
CACMZL010000005.1	79649	80596	-	AG-892-J03_01176	AG-892-J03	315	OG0000256	K03465	thymidylate synthase (FAD) [EC:2.1.1.148]	COG1351	ThyX	Thymidylate synthase ThyX, FAD-dependent family	AG-892-J03_01183	-5
CACMZL010000005.1	81060	82049	+	AG-892-J03_01179	AG-892-J03	329	OG0000316	K03517	quinolinate synthase [EC:2.5.1.72]	COG0379	NadA	Quinolinate synthase	AG-892-J03_01183	-4
CACMZL010000005.1	82055	82891	+	AG-892-J03_01180	AG-892-J03	278	OG0000370	K00767	nicotinate-nucleotide pyrophosphorylase (carboxylating) [EC:2.4.2.19]	COG0157	NadC	Nicotinate-nucleotide pyrophosphorylase	AG-892-J03_01183	-3
CACMZL010000005.1	82902	85559	-	AG-892-J03_01181	AG-892-J03	885	OG0000798	K01006	pyruvate, orthophosphate dikinase [EC:2.7.9.1]	COG0574	PpsA	Phosphoenolpyruvate synthase/pyruvate phosphate dikinase	AG-892-J03_01183	-2
CACMZL010000005.1	85560	87623	-	AG-892-J03_01182	AG-892-J03	687	OG0000882	K01879	glycyl-tRNA synthetase beta chain [EC:6.1.1.14]	COG0751	GlyS	Glycyl-tRNA synthetase, beta subunit	AG-892-J03_01183	-1
CACMZL010000005.1	87625	88509	-	AG-892-J03_01183	AG-892-J03	294	OG0000870	K01878	glycyl-tRNA synthetase alpha chain [EC:6.1.1.14]	COG0752	GlyQ	Glycyl-tRNA synthetase, alpha subunit	AG-892-J03_01183	0
CACMZL010000005.1	88499	89305	-	AG-892-J03_01184	AG-892-J03	268	OG0000623	K04773	protease IV [EC:3.4.21.-]	COG0616	SppA	Periplasmic serine protease, ClpP class	AG-892-J03_01183	1
CACMZL010000005.1	89414	90427	+	AG-892-J03_01185	AG-892-J03	337	OG0000641	K02523	octaprenyl-diphosphate synthase [EC:2.5.1.90]	COG0142	IspA	Geranylgeranyl pyrophosphate synthase	AG-892-J03_01183	2
CACMZL010000005.1	90424	91047	-	AG-892-J03_01186	AG-892-J03	207	OG0000522	K00275	pyridoxamine 5'-phosphate oxidase [EC:1.4.3.5]	COG0259	PdxH	Pyridoxine/pyridoxamine 5'-phosphate oxidase	AG-892-J03_01183	3
CACMZL010000005.1	91080	92165	+	AG-892-J03_01187	AG-892-J03	361	OG0000279	K01736	chorismate synthase [EC:4.2.3.5]	COG0082	AroC	Chorismate synthase	AG-892-J03_01183	4
CACMZL010000005.1	92162	94072	-	AG-892-J03_01188	AG-892-J03	636	OG0000041	K01662	1-deoxy-D-xylulose-5-phosphate synthase [EC:2.2.1.7]	COG1154	Dxs	Deoxyxylulose-5-phosphate synthase	AG-892-J03_01183	5
CACNAR010000002.1	127603	128427	+	AG-892-K05_00383	AG-892-K05	274	OG0000361	K03593	ATP-binding protein involved in chromosome partitioning	COG0489	Mrp	Fe-S cluster carrier ATPase, Mrp/ApbC/NBP35 family	AG-892-K05_00389	-5
CACNAR010000002.1	128408	129355	-	AG-892-K05_00384	AG-892-K05	315	OG0000256	K03465	thymidylate synthase (FAD) [EC:2.1.1.148]	COG1351	ThyX	Thymidylate synthase ThyX, FAD-dependent family	AG-892-K05_00389	-4
CACNAR010000002.1	129741	130439	+	AG-892-K05_00386	AG-892-K05	232	OG0004091	NA	NA	NA	NA	NA	AG-892-K05_00389	-3
CACNAR010000002.1	130440	133097	-	AG-892-K05_00387	AG-892-K05	885	OG0000798	K01006	pyruvate, orthophosphate dikinase [EC:2.7.9.1]	COG0574	PpsA	Phosphoenolpyruvate synthase/pyruvate phosphate dikinase	AG-892-K05_00389	-2
CACNAR010000002.1	133090	135162	-	AG-892-K05_00388	AG-892-K05	690	OG0000882	K01879	glycyl-tRNA synthetase beta chain [EC:6.1.1.14]	COG0751	GlyS	Glycyl-tRNA synthetase, beta subunit	AG-892-K05_00389	-1
CACNAR010000002.1	135164	136045	-	AG-892-K05_00389	AG-892-K05	293	OG0000870	K01878	glycyl-tRNA synthetase alpha chain [EC:6.1.1.14]	COG0752	GlyQ	Glycyl-tRNA synthetase, alpha subunit	AG-892-K05_00389	0
CACNAR010000002.1	136035	136841	-	AG-892-K05_00390	AG-892-K05	268	OG0000623	K04773	protease IV [EC:3.4.21.-]	COG0616	SppA	Periplasmic serine protease, ClpP class	AG-892-K05_00389	1
CACNAR010000002.1	136956	137969	+	AG-892-K05_00391	AG-892-K05	337	OG0000641	K02523	octaprenyl-diphosphate synthase [EC:2.5.1.90]	COG0142	IspA	Geranylgeranyl pyrophosphate synthase	AG-892-K05_00389	2
CACNAR010000002.1	137966	138592	-	AG-892-K05_00392	AG-892-K05	208	OG0000522	K00275	pyridoxamine 5'-phosphate oxidase [EC:1.4.3.5]	COG0259	PdxH	Pyridoxine/pyridoxamine 5'-phosphate oxidase	AG-892-K05_00389	3
CACNAR010000002.1	138627	139709	+	AG-892-K05_00393	AG-892-K05	360	OG0000279	K01736	chorismate synthase [EC:4.2.3.5]	COG0082	AroC	Chorismate synthase	AG-892-K05_00389	4
CACNAR010000002.1	139715	141628	-	AG-892-K05_00394	AG-892-K05	637	OG0000041	K01662	1-deoxy-D-xylulose-5-phosphate synthase [EC:2.2.1.7]	COG1154	Dxs	Deoxyxylulose-5-phosphate synthase	AG-892-K05_00389	5
CACNBC010000002.1	43257	45170	+	AG-892-K09_00250	AG-892-K09	637	OG0000041	K01662	1-deoxy-D-xylulose-5-phosphate synthase [EC:2.2.1.7]	COG1154	Dxs	Deoxyxylulose-5-phosphate synthase	AG-892-K09_00255	-5
CACNBC010000002.1	45167	46252	-	AG-892-K09_00251	AG-892-K09	361	OG0000279	K01736	chorismate synthase [EC:4.2.3.5]	COG0082	AroC	Chorismate synthase	AG-892-K09_00255	-4
CACNBC010000002.1	46286	46912	+	AG-892-K09_00252	AG-892-K09	208	OG0000522	K00275	pyridoxamine 5'-phosphate oxidase [EC:1.4.3.5]	COG0259	PdxH	Pyridoxine/pyridoxamine 5'-phosphate oxidase	AG-892-K09_00255	-3
CACNBC010000002.1	46909	47922	-	AG-892-K09_00253	AG-892-K09	337	OG0000641	K02523	octaprenyl-diphosphate synthase [EC:2.5.1.90]	COG0142	IspA	Geranylgeranyl pyrophosphate synthase	AG-892-K09_00255	-2
CACNBC010000002.1	48033	48839	+	AG-892-K09_00254	AG-892-K09	268	OG0000623	K04773	protease IV [EC:3.4.21.-]	COG0616	SppA	Periplasmic serine protease, ClpP class	AG-892-K09_00255	-1
CACNBC010000002.1	48829	49719	+	AG-892-K09_00255	AG-892-K09	296	OG0000870	K01878	glycyl-tRNA synthetase alpha chain [EC:6.1.1.14]	COG0752	GlyQ	Glycyl-tRNA synthetase, alpha subunit	AG-892-K09_00255	0
CACNBC010000002.1	49721	51784	+	AG-892-K09_00256	AG-892-K09	687	OG0000882	K01879	glycyl-tRNA synthetase beta chain [EC:6.1.1.14]	COG0751	GlyS	Glycyl-tRNA synthetase, beta subunit	AG-892-K09_00255	1
CACNBC010000002.1	51786	54443	+	AG-892-K09_00257	AG-892-K09	885	OG0000798	K01006	pyruvate, orthophosphate dikinase [EC:2.7.9.1]	COG0574	PpsA	Phosphoenolpyruvate synthase/pyruvate phosphate dikinase	AG-892-K09_00255	2
CACNBC010000002.1	54457	55296	-	AG-892-K09_00258	AG-892-K09	279	OG0000370	K00767	nicotinate-nucleotide pyrophosphorylase (carboxylating) [EC:2.4.2.19]	COG0157	NadC	Nicotinate-nucleotide pyrophosphorylase	AG-892-K09_00255	3
CACNBC010000002.1	55304	56293	-	AG-892-K09_00259	AG-892-K09	329	OG0000316	K03517	quinolinate synthase [EC:2.5.1.72]	COG0379	NadA	Quinolinate synthase	AG-892-K09_00255	4
CACNBC010000002.1	56468	57166	-	AG-892-K09_00261	AG-892-K09	232	OG0000043	NA	NA	COG0463	WcaA	Glycosyltransferase involved in cell wall bisynthesis	AG-892-K09_00255	5
CACNCD010000001.1	104	1717	+	AG-892-L05_00001	AG-892-L05	537	OG0000041	K01662	1-deoxy-D-xylulose-5-phosphate synthase [EC:2.2.1.7]	COG1154	Dxs	Deoxyxylulose-5-phosphate synthase	AG-892-L05_00006	-5
CACNCD010000001.1	1714	2799	-	AG-892-L05_00002	AG-892-L05	361	OG0000279	K01736	chorismate synthase [EC:4.2.3.5]	COG0082	AroC	Chorismate synthase	AG-892-L05_00006	-4
CACNCD010000001.1	2833	3459	+	AG-892-L05_00003	AG-892-L05	208	OG0000522	K00275	pyridoxamine 5'-phosphate oxidase [EC:1.4.3.5]	COG0259	PdxH	Pyridoxine/pyridoxamine 5'-phosphate oxidase	AG-892-L05_00006	-3
CACNCD010000001.1	3456	4469	-	AG-892-L05_00004	AG-892-L05	337	OG0000641	K02523	octaprenyl-diphosphate synthase [EC:2.5.1.90]	COG0142	IspA	Geranylgeranyl pyrophosphate synthase	AG-892-L05_00006	-2
CACNCD010000001.1	4580	5392	+	AG-892-L05_00005	AG-892-L05	270	OG0000623	K04773	protease IV [EC:3.4.21.-]	COG0616	SppA	Periplasmic serine protease, ClpP class	AG-892-L05_00006	-1
CACNCD010000001.1	5393	6286	+	AG-892-L05_00006	AG-892-L05	297	OG0000870	K01878	glycyl-tRNA synthetase alpha chain [EC:6.1.1.14]	COG0752	GlyQ	Glycyl-tRNA synthetase, alpha subunit	AG-892-L05_00006	0
CACNCD010000001.1	6289	8358	+	AG-892-L05_00007	AG-892-L05	689	OG0000882	K01879	glycyl-tRNA synthetase beta chain [EC:6.1.1.14]	COG0751	GlyS	Glycyl-tRNA synthetase, beta subunit	AG-892-L05_00006	1
CACNCD010000001.1	8355	11012	+	AG-892-L05_00008	AG-892-L05	885	OG0000798	K01006	pyruvate, orthophosphate dikinase [EC:2.7.9.1]	COG0574	PpsA	Phosphoenolpyruvate synthase/pyruvate phosphate dikinase	AG-892-L05_00006	2
CACNCD010000001.1	11013	11846	-	AG-892-L05_00009	AG-892-L05	277	OG0000370	K00767	nicotinate-nucleotide pyrophosphorylase (carboxylating) [EC:2.4.2.19]	COG0157	NadC	Nicotinate-nucleotide pyrophosphorylase	AG-892-L05_00006	3
CACNCD010000001.1	11852	12841	-	AG-892-L05_00010	AG-892-L05	329	OG0000316	K03517	quinolinate synthase [EC:2.5.1.72]	COG0379	NadA	Quinolinate synthase	AG-892-L05_00006	4
CACNCD010000001.1	12990	13877	-	AG-892-L05_00012	AG-892-L05	295	OG0000660	NA	NA	COG0354	YgfZ	Folate-binding protein YgfZ, synthesis and repair of Fe-S clusters, tRNA thiomethylation	AG-892-L05_00006	5
CACNCJ010000016.1	3733	5649	+	AG-892-L17_01018	AG-892-L17	638	OG0000041	K01662	1-deoxy-D-xylulose-5-phosphate synthase [EC:2.2.1.7]	COG1154	Dxs	Deoxyxylulose-5-phosphate synthase	AG-892-L17_01023	-5
CACNCJ010000016.1	5656	6738	-	AG-892-L17_01019	AG-892-L17	360	OG0000279	K01736	chorismate synthase [EC:4.2.3.5]	COG0082	AroC	Chorismate synthase	AG-892-L17_01023	-4
CACNCJ010000016.1	6772	7398	+	AG-892-L17_01020	AG-892-L17	208	OG0000522	K00275	pyridoxamine 5'-phosphate oxidase [EC:1.4.3.5]	COG0259	PdxH	Pyridoxine/pyridoxamine 5'-phosphate oxidase	AG-892-L17_01023	-3
CACNCJ010000016.1	7395	8408	-	AG-892-L17_01021	AG-892-L17	337	OG0000641	K02523	octaprenyl-diphosphate synthase [EC:2.5.1.90]	COG0142	IspA	Geranylgeranyl pyrophosphate synthase	AG-892-L17_01023	-2
CACNCJ010000016.1	8523	9329	+	AG-892-L17_01022	AG-892-L17	268	OG0000623	K04773	protease IV [EC:3.4.21.-]	COG0616	SppA	Periplasmic serine protease, ClpP class	AG-892-L17_01023	-1
CACNCJ010000016.1	9295	10200	+	AG-892-L17_01023	AG-892-L17	301	OG0000870	K01878	glycyl-tRNA synthetase alpha chain [EC:6.1.1.14]	COG0752	GlyQ	Glycyl-tRNA synthetase, alpha subunit	AG-892-L17_01023	0
CACNCJ010000016.1	10200	12266	+	AG-892-L17_01024	AG-892-L17	688	OG0000882	K01879	glycyl-tRNA synthetase beta chain [EC:6.1.1.14]	COG0751	GlyS	Glycyl-tRNA synthetase, beta subunit	AG-892-L17_01023	1
CACNLV010000001.1	903761	904708	-	AG-893-F11_00976	AG-893-F11	315	OG0000256	K03465	thymidylate synthase (FAD) [EC:2.1.1.148]	COG1351	ThyX	Thymidylate synthase ThyX, FAD-dependent family	AG-893-F11_00982	-5
CACNLV010000001.1	905089	905490	-	AG-893-F11_00978	AG-893-F11	133	OG0002730	NA	NA	COG3111	YdeI	Predicted periplasmic protein with OB-fold, involved in stress response, YdeI/OmdA family	AG-893-F11_00982	-4
CACNLV010000001.1	905487	906461	-	AG-893-F11_00979	AG-893-F11	324	OG0001816	K07451	5-methylcytosine-specific restriction enzyme A [EC:3.1.21.-]	COG3183	McrA	5-methylcytosine-specific restriction endonuclease McrA	AG-893-F11_00982	-3
CACNLV010000001.1	906611	909277	-	AG-893-F11_00980	AG-893-F11	888	OG0000798	K01006	pyruvate, orthophosphate dikinase [EC:2.7.9.1]	COG0574	PpsA	Phosphoenolpyruvate synthase/pyruvate phosphate dikinase	AG-893-F11_00982	-2
CACNLV010000001.1	909274	911343	-	AG-893-F11_00981	AG-893-F11	689	OG0000882	K01879	glycyl-tRNA synthetase beta chain [EC:6.1.1.14]	COG0751	GlyS	Glycyl-tRNA synthetase, beta subunit	AG-893-F11_00982	-1
CACNLV010000001.1	911345	912226	-	AG-893-F11_00982	AG-893-F11	293	OG0000870	K01878	glycyl-tRNA synthetase alpha chain [EC:6.1.1.14]	COG0752	GlyQ	Glycyl-tRNA synthetase, alpha subunit	AG-893-F11_00982	0
CACNLV010000001.1	912216	913022	-	AG-893-F11_00983	AG-893-F11	268	OG0000623	K04773	protease IV [EC:3.4.21.-]	COG0616	SppA	Periplasmic serine protease, ClpP class	AG-893-F11_00982	1
CACNLV010000001.1	913137	914150	+	AG-893-F11_00984	AG-893-F11	337	OG0000641	K02523	octaprenyl-diphosphate synthase [EC:2.5.1.90]	COG0142	IspA	Geranylgeranyl pyrophosphate synthase	AG-893-F11_00982	2
CACNLV010000001.1	914147	914773	-	AG-893-F11_00985	AG-893-F11	208	OG0000522	K00275	pyridoxamine 5'-phosphate oxidase [EC:1.4.3.5]	COG0259	PdxH	Pyridoxine/pyridoxamine 5'-phosphate oxidase	AG-893-F11_00982	3
CACNLV010000001.1	914808	915890	+	AG-893-F11_00986	AG-893-F11	360	OG0000279	K01736	chorismate synthase [EC:4.2.3.5]	COG0082	AroC	Chorismate synthase	AG-893-F11_00982	4
CACNLV010000001.1	915896	917809	-	AG-893-F11_00987	AG-893-F11	637	OG0000041	K01662	1-deoxy-D-xylulose-5-phosphate synthase [EC:2.2.1.7]	COG1154	Dxs	Deoxyxylulose-5-phosphate synthase	AG-893-F11_00982	5
CACNOT010000014.1	445	1071	+	AG-893-I20_01103	AG-893-I20	208	OG0000522	K00275	pyridoxamine 5'-phosphate oxidase [EC:1.4.3.5]	COG0259	PdxH	Pyridoxine/pyridoxamine 5'-phosphate oxidase	AG-893-I20_01106	-3
CACNOT010000014.1	1068	2081	-	AG-893-I20_01104	AG-893-I20	337	OG0000641	K02523	octaprenyl-diphosphate synthase [EC:2.5.1.90]	COG0142	IspA	Geranylgeranyl pyrophosphate synthase	AG-893-I20_01106	-2
CACNOT010000014.1	2195	3001	+	AG-893-I20_01105	AG-893-I20	268	OG0000623	K04773	protease IV [EC:3.4.21.-]	COG0616	SppA	Periplasmic serine protease, ClpP class	AG-893-I20_01106	-1
CACNOT010000014.1	2991	3872	+	AG-893-I20_01106	AG-893-I20	293	OG0000870	K01878	glycyl-tRNA synthetase alpha chain [EC:6.1.1.14]	COG0752	GlyQ	Glycyl-tRNA synthetase, alpha subunit	AG-893-I20_01106	0
CACNOT010000014.1	5097	5312	-	AG-893-I20_01107	AG-893-I20	71	OG0003507	NA	NA	NA	NA	NA	AG-893-I20_01106	1
CACNPC010000001.1	239802	240884	-	AG-893-J08_00243	AG-893-J08	360	OG0002589	NA	NA	COG2227	UbiG	2-polyprenyl-3-methyl-5-hydroxy-6-metoxy-1,4-benzoquinol methylase	AG-893-J08_00249	-5
CACNPC010000001.1	241547	242536	+	AG-893-J08_00245	AG-893-J08	329	OG0000316	K03517	quinolinate synthase [EC:2.5.1.72]	COG0379	NadA	Quinolinate synthase	AG-893-J08_00249	-4
CACNPC010000001.1	242542	243378	+	AG-893-J08_00246	AG-893-J08	278	OG0000370	K00767	nicotinate-nucleotide pyrophosphorylase (carboxylating) [EC:2.4.2.19]	COG0157	NadC	Nicotinate-nucleotide pyrophosphorylase	AG-893-J08_00249	-3
CACNPC010000001.1	243387	246044	-	AG-893-J08_00247	AG-893-J08	885	OG0000798	K01006	pyruvate, orthophosphate dikinase [EC:2.7.9.1]	COG0574	PpsA	Phosphoenolpyruvate synthase/pyruvate phosphate dikinase	AG-893-J08_00249	-2
CACNPC010000001.1	246045	248108	-	AG-893-J08_00248	AG-893-J08	687	OG0000882	K01879	glycyl-tRNA synthetase beta chain [EC:6.1.1.14]	COG0751	GlyS	Glycyl-tRNA synthetase, beta subunit	AG-893-J08_00249	-1
CACNPC010000001.1	248110	248994	-	AG-893-J08_00249	AG-893-J08	294	OG0000870	K01878	glycyl-tRNA synthetase alpha chain [EC:6.1.1.14]	COG0752	GlyQ	Glycyl-tRNA synthetase, alpha subunit	AG-893-J08_00249	0
CACNPC010000001.1	248984	249790	-	AG-893-J08_00250	AG-893-J08	268	OG0000623	K04773	protease IV [EC:3.4.21.-]	COG0616	SppA	Periplasmic serine protease, ClpP class	AG-893-J08_00249	1
CACNPC010000001.1	249899	250912	+	AG-893-J08_00251	AG-893-J08	337	OG0000641	K02523	octaprenyl-diphosphate synthase [EC:2.5.1.90]	COG0142	IspA	Geranylgeranyl pyrophosphate synthase	AG-893-J08_00249	2
CACNPC010000001.1	250909	251532	-	AG-893-J08_00252	AG-893-J08	207	OG0000522	K00275	pyridoxamine 5'-phosphate oxidase [EC:1.4.3.5]	COG0259	PdxH	Pyridoxine/pyridoxamine 5'-phosphate oxidase	AG-893-J08_00249	3
CACNPC010000001.1	251565	252650	+	AG-893-J08_00253	AG-893-J08	361	OG0000279	K01736	chorismate synthase [EC:4.2.3.5]	COG0082	AroC	Chorismate synthase	AG-893-J08_00249	4
CACNPC010000001.1	252647	254557	-	AG-893-J08_00254	AG-893-J08	636	OG0000041	K01662	1-deoxy-D-xylulose-5-phosphate synthase [EC:2.2.1.7]	COG1154	Dxs	Deoxyxylulose-5-phosphate synthase	AG-893-J08_00249	5
CACNQD010000002.1	171043	171387	+	AG-893-K09_00528	AG-893-K09	114	OG0001564	NA	NA	COG1917	QdoI	Cupin domain protein related to quercetin dioxygenase	AG-893-K09_00534	-5
CACNQD010000002.1	171533	172522	+	AG-893-K09_00530	AG-893-K09	329	OG0000316	K03517	quinolinate synthase [EC:2.5.1.72]	COG0379	NadA	Quinolinate synthase	AG-893-K09_00534	-4
CACNQD010000002.1	172527	173357	+	AG-893-K09_00531	AG-893-K09	276	OG0000370	K00767	nicotinate-nucleotide pyrophosphorylase (carboxylating) [EC:2.4.2.19]	COG0157	NadC	Nicotinate-nucleotide pyrophosphorylase	AG-893-K09_00534	-3
CACNQD010000002.1	173347	176010	-	AG-893-K09_00532	AG-893-K09	887	OG0000798	K01006	pyruvate, orthophosphate dikinase [EC:2.7.9.1]	COG0574	PpsA	Phosphoenolpyruvate synthase/pyruvate phosphate dikinase	AG-893-K09_00534	-2
CACNQD010000002.1	176010	178079	-	AG-893-K09_00533	AG-893-K09	689	OG0000882	K01879	glycyl-tRNA synthetase beta chain [EC:6.1.1.14]	COG0751	GlyS	Glycyl-tRNA synthetase, beta subunit	AG-893-K09_00534	-1
CACNQD010000002.1	178087	178959	-	AG-893-K09_00534	AG-893-K09	290	OG0000870	K01878	glycyl-tRNA synthetase alpha chain [EC:6.1.1.14]	COG0752	GlyQ	Glycyl-tRNA synthetase, alpha subunit	AG-893-K09_00534	0
CACNQD010000002.1	178949	179755	-	AG-893-K09_00535	AG-893-K09	268	OG0000623	K04773	protease IV [EC:3.4.21.-]	COG0616	SppA	Periplasmic serine protease, ClpP class	AG-893-K09_00534	1
CACNQD010000002.1	179866	180879	+	AG-893-K09_00536	AG-893-K09	337	OG0000641	K02523	octaprenyl-diphosphate synthase [EC:2.5.1.90]	COG0142	IspA	Geranylgeranyl pyrophosphate synthase	AG-893-K09_00534	2
CACNQD010000002.1	180876	181499	-	AG-893-K09_00537	AG-893-K09	207	OG0000522	K00275	pyridoxamine 5'-phosphate oxidase [EC:1.4.3.5]	COG0259	PdxH	Pyridoxine/pyridoxamine 5'-phosphate oxidase	AG-893-K09_00534	3
CACNQD010000002.1	181532	182617	+	AG-893-K09_00538	AG-893-K09	361	OG0000279	K01736	chorismate synthase [EC:4.2.3.5]	COG0082	AroC	Chorismate synthase	AG-893-K09_00534	4
CACNQD010000002.1	182614	184521	-	AG-893-K09_00539	AG-893-K09	635	OG0000041	K01662	1-deoxy-D-xylulose-5-phosphate synthase [EC:2.2.1.7]	COG1154	Dxs	Deoxyxylulose-5-phosphate synthase	AG-893-K09_00534	5
CACNRC010000001.1	267321	268268	-	AG-893-L07_00270	AG-893-L07	315	OG0000256	K03465	thymidylate synthase (FAD) [EC:2.1.1.148]	COG1351	ThyX	Thymidylate synthase ThyX, FAD-dependent family	AG-893-L07_00277	-5
CACNRC010000001.1	268739	269728	+	AG-893-L07_00273	AG-893-L07	329	OG0000316	K03517	quinolinate synthase [EC:2.5.1.72]	COG0379	NadA	Quinolinate synthase	AG-893-L07_00277	-4
CACNRC010000001.1	269734	270570	+	AG-893-L07_00274	AG-893-L07	278	OG0000370	K00767	nicotinate-nucleotide pyrophosphorylase (carboxylating) [EC:2.4.2.19]	COG0157	NadC	Nicotinate-nucleotide pyrophosphorylase	AG-893-L07_00277	-3
CACNRC010000001.1	270567	273227	-	AG-893-L07_00275	AG-893-L07	886	OG0000798	K01006	pyruvate, orthophosphate dikinase [EC:2.7.9.1]	COG0574	PpsA	Phosphoenolpyruvate synthase/pyruvate phosphate dikinase	AG-893-L07_00277	-2
CACNRC010000001.1	273229	275292	-	AG-893-L07_00276	AG-893-L07	687	OG0000882	K01879	glycyl-tRNA synthetase beta chain [EC:6.1.1.14]	COG0751	GlyS	Glycyl-tRNA synthetase, beta subunit	AG-893-L07_00277	-1
CACNRC010000001.1	275292	276164	-	AG-893-L07_00277	AG-893-L07	290	OG0000870	K01878	glycyl-tRNA synthetase alpha chain [EC:6.1.1.14]	COG0752	GlyQ	Glycyl-tRNA synthetase, alpha subunit	AG-893-L07_00277	0
CACNRC010000001.1	276154	276963	-	AG-893-L07_00278	AG-893-L07	269	OG0000623	K04773	protease IV [EC:3.4.21.-]	COG0616	SppA	Periplasmic serine protease, ClpP class	AG-893-L07_00277	1
CACNRC010000001.1	277074	278087	+	AG-893-L07_00279	AG-893-L07	337	OG0000641	K02523	octaprenyl-diphosphate synthase [EC:2.5.1.90]	COG0142	IspA	Geranylgeranyl pyrophosphate synthase	AG-893-L07_00277	2
CACNRC010000001.1	278084	278707	-	AG-893-L07_00280	AG-893-L07	207	OG0000522	K00275	pyridoxamine 5'-phosphate oxidase [EC:1.4.3.5]	COG0259	PdxH	Pyridoxine/pyridoxamine 5'-phosphate oxidase	AG-893-L07_00277	3
CACNRC010000001.1	278740	279825	+	AG-893-L07_00281	AG-893-L07	361	OG0000279	K01736	chorismate synthase [EC:4.2.3.5]	COG0082	AroC	Chorismate synthase	AG-893-L07_00277	4
CACNRC010000001.1	279822	281735	-	AG-893-L07_00282	AG-893-L07	637	OG0000041	K01662	1-deoxy-D-xylulose-5-phosphate synthase [EC:2.2.1.7]	COG1154	Dxs	Deoxyxylulose-5-phosphate synthase	AG-893-L07_00277	5
CACNRV010000002.1	99990	101903	+	AG-893-L13_00459	AG-893-L13	637	OG0000041	K01662	1-deoxy-D-xylulose-5-phosphate synthase [EC:2.2.1.7]	COG1154	Dxs	Deoxyxylulose-5-phosphate synthase	AG-893-L13_00464	-5
CACNRV010000002.1	101900	102985	-	AG-893-L13_00460	AG-893-L13	361	OG0000279	K01736	chorismate synthase [EC:4.2.3.5]	COG0082	AroC	Chorismate synthase	AG-893-L13_00464	-4
CACNRV010000002.1	103018	103644	+	AG-893-L13_00461	AG-893-L13	208	OG0000522	K00275	pyridoxamine 5'-phosphate oxidase [EC:1.4.3.5]	COG0259	PdxH	Pyridoxine/pyridoxamine 5'-phosphate oxidase	AG-893-L13_00464	-3
CACNRV010000002.1	103641	104654	-	AG-893-L13_00462	AG-893-L13	337	OG0000641	K02523	octaprenyl-diphosphate synthase [EC:2.5.1.90]	COG0142	IspA	Geranylgeranyl pyrophosphate synthase	AG-893-L13_00464	-2
CACNRV010000002.1	104764	105570	+	AG-893-L13_00463	AG-893-L13	268	OG0000623	K04773	protease IV [EC:3.4.21.-]	COG0616	SppA	Periplasmic serine protease, ClpP class	AG-893-L13_00464	-1
CACNRV010000002.1	105560	106432	+	AG-893-L13_00464	AG-893-L13	290	OG0000870	K01878	glycyl-tRNA synthetase alpha chain [EC:6.1.1.14]	COG0752	GlyQ	Glycyl-tRNA synthetase, alpha subunit	AG-893-L13_00464	0
CACNRV010000002.1	106433	108520	+	AG-893-L13_00465	AG-893-L13	695	OG0000882	K01879	glycyl-tRNA synthetase beta chain [EC:6.1.1.14]	COG0751	GlyS	Glycyl-tRNA synthetase, beta subunit	AG-893-L13_00464	1
CACNRV010000002.1	108501	111161	+	AG-893-L13_00466	AG-893-L13	886	OG0000798	K01006	pyruvate, orthophosphate dikinase [EC:2.7.9.1]	COG0574	PpsA	Phosphoenolpyruvate synthase/pyruvate phosphate dikinase	AG-893-L13_00464	2
CACNRV010000002.1	111199	112032	-	AG-893-L13_00467	AG-893-L13	277	OG0000370	K00767	nicotinate-nucleotide pyrophosphorylase (carboxylating) [EC:2.4.2.19]	COG0157	NadC	Nicotinate-nucleotide pyrophosphorylase	AG-893-L13_00464	3
CACNRV010000002.1	112038	113027	-	AG-893-L13_00468	AG-893-L13	329	OG0000316	K03517	quinolinate synthase [EC:2.5.1.72]	COG0379	NadA	Quinolinate synthase	AG-893-L13_00464	4
CACNTH010000002.1	146145	147092	-	AG-893-M22_00603	AG-893-M22	315	OG0000256	K03465	thymidylate synthase (FAD) [EC:2.1.1.148]	COG1351	ThyX	Thymidylate synthase ThyX, FAD-dependent family	AG-893-M22_00610	-5
CACNTH010000002.1	147554	148543	+	AG-893-M22_00606	AG-893-M22	329	OG0000316	K03517	quinolinate synthase [EC:2.5.1.72]	COG0379	NadA	Quinolinate synthase	AG-893-M22_00610	-4
CACNTH010000002.1	148549	149385	+	AG-893-M22_00607	AG-893-M22	278	OG0000370	K00767	nicotinate-nucleotide pyrophosphorylase (carboxylating) [EC:2.4.2.19]	COG0157	NadC	Nicotinate-nucleotide pyrophosphorylase	AG-893-M22_00610	-3
CACNTH010000002.1	149395	152052	-	AG-893-M22_00608	AG-893-M22	885	OG0000798	K01006	pyruvate, orthophosphate dikinase [EC:2.7.9.1]	COG0574	PpsA	Phosphoenolpyruvate synthase/pyruvate phosphate dikinase	AG-893-M22_00610	-2
CACNTH010000002.1	152053	154116	-	AG-893-M22_00609	AG-893-M22	687	OG0000882	K01879	glycyl-tRNA synthetase beta chain [EC:6.1.1.14]	COG0751	GlyS	Glycyl-tRNA synthetase, beta subunit	AG-893-M22_00610	-1
CACNTH010000002.1	154118	155002	-	AG-893-M22_00610	AG-893-M22	294	OG0000870	K01878	glycyl-tRNA synthetase alpha chain [EC:6.1.1.14]	COG0752	GlyQ	Glycyl-tRNA synthetase, alpha subunit	AG-893-M22_00610	0
CACNTH010000002.1	154992	155798	-	AG-893-M22_00611	AG-893-M22	268	OG0000623	K04773	protease IV [EC:3.4.21.-]	COG0616	SppA	Periplasmic serine protease, ClpP class	AG-893-M22_00610	1
CACNTH010000002.1	155907	156920	+	AG-893-M22_00612	AG-893-M22	337	OG0000641	K02523	octaprenyl-diphosphate synthase [EC:2.5.1.90]	COG0142	IspA	Geranylgeranyl pyrophosphate synthase	AG-893-M22_00610	2
CACNTH010000002.1	156917	157540	-	AG-893-M22_00613	AG-893-M22	207	OG0000522	K00275	pyridoxamine 5'-phosphate oxidase [EC:1.4.3.5]	COG0259	PdxH	Pyridoxine/pyridoxamine 5'-phosphate oxidase	AG-893-M22_00610	3
CACNTH010000002.1	157573	158658	+	AG-893-M22_00614	AG-893-M22	361	OG0000279	K01736	chorismate synthase [EC:4.2.3.5]	COG0082	AroC	Chorismate synthase	AG-893-M22_00610	4
CACNTH010000002.1	158655	160565	-	AG-893-M22_00615	AG-893-M22	636	OG0000041	K01662	1-deoxy-D-xylulose-5-phosphate synthase [EC:2.2.1.7]	COG1154	Dxs	Deoxyxylulose-5-phosphate synthase	AG-893-M22_00610	5
CACNTW010000005.1	2183	2386	-	AG-893-N07_00744	AG-893-N07	67	OG0001780	NA	NA	NA	NA	NA	AG-893-N07_00750	-5
CACNTW010000005.1	2861	3850	+	AG-893-N07_00746	AG-893-N07	329	OG0000316	K03517	quinolinate synthase [EC:2.5.1.72]	COG0379	NadA	Quinolinate synthase	AG-893-N07_00750	-4
CACNTW010000005.1	3856	4692	+	AG-893-N07_00747	AG-893-N07	278	OG0000370	K00767	nicotinate-nucleotide pyrophosphorylase (carboxylating) [EC:2.4.2.19]	COG0157	NadC	Nicotinate-nucleotide pyrophosphorylase	AG-893-N07_00750	-3
CACNTW010000005.1	4701	7358	-	AG-893-N07_00748	AG-893-N07	885	OG0000798	K01006	pyruvate, orthophosphate dikinase [EC:2.7.9.1]	COG0574	PpsA	Phosphoenolpyruvate synthase/pyruvate phosphate dikinase	AG-893-N07_00750	-2
CACNTW010000005.1	7359	9422	-	AG-893-N07_00749	AG-893-N07	687	OG0000882	K01879	glycyl-tRNA synthetase beta chain [EC:6.1.1.14]	COG0751	GlyS	Glycyl-tRNA synthetase, beta subunit	AG-893-N07_00750	-1
CACNTW010000005.1	9424	10308	-	AG-893-N07_00750	AG-893-N07	294	OG0000870	K01878	glycyl-tRNA synthetase alpha chain [EC:6.1.1.14]	COG0752	GlyQ	Glycyl-tRNA synthetase, alpha subunit	AG-893-N07_00750	0
CACNTW010000005.1	10298	11104	-	AG-893-N07_00751	AG-893-N07	268	OG0000623	K04773	protease IV [EC:3.4.21.-]	COG0616	SppA	Periplasmic serine protease, ClpP class	AG-893-N07_00750	1
CACNTW010000005.1	11213	12226	+	AG-893-N07_00752	AG-893-N07	337	OG0000641	K02523	octaprenyl-diphosphate synthase [EC:2.5.1.90]	COG0142	IspA	Geranylgeranyl pyrophosphate synthase	AG-893-N07_00750	2
CACNTW010000005.1	12223	12846	-	AG-893-N07_00753	AG-893-N07	207	OG0000522	K00275	pyridoxamine 5'-phosphate oxidase [EC:1.4.3.5]	COG0259	PdxH	Pyridoxine/pyridoxamine 5'-phosphate oxidase	AG-893-N07_00750	3
CACNTW010000005.1	12879	13964	+	AG-893-N07_00754	AG-893-N07	361	OG0000279	K01736	chorismate synthase [EC:4.2.3.5]	COG0082	AroC	Chorismate synthase	AG-893-N07_00750	4
CACNTW010000005.1	13961	15871	-	AG-893-N07_00755	AG-893-N07	636	OG0000041	K01662	1-deoxy-D-xylulose-5-phosphate synthase [EC:2.2.1.7]	COG1154	Dxs	Deoxyxylulose-5-phosphate synthase	AG-893-N07_00750	5
CACNVR010000001.1	39647	40840	-	AG-893-P10_00037	AG-893-P10	397	OG0001685	NA	NA	NA	NA	NA	AG-893-P10_00042	-5
CACNVR010000001.1	40952	43204	+	AG-893-P10_00038	AG-893-P10	750	OG0000070	NA	NA	COG4625	NA	Uncharacterized conserved protein, contains a C-terminal beta-barrel porin domain	AG-893-P10_00042	-4
CACNVR010000001.1	43206	43547	-	AG-893-P10_00039	AG-893-P10	113	OG0001368	NA	NA	NA	NA	NA	AG-893-P10_00042	-3
CACNVR010000001.1	43555	46212	-	AG-893-P10_00040	AG-893-P10	885	OG0000798	K01006	pyruvate, orthophosphate dikinase [EC:2.7.9.1]	COG0574	PpsA	Phosphoenolpyruvate synthase/pyruvate phosphate dikinase	AG-893-P10_00042	-2
CACNVR010000001.1	46205	48277	-	AG-893-P10_00041	AG-893-P10	690	OG0000882	K01879	glycyl-tRNA synthetase beta chain [EC:6.1.1.14]	COG0751	GlyS	Glycyl-tRNA synthetase, beta subunit	AG-893-P10_00042	-1
CACNVR010000001.1	48277	49182	-	AG-893-P10_00042	AG-893-P10	301	OG0000870	K01878	glycyl-tRNA synthetase alpha chain [EC:6.1.1.14]	COG0752	GlyQ	Glycyl-tRNA synthetase, alpha subunit	AG-893-P10_00042	0
CACNVR010000001.1	49148	49954	-	AG-893-P10_00043	AG-893-P10	268	OG0000623	K04773	protease IV [EC:3.4.21.-]	COG0616	SppA	Periplasmic serine protease, ClpP class	AG-893-P10_00042	1
CACNVR010000001.1	50067	51080	+	AG-893-P10_00044	AG-893-P10	337	OG0000641	K02523	octaprenyl-diphosphate synthase [EC:2.5.1.90]	COG0142	IspA	Geranylgeranyl pyrophosphate synthase	AG-893-P10_00042	2
CACNVR010000001.1	51077	51703	-	AG-893-P10_00045	AG-893-P10	208	OG0000522	K00275	pyridoxamine 5'-phosphate oxidase [EC:1.4.3.5]	COG0259	PdxH	Pyridoxine/pyridoxamine 5'-phosphate oxidase	AG-893-P10_00042	3
CACNVR010000001.1	51737	52819	+	AG-893-P10_00046	AG-893-P10	360	OG0000279	K01736	chorismate synthase [EC:4.2.3.5]	COG0082	AroC	Chorismate synthase	AG-893-P10_00042	4
CACNVR010000001.1	52821	54734	-	AG-893-P10_00047	AG-893-P10	637	OG0000041	K01662	1-deoxy-D-xylulose-5-phosphate synthase [EC:2.2.1.7]	COG1154	Dxs	Deoxyxylulose-5-phosphate synthase	AG-893-P10_00042	5
CABYDS010000013.1	11107	13017	+	AG-894-A03_01079	AG-894-A03	636	OG0000041	K01662	1-deoxy-D-xylulose-5-phosphate synthase [EC:2.2.1.7]	COG1154	Dxs	Deoxyxylulose-5-phosphate synthase	AG-894-A03_01084	-5
CABYDS010000013.1	13014	14099	-	AG-894-A03_01080	AG-894-A03	361	OG0000279	K01736	chorismate synthase [EC:4.2.3.5]	COG0082	AroC	Chorismate synthase	AG-894-A03_01084	-4
CABYDS010000013.1	14132	14755	+	AG-894-A03_01081	AG-894-A03	207	OG0000522	K00275	pyridoxamine 5'-phosphate oxidase [EC:1.4.3.5]	COG0259	PdxH	Pyridoxine/pyridoxamine 5'-phosphate oxidase	AG-894-A03_01084	-3
CABYDS010000013.1	14752	15765	-	AG-894-A03_01082	AG-894-A03	337	OG0000641	K02523	octaprenyl-diphosphate synthase [EC:2.5.1.90]	COG0142	IspA	Geranylgeranyl pyrophosphate synthase	AG-894-A03_01084	-2
CABYDS010000013.1	15874	16680	+	AG-894-A03_01083	AG-894-A03	268	OG0000623	K04773	protease IV [EC:3.4.21.-]	COG0616	SppA	Periplasmic serine protease, ClpP class	AG-894-A03_01084	-1
CABYDS010000013.1	16670	17554	+	AG-894-A03_01084	AG-894-A03	294	OG0000870	K01878	glycyl-tRNA synthetase alpha chain [EC:6.1.1.14]	COG0752	GlyQ	Glycyl-tRNA synthetase, alpha subunit	AG-894-A03_01084	0
CABYDS010000013.1	17556	19619	+	AG-894-A03_01085	AG-894-A03	687	OG0000882	K01879	glycyl-tRNA synthetase beta chain [EC:6.1.1.14]	COG0751	GlyS	Glycyl-tRNA synthetase, beta subunit	AG-894-A03_01084	1
CABYDS010000013.1	19620	22277	+	AG-894-A03_01086	AG-894-A03	885	OG0000798	K01006	pyruvate, orthophosphate dikinase [EC:2.7.9.1]	COG0574	PpsA	Phosphoenolpyruvate synthase/pyruvate phosphate dikinase	AG-894-A03_01084	2
CABYDS010000013.1	22288	23124	-	AG-894-A03_01087	AG-894-A03	278	OG0000370	K00767	nicotinate-nucleotide pyrophosphorylase (carboxylating) [EC:2.4.2.19]	COG0157	NadC	Nicotinate-nucleotide pyrophosphorylase	AG-894-A03_01084	3
CABYDS010000013.1	23130	24119	-	AG-894-A03_01088	AG-894-A03	329	OG0000316	K03517	quinolinate synthase [EC:2.5.1.72]	COG0379	NadA	Quinolinate synthase	AG-894-A03_01084	4
CABYDS010000013.1	24626	24766	+	AG-894-A03_01091	AG-894-A03	46	NA	NA	NA	NA	NA	NA	AG-894-A03_01084	5
CABYDT010000001.1	10567	11562	+	AG-894-A09_00013	AG-894-A09	331	OG0000316	K03517	quinolinate synthase [EC:2.5.1.72]	COG0379	NadA	Quinolinate synthase	AG-894-A09_00018	-5
CABYDT010000001.1	11566	12408	+	AG-894-A09_00014	AG-894-A09	280	OG0000370	K00767	nicotinate-nucleotide pyrophosphorylase (carboxylating) [EC:2.4.2.19]	COG0157	NadC	Nicotinate-nucleotide pyrophosphorylase	AG-894-A09_00018	-4
CABYDT010000001.1	12388	12771	-	AG-894-A09_00015	AG-894-A09	127	OG0001035	NA	NA	NA	NA	NA	AG-894-A09_00018	-3
CABYDT010000001.1	12771	15443	-	AG-894-A09_00016	AG-894-A09	890	OG0000798	K01006	pyruvate, orthophosphate dikinase [EC:2.7.9.1]	COG0574	PpsA	Phosphoenolpyruvate synthase/pyruvate phosphate dikinase	AG-894-A09_00018	-2
CABYDT010000001.1	15443	17506	-	AG-894-A09_00017	AG-894-A09	687	OG0000882	K01879	glycyl-tRNA synthetase beta chain [EC:6.1.1.14]	COG0751	GlyS	Glycyl-tRNA synthetase, beta subunit	AG-894-A09_00018	-1
CABYDT010000001.1	17503	18405	-	AG-894-A09_00018	AG-894-A09	300	OG0000870	K01878	glycyl-tRNA synthetase alpha chain [EC:6.1.1.14]	COG0752	GlyQ	Glycyl-tRNA synthetase, alpha subunit	AG-894-A09_00018	0
CABYDT010000001.1	18405	19211	-	AG-894-A09_00019	AG-894-A09	268	OG0000623	K04773	protease IV [EC:3.4.21.-]	COG0616	SppA	Periplasmic serine protease, ClpP class	AG-894-A09_00018	1
CABYDT010000001.1	19327	20340	+	AG-894-A09_00020	AG-894-A09	337	OG0000641	K02523	octaprenyl-diphosphate synthase [EC:2.5.1.90]	COG0142	IspA	Geranylgeranyl pyrophosphate synthase	AG-894-A09_00018	2
CABYDT010000001.1	20333	20812	-	AG-894-A09_00021	AG-894-A09	159	OG0000984	K05770	translocator protein	COG3476	TspO	Tryptophan-rich sensory protein TspO/CrtK (mitochondrial benzodiazepine receptor homolog)	AG-894-A09_00018	3
CABYDT010000001.1	20809	20973	-	AG-894-A09_00022	AG-894-A09	54	OG0002735	NA	NA	NA	NA	NA	AG-894-A09_00018	4
CABYDT010000001.1	20973	23840	-	AG-894-A09_00023	AG-894-A09	955	OG0000957	K00281	glycine dehydrogenase [EC:1.4.4.2]	COG1003	GcvP2	Glycine cleavage system protein P (pyridoxal-binding), C-terminal domain	AG-894-A09_00018	5
CABYFB010000004.1	36807	38717	+	AG-894-B06_00703	AG-894-B06	636	OG0000041	K01662	1-deoxy-D-xylulose-5-phosphate synthase [EC:2.2.1.7]	COG1154	Dxs	Deoxyxylulose-5-phosphate synthase	AG-894-B06_00708	-5
CABYFB010000004.1	38714	39799	-	AG-894-B06_00704	AG-894-B06	361	OG0000279	K01736	chorismate synthase [EC:4.2.3.5]	COG0082	AroC	Chorismate synthase	AG-894-B06_00708	-4
CABYFB010000004.1	39832	40455	+	AG-894-B06_00705	AG-894-B06	207	OG0000522	K00275	pyridoxamine 5'-phosphate oxidase [EC:1.4.3.5]	COG0259	PdxH	Pyridoxine/pyridoxamine 5'-phosphate oxidase	AG-894-B06_00708	-3
CABYFB010000004.1	40452	41465	-	AG-894-B06_00706	AG-894-B06	337	OG0000641	K02523	octaprenyl-diphosphate synthase [EC:2.5.1.90]	COG0142	IspA	Geranylgeranyl pyrophosphate synthase	AG-894-B06_00708	-2
CABYFB010000004.1	41574	42380	+	AG-894-B06_00707	AG-894-B06	268	OG0000623	K04773	protease IV [EC:3.4.21.-]	COG0616	SppA	Periplasmic serine protease, ClpP class	AG-894-B06_00708	-1
CABYFB010000004.1	42370	43254	+	AG-894-B06_00708	AG-894-B06	294	OG0000870	K01878	glycyl-tRNA synthetase alpha chain [EC:6.1.1.14]	COG0752	GlyQ	Glycyl-tRNA synthetase, alpha subunit	AG-894-B06_00708	0
CABYFB010000004.1	43256	45319	+	AG-894-B06_00709	AG-894-B06	687	OG0000882	K01879	glycyl-tRNA synthetase beta chain [EC:6.1.1.14]	COG0751	GlyS	Glycyl-tRNA synthetase, beta subunit	AG-894-B06_00708	1
CABYFB010000004.1	45320	47983	+	AG-894-B06_00710	AG-894-B06	887	OG0000798	K01006	pyruvate, orthophosphate dikinase [EC:2.7.9.1]	COG0574	PpsA	Phosphoenolpyruvate synthase/pyruvate phosphate dikinase	AG-894-B06_00708	2
CABYFB010000004.1	47987	48823	-	AG-894-B06_00711	AG-894-B06	278	OG0000370	K00767	nicotinate-nucleotide pyrophosphorylase (carboxylating) [EC:2.4.2.19]	COG0157	NadC	Nicotinate-nucleotide pyrophosphorylase	AG-894-B06_00708	3
CABYFB010000004.1	48829	49818	-	AG-894-B06_00712	AG-894-B06	329	OG0000316	K03517	quinolinate synthase [EC:2.5.1.72]	COG0379	NadA	Quinolinate synthase	AG-894-B06_00708	4
CABYFB010000004.1	50282	51229	+	AG-894-B06_00715	AG-894-B06	315	OG0000256	K03465	thymidylate synthase (FAD) [EC:2.1.1.148]	COG1351	ThyX	Thymidylate synthase ThyX, FAD-dependent family	AG-894-B06_00708	5
CABYFA010000011.1	7557	9470	+	AG-894-B07_01007	AG-894-B07	637	OG0000041	K01662	1-deoxy-D-xylulose-5-phosphate synthase [EC:2.2.1.7]	COG1154	Dxs	Deoxyxylulose-5-phosphate synthase	AG-894-B07_01012	-5
CABYFA010000011.1	9476	10558	-	AG-894-B07_01008	AG-894-B07	360	OG0000279	K01736	chorismate synthase [EC:4.2.3.5]	COG0082	AroC	Chorismate synthase	AG-894-B07_01012	-4
CABYFA010000011.1	10592	11218	+	AG-894-B07_01009	AG-894-B07	208	OG0000522	K00275	pyridoxamine 5'-phosphate oxidase [EC:1.4.3.5]	COG0259	PdxH	Pyridoxine/pyridoxamine 5'-phosphate oxidase	AG-894-B07_01012	-3
CABYFA010000011.1	11215	12228	-	AG-894-B07_01010	AG-894-B07	337	OG0000641	K02523	octaprenyl-diphosphate synthase [EC:2.5.1.90]	COG0142	IspA	Geranylgeranyl pyrophosphate synthase	AG-894-B07_01012	-2
CABYFA010000011.1	12342	13148	+	AG-894-B07_01011	AG-894-B07	268	OG0000623	K04773	protease IV [EC:3.4.21.-]	COG0616	SppA	Periplasmic serine protease, ClpP class	AG-894-B07_01012	-1
CABYFA010000011.1	13138	14019	+	AG-894-B07_01012	AG-894-B07	293	OG0000870	K01878	glycyl-tRNA synthetase alpha chain [EC:6.1.1.14]	COG0752	GlyQ	Glycyl-tRNA synthetase, alpha subunit	AG-894-B07_01012	0
CABYFA010000011.1	14021	16093	+	AG-894-B07_01013	AG-894-B07	690	OG0000882	K01879	glycyl-tRNA synthetase beta chain [EC:6.1.1.14]	COG0751	GlyS	Glycyl-tRNA synthetase, beta subunit	AG-894-B07_01012	1
CABYFA010000011.1	16086	18743	+	AG-894-B07_01014	AG-894-B07	885	OG0000798	K01006	pyruvate, orthophosphate dikinase [EC:2.7.9.1]	COG0574	PpsA	Phosphoenolpyruvate synthase/pyruvate phosphate dikinase	AG-894-B07_01012	2
CABYFA010000011.1	18762	19544	+	AG-894-B07_01015	AG-894-B07	260	OG0001271	NA	NA	NA	NA	NA	AG-894-B07_01012	3
CABYFA010000011.1	19554	20921	-	AG-894-B07_01016	AG-894-B07	455	OG0001144	NA	NA	COG2133	YliI	Glucose/arabinose dehydrogenase, beta-propeller fold	AG-894-B07_01012	4
CABYFA010000011.1	21301	22248	+	AG-894-B07_01018	AG-894-B07	315	OG0000256	K03465	thymidylate synthase (FAD) [EC:2.1.1.148]	COG1351	ThyX	Thymidylate synthase ThyX, FAD-dependent family	AG-894-B07_01012	5
CABYGC010000001.1	333731	334834	-	AG-894-C14_00381	AG-894-C14	367	OG0000394	K04088	modulator of FtsH protease HflK	COG0330	HflC	Regulator of protease activity HflC, stomatin/prohibitin superfamily	AG-894-C14_00387	-5
CABYGC010000001.1	334886	335710	+	AG-894-C14_00382	AG-894-C14	274	OG0000361	K03593	ATP-binding protein involved in chromosome partitioning	COG0489	Mrp	Fe-S cluster carrier ATPase, Mrp/ApbC/NBP35 family	AG-894-C14_00387	-4
CABYGC010000001.1	335691	336638	-	AG-894-C14_00383	AG-894-C14	315	OG0000256	K03465	thymidylate synthase (FAD) [EC:2.1.1.148]	COG1351	ThyX	Thymidylate synthase ThyX, FAD-dependent family	AG-894-C14_00387	-3
CABYGC010000001.1	336952	339609	-	AG-894-C14_00385	AG-894-C14	885	OG0000798	K01006	pyruvate, orthophosphate dikinase [EC:2.7.9.1]	COG0574	PpsA	Phosphoenolpyruvate synthase/pyruvate phosphate dikinase	AG-894-C14_00387	-2
CABYGC010000001.1	339606	341675	-	AG-894-C14_00386	AG-894-C14	689	OG0000882	K01879	glycyl-tRNA synthetase beta chain [EC:6.1.1.14]	COG0751	GlyS	Glycyl-tRNA synthetase, beta subunit	AG-894-C14_00387	-1
CABYGC010000001.1	341678	342568	-	AG-894-C14_00387	AG-894-C14	296	OG0000870	K01878	glycyl-tRNA synthetase alpha chain [EC:6.1.1.14]	COG0752	GlyQ	Glycyl-tRNA synthetase, alpha subunit	AG-894-C14_00387	0
CABYGC010000001.1	342558	343361	-	AG-894-C14_00388	AG-894-C14	267	OG0000623	K04773	protease IV [EC:3.4.21.-]	COG0616	SppA	Periplasmic serine protease, ClpP class	AG-894-C14_00387	1
CABYGC010000001.1	343476	344489	+	AG-894-C14_00389	AG-894-C14	337	OG0000641	K02523	octaprenyl-diphosphate synthase [EC:2.5.1.90]	COG0142	IspA	Geranylgeranyl pyrophosphate synthase	AG-894-C14_00387	2
CABYGC010000001.1	344486	345112	-	AG-894-C14_00390	AG-894-C14	208	OG0000522	K00275	pyridoxamine 5'-phosphate oxidase [EC:1.4.3.5]	COG0259	PdxH	Pyridoxine/pyridoxamine 5'-phosphate oxidase	AG-894-C14_00387	3
CABYGC010000001.1	345147	346229	+	AG-894-C14_00391	AG-894-C14	360	OG0000279	K01736	chorismate synthase [EC:4.2.3.5]	COG0082	AroC	Chorismate synthase	AG-894-C14_00387	4
CABYGC010000001.1	346236	348152	-	AG-894-C14_00392	AG-894-C14	638	OG0000041	K01662	1-deoxy-D-xylulose-5-phosphate synthase [EC:2.2.1.7]	COG1154	Dxs	Deoxyxylulose-5-phosphate synthase	AG-894-C14_00387	5
CABYIW010000010.1	4700	5647	-	AG-894-F15_01059	AG-894-F15	315	OG0000256	K03465	thymidylate synthase (FAD) [EC:2.1.1.148]	COG1351	ThyX	Thymidylate synthase ThyX, FAD-dependent family	AG-894-F15_01066	-5
CABYIW010000010.1	6113	7102	+	AG-894-F15_01062	AG-894-F15	329	OG0000316	K03517	quinolinate synthase [EC:2.5.1.72]	COG0379	NadA	Quinolinate synthase	AG-894-F15_01066	-4
CABYIW010000010.1	7108	7944	+	AG-894-F15_01063	AG-894-F15	278	OG0000370	K00767	nicotinate-nucleotide pyrophosphorylase (carboxylating) [EC:2.4.2.19]	COG0157	NadC	Nicotinate-nucleotide pyrophosphorylase	AG-894-F15_01066	-3
CABYIW010000010.1	7941	10610	-	AG-894-F15_01064	AG-894-F15	889	OG0000798	K01006	pyruvate, orthophosphate dikinase [EC:2.7.9.1]	COG0574	PpsA	Phosphoenolpyruvate synthase/pyruvate phosphate dikinase	AG-894-F15_01066	-2
CABYIW010000010.1	10611	12674	-	AG-894-F15_01065	AG-894-F15	687	OG0000882	K01879	glycyl-tRNA synthetase beta chain [EC:6.1.1.14]	COG0751	GlyS	Glycyl-tRNA synthetase, beta subunit	AG-894-F15_01066	-1
CABYIW010000010.1	12676	13560	-	AG-894-F15_01066	AG-894-F15	294	OG0000870	K01878	glycyl-tRNA synthetase alpha chain [EC:6.1.1.14]	COG0752	GlyQ	Glycyl-tRNA synthetase, alpha subunit	AG-894-F15_01066	0
CABYIW010000010.1	13550	14356	-	AG-894-F15_01067	AG-894-F15	268	OG0000623	K04773	protease IV [EC:3.4.21.-]	COG0616	SppA	Periplasmic serine protease, ClpP class	AG-894-F15_01066	1
CABYIW010000010.1	14465	15478	+	AG-894-F15_01068	AG-894-F15	337	OG0000641	K02523	octaprenyl-diphosphate synthase [EC:2.5.1.90]	COG0142	IspA	Geranylgeranyl pyrophosphate synthase	AG-894-F15_01066	2
CABYIW010000010.1	15475	16098	-	AG-894-F15_01069	AG-894-F15	207	OG0000522	K00275	pyridoxamine 5'-phosphate oxidase [EC:1.4.3.5]	COG0259	PdxH	Pyridoxine/pyridoxamine 5'-phosphate oxidase	AG-894-F15_01066	3
CABYIW010000010.1	16131	17216	+	AG-894-F15_01070	AG-894-F15	361	OG0000279	K01736	chorismate synthase [EC:4.2.3.5]	COG0082	AroC	Chorismate synthase	AG-894-F15_01066	4
CABYIW010000010.1	17213	19123	-	AG-894-F15_01071	AG-894-F15	636	OG0000041	K01662	1-deoxy-D-xylulose-5-phosphate synthase [EC:2.2.1.7]	COG1154	Dxs	Deoxyxylulose-5-phosphate synthase	AG-894-F15_01066	5
CABYNS010000001.1	330346	332259	+	AG-894-K14_00367	AG-894-K14	637	OG0000041	K01662	1-deoxy-D-xylulose-5-phosphate synthase [EC:2.2.1.7]	COG1154	Dxs	Deoxyxylulose-5-phosphate synthase	AG-894-K14_00372	-5
CABYNS010000001.1	332256	333338	-	AG-894-K14_00368	AG-894-K14	360	OG0000279	K01736	chorismate synthase [EC:4.2.3.5]	COG0082	AroC	Chorismate synthase	AG-894-K14_00372	-4
CABYNS010000001.1	333372	333998	+	AG-894-K14_00369	AG-894-K14	208	OG0000522	K00275	pyridoxamine 5'-phosphate oxidase [EC:1.4.3.5]	COG0259	PdxH	Pyridoxine/pyridoxamine 5'-phosphate oxidase	AG-894-K14_00372	-3
CABYNS010000001.1	333995	335008	-	AG-894-K14_00370	AG-894-K14	337	OG0000641	K02523	octaprenyl-diphosphate synthase [EC:2.5.1.90]	COG0142	IspA	Geranylgeranyl pyrophosphate synthase	AG-894-K14_00372	-2
CABYNS010000001.1	335122	335928	+	AG-894-K14_00371	AG-894-K14	268	OG0000623	K04773	protease IV [EC:3.4.21.-]	COG0616	SppA	Periplasmic serine protease, ClpP class	AG-894-K14_00372	-1
CABYNS010000001.1	335918	336799	+	AG-894-K14_00372	AG-894-K14	293	OG0000870	K01878	glycyl-tRNA synthetase alpha chain [EC:6.1.1.14]	COG0752	GlyQ	Glycyl-tRNA synthetase, alpha subunit	AG-894-K14_00372	0
CABYNS010000001.1	336801	338873	+	AG-894-K14_00373	AG-894-K14	690	OG0000882	K01879	glycyl-tRNA synthetase beta chain [EC:6.1.1.14]	COG0751	GlyS	Glycyl-tRNA synthetase, beta subunit	AG-894-K14_00372	1
CABYNS010000001.1	338866	341532	+	AG-894-K14_00374	AG-894-K14	888	OG0000798	K01006	pyruvate, orthophosphate dikinase [EC:2.7.9.1]	COG0574	PpsA	Phosphoenolpyruvate synthase/pyruvate phosphate dikinase	AG-894-K14_00372	2
CABYNS010000001.1	341547	342380	-	AG-894-K14_00375	AG-894-K14	277	OG0000370	K00767	nicotinate-nucleotide pyrophosphorylase (carboxylating) [EC:2.4.2.19]	COG0157	NadC	Nicotinate-nucleotide pyrophosphorylase	AG-894-K14_00372	3
CABYNS010000001.1	342387	343376	-	AG-894-K14_00376	AG-894-K14	329	OG0000316	K03517	quinolinate synthase [EC:2.5.1.72]	COG0379	NadA	Quinolinate synthase	AG-894-K14_00372	4
CABYNY010000008.1	1070	3142	-	AG-894-K15_00710	AG-894-K15	690	OG0000882	K01879	glycyl-tRNA synthetase beta chain [EC:6.1.1.14]	COG0751	GlyS	Glycyl-tRNA synthetase, beta subunit	AG-894-K15_00711	-1
CABYNY010000008.1	3144	4025	-	AG-894-K15_00711	AG-894-K15	293	OG0000870	K01878	glycyl-tRNA synthetase alpha chain [EC:6.1.1.14]	COG0752	GlyQ	Glycyl-tRNA synthetase, alpha subunit	AG-894-K15_00711	0
CABYNY010000008.1	4015	4821	-	AG-894-K15_00712	AG-894-K15	268	OG0000623	K04773	protease IV [EC:3.4.21.-]	COG0616	SppA	Periplasmic serine protease, ClpP class	AG-894-K15_00711	1
CABYNY010000008.1	4935	5948	+	AG-894-K15_00713	AG-894-K15	337	OG0000641	K02523	octaprenyl-diphosphate synthase [EC:2.5.1.90]	COG0142	IspA	Geranylgeranyl pyrophosphate synthase	AG-894-K15_00711	2
CABYNY010000008.1	5945	6571	-	AG-894-K15_00714	AG-894-K15	208	OG0000522	K00275	pyridoxamine 5'-phosphate oxidase [EC:1.4.3.5]	COG0259	PdxH	Pyridoxine/pyridoxamine 5'-phosphate oxidase	AG-894-K15_00711	3
CABYNY010000008.1	6605	7687	+	AG-894-K15_00715	AG-894-K15	360	OG0000279	K01736	chorismate synthase [EC:4.2.3.5]	COG0082	AroC	Chorismate synthase	AG-894-K15_00711	4
CABYNY010000008.1	7693	9606	-	AG-894-K15_00716	AG-894-K15	637	OG0000041	K01662	1-deoxy-D-xylulose-5-phosphate synthase [EC:2.2.1.7]	COG1154	Dxs	Deoxyxylulose-5-phosphate synthase	AG-894-K15_00711	5
CABYOW010000001.1	59911	61824	+	AG-894-L13_00071	AG-894-L13	637	OG0000041	K01662	1-deoxy-D-xylulose-5-phosphate synthase [EC:2.2.1.7]	COG1154	Dxs	Deoxyxylulose-5-phosphate synthase	AG-894-L13_00076	-5
CABYOW010000001.1	61830	62912	-	AG-894-L13_00072	AG-894-L13	360	OG0000279	K01736	chorismate synthase [EC:4.2.3.5]	COG0082	AroC	Chorismate synthase	AG-894-L13_00076	-4
CABYOW010000001.1	62946	63572	+	AG-894-L13_00073	AG-894-L13	208	OG0000522	K00275	pyridoxamine 5'-phosphate oxidase [EC:1.4.3.5]	COG0259	PdxH	Pyridoxine/pyridoxamine 5'-phosphate oxidase	AG-894-L13_00076	-3
CABYOW010000001.1	63569	64582	-	AG-894-L13_00074	AG-894-L13	337	OG0000641	K02523	octaprenyl-diphosphate synthase [EC:2.5.1.90]	COG0142	IspA	Geranylgeranyl pyrophosphate synthase	AG-894-L13_00076	-2
CABYOW010000001.1	64697	65503	+	AG-894-L13_00075	AG-894-L13	268	OG0000623	K04773	protease IV [EC:3.4.21.-]	COG0616	SppA	Periplasmic serine protease, ClpP class	AG-894-L13_00076	-1
CABYOW010000001.1	65493	66374	+	AG-894-L13_00076	AG-894-L13	293	OG0000870	K01878	glycyl-tRNA synthetase alpha chain [EC:6.1.1.14]	COG0752	GlyQ	Glycyl-tRNA synthetase, alpha subunit	AG-894-L13_00076	0
CABYOW010000001.1	66376	68448	+	AG-894-L13_00077	AG-894-L13	690	OG0000882	K01879	glycyl-tRNA synthetase beta chain [EC:6.1.1.14]	COG0751	GlyS	Glycyl-tRNA synthetase, beta subunit	AG-894-L13_00076	1
CABYOW010000001.1	68441	71104	+	AG-894-L13_00078	AG-894-L13	887	OG0000798	K01006	pyruvate, orthophosphate dikinase [EC:2.7.9.1]	COG0574	PpsA	Phosphoenolpyruvate synthase/pyruvate phosphate dikinase	AG-894-L13_00076	2
CABYOW010000001.1	71110	72012	+	AG-894-L13_00079	AG-894-L13	300	OG0002167	NA	NA	COG2755	TesA	Lysophospholipase L1 or related esterase. Includes spore coat protein LipC/YcsK	AG-894-L13_00076	3
CABYOW010000001.1	72321	73268	+	AG-894-L13_00081	AG-894-L13	315	OG0000256	K03465	thymidylate synthase (FAD) [EC:2.1.1.148]	COG1351	ThyX	Thymidylate synthase ThyX, FAD-dependent family	AG-894-L13_00076	4
CABYOW010000001.1	73249	74073	-	AG-894-L13_00082	AG-894-L13	274	OG0000361	K03593	ATP-binding protein involved in chromosome partitioning	COG0489	Mrp	Fe-S cluster carrier ATPase, Mrp/ApbC/NBP35 family	AG-894-L13_00076	5
CABYOT010000012.1	29038	30951	+	AG-894-L17_01196	AG-894-L17	637	OG0000041	K01662	1-deoxy-D-xylulose-5-phosphate synthase [EC:2.2.1.7]	COG1154	Dxs	Deoxyxylulose-5-phosphate synthase	AG-894-L17_01201	-5
CABYOT010000012.1	30948	32033	-	AG-894-L17_01197	AG-894-L17	361	OG0000279	K01736	chorismate synthase [EC:4.2.3.5]	COG0082	AroC	Chorismate synthase	AG-894-L17_01201	-4
CABYOT010000012.1	32066	32689	+	AG-894-L17_01198	AG-894-L17	207	OG0000522	K00275	pyridoxamine 5'-phosphate oxidase [EC:1.4.3.5]	COG0259	PdxH	Pyridoxine/pyridoxamine 5'-phosphate oxidase	AG-894-L17_01201	-3
CABYOT010000012.1	32686	33699	-	AG-894-L17_01199	AG-894-L17	337	OG0000641	K02523	octaprenyl-diphosphate synthase [EC:2.5.1.90]	COG0142	IspA	Geranylgeranyl pyrophosphate synthase	AG-894-L17_01201	-2
CABYOT010000012.1	33810	34619	+	AG-894-L17_01200	AG-894-L17	269	OG0000623	K04773	protease IV [EC:3.4.21.-]	COG0616	SppA	Periplasmic serine protease, ClpP class	AG-894-L17_01201	-1
CABYOT010000012.1	34609	35481	+	AG-894-L17_01201	AG-894-L17	290	OG0000870	K01878	glycyl-tRNA synthetase alpha chain [EC:6.1.1.14]	COG0752	GlyQ	Glycyl-tRNA synthetase, alpha subunit	AG-894-L17_01201	0
CABYOT010000012.1	35481	37544	+	AG-894-L17_01202	AG-894-L17	687	OG0000882	K01879	glycyl-tRNA synthetase beta chain [EC:6.1.1.14]	COG0751	GlyS	Glycyl-tRNA synthetase, beta subunit	AG-894-L17_01201	1
CABYOT010000012.1	37546	40206	+	AG-894-L17_01203	AG-894-L17	886	OG0000798	K01006	pyruvate, orthophosphate dikinase [EC:2.7.9.1]	COG0574	PpsA	Phosphoenolpyruvate synthase/pyruvate phosphate dikinase	AG-894-L17_01201	2
CABYOT010000012.1	40203	41039	-	AG-894-L17_01204	AG-894-L17	278	OG0000370	K00767	nicotinate-nucleotide pyrophosphorylase (carboxylating) [EC:2.4.2.19]	COG0157	NadC	Nicotinate-nucleotide pyrophosphorylase	AG-894-L17_01201	3
CABYOT010000012.1	41045	42034	-	AG-894-L17_01205	AG-894-L17	329	OG0000316	K03517	quinolinate synthase [EC:2.5.1.72]	COG0379	NadA	Quinolinate synthase	AG-894-L17_01201	4
CABYPJ010000004.1	5922	7832	+	AG-894-L19_00452	AG-894-L19	636	OG0000041	K01662	1-deoxy-D-xylulose-5-phosphate synthase [EC:2.2.1.7]	COG1154	Dxs	Deoxyxylulose-5-phosphate synthase	AG-894-L19_00457	-5
CABYPJ010000004.1	7829	8914	-	AG-894-L19_00453	AG-894-L19	361	OG0000279	K01736	chorismate synthase [EC:4.2.3.5]	COG0082	AroC	Chorismate synthase	AG-894-L19_00457	-4
CABYPJ010000004.1	8947	9570	+	AG-894-L19_00454	AG-894-L19	207	OG0000522	K00275	pyridoxamine 5'-phosphate oxidase [EC:1.4.3.5]	COG0259	PdxH	Pyridoxine/pyridoxamine 5'-phosphate oxidase	AG-894-L19_00457	-3
CABYPJ010000004.1	9567	10580	-	AG-894-L19_00455	AG-894-L19	337	OG0000641	K02523	octaprenyl-diphosphate synthase [EC:2.5.1.90]	COG0142	IspA	Geranylgeranyl pyrophosphate synthase	AG-894-L19_00457	-2
CABYPJ010000004.1	10689	11495	+	AG-894-L19_00456	AG-894-L19	268	OG0000623	K04773	protease IV [EC:3.4.21.-]	COG0616	SppA	Periplasmic serine protease, ClpP class	AG-894-L19_00457	-1
CABYPJ010000004.1	11485	12369	+	AG-894-L19_00457	AG-894-L19	294	OG0000870	K01878	glycyl-tRNA synthetase alpha chain [EC:6.1.1.14]	COG0752	GlyQ	Glycyl-tRNA synthetase, alpha subunit	AG-894-L19_00457	0
CABYPJ010000004.1	12371	14434	+	AG-894-L19_00458	AG-894-L19	687	OG0000882	K01879	glycyl-tRNA synthetase beta chain [EC:6.1.1.14]	COG0751	GlyS	Glycyl-tRNA synthetase, beta subunit	AG-894-L19_00457	1
CABYPJ010000004.1	14435	17092	+	AG-894-L19_00459	AG-894-L19	885	OG0000798	K01006	pyruvate, orthophosphate dikinase [EC:2.7.9.1]	COG0574	PpsA	Phosphoenolpyruvate synthase/pyruvate phosphate dikinase	AG-894-L19_00457	2
CABYPJ010000004.1	17103	17939	-	AG-894-L19_00460	AG-894-L19	278	OG0000370	K00767	nicotinate-nucleotide pyrophosphorylase (carboxylating) [EC:2.4.2.19]	COG0157	NadC	Nicotinate-nucleotide pyrophosphorylase	AG-894-L19_00457	3
CABYPJ010000004.1	17945	18934	-	AG-894-L19_00461	AG-894-L19	329	OG0000316	K03517	quinolinate synthase [EC:2.5.1.72]	COG0379	NadA	Quinolinate synthase	AG-894-L19_00457	4
CABYPJ010000004.1	19398	20345	+	AG-894-L19_00464	AG-894-L19	315	OG0000256	K03465	thymidylate synthase (FAD) [EC:2.1.1.148]	COG1351	ThyX	Thymidylate synthase ThyX, FAD-dependent family	AG-894-L19_00457	5
CABYSJ010000008.1	14807	15907	-	AG-894-O09_00802	AG-894-O09	366	OG0000394	K04088	modulator of FtsH protease HflK	COG0330	HflC	Regulator of protease activity HflC, stomatin/prohibitin superfamily	AG-894-O09_00808	-5
CABYSJ010000008.1	15959	16783	+	AG-894-O09_00803	AG-894-O09	274	OG0000361	K03593	ATP-binding protein involved in chromosome partitioning	COG0489	Mrp	Fe-S cluster carrier ATPase, Mrp/ApbC/NBP35 family	AG-894-O09_00808	-4
CABYSJ010000008.1	16764	17834	-	AG-894-O09_00804	AG-894-O09	356	OG0000256	K03465	thymidylate synthase (FAD) [EC:2.1.1.148]	COG1351	ThyX	Thymidylate synthase ThyX, FAD-dependent family	AG-894-O09_00808	-3
CABYSJ010000008.1	18016	20682	-	AG-894-O09_00806	AG-894-O09	888	OG0000798	K01006	pyruvate, orthophosphate dikinase [EC:2.7.9.1]	COG0574	PpsA	Phosphoenolpyruvate synthase/pyruvate phosphate dikinase	AG-894-O09_00808	-2
CABYSJ010000008.1	20682	22748	-	AG-894-O09_00807	AG-894-O09	688	OG0000882	K01879	glycyl-tRNA synthetase beta chain [EC:6.1.1.14]	COG0751	GlyS	Glycyl-tRNA synthetase, beta subunit	AG-894-O09_00808	-1
CABYSJ010000008.1	22748	23653	-	AG-894-O09_00808	AG-894-O09	301	OG0000870	K01878	glycyl-tRNA synthetase alpha chain [EC:6.1.1.14]	COG0752	GlyQ	Glycyl-tRNA synthetase, alpha subunit	AG-894-O09_00808	0
CABYSJ010000008.1	23619	24425	-	AG-894-O09_00809	AG-894-O09	268	OG0000623	K04773	protease IV [EC:3.4.21.-]	COG0616	SppA	Periplasmic serine protease, ClpP class	AG-894-O09_00808	1
CABYSJ010000008.1	24540	25553	+	AG-894-O09_00810	AG-894-O09	337	OG0000641	K02523	octaprenyl-diphosphate synthase [EC:2.5.1.90]	COG0142	IspA	Geranylgeranyl pyrophosphate synthase	AG-894-O09_00808	2
CABYSJ010000008.1	25550	26176	-	AG-894-O09_00811	AG-894-O09	208	OG0000522	K00275	pyridoxamine 5'-phosphate oxidase [EC:1.4.3.5]	COG0259	PdxH	Pyridoxine/pyridoxamine 5'-phosphate oxidase	AG-894-O09_00808	3
CABYSJ010000008.1	26210	27292	+	AG-894-O09_00812	AG-894-O09	360	OG0000279	K01736	chorismate synthase [EC:4.2.3.5]	COG0082	AroC	Chorismate synthase	AG-894-O09_00808	4
CABYSJ010000008.1	27299	29215	-	AG-894-O09_00813	AG-894-O09	638	OG0000041	K01662	1-deoxy-D-xylulose-5-phosphate synthase [EC:2.2.1.7]	COG1154	Dxs	Deoxyxylulose-5-phosphate synthase	AG-894-O09_00808	5
CABYUV010000009.1	34071	35987	+	AG-894-P23_00855	AG-894-P23	638	OG0000041	K01662	1-deoxy-D-xylulose-5-phosphate synthase [EC:2.2.1.7]	COG1154	Dxs	Deoxyxylulose-5-phosphate synthase	AG-894-P23_00860	-5
CABYUV010000009.1	35994	37076	-	AG-894-P23_00856	AG-894-P23	360	OG0000279	K01736	chorismate synthase [EC:4.2.3.5]	COG0082	AroC	Chorismate synthase	AG-894-P23_00860	-4
CABYUV010000009.1	37110	37736	+	AG-894-P23_00857	AG-894-P23	208	OG0000522	K00275	pyridoxamine 5'-phosphate oxidase [EC:1.4.3.5]	COG0259	PdxH	Pyridoxine/pyridoxamine 5'-phosphate oxidase	AG-894-P23_00860	-3
CABYUV010000009.1	37733	38746	-	AG-894-P23_00858	AG-894-P23	337	OG0000641	K02523	octaprenyl-diphosphate synthase [EC:2.5.1.90]	COG0142	IspA	Geranylgeranyl pyrophosphate synthase	AG-894-P23_00860	-2
CABYUV010000009.1	38861	39667	+	AG-894-P23_00859	AG-894-P23	268	OG0000623	K04773	protease IV [EC:3.4.21.-]	COG0616	SppA	Periplasmic serine protease, ClpP class	AG-894-P23_00860	-1
CABYUV010000009.1	39633	40538	+	AG-894-P23_00860	AG-894-P23	301	OG0000870	K01878	glycyl-tRNA synthetase alpha chain [EC:6.1.1.14]	COG0752	GlyQ	Glycyl-tRNA synthetase, alpha subunit	AG-894-P23_00860	0
CABYUV010000009.1	40538	42604	+	AG-894-P23_00861	AG-894-P23	688	OG0000882	K01879	glycyl-tRNA synthetase beta chain [EC:6.1.1.14]	COG0751	GlyS	Glycyl-tRNA synthetase, beta subunit	AG-894-P23_00860	1
CABYUV010000009.1	42604	45261	+	AG-894-P23_00862	AG-894-P23	885	OG0000798	K01006	pyruvate, orthophosphate dikinase [EC:2.7.9.1]	COG0574	PpsA	Phosphoenolpyruvate synthase/pyruvate phosphate dikinase	AG-894-P23_00860	2
CABYUV010000009.1	45277	46464	+	AG-894-P23_00863	AG-894-P23	395	OG0002721	NA	NA	NA	NA	NA	AG-894-P23_00860	3
CABYUV010000009.1	46426	47142	-	AG-894-P23_00864	AG-894-P23	238	OG0003036	NA	NA	COG0463	WcaA	Glycosyltransferase involved in cell wall bisynthesis	AG-894-P23_00860	4
CABYUV010000009.1	47154	48383	-	AG-894-P23_00865	AG-894-P23	409	OG0002307	NA	NA	NA	NA	NA	AG-894-P23_00860	5
CABZAK010000002.1	128027	129223	-	AG-895-G15_00563	AG-895-G15	398	OG0000274	K03273	D-glycero-D-manno-heptose 1,7-bisphosphate phosphatase [EC:3.1.3.82 3.1.3.83]	COG0241	HisB1/GmhB	Histidinol phosphatase/D-glycero-mannoheptose bisphosphatephosphatase, HAD superfamily	AG-895-G15_00569	-5
CABZAK010000002.1	129411	130400	+	AG-895-G15_00565	AG-895-G15	329	OG0000316	K03517	quinolinate synthase [EC:2.5.1.72]	COG0379	NadA	Quinolinate synthase	AG-895-G15_00569	-4
CABZAK010000002.1	130406	131242	+	AG-895-G15_00566	AG-895-G15	278	OG0000370	K00767	nicotinate-nucleotide pyrophosphorylase (carboxylating) [EC:2.4.2.19]	COG0157	NadC	Nicotinate-nucleotide pyrophosphorylase	AG-895-G15_00569	-3
CABZAK010000002.1	131253	133910	-	AG-895-G15_00567	AG-895-G15	885	OG0000798	K01006	pyruvate, orthophosphate dikinase [EC:2.7.9.1]	COG0574	PpsA	Phosphoenolpyruvate synthase/pyruvate phosphate dikinase	AG-895-G15_00569	-2
CABZAK010000002.1	133912	135972	-	AG-895-G15_00568	AG-895-G15	686	OG0000882	K01879	glycyl-tRNA synthetase beta chain [EC:6.1.1.14]	COG0751	GlyS	Glycyl-tRNA synthetase, beta subunit	AG-895-G15_00569	-1
CABZAK010000002.1	135974	136864	-	AG-895-G15_00569	AG-895-G15	296	OG0000870	K01878	glycyl-tRNA synthetase alpha chain [EC:6.1.1.14]	COG0752	GlyQ	Glycyl-tRNA synthetase, alpha subunit	AG-895-G15_00569	0
CABZAK010000002.1	136854	137660	-	AG-895-G15_00570	AG-895-G15	268	OG0000623	K04773	protease IV [EC:3.4.21.-]	COG0616	SppA	Periplasmic serine protease, ClpP class	AG-895-G15_00569	1
CABZAK010000002.1	137771	138784	+	AG-895-G15_00571	AG-895-G15	337	OG0000641	K02523	octaprenyl-diphosphate synthase [EC:2.5.1.90]	COG0142	IspA	Geranylgeranyl pyrophosphate synthase	AG-895-G15_00569	2
CABZAK010000002.1	138781	139407	-	AG-895-G15_00572	AG-895-G15	208	OG0000522	K00275	pyridoxamine 5'-phosphate oxidase [EC:1.4.3.5]	COG0259	PdxH	Pyridoxine/pyridoxamine 5'-phosphate oxidase	AG-895-G15_00569	3
CABZAK010000002.1	139441	140526	+	AG-895-G15_00573	AG-895-G15	361	OG0000279	K01736	chorismate synthase [EC:4.2.3.5]	COG0082	AroC	Chorismate synthase	AG-895-G15_00569	4
CABZAK010000002.1	140523	142436	-	AG-895-G15_00574	AG-895-G15	637	OG0000041	K01662	1-deoxy-D-xylulose-5-phosphate synthase [EC:2.2.1.7]	COG1154	Dxs	Deoxyxylulose-5-phosphate synthase	AG-895-G15_00569	5
CABZCX010000002.1	54752	56665	+	AG-895-J19_00548	AG-895-J19	637	OG0000041	K01662	1-deoxy-D-xylulose-5-phosphate synthase [EC:2.2.1.7]	COG1154	Dxs	Deoxyxylulose-5-phosphate synthase	AG-895-J19_00553	-5
CABZCX010000002.1	56671	57753	-	AG-895-J19_00549	AG-895-J19	360	OG0000279	K01736	chorismate synthase [EC:4.2.3.5]	COG0082	AroC	Chorismate synthase	AG-895-J19_00553	-4
CABZCX010000002.1	57787	58413	+	AG-895-J19_00550	AG-895-J19	208	OG0000522	K00275	pyridoxamine 5'-phosphate oxidase [EC:1.4.3.5]	COG0259	PdxH	Pyridoxine/pyridoxamine 5'-phosphate oxidase	AG-895-J19_00553	-3
CABZCX010000002.1	58410	59423	-	AG-895-J19_00551	AG-895-J19	337	OG0000641	K02523	octaprenyl-diphosphate synthase [EC:2.5.1.90]	COG0142	IspA	Geranylgeranyl pyrophosphate synthase	AG-895-J19_00553	-2
CABZCX010000002.1	59538	60344	+	AG-895-J19_00552	AG-895-J19	268	OG0000623	K04773	protease IV [EC:3.4.21.-]	COG0616	SppA	Periplasmic serine protease, ClpP class	AG-895-J19_00553	-1
CABZCX010000002.1	60334	61215	+	AG-895-J19_00553	AG-895-J19	293	OG0000870	K01878	glycyl-tRNA synthetase alpha chain [EC:6.1.1.14]	COG0752	GlyQ	Glycyl-tRNA synthetase, alpha subunit	AG-895-J19_00553	0
CABZCX010000002.1	61217	63289	+	AG-895-J19_00554	AG-895-J19	690	OG0000882	K01879	glycyl-tRNA synthetase beta chain [EC:6.1.1.14]	COG0751	GlyS	Glycyl-tRNA synthetase, beta subunit	AG-895-J19_00553	1
CABZCX010000002.1	63282	65945	+	AG-895-J19_00555	AG-895-J19	887	OG0000798	K01006	pyruvate, orthophosphate dikinase [EC:2.7.9.1]	COG0574	PpsA	Phosphoenolpyruvate synthase/pyruvate phosphate dikinase	AG-895-J19_00553	2
CABZCX010000002.1	65951	66853	+	AG-895-J19_00556	AG-895-J19	300	OG0002167	NA	NA	COG2755	TesA	Lysophospholipase L1 or related esterase. Includes spore coat protein LipC/YcsK	AG-895-J19_00553	3
CABZCX010000002.1	67162	68109	+	AG-895-J19_00558	AG-895-J19	315	OG0000256	K03465	thymidylate synthase (FAD) [EC:2.1.1.148]	COG1351	ThyX	Thymidylate synthase ThyX, FAD-dependent family	AG-895-J19_00553	4
CABZCX010000002.1	68090	68914	-	AG-895-J19_00559	AG-895-J19	274	OG0000361	K03593	ATP-binding protein involved in chromosome partitioning	COG0489	Mrp	Fe-S cluster carrier ATPase, Mrp/ApbC/NBP35 family	AG-895-J19_00553	5
CABZDR010000001.1	560877	562793	+	AG-895-K10_00597	AG-895-K10	638	OG0000041	K01662	1-deoxy-D-xylulose-5-phosphate synthase [EC:2.2.1.7]	COG1154	Dxs	Deoxyxylulose-5-phosphate synthase	AG-895-K10_00602	-5
CABZDR010000001.1	562798	563880	-	AG-895-K10_00598	AG-895-K10	360	OG0000279	K01736	chorismate synthase [EC:4.2.3.5]	COG0082	AroC	Chorismate synthase	AG-895-K10_00602	-4
CABZDR010000001.1	563914	564540	+	AG-895-K10_00599	AG-895-K10	208	OG0000522	K00275	pyridoxamine 5'-phosphate oxidase [EC:1.4.3.5]	COG0259	PdxH	Pyridoxine/pyridoxamine 5'-phosphate oxidase	AG-895-K10_00602	-3
CABZDR010000001.1	564537	565550	-	AG-895-K10_00600	AG-895-K10	337	OG0000641	K02523	octaprenyl-diphosphate synthase [EC:2.5.1.90]	COG0142	IspA	Geranylgeranyl pyrophosphate synthase	AG-895-K10_00602	-2
CABZDR010000001.1	565664	566470	+	AG-895-K10_00601	AG-895-K10	268	OG0000623	K04773	protease IV [EC:3.4.21.-]	COG0616	SppA	Periplasmic serine protease, ClpP class	AG-895-K10_00602	-1
CABZDR010000001.1	566460	567341	+	AG-895-K10_00602	AG-895-K10	293	OG0000870	K01878	glycyl-tRNA synthetase alpha chain [EC:6.1.1.14]	COG0752	GlyQ	Glycyl-tRNA synthetase, alpha subunit	AG-895-K10_00602	0
CABZDR010000001.1	567342	569414	+	AG-895-K10_00603	AG-895-K10	690	OG0000882	K01879	glycyl-tRNA synthetase beta chain [EC:6.1.1.14]	COG0751	GlyS	Glycyl-tRNA synthetase, beta subunit	AG-895-K10_00602	1
CABZDR010000001.1	569407	572076	+	AG-895-K10_00604	AG-895-K10	889	OG0000798	K01006	pyruvate, orthophosphate dikinase [EC:2.7.9.1]	COG0574	PpsA	Phosphoenolpyruvate synthase/pyruvate phosphate dikinase	AG-895-K10_00602	2
CABZDR010000001.1	572079	573251	-	AG-895-K10_00605	AG-895-K10	390	OG0001484	NA	NA	NA	NA	NA	AG-895-K10_00602	3
CABZDR010000001.1	573310	574143	-	AG-895-K10_00606	AG-895-K10	277	OG0000370	K00767	nicotinate-nucleotide pyrophosphorylase (carboxylating) [EC:2.4.2.19]	COG0157	NadC	Nicotinate-nucleotide pyrophosphorylase	AG-895-K10_00602	4
CABZDR010000001.1	574150	575139	-	AG-895-K10_00607	AG-895-K10	329	OG0000316	K03517	quinolinate synthase [EC:2.5.1.72]	COG0379	NadA	Quinolinate synthase	AG-895-K10_00602	5
CABZLS010000001.1	45419	47332	+	AG-896-C18_00058	AG-896-C18	637	OG0000041	K01662	1-deoxy-D-xylulose-5-phosphate synthase [EC:2.2.1.7]	COG1154	Dxs	Deoxyxylulose-5-phosphate synthase	AG-896-C18_00063	-5
CABZLS010000001.1	47338	48420	-	AG-896-C18_00059	AG-896-C18	360	OG0000279	K01736	chorismate synthase [EC:4.2.3.5]	COG0082	AroC	Chorismate synthase	AG-896-C18_00063	-4
CABZLS010000001.1	48454	49080	+	AG-896-C18_00060	AG-896-C18	208	OG0000522	K00275	pyridoxamine 5'-phosphate oxidase [EC:1.4.3.5]	COG0259	PdxH	Pyridoxine/pyridoxamine 5'-phosphate oxidase	AG-896-C18_00063	-3
CABZLS010000001.1	49077	50090	-	AG-896-C18_00061	AG-896-C18	337	OG0000641	K02523	octaprenyl-diphosphate synthase [EC:2.5.1.90]	COG0142	IspA	Geranylgeranyl pyrophosphate synthase	AG-896-C18_00063	-2
CABZLS010000001.1	50204	51010	+	AG-896-C18_00062	AG-896-C18	268	OG0000623	K04773	protease IV [EC:3.4.21.-]	COG0616	SppA	Periplasmic serine protease, ClpP class	AG-896-C18_00063	-1
CABZLS010000001.1	50976	51875	+	AG-896-C18_00063	AG-896-C18	299	OG0000870	K01878	glycyl-tRNA synthetase alpha chain [EC:6.1.1.14]	COG0752	GlyQ	Glycyl-tRNA synthetase, alpha subunit	AG-896-C18_00063	0
CABZLS010000001.1	51877	53943	+	AG-896-C18_00064	AG-896-C18	688	OG0000882	K01879	glycyl-tRNA synthetase beta chain [EC:6.1.1.14]	COG0751	GlyS	Glycyl-tRNA synthetase, beta subunit	AG-896-C18_00063	1
CABZLS010000001.1	53943	56603	+	AG-896-C18_00065	AG-896-C18	886	OG0000798	K01006	pyruvate, orthophosphate dikinase [EC:2.7.9.1]	COG0574	PpsA	Phosphoenolpyruvate synthase/pyruvate phosphate dikinase	AG-896-C18_00063	2
CABZLS010000001.1	56608	57279	-	AG-896-C18_00066	AG-896-C18	223	OG0003060	NA	NA	COG2226	UbiE	Ubiquinone/menaquinone biosynthesis C-methylase UbiE/MenG or 23S rRNA G745 methylase RmlAII or tRNA-U5 methylase TRM9	AG-896-C18_00063	3
CABZLS010000001.1	57486	58556	+	AG-896-C18_00068	AG-896-C18	356	OG0000256	K03465	thymidylate synthase (FAD) [EC:2.1.1.148]	COG1351	ThyX	Thymidylate synthase ThyX, FAD-dependent family	AG-896-C18_00063	4
CABZLS010000001.1	58560	58952	+	AG-896-C18_00069	AG-896-C18	130	OG0001260	NA	NA	NA	NA	NA	AG-896-C18_00063	5
CABZOF010000001.1	184476	185423	-	AG-896-F06_00181	AG-896-F06	315	OG0000256	K03465	thymidylate synthase (FAD) [EC:2.1.1.148]	COG1351	ThyX	Thymidylate synthase ThyX, FAD-dependent family	AG-896-F06_00188	-5
CABZOF010000001.1	185894	186883	+	AG-896-F06_00184	AG-896-F06	329	OG0000316	K03517	quinolinate synthase [EC:2.5.1.72]	COG0379	NadA	Quinolinate synthase	AG-896-F06_00188	-4
CABZOF010000001.1	186889	187725	+	AG-896-F06_00185	AG-896-F06	278	OG0000370	K00767	nicotinate-nucleotide pyrophosphorylase (carboxylating) [EC:2.4.2.19]	COG0157	NadC	Nicotinate-nucleotide pyrophosphorylase	AG-896-F06_00188	-3
CABZOF010000001.1	187722	190382	-	AG-896-F06_00186	AG-896-F06	886	OG0000798	K01006	pyruvate, orthophosphate dikinase [EC:2.7.9.1]	COG0574	PpsA	Phosphoenolpyruvate synthase/pyruvate phosphate dikinase	AG-896-F06_00188	-2
CABZOF010000001.1	190384	192447	-	AG-896-F06_00187	AG-896-F06	687	OG0000882	K01879	glycyl-tRNA synthetase beta chain [EC:6.1.1.14]	COG0751	GlyS	Glycyl-tRNA synthetase, beta subunit	AG-896-F06_00188	-1
CABZOF010000001.1	192447	193319	-	AG-896-F06_00188	AG-896-F06	290	OG0000870	K01878	glycyl-tRNA synthetase alpha chain [EC:6.1.1.14]	COG0752	GlyQ	Glycyl-tRNA synthetase, alpha subunit	AG-896-F06_00188	0
CABZOF010000001.1	193309	194118	-	AG-896-F06_00189	AG-896-F06	269	OG0000623	K04773	protease IV [EC:3.4.21.-]	COG0616	SppA	Periplasmic serine protease, ClpP class	AG-896-F06_00188	1
CABZOF010000001.1	194229	195242	+	AG-896-F06_00190	AG-896-F06	337	OG0000641	K02523	octaprenyl-diphosphate synthase [EC:2.5.1.90]	COG0142	IspA	Geranylgeranyl pyrophosphate synthase	AG-896-F06_00188	2
CABZOF010000001.1	195239	195862	-	AG-896-F06_00191	AG-896-F06	207	OG0000522	K00275	pyridoxamine 5'-phosphate oxidase [EC:1.4.3.5]	COG0259	PdxH	Pyridoxine/pyridoxamine 5'-phosphate oxidase	AG-896-F06_00188	3
CABZOF010000001.1	195895	196980	+	AG-896-F06_00192	AG-896-F06	361	OG0000279	K01736	chorismate synthase [EC:4.2.3.5]	COG0082	AroC	Chorismate synthase	AG-896-F06_00188	4
CABZOF010000001.1	196977	198890	-	AG-896-F06_00193	AG-896-F06	637	OG0000041	K01662	1-deoxy-D-xylulose-5-phosphate synthase [EC:2.2.1.7]	COG1154	Dxs	Deoxyxylulose-5-phosphate synthase	AG-896-F06_00188	5
CABZPQ010000001.1	290274	292184	+	AG-896-G07_00312	AG-896-G07	636	OG0000041	K01662	1-deoxy-D-xylulose-5-phosphate synthase [EC:2.2.1.7]	COG1154	Dxs	Deoxyxylulose-5-phosphate synthase	AG-896-G07_00317	-5
CABZPQ010000001.1	292181	293266	-	AG-896-G07_00313	AG-896-G07	361	OG0000279	K01736	chorismate synthase [EC:4.2.3.5]	COG0082	AroC	Chorismate synthase	AG-896-G07_00317	-4
CABZPQ010000001.1	293299	293922	+	AG-896-G07_00314	AG-896-G07	207	OG0000522	K00275	pyridoxamine 5'-phosphate oxidase [EC:1.4.3.5]	COG0259	PdxH	Pyridoxine/pyridoxamine 5'-phosphate oxidase	AG-896-G07_00317	-3
CABZPQ010000001.1	293919	294932	-	AG-896-G07_00315	AG-896-G07	337	OG0000641	K02523	octaprenyl-diphosphate synthase [EC:2.5.1.90]	COG0142	IspA	Geranylgeranyl pyrophosphate synthase	AG-896-G07_00317	-2
CABZPQ010000001.1	295041	295847	+	AG-896-G07_00316	AG-896-G07	268	OG0000623	K04773	protease IV [EC:3.4.21.-]	COG0616	SppA	Periplasmic serine protease, ClpP class	AG-896-G07_00317	-1
CABZPQ010000001.1	295837	296721	+	AG-896-G07_00317	AG-896-G07	294	OG0000870	K01878	glycyl-tRNA synthetase alpha chain [EC:6.1.1.14]	COG0752	GlyQ	Glycyl-tRNA synthetase, alpha subunit	AG-896-G07_00317	0
CABZPQ010000001.1	296723	298786	+	AG-896-G07_00318	AG-896-G07	687	OG0000882	K01879	glycyl-tRNA synthetase beta chain [EC:6.1.1.14]	COG0751	GlyS	Glycyl-tRNA synthetase, beta subunit	AG-896-G07_00317	1
CABZPQ010000001.1	298787	301456	+	AG-896-G07_00319	AG-896-G07	889	OG0000798	K01006	pyruvate, orthophosphate dikinase [EC:2.7.9.1]	COG0574	PpsA	Phosphoenolpyruvate synthase/pyruvate phosphate dikinase	AG-896-G07_00317	2
CABZPQ010000001.1	301453	302289	-	AG-896-G07_00320	AG-896-G07	278	OG0000370	K00767	nicotinate-nucleotide pyrophosphorylase (carboxylating) [EC:2.4.2.19]	COG0157	NadC	Nicotinate-nucleotide pyrophosphorylase	AG-896-G07_00317	3
CABZPQ010000001.1	302295	303284	-	AG-896-G07_00321	AG-896-G07	329	OG0000316	K03517	quinolinate synthase [EC:2.5.1.72]	COG0379	NadA	Quinolinate synthase	AG-896-G07_00317	4
CABZPQ010000001.1	303750	304697	+	AG-896-G07_00324	AG-896-G07	315	OG0000256	K03465	thymidylate synthase (FAD) [EC:2.1.1.148]	COG1351	ThyX	Thymidylate synthase ThyX, FAD-dependent family	AG-896-G07_00317	5
CABZUL010000002.1	193679	194566	+	AG-896-L20_00460	AG-896-L20	295	OG0000660	NA	NA	COG0354	YgfZ	Folate-binding protein YgfZ, synthesis and repair of Fe-S clusters, tRNA thiomethylation	AG-896-L20_00466	-5
CABZUL010000002.1	194715	195704	+	AG-896-L20_00462	AG-896-L20	329	OG0000316	K03517	quinolinate synthase [EC:2.5.1.72]	COG0379	NadA	Quinolinate synthase	AG-896-L20_00466	-4
CABZUL010000002.1	195711	196544	+	AG-896-L20_00463	AG-896-L20	277	OG0000370	K00767	nicotinate-nucleotide pyrophosphorylase (carboxylating) [EC:2.4.2.19]	COG0157	NadC	Nicotinate-nucleotide pyrophosphorylase	AG-896-L20_00466	-3
CABZUL010000002.1	196546	199224	-	AG-896-L20_00464	AG-896-L20	892	OG0000798	K01006	pyruvate, orthophosphate dikinase [EC:2.7.9.1]	COG0574	PpsA	Phosphoenolpyruvate synthase/pyruvate phosphate dikinase	AG-896-L20_00466	-2
CABZUL010000002.1	199217	201289	-	AG-896-L20_00465	AG-896-L20	690	OG0000882	K01879	glycyl-tRNA synthetase beta chain [EC:6.1.1.14]	COG0751	GlyS	Glycyl-tRNA synthetase, beta subunit	AG-896-L20_00466	-1
CABZUL010000002.1	201291	202172	-	AG-896-L20_00466	AG-896-L20	293	OG0000870	K01878	glycyl-tRNA synthetase alpha chain [EC:6.1.1.14]	COG0752	GlyQ	Glycyl-tRNA synthetase, alpha subunit	AG-896-L20_00466	0
CABZUL010000002.1	202162	202968	-	AG-896-L20_00467	AG-896-L20	268	OG0000623	K04773	protease IV [EC:3.4.21.-]	COG0616	SppA	Periplasmic serine protease, ClpP class	AG-896-L20_00466	1
CABZUL010000002.1	203082	204095	+	AG-896-L20_00468	AG-896-L20	337	OG0000641	K02523	octaprenyl-diphosphate synthase [EC:2.5.1.90]	COG0142	IspA	Geranylgeranyl pyrophosphate synthase	AG-896-L20_00466	2
CABZUL010000002.1	204092	204718	-	AG-896-L20_00469	AG-896-L20	208	OG0000522	K00275	pyridoxamine 5'-phosphate oxidase [EC:1.4.3.5]	COG0259	PdxH	Pyridoxine/pyridoxamine 5'-phosphate oxidase	AG-896-L20_00466	3
CABZUL010000002.1	204752	205834	+	AG-896-L20_00470	AG-896-L20	360	OG0000279	K01736	chorismate synthase [EC:4.2.3.5]	COG0082	AroC	Chorismate synthase	AG-896-L20_00466	4
CABZUL010000002.1	205831	207744	-	AG-896-L20_00471	AG-896-L20	637	OG0000041	K01662	1-deoxy-D-xylulose-5-phosphate synthase [EC:2.2.1.7]	COG1154	Dxs	Deoxyxylulose-5-phosphate synthase	AG-896-L20_00466	5
CABZXO010000008.1	486	818	+	AG-896-O18_00920	AG-896-O18	110	OG0001523	NA	NA	NA	NA	NA	AG-896-O18_00925	-5
CABZXO010000008.1	992	1498	-	AG-896-O18_00921	AG-896-O18	168	OG0000006	NA	NA	COG4968	PilE	Type IV pilus minor pilin/pseudopilin PilE	AG-896-O18_00925	-4
CABZXO010000008.1	1491	2012	-	AG-896-O18_00922	AG-896-O18	173	OG0000006	NA	NA	COG4968	PilE	Type IV pilus minor pilin/pseudopilin PilE	AG-896-O18_00925	-3
CABZXO010000008.1	2134	4794	-	AG-896-O18_00923	AG-896-O18	886	OG0000798	K01006	pyruvate, orthophosphate dikinase [EC:2.7.9.1]	COG0574	PpsA	Phosphoenolpyruvate synthase/pyruvate phosphate dikinase	AG-896-O18_00925	-2
CABZXO010000008.1	4794	6860	-	AG-896-O18_00924	AG-896-O18	688	OG0000882	K01879	glycyl-tRNA synthetase beta chain [EC:6.1.1.14]	COG0751	GlyS	Glycyl-tRNA synthetase, beta subunit	AG-896-O18_00925	-1
CABZXO010000008.1	6860	7765	-	AG-896-O18_00925	AG-896-O18	301	OG0000870	K01878	glycyl-tRNA synthetase alpha chain [EC:6.1.1.14]	COG0752	GlyQ	Glycyl-tRNA synthetase, alpha subunit	AG-896-O18_00925	0
CABZXO010000008.1	7731	8537	-	AG-896-O18_00926	AG-896-O18	268	OG0000623	K04773	protease IV [EC:3.4.21.-]	COG0616	SppA	Periplasmic serine protease, ClpP class	AG-896-O18_00925	1
CABZXO010000008.1	8652	9665	+	AG-896-O18_00927	AG-896-O18	337	OG0000641	K02523	octaprenyl-diphosphate synthase [EC:2.5.1.90]	COG0142	IspA	Geranylgeranyl pyrophosphate synthase	AG-896-O18_00925	2
CABZXO010000008.1	9662	10288	-	AG-896-O18_00928	AG-896-O18	208	OG0000522	K00275	pyridoxamine 5'-phosphate oxidase [EC:1.4.3.5]	COG0259	PdxH	Pyridoxine/pyridoxamine 5'-phosphate oxidase	AG-896-O18_00925	3
CABZXO010000008.1	10322	11404	+	AG-896-O18_00929	AG-896-O18	360	OG0000279	K01736	chorismate synthase [EC:4.2.3.5]	COG0082	AroC	Chorismate synthase	AG-896-O18_00925	4
CABZXO010000008.1	11411	13327	-	AG-896-O18_00930	AG-896-O18	638	OG0000041	K01662	1-deoxy-D-xylulose-5-phosphate synthase [EC:2.2.1.7]	COG1154	Dxs	Deoxyxylulose-5-phosphate synthase	AG-896-O18_00925	5
CACADE010000004.1	50902	52812	+	AG-897-G09_00907	AG-897-G09	636	OG0000041	K01662	1-deoxy-D-xylulose-5-phosphate synthase [EC:2.2.1.7]	COG1154	Dxs	Deoxyxylulose-5-phosphate synthase	AG-897-G09_00912	-5
CACADE010000004.1	52809	53894	-	AG-897-G09_00908	AG-897-G09	361	OG0000279	K01736	chorismate synthase [EC:4.2.3.5]	COG0082	AroC	Chorismate synthase	AG-897-G09_00912	-4
CACADE010000004.1	53927	54550	+	AG-897-G09_00909	AG-897-G09	207	OG0000522	K00275	pyridoxamine 5'-phosphate oxidase [EC:1.4.3.5]	COG0259	PdxH	Pyridoxine/pyridoxamine 5'-phosphate oxidase	AG-897-G09_00912	-3
CACADE010000004.1	54547	55560	-	AG-897-G09_00910	AG-897-G09	337	OG0000641	K02523	octaprenyl-diphosphate synthase [EC:2.5.1.90]	COG0142	IspA	Geranylgeranyl pyrophosphate synthase	AG-897-G09_00912	-2
CACADE010000004.1	55669	56475	+	AG-897-G09_00911	AG-897-G09	268	OG0000623	K04773	protease IV [EC:3.4.21.-]	COG0616	SppA	Periplasmic serine protease, ClpP class	AG-897-G09_00912	-1
CACADE010000004.1	56465	57349	+	AG-897-G09_00912	AG-897-G09	294	OG0000870	K01878	glycyl-tRNA synthetase alpha chain [EC:6.1.1.14]	COG0752	GlyQ	Glycyl-tRNA synthetase, alpha subunit	AG-897-G09_00912	0
CACADE010000004.1	57351	59414	+	AG-897-G09_00913	AG-897-G09	687	OG0000882	K01879	glycyl-tRNA synthetase beta chain [EC:6.1.1.14]	COG0751	GlyS	Glycyl-tRNA synthetase, beta subunit	AG-897-G09_00912	1
CACADE010000004.1	59415	62072	+	AG-897-G09_00914	AG-897-G09	885	OG0000798	K01006	pyruvate, orthophosphate dikinase [EC:2.7.9.1]	COG0574	PpsA	Phosphoenolpyruvate synthase/pyruvate phosphate dikinase	AG-897-G09_00912	2
CACADE010000004.1	62082	62918	-	AG-897-G09_00915	AG-897-G09	278	OG0000370	K00767	nicotinate-nucleotide pyrophosphorylase (carboxylating) [EC:2.4.2.19]	COG0157	NadC	Nicotinate-nucleotide pyrophosphorylase	AG-897-G09_00912	3
CACADE010000004.1	62924	63913	-	AG-897-G09_00916	AG-897-G09	329	OG0000316	K03517	quinolinate synthase [EC:2.5.1.72]	COG0379	NadA	Quinolinate synthase	AG-897-G09_00912	4
CACADE010000004.1	64091	64711	-	AG-897-G09_00918	AG-897-G09	206	OG0000008	NA	NA	COG2227	UbiG	2-polyprenyl-3-methyl-5-hydroxy-6-metoxy-1,4-benzoquinol methylase	AG-897-G09_00912	5
CACAFC010000003.1	46942	48855	+	AG-897-G15_00499	AG-897-G15	637	OG0000041	K01662	1-deoxy-D-xylulose-5-phosphate synthase [EC:2.2.1.7]	COG1154	Dxs	Deoxyxylulose-5-phosphate synthase	AG-897-G15_00504	-5
CACAFC010000003.1	48852	49934	-	AG-897-G15_00500	AG-897-G15	360	OG0000279	K01736	chorismate synthase [EC:4.2.3.5]	COG0082	AroC	Chorismate synthase	AG-897-G15_00504	-4
CACAFC010000003.1	49968	50594	+	AG-897-G15_00501	AG-897-G15	208	OG0000522	K00275	pyridoxamine 5'-phosphate oxidase [EC:1.4.3.5]	COG0259	PdxH	Pyridoxine/pyridoxamine 5'-phosphate oxidase	AG-897-G15_00504	-3
CACAFC010000003.1	50591	51604	-	AG-897-G15_00502	AG-897-G15	337	OG0000641	K02523	octaprenyl-diphosphate synthase [EC:2.5.1.90]	COG0142	IspA	Geranylgeranyl pyrophosphate synthase	AG-897-G15_00504	-2
CACAFC010000003.1	51718	52524	+	AG-897-G15_00503	AG-897-G15	268	OG0000623	K04773	protease IV [EC:3.4.21.-]	COG0616	SppA	Periplasmic serine protease, ClpP class	AG-897-G15_00504	-1
CACAFC010000003.1	52514	53395	+	AG-897-G15_00504	AG-897-G15	293	OG0000870	K01878	glycyl-tRNA synthetase alpha chain [EC:6.1.1.14]	COG0752	GlyQ	Glycyl-tRNA synthetase, alpha subunit	AG-897-G15_00504	0
CACAFC010000003.1	53397	55469	+	AG-897-G15_00505	AG-897-G15	690	OG0000882	K01879	glycyl-tRNA synthetase beta chain [EC:6.1.1.14]	COG0751	GlyS	Glycyl-tRNA synthetase, beta subunit	AG-897-G15_00504	1
CACAFC010000003.1	55462	58128	+	AG-897-G15_00506	AG-897-G15	888	OG0000798	K01006	pyruvate, orthophosphate dikinase [EC:2.7.9.1]	COG0574	PpsA	Phosphoenolpyruvate synthase/pyruvate phosphate dikinase	AG-897-G15_00504	2
CACAFC010000003.1	58142	58975	-	AG-897-G15_00507	AG-897-G15	277	OG0000370	K00767	nicotinate-nucleotide pyrophosphorylase (carboxylating) [EC:2.4.2.19]	COG0157	NadC	Nicotinate-nucleotide pyrophosphorylase	AG-897-G15_00504	3
CACAFC010000003.1	58982	59971	-	AG-897-G15_00508	AG-897-G15	329	OG0000316	K03517	quinolinate synthase [EC:2.5.1.72]	COG0379	NadA	Quinolinate synthase	AG-897-G15_00504	4
CACAFC010000003.1	60120	61007	-	AG-897-G15_00510	AG-897-G15	295	OG0000660	NA	NA	COG0354	YgfZ	Folate-binding protein YgfZ, synthesis and repair of Fe-S clusters, tRNA thiomethylation	AG-897-G15_00504	5
CACAIK010000004.1	92464	94374	+	AG-897-O16_00574	AG-897-O16	636	OG0000041	K01662	1-deoxy-D-xylulose-5-phosphate synthase [EC:2.2.1.7]	COG1154	Dxs	Deoxyxylulose-5-phosphate synthase	AG-897-O16_00579	-5
CACAIK010000004.1	94371	95456	-	AG-897-O16_00575	AG-897-O16	361	OG0000279	K01736	chorismate synthase [EC:4.2.3.5]	COG0082	AroC	Chorismate synthase	AG-897-O16_00579	-4
CACAIK010000004.1	95489	96112	+	AG-897-O16_00576	AG-897-O16	207	OG0000522	K00275	pyridoxamine 5'-phosphate oxidase [EC:1.4.3.5]	COG0259	PdxH	Pyridoxine/pyridoxamine 5'-phosphate oxidase	AG-897-O16_00579	-3
CACAIK010000004.1	96109	97122	-	AG-897-O16_00577	AG-897-O16	337	OG0000641	K02523	octaprenyl-diphosphate synthase [EC:2.5.1.90]	COG0142	IspA	Geranylgeranyl pyrophosphate synthase	AG-897-O16_00579	-2
CACAIK010000004.1	97231	98037	+	AG-897-O16_00578	AG-897-O16	268	OG0000623	K04773	protease IV [EC:3.4.21.-]	COG0616	SppA	Periplasmic serine protease, ClpP class	AG-897-O16_00579	-1
CACAIK010000004.1	98027	98911	+	AG-897-O16_00579	AG-897-O16	294	OG0000870	K01878	glycyl-tRNA synthetase alpha chain [EC:6.1.1.14]	COG0752	GlyQ	Glycyl-tRNA synthetase, alpha subunit	AG-897-O16_00579	0
CACAIK010000004.1	98913	100976	+	AG-897-O16_00580	AG-897-O16	687	OG0000882	K01879	glycyl-tRNA synthetase beta chain [EC:6.1.1.14]	COG0751	GlyS	Glycyl-tRNA synthetase, beta subunit	AG-897-O16_00579	1
CACAIK010000004.1	103070	103366	-	AG-897-O16_00581	AG-897-O16	98	OG0003993	NA	NA	NA	NA	NA	AG-897-O16_00579	2
CACALX010000009.1	138	272	+	AG-898-C07_01005	AG-898-C07	44	OG0003507	NA	NA	NA	NA	NA	AG-898-C07_01006	-1
CACALX010000009.1	1579	2475	-	AG-898-C07_01006	AG-898-C07	298	OG0000870	K01878	glycyl-tRNA synthetase alpha chain [EC:6.1.1.14]	COG0752	GlyQ	Glycyl-tRNA synthetase, alpha subunit	AG-898-C07_01006	0
CACALX010000009.1	2441	3244	-	AG-898-C07_01007	AG-898-C07	267	OG0000623	K04773	protease IV [EC:3.4.21.-]	COG0616	SppA	Periplasmic serine protease, ClpP class	AG-898-C07_01006	1
CACALX010000009.1	3359	4372	+	AG-898-C07_01008	AG-898-C07	337	OG0000641	K02523	octaprenyl-diphosphate synthase [EC:2.5.1.90]	COG0142	IspA	Geranylgeranyl pyrophosphate synthase	AG-898-C07_01006	2
CACALX010000009.1	4369	4995	-	AG-898-C07_01009	AG-898-C07	208	OG0000522	K00275	pyridoxamine 5'-phosphate oxidase [EC:1.4.3.5]	COG0259	PdxH	Pyridoxine/pyridoxamine 5'-phosphate oxidase	AG-898-C07_01006	3
CACALX010000009.1	5029	6111	+	AG-898-C07_01010	AG-898-C07	360	OG0000279	K01736	chorismate synthase [EC:4.2.3.5]	COG0082	AroC	Chorismate synthase	AG-898-C07_01006	4
CACALX010000009.1	6116	8032	-	AG-898-C07_01011	AG-898-C07	638	OG0000041	K01662	1-deoxy-D-xylulose-5-phosphate synthase [EC:2.2.1.7]	COG1154	Dxs	Deoxyxylulose-5-phosphate synthase	AG-898-C07_01006	5
CACARD010000001.1	22335	22874	-	AG-898-G21_00022	AG-898-G21	179	OG0001890	NA	NA	NA	NA	NA	AG-898-G21_00028	-5
CACARD010000001.1	23387	24376	+	AG-898-G21_00024	AG-898-G21	329	OG0000316	K03517	quinolinate synthase [EC:2.5.1.72]	COG0379	NadA	Quinolinate synthase	AG-898-G21_00028	-4
CACARD010000001.1	24382	25218	+	AG-898-G21_00025	AG-898-G21	278	OG0000370	K00767	nicotinate-nucleotide pyrophosphorylase (carboxylating) [EC:2.4.2.19]	COG0157	NadC	Nicotinate-nucleotide pyrophosphorylase	AG-898-G21_00028	-3
CACARD010000001.1	25222	27885	-	AG-898-G21_00026	AG-898-G21	887	OG0000798	K01006	pyruvate, orthophosphate dikinase [EC:2.7.9.1]	COG0574	PpsA	Phosphoenolpyruvate synthase/pyruvate phosphate dikinase	AG-898-G21_00028	-2
CACARD010000001.1	27886	29949	-	AG-898-G21_00027	AG-898-G21	687	OG0000882	K01879	glycyl-tRNA synthetase beta chain [EC:6.1.1.14]	COG0751	GlyS	Glycyl-tRNA synthetase, beta subunit	AG-898-G21_00028	-1
CACARD010000001.1	29951	30832	-	AG-898-G21_00028	AG-898-G21	293	OG0000870	K01878	glycyl-tRNA synthetase alpha chain [EC:6.1.1.14]	COG0752	GlyQ	Glycyl-tRNA synthetase, alpha subunit	AG-898-G21_00028	0
CACARD010000001.1	30822	31628	-	AG-898-G21_00029	AG-898-G21	268	OG0000623	K04773	protease IV [EC:3.4.21.-]	COG0616	SppA	Periplasmic serine protease, ClpP class	AG-898-G21_00028	1
CACARD010000001.1	31737	32750	+	AG-898-G21_00030	AG-898-G21	337	OG0000641	K02523	octaprenyl-diphosphate synthase [EC:2.5.1.90]	COG0142	IspA	Geranylgeranyl pyrophosphate synthase	AG-898-G21_00028	2
CACARD010000001.1	32747	33370	-	AG-898-G21_00031	AG-898-G21	207	OG0000522	K00275	pyridoxamine 5'-phosphate oxidase [EC:1.4.3.5]	COG0259	PdxH	Pyridoxine/pyridoxamine 5'-phosphate oxidase	AG-898-G21_00028	3
CACARD010000001.1	33403	34488	+	AG-898-G21_00032	AG-898-G21	361	OG0000279	K01736	chorismate synthase [EC:4.2.3.5]	COG0082	AroC	Chorismate synthase	AG-898-G21_00028	4
CACARD010000001.1	34485	36395	-	AG-898-G21_00033	AG-898-G21	636	OG0000041	K01662	1-deoxy-D-xylulose-5-phosphate synthase [EC:2.2.1.7]	COG1154	Dxs	Deoxyxylulose-5-phosphate synthase	AG-898-G21_00028	5
CACAZW010000012.1	24970	26880	+	AG-899-A06_01030	AG-899-A06	636	OG0000041	K01662	1-deoxy-D-xylulose-5-phosphate synthase [EC:2.2.1.7]	COG1154	Dxs	Deoxyxylulose-5-phosphate synthase	AG-899-A06_01035	-5
CACAZW010000012.1	26877	27962	-	AG-899-A06_01031	AG-899-A06	361	OG0000279	K01736	chorismate synthase [EC:4.2.3.5]	COG0082	AroC	Chorismate synthase	AG-899-A06_01035	-4
CACAZW010000012.1	27995	28618	+	AG-899-A06_01032	AG-899-A06	207	OG0000522	K00275	pyridoxamine 5'-phosphate oxidase [EC:1.4.3.5]	COG0259	PdxH	Pyridoxine/pyridoxamine 5'-phosphate oxidase	AG-899-A06_01035	-3
CACAZW010000012.1	28615	29628	-	AG-899-A06_01033	AG-899-A06	337	OG0000641	K02523	octaprenyl-diphosphate synthase [EC:2.5.1.90]	COG0142	IspA	Geranylgeranyl pyrophosphate synthase	AG-899-A06_01035	-2
CACAZW010000012.1	29737	30543	+	AG-899-A06_01034	AG-899-A06	268	OG0000623	K04773	protease IV [EC:3.4.21.-]	COG0616	SppA	Periplasmic serine protease, ClpP class	AG-899-A06_01035	-1
CACAZW010000012.1	30533	31417	+	AG-899-A06_01035	AG-899-A06	294	OG0000870	K01878	glycyl-tRNA synthetase alpha chain [EC:6.1.1.14]	COG0752	GlyQ	Glycyl-tRNA synthetase, alpha subunit	AG-899-A06_01035	0
CACBAX010000015.1	12245	14155	+	AG-899-B09_01046	AG-899-B09	636	OG0000041	K01662	1-deoxy-D-xylulose-5-phosphate synthase [EC:2.2.1.7]	COG1154	Dxs	Deoxyxylulose-5-phosphate synthase	AG-899-B09_01051	-5
CACBAX010000015.1	14152	15237	-	AG-899-B09_01047	AG-899-B09	361	OG0000279	K01736	chorismate synthase [EC:4.2.3.5]	COG0082	AroC	Chorismate synthase	AG-899-B09_01051	-4
CACBAX010000015.1	15270	15893	+	AG-899-B09_01048	AG-899-B09	207	OG0000522	K00275	pyridoxamine 5'-phosphate oxidase [EC:1.4.3.5]	COG0259	PdxH	Pyridoxine/pyridoxamine 5'-phosphate oxidase	AG-899-B09_01051	-3
CACBAX010000015.1	15890	16903	-	AG-899-B09_01049	AG-899-B09	337	OG0000641	K02523	octaprenyl-diphosphate synthase [EC:2.5.1.90]	COG0142	IspA	Geranylgeranyl pyrophosphate synthase	AG-899-B09_01051	-2
CACBAX010000015.1	17013	17822	+	AG-899-B09_01050	AG-899-B09	269	OG0000623	K04773	protease IV [EC:3.4.21.-]	COG0616	SppA	Periplasmic serine protease, ClpP class	AG-899-B09_01051	-1
CACBAX010000015.1	17812	18696	+	AG-899-B09_01051	AG-899-B09	294	OG0000870	K01878	glycyl-tRNA synthetase alpha chain [EC:6.1.1.14]	COG0752	GlyQ	Glycyl-tRNA synthetase, alpha subunit	AG-899-B09_01051	0
CACBAX010000015.1	18698	20761	+	AG-899-B09_01052	AG-899-B09	687	OG0000882	K01879	glycyl-tRNA synthetase beta chain [EC:6.1.1.14]	COG0751	GlyS	Glycyl-tRNA synthetase, beta subunit	AG-899-B09_01051	1
CACBAX010000015.1	20761	23418	+	AG-899-B09_01053	AG-899-B09	885	OG0000798	K01006	pyruvate, orthophosphate dikinase [EC:2.7.9.1]	COG0574	PpsA	Phosphoenolpyruvate synthase/pyruvate phosphate dikinase	AG-899-B09_01051	2
CACBAX010000015.1	23424	24260	-	AG-899-B09_01054	AG-899-B09	278	OG0000370	K00767	nicotinate-nucleotide pyrophosphorylase (carboxylating) [EC:2.4.2.19]	COG0157	NadC	Nicotinate-nucleotide pyrophosphorylase	AG-899-B09_01051	3
CACBAX010000015.1	24266	25255	-	AG-899-B09_01055	AG-899-B09	329	OG0000316	K03517	quinolinate synthase [EC:2.5.1.72]	COG0379	NadA	Quinolinate synthase	AG-899-B09_01051	4
CACBDA010000003.1	62802	64721	+	AG-899-E14_00629	AG-899-E14	639	OG0000041	K01662	1-deoxy-D-xylulose-5-phosphate synthase [EC:2.2.1.7]	COG1154	Dxs	Deoxyxylulose-5-phosphate synthase	AG-899-E14_00634	-5
CACBDA010000003.1	64718	65800	-	AG-899-E14_00630	AG-899-E14	360	OG0000279	K01736	chorismate synthase [EC:4.2.3.5]	COG0082	AroC	Chorismate synthase	AG-899-E14_00634	-4
CACBDA010000003.1	65835	66467	+	AG-899-E14_00631	AG-899-E14	210	OG0000522	K00275	pyridoxamine 5'-phosphate oxidase [EC:1.4.3.5]	COG0259	PdxH	Pyridoxine/pyridoxamine 5'-phosphate oxidase	AG-899-E14_00634	-3
CACBDA010000003.1	66464	67477	-	AG-899-E14_00632	AG-899-E14	337	OG0000641	K02523	octaprenyl-diphosphate synthase [EC:2.5.1.90]	COG0142	IspA	Geranylgeranyl pyrophosphate synthase	AG-899-E14_00634	-2
CACBDA010000003.1	67624	68436	+	AG-899-E14_00633	AG-899-E14	270	OG0000623	K04773	protease IV [EC:3.4.21.-]	COG0616	SppA	Periplasmic serine protease, ClpP class	AG-899-E14_00634	-1
CACBDA010000003.1	68437	69321	+	AG-899-E14_00634	AG-899-E14	294	OG0000870	K01878	glycyl-tRNA synthetase alpha chain [EC:6.1.1.14]	COG0752	GlyQ	Glycyl-tRNA synthetase, alpha subunit	AG-899-E14_00634	0
CACBDA010000003.1	69325	71379	+	AG-899-E14_00635	AG-899-E14	684	OG0000882	K01879	glycyl-tRNA synthetase beta chain [EC:6.1.1.14]	COG0751	GlyS	Glycyl-tRNA synthetase, beta subunit	AG-899-E14_00634	1
CACBDA010000003.1	71379	74039	+	AG-899-E14_00636	AG-899-E14	886	OG0000798	K01006	pyruvate, orthophosphate dikinase [EC:2.7.9.1]	COG0574	PpsA	Phosphoenolpyruvate synthase/pyruvate phosphate dikinase	AG-899-E14_00634	2
CACBDA010000003.1	74028	74858	-	AG-899-E14_00637	AG-899-E14	276	OG0000370	K00767	nicotinate-nucleotide pyrophosphorylase (carboxylating) [EC:2.4.2.19]	COG0157	NadC	Nicotinate-nucleotide pyrophosphorylase	AG-899-E14_00634	3
CACBDA010000003.1	74863	75852	-	AG-899-E14_00638	AG-899-E14	329	OG0000316	K03517	quinolinate synthase [EC:2.5.1.72]	COG0379	NadA	Quinolinate synthase	AG-899-E14_00634	4
CACBDA010000003.1	76112	76996	-	AG-899-E14_00640	AG-899-E14	294	OG0000660	NA	NA	COG0354	YgfZ	Folate-binding protein YgfZ, synthesis and repair of Fe-S clusters, tRNA thiomethylation	AG-899-E14_00634	5
CACBIY010000006.1	28197	29084	+	AG-899-J23_00870	AG-899-J23	295	OG0000660	NA	NA	COG0354	YgfZ	Folate-binding protein YgfZ, synthesis and repair of Fe-S clusters, tRNA thiomethylation	AG-899-J23_00876	-5
CACBIY010000006.1	29233	30222	+	AG-899-J23_00872	AG-899-J23	329	OG0000316	K03517	quinolinate synthase [EC:2.5.1.72]	COG0379	NadA	Quinolinate synthase	AG-899-J23_00876	-4
CACBIY010000006.1	30229	31062	+	AG-899-J23_00873	AG-899-J23	277	OG0000370	K00767	nicotinate-nucleotide pyrophosphorylase (carboxylating) [EC:2.4.2.19]	COG0157	NadC	Nicotinate-nucleotide pyrophosphorylase	AG-899-J23_00876	-3
CACBIY010000006.1	31076	33742	-	AG-899-J23_00874	AG-899-J23	888	OG0000798	K01006	pyruvate, orthophosphate dikinase [EC:2.7.9.1]	COG0574	PpsA	Phosphoenolpyruvate synthase/pyruvate phosphate dikinase	AG-899-J23_00876	-2
CACBIY010000006.1	33735	35807	-	AG-899-J23_00875	AG-899-J23	690	OG0000882	K01879	glycyl-tRNA synthetase beta chain [EC:6.1.1.14]	COG0751	GlyS	Glycyl-tRNA synthetase, beta subunit	AG-899-J23_00876	-1
CACBIY010000006.1	35809	36690	-	AG-899-J23_00876	AG-899-J23	293	OG0000870	K01878	glycyl-tRNA synthetase alpha chain [EC:6.1.1.14]	COG0752	GlyQ	Glycyl-tRNA synthetase, alpha subunit	AG-899-J23_00876	0
CACBIY010000006.1	36680	37486	-	AG-899-J23_00877	AG-899-J23	268	OG0000623	K04773	protease IV [EC:3.4.21.-]	COG0616	SppA	Periplasmic serine protease, ClpP class	AG-899-J23_00876	1
CACBIY010000006.1	37600	38613	+	AG-899-J23_00878	AG-899-J23	337	OG0000641	K02523	octaprenyl-diphosphate synthase [EC:2.5.1.90]	COG0142	IspA	Geranylgeranyl pyrophosphate synthase	AG-899-J23_00876	2
CACBIY010000006.1	38610	39236	-	AG-899-J23_00879	AG-899-J23	208	OG0000522	K00275	pyridoxamine 5'-phosphate oxidase [EC:1.4.3.5]	COG0259	PdxH	Pyridoxine/pyridoxamine 5'-phosphate oxidase	AG-899-J23_00876	3
CACBIY010000006.1	39270	40352	+	AG-899-J23_00880	AG-899-J23	360	OG0000279	K01736	chorismate synthase [EC:4.2.3.5]	COG0082	AroC	Chorismate synthase	AG-899-J23_00876	4
CACBIY010000006.1	40349	42262	-	AG-899-J23_00881	AG-899-J23	637	OG0000041	K01662	1-deoxy-D-xylulose-5-phosphate synthase [EC:2.2.1.7]	COG1154	Dxs	Deoxyxylulose-5-phosphate synthase	AG-899-J23_00876	5
CACBLI010000001.1	57229	59142	+	AG-899-M07_00067	AG-899-M07	637	OG0000041	K01662	1-deoxy-D-xylulose-5-phosphate synthase [EC:2.2.1.7]	COG1154	Dxs	Deoxyxylulose-5-phosphate synthase	AG-899-M07_00072	-5
CACBLI010000001.1	59148	60230	-	AG-899-M07_00068	AG-899-M07	360	OG0000279	K01736	chorismate synthase [EC:4.2.3.5]	COG0082	AroC	Chorismate synthase	AG-899-M07_00072	-4
CACBLI010000001.1	60264	60890	+	AG-899-M07_00069	AG-899-M07	208	OG0000522	K00275	pyridoxamine 5'-phosphate oxidase [EC:1.4.3.5]	COG0259	PdxH	Pyridoxine/pyridoxamine 5'-phosphate oxidase	AG-899-M07_00072	-3
CACBLI010000001.1	60887	61900	-	AG-899-M07_00070	AG-899-M07	337	OG0000641	K02523	octaprenyl-diphosphate synthase [EC:2.5.1.90]	COG0142	IspA	Geranylgeranyl pyrophosphate synthase	AG-899-M07_00072	-2
CACBLI010000001.1	62014	62820	+	AG-899-M07_00071	AG-899-M07	268	OG0000623	K04773	protease IV [EC:3.4.21.-]	COG0616	SppA	Periplasmic serine protease, ClpP class	AG-899-M07_00072	-1
CACBLI010000001.1	62810	63691	+	AG-899-M07_00072	AG-899-M07	293	OG0000870	K01878	glycyl-tRNA synthetase alpha chain [EC:6.1.1.14]	COG0752	GlyQ	Glycyl-tRNA synthetase, alpha subunit	AG-899-M07_00072	0
CACBLI010000001.1	63693	65765	+	AG-899-M07_00073	AG-899-M07	690	OG0000882	K01879	glycyl-tRNA synthetase beta chain [EC:6.1.1.14]	COG0751	GlyS	Glycyl-tRNA synthetase, beta subunit	AG-899-M07_00072	1
CACBLI010000001.1	65758	68424	+	AG-899-M07_00074	AG-899-M07	888	OG0000798	K01006	pyruvate, orthophosphate dikinase [EC:2.7.9.1]	COG0574	PpsA	Phosphoenolpyruvate synthase/pyruvate phosphate dikinase	AG-899-M07_00072	2
CACBLI010000001.1	68437	69270	-	AG-899-M07_00075	AG-899-M07	277	OG0000370	K00767	nicotinate-nucleotide pyrophosphorylase (carboxylating) [EC:2.4.2.19]	COG0157	NadC	Nicotinate-nucleotide pyrophosphorylase	AG-899-M07_00072	3
CACBLI010000001.1	69277	70266	-	AG-899-M07_00076	AG-899-M07	329	OG0000316	K03517	quinolinate synthase [EC:2.5.1.72]	COG0379	NadA	Quinolinate synthase	AG-899-M07_00072	4
CACBLI010000001.1	70436	70558	-	AG-899-M07_00078	AG-899-M07	40	OG0001164	NA	NA	NA	NA	NA	AG-899-M07_00072	5
CACBMN010000008.1	50	1807	+	AG-899-M19_00919	AG-899-M19	585	OG0000041	K01662	1-deoxy-D-xylulose-5-phosphate synthase [EC:2.2.1.7]	COG1154	Dxs	Deoxyxylulose-5-phosphate synthase	AG-899-M19_00924	-5
CACBMN010000008.1	1804	2889	-	AG-899-M19_00920	AG-899-M19	361	OG0000279	K01736	chorismate synthase [EC:4.2.3.5]	COG0082	AroC	Chorismate synthase	AG-899-M19_00924	-4
CACBMN010000008.1	2922	3548	+	AG-899-M19_00921	AG-899-M19	208	OG0000522	K00275	pyridoxamine 5'-phosphate oxidase [EC:1.4.3.5]	COG0259	PdxH	Pyridoxine/pyridoxamine 5'-phosphate oxidase	AG-899-M19_00924	-3
CACBMN010000008.1	3545	4558	-	AG-899-M19_00922	AG-899-M19	337	OG0000641	K02523	octaprenyl-diphosphate synthase [EC:2.5.1.90]	COG0142	IspA	Geranylgeranyl pyrophosphate synthase	AG-899-M19_00924	-2
CACBMN010000008.1	4668	5474	+	AG-899-M19_00923	AG-899-M19	268	OG0000623	K04773	protease IV [EC:3.4.21.-]	COG0616	SppA	Periplasmic serine protease, ClpP class	AG-899-M19_00924	-1
CACBMN010000008.1	5464	6336	+	AG-899-M19_00924	AG-899-M19	290	OG0000870	K01878	glycyl-tRNA synthetase alpha chain [EC:6.1.1.14]	COG0752	GlyQ	Glycyl-tRNA synthetase, alpha subunit	AG-899-M19_00924	0
CACBMN010000008.1	6337	8424	+	AG-899-M19_00925	AG-899-M19	695	OG0000882	K01879	glycyl-tRNA synthetase beta chain [EC:6.1.1.14]	COG0751	GlyS	Glycyl-tRNA synthetase, beta subunit	AG-899-M19_00924	1
CACBMN010000008.1	8405	11062	+	AG-899-M19_00926	AG-899-M19	885	OG0000798	K01006	pyruvate, orthophosphate dikinase [EC:2.7.9.1]	COG0574	PpsA	Phosphoenolpyruvate synthase/pyruvate phosphate dikinase	AG-899-M19_00924	2
CACBMN010000008.1	11105	11938	-	AG-899-M19_00927	AG-899-M19	277	OG0000370	K00767	nicotinate-nucleotide pyrophosphorylase (carboxylating) [EC:2.4.2.19]	COG0157	NadC	Nicotinate-nucleotide pyrophosphorylase	AG-899-M19_00924	3
CACBMN010000008.1	11944	12933	-	AG-899-M19_00928	AG-899-M19	329	OG0000316	K03517	quinolinate synthase [EC:2.5.1.72]	COG0379	NadA	Quinolinate synthase	AG-899-M19_00924	4
CACBMN010000008.1	13448	14395	+	AG-899-M19_00931	AG-899-M19	315	OG0000256	K03465	thymidylate synthase (FAD) [EC:2.1.1.148]	COG1351	ThyX	Thymidylate synthase ThyX, FAD-dependent family	AG-899-M19_00924	5
CACBNI010000011.1	11572	12519	-	AG-899-N21_01046	AG-899-N21	315	OG0000256	K03465	thymidylate synthase (FAD) [EC:2.1.1.148]	COG1351	ThyX	Thymidylate synthase ThyX, FAD-dependent family	AG-899-N21_01052	-5
CACBNI010000011.1	13061	13717	-	AG-899-N21_01048	AG-899-N21	218	OG0002257	NA	NA	NA	NA	NA	AG-899-N21_01052	-4
CACBNI010000011.1	14220	16268	-	AG-899-N21_01049	AG-899-N21	682	OG0001337	K16568	exopolysaccharide production protein ExoZ	COG1835	OafA	Peptidoglycan/LPS O-acetylase OafA/YrhL, contains acyltransferase and SGNH-hydrolase domains	AG-899-N21_01052	-3
CACBNI010000011.1	16313	18970	-	AG-899-N21_01050	AG-899-N21	885	OG0000798	K01006	pyruvate, orthophosphate dikinase [EC:2.7.9.1]	COG0574	PpsA	Phosphoenolpyruvate synthase/pyruvate phosphate dikinase	AG-899-N21_01052	-2
CACBNI010000011.1	18967	21036	-	AG-899-N21_01051	AG-899-N21	689	OG0000882	K01879	glycyl-tRNA synthetase beta chain [EC:6.1.1.14]	COG0751	GlyS	Glycyl-tRNA synthetase, beta subunit	AG-899-N21_01052	-1
CACBNI010000011.1	21039	21929	-	AG-899-N21_01052	AG-899-N21	296	OG0000870	K01878	glycyl-tRNA synthetase alpha chain [EC:6.1.1.14]	COG0752	GlyQ	Glycyl-tRNA synthetase, alpha subunit	AG-899-N21_01052	0
CACBNI010000011.1	21919	22722	-	AG-899-N21_01053	AG-899-N21	267	OG0000623	K04773	protease IV [EC:3.4.21.-]	COG0616	SppA	Periplasmic serine protease, ClpP class	AG-899-N21_01052	1
CACBNI010000011.1	22837	23850	+	AG-899-N21_01054	AG-899-N21	337	OG0000641	K02523	octaprenyl-diphosphate synthase [EC:2.5.1.90]	COG0142	IspA	Geranylgeranyl pyrophosphate synthase	AG-899-N21_01052	2
CACBNI010000011.1	23847	24473	-	AG-899-N21_01055	AG-899-N21	208	OG0000522	K00275	pyridoxamine 5'-phosphate oxidase [EC:1.4.3.5]	COG0259	PdxH	Pyridoxine/pyridoxamine 5'-phosphate oxidase	AG-899-N21_01052	3
CACBNI010000011.1	24507	25589	+	AG-899-N21_01056	AG-899-N21	360	OG0000279	K01736	chorismate synthase [EC:4.2.3.5]	COG0082	AroC	Chorismate synthase	AG-899-N21_01052	4
CACBNI010000011.1	25596	27512	-	AG-899-N21_01057	AG-899-N21	638	OG0000041	K01662	1-deoxy-D-xylulose-5-phosphate synthase [EC:2.2.1.7]	COG1154	Dxs	Deoxyxylulose-5-phosphate synthase	AG-899-N21_01052	5
CACBOD010000002.1	61324	63234	+	AG-899-O04_00331	AG-899-O04	636	OG0000041	K01662	1-deoxy-D-xylulose-5-phosphate synthase [EC:2.2.1.7]	COG1154	Dxs	Deoxyxylulose-5-phosphate synthase	AG-899-O04_00336	-5
CACBOD010000002.1	63231	64316	-	AG-899-O04_00332	AG-899-O04	361	OG0000279	K01736	chorismate synthase [EC:4.2.3.5]	COG0082	AroC	Chorismate synthase	AG-899-O04_00336	-4
CACBOD010000002.1	64349	64972	+	AG-899-O04_00333	AG-899-O04	207	OG0000522	K00275	pyridoxamine 5'-phosphate oxidase [EC:1.4.3.5]	COG0259	PdxH	Pyridoxine/pyridoxamine 5'-phosphate oxidase	AG-899-O04_00336	-3
CACBOD010000002.1	64969	65982	-	AG-899-O04_00334	AG-899-O04	337	OG0000641	K02523	octaprenyl-diphosphate synthase [EC:2.5.1.90]	COG0142	IspA	Geranylgeranyl pyrophosphate synthase	AG-899-O04_00336	-2
CACBOD010000002.1	66091	66897	+	AG-899-O04_00335	AG-899-O04	268	OG0000623	K04773	protease IV [EC:3.4.21.-]	COG0616	SppA	Periplasmic serine protease, ClpP class	AG-899-O04_00336	-1
CACBOD010000002.1	66887	67771	+	AG-899-O04_00336	AG-899-O04	294	OG0000870	K01878	glycyl-tRNA synthetase alpha chain [EC:6.1.1.14]	COG0752	GlyQ	Glycyl-tRNA synthetase, alpha subunit	AG-899-O04_00336	0
CACBOD010000002.1	67773	69836	+	AG-899-O04_00337	AG-899-O04	687	OG0000882	K01879	glycyl-tRNA synthetase beta chain [EC:6.1.1.14]	COG0751	GlyS	Glycyl-tRNA synthetase, beta subunit	AG-899-O04_00336	1
CACBOD010000002.1	69837	72494	+	AG-899-O04_00338	AG-899-O04	885	OG0000798	K01006	pyruvate, orthophosphate dikinase [EC:2.7.9.1]	COG0574	PpsA	Phosphoenolpyruvate synthase/pyruvate phosphate dikinase	AG-899-O04_00336	2
CACBOD010000002.1	72504	73340	-	AG-899-O04_00339	AG-899-O04	278	OG0000370	K00767	nicotinate-nucleotide pyrophosphorylase (carboxylating) [EC:2.4.2.19]	COG0157	NadC	Nicotinate-nucleotide pyrophosphorylase	AG-899-O04_00336	3
CACBOD010000002.1	73346	74335	-	AG-899-O04_00340	AG-899-O04	329	OG0000316	K03517	quinolinate synthase [EC:2.5.1.72]	COG0379	NadA	Quinolinate synthase	AG-899-O04_00336	4
CACBOD010000002.1	74799	75749	+	AG-899-O04_00343	AG-899-O04	316	OG0000256	K03465	thymidylate synthase (FAD) [EC:2.1.1.148]	COG1351	ThyX	Thymidylate synthase ThyX, FAD-dependent family	AG-899-O04_00336	5
CACBXW010000001.1	43350	45260	+	AG-900-G16_00053	AG-900-G16	636	OG0000041	K01662	1-deoxy-D-xylulose-5-phosphate synthase [EC:2.2.1.7]	COG1154	Dxs	Deoxyxylulose-5-phosphate synthase	AG-900-G16_00058	-5
CACBXW010000001.1	45257	46342	-	AG-900-G16_00054	AG-900-G16	361	OG0000279	K01736	chorismate synthase [EC:4.2.3.5]	COG0082	AroC	Chorismate synthase	AG-900-G16_00058	-4
CACBXW010000001.1	46375	46998	+	AG-900-G16_00055	AG-900-G16	207	OG0000522	K00275	pyridoxamine 5'-phosphate oxidase [EC:1.4.3.5]	COG0259	PdxH	Pyridoxine/pyridoxamine 5'-phosphate oxidase	AG-900-G16_00058	-3
CACBXW010000001.1	46995	48008	-	AG-900-G16_00056	AG-900-G16	337	OG0000641	K02523	octaprenyl-diphosphate synthase [EC:2.5.1.90]	COG0142	IspA	Geranylgeranyl pyrophosphate synthase	AG-900-G16_00058	-2
CACBXW010000001.1	48117	48923	+	AG-900-G16_00057	AG-900-G16	268	OG0000623	K04773	protease IV [EC:3.4.21.-]	COG0616	SppA	Periplasmic serine protease, ClpP class	AG-900-G16_00058	-1
CACBXW010000001.1	48913	49797	+	AG-900-G16_00058	AG-900-G16	294	OG0000870	K01878	glycyl-tRNA synthetase alpha chain [EC:6.1.1.14]	COG0752	GlyQ	Glycyl-tRNA synthetase, alpha subunit	AG-900-G16_00058	0
CACBXW010000001.1	49799	51862	+	AG-900-G16_00059	AG-900-G16	687	OG0000882	K01879	glycyl-tRNA synthetase beta chain [EC:6.1.1.14]	COG0751	GlyS	Glycyl-tRNA synthetase, beta subunit	AG-900-G16_00058	1
CACBXW010000001.1	51863	54520	+	AG-900-G16_00060	AG-900-G16	885	OG0000798	K01006	pyruvate, orthophosphate dikinase [EC:2.7.9.1]	COG0574	PpsA	Phosphoenolpyruvate synthase/pyruvate phosphate dikinase	AG-900-G16_00058	2
CACBXW010000001.1	54530	55366	-	AG-900-G16_00061	AG-900-G16	278	OG0000370	K00767	nicotinate-nucleotide pyrophosphorylase (carboxylating) [EC:2.4.2.19]	COG0157	NadC	Nicotinate-nucleotide pyrophosphorylase	AG-900-G16_00058	3
CACBXW010000001.1	55372	56361	-	AG-900-G16_00062	AG-900-G16	329	OG0000316	K03517	quinolinate synthase [EC:2.5.1.72]	COG0379	NadA	Quinolinate synthase	AG-900-G16_00058	4
CACBXW010000001.1	56823	57770	+	AG-900-G16_00065	AG-900-G16	315	OG0000256	K03465	thymidylate synthase (FAD) [EC:2.1.1.148]	COG1351	ThyX	Thymidylate synthase ThyX, FAD-dependent family	AG-900-G16_00058	5
CACBYP010000003.1	56364	57314	-	AG-900-I13_00536	AG-900-I13	316	OG0000256	K03465	thymidylate synthase (FAD) [EC:2.1.1.148]	COG1351	ThyX	Thymidylate synthase ThyX, FAD-dependent family	AG-900-I13_00542	-5
CACBYP010000003.1	57777	58766	+	AG-900-I13_00538	AG-900-I13	329	OG0000316	K03517	quinolinate synthase [EC:2.5.1.72]	COG0379	NadA	Quinolinate synthase	AG-900-I13_00542	-4
CACBYP010000003.1	58772	59608	+	AG-900-I13_00539	AG-900-I13	278	OG0000370	K00767	nicotinate-nucleotide pyrophosphorylase (carboxylating) [EC:2.4.2.19]	COG0157	NadC	Nicotinate-nucleotide pyrophosphorylase	AG-900-I13_00542	-3
CACBYP010000003.1	59619	62276	-	AG-900-I13_00540	AG-900-I13	885	OG0000798	K01006	pyruvate, orthophosphate dikinase [EC:2.7.9.1]	COG0574	PpsA	Phosphoenolpyruvate synthase/pyruvate phosphate dikinase	AG-900-I13_00542	-2
CACBYP010000003.1	62277	64340	-	AG-900-I13_00541	AG-900-I13	687	OG0000882	K01879	glycyl-tRNA synthetase beta chain [EC:6.1.1.14]	COG0751	GlyS	Glycyl-tRNA synthetase, beta subunit	AG-900-I13_00542	-1
CACBYP010000003.1	64342	65226	-	AG-900-I13_00542	AG-900-I13	294	OG0000870	K01878	glycyl-tRNA synthetase alpha chain [EC:6.1.1.14]	COG0752	GlyQ	Glycyl-tRNA synthetase, alpha subunit	AG-900-I13_00542	0
CACBYP010000003.1	65216	66022	-	AG-900-I13_00543	AG-900-I13	268	OG0000623	K04773	protease IV [EC:3.4.21.-]	COG0616	SppA	Periplasmic serine protease, ClpP class	AG-900-I13_00542	1
CACBYP010000003.1	66131	67144	+	AG-900-I13_00544	AG-900-I13	337	OG0000641	K02523	octaprenyl-diphosphate synthase [EC:2.5.1.90]	COG0142	IspA	Geranylgeranyl pyrophosphate synthase	AG-900-I13_00542	2
CACBYP010000003.1	67141	67764	-	AG-900-I13_00545	AG-900-I13	207	OG0000522	K00275	pyridoxamine 5'-phosphate oxidase [EC:1.4.3.5]	COG0259	PdxH	Pyridoxine/pyridoxamine 5'-phosphate oxidase	AG-900-I13_00542	3
CACBYP010000003.1	67797	68882	+	AG-900-I13_00546	AG-900-I13	361	OG0000279	K01736	chorismate synthase [EC:4.2.3.5]	COG0082	AroC	Chorismate synthase	AG-900-I13_00542	4
CACBYP010000003.1	68879	70789	-	AG-900-I13_00547	AG-900-I13	636	OG0000041	K01662	1-deoxy-D-xylulose-5-phosphate synthase [EC:2.2.1.7]	COG1154	Dxs	Deoxyxylulose-5-phosphate synthase	AG-900-I13_00542	5
CACBYV010000004.1	94423	95370	-	AG-900-I19_00581	AG-900-I19	315	OG0000256	K03465	thymidylate synthase (FAD) [EC:2.1.1.148]	COG1351	ThyX	Thymidylate synthase ThyX, FAD-dependent family	AG-900-I19_00588	-5
CACBYV010000004.1	95834	96823	+	AG-900-I19_00584	AG-900-I19	329	OG0000316	K03517	quinolinate synthase [EC:2.5.1.72]	COG0379	NadA	Quinolinate synthase	AG-900-I19_00588	-4
CACBYV010000004.1	96829	97665	+	AG-900-I19_00585	AG-900-I19	278	OG0000370	K00767	nicotinate-nucleotide pyrophosphorylase (carboxylating) [EC:2.4.2.19]	COG0157	NadC	Nicotinate-nucleotide pyrophosphorylase	AG-900-I19_00588	-3
CACBYV010000004.1	97669	100332	-	AG-900-I19_00586	AG-900-I19	887	OG0000798	K01006	pyruvate, orthophosphate dikinase [EC:2.7.9.1]	COG0574	PpsA	Phosphoenolpyruvate synthase/pyruvate phosphate dikinase	AG-900-I19_00588	-2
CACBYV010000004.1	100333	102396	-	AG-900-I19_00587	AG-900-I19	687	OG0000882	K01879	glycyl-tRNA synthetase beta chain [EC:6.1.1.14]	COG0751	GlyS	Glycyl-tRNA synthetase, beta subunit	AG-900-I19_00588	-1
CACBYV010000004.1	102398	103282	-	AG-900-I19_00588	AG-900-I19	294	OG0000870	K01878	glycyl-tRNA synthetase alpha chain [EC:6.1.1.14]	COG0752	GlyQ	Glycyl-tRNA synthetase, alpha subunit	AG-900-I19_00588	0
CACBYV010000004.1	103272	104078	-	AG-900-I19_00589	AG-900-I19	268	OG0000623	K04773	protease IV [EC:3.4.21.-]	COG0616	SppA	Periplasmic serine protease, ClpP class	AG-900-I19_00588	1
CACBYV010000004.1	104187	105200	+	AG-900-I19_00590	AG-900-I19	337	OG0000641	K02523	octaprenyl-diphosphate synthase [EC:2.5.1.90]	COG0142	IspA	Geranylgeranyl pyrophosphate synthase	AG-900-I19_00588	2
CACBYV010000004.1	105197	105820	-	AG-900-I19_00591	AG-900-I19	207	OG0000522	K00275	pyridoxamine 5'-phosphate oxidase [EC:1.4.3.5]	COG0259	PdxH	Pyridoxine/pyridoxamine 5'-phosphate oxidase	AG-900-I19_00588	3
CACBYV010000004.1	105853	106938	+	AG-900-I19_00592	AG-900-I19	361	OG0000279	K01736	chorismate synthase [EC:4.2.3.5]	COG0082	AroC	Chorismate synthase	AG-900-I19_00588	4
CACBYV010000004.1	106935	108845	-	AG-900-I19_00593	AG-900-I19	636	OG0000041	K01662	1-deoxy-D-xylulose-5-phosphate synthase [EC:2.2.1.7]	COG1154	Dxs	Deoxyxylulose-5-phosphate synthase	AG-900-I19_00588	5
CACCBF010000001.1	177308	178255	-	AG-900-K21_00202	AG-900-K21	315	OG0000256	K03465	thymidylate synthase (FAD) [EC:2.1.1.148]	COG1351	ThyX	Thymidylate synthase ThyX, FAD-dependent family	AG-900-K21_00208	-5
CACCBF010000001.1	178655	178843	+	AG-900-K21_00204	AG-900-K21	62	OG0002259	NA	NA	NA	NA	NA	AG-900-K21_00208	-4
CACCBF010000001.1	179141	179977	+	AG-900-K21_00205	AG-900-K21	278	OG0000028	NA	NA	COG4122	TrmR	tRNA 5-hydroxyU34 O-methylase TrmR/YrrM	AG-900-K21_00208	-3
CACCBF010000001.1	179991	182654	-	AG-900-K21_00206	AG-900-K21	887	OG0000798	K01006	pyruvate, orthophosphate dikinase [EC:2.7.9.1]	COG0574	PpsA	Phosphoenolpyruvate synthase/pyruvate phosphate dikinase	AG-900-K21_00208	-2
CACCBF010000001.1	182647	184719	-	AG-900-K21_00207	AG-900-K21	690	OG0000882	K01879	glycyl-tRNA synthetase beta chain [EC:6.1.1.14]	COG0751	GlyS	Glycyl-tRNA synthetase, beta subunit	AG-900-K21_00208	-1
CACCBF010000001.1	184721	185602	-	AG-900-K21_00208	AG-900-K21	293	OG0000870	K01878	glycyl-tRNA synthetase alpha chain [EC:6.1.1.14]	COG0752	GlyQ	Glycyl-tRNA synthetase, alpha subunit	AG-900-K21_00208	0
CACCBF010000001.1	185592	186398	-	AG-900-K21_00209	AG-900-K21	268	OG0000623	K04773	protease IV [EC:3.4.21.-]	COG0616	SppA	Periplasmic serine protease, ClpP class	AG-900-K21_00208	1
CACCBF010000001.1	186512	187525	+	AG-900-K21_00210	AG-900-K21	337	OG0000641	K02523	octaprenyl-diphosphate synthase [EC:2.5.1.90]	COG0142	IspA	Geranylgeranyl pyrophosphate synthase	AG-900-K21_00208	2
CACCBF010000001.1	187522	188148	-	AG-900-K21_00211	AG-900-K21	208	OG0000522	K00275	pyridoxamine 5'-phosphate oxidase [EC:1.4.3.5]	COG0259	PdxH	Pyridoxine/pyridoxamine 5'-phosphate oxidase	AG-900-K21_00208	3
CACCBF010000001.1	188182	189264	+	AG-900-K21_00212	AG-900-K21	360	OG0000279	K01736	chorismate synthase [EC:4.2.3.5]	COG0082	AroC	Chorismate synthase	AG-900-K21_00208	4
CACCBF010000001.1	189270	191183	-	AG-900-K21_00213	AG-900-K21	637	OG0000041	K01662	1-deoxy-D-xylulose-5-phosphate synthase [EC:2.2.1.7]	COG1154	Dxs	Deoxyxylulose-5-phosphate synthase	AG-900-K21_00208	5
CACCOB010000002.1	62999	64912	+	AG-901-I06_00621	AG-901-I06	637	OG0000041	K01662	1-deoxy-D-xylulose-5-phosphate synthase [EC:2.2.1.7]	COG1154	Dxs	Deoxyxylulose-5-phosphate synthase	AG-901-I06_00626	-5
CACCOB010000002.1	64909	65994	-	AG-901-I06_00622	AG-901-I06	361	OG0000279	K01736	chorismate synthase [EC:4.2.3.5]	COG0082	AroC	Chorismate synthase	AG-901-I06_00626	-4
CACCOB010000002.1	66027	66650	+	AG-901-I06_00623	AG-901-I06	207	OG0000522	K00275	pyridoxamine 5'-phosphate oxidase [EC:1.4.3.5]	COG0259	PdxH	Pyridoxine/pyridoxamine 5'-phosphate oxidase	AG-901-I06_00626	-3
CACCOB010000002.1	66647	67660	-	AG-901-I06_00624	AG-901-I06	337	OG0000641	K02523	octaprenyl-diphosphate synthase [EC:2.5.1.90]	COG0142	IspA	Geranylgeranyl pyrophosphate synthase	AG-901-I06_00626	-2
CACCOB010000002.1	67771	68580	+	AG-901-I06_00625	AG-901-I06	269	OG0000623	K04773	protease IV [EC:3.4.21.-]	COG0616	SppA	Periplasmic serine protease, ClpP class	AG-901-I06_00626	-1
CACCOB010000002.1	68570	69442	+	AG-901-I06_00626	AG-901-I06	290	OG0000870	K01878	glycyl-tRNA synthetase alpha chain [EC:6.1.1.14]	COG0752	GlyQ	Glycyl-tRNA synthetase, alpha subunit	AG-901-I06_00626	0
CACCOB010000002.1	69442	71505	+	AG-901-I06_00627	AG-901-I06	687	OG0000882	K01879	glycyl-tRNA synthetase beta chain [EC:6.1.1.14]	COG0751	GlyS	Glycyl-tRNA synthetase, beta subunit	AG-901-I06_00626	1
CACCOB010000002.1	71507	74167	+	AG-901-I06_00628	AG-901-I06	886	OG0000798	K01006	pyruvate, orthophosphate dikinase [EC:2.7.9.1]	COG0574	PpsA	Phosphoenolpyruvate synthase/pyruvate phosphate dikinase	AG-901-I06_00626	2
CACCOB010000002.1	74164	75000	-	AG-901-I06_00629	AG-901-I06	278	OG0000370	K00767	nicotinate-nucleotide pyrophosphorylase (carboxylating) [EC:2.4.2.19]	COG0157	NadC	Nicotinate-nucleotide pyrophosphorylase	AG-901-I06_00626	3
CACCOB010000002.1	75006	75995	-	AG-901-I06_00630	AG-901-I06	329	OG0000316	K03517	quinolinate synthase [EC:2.5.1.72]	COG0379	NadA	Quinolinate synthase	AG-901-I06_00626	4
CACCOB010000002.1	76237	77148	+	AG-901-I06_00632	AG-901-I06	303	OG0000008	NA	NA	COG2227	UbiG	2-polyprenyl-3-methyl-5-hydroxy-6-metoxy-1,4-benzoquinol methylase	AG-901-I06_00626	5
CACCOG010000007.1	68	610	+	AG-901-I21_00952	AG-901-I21	180	OG0000370	NA	NA	COG0157	NadC	Nicotinate-nucleotide pyrophosphorylase	AG-901-I21_00955	-3
CACCOG010000007.1	600	3263	-	AG-901-I21_00953	AG-901-I21	887	OG0000798	K01006	pyruvate, orthophosphate dikinase [EC:2.7.9.1]	COG0574	PpsA	Phosphoenolpyruvate synthase/pyruvate phosphate dikinase	AG-901-I21_00955	-2
CACCOG010000007.1	3263	5332	-	AG-901-I21_00954	AG-901-I21	689	OG0000882	K01879	glycyl-tRNA synthetase beta chain [EC:6.1.1.14]	COG0751	GlyS	Glycyl-tRNA synthetase, beta subunit	AG-901-I21_00955	-1
CACCOG010000007.1	5340	6212	-	AG-901-I21_00955	AG-901-I21	290	OG0000870	K01878	glycyl-tRNA synthetase alpha chain [EC:6.1.1.14]	COG0752	GlyQ	Glycyl-tRNA synthetase, alpha subunit	AG-901-I21_00955	0
CACCOG010000007.1	6202	7008	-	AG-901-I21_00956	AG-901-I21	268	OG0000623	K04773	protease IV [EC:3.4.21.-]	COG0616	SppA	Periplasmic serine protease, ClpP class	AG-901-I21_00955	1
CACCOG010000007.1	7119	8132	+	AG-901-I21_00957	AG-901-I21	337	OG0000641	K02523	octaprenyl-diphosphate synthase [EC:2.5.1.90]	COG0142	IspA	Geranylgeranyl pyrophosphate synthase	AG-901-I21_00955	2
CACCOG010000007.1	8129	8752	-	AG-901-I21_00958	AG-901-I21	207	OG0000522	K00275	pyridoxamine 5'-phosphate oxidase [EC:1.4.3.5]	COG0259	PdxH	Pyridoxine/pyridoxamine 5'-phosphate oxidase	AG-901-I21_00955	3
CACCOG010000007.1	8785	9870	+	AG-901-I21_00959	AG-901-I21	361	OG0000279	K01736	chorismate synthase [EC:4.2.3.5]	COG0082	AroC	Chorismate synthase	AG-901-I21_00955	4
CACCOG010000007.1	9867	11774	-	AG-901-I21_00960	AG-901-I21	635	OG0000041	K01662	1-deoxy-D-xylulose-5-phosphate synthase [EC:2.2.1.7]	COG1154	Dxs	Deoxyxylulose-5-phosphate synthase	AG-901-I21_00955	5
CACCXN010000003.1	10681	12591	+	AG-903-C11_00433	AG-903-C11	636	OG0000041	K01662	1-deoxy-D-xylulose-5-phosphate synthase [EC:2.2.1.7]	COG1154	Dxs	Deoxyxylulose-5-phosphate synthase	AG-903-C11_00438	-5
CACCXN010000003.1	12588	13673	-	AG-903-C11_00434	AG-903-C11	361	OG0000279	K01736	chorismate synthase [EC:4.2.3.5]	COG0082	AroC	Chorismate synthase	AG-903-C11_00438	-4
CACCXN010000003.1	13706	14329	+	AG-903-C11_00435	AG-903-C11	207	OG0000522	K00275	pyridoxamine 5'-phosphate oxidase [EC:1.4.3.5]	COG0259	PdxH	Pyridoxine/pyridoxamine 5'-phosphate oxidase	AG-903-C11_00438	-3
CACCXN010000003.1	14326	15339	-	AG-903-C11_00436	AG-903-C11	337	OG0000641	K02523	octaprenyl-diphosphate synthase [EC:2.5.1.90]	COG0142	IspA	Geranylgeranyl pyrophosphate synthase	AG-903-C11_00438	-2
CACCXN010000003.1	15448	16254	+	AG-903-C11_00437	AG-903-C11	268	OG0000623	K04773	protease IV [EC:3.4.21.-]	COG0616	SppA	Periplasmic serine protease, ClpP class	AG-903-C11_00438	-1
CACCXN010000003.1	16244	17128	+	AG-903-C11_00438	AG-903-C11	294	OG0000870	K01878	glycyl-tRNA synthetase alpha chain [EC:6.1.1.14]	COG0752	GlyQ	Glycyl-tRNA synthetase, alpha subunit	AG-903-C11_00438	0
CACCXN010000003.1	17130	19193	+	AG-903-C11_00439	AG-903-C11	687	OG0000882	K01879	glycyl-tRNA synthetase beta chain [EC:6.1.1.14]	COG0751	GlyS	Glycyl-tRNA synthetase, beta subunit	AG-903-C11_00438	1
CACCXN010000003.1	19194	21857	+	AG-903-C11_00440	AG-903-C11	887	OG0000798	K01006	pyruvate, orthophosphate dikinase [EC:2.7.9.1]	COG0574	PpsA	Phosphoenolpyruvate synthase/pyruvate phosphate dikinase	AG-903-C11_00438	2
CACCXN010000003.1	21861	22697	-	AG-903-C11_00441	AG-903-C11	278	OG0000370	K00767	nicotinate-nucleotide pyrophosphorylase (carboxylating) [EC:2.4.2.19]	COG0157	NadC	Nicotinate-nucleotide pyrophosphorylase	AG-903-C11_00438	3
CACCXN010000003.1	22703	23692	-	AG-903-C11_00442	AG-903-C11	329	OG0000316	K03517	quinolinate synthase [EC:2.5.1.72]	COG0379	NadA	Quinolinate synthase	AG-903-C11_00438	4
CACCXN010000003.1	24156	25103	+	AG-903-C11_00445	AG-903-C11	315	OG0000256	K03465	thymidylate synthase (FAD) [EC:2.1.1.148]	COG1351	ThyX	Thymidylate synthase ThyX, FAD-dependent family	AG-903-C11_00438	5
CACCXO010000007.1	38323	40239	+	AG-903-D02_00989	AG-903-D02	638	OG0000041	K01662	1-deoxy-D-xylulose-5-phosphate synthase [EC:2.2.1.7]	COG1154	Dxs	Deoxyxylulose-5-phosphate synthase	AG-903-D02_00994	-5
CACCXO010000007.1	40246	41328	-	AG-903-D02_00990	AG-903-D02	360	OG0000279	K01736	chorismate synthase [EC:4.2.3.5]	COG0082	AroC	Chorismate synthase	AG-903-D02_00994	-4
CACCXO010000007.1	41363	41989	+	AG-903-D02_00991	AG-903-D02	208	OG0000522	K00275	pyridoxamine 5'-phosphate oxidase [EC:1.4.3.5]	COG0259	PdxH	Pyridoxine/pyridoxamine 5'-phosphate oxidase	AG-903-D02_00994	-3
CACCXO010000007.1	41986	42999	-	AG-903-D02_00992	AG-903-D02	337	OG0000641	K02523	octaprenyl-diphosphate synthase [EC:2.5.1.90]	COG0142	IspA	Geranylgeranyl pyrophosphate synthase	AG-903-D02_00994	-2
CACCXO010000007.1	43114	43917	+	AG-903-D02_00993	AG-903-D02	267	OG0000623	K04773	protease IV [EC:3.4.21.-]	COG0616	SppA	Periplasmic serine protease, ClpP class	AG-903-D02_00994	-1
CACCXO010000007.1	43907	44797	+	AG-903-D02_00994	AG-903-D02	296	OG0000870	K01878	glycyl-tRNA synthetase alpha chain [EC:6.1.1.14]	COG0752	GlyQ	Glycyl-tRNA synthetase, alpha subunit	AG-903-D02_00994	0
CACCXO010000007.1	44800	46869	+	AG-903-D02_00995	AG-903-D02	689	OG0000882	K01879	glycyl-tRNA synthetase beta chain [EC:6.1.1.14]	COG0751	GlyS	Glycyl-tRNA synthetase, beta subunit	AG-903-D02_00994	1
CACCXO010000007.1	46866	49523	+	AG-903-D02_00996	AG-903-D02	885	OG0000798	K01006	pyruvate, orthophosphate dikinase [EC:2.7.9.1]	COG0574	PpsA	Phosphoenolpyruvate synthase/pyruvate phosphate dikinase	AG-903-D02_00994	2
CACCXO010000007.1	49714	50784	+	AG-903-D02_00998	AG-903-D02	356	OG0000256	K03465	thymidylate synthase (FAD) [EC:2.1.1.148]	COG1351	ThyX	Thymidylate synthase ThyX, FAD-dependent family	AG-903-D02_00994	3
CACCXO010000007.1	50765	51589	-	AG-903-D02_00999	AG-903-D02	274	OG0000361	K03593	ATP-binding protein involved in chromosome partitioning	COG0489	Mrp	Fe-S cluster carrier ATPase, Mrp/ApbC/NBP35 family	AG-903-D02_00994	4
CACCXO010000007.1	51641	52744	+	AG-903-D02_01000	AG-903-D02	367	OG0000394	K04088	modulator of FtsH protease HflK	COG0330	HflC	Regulator of protease activity HflC, stomatin/prohibitin superfamily	AG-903-D02_00994	5
CACDAB010000004.1	51425	53338	+	AG-903-F09_00611	AG-903-F09	637	OG0000041	K01662	1-deoxy-D-xylulose-5-phosphate synthase [EC:2.2.1.7]	COG1154	Dxs	Deoxyxylulose-5-phosphate synthase	AG-903-F09_00616	-5
CACDAB010000004.1	53344	54426	-	AG-903-F09_00612	AG-903-F09	360	OG0000279	K01736	chorismate synthase [EC:4.2.3.5]	COG0082	AroC	Chorismate synthase	AG-903-F09_00616	-4
CACDAB010000004.1	54460	55086	+	AG-903-F09_00613	AG-903-F09	208	OG0000522	K00275	pyridoxamine 5'-phosphate oxidase [EC:1.4.3.5]	COG0259	PdxH	Pyridoxine/pyridoxamine 5'-phosphate oxidase	AG-903-F09_00616	-3
CACDAB010000004.1	55083	56096	-	AG-903-F09_00614	AG-903-F09	337	OG0000641	K02523	octaprenyl-diphosphate synthase [EC:2.5.1.90]	COG0142	IspA	Geranylgeranyl pyrophosphate synthase	AG-903-F09_00616	-2
CACDAB010000004.1	56210	57016	+	AG-903-F09_00615	AG-903-F09	268	OG0000623	K04773	protease IV [EC:3.4.21.-]	COG0616	SppA	Periplasmic serine protease, ClpP class	AG-903-F09_00616	-1
CACDAB010000004.1	57006	57887	+	AG-903-F09_00616	AG-903-F09	293	OG0000870	K01878	glycyl-tRNA synthetase alpha chain [EC:6.1.1.14]	COG0752	GlyQ	Glycyl-tRNA synthetase, alpha subunit	AG-903-F09_00616	0
CACDAB010000004.1	57889	59961	+	AG-903-F09_00617	AG-903-F09	690	OG0000882	K01879	glycyl-tRNA synthetase beta chain [EC:6.1.1.14]	COG0751	GlyS	Glycyl-tRNA synthetase, beta subunit	AG-903-F09_00616	1
CACDAB010000004.1	59954	62611	+	AG-903-F09_00618	AG-903-F09	885	OG0000798	K01006	pyruvate, orthophosphate dikinase [EC:2.7.9.1]	COG0574	PpsA	Phosphoenolpyruvate synthase/pyruvate phosphate dikinase	AG-903-F09_00616	2
CACDAB010000004.1	62630	63412	+	AG-903-F09_00619	AG-903-F09	260	OG0001271	NA	NA	NA	NA	NA	AG-903-F09_00616	3
CACDAB010000004.1	63421	64785	-	AG-903-F09_00620	AG-903-F09	454	OG0001144	NA	NA	COG2133	YliI	Glucose/arabinose dehydrogenase, beta-propeller fold	AG-903-F09_00616	4
CACDAB010000004.1	65165	66112	+	AG-903-F09_00622	AG-903-F09	315	OG0000256	K03465	thymidylate synthase (FAD) [EC:2.1.1.148]	COG1351	ThyX	Thymidylate synthase ThyX, FAD-dependent family	AG-903-F09_00616	5
CACDEB010000004.1	39058	40965	+	AG-903-K07_01019	AG-903-K07	635	OG0000041	K01662	1-deoxy-D-xylulose-5-phosphate synthase [EC:2.2.1.7]	COG1154	Dxs	Deoxyxylulose-5-phosphate synthase	AG-903-K07_01024	-5
CACDEB010000004.1	40962	42047	-	AG-903-K07_01020	AG-903-K07	361	OG0000279	K01736	chorismate synthase [EC:4.2.3.5]	COG0082	AroC	Chorismate synthase	AG-903-K07_01024	-4
CACDEB010000004.1	42080	42706	+	AG-903-K07_01021	AG-903-K07	208	OG0000522	K00275	pyridoxamine 5'-phosphate oxidase [EC:1.4.3.5]	COG0259	PdxH	Pyridoxine/pyridoxamine 5'-phosphate oxidase	AG-903-K07_01024	-3
CACDEB010000004.1	42703	43716	-	AG-903-K07_01022	AG-903-K07	337	OG0000641	K02523	octaprenyl-diphosphate synthase [EC:2.5.1.90]	COG0142	IspA	Geranylgeranyl pyrophosphate synthase	AG-903-K07_01024	-2
CACDEB010000004.1	43828	44634	+	AG-903-K07_01023	AG-903-K07	268	OG0000623	K04773	protease IV [EC:3.4.21.-]	COG0616	SppA	Periplasmic serine protease, ClpP class	AG-903-K07_01024	-1
CACDEB010000004.1	44597	45499	+	AG-903-K07_01024	AG-903-K07	300	OG0000870	K01878	glycyl-tRNA synthetase alpha chain [EC:6.1.1.14]	COG0752	GlyQ	Glycyl-tRNA synthetase, alpha subunit	AG-903-K07_01024	0
CACDEB010000004.1	45501	47570	+	AG-903-K07_01025	AG-903-K07	689	OG0000882	K01879	glycyl-tRNA synthetase beta chain [EC:6.1.1.14]	COG0751	GlyS	Glycyl-tRNA synthetase, beta subunit	AG-903-K07_01024	1
CACDEB010000004.1	47570	50230	+	AG-903-K07_01026	AG-903-K07	886	OG0000798	K01006	pyruvate, orthophosphate dikinase [EC:2.7.9.1]	COG0574	PpsA	Phosphoenolpyruvate synthase/pyruvate phosphate dikinase	AG-903-K07_01024	2
CACDEB010000004.1	50237	51070	-	AG-903-K07_01027	AG-903-K07	277	OG0000370	K00767	nicotinate-nucleotide pyrophosphorylase (carboxylating) [EC:2.4.2.19]	COG0157	NadC	Nicotinate-nucleotide pyrophosphorylase	AG-903-K07_01024	3
CACDEB010000004.1	51076	52065	-	AG-903-K07_01028	AG-903-K07	329	OG0000316	K03517	quinolinate synthase [EC:2.5.1.72]	COG0379	NadA	Quinolinate synthase	AG-903-K07_01024	4
CACDEB010000004.1	52209	52553	-	AG-903-K07_01030	AG-903-K07	114	OG0001564	NA	NA	COG3806	ChrR	Anti-sigma factor ChrR, cupin superfamily	AG-903-K07_01024	5
CACDFI010000005.1	71186	72133	-	AG-903-L07_00921	AG-903-L07	315	OG0000256	K03465	thymidylate synthase (FAD) [EC:2.1.1.148]	COG1351	ThyX	Thymidylate synthase ThyX, FAD-dependent family	AG-903-L07_00928	-5
CACDFI010000005.1	72602	73591	+	AG-903-L07_00924	AG-903-L07	329	OG0000316	K03517	quinolinate synthase [EC:2.5.1.72]	COG0379	NadA	Quinolinate synthase	AG-903-L07_00928	-4
CACDFI010000005.1	73597	74433	+	AG-903-L07_00925	AG-903-L07	278	OG0000370	K00767	nicotinate-nucleotide pyrophosphorylase (carboxylating) [EC:2.4.2.19]	COG0157	NadC	Nicotinate-nucleotide pyrophosphorylase	AG-903-L07_00928	-3
CACDFI010000005.1	74430	77090	-	AG-903-L07_00926	AG-903-L07	886	OG0000798	K01006	pyruvate, orthophosphate dikinase [EC:2.7.9.1]	COG0574	PpsA	Phosphoenolpyruvate synthase/pyruvate phosphate dikinase	AG-903-L07_00928	-2
CACDFI010000005.1	77092	79155	-	AG-903-L07_00927	AG-903-L07	687	OG0000882	K01879	glycyl-tRNA synthetase beta chain [EC:6.1.1.14]	COG0751	GlyS	Glycyl-tRNA synthetase, beta subunit	AG-903-L07_00928	-1
CACDFI010000005.1	79155	80027	-	AG-903-L07_00928	AG-903-L07	290	OG0000870	K01878	glycyl-tRNA synthetase alpha chain [EC:6.1.1.14]	COG0752	GlyQ	Glycyl-tRNA synthetase, alpha subunit	AG-903-L07_00928	0
CACDFI010000005.1	80017	80826	-	AG-903-L07_00929	AG-903-L07	269	OG0000623	K04773	protease IV [EC:3.4.21.-]	COG0616	SppA	Periplasmic serine protease, ClpP class	AG-903-L07_00928	1
CACDFI010000005.1	80937	81950	+	AG-903-L07_00930	AG-903-L07	337	OG0000641	K02523	octaprenyl-diphosphate synthase [EC:2.5.1.90]	COG0142	IspA	Geranylgeranyl pyrophosphate synthase	AG-903-L07_00928	2
CACDFI010000005.1	81947	82570	-	AG-903-L07_00931	AG-903-L07	207	OG0000522	K00275	pyridoxamine 5'-phosphate oxidase [EC:1.4.3.5]	COG0259	PdxH	Pyridoxine/pyridoxamine 5'-phosphate oxidase	AG-903-L07_00928	3
CACDFI010000005.1	82603	83688	+	AG-903-L07_00932	AG-903-L07	361	OG0000279	K01736	chorismate synthase [EC:4.2.3.5]	COG0082	AroC	Chorismate synthase	AG-903-L07_00928	4
CACDFI010000005.1	83685	85598	-	AG-903-L07_00933	AG-903-L07	637	OG0000041	K01662	1-deoxy-D-xylulose-5-phosphate synthase [EC:2.2.1.7]	COG1154	Dxs	Deoxyxylulose-5-phosphate synthase	AG-903-L07_00928	5
CACDGO010000003.1	54875	55756	+	AG-903-M21_00594	AG-903-M21	293	OG0000660	NA	NA	COG0354	YgfZ	Folate-binding protein YgfZ, synthesis and repair of Fe-S clusters, tRNA thiomethylation	AG-903-M21_00600	-5
CACDGO010000003.1	56019	57008	+	AG-903-M21_00596	AG-903-M21	329	OG0000316	K03517	quinolinate synthase [EC:2.5.1.72]	COG0379	NadA	Quinolinate synthase	AG-903-M21_00600	-4
CACDGO010000003.1	57013	57843	+	AG-903-M21_00597	AG-903-M21	276	OG0000370	K00767	nicotinate-nucleotide pyrophosphorylase (carboxylating) [EC:2.4.2.19]	COG0157	NadC	Nicotinate-nucleotide pyrophosphorylase	AG-903-M21_00600	-3
CACDGO010000003.1	57832	60492	-	AG-903-M21_00598	AG-903-M21	886	OG0000798	K01006	pyruvate, orthophosphate dikinase [EC:2.7.9.1]	COG0574	PpsA	Phosphoenolpyruvate synthase/pyruvate phosphate dikinase	AG-903-M21_00600	-2
CACDGO010000003.1	60492	62546	-	AG-903-M21_00599	AG-903-M21	684	OG0000882	K01879	glycyl-tRNA synthetase beta chain [EC:6.1.1.14]	COG0751	GlyS	Glycyl-tRNA synthetase, beta subunit	AG-903-M21_00600	-1
CACDGO010000003.1	62550	63446	-	AG-903-M21_00600	AG-903-M21	298	OG0000870	K01878	glycyl-tRNA synthetase alpha chain [EC:6.1.1.14]	COG0752	GlyQ	Glycyl-tRNA synthetase, alpha subunit	AG-903-M21_00600	0
CACDGO010000003.1	63447	64259	-	AG-903-M21_00601	AG-903-M21	270	OG0000623	K04773	protease IV [EC:3.4.21.-]	COG0616	SppA	Periplasmic serine protease, ClpP class	AG-903-M21_00600	1
CACDGO010000003.1	64406	65419	+	AG-903-M21_00602	AG-903-M21	337	OG0000641	K02523	octaprenyl-diphosphate synthase [EC:2.5.1.90]	COG0142	IspA	Geranylgeranyl pyrophosphate synthase	AG-903-M21_00600	2
CACDGO010000003.1	65416	66048	-	AG-903-M21_00603	AG-903-M21	210	OG0000522	K00275	pyridoxamine 5'-phosphate oxidase [EC:1.4.3.5]	COG0259	PdxH	Pyridoxine/pyridoxamine 5'-phosphate oxidase	AG-903-M21_00600	3
CACDGO010000003.1	66083	67165	+	AG-903-M21_00604	AG-903-M21	360	OG0000279	K01736	chorismate synthase [EC:4.2.3.5]	COG0082	AroC	Chorismate synthase	AG-903-M21_00600	4
CACDGO010000003.1	67162	69081	-	AG-903-M21_00605	AG-903-M21	639	OG0000041	K01662	1-deoxy-D-xylulose-5-phosphate synthase [EC:2.2.1.7]	COG1154	Dxs	Deoxyxylulose-5-phosphate synthase	AG-903-M21_00600	5
CACDIC010000008.1	26005	27918	+	AG-903-O08_00829	AG-903-O08	637	OG0000041	K01662	1-deoxy-D-xylulose-5-phosphate synthase [EC:2.2.1.7]	COG1154	Dxs	Deoxyxylulose-5-phosphate synthase	AG-903-O08_00834	-5
CACDIC010000008.1	27924	29006	-	AG-903-O08_00830	AG-903-O08	360	OG0000279	K01736	chorismate synthase [EC:4.2.3.5]	COG0082	AroC	Chorismate synthase	AG-903-O08_00834	-4
CACDIC010000008.1	29040	29666	+	AG-903-O08_00831	AG-903-O08	208	OG0000522	K00275	pyridoxamine 5'-phosphate oxidase [EC:1.4.3.5]	COG0259	PdxH	Pyridoxine/pyridoxamine 5'-phosphate oxidase	AG-903-O08_00834	-3
CACDIC010000008.1	29663	30676	-	AG-903-O08_00832	AG-903-O08	337	OG0000641	K02523	octaprenyl-diphosphate synthase [EC:2.5.1.90]	COG0142	IspA	Geranylgeranyl pyrophosphate synthase	AG-903-O08_00834	-2
CACDIC010000008.1	30790	31596	+	AG-903-O08_00833	AG-903-O08	268	OG0000623	K04773	protease IV [EC:3.4.21.-]	COG0616	SppA	Periplasmic serine protease, ClpP class	AG-903-O08_00834	-1
CACDIC010000008.1	31586	32467	+	AG-903-O08_00834	AG-903-O08	293	OG0000870	K01878	glycyl-tRNA synthetase alpha chain [EC:6.1.1.14]	COG0752	GlyQ	Glycyl-tRNA synthetase, alpha subunit	AG-903-O08_00834	0
CACDIC010000008.1	32469	34541	+	AG-903-O08_00835	AG-903-O08	690	OG0000882	K01879	glycyl-tRNA synthetase beta chain [EC:6.1.1.14]	COG0751	GlyS	Glycyl-tRNA synthetase, beta subunit	AG-903-O08_00834	1
CACDIC010000008.1	34534	37191	+	AG-903-O08_00836	AG-903-O08	885	OG0000798	K01006	pyruvate, orthophosphate dikinase [EC:2.7.9.1]	COG0574	PpsA	Phosphoenolpyruvate synthase/pyruvate phosphate dikinase	AG-903-O08_00834	2
CACDIC010000008.1	37210	37992	+	AG-903-O08_00837	AG-903-O08	260	OG0001271	NA	NA	NA	NA	NA	AG-903-O08_00834	3
CACDIC010000008.1	38002	39366	-	AG-903-O08_00838	AG-903-O08	454	OG0001144	NA	NA	COG2133	YliI	Glucose/arabinose dehydrogenase, beta-propeller fold	AG-903-O08_00834	4
CACDIC010000008.1	39745	40692	+	AG-903-O08_00840	AG-903-O08	315	OG0000256	K03465	thymidylate synthase (FAD) [EC:2.1.1.148]	COG1351	ThyX	Thymidylate synthase ThyX, FAD-dependent family	AG-903-O08_00834	5
CACDPZ010000004.1	72819	74018	-	AG-904-F11_00439	AG-904-F11	399	OG0001162	K00122	formate dehydrogenase [EC:1.17.1.9]	COG1052	LdhA	Lactate dehydrogenase or related 2-hydroxyacid dehydrogenase	AG-904-F11_00445	-5
CACDPZ010000004.1	74230	75219	+	AG-904-F11_00441	AG-904-F11	329	OG0000316	K03517	quinolinate synthase [EC:2.5.1.72]	COG0379	NadA	Quinolinate synthase	AG-904-F11_00445	-4
CACDPZ010000004.1	75209	76054	+	AG-904-F11_00442	AG-904-F11	281	OG0000370	K00767	nicotinate-nucleotide pyrophosphorylase (carboxylating) [EC:2.4.2.19]	COG0157	NadC	Nicotinate-nucleotide pyrophosphorylase	AG-904-F11_00445	-3
CACDPZ010000004.1	76043	78703	-	AG-904-F11_00443	AG-904-F11	886	OG0000798	K01006	pyruvate, orthophosphate dikinase [EC:2.7.9.1]	COG0574	PpsA	Phosphoenolpyruvate synthase/pyruvate phosphate dikinase	AG-904-F11_00445	-2
CACDPZ010000004.1	78700	80757	-	AG-904-F11_00444	AG-904-F11	685	OG0000882	K01879	glycyl-tRNA synthetase beta chain [EC:6.1.1.14]	COG0751	GlyS	Glycyl-tRNA synthetase, beta subunit	AG-904-F11_00445	-1
CACDPZ010000004.1	80762	81640	-	AG-904-F11_00445	AG-904-F11	292	OG0000870	K01878	glycyl-tRNA synthetase alpha chain [EC:6.1.1.14]	COG0752	GlyQ	Glycyl-tRNA synthetase, alpha subunit	AG-904-F11_00445	0
CACDPZ010000004.1	81641	82453	-	AG-904-F11_00446	AG-904-F11	270	OG0000623	K04773	protease IV [EC:3.4.21.-]	COG0616	SppA	Periplasmic serine protease, ClpP class	AG-904-F11_00445	1
CACDPZ010000004.1	82596	83609	+	AG-904-F11_00447	AG-904-F11	337	OG0000641	K02523	octaprenyl-diphosphate synthase [EC:2.5.1.90]	COG0142	IspA	Geranylgeranyl pyrophosphate synthase	AG-904-F11_00445	2
CACDPZ010000004.1	83606	84235	-	AG-904-F11_00448	AG-904-F11	209	OG0000522	K00275	pyridoxamine 5'-phosphate oxidase [EC:1.4.3.5]	COG0259	PdxH	Pyridoxine/pyridoxamine 5'-phosphate oxidase	AG-904-F11_00445	3
CACDPZ010000004.1	84270	85352	+	AG-904-F11_00449	AG-904-F11	360	OG0000279	K01736	chorismate synthase [EC:4.2.3.5]	COG0082	AroC	Chorismate synthase	AG-904-F11_00445	4
CACDPZ010000004.1	85349	87268	-	AG-904-F11_00450	AG-904-F11	639	OG0000041	K01662	1-deoxy-D-xylulose-5-phosphate synthase [EC:2.2.1.7]	COG1154	Dxs	Deoxyxylulose-5-phosphate synthase	AG-904-F11_00445	5
CACDQH010000007.1	34395	36311	+	AG-904-F17_01131	AG-904-F17	638	OG0000041	K01662	1-deoxy-D-xylulose-5-phosphate synthase [EC:2.2.1.7]	COG1154	Dxs	Deoxyxylulose-5-phosphate synthase	AG-904-F17_01136	-5
CACDQH010000007.1	36318	37400	-	AG-904-F17_01132	AG-904-F17	360	OG0000279	K01736	chorismate synthase [EC:4.2.3.5]	COG0082	AroC	Chorismate synthase	AG-904-F17_01136	-4
CACDQH010000007.1	37434	38060	+	AG-904-F17_01133	AG-904-F17	208	OG0000522	K00275	pyridoxamine 5'-phosphate oxidase [EC:1.4.3.5]	COG0259	PdxH	Pyridoxine/pyridoxamine 5'-phosphate oxidase	AG-904-F17_01136	-3
CACDQH010000007.1	38057	39070	-	AG-904-F17_01134	AG-904-F17	337	OG0000641	K02523	octaprenyl-diphosphate synthase [EC:2.5.1.90]	COG0142	IspA	Geranylgeranyl pyrophosphate synthase	AG-904-F17_01136	-2
CACDQH010000007.1	39185	39988	+	AG-904-F17_01135	AG-904-F17	267	OG0000623	K04773	protease IV [EC:3.4.21.-]	COG0616	SppA	Periplasmic serine protease, ClpP class	AG-904-F17_01136	-1
CACDQH010000007.1	39978	40868	+	AG-904-F17_01136	AG-904-F17	296	OG0000870	K01878	glycyl-tRNA synthetase alpha chain [EC:6.1.1.14]	COG0752	GlyQ	Glycyl-tRNA synthetase, alpha subunit	AG-904-F17_01136	0
CACDQH010000007.1	40871	42940	+	AG-904-F17_01137	AG-904-F17	689	OG0000882	K01879	glycyl-tRNA synthetase beta chain [EC:6.1.1.14]	COG0751	GlyS	Glycyl-tRNA synthetase, beta subunit	AG-904-F17_01136	1
CACDQH010000007.1	42937	45606	+	AG-904-F17_01138	AG-904-F17	889	OG0000798	K01006	pyruvate, orthophosphate dikinase [EC:2.7.9.1]	COG0574	PpsA	Phosphoenolpyruvate synthase/pyruvate phosphate dikinase	AG-904-F17_01136	2
CACDQH010000007.1	45784	46854	+	AG-904-F17_01140	AG-904-F17	356	OG0000256	K03465	thymidylate synthase (FAD) [EC:2.1.1.148]	COG1351	ThyX	Thymidylate synthase ThyX, FAD-dependent family	AG-904-F17_01136	3
CACDQH010000007.1	46835	47659	-	AG-904-F17_01141	AG-904-F17	274	OG0000361	K03593	ATP-binding protein involved in chromosome partitioning	COG0489	Mrp	Fe-S cluster carrier ATPase, Mrp/ApbC/NBP35 family	AG-904-F17_01136	4
CACDQH010000007.1	47711	48814	+	AG-904-F17_01142	AG-904-F17	367	OG0000394	K04088	modulator of FtsH protease HflK	COG0330	HflC	Regulator of protease activity HflC, stomatin/prohibitin superfamily	AG-904-F17_01136	5
CACDSY010000002.1	244263	246176	+	AG-904-K03_00585	AG-904-K03	637	OG0000041	K01662	1-deoxy-D-xylulose-5-phosphate synthase [EC:2.2.1.7]	COG1154	Dxs	Deoxyxylulose-5-phosphate synthase	AG-904-K03_00590	-5
CACDSY010000002.1	246173	247258	-	AG-904-K03_00586	AG-904-K03	361	OG0000279	K01736	chorismate synthase [EC:4.2.3.5]	COG0082	AroC	Chorismate synthase	AG-904-K03_00590	-4
CACDSY010000002.1	247291	247914	+	AG-904-K03_00587	AG-904-K03	207	OG0000522	K00275	pyridoxamine 5'-phosphate oxidase [EC:1.4.3.5]	COG0259	PdxH	Pyridoxine/pyridoxamine 5'-phosphate oxidase	AG-904-K03_00590	-3
CACDSY010000002.1	247911	248924	-	AG-904-K03_00588	AG-904-K03	337	OG0000641	K02523	octaprenyl-diphosphate synthase [EC:2.5.1.90]	COG0142	IspA	Geranylgeranyl pyrophosphate synthase	AG-904-K03_00590	-2
CACDSY010000002.1	249035	249844	+	AG-904-K03_00589	AG-904-K03	269	OG0000623	K04773	protease IV [EC:3.4.21.-]	COG0616	SppA	Periplasmic serine protease, ClpP class	AG-904-K03_00590	-1
CACDSY010000002.1	249834	250706	+	AG-904-K03_00590	AG-904-K03	290	OG0000870	K01878	glycyl-tRNA synthetase alpha chain [EC:6.1.1.14]	COG0752	GlyQ	Glycyl-tRNA synthetase, alpha subunit	AG-904-K03_00590	0
CACDSY010000002.1	250706	252769	+	AG-904-K03_00591	AG-904-K03	687	OG0000882	K01879	glycyl-tRNA synthetase beta chain [EC:6.1.1.14]	COG0751	GlyS	Glycyl-tRNA synthetase, beta subunit	AG-904-K03_00590	1
CACDSY010000002.1	252771	255431	+	AG-904-K03_00592	AG-904-K03	886	OG0000798	K01006	pyruvate, orthophosphate dikinase [EC:2.7.9.1]	COG0574	PpsA	Phosphoenolpyruvate synthase/pyruvate phosphate dikinase	AG-904-K03_00590	2
CACDSY010000002.1	255428	256264	-	AG-904-K03_00593	AG-904-K03	278	OG0000370	K00767	nicotinate-nucleotide pyrophosphorylase (carboxylating) [EC:2.4.2.19]	COG0157	NadC	Nicotinate-nucleotide pyrophosphorylase	AG-904-K03_00590	3
CACDSY010000002.1	256270	257259	-	AG-904-K03_00594	AG-904-K03	329	OG0000316	K03517	quinolinate synthase [EC:2.5.1.72]	COG0379	NadA	Quinolinate synthase	AG-904-K03_00590	4
CACDSY010000002.1	257730	258677	+	AG-904-K03_00597	AG-904-K03	315	OG0000256	K03465	thymidylate synthase (FAD) [EC:2.1.1.148]	COG1351	ThyX	Thymidylate synthase ThyX, FAD-dependent family	AG-904-K03_00590	5
CACDZM010000007.1	42453	44366	+	AG-905-A07_00928	AG-905-A07	637	OG0000041	K01662	1-deoxy-D-xylulose-5-phosphate synthase [EC:2.2.1.7]	COG1154	Dxs	Deoxyxylulose-5-phosphate synthase	AG-905-A07_00933	-5
CACDZM010000007.1	44371	45453	-	AG-905-A07_00929	AG-905-A07	360	OG0000279	K01736	chorismate synthase [EC:4.2.3.5]	COG0082	AroC	Chorismate synthase	AG-905-A07_00933	-4
CACDZM010000007.1	45487	46113	+	AG-905-A07_00930	AG-905-A07	208	OG0000522	K00275	pyridoxamine 5'-phosphate oxidase [EC:1.4.3.5]	COG0259	PdxH	Pyridoxine/pyridoxamine 5'-phosphate oxidase	AG-905-A07_00933	-3
CACDZM010000007.1	46110	47123	-	AG-905-A07_00931	AG-905-A07	337	OG0000641	K02523	octaprenyl-diphosphate synthase [EC:2.5.1.90]	COG0142	IspA	Geranylgeranyl pyrophosphate synthase	AG-905-A07_00933	-2
CACDZM010000007.1	47237	48043	+	AG-905-A07_00932	AG-905-A07	268	OG0000623	K04773	protease IV [EC:3.4.21.-]	COG0616	SppA	Periplasmic serine protease, ClpP class	AG-905-A07_00933	-1
CACDZM010000007.1	48033	48914	+	AG-905-A07_00933	AG-905-A07	293	OG0000870	K01878	glycyl-tRNA synthetase alpha chain [EC:6.1.1.14]	COG0752	GlyQ	Glycyl-tRNA synthetase, alpha subunit	AG-905-A07_00933	0
CACDZM010000007.1	48915	50984	+	AG-905-A07_00934	AG-905-A07	689	OG0000882	K01879	glycyl-tRNA synthetase beta chain [EC:6.1.1.14]	COG0751	GlyS	Glycyl-tRNA synthetase, beta subunit	AG-905-A07_00933	1
CACDZM010000007.1	50981	53647	+	AG-905-A07_00935	AG-905-A07	888	OG0000798	K01006	pyruvate, orthophosphate dikinase [EC:2.7.9.1]	COG0574	PpsA	Phosphoenolpyruvate synthase/pyruvate phosphate dikinase	AG-905-A07_00933	2
CACDZM010000007.1	53661	54494	-	AG-905-A07_00936	AG-905-A07	277	OG0000370	K00767	nicotinate-nucleotide pyrophosphorylase (carboxylating) [EC:2.4.2.19]	COG0157	NadC	Nicotinate-nucleotide pyrophosphorylase	AG-905-A07_00933	3
CACDZM010000007.1	54501	55490	-	AG-905-A07_00937	AG-905-A07	329	OG0000316	K03517	quinolinate synthase [EC:2.5.1.72]	COG0379	NadA	Quinolinate synthase	AG-905-A07_00933	4
CACDZM010000007.1	55946	56590	-	AG-905-A07_00939	AG-905-A07	214	OG0000045	NA	NA	NA	NA	NA	AG-905-A07_00933	5
CACEDU010000011.1	20601	22514	+	AG-905-E11_01185	AG-905-E11	637	OG0000041	K01662	1-deoxy-D-xylulose-5-phosphate synthase [EC:2.2.1.7]	COG1154	Dxs	Deoxyxylulose-5-phosphate synthase	AG-905-E11_01190	-5
CACEDU010000011.1	22511	23596	-	AG-905-E11_01186	AG-905-E11	361	OG0000279	K01736	chorismate synthase [EC:4.2.3.5]	COG0082	AroC	Chorismate synthase	AG-905-E11_01190	-4
CACEDU010000011.1	23629	24252	+	AG-905-E11_01187	AG-905-E11	207	OG0000522	K00275	pyridoxamine 5'-phosphate oxidase [EC:1.4.3.5]	COG0259	PdxH	Pyridoxine/pyridoxamine 5'-phosphate oxidase	AG-905-E11_01190	-3
CACEDU010000011.1	24249	25262	-	AG-905-E11_01188	AG-905-E11	337	OG0000641	K02523	octaprenyl-diphosphate synthase [EC:2.5.1.90]	COG0142	IspA	Geranylgeranyl pyrophosphate synthase	AG-905-E11_01190	-2
CACEDU010000011.1	25373	26182	+	AG-905-E11_01189	AG-905-E11	269	OG0000623	K04773	protease IV [EC:3.4.21.-]	COG0616	SppA	Periplasmic serine protease, ClpP class	AG-905-E11_01190	-1
CACEDU010000011.1	26172	27044	+	AG-905-E11_01190	AG-905-E11	290	OG0000870	K01878	glycyl-tRNA synthetase alpha chain [EC:6.1.1.14]	COG0752	GlyQ	Glycyl-tRNA synthetase, alpha subunit	AG-905-E11_01190	0
CACEFR010000004.1	22047	22874	-	AG-905-G04_00591	AG-905-G04	275	OG0000028	NA	NA	COG4122	TrmR	tRNA 5-hydroxyU34 O-methylase TrmR/YrrM	AG-905-G04_00596	-5
CACEFR010000004.1	23140	24507	+	AG-905-G04_00592	AG-905-G04	455	OG0001144	NA	NA	COG2133	YliI	Glucose/arabinose dehydrogenase, beta-propeller fold	AG-905-G04_00596	-4
CACEFR010000004.1	24514	25296	-	AG-905-G04_00593	AG-905-G04	260	OG0001271	NA	NA	NA	NA	NA	AG-905-G04_00596	-3
CACEFR010000004.1	25315	27972	-	AG-905-G04_00594	AG-905-G04	885	OG0000798	K01006	pyruvate, orthophosphate dikinase [EC:2.7.9.1]	COG0574	PpsA	Phosphoenolpyruvate synthase/pyruvate phosphate dikinase	AG-905-G04_00596	-2
CACEFR010000004.1	27965	30037	-	AG-905-G04_00595	AG-905-G04	690	OG0000882	K01879	glycyl-tRNA synthetase beta chain [EC:6.1.1.14]	COG0751	GlyS	Glycyl-tRNA synthetase, beta subunit	AG-905-G04_00596	-1
CACEFR010000004.1	30039	30920	-	AG-905-G04_00596	AG-905-G04	293	OG0000870	K01878	glycyl-tRNA synthetase alpha chain [EC:6.1.1.14]	COG0752	GlyQ	Glycyl-tRNA synthetase, alpha subunit	AG-905-G04_00596	0
CACEFR010000004.1	30910	31716	-	AG-905-G04_00597	AG-905-G04	268	OG0000623	K04773	protease IV [EC:3.4.21.-]	COG0616	SppA	Periplasmic serine protease, ClpP class	AG-905-G04_00596	1
CACEFR010000004.1	31830	32843	+	AG-905-G04_00598	AG-905-G04	337	OG0000641	K02523	octaprenyl-diphosphate synthase [EC:2.5.1.90]	COG0142	IspA	Geranylgeranyl pyrophosphate synthase	AG-905-G04_00596	2
CACEFR010000004.1	32840	33466	-	AG-905-G04_00599	AG-905-G04	208	OG0000522	K00275	pyridoxamine 5'-phosphate oxidase [EC:1.4.3.5]	COG0259	PdxH	Pyridoxine/pyridoxamine 5'-phosphate oxidase	AG-905-G04_00596	3
CACEFR010000004.1	33500	34582	+	AG-905-G04_00600	AG-905-G04	360	OG0000279	K01736	chorismate synthase [EC:4.2.3.5]	COG0082	AroC	Chorismate synthase	AG-905-G04_00596	4
CACEFR010000004.1	34588	36501	-	AG-905-G04_00601	AG-905-G04	637	OG0000041	K01662	1-deoxy-D-xylulose-5-phosphate synthase [EC:2.2.1.7]	COG1154	Dxs	Deoxyxylulose-5-phosphate synthase	AG-905-G04_00596	5
CACEKE010000002.1	79620	80264	-	AG-905-M05_00483	AG-905-M05	214	OG0000156	NA	NA	COG0398	TVP38	Uncharacterized membrane protein YdjX, related to fungal oxalate transporter, TVP38/TMEM64 family	AG-905-M05_00490	-5
CACEKE010000002.1	80732	81721	+	AG-905-M05_00486	AG-905-M05	329	OG0000316	K03517	quinolinate synthase [EC:2.5.1.72]	COG0379	NadA	Quinolinate synthase	AG-905-M05_00490	-4
CACEKE010000002.1	81727	82560	+	AG-905-M05_00487	AG-905-M05	277	OG0000370	K00767	nicotinate-nucleotide pyrophosphorylase (carboxylating) [EC:2.4.2.19]	COG0157	NadC	Nicotinate-nucleotide pyrophosphorylase	AG-905-M05_00490	-3
CACEKE010000002.1	82599	85259	-	AG-905-M05_00488	AG-905-M05	886	OG0000798	K01006	pyruvate, orthophosphate dikinase [EC:2.7.9.1]	COG0574	PpsA	Phosphoenolpyruvate synthase/pyruvate phosphate dikinase	AG-905-M05_00490	-2
CACEKE010000002.1	85240	87327	-	AG-905-M05_00489	AG-905-M05	695	OG0000882	K01879	glycyl-tRNA synthetase beta chain [EC:6.1.1.14]	COG0751	GlyS	Glycyl-tRNA synthetase, beta subunit	AG-905-M05_00490	-1
CACEKE010000002.1	87328	88200	-	AG-905-M05_00490	AG-905-M05	290	OG0000870	K01878	glycyl-tRNA synthetase alpha chain [EC:6.1.1.14]	COG0752	GlyQ	Glycyl-tRNA synthetase, alpha subunit	AG-905-M05_00490	0
CACEKE010000002.1	88190	88996	-	AG-905-M05_00491	AG-905-M05	268	OG0000623	K04773	protease IV [EC:3.4.21.-]	COG0616	SppA	Periplasmic serine protease, ClpP class	AG-905-M05_00490	1
CACEKE010000002.1	89106	90119	+	AG-905-M05_00492	AG-905-M05	337	OG0000641	K02523	octaprenyl-diphosphate synthase [EC:2.5.1.90]	COG0142	IspA	Geranylgeranyl pyrophosphate synthase	AG-905-M05_00490	2
CACEKE010000002.1	90116	90742	-	AG-905-M05_00493	AG-905-M05	208	OG0000522	K00275	pyridoxamine 5'-phosphate oxidase [EC:1.4.3.5]	COG0259	PdxH	Pyridoxine/pyridoxamine 5'-phosphate oxidase	AG-905-M05_00490	3
CACEKE010000002.1	90775	91860	+	AG-905-M05_00494	AG-905-M05	361	OG0000279	K01736	chorismate synthase [EC:4.2.3.5]	COG0082	AroC	Chorismate synthase	AG-905-M05_00490	4
CACEKE010000002.1	91857	93770	-	AG-905-M05_00495	AG-905-M05	637	OG0000041	K01662	1-deoxy-D-xylulose-5-phosphate synthase [EC:2.2.1.7]	COG1154	Dxs	Deoxyxylulose-5-phosphate synthase	AG-905-M05_00490	5
CACEMI010000012.1	26149	28062	+	AG-905-O08_01056	AG-905-O08	637	OG0000041	K01662	1-deoxy-D-xylulose-5-phosphate synthase [EC:2.2.1.7]	COG1154	Dxs	Deoxyxylulose-5-phosphate synthase	AG-905-O08_01061	-5
CACEMI010000012.1	28059	29144	-	AG-905-O08_01057	AG-905-O08	361	OG0000279	K01736	chorismate synthase [EC:4.2.3.5]	COG0082	AroC	Chorismate synthase	AG-905-O08_01061	-4
CACEMI010000012.1	29177	29800	+	AG-905-O08_01058	AG-905-O08	207	OG0000522	K00275	pyridoxamine 5'-phosphate oxidase [EC:1.4.3.5]	COG0259	PdxH	Pyridoxine/pyridoxamine 5'-phosphate oxidase	AG-905-O08_01061	-3
CACEMI010000012.1	29797	30810	-	AG-905-O08_01059	AG-905-O08	337	OG0000641	K02523	octaprenyl-diphosphate synthase [EC:2.5.1.90]	COG0142	IspA	Geranylgeranyl pyrophosphate synthase	AG-905-O08_01061	-2
CACEMI010000012.1	30921	31730	+	AG-905-O08_01060	AG-905-O08	269	OG0000623	K04773	protease IV [EC:3.4.21.-]	COG0616	SppA	Periplasmic serine protease, ClpP class	AG-905-O08_01061	-1
CACEMI010000012.1	31720	32592	+	AG-905-O08_01061	AG-905-O08	290	OG0000870	K01878	glycyl-tRNA synthetase alpha chain [EC:6.1.1.14]	COG0752	GlyQ	Glycyl-tRNA synthetase, alpha subunit	AG-905-O08_01061	0
CACEMI010000012.1	32592	34655	+	AG-905-O08_01062	AG-905-O08	687	OG0000882	K01879	glycyl-tRNA synthetase beta chain [EC:6.1.1.14]	COG0751	GlyS	Glycyl-tRNA synthetase, beta subunit	AG-905-O08_01061	1
CACEMI010000012.1	34657	37317	+	AG-905-O08_01063	AG-905-O08	886	OG0000798	K01006	pyruvate, orthophosphate dikinase [EC:2.7.9.1]	COG0574	PpsA	Phosphoenolpyruvate synthase/pyruvate phosphate dikinase	AG-905-O08_01061	2
CACEMI010000012.1	37314	37895	-	AG-905-O08_01064	AG-905-O08	193	OG0000370	NA	NA	COG0157	NadC	Nicotinate-nucleotide pyrophosphorylase	AG-905-O08_01061	3
CACEPS010000004.1	32489	33484	+	AG-907-B09_00879	AG-907-B09	331	OG0000316	K03517	quinolinate synthase [EC:2.5.1.72]	COG0379	NadA	Quinolinate synthase	AG-907-B09_00884	-5
CACEPS010000004.1	33488	34330	+	AG-907-B09_00880	AG-907-B09	280	OG0000370	K00767	nicotinate-nucleotide pyrophosphorylase (carboxylating) [EC:2.4.2.19]	COG0157	NadC	Nicotinate-nucleotide pyrophosphorylase	AG-907-B09_00884	-4
CACEPS010000004.1	34310	34693	-	AG-907-B09_00881	AG-907-B09	127	OG0001035	NA	NA	NA	NA	NA	AG-907-B09_00884	-3
CACEPS010000004.1	34693	37365	-	AG-907-B09_00882	AG-907-B09	890	OG0000798	K01006	pyruvate, orthophosphate dikinase [EC:2.7.9.1]	COG0574	PpsA	Phosphoenolpyruvate synthase/pyruvate phosphate dikinase	AG-907-B09_00884	-2
CACEPS010000004.1	37365	39428	-	AG-907-B09_00883	AG-907-B09	687	OG0000882	K01879	glycyl-tRNA synthetase beta chain [EC:6.1.1.14]	COG0751	GlyS	Glycyl-tRNA synthetase, beta subunit	AG-907-B09_00884	-1
CACEPS010000004.1	39425	40336	-	AG-907-B09_00884	AG-907-B09	303	OG0000870	K01878	glycyl-tRNA synthetase alpha chain [EC:6.1.1.14]	COG0752	GlyQ	Glycyl-tRNA synthetase, alpha subunit	AG-907-B09_00884	0
CACEPS010000004.1	40326	41132	-	AG-907-B09_00885	AG-907-B09	268	OG0000623	K04773	protease IV [EC:3.4.21.-]	COG0616	SppA	Periplasmic serine protease, ClpP class	AG-907-B09_00884	1
CACEPS010000004.1	41248	42261	+	AG-907-B09_00886	AG-907-B09	337	OG0000641	K02523	octaprenyl-diphosphate synthase [EC:2.5.1.90]	COG0142	IspA	Geranylgeranyl pyrophosphate synthase	AG-907-B09_00884	2
CACEPS010000004.1	42254	42733	-	AG-907-B09_00887	AG-907-B09	159	OG0000984	K05770	translocator protein	COG3476	TspO	Tryptophan-rich sensory protein TspO/CrtK (mitochondrial benzodiazepine receptor homolog)	AG-907-B09_00884	3
CACEPS010000004.1	42730	42894	-	AG-907-B09_00888	AG-907-B09	54	OG0002735	NA	NA	NA	NA	NA	AG-907-B09_00884	4
CACEPS010000004.1	42894	45761	-	AG-907-B09_00889	AG-907-B09	955	OG0000957	K00281	glycine dehydrogenase [EC:1.4.4.2]	COG1003	GcvP2	Glycine cleavage system protein P (pyridoxal-binding), C-terminal domain	AG-907-B09_00884	5
CACEQG010000002.1	9278	10165	+	AG-907-C04_00375	AG-907-C04	295	OG0000660	NA	NA	COG0354	YgfZ	Folate-binding protein YgfZ, synthesis and repair of Fe-S clusters, tRNA thiomethylation	AG-907-C04_00381	-5
CACEQG010000002.1	10314	11303	+	AG-907-C04_00377	AG-907-C04	329	OG0000316	K03517	quinolinate synthase [EC:2.5.1.72]	COG0379	NadA	Quinolinate synthase	AG-907-C04_00381	-4
CACEQG010000002.1	11310	12143	+	AG-907-C04_00378	AG-907-C04	277	OG0000370	K00767	nicotinate-nucleotide pyrophosphorylase (carboxylating) [EC:2.4.2.19]	COG0157	NadC	Nicotinate-nucleotide pyrophosphorylase	AG-907-C04_00381	-3
CACEQG010000002.1	12158	14824	-	AG-907-C04_00379	AG-907-C04	888	OG0000798	K01006	pyruvate, orthophosphate dikinase [EC:2.7.9.1]	COG0574	PpsA	Phosphoenolpyruvate synthase/pyruvate phosphate dikinase	AG-907-C04_00381	-2
CACEQG010000002.1	14817	16889	-	AG-907-C04_00380	AG-907-C04	690	OG0000882	K01879	glycyl-tRNA synthetase beta chain [EC:6.1.1.14]	COG0751	GlyS	Glycyl-tRNA synthetase, beta subunit	AG-907-C04_00381	-1
CACEQG010000002.1	16891	17772	-	AG-907-C04_00381	AG-907-C04	293	OG0000870	K01878	glycyl-tRNA synthetase alpha chain [EC:6.1.1.14]	COG0752	GlyQ	Glycyl-tRNA synthetase, alpha subunit	AG-907-C04_00381	0
CACEQG010000002.1	17762	18568	-	AG-907-C04_00382	AG-907-C04	268	OG0000623	K04773	protease IV [EC:3.4.21.-]	COG0616	SppA	Periplasmic serine protease, ClpP class	AG-907-C04_00381	1
CACEQG010000002.1	18682	19695	+	AG-907-C04_00383	AG-907-C04	337	OG0000641	K02523	octaprenyl-diphosphate synthase [EC:2.5.1.90]	COG0142	IspA	Geranylgeranyl pyrophosphate synthase	AG-907-C04_00381	2
CACEQG010000002.1	19692	20318	-	AG-907-C04_00384	AG-907-C04	208	OG0000522	K00275	pyridoxamine 5'-phosphate oxidase [EC:1.4.3.5]	COG0259	PdxH	Pyridoxine/pyridoxamine 5'-phosphate oxidase	AG-907-C04_00381	3
CACEQG010000002.1	20352	21434	+	AG-907-C04_00385	AG-907-C04	360	OG0000279	K01736	chorismate synthase [EC:4.2.3.5]	COG0082	AroC	Chorismate synthase	AG-907-C04_00381	4
CACEQG010000002.1	21431	23344	-	AG-907-C04_00386	AG-907-C04	637	OG0000041	K01662	1-deoxy-D-xylulose-5-phosphate synthase [EC:2.2.1.7]	COG1154	Dxs	Deoxyxylulose-5-phosphate synthase	AG-907-C04_00381	5
CACESO010000001.1	161637	163544	+	AG-907-E04_00180	AG-907-E04	635	OG0000041	K01662	1-deoxy-D-xylulose-5-phosphate synthase [EC:2.2.1.7]	COG1154	Dxs	Deoxyxylulose-5-phosphate synthase	AG-907-E04_00185	-5
CACESO010000001.1	163541	164626	-	AG-907-E04_00181	AG-907-E04	361	OG0000279	K01736	chorismate synthase [EC:4.2.3.5]	COG0082	AroC	Chorismate synthase	AG-907-E04_00185	-4
CACESO010000001.1	164659	165285	+	AG-907-E04_00182	AG-907-E04	208	OG0000522	K00275	pyridoxamine 5'-phosphate oxidase [EC:1.4.3.5]	COG0259	PdxH	Pyridoxine/pyridoxamine 5'-phosphate oxidase	AG-907-E04_00185	-3
CACESO010000001.1	165282	166295	-	AG-907-E04_00183	AG-907-E04	337	OG0000641	K02523	octaprenyl-diphosphate synthase [EC:2.5.1.90]	COG0142	IspA	Geranylgeranyl pyrophosphate synthase	AG-907-E04_00185	-2
CACESO010000001.1	166407	167213	+	AG-907-E04_00184	AG-907-E04	268	OG0000623	K04773	protease IV [EC:3.4.21.-]	COG0616	SppA	Periplasmic serine protease, ClpP class	AG-907-E04_00185	-1
CACESO010000001.1	167176	168078	+	AG-907-E04_00185	AG-907-E04	300	OG0000870	K01878	glycyl-tRNA synthetase alpha chain [EC:6.1.1.14]	COG0752	GlyQ	Glycyl-tRNA synthetase, alpha subunit	AG-907-E04_00185	0
CACESO010000001.1	168080	170149	+	AG-907-E04_00186	AG-907-E04	689	OG0000882	K01879	glycyl-tRNA synthetase beta chain [EC:6.1.1.14]	COG0751	GlyS	Glycyl-tRNA synthetase, beta subunit	AG-907-E04_00185	1
CACESO010000001.1	170149	172809	+	AG-907-E04_00187	AG-907-E04	886	OG0000798	K01006	pyruvate, orthophosphate dikinase [EC:2.7.9.1]	COG0574	PpsA	Phosphoenolpyruvate synthase/pyruvate phosphate dikinase	AG-907-E04_00185	2
CACESO010000001.1	172815	173648	-	AG-907-E04_00188	AG-907-E04	277	OG0000370	K00767	nicotinate-nucleotide pyrophosphorylase (carboxylating) [EC:2.4.2.19]	COG0157	NadC	Nicotinate-nucleotide pyrophosphorylase	AG-907-E04_00185	3
CACESO010000001.1	173654	174643	-	AG-907-E04_00189	AG-907-E04	329	OG0000316	K03517	quinolinate synthase [EC:2.5.1.72]	COG0379	NadA	Quinolinate synthase	AG-907-E04_00185	4
CACESO010000001.1	174814	175890	-	AG-907-E04_00191	AG-907-E04	358	OG0001502	NA	NA	COG4785	NlpI	Lipoprotein NlpI, contains TPR repeats	AG-907-E04_00185	5
CACETY010000003.1	49883	51796	+	AG-907-F09_00362	AG-907-F09	637	OG0000041	K01662	1-deoxy-D-xylulose-5-phosphate synthase [EC:2.2.1.7]	COG1154	Dxs	Deoxyxylulose-5-phosphate synthase	AG-907-F09_00367	-5
CACETY010000003.1	51793	52878	-	AG-907-F09_00363	AG-907-F09	361	OG0000279	K01736	chorismate synthase [EC:4.2.3.5]	COG0082	AroC	Chorismate synthase	AG-907-F09_00367	-4
CACETY010000003.1	52911	53531	+	AG-907-F09_00364	AG-907-F09	206	OG0000522	K00275	pyridoxamine 5'-phosphate oxidase [EC:1.4.3.5]	COG0259	PdxH	Pyridoxine/pyridoxamine 5'-phosphate oxidase	AG-907-F09_00367	-3
CACETY010000003.1	53528	54541	-	AG-907-F09_00365	AG-907-F09	337	OG0000641	K02523	octaprenyl-diphosphate synthase [EC:2.5.1.90]	COG0142	IspA	Geranylgeranyl pyrophosphate synthase	AG-907-F09_00367	-2
CACETY010000003.1	54652	55461	+	AG-907-F09_00366	AG-907-F09	269	OG0000623	K04773	protease IV [EC:3.4.21.-]	COG0616	SppA	Periplasmic serine protease, ClpP class	AG-907-F09_00367	-1
CACETY010000003.1	55451	56323	+	AG-907-F09_00367	AG-907-F09	290	OG0000870	K01878	glycyl-tRNA synthetase alpha chain [EC:6.1.1.14]	COG0752	GlyQ	Glycyl-tRNA synthetase, alpha subunit	AG-907-F09_00367	0
CACETY010000003.1	56323	58386	+	AG-907-F09_00368	AG-907-F09	687	OG0000882	K01879	glycyl-tRNA synthetase beta chain [EC:6.1.1.14]	COG0751	GlyS	Glycyl-tRNA synthetase, beta subunit	AG-907-F09_00367	1
CACETY010000003.1	58388	61048	+	AG-907-F09_00369	AG-907-F09	886	OG0000798	K01006	pyruvate, orthophosphate dikinase [EC:2.7.9.1]	COG0574	PpsA	Phosphoenolpyruvate synthase/pyruvate phosphate dikinase	AG-907-F09_00367	2
CACETY010000003.1	61045	61881	-	AG-907-F09_00370	AG-907-F09	278	OG0000370	K00767	nicotinate-nucleotide pyrophosphorylase (carboxylating) [EC:2.4.2.19]	COG0157	NadC	Nicotinate-nucleotide pyrophosphorylase	AG-907-F09_00367	3
CACETY010000003.1	61887	62876	-	AG-907-F09_00371	AG-907-F09	329	OG0000316	K03517	quinolinate synthase [EC:2.5.1.72]	COG0379	NadA	Quinolinate synthase	AG-907-F09_00367	4
CACETY010000003.1	64223	65524	-	AG-907-F09_00373	AG-907-F09	433	OG0001427	NA	NA	NA	NA	NA	AG-907-F09_00367	5
CACFHY010000003.1	81027	81755	-	AG-908-C18_00462	AG-908-C18	242	OG0000115	NA	NA	COG0300	YqjQ	Short-chain dehydrogenase	AG-908-C18_00468	-5
CACFHY010000003.1	81758	83038	-	AG-908-C18_00463	AG-908-C18	426	OG0001824	NA	NA	COG0277	GlcD	FAD/FMN-containing lactate dehydrogenase/glycolate oxidase	AG-908-C18_00468	-4
CACFHY010000003.1	83045	84235	-	AG-908-C18_00464	AG-908-C18	396	OG0001427	NA	NA	NA	NA	NA	AG-908-C18_00468	-3
CACFHY010000003.1	84644	87304	-	AG-908-C18_00466	AG-908-C18	886	OG0000798	K01006	pyruvate, orthophosphate dikinase [EC:2.7.9.1]	COG0574	PpsA	Phosphoenolpyruvate synthase/pyruvate phosphate dikinase	AG-908-C18_00468	-2
CACFHY010000003.1	87304	89370	-	AG-908-C18_00467	AG-908-C18	688	OG0000882	K01879	glycyl-tRNA synthetase beta chain [EC:6.1.1.14]	COG0751	GlyS	Glycyl-tRNA synthetase, beta subunit	AG-908-C18_00468	-1
CACFHY010000003.1	89370	90275	-	AG-908-C18_00468	AG-908-C18	301	OG0000870	K01878	glycyl-tRNA synthetase alpha chain [EC:6.1.1.14]	COG0752	GlyQ	Glycyl-tRNA synthetase, alpha subunit	AG-908-C18_00468	0
CACFHY010000003.1	90241	91047	-	AG-908-C18_00469	AG-908-C18	268	OG0000623	K04773	protease IV [EC:3.4.21.-]	COG0616	SppA	Periplasmic serine protease, ClpP class	AG-908-C18_00468	1
CACFHY010000003.1	91162	92175	+	AG-908-C18_00470	AG-908-C18	337	OG0000641	K02523	octaprenyl-diphosphate synthase [EC:2.5.1.90]	COG0142	IspA	Geranylgeranyl pyrophosphate synthase	AG-908-C18_00468	2
CACFHY010000003.1	92172	92798	-	AG-908-C18_00471	AG-908-C18	208	OG0000522	K00275	pyridoxamine 5'-phosphate oxidase [EC:1.4.3.5]	COG0259	PdxH	Pyridoxine/pyridoxamine 5'-phosphate oxidase	AG-908-C18_00468	3
CACFHY010000003.1	92832	93914	+	AG-908-C18_00472	AG-908-C18	360	OG0000279	K01736	chorismate synthase [EC:4.2.3.5]	COG0082	AroC	Chorismate synthase	AG-908-C18_00468	4
CACFHY010000003.1	93921	95837	-	AG-908-C18_00473	AG-908-C18	638	OG0000041	K01662	1-deoxy-D-xylulose-5-phosphate synthase [EC:2.2.1.7]	COG1154	Dxs	Deoxyxylulose-5-phosphate synthase	AG-908-C18_00468	5
CACFLJ010000005.1	41012	42925	+	AG-908-F18_00693	AG-908-F18	637	OG0000041	K01662	1-deoxy-D-xylulose-5-phosphate synthase [EC:2.2.1.7]	COG1154	Dxs	Deoxyxylulose-5-phosphate synthase	AG-908-F18_00698	-5
CACFLJ010000005.1	42922	44007	-	AG-908-F18_00694	AG-908-F18	361	OG0000279	K01736	chorismate synthase [EC:4.2.3.5]	COG0082	AroC	Chorismate synthase	AG-908-F18_00698	-4
CACFLJ010000005.1	44040	44663	+	AG-908-F18_00695	AG-908-F18	207	OG0000522	K00275	pyridoxamine 5'-phosphate oxidase [EC:1.4.3.5]	COG0259	PdxH	Pyridoxine/pyridoxamine 5'-phosphate oxidase	AG-908-F18_00698	-3
CACFLJ010000005.1	44660	45673	-	AG-908-F18_00696	AG-908-F18	337	OG0000641	K02523	octaprenyl-diphosphate synthase [EC:2.5.1.90]	COG0142	IspA	Geranylgeranyl pyrophosphate synthase	AG-908-F18_00698	-2
CACFLJ010000005.1	45784	46593	+	AG-908-F18_00697	AG-908-F18	269	OG0000623	K04773	protease IV [EC:3.4.21.-]	COG0616	SppA	Periplasmic serine protease, ClpP class	AG-908-F18_00698	-1
CACFLJ010000005.1	46583	47455	+	AG-908-F18_00698	AG-908-F18	290	OG0000870	K01878	glycyl-tRNA synthetase alpha chain [EC:6.1.1.14]	COG0752	GlyQ	Glycyl-tRNA synthetase, alpha subunit	AG-908-F18_00698	0
CACFLJ010000005.1	47455	49518	+	AG-908-F18_00699	AG-908-F18	687	OG0000882	K01879	glycyl-tRNA synthetase beta chain [EC:6.1.1.14]	COG0751	GlyS	Glycyl-tRNA synthetase, beta subunit	AG-908-F18_00698	1
CACFLJ010000005.1	49520	52180	+	AG-908-F18_00700	AG-908-F18	886	OG0000798	K01006	pyruvate, orthophosphate dikinase [EC:2.7.9.1]	COG0574	PpsA	Phosphoenolpyruvate synthase/pyruvate phosphate dikinase	AG-908-F18_00698	2
CACFLJ010000005.1	52177	53013	-	AG-908-F18_00701	AG-908-F18	278	OG0000370	K00767	nicotinate-nucleotide pyrophosphorylase (carboxylating) [EC:2.4.2.19]	COG0157	NadC	Nicotinate-nucleotide pyrophosphorylase	AG-908-F18_00698	3
CACFLJ010000005.1	53018	54007	-	AG-908-F18_00702	AG-908-F18	329	OG0000316	K03517	quinolinate synthase [EC:2.5.1.72]	COG0379	NadA	Quinolinate synthase	AG-908-F18_00698	4
CACFLJ010000005.1	54374	55144	+	AG-908-F18_00704	AG-908-F18	256	OG0001775	NA	NA	NA	NA	NA	AG-908-F18_00698	5
CACFLK010000005.1	40186	42099	+	AG-908-F20_00847	AG-908-F20	637	OG0000041	K01662	1-deoxy-D-xylulose-5-phosphate synthase [EC:2.2.1.7]	COG1154	Dxs	Deoxyxylulose-5-phosphate synthase	AG-908-F20_00852	-5
CACFLK010000005.1	42105	43187	-	AG-908-F20_00848	AG-908-F20	360	OG0000279	K01736	chorismate synthase [EC:4.2.3.5]	COG0082	AroC	Chorismate synthase	AG-908-F20_00852	-4
CACFLK010000005.1	43221	43847	+	AG-908-F20_00849	AG-908-F20	208	OG0000522	K00275	pyridoxamine 5'-phosphate oxidase [EC:1.4.3.5]	COG0259	PdxH	Pyridoxine/pyridoxamine 5'-phosphate oxidase	AG-908-F20_00852	-3
CACFLK010000005.1	43844	44857	-	AG-908-F20_00850	AG-908-F20	337	OG0000641	K02523	octaprenyl-diphosphate synthase [EC:2.5.1.90]	COG0142	IspA	Geranylgeranyl pyrophosphate synthase	AG-908-F20_00852	-2
CACFLK010000005.1	44971	45777	+	AG-908-F20_00851	AG-908-F20	268	OG0000623	K04773	protease IV [EC:3.4.21.-]	COG0616	SppA	Periplasmic serine protease, ClpP class	AG-908-F20_00852	-1
CACFLK010000005.1	45767	46648	+	AG-908-F20_00852	AG-908-F20	293	OG0000870	K01878	glycyl-tRNA synthetase alpha chain [EC:6.1.1.14]	COG0752	GlyQ	Glycyl-tRNA synthetase, alpha subunit	AG-908-F20_00852	0
CACFLK010000005.1	46650	48710	+	AG-908-F20_00853	AG-908-F20	686	OG0000882	K01879	glycyl-tRNA synthetase beta chain [EC:6.1.1.14]	COG0751	GlyS	Glycyl-tRNA synthetase, beta subunit	AG-908-F20_00852	1
CACFLK010000005.1	48714	51377	+	AG-908-F20_00854	AG-908-F20	887	OG0000798	K01006	pyruvate, orthophosphate dikinase [EC:2.7.9.1]	COG0574	PpsA	Phosphoenolpyruvate synthase/pyruvate phosphate dikinase	AG-908-F20_00852	2
CACFLK010000005.1	51391	52227	-	AG-908-F20_00855	AG-908-F20	278	OG0000028	NA	NA	COG4122	TrmR	tRNA 5-hydroxyU34 O-methylase TrmR/YrrM	AG-908-F20_00852	3
CACFLK010000005.1	52525	52713	-	AG-908-F20_00856	AG-908-F20	62	OG0002259	NA	NA	NA	NA	NA	AG-908-F20_00852	4
CACFLK010000005.1	53113	54060	+	AG-908-F20_00858	AG-908-F20	315	OG0000256	K03465	thymidylate synthase (FAD) [EC:2.1.1.148]	COG1351	ThyX	Thymidylate synthase ThyX, FAD-dependent family	AG-908-F20_00852	5
CACFPI010000007.1	50386	52296	+	AG-908-L09_00776	AG-908-L09	636	OG0000041	K01662	1-deoxy-D-xylulose-5-phosphate synthase [EC:2.2.1.7]	COG1154	Dxs	Deoxyxylulose-5-phosphate synthase	AG-908-L09_00781	-5
CACFPI010000007.1	52293	53378	-	AG-908-L09_00777	AG-908-L09	361	OG0000279	K01736	chorismate synthase [EC:4.2.3.5]	COG0082	AroC	Chorismate synthase	AG-908-L09_00781	-4
CACFPI010000007.1	53411	54034	+	AG-908-L09_00778	AG-908-L09	207	OG0000522	K00275	pyridoxamine 5'-phosphate oxidase [EC:1.4.3.5]	COG0259	PdxH	Pyridoxine/pyridoxamine 5'-phosphate oxidase	AG-908-L09_00781	-3
CACFPI010000007.1	54031	55044	-	AG-908-L09_00779	AG-908-L09	337	OG0000641	K02523	octaprenyl-diphosphate synthase [EC:2.5.1.90]	COG0142	IspA	Geranylgeranyl pyrophosphate synthase	AG-908-L09_00781	-2
CACFPI010000007.1	55153	55959	+	AG-908-L09_00780	AG-908-L09	268	OG0000623	K04773	protease IV [EC:3.4.21.-]	COG0616	SppA	Periplasmic serine protease, ClpP class	AG-908-L09_00781	-1
CACFPI010000007.1	55949	56833	+	AG-908-L09_00781	AG-908-L09	294	OG0000870	K01878	glycyl-tRNA synthetase alpha chain [EC:6.1.1.14]	COG0752	GlyQ	Glycyl-tRNA synthetase, alpha subunit	AG-908-L09_00781	0
CACFPI010000007.1	56835	58898	+	AG-908-L09_00782	AG-908-L09	687	OG0000882	K01879	glycyl-tRNA synthetase beta chain [EC:6.1.1.14]	COG0751	GlyS	Glycyl-tRNA synthetase, beta subunit	AG-908-L09_00781	1
CACFPI010000007.1	58899	61568	+	AG-908-L09_00783	AG-908-L09	889	OG0000798	K01006	pyruvate, orthophosphate dikinase [EC:2.7.9.1]	COG0574	PpsA	Phosphoenolpyruvate synthase/pyruvate phosphate dikinase	AG-908-L09_00781	2
CACFPI010000007.1	61565	62401	-	AG-908-L09_00784	AG-908-L09	278	OG0000370	K00767	nicotinate-nucleotide pyrophosphorylase (carboxylating) [EC:2.4.2.19]	COG0157	NadC	Nicotinate-nucleotide pyrophosphorylase	AG-908-L09_00781	3
CACFPI010000007.1	62407	63396	-	AG-908-L09_00785	AG-908-L09	329	OG0000316	K03517	quinolinate synthase [EC:2.5.1.72]	COG0379	NadA	Quinolinate synthase	AG-908-L09_00781	4
CACFPI010000007.1	63860	64807	+	AG-908-L09_00788	AG-908-L09	315	OG0000256	K03465	thymidylate synthase (FAD) [EC:2.1.1.148]	COG1351	ThyX	Thymidylate synthase ThyX, FAD-dependent family	AG-908-L09_00781	5
CACFZE010000004.1	69521	71431	+	AG-909-F14_00769	AG-909-F14	636	OG0000041	K01662	1-deoxy-D-xylulose-5-phosphate synthase [EC:2.2.1.7]	COG1154	Dxs	Deoxyxylulose-5-phosphate synthase	AG-909-F14_00774	-5
CACFZE010000004.1	71428	72513	-	AG-909-F14_00770	AG-909-F14	361	OG0000279	K01736	chorismate synthase [EC:4.2.3.5]	COG0082	AroC	Chorismate synthase	AG-909-F14_00774	-4
CACFZE010000004.1	72546	73169	+	AG-909-F14_00771	AG-909-F14	207	OG0000522	K00275	pyridoxamine 5'-phosphate oxidase [EC:1.4.3.5]	COG0259	PdxH	Pyridoxine/pyridoxamine 5'-phosphate oxidase	AG-909-F14_00774	-3
CACFZE010000004.1	73166	74179	-	AG-909-F14_00772	AG-909-F14	337	OG0000641	K02523	octaprenyl-diphosphate synthase [EC:2.5.1.90]	COG0142	IspA	Geranylgeranyl pyrophosphate synthase	AG-909-F14_00774	-2
CACFZE010000004.1	74288	75094	+	AG-909-F14_00773	AG-909-F14	268	OG0000623	K04773	protease IV [EC:3.4.21.-]	COG0616	SppA	Periplasmic serine protease, ClpP class	AG-909-F14_00774	-1
CACFZE010000004.1	75084	75968	+	AG-909-F14_00774	AG-909-F14	294	OG0000870	K01878	glycyl-tRNA synthetase alpha chain [EC:6.1.1.14]	COG0752	GlyQ	Glycyl-tRNA synthetase, alpha subunit	AG-909-F14_00774	0
CACFZE010000004.1	75970	78033	+	AG-909-F14_00775	AG-909-F14	687	OG0000882	K01879	glycyl-tRNA synthetase beta chain [EC:6.1.1.14]	COG0751	GlyS	Glycyl-tRNA synthetase, beta subunit	AG-909-F14_00774	1
CACFZE010000004.1	78034	80691	+	AG-909-F14_00776	AG-909-F14	885	OG0000798	K01006	pyruvate, orthophosphate dikinase [EC:2.7.9.1]	COG0574	PpsA	Phosphoenolpyruvate synthase/pyruvate phosphate dikinase	AG-909-F14_00774	2
CACFZE010000004.1	80701	81537	-	AG-909-F14_00777	AG-909-F14	278	OG0000370	K00767	nicotinate-nucleotide pyrophosphorylase (carboxylating) [EC:2.4.2.19]	COG0157	NadC	Nicotinate-nucleotide pyrophosphorylase	AG-909-F14_00774	3
CACFZE010000004.1	81543	82532	-	AG-909-F14_00778	AG-909-F14	329	OG0000316	K03517	quinolinate synthase [EC:2.5.1.72]	COG0379	NadA	Quinolinate synthase	AG-909-F14_00774	4
CACFZE010000004.1	82996	83943	+	AG-909-F14_00781	AG-909-F14	315	OG0000256	K03465	thymidylate synthase (FAD) [EC:2.1.1.148]	COG1351	ThyX	Thymidylate synthase ThyX, FAD-dependent family	AG-909-F14_00774	5
CACGAC010000016.1	463	1344	-	AG-909-G08_01194	AG-909-G08	293	OG0000870	K01878	glycyl-tRNA synthetase alpha chain [EC:6.1.1.14]	COG0752	GlyQ	Glycyl-tRNA synthetase, alpha subunit	AG-909-G08_01194	0
CACGAC010000016.1	1334	2140	-	AG-909-G08_01195	AG-909-G08	268	OG0000623	K04773	protease IV [EC:3.4.21.-]	COG0616	SppA	Periplasmic serine protease, ClpP class	AG-909-G08_01194	1
CACGAC010000016.1	2254	3267	+	AG-909-G08_01196	AG-909-G08	337	OG0000641	K02523	octaprenyl-diphosphate synthase [EC:2.5.1.90]	COG0142	IspA	Geranylgeranyl pyrophosphate synthase	AG-909-G08_01194	2
CACGAC010000016.1	3264	3890	-	AG-909-G08_01197	AG-909-G08	208	OG0000522	K00275	pyridoxamine 5'-phosphate oxidase [EC:1.4.3.5]	COG0259	PdxH	Pyridoxine/pyridoxamine 5'-phosphate oxidase	AG-909-G08_01194	3
CACGAC010000016.1	3924	5006	+	AG-909-G08_01198	AG-909-G08	360	OG0000279	K01736	chorismate synthase [EC:4.2.3.5]	COG0082	AroC	Chorismate synthase	AG-909-G08_01194	4
CACGAC010000016.1	5003	6916	-	AG-909-G08_01199	AG-909-G08	637	OG0000041	K01662	1-deoxy-D-xylulose-5-phosphate synthase [EC:2.2.1.7]	COG1154	Dxs	Deoxyxylulose-5-phosphate synthase	AG-909-G08_01194	5
CACGPY010000005.1	37425	39344	+	AG-910-G11_00585	AG-910-G11	639	OG0000041	K01662	1-deoxy-D-xylulose-5-phosphate synthase [EC:2.2.1.7]	COG1154	Dxs	Deoxyxylulose-5-phosphate synthase	AG-910-G11_00590	-5
CACGPY010000005.1	39341	40423	-	AG-910-G11_00586	AG-910-G11	360	OG0000279	K01736	chorismate synthase [EC:4.2.3.5]	COG0082	AroC	Chorismate synthase	AG-910-G11_00590	-4
CACGPY010000005.1	40458	41090	+	AG-910-G11_00587	AG-910-G11	210	OG0000522	K00275	pyridoxamine 5'-phosphate oxidase [EC:1.4.3.5]	COG0259	PdxH	Pyridoxine/pyridoxamine 5'-phosphate oxidase	AG-910-G11_00590	-3
CACGPY010000005.1	41087	42100	-	AG-910-G11_00588	AG-910-G11	337	OG0000641	K02523	octaprenyl-diphosphate synthase [EC:2.5.1.90]	COG0142	IspA	Geranylgeranyl pyrophosphate synthase	AG-910-G11_00590	-2
CACGPY010000005.1	42246	43058	+	AG-910-G11_00589	AG-910-G11	270	OG0000623	K04773	protease IV [EC:3.4.21.-]	COG0616	SppA	Periplasmic serine protease, ClpP class	AG-910-G11_00590	-1
CACGPY010000005.1	43059	43955	+	AG-910-G11_00590	AG-910-G11	298	OG0000870	K01878	glycyl-tRNA synthetase alpha chain [EC:6.1.1.14]	COG0752	GlyQ	Glycyl-tRNA synthetase, alpha subunit	AG-910-G11_00590	0
CACGPY010000005.1	43959	46013	+	AG-910-G11_00591	AG-910-G11	684	OG0000882	K01879	glycyl-tRNA synthetase beta chain [EC:6.1.1.14]	COG0751	GlyS	Glycyl-tRNA synthetase, beta subunit	AG-910-G11_00590	1
CACGPY010000005.1	46013	48673	+	AG-910-G11_00592	AG-910-G11	886	OG0000798	K01006	pyruvate, orthophosphate dikinase [EC:2.7.9.1]	COG0574	PpsA	Phosphoenolpyruvate synthase/pyruvate phosphate dikinase	AG-910-G11_00590	2
CACGPY010000005.1	48662	49453	-	AG-910-G11_00593	AG-910-G11	263	OG0000370	K00767	nicotinate-nucleotide pyrophosphorylase (carboxylating) [EC:2.4.2.19]	COG0157	NadC	Nicotinate-nucleotide pyrophosphorylase	AG-910-G11_00590	3
CACGPY010000005.1	49497	50486	-	AG-910-G11_00594	AG-910-G11	329	OG0000316	K03517	quinolinate synthase [EC:2.5.1.72]	COG0379	NadA	Quinolinate synthase	AG-910-G11_00590	4
CACGPY010000005.1	50750	51631	-	AG-910-G11_00596	AG-910-G11	293	OG0000660	NA	NA	COG0354	YgfZ	Folate-binding protein YgfZ, synthesis and repair of Fe-S clusters, tRNA thiomethylation	AG-910-G11_00590	5
CACHCA010000004.1	142	2055	+	AG-911-E04_00561	AG-911-E04	637	OG0000041	K01662	1-deoxy-D-xylulose-5-phosphate synthase [EC:2.2.1.7]	COG1154	Dxs	Deoxyxylulose-5-phosphate synthase	AG-911-E04_00566	-5
CACHCA010000004.1	2052	3134	-	AG-911-E04_00562	AG-911-E04	360	OG0000279	K01736	chorismate synthase [EC:4.2.3.5]	COG0082	AroC	Chorismate synthase	AG-911-E04_00566	-4
CACHCA010000004.1	3168	3794	+	AG-911-E04_00563	AG-911-E04	208	OG0000522	K00275	pyridoxamine 5'-phosphate oxidase [EC:1.4.3.5]	COG0259	PdxH	Pyridoxine/pyridoxamine 5'-phosphate oxidase	AG-911-E04_00566	-3
CACHCA010000004.1	3791	4804	-	AG-911-E04_00564	AG-911-E04	337	OG0000641	K02523	octaprenyl-diphosphate synthase [EC:2.5.1.90]	COG0142	IspA	Geranylgeranyl pyrophosphate synthase	AG-911-E04_00566	-2
CACHCA010000004.1	4918	5724	+	AG-911-E04_00565	AG-911-E04	268	OG0000623	K04773	protease IV [EC:3.4.21.-]	COG0616	SppA	Periplasmic serine protease, ClpP class	AG-911-E04_00566	-1
CACHCA010000004.1	5714	6595	+	AG-911-E04_00566	AG-911-E04	293	OG0000870	K01878	glycyl-tRNA synthetase alpha chain [EC:6.1.1.14]	COG0752	GlyQ	Glycyl-tRNA synthetase, alpha subunit	AG-911-E04_00566	0
CACHCA010000004.1	6597	8669	+	AG-911-E04_00567	AG-911-E04	690	OG0000882	K01879	glycyl-tRNA synthetase beta chain [EC:6.1.1.14]	COG0751	GlyS	Glycyl-tRNA synthetase, beta subunit	AG-911-E04_00566	1
CACHCA010000004.1	8662	11328	+	AG-911-E04_00568	AG-911-E04	888	OG0000798	K01006	pyruvate, orthophosphate dikinase [EC:2.7.9.1]	COG0574	PpsA	Phosphoenolpyruvate synthase/pyruvate phosphate dikinase	AG-911-E04_00566	2
CACHCA010000004.1	11343	12176	-	AG-911-E04_00569	AG-911-E04	277	OG0000370	K00767	nicotinate-nucleotide pyrophosphorylase (carboxylating) [EC:2.4.2.19]	COG0157	NadC	Nicotinate-nucleotide pyrophosphorylase	AG-911-E04_00566	3
CACHCA010000004.1	12183	13172	-	AG-911-E04_00570	AG-911-E04	329	OG0000316	K03517	quinolinate synthase [EC:2.5.1.72]	COG0379	NadA	Quinolinate synthase	AG-911-E04_00566	4
CACHCA010000004.1	13321	14208	-	AG-911-E04_00572	AG-911-E04	295	OG0000660	NA	NA	COG0354	YgfZ	Folate-binding protein YgfZ, synthesis and repair of Fe-S clusters, tRNA thiomethylation	AG-911-E04_00566	5
CACHEO010000005.1	150	1052	-	AG-911-G03_00818	AG-911-G03	300	OG0000870	K01878	glycyl-tRNA synthetase alpha chain [EC:6.1.1.14]	COG0752	GlyQ	Glycyl-tRNA synthetase, alpha subunit	AG-911-G03_00818	0
CACHEO010000005.1	1042	1845	-	AG-911-G03_00819	AG-911-G03	267	OG0000623	K04773	protease IV [EC:3.4.21.-]	COG0616	SppA	Periplasmic serine protease, ClpP class	AG-911-G03_00818	1
CACHEO010000005.1	1960	2973	+	AG-911-G03_00820	AG-911-G03	337	OG0000641	K02523	octaprenyl-diphosphate synthase [EC:2.5.1.90]	COG0142	IspA	Geranylgeranyl pyrophosphate synthase	AG-911-G03_00818	2
CACHEO010000005.1	2970	3596	-	AG-911-G03_00821	AG-911-G03	208	OG0000522	K00275	pyridoxamine 5'-phosphate oxidase [EC:1.4.3.5]	COG0259	PdxH	Pyridoxine/pyridoxamine 5'-phosphate oxidase	AG-911-G03_00818	3
CACHEO010000005.1	3630	4712	+	AG-911-G03_00822	AG-911-G03	360	OG0000279	K01736	chorismate synthase [EC:4.2.3.5]	COG0082	AroC	Chorismate synthase	AG-911-G03_00818	4
CACHEO010000005.1	4719	6635	-	AG-911-G03_00823	AG-911-G03	638	OG0000041	K01662	1-deoxy-D-xylulose-5-phosphate synthase [EC:2.2.1.7]	COG1154	Dxs	Deoxyxylulose-5-phosphate synthase	AG-911-G03_00818	5
CACHJZ010000004.1	93911	95134	+	AG-911-N14_00785	AG-911-N14	407	OG0001137	NA	NA	COG2227	UbiG	2-polyprenyl-3-methyl-5-hydroxy-6-metoxy-1,4-benzoquinol methylase	AG-911-N14_00791	-5
CACHJZ010000004.1	95293	96282	+	AG-911-N14_00787	AG-911-N14	329	OG0000316	K03517	quinolinate synthase [EC:2.5.1.72]	COG0379	NadA	Quinolinate synthase	AG-911-N14_00791	-4
CACHJZ010000004.1	96288	97115	+	AG-911-N14_00788	AG-911-N14	275	OG0000370	K00767	nicotinate-nucleotide pyrophosphorylase (carboxylating) [EC:2.4.2.19]	COG0157	NadC	Nicotinate-nucleotide pyrophosphorylase	AG-911-N14_00791	-3
CACHJZ010000004.1	97117	99774	-	AG-911-N14_00789	AG-911-N14	885	OG0000798	K01006	pyruvate, orthophosphate dikinase [EC:2.7.9.1]	COG0574	PpsA	Phosphoenolpyruvate synthase/pyruvate phosphate dikinase	AG-911-N14_00791	-2
CACHJZ010000004.1	99774	101840	-	AG-911-N14_00790	AG-911-N14	688	OG0000882	K01879	glycyl-tRNA synthetase beta chain [EC:6.1.1.14]	COG0751	GlyS	Glycyl-tRNA synthetase, beta subunit	AG-911-N14_00791	-1
CACHJZ010000004.1	101843	102724	-	AG-911-N14_00791	AG-911-N14	293	OG0000870	K01878	glycyl-tRNA synthetase alpha chain [EC:6.1.1.14]	COG0752	GlyQ	Glycyl-tRNA synthetase, alpha subunit	AG-911-N14_00791	0
CACHJZ010000004.1	102714	103520	-	AG-911-N14_00792	AG-911-N14	268	OG0000623	K04773	protease IV [EC:3.4.21.-]	COG0616	SppA	Periplasmic serine protease, ClpP class	AG-911-N14_00791	1
CACHJZ010000004.1	103630	104643	+	AG-911-N14_00793	AG-911-N14	337	OG0000641	K02523	octaprenyl-diphosphate synthase [EC:2.5.1.90]	COG0142	IspA	Geranylgeranyl pyrophosphate synthase	AG-911-N14_00791	2
CACHJZ010000004.1	104640	105266	-	AG-911-N14_00794	AG-911-N14	208	OG0000522	K00275	pyridoxamine 5'-phosphate oxidase [EC:1.4.3.5]	COG0259	PdxH	Pyridoxine/pyridoxamine 5'-phosphate oxidase	AG-911-N14_00791	3
CACHJZ010000004.1	105300	106385	+	AG-911-N14_00795	AG-911-N14	361	OG0000279	K01736	chorismate synthase [EC:4.2.3.5]	COG0082	AroC	Chorismate synthase	AG-911-N14_00791	4
CACHJZ010000004.1	106382	108295	-	AG-911-N14_00796	AG-911-N14	637	OG0000041	K01662	1-deoxy-D-xylulose-5-phosphate synthase [EC:2.2.1.7]	COG1154	Dxs	Deoxyxylulose-5-phosphate synthase	AG-911-N14_00791	5
CACHLB010000005.1	36806	38062	+	AG-912-A14_00610	AG-912-A14	418	OG0001354	NA	NA	NA	NA	NA	AG-912-A14_00616	-5
CACHLB010000005.1	38303	39292	+	AG-912-A14_00612	AG-912-A14	329	OG0000316	K03517	quinolinate synthase [EC:2.5.1.72]	COG0379	NadA	Quinolinate synthase	AG-912-A14_00616	-4
CACHLB010000005.1	39298	40134	+	AG-912-A14_00613	AG-912-A14	278	OG0000370	K00767	nicotinate-nucleotide pyrophosphorylase (carboxylating) [EC:2.4.2.19]	COG0157	NadC	Nicotinate-nucleotide pyrophosphorylase	AG-912-A14_00616	-3
CACHLB010000005.1	40143	42800	-	AG-912-A14_00614	AG-912-A14	885	OG0000798	K01006	pyruvate, orthophosphate dikinase [EC:2.7.9.1]	COG0574	PpsA	Phosphoenolpyruvate synthase/pyruvate phosphate dikinase	AG-912-A14_00616	-2
CACHLB010000005.1	42801	44864	-	AG-912-A14_00615	AG-912-A14	687	OG0000882	K01879	glycyl-tRNA synthetase beta chain [EC:6.1.1.14]	COG0751	GlyS	Glycyl-tRNA synthetase, beta subunit	AG-912-A14_00616	-1
CACHLB010000005.1	44866	45750	-	AG-912-A14_00616	AG-912-A14	294	OG0000870	K01878	glycyl-tRNA synthetase alpha chain [EC:6.1.1.14]	COG0752	GlyQ	Glycyl-tRNA synthetase, alpha subunit	AG-912-A14_00616	0
CACHLB010000005.1	45740	46546	-	AG-912-A14_00617	AG-912-A14	268	OG0000623	K04773	protease IV [EC:3.4.21.-]	COG0616	SppA	Periplasmic serine protease, ClpP class	AG-912-A14_00616	1
CACHLB010000005.1	46655	47668	+	AG-912-A14_00618	AG-912-A14	337	OG0000641	K02523	octaprenyl-diphosphate synthase [EC:2.5.1.90]	COG0142	IspA	Geranylgeranyl pyrophosphate synthase	AG-912-A14_00616	2
CACHLB010000005.1	47665	48288	-	AG-912-A14_00619	AG-912-A14	207	OG0000522	K00275	pyridoxamine 5'-phosphate oxidase [EC:1.4.3.5]	COG0259	PdxH	Pyridoxine/pyridoxamine 5'-phosphate oxidase	AG-912-A14_00616	3
CACHLB010000005.1	48321	49406	+	AG-912-A14_00620	AG-912-A14	361	OG0000279	K01736	chorismate synthase [EC:4.2.3.5]	COG0082	AroC	Chorismate synthase	AG-912-A14_00616	4
CACHLB010000005.1	49403	51313	-	AG-912-A14_00621	AG-912-A14	636	OG0000041	K01662	1-deoxy-D-xylulose-5-phosphate synthase [EC:2.2.1.7]	COG1154	Dxs	Deoxyxylulose-5-phosphate synthase	AG-912-A14_00616	5
CACHSE010000002.1	151273	152097	+	AG-912-C08_00450	AG-912-C08	274	OG0000361	K03593	ATP-binding protein involved in chromosome partitioning	COG0489	Mrp	Fe-S cluster carrier ATPase, Mrp/ApbC/NBP35 family	AG-912-C08_00456	-5
CACHSE010000002.1	152078	153025	-	AG-912-C08_00451	AG-912-C08	315	OG0000256	K03465	thymidylate synthase (FAD) [EC:2.1.1.148]	COG1351	ThyX	Thymidylate synthase ThyX, FAD-dependent family	AG-912-C08_00456	-4
CACHSE010000002.1	153411	154109	+	AG-912-C08_00453	AG-912-C08	232	OG0004091	NA	NA	NA	NA	NA	AG-912-C08_00456	-3
CACHSE010000002.1	154110	155897	-	AG-912-C08_00454	AG-912-C08	595	OG0000798	K01006	pyruvate, orthophosphate dikinase [EC:2.7.9.1]	COG0574	PpsA	Phosphoenolpyruvate synthase/pyruvate phosphate dikinase	AG-912-C08_00456	-2
CACHSE010000002.1	155890	157962	-	AG-912-C08_00455	AG-912-C08	690	OG0000882	K01879	glycyl-tRNA synthetase beta chain [EC:6.1.1.14]	COG0751	GlyS	Glycyl-tRNA synthetase, beta subunit	AG-912-C08_00456	-1
CACHSE010000002.1	157964	158845	-	AG-912-C08_00456	AG-912-C08	293	OG0000870	K01878	glycyl-tRNA synthetase alpha chain [EC:6.1.1.14]	COG0752	GlyQ	Glycyl-tRNA synthetase, alpha subunit	AG-912-C08_00456	0
CACHSE010000002.1	158835	159641	-	AG-912-C08_00457	AG-912-C08	268	OG0000623	K04773	protease IV [EC:3.4.21.-]	COG0616	SppA	Periplasmic serine protease, ClpP class	AG-912-C08_00456	1
CACHSE010000002.1	159756	160769	+	AG-912-C08_00458	AG-912-C08	337	OG0000641	K02523	octaprenyl-diphosphate synthase [EC:2.5.1.90]	COG0142	IspA	Geranylgeranyl pyrophosphate synthase	AG-912-C08_00456	2
CACHSE010000002.1	160766	161392	-	AG-912-C08_00459	AG-912-C08	208	OG0000522	K00275	pyridoxamine 5'-phosphate oxidase [EC:1.4.3.5]	COG0259	PdxH	Pyridoxine/pyridoxamine 5'-phosphate oxidase	AG-912-C08_00456	3
CACHSE010000002.1	161427	162509	+	AG-912-C08_00460	AG-912-C08	360	OG0000279	K01736	chorismate synthase [EC:4.2.3.5]	COG0082	AroC	Chorismate synthase	AG-912-C08_00456	4
CACHSE010000002.1	162515	164428	-	AG-912-C08_00461	AG-912-C08	637	OG0000041	K01662	1-deoxy-D-xylulose-5-phosphate synthase [EC:2.2.1.7]	COG1154	Dxs	Deoxyxylulose-5-phosphate synthase	AG-912-C08_00456	5
CACHRI010000003.1	22189	24108	+	AG-912-D10_00506	AG-912-D10	639	OG0000041	K01662	1-deoxy-D-xylulose-5-phosphate synthase [EC:2.2.1.7]	COG1154	Dxs	Deoxyxylulose-5-phosphate synthase	AG-912-D10_00511	-5
CACHRI010000003.1	24105	25187	-	AG-912-D10_00507	AG-912-D10	360	OG0000279	K01736	chorismate synthase [EC:4.2.3.5]	COG0082	AroC	Chorismate synthase	AG-912-D10_00511	-4
CACHRI010000003.1	25222	25851	+	AG-912-D10_00508	AG-912-D10	209	OG0000522	K00275	pyridoxamine 5'-phosphate oxidase [EC:1.4.3.5]	COG0259	PdxH	Pyridoxine/pyridoxamine 5'-phosphate oxidase	AG-912-D10_00511	-3
CACHRI010000003.1	25848	26861	-	AG-912-D10_00509	AG-912-D10	337	OG0000641	K02523	octaprenyl-diphosphate synthase [EC:2.5.1.90]	COG0142	IspA	Geranylgeranyl pyrophosphate synthase	AG-912-D10_00511	-2
CACHRI010000003.1	27004	27816	+	AG-912-D10_00510	AG-912-D10	270	OG0000623	K04773	protease IV [EC:3.4.21.-]	COG0616	SppA	Periplasmic serine protease, ClpP class	AG-912-D10_00511	-1
CACHRI010000003.1	27817	28695	+	AG-912-D10_00511	AG-912-D10	292	OG0000870	K01878	glycyl-tRNA synthetase alpha chain [EC:6.1.1.14]	COG0752	GlyQ	Glycyl-tRNA synthetase, alpha subunit	AG-912-D10_00511	0
CACHRI010000003.1	28700	30757	+	AG-912-D10_00512	AG-912-D10	685	OG0000882	K01879	glycyl-tRNA synthetase beta chain [EC:6.1.1.14]	COG0751	GlyS	Glycyl-tRNA synthetase, beta subunit	AG-912-D10_00511	1
CACHRI010000003.1	30754	33414	+	AG-912-D10_00513	AG-912-D10	886	OG0000798	K01006	pyruvate, orthophosphate dikinase [EC:2.7.9.1]	COG0574	PpsA	Phosphoenolpyruvate synthase/pyruvate phosphate dikinase	AG-912-D10_00511	2
CACHRI010000003.1	33403	34248	-	AG-912-D10_00514	AG-912-D10	281	OG0000370	K00767	nicotinate-nucleotide pyrophosphorylase (carboxylating) [EC:2.4.2.19]	COG0157	NadC	Nicotinate-nucleotide pyrophosphorylase	AG-912-D10_00511	3
CACHRI010000003.1	34238	35227	-	AG-912-D10_00515	AG-912-D10	329	OG0000316	K03517	quinolinate synthase [EC:2.5.1.72]	COG0379	NadA	Quinolinate synthase	AG-912-D10_00511	4
CACHRI010000003.1	35439	36638	+	AG-912-D10_00517	AG-912-D10	399	OG0001162	K00122	formate dehydrogenase [EC:1.17.1.9]	COG1052	LdhA	Lactate dehydrogenase or related 2-hydroxyacid dehydrogenase	AG-912-D10_00511	5
CACHUT010000003.1	83240	84343	-	AG-912-F16_00562	AG-912-F16	367	OG0000394	K04088	modulator of FtsH protease HflK	COG0330	HflC	Regulator of protease activity HflC, stomatin/prohibitin superfamily	AG-912-F16_00568	-5
CACHUT010000003.1	84395	85219	+	AG-912-F16_00563	AG-912-F16	274	OG0000361	K03593	ATP-binding protein involved in chromosome partitioning	COG0489	Mrp	Fe-S cluster carrier ATPase, Mrp/ApbC/NBP35 family	AG-912-F16_00568	-4
CACHUT010000003.1	85200	86147	-	AG-912-F16_00564	AG-912-F16	315	OG0000256	K03465	thymidylate synthase (FAD) [EC:2.1.1.148]	COG1351	ThyX	Thymidylate synthase ThyX, FAD-dependent family	AG-912-F16_00568	-3
CACHUT010000003.1	86461	89118	-	AG-912-F16_00566	AG-912-F16	885	OG0000798	K01006	pyruvate, orthophosphate dikinase [EC:2.7.9.1]	COG0574	PpsA	Phosphoenolpyruvate synthase/pyruvate phosphate dikinase	AG-912-F16_00568	-2
CACHUT010000003.1	89115	91184	-	AG-912-F16_00567	AG-912-F16	689	OG0000882	K01879	glycyl-tRNA synthetase beta chain [EC:6.1.1.14]	COG0751	GlyS	Glycyl-tRNA synthetase, beta subunit	AG-912-F16_00568	-1
CACHUT010000003.1	91187	92077	-	AG-912-F16_00568	AG-912-F16	296	OG0000870	K01878	glycyl-tRNA synthetase alpha chain [EC:6.1.1.14]	COG0752	GlyQ	Glycyl-tRNA synthetase, alpha subunit	AG-912-F16_00568	0
CACHUT010000003.1	92067	92870	-	AG-912-F16_00569	AG-912-F16	267	OG0000623	K04773	protease IV [EC:3.4.21.-]	COG0616	SppA	Periplasmic serine protease, ClpP class	AG-912-F16_00568	1
CACHUT010000003.1	92985	93998	+	AG-912-F16_00570	AG-912-F16	337	OG0000641	K02523	octaprenyl-diphosphate synthase [EC:2.5.1.90]	COG0142	IspA	Geranylgeranyl pyrophosphate synthase	AG-912-F16_00568	2
CACHUT010000003.1	93995	94621	-	AG-912-F16_00571	AG-912-F16	208	OG0000522	K00275	pyridoxamine 5'-phosphate oxidase [EC:1.4.3.5]	COG0259	PdxH	Pyridoxine/pyridoxamine 5'-phosphate oxidase	AG-912-F16_00568	3
CACHUT010000003.1	94655	95737	+	AG-912-F16_00572	AG-912-F16	360	OG0000279	K01736	chorismate synthase [EC:4.2.3.5]	COG0082	AroC	Chorismate synthase	AG-912-F16_00568	4
CACHUT010000003.1	95744	97660	-	AG-912-F16_00573	AG-912-F16	638	OG0000041	K01662	1-deoxy-D-xylulose-5-phosphate synthase [EC:2.2.1.7]	COG1154	Dxs	Deoxyxylulose-5-phosphate synthase	AG-912-F16_00568	5
CACPIG010000001.1	70943	71890	-	AG-912-I02_00069	AG-912-I02	315	OG0000256	K03465	thymidylate synthase (FAD) [EC:2.1.1.148]	COG1351	ThyX	Thymidylate synthase ThyX, FAD-dependent family	AG-912-I02_00076	-5
CACPIG010000001.1	72354	73343	+	AG-912-I02_00072	AG-912-I02	329	OG0000316	K03517	quinolinate synthase [EC:2.5.1.72]	COG0379	NadA	Quinolinate synthase	AG-912-I02_00076	-4
CACPIG010000001.1	73349	74185	+	AG-912-I02_00073	AG-912-I02	278	OG0000370	K00767	nicotinate-nucleotide pyrophosphorylase (carboxylating) [EC:2.4.2.19]	COG0157	NadC	Nicotinate-nucleotide pyrophosphorylase	AG-912-I02_00076	-3
CACPIG010000001.1	74195	76852	-	AG-912-I02_00074	AG-912-I02	885	OG0000798	K01006	pyruvate, orthophosphate dikinase [EC:2.7.9.1]	COG0574	PpsA	Phosphoenolpyruvate synthase/pyruvate phosphate dikinase	AG-912-I02_00076	-2
CACPIG010000001.1	76853	78916	-	AG-912-I02_00075	AG-912-I02	687	OG0000882	K01879	glycyl-tRNA synthetase beta chain [EC:6.1.1.14]	COG0751	GlyS	Glycyl-tRNA synthetase, beta subunit	AG-912-I02_00076	-1
CACPIG010000001.1	78918	79802	-	AG-912-I02_00076	AG-912-I02	294	OG0000870	K01878	glycyl-tRNA synthetase alpha chain [EC:6.1.1.14]	COG0752	GlyQ	Glycyl-tRNA synthetase, alpha subunit	AG-912-I02_00076	0
CACPIG010000001.1	79792	80598	-	AG-912-I02_00077	AG-912-I02	268	OG0000623	K04773	protease IV [EC:3.4.21.-]	COG0616	SppA	Periplasmic serine protease, ClpP class	AG-912-I02_00076	1
CACPIG010000001.1	80707	81720	+	AG-912-I02_00078	AG-912-I02	337	OG0000641	K02523	octaprenyl-diphosphate synthase [EC:2.5.1.90]	COG0142	IspA	Geranylgeranyl pyrophosphate synthase	AG-912-I02_00076	2
CACPIG010000001.1	81717	82340	-	AG-912-I02_00079	AG-912-I02	207	OG0000522	K00275	pyridoxamine 5'-phosphate oxidase [EC:1.4.3.5]	COG0259	PdxH	Pyridoxine/pyridoxamine 5'-phosphate oxidase	AG-912-I02_00076	3
CACPIG010000001.1	82373	83458	+	AG-912-I02_00080	AG-912-I02	361	OG0000279	K01736	chorismate synthase [EC:4.2.3.5]	COG0082	AroC	Chorismate synthase	AG-912-I02_00076	4
CACPIG010000001.1	83455	85365	-	AG-912-I02_00081	AG-912-I02	636	OG0000041	K01662	1-deoxy-D-xylulose-5-phosphate synthase [EC:2.2.1.7]	COG1154	Dxs	Deoxyxylulose-5-phosphate synthase	AG-912-I02_00076	5
CACPIF010000002.1	105047	106069	-	AG-912-L11_00435	AG-912-L11	340	OG0000091	NA	NA	NA	NA	NA	AG-912-L11_00440	-5
CACPIF010000002.1	106069	106752	-	AG-912-L11_00436	AG-912-L11	227	NA	NA	NA	COG1403	McrA	HNH family endonuclease, includes 5-methylcytosine-specific restriction endonuclease McrA	AG-912-L11_00440	-4
CACPIF010000002.1	106917	108059	-	AG-912-L11_00437	AG-912-L11	380	OG0001692	NA	NA	COG2755	TesA	Lysophospholipase L1 or related esterase. Includes spore coat protein LipC/YcsK	AG-912-L11_00440	-3
CACPIF010000002.1	108067	110724	-	AG-912-L11_00438	AG-912-L11	885	OG0000798	K01006	pyruvate, orthophosphate dikinase [EC:2.7.9.1]	COG0574	PpsA	Phosphoenolpyruvate synthase/pyruvate phosphate dikinase	AG-912-L11_00440	-2
CACPIF010000002.1	110724	112790	-	AG-912-L11_00439	AG-912-L11	688	OG0000882	K01879	glycyl-tRNA synthetase beta chain [EC:6.1.1.14]	COG0751	GlyS	Glycyl-tRNA synthetase, beta subunit	AG-912-L11_00440	-1
CACPIF010000002.1	112790	113695	-	AG-912-L11_00440	AG-912-L11	301	OG0000870	K01878	glycyl-tRNA synthetase alpha chain [EC:6.1.1.14]	COG0752	GlyQ	Glycyl-tRNA synthetase, alpha subunit	AG-912-L11_00440	0
CACPIF010000002.1	113661	114467	-	AG-912-L11_00441	AG-912-L11	268	OG0000623	K04773	protease IV [EC:3.4.21.-]	COG0616	SppA	Periplasmic serine protease, ClpP class	AG-912-L11_00440	1
CACPIF010000002.1	114582	115595	+	AG-912-L11_00442	AG-912-L11	337	OG0000641	K02523	octaprenyl-diphosphate synthase [EC:2.5.1.90]	COG0142	IspA	Geranylgeranyl pyrophosphate synthase	AG-912-L11_00440	2
CACPIF010000002.1	115592	116218	-	AG-912-L11_00443	AG-912-L11	208	OG0000522	K00275	pyridoxamine 5'-phosphate oxidase [EC:1.4.3.5]	COG0259	PdxH	Pyridoxine/pyridoxamine 5'-phosphate oxidase	AG-912-L11_00440	3
CACPIF010000002.1	116252	117334	+	AG-912-L11_00444	AG-912-L11	360	OG0000279	K01736	chorismate synthase [EC:4.2.3.5]	COG0082	AroC	Chorismate synthase	AG-912-L11_00440	4
CACPIF010000002.1	117341	119257	-	AG-912-L11_00445	AG-912-L11	638	OG0000041	K01662	1-deoxy-D-xylulose-5-phosphate synthase [EC:2.2.1.7]	COG1154	Dxs	Deoxyxylulose-5-phosphate synthase	AG-912-L11_00440	5
CACICB010000007.1	21676	23595	+	AG-912-P19_00770	AG-912-P19	639	OG0000041	K01662	1-deoxy-D-xylulose-5-phosphate synthase [EC:2.2.1.7]	COG1154	Dxs	Deoxyxylulose-5-phosphate synthase	AG-912-P19_00775	-5
CACICB010000007.1	23592	24674	-	AG-912-P19_00771	AG-912-P19	360	OG0000279	K01736	chorismate synthase [EC:4.2.3.5]	COG0082	AroC	Chorismate synthase	AG-912-P19_00775	-4
CACICB010000007.1	24709	25341	+	AG-912-P19_00772	AG-912-P19	210	OG0000522	K00275	pyridoxamine 5'-phosphate oxidase [EC:1.4.3.5]	COG0259	PdxH	Pyridoxine/pyridoxamine 5'-phosphate oxidase	AG-912-P19_00775	-3
CACICB010000007.1	25338	26351	-	AG-912-P19_00773	AG-912-P19	337	OG0000641	K02523	octaprenyl-diphosphate synthase [EC:2.5.1.90]	COG0142	IspA	Geranylgeranyl pyrophosphate synthase	AG-912-P19_00775	-2
CACICB010000007.1	26498	27310	+	AG-912-P19_00774	AG-912-P19	270	OG0000623	K04773	protease IV [EC:3.4.21.-]	COG0616	SppA	Periplasmic serine protease, ClpP class	AG-912-P19_00775	-1
CACICB010000007.1	27311	28207	+	AG-912-P19_00775	AG-912-P19	298	OG0000870	K01878	glycyl-tRNA synthetase alpha chain [EC:6.1.1.14]	COG0752	GlyQ	Glycyl-tRNA synthetase, alpha subunit	AG-912-P19_00775	0
CACICB010000007.1	28211	30265	+	AG-912-P19_00776	AG-912-P19	684	OG0000882	K01879	glycyl-tRNA synthetase beta chain [EC:6.1.1.14]	COG0751	GlyS	Glycyl-tRNA synthetase, beta subunit	AG-912-P19_00775	1
CACICB010000007.1	30265	32925	+	AG-912-P19_00777	AG-912-P19	886	OG0000798	K01006	pyruvate, orthophosphate dikinase [EC:2.7.9.1]	COG0574	PpsA	Phosphoenolpyruvate synthase/pyruvate phosphate dikinase	AG-912-P19_00775	2
CACICB010000007.1	32914	33744	-	AG-912-P19_00778	AG-912-P19	276	OG0000370	K00767	nicotinate-nucleotide pyrophosphorylase (carboxylating) [EC:2.4.2.19]	COG0157	NadC	Nicotinate-nucleotide pyrophosphorylase	AG-912-P19_00775	3
CACICB010000007.1	33749	34738	-	AG-912-P19_00779	AG-912-P19	329	OG0000316	K03517	quinolinate synthase [EC:2.5.1.72]	COG0379	NadA	Quinolinate synthase	AG-912-P19_00775	4
CACICB010000007.1	34998	35882	-	AG-912-P19_00781	AG-912-P19	294	OG0000660	NA	NA	COG0354	YgfZ	Folate-binding protein YgfZ, synthesis and repair of Fe-S clusters, tRNA thiomethylation	AG-912-P19_00775	5
CACIEE010000003.1	49122	50225	-	AG-913-A04_00591	AG-913-A04	367	OG0000394	K04088	modulator of FtsH protease HflK	COG0330	HflC	Regulator of protease activity HflC, stomatin/prohibitin superfamily	AG-913-A04_00597	-5
CACIEE010000003.1	50277	51101	+	AG-913-A04_00592	AG-913-A04	274	OG0000361	K03593	ATP-binding protein involved in chromosome partitioning	COG0489	Mrp	Fe-S cluster carrier ATPase, Mrp/ApbC/NBP35 family	AG-913-A04_00597	-4
CACIEE010000003.1	51082	52152	-	AG-913-A04_00593	AG-913-A04	356	OG0000256	K03465	thymidylate synthase (FAD) [EC:2.1.1.148]	COG1351	ThyX	Thymidylate synthase ThyX, FAD-dependent family	AG-913-A04_00597	-3
CACIEE010000003.1	52343	55000	-	AG-913-A04_00595	AG-913-A04	885	OG0000798	K01006	pyruvate, orthophosphate dikinase [EC:2.7.9.1]	COG0574	PpsA	Phosphoenolpyruvate synthase/pyruvate phosphate dikinase	AG-913-A04_00597	-2
CACIEE010000003.1	54997	57066	-	AG-913-A04_00596	AG-913-A04	689	OG0000882	K01879	glycyl-tRNA synthetase beta chain [EC:6.1.1.14]	COG0751	GlyS	Glycyl-tRNA synthetase, beta subunit	AG-913-A04_00597	-1
CACIEE010000003.1	57069	57971	-	AG-913-A04_00597	AG-913-A04	300	OG0000870	K01878	glycyl-tRNA synthetase alpha chain [EC:6.1.1.14]	COG0752	GlyQ	Glycyl-tRNA synthetase, alpha subunit	AG-913-A04_00597	0
CACIEE010000003.1	57961	58764	-	AG-913-A04_00598	AG-913-A04	267	OG0000623	K04773	protease IV [EC:3.4.21.-]	COG0616	SppA	Periplasmic serine protease, ClpP class	AG-913-A04_00597	1
CACIEE010000003.1	58879	59892	+	AG-913-A04_00599	AG-913-A04	337	OG0000641	K02523	octaprenyl-diphosphate synthase [EC:2.5.1.90]	COG0142	IspA	Geranylgeranyl pyrophosphate synthase	AG-913-A04_00597	2
CACIEE010000003.1	59889	60515	-	AG-913-A04_00600	AG-913-A04	208	OG0000522	K00275	pyridoxamine 5'-phosphate oxidase [EC:1.4.3.5]	COG0259	PdxH	Pyridoxine/pyridoxamine 5'-phosphate oxidase	AG-913-A04_00597	3
CACIEE010000003.1	60549	61631	+	AG-913-A04_00601	AG-913-A04	360	OG0000279	K01736	chorismate synthase [EC:4.2.3.5]	COG0082	AroC	Chorismate synthase	AG-913-A04_00597	4
CACIEE010000003.1	61638	63554	-	AG-913-A04_00602	AG-913-A04	638	OG0000041	K01662	1-deoxy-D-xylulose-5-phosphate synthase [EC:2.2.1.7]	COG1154	Dxs	Deoxyxylulose-5-phosphate synthase	AG-913-A04_00597	5
CACIEO010000002.1	33582	35495	+	AG-913-C02_00343	AG-913-C02	637	OG0000041	K01662	1-deoxy-D-xylulose-5-phosphate synthase [EC:2.2.1.7]	COG1154	Dxs	Deoxyxylulose-5-phosphate synthase	AG-913-C02_00348	-5
CACIEO010000002.1	35492	36577	-	AG-913-C02_00344	AG-913-C02	361	OG0000279	K01736	chorismate synthase [EC:4.2.3.5]	COG0082	AroC	Chorismate synthase	AG-913-C02_00348	-4
CACIEO010000002.1	36611	37237	+	AG-913-C02_00345	AG-913-C02	208	OG0000522	K00275	pyridoxamine 5'-phosphate oxidase [EC:1.4.3.5]	COG0259	PdxH	Pyridoxine/pyridoxamine 5'-phosphate oxidase	AG-913-C02_00348	-3
CACIEO010000002.1	37234	38247	-	AG-913-C02_00346	AG-913-C02	337	OG0000641	K02523	octaprenyl-diphosphate synthase [EC:2.5.1.90]	COG0142	IspA	Geranylgeranyl pyrophosphate synthase	AG-913-C02_00348	-2
CACIEO010000002.1	38357	39163	+	AG-913-C02_00347	AG-913-C02	268	OG0000623	K04773	protease IV [EC:3.4.21.-]	COG0616	SppA	Periplasmic serine protease, ClpP class	AG-913-C02_00348	-1
CACIEO010000002.1	39153	40034	+	AG-913-C02_00348	AG-913-C02	293	OG0000870	K01878	glycyl-tRNA synthetase alpha chain [EC:6.1.1.14]	COG0752	GlyQ	Glycyl-tRNA synthetase, alpha subunit	AG-913-C02_00348	0
CACIEO010000002.1	40037	42103	+	AG-913-C02_00349	AG-913-C02	688	OG0000882	K01879	glycyl-tRNA synthetase beta chain [EC:6.1.1.14]	COG0751	GlyS	Glycyl-tRNA synthetase, beta subunit	AG-913-C02_00348	1
CACIEO010000002.1	42103	44760	+	AG-913-C02_00350	AG-913-C02	885	OG0000798	K01006	pyruvate, orthophosphate dikinase [EC:2.7.9.1]	COG0574	PpsA	Phosphoenolpyruvate synthase/pyruvate phosphate dikinase	AG-913-C02_00348	2
CACIEO010000002.1	44762	45589	-	AG-913-C02_00351	AG-913-C02	275	OG0000370	K00767	nicotinate-nucleotide pyrophosphorylase (carboxylating) [EC:2.4.2.19]	COG0157	NadC	Nicotinate-nucleotide pyrophosphorylase	AG-913-C02_00348	3
CACIEO010000002.1	45595	46584	-	AG-913-C02_00352	AG-913-C02	329	OG0000316	K03517	quinolinate synthase [EC:2.5.1.72]	COG0379	NadA	Quinolinate synthase	AG-913-C02_00348	4
CACIEO010000002.1	46729	47616	-	AG-913-C02_00354	AG-913-C02	295	OG0000660	NA	NA	COG0354	YgfZ	Folate-binding protein YgfZ, synthesis and repair of Fe-S clusters, tRNA thiomethylation	AG-913-C02_00348	5
CACIEM010000004.1	67918	69021	-	AG-913-C03_00768	AG-913-C03	367	OG0000394	K04088	modulator of FtsH protease HflK	COG0330	HflC	Regulator of protease activity HflC, stomatin/prohibitin superfamily	AG-913-C03_00774	-5
CACIEM010000004.1	69073	69897	+	AG-913-C03_00769	AG-913-C03	274	OG0000361	K03593	ATP-binding protein involved in chromosome partitioning	COG0489	Mrp	Fe-S cluster carrier ATPase, Mrp/ApbC/NBP35 family	AG-913-C03_00774	-4
CACIEM010000004.1	69878	70948	-	AG-913-C03_00770	AG-913-C03	356	OG0000256	K03465	thymidylate synthase (FAD) [EC:2.1.1.148]	COG1351	ThyX	Thymidylate synthase ThyX, FAD-dependent family	AG-913-C03_00774	-3
CACIEM010000004.1	71139	73796	-	AG-913-C03_00772	AG-913-C03	885	OG0000798	K01006	pyruvate, orthophosphate dikinase [EC:2.7.9.1]	COG0574	PpsA	Phosphoenolpyruvate synthase/pyruvate phosphate dikinase	AG-913-C03_00774	-2
CACIEM010000004.1	73793	75862	-	AG-913-C03_00773	AG-913-C03	689	OG0000882	K01879	glycyl-tRNA synthetase beta chain [EC:6.1.1.14]	COG0751	GlyS	Glycyl-tRNA synthetase, beta subunit	AG-913-C03_00774	-1
CACIEM010000004.1	75865	76767	-	AG-913-C03_00774	AG-913-C03	300	OG0000870	K01878	glycyl-tRNA synthetase alpha chain [EC:6.1.1.14]	COG0752	GlyQ	Glycyl-tRNA synthetase, alpha subunit	AG-913-C03_00774	0
CACIEM010000004.1	76757	77560	-	AG-913-C03_00775	AG-913-C03	267	OG0000623	K04773	protease IV [EC:3.4.21.-]	COG0616	SppA	Periplasmic serine protease, ClpP class	AG-913-C03_00774	1
CACIEM010000004.1	77675	78688	+	AG-913-C03_00776	AG-913-C03	337	OG0000641	K02523	octaprenyl-diphosphate synthase [EC:2.5.1.90]	COG0142	IspA	Geranylgeranyl pyrophosphate synthase	AG-913-C03_00774	2
CACIEM010000004.1	78685	79311	-	AG-913-C03_00777	AG-913-C03	208	OG0000522	K00275	pyridoxamine 5'-phosphate oxidase [EC:1.4.3.5]	COG0259	PdxH	Pyridoxine/pyridoxamine 5'-phosphate oxidase	AG-913-C03_00774	3
CACIEM010000004.1	79345	80427	+	AG-913-C03_00778	AG-913-C03	360	OG0000279	K01736	chorismate synthase [EC:4.2.3.5]	COG0082	AroC	Chorismate synthase	AG-913-C03_00774	4
CACIEM010000004.1	80434	82350	-	AG-913-C03_00779	AG-913-C03	638	OG0000041	K01662	1-deoxy-D-xylulose-5-phosphate synthase [EC:2.2.1.7]	COG1154	Dxs	Deoxyxylulose-5-phosphate synthase	AG-913-C03_00774	5
CACIKZ010000004.1	62885	63985	-	AG-913-F03_00609	AG-913-F03	366	OG0000394	K04088	modulator of FtsH protease HflK	COG0330	HflC	Regulator of protease activity HflC, stomatin/prohibitin superfamily	AG-913-F03_00615	-5
CACIKZ010000004.1	64008	64859	+	AG-913-F03_00610	AG-913-F03	283	OG0000361	K03593	ATP-binding protein involved in chromosome partitioning	COG0489	Mrp	Fe-S cluster carrier ATPase, Mrp/ApbC/NBP35 family	AG-913-F03_00615	-4
CACIKZ010000004.1	64840	65787	-	AG-913-F03_00611	AG-913-F03	315	OG0000256	K03465	thymidylate synthase (FAD) [EC:2.1.1.148]	COG1351	ThyX	Thymidylate synthase ThyX, FAD-dependent family	AG-913-F03_00615	-3
CACIKZ010000004.1	66092	68752	-	AG-913-F03_00613	AG-913-F03	886	OG0000798	K01006	pyruvate, orthophosphate dikinase [EC:2.7.9.1]	COG0574	PpsA	Phosphoenolpyruvate synthase/pyruvate phosphate dikinase	AG-913-F03_00615	-2
CACIKZ010000004.1	68752	70818	-	AG-913-F03_00614	AG-913-F03	688	OG0000882	K01879	glycyl-tRNA synthetase beta chain [EC:6.1.1.14]	COG0751	GlyS	Glycyl-tRNA synthetase, beta subunit	AG-913-F03_00615	-1
CACIKZ010000004.1	70818	71723	-	AG-913-F03_00615	AG-913-F03	301	OG0000870	K01878	glycyl-tRNA synthetase alpha chain [EC:6.1.1.14]	COG0752	GlyQ	Glycyl-tRNA synthetase, alpha subunit	AG-913-F03_00615	0
CACIKZ010000004.1	71689	72495	-	AG-913-F03_00616	AG-913-F03	268	OG0000623	K04773	protease IV [EC:3.4.21.-]	COG0616	SppA	Periplasmic serine protease, ClpP class	AG-913-F03_00615	1
CACIKZ010000004.1	72610	73623	+	AG-913-F03_00617	AG-913-F03	337	OG0000641	K02523	octaprenyl-diphosphate synthase [EC:2.5.1.90]	COG0142	IspA	Geranylgeranyl pyrophosphate synthase	AG-913-F03_00615	2
CACIKZ010000004.1	73620	74246	-	AG-913-F03_00618	AG-913-F03	208	OG0000522	K00275	pyridoxamine 5'-phosphate oxidase [EC:1.4.3.5]	COG0259	PdxH	Pyridoxine/pyridoxamine 5'-phosphate oxidase	AG-913-F03_00615	3
CACIKZ010000004.1	74280	75362	+	AG-913-F03_00619	AG-913-F03	360	OG0000279	K01736	chorismate synthase [EC:4.2.3.5]	COG0082	AroC	Chorismate synthase	AG-913-F03_00615	4
CACIKZ010000004.1	75369	77285	-	AG-913-F03_00620	AG-913-F03	638	OG0000041	K01662	1-deoxy-D-xylulose-5-phosphate synthase [EC:2.2.1.7]	COG1154	Dxs	Deoxyxylulose-5-phosphate synthase	AG-913-F03_00615	5
CACIIW010000005.1	69193	71103	+	AG-913-G10_00706	AG-913-G10	636	OG0000041	K01662	1-deoxy-D-xylulose-5-phosphate synthase [EC:2.2.1.7]	COG1154	Dxs	Deoxyxylulose-5-phosphate synthase	AG-913-G10_00711	-5
CACIIW010000005.1	71100	72185	-	AG-913-G10_00707	AG-913-G10	361	OG0000279	K01736	chorismate synthase [EC:4.2.3.5]	COG0082	AroC	Chorismate synthase	AG-913-G10_00711	-4
CACIIW010000005.1	72218	72841	+	AG-913-G10_00708	AG-913-G10	207	OG0000522	K00275	pyridoxamine 5'-phosphate oxidase [EC:1.4.3.5]	COG0259	PdxH	Pyridoxine/pyridoxamine 5'-phosphate oxidase	AG-913-G10_00711	-3
CACIIW010000005.1	72838	73851	-	AG-913-G10_00709	AG-913-G10	337	OG0000641	K02523	octaprenyl-diphosphate synthase [EC:2.5.1.90]	COG0142	IspA	Geranylgeranyl pyrophosphate synthase	AG-913-G10_00711	-2
CACIIW010000005.1	73960	74766	+	AG-913-G10_00710	AG-913-G10	268	OG0000623	K04773	protease IV [EC:3.4.21.-]	COG0616	SppA	Periplasmic serine protease, ClpP class	AG-913-G10_00711	-1
CACIIW010000005.1	74756	75640	+	AG-913-G10_00711	AG-913-G10	294	OG0000870	K01878	glycyl-tRNA synthetase alpha chain [EC:6.1.1.14]	COG0752	GlyQ	Glycyl-tRNA synthetase, alpha subunit	AG-913-G10_00711	0
CACIIW010000005.1	75642	77705	+	AG-913-G10_00712	AG-913-G10	687	OG0000882	K01879	glycyl-tRNA synthetase beta chain [EC:6.1.1.14]	COG0751	GlyS	Glycyl-tRNA synthetase, beta subunit	AG-913-G10_00711	1
CACIIW010000005.1	77706	80375	+	AG-913-G10_00713	AG-913-G10	889	OG0000798	K01006	pyruvate, orthophosphate dikinase [EC:2.7.9.1]	COG0574	PpsA	Phosphoenolpyruvate synthase/pyruvate phosphate dikinase	AG-913-G10_00711	2
CACIIW010000005.1	80372	81208	-	AG-913-G10_00714	AG-913-G10	278	OG0000370	K00767	nicotinate-nucleotide pyrophosphorylase (carboxylating) [EC:2.4.2.19]	COG0157	NadC	Nicotinate-nucleotide pyrophosphorylase	AG-913-G10_00711	3
CACIIW010000005.1	81214	82203	-	AG-913-G10_00715	AG-913-G10	329	OG0000316	K03517	quinolinate synthase [EC:2.5.1.72]	COG0379	NadA	Quinolinate synthase	AG-913-G10_00711	4
CACIIW010000005.1	82667	83614	+	AG-913-G10_00718	AG-913-G10	315	OG0000256	K03465	thymidylate synthase (FAD) [EC:2.1.1.148]	COG1351	ThyX	Thymidylate synthase ThyX, FAD-dependent family	AG-913-G10_00711	5
CACILH010000006.1	904	1893	+	AG-913-I06_01017	AG-913-I06	329	OG0000316	K03517	quinolinate synthase [EC:2.5.1.72]	COG0379	NadA	Quinolinate synthase	AG-913-I06_01022	-5
CACILH010000006.1	1898	2731	+	AG-913-I06_01018	AG-913-I06	277	OG0000370	K00767	nicotinate-nucleotide pyrophosphorylase (carboxylating) [EC:2.4.2.19]	COG0157	NadC	Nicotinate-nucleotide pyrophosphorylase	AG-913-I06_01022	-4
CACILH010000006.1	2709	3434	-	AG-913-I06_01019	AG-913-I06	241	OG0000008	NA	NA	COG2227	UbiG	2-polyprenyl-3-methyl-5-hydroxy-6-metoxy-1,4-benzoquinol methylase	AG-913-I06_01022	-3
CACILH010000006.1	3434	6094	-	AG-913-I06_01020	AG-913-I06	886	OG0000798	K01006	pyruvate, orthophosphate dikinase [EC:2.7.9.1]	COG0574	PpsA	Phosphoenolpyruvate synthase/pyruvate phosphate dikinase	AG-913-I06_01022	-2
CACILH010000006.1	6094	8148	-	AG-913-I06_01021	AG-913-I06	684	OG0000882	K01879	glycyl-tRNA synthetase beta chain [EC:6.1.1.14]	COG0751	GlyS	Glycyl-tRNA synthetase, beta subunit	AG-913-I06_01022	-1
CACILH010000006.1	8152	9036	-	AG-913-I06_01022	AG-913-I06	294	OG0000870	K01878	glycyl-tRNA synthetase alpha chain [EC:6.1.1.14]	COG0752	GlyQ	Glycyl-tRNA synthetase, alpha subunit	AG-913-I06_01022	0
CACILH010000006.1	9037	9849	-	AG-913-I06_01023	AG-913-I06	270	OG0000623	K04773	protease IV [EC:3.4.21.-]	COG0616	SppA	Periplasmic serine protease, ClpP class	AG-913-I06_01022	1
CACILH010000006.1	9997	11010	+	AG-913-I06_01024	AG-913-I06	337	OG0000641	K02523	octaprenyl-diphosphate synthase [EC:2.5.1.90]	COG0142	IspA	Geranylgeranyl pyrophosphate synthase	AG-913-I06_01022	2
CACILH010000006.1	11007	11639	-	AG-913-I06_01025	AG-913-I06	210	OG0000522	K00275	pyridoxamine 5'-phosphate oxidase [EC:1.4.3.5]	COG0259	PdxH	Pyridoxine/pyridoxamine 5'-phosphate oxidase	AG-913-I06_01022	3
CACILH010000006.1	11674	12756	+	AG-913-I06_01026	AG-913-I06	360	OG0000279	K01736	chorismate synthase [EC:4.2.3.5]	COG0082	AroC	Chorismate synthase	AG-913-I06_01022	4
CACILH010000006.1	12753	14672	-	AG-913-I06_01027	AG-913-I06	639	OG0000041	K01662	1-deoxy-D-xylulose-5-phosphate synthase [EC:2.2.1.7]	COG1154	Dxs	Deoxyxylulose-5-phosphate synthase	AG-913-I06_01022	5
CACIMN010000004.1	113178	114002	+	AG-913-L03_01047	AG-913-L03	274	OG0000361	K03593	ATP-binding protein involved in chromosome partitioning	COG0489	Mrp	Fe-S cluster carrier ATPase, Mrp/ApbC/NBP35 family	AG-913-L03_01053	-5
CACIMN010000004.1	113983	114930	-	AG-913-L03_01048	AG-913-L03	315	OG0000256	K03465	thymidylate synthase (FAD) [EC:2.1.1.148]	COG1351	ThyX	Thymidylate synthase ThyX, FAD-dependent family	AG-913-L03_01053	-4
CACIMN010000004.1	115318	116244	-	AG-913-L03_01050	AG-913-L03	308	OG0000091	NA	NA	NA	NA	NA	AG-913-L03_01053	-3
CACIMN010000004.1	116376	119042	-	AG-913-L03_01051	AG-913-L03	888	OG0000798	K01006	pyruvate, orthophosphate dikinase [EC:2.7.9.1]	COG0574	PpsA	Phosphoenolpyruvate synthase/pyruvate phosphate dikinase	AG-913-L03_01053	-2
CACIMN010000004.1	119042	121108	-	AG-913-L03_01052	AG-913-L03	688	OG0000882	K01879	glycyl-tRNA synthetase beta chain [EC:6.1.1.14]	COG0751	GlyS	Glycyl-tRNA synthetase, beta subunit	AG-913-L03_01053	-1
CACIMN010000004.1	121108	122013	-	AG-913-L03_01053	AG-913-L03	301	OG0000870	K01878	glycyl-tRNA synthetase alpha chain [EC:6.1.1.14]	COG0752	GlyQ	Glycyl-tRNA synthetase, alpha subunit	AG-913-L03_01053	0
CACIMN010000004.1	121979	122785	-	AG-913-L03_01054	AG-913-L03	268	OG0000623	K04773	protease IV [EC:3.4.21.-]	COG0616	SppA	Periplasmic serine protease, ClpP class	AG-913-L03_01053	1
CACIMN010000004.1	122900	123913	+	AG-913-L03_01055	AG-913-L03	337	OG0000641	K02523	octaprenyl-diphosphate synthase [EC:2.5.1.90]	COG0142	IspA	Geranylgeranyl pyrophosphate synthase	AG-913-L03_01053	2
CACIMN010000004.1	123910	124536	-	AG-913-L03_01056	AG-913-L03	208	OG0000522	K00275	pyridoxamine 5'-phosphate oxidase [EC:1.4.3.5]	COG0259	PdxH	Pyridoxine/pyridoxamine 5'-phosphate oxidase	AG-913-L03_01053	3
CACIMN010000004.1	124570	125652	+	AG-913-L03_01057	AG-913-L03	360	OG0000279	K01736	chorismate synthase [EC:4.2.3.5]	COG0082	AroC	Chorismate synthase	AG-913-L03_01053	4
CACIMN010000004.1	125659	127575	-	AG-913-L03_01058	AG-913-L03	638	OG0000041	K01662	1-deoxy-D-xylulose-5-phosphate synthase [EC:2.2.1.7]	COG1154	Dxs	Deoxyxylulose-5-phosphate synthase	AG-913-L03_01053	5
CACINR010000002.1	69629	71545	+	AG-913-M13_00302	AG-913-M13	638	OG0000041	K01662	1-deoxy-D-xylulose-5-phosphate synthase [EC:2.2.1.7]	COG1154	Dxs	Deoxyxylulose-5-phosphate synthase	AG-913-M13_00307	-5
CACINR010000002.1	71552	72634	-	AG-913-M13_00303	AG-913-M13	360	OG0000279	K01736	chorismate synthase [EC:4.2.3.5]	COG0082	AroC	Chorismate synthase	AG-913-M13_00307	-4
CACINR010000002.1	72668	73294	+	AG-913-M13_00304	AG-913-M13	208	OG0000522	K00275	pyridoxamine 5'-phosphate oxidase [EC:1.4.3.5]	COG0259	PdxH	Pyridoxine/pyridoxamine 5'-phosphate oxidase	AG-913-M13_00307	-3
CACINR010000002.1	73291	74304	-	AG-913-M13_00305	AG-913-M13	337	OG0000641	K02523	octaprenyl-diphosphate synthase [EC:2.5.1.90]	COG0142	IspA	Geranylgeranyl pyrophosphate synthase	AG-913-M13_00307	-2
CACINR010000002.1	74419	75225	+	AG-913-M13_00306	AG-913-M13	268	OG0000623	K04773	protease IV [EC:3.4.21.-]	COG0616	SppA	Periplasmic serine protease, ClpP class	AG-913-M13_00307	-1
CACINR010000002.1	75191	76096	+	AG-913-M13_00307	AG-913-M13	301	OG0000870	K01878	glycyl-tRNA synthetase alpha chain [EC:6.1.1.14]	COG0752	GlyQ	Glycyl-tRNA synthetase, alpha subunit	AG-913-M13_00307	0
CACINR010000002.1	76096	78162	+	AG-913-M13_00308	AG-913-M13	688	OG0000882	K01879	glycyl-tRNA synthetase beta chain [EC:6.1.1.14]	COG0751	GlyS	Glycyl-tRNA synthetase, beta subunit	AG-913-M13_00307	1
CACINR010000002.1	78162	80828	+	AG-913-M13_00309	AG-913-M13	888	OG0000798	K01006	pyruvate, orthophosphate dikinase [EC:2.7.9.1]	COG0574	PpsA	Phosphoenolpyruvate synthase/pyruvate phosphate dikinase	AG-913-M13_00307	2
CACINR010000002.1	80925	82076	+	AG-913-M13_00310	AG-913-M13	383	OG0003257	NA	NA	NA	NA	NA	AG-913-M13_00307	3
CACINR010000002.1	82456	83403	+	AG-913-M13_00312	AG-913-M13	315	OG0000256	K03465	thymidylate synthase (FAD) [EC:2.1.1.148]	COG1351	ThyX	Thymidylate synthase ThyX, FAD-dependent family	AG-913-M13_00307	4
CACINR010000002.1	83384	84208	-	AG-913-M13_00313	AG-913-M13	274	OG0000361	K03593	ATP-binding protein involved in chromosome partitioning	COG0489	Mrp	Fe-S cluster carrier ATPase, Mrp/ApbC/NBP35 family	AG-913-M13_00307	5
CACIOQ010000001.1	53622	55532	+	AG-913-N09_00062	AG-913-N09	636	OG0000041	K01662	1-deoxy-D-xylulose-5-phosphate synthase [EC:2.2.1.7]	COG1154	Dxs	Deoxyxylulose-5-phosphate synthase	AG-913-N09_00067	-5
CACIOQ010000001.1	55529	56614	-	AG-913-N09_00063	AG-913-N09	361	OG0000279	K01736	chorismate synthase [EC:4.2.3.5]	COG0082	AroC	Chorismate synthase	AG-913-N09_00067	-4
CACIOQ010000001.1	56647	57270	+	AG-913-N09_00064	AG-913-N09	207	OG0000522	K00275	pyridoxamine 5'-phosphate oxidase [EC:1.4.3.5]	COG0259	PdxH	Pyridoxine/pyridoxamine 5'-phosphate oxidase	AG-913-N09_00067	-3
CACIOQ010000001.1	57267	58280	-	AG-913-N09_00065	AG-913-N09	337	OG0000641	K02523	octaprenyl-diphosphate synthase [EC:2.5.1.90]	COG0142	IspA	Geranylgeranyl pyrophosphate synthase	AG-913-N09_00067	-2
CACIOQ010000001.1	58389	59195	+	AG-913-N09_00066	AG-913-N09	268	OG0000623	K04773	protease IV [EC:3.4.21.-]	COG0616	SppA	Periplasmic serine protease, ClpP class	AG-913-N09_00067	-1
CACIOQ010000001.1	59185	60069	+	AG-913-N09_00067	AG-913-N09	294	OG0000870	K01878	glycyl-tRNA synthetase alpha chain [EC:6.1.1.14]	COG0752	GlyQ	Glycyl-tRNA synthetase, alpha subunit	AG-913-N09_00067	0
CACIOQ010000001.1	60071	62134	+	AG-913-N09_00068	AG-913-N09	687	OG0000882	K01879	glycyl-tRNA synthetase beta chain [EC:6.1.1.14]	COG0751	GlyS	Glycyl-tRNA synthetase, beta subunit	AG-913-N09_00067	1
CACIOQ010000001.1	62135	64792	+	AG-913-N09_00069	AG-913-N09	885	OG0000798	K01006	pyruvate, orthophosphate dikinase [EC:2.7.9.1]	COG0574	PpsA	Phosphoenolpyruvate synthase/pyruvate phosphate dikinase	AG-913-N09_00067	2
CACIOQ010000001.1	64802	65638	-	AG-913-N09_00070	AG-913-N09	278	OG0000370	K00767	nicotinate-nucleotide pyrophosphorylase (carboxylating) [EC:2.4.2.19]	COG0157	NadC	Nicotinate-nucleotide pyrophosphorylase	AG-913-N09_00067	3
CACIOQ010000001.1	65644	66633	-	AG-913-N09_00071	AG-913-N09	329	OG0000316	K03517	quinolinate synthase [EC:2.5.1.72]	COG0379	NadA	Quinolinate synthase	AG-913-N09_00067	4
CACIOQ010000001.1	67097	68044	+	AG-913-N09_00074	AG-913-N09	315	OG0000256	K03465	thymidylate synthase (FAD) [EC:2.1.1.148]	COG1351	ThyX	Thymidylate synthase ThyX, FAD-dependent family	AG-913-N09_00067	5
CACPKK010000002.1	37432	39345	+	AG-913-O18_00240	AG-913-O18	637	OG0000041	K01662	1-deoxy-D-xylulose-5-phosphate synthase [EC:2.2.1.7]	COG1154	Dxs	Deoxyxylulose-5-phosphate synthase	AG-913-O18_00245	-5
CACPKK010000002.1	39342	40427	-	AG-913-O18_00241	AG-913-O18	361	OG0000279	K01736	chorismate synthase [EC:4.2.3.5]	COG0082	AroC	Chorismate synthase	AG-913-O18_00245	-4
CACPKK010000002.1	40460	41083	+	AG-913-O18_00242	AG-913-O18	207	OG0000522	K00275	pyridoxamine 5'-phosphate oxidase [EC:1.4.3.5]	COG0259	PdxH	Pyridoxine/pyridoxamine 5'-phosphate oxidase	AG-913-O18_00245	-3
CACPKK010000002.1	41080	42093	-	AG-913-O18_00243	AG-913-O18	337	OG0000641	K02523	octaprenyl-diphosphate synthase [EC:2.5.1.90]	COG0142	IspA	Geranylgeranyl pyrophosphate synthase	AG-913-O18_00245	-2
CACPKK010000002.1	42204	43013	+	AG-913-O18_00244	AG-913-O18	269	OG0000623	K04773	protease IV [EC:3.4.21.-]	COG0616	SppA	Periplasmic serine protease, ClpP class	AG-913-O18_00245	-1
CACPKK010000002.1	43003	43875	+	AG-913-O18_00245	AG-913-O18	290	OG0000870	K01878	glycyl-tRNA synthetase alpha chain [EC:6.1.1.14]	COG0752	GlyQ	Glycyl-tRNA synthetase, alpha subunit	AG-913-O18_00245	0
CACPKK010000002.1	43875	45938	+	AG-913-O18_00246	AG-913-O18	687	OG0000882	K01879	glycyl-tRNA synthetase beta chain [EC:6.1.1.14]	COG0751	GlyS	Glycyl-tRNA synthetase, beta subunit	AG-913-O18_00245	1
CACPKK010000002.1	45940	48600	+	AG-913-O18_00247	AG-913-O18	886	OG0000798	K01006	pyruvate, orthophosphate dikinase [EC:2.7.9.1]	COG0574	PpsA	Phosphoenolpyruvate synthase/pyruvate phosphate dikinase	AG-913-O18_00245	2
CACPKK010000002.1	48597	49433	-	AG-913-O18_00248	AG-913-O18	278	OG0000370	K00767	nicotinate-nucleotide pyrophosphorylase (carboxylating) [EC:2.4.2.19]	COG0157	NadC	Nicotinate-nucleotide pyrophosphorylase	AG-913-O18_00245	3
CACPKK010000002.1	49439	50428	-	AG-913-O18_00249	AG-913-O18	329	OG0000316	K03517	quinolinate synthase [EC:2.5.1.72]	COG0379	NadA	Quinolinate synthase	AG-913-O18_00245	4
CACPKK010000002.1	50607	51233	-	AG-913-O18_00251	AG-913-O18	208	OG0000008	NA	NA	COG2227	UbiG	2-polyprenyl-3-methyl-5-hydroxy-6-metoxy-1,4-benzoquinol methylase	AG-913-O18_00245	5
CACIQQ010000005.1	54779	56686	+	AG-914-A09_00527	AG-914-A09	635	OG0000041	K01662	1-deoxy-D-xylulose-5-phosphate synthase [EC:2.2.1.7]	COG1154	Dxs	Deoxyxylulose-5-phosphate synthase	AG-914-A09_00532	-5
CACIQQ010000005.1	56683	57768	-	AG-914-A09_00528	AG-914-A09	361	OG0000279	K01736	chorismate synthase [EC:4.2.3.5]	COG0082	AroC	Chorismate synthase	AG-914-A09_00532	-4
CACIQQ010000005.1	57801	58427	+	AG-914-A09_00529	AG-914-A09	208	OG0000522	K00275	pyridoxamine 5'-phosphate oxidase [EC:1.4.3.5]	COG0259	PdxH	Pyridoxine/pyridoxamine 5'-phosphate oxidase	AG-914-A09_00532	-3
CACIQQ010000005.1	58424	59437	-	AG-914-A09_00530	AG-914-A09	337	OG0000641	K02523	octaprenyl-diphosphate synthase [EC:2.5.1.90]	COG0142	IspA	Geranylgeranyl pyrophosphate synthase	AG-914-A09_00532	-2
CACIQQ010000005.1	59549	60355	+	AG-914-A09_00531	AG-914-A09	268	OG0000623	K04773	protease IV [EC:3.4.21.-]	COG0616	SppA	Periplasmic serine protease, ClpP class	AG-914-A09_00532	-1
CACIQQ010000005.1	60318	61220	+	AG-914-A09_00532	AG-914-A09	300	OG0000870	K01878	glycyl-tRNA synthetase alpha chain [EC:6.1.1.14]	COG0752	GlyQ	Glycyl-tRNA synthetase, alpha subunit	AG-914-A09_00532	0
CACIQQ010000005.1	61222	63291	+	AG-914-A09_00533	AG-914-A09	689	OG0000882	K01879	glycyl-tRNA synthetase beta chain [EC:6.1.1.14]	COG0751	GlyS	Glycyl-tRNA synthetase, beta subunit	AG-914-A09_00532	1
CACIQQ010000005.1	63291	65951	+	AG-914-A09_00534	AG-914-A09	886	OG0000798	K01006	pyruvate, orthophosphate dikinase [EC:2.7.9.1]	COG0574	PpsA	Phosphoenolpyruvate synthase/pyruvate phosphate dikinase	AG-914-A09_00532	2
CACIQQ010000005.1	66121	66675	+	AG-914-A09_00535	AG-914-A09	184	OG0003554	NA	NA	NA	NA	NA	AG-914-A09_00532	3
CACIQQ010000005.1	66701	67534	-	AG-914-A09_00536	AG-914-A09	277	OG0000370	K00767	nicotinate-nucleotide pyrophosphorylase (carboxylating) [EC:2.4.2.19]	COG0157	NadC	Nicotinate-nucleotide pyrophosphorylase	AG-914-A09_00532	4
CACIQQ010000005.1	67540	68529	-	AG-914-A09_00537	AG-914-A09	329	OG0000316	K03517	quinolinate synthase [EC:2.5.1.72]	COG0379	NadA	Quinolinate synthase	AG-914-A09_00532	5
CACPLO010000008.1	44171	46087	+	AG-914-I16_00870	AG-914-I16	638	OG0000041	K01662	1-deoxy-D-xylulose-5-phosphate synthase [EC:2.2.1.7]	COG1154	Dxs	Deoxyxylulose-5-phosphate synthase	AG-914-I16_00875	-5
CACPLO010000008.1	46088	47170	-	AG-914-I16_00871	AG-914-I16	360	OG0000279	K01736	chorismate synthase [EC:4.2.3.5]	COG0082	AroC	Chorismate synthase	AG-914-I16_00875	-4
CACPLO010000008.1	47205	47837	+	AG-914-I16_00872	AG-914-I16	210	OG0000522	K00275	pyridoxamine 5'-phosphate oxidase [EC:1.4.3.5]	COG0259	PdxH	Pyridoxine/pyridoxamine 5'-phosphate oxidase	AG-914-I16_00875	-3
CACPLO010000008.1	47834	48847	-	AG-914-I16_00873	AG-914-I16	337	OG0000641	K02523	octaprenyl-diphosphate synthase [EC:2.5.1.90]	COG0142	IspA	Geranylgeranyl pyrophosphate synthase	AG-914-I16_00875	-2
CACPLO010000008.1	48994	49806	+	AG-914-I16_00874	AG-914-I16	270	OG0000623	K04773	protease IV [EC:3.4.21.-]	COG0616	SppA	Periplasmic serine protease, ClpP class	AG-914-I16_00875	-1
CACPLO010000008.1	49807	50691	+	AG-914-I16_00875	AG-914-I16	294	OG0000870	K01878	glycyl-tRNA synthetase alpha chain [EC:6.1.1.14]	COG0752	GlyQ	Glycyl-tRNA synthetase, alpha subunit	AG-914-I16_00875	0
CACPLO010000008.1	50695	52749	+	AG-914-I16_00876	AG-914-I16	684	OG0000882	K01879	glycyl-tRNA synthetase beta chain [EC:6.1.1.14]	COG0751	GlyS	Glycyl-tRNA synthetase, beta subunit	AG-914-I16_00875	1
CACPLO010000008.1	52749	55409	+	AG-914-I16_00877	AG-914-I16	886	OG0000798	K01006	pyruvate, orthophosphate dikinase [EC:2.7.9.1]	COG0574	PpsA	Phosphoenolpyruvate synthase/pyruvate phosphate dikinase	AG-914-I16_00875	2
CACPLO010000008.1	55398	56228	-	AG-914-I16_00878	AG-914-I16	276	OG0000370	K00767	nicotinate-nucleotide pyrophosphorylase (carboxylating) [EC:2.4.2.19]	COG0157	NadC	Nicotinate-nucleotide pyrophosphorylase	AG-914-I16_00875	3
CACPLO010000008.1	56233	56361	-	AG-914-I16_00879	AG-914-I16	42	OG0000316	NA	NA	NA	NA	NA	AG-914-I16_00875	4
CACIWZ010000001.1	79588	81507	+	AG-914-J05_00087	AG-914-J05	639	OG0000041	K01662	1-deoxy-D-xylulose-5-phosphate synthase [EC:2.2.1.7]	COG1154	Dxs	Deoxyxylulose-5-phosphate synthase	AG-914-J05_00092	-5
CACIWZ010000001.1	81504	82586	-	AG-914-J05_00088	AG-914-J05	360	OG0000279	K01736	chorismate synthase [EC:4.2.3.5]	COG0082	AroC	Chorismate synthase	AG-914-J05_00092	-4
CACIWZ010000001.1	82621	83253	+	AG-914-J05_00089	AG-914-J05	210	OG0000522	K00275	pyridoxamine 5'-phosphate oxidase [EC:1.4.3.5]	COG0259	PdxH	Pyridoxine/pyridoxamine 5'-phosphate oxidase	AG-914-J05_00092	-3
CACIWZ010000001.1	83250	84263	-	AG-914-J05_00090	AG-914-J05	337	OG0000641	K02523	octaprenyl-diphosphate synthase [EC:2.5.1.90]	COG0142	IspA	Geranylgeranyl pyrophosphate synthase	AG-914-J05_00092	-2
CACIWZ010000001.1	84410	85222	+	AG-914-J05_00091	AG-914-J05	270	OG0000623	K04773	protease IV [EC:3.4.21.-]	COG0616	SppA	Periplasmic serine protease, ClpP class	AG-914-J05_00092	-1
CACIWZ010000001.1	85223	86107	+	AG-914-J05_00092	AG-914-J05	294	OG0000870	K01878	glycyl-tRNA synthetase alpha chain [EC:6.1.1.14]	COG0752	GlyQ	Glycyl-tRNA synthetase, alpha subunit	AG-914-J05_00092	0
CACIWZ010000001.1	86111	88165	+	AG-914-J05_00093	AG-914-J05	684	OG0000882	K01879	glycyl-tRNA synthetase beta chain [EC:6.1.1.14]	COG0751	GlyS	Glycyl-tRNA synthetase, beta subunit	AG-914-J05_00092	1
CACIWZ010000001.1	88165	90825	+	AG-914-J05_00094	AG-914-J05	886	OG0000798	K01006	pyruvate, orthophosphate dikinase [EC:2.7.9.1]	COG0574	PpsA	Phosphoenolpyruvate synthase/pyruvate phosphate dikinase	AG-914-J05_00092	2
CACIWZ010000001.1	90814	91644	-	AG-914-J05_00095	AG-914-J05	276	OG0000370	K00767	nicotinate-nucleotide pyrophosphorylase (carboxylating) [EC:2.4.2.19]	COG0157	NadC	Nicotinate-nucleotide pyrophosphorylase	AG-914-J05_00092	3
CACIWZ010000001.1	91649	92638	-	AG-914-J05_00096	AG-914-J05	329	OG0000316	K03517	quinolinate synthase [EC:2.5.1.72]	COG0379	NadA	Quinolinate synthase	AG-914-J05_00092	4
CACIWZ010000001.1	92897	93781	-	AG-914-J05_00098	AG-914-J05	294	OG0000660	NA	NA	COG0354	YgfZ	Folate-binding protein YgfZ, synthesis and repair of Fe-S clusters, tRNA thiomethylation	AG-914-J05_00092	5
CACIZB010000005.1	13568	14470	+	AG-914-L04_00631	AG-914-L04	300	OG0000660	NA	NA	COG0354	YgfZ	Folate-binding protein YgfZ, synthesis and repair of Fe-S clusters, tRNA thiomethylation	AG-914-L04_00637	-5
CACIZB010000005.1	14618	15607	+	AG-914-L04_00633	AG-914-L04	329	OG0000316	K03517	quinolinate synthase [EC:2.5.1.72]	COG0379	NadA	Quinolinate synthase	AG-914-L04_00637	-4
CACIZB010000005.1	15614	16447	+	AG-914-L04_00634	AG-914-L04	277	OG0000370	K00767	nicotinate-nucleotide pyrophosphorylase (carboxylating) [EC:2.4.2.19]	COG0157	NadC	Nicotinate-nucleotide pyrophosphorylase	AG-914-L04_00637	-3
CACIZB010000005.1	16461	19127	-	AG-914-L04_00635	AG-914-L04	888	OG0000798	K01006	pyruvate, orthophosphate dikinase [EC:2.7.9.1]	COG0574	PpsA	Phosphoenolpyruvate synthase/pyruvate phosphate dikinase	AG-914-L04_00637	-2
CACIZB010000005.1	19120	21192	-	AG-914-L04_00636	AG-914-L04	690	OG0000882	K01879	glycyl-tRNA synthetase beta chain [EC:6.1.1.14]	COG0751	GlyS	Glycyl-tRNA synthetase, beta subunit	AG-914-L04_00637	-1
CACIZB010000005.1	21194	22075	-	AG-914-L04_00637	AG-914-L04	293	OG0000870	K01878	glycyl-tRNA synthetase alpha chain [EC:6.1.1.14]	COG0752	GlyQ	Glycyl-tRNA synthetase, alpha subunit	AG-914-L04_00637	0
CACIZB010000005.1	22065	22871	-	AG-914-L04_00638	AG-914-L04	268	OG0000623	K04773	protease IV [EC:3.4.21.-]	COG0616	SppA	Periplasmic serine protease, ClpP class	AG-914-L04_00637	1
CACIZB010000005.1	22985	23998	+	AG-914-L04_00639	AG-914-L04	337	OG0000641	K02523	octaprenyl-diphosphate synthase [EC:2.5.1.90]	COG0142	IspA	Geranylgeranyl pyrophosphate synthase	AG-914-L04_00637	2
CACIZB010000005.1	23995	24621	-	AG-914-L04_00640	AG-914-L04	208	OG0000522	K00275	pyridoxamine 5'-phosphate oxidase [EC:1.4.3.5]	COG0259	PdxH	Pyridoxine/pyridoxamine 5'-phosphate oxidase	AG-914-L04_00637	3
CACIZB010000005.1	24655	25737	+	AG-914-L04_00641	AG-914-L04	360	OG0000279	K01736	chorismate synthase [EC:4.2.3.5]	COG0082	AroC	Chorismate synthase	AG-914-L04_00637	4
CACIZB010000005.1	25741	27654	-	AG-914-L04_00642	AG-914-L04	637	OG0000041	K01662	1-deoxy-D-xylulose-5-phosphate synthase [EC:2.2.1.7]	COG1154	Dxs	Deoxyxylulose-5-phosphate synthase	AG-914-L04_00637	5
CACPMO010000007.1	31527	32414	+	AG-914-L20_01001	AG-914-L20	295	OG0000660	NA	NA	COG0354	YgfZ	Folate-binding protein YgfZ, synthesis and repair of Fe-S clusters, tRNA thiomethylation	AG-914-L20_01007	-5
CACPMO010000007.1	32558	33547	+	AG-914-L20_01003	AG-914-L20	329	OG0000316	K03517	quinolinate synthase [EC:2.5.1.72]	COG0379	NadA	Quinolinate synthase	AG-914-L20_01007	-4
CACPMO010000007.1	33553	34380	+	AG-914-L20_01004	AG-914-L20	275	OG0000370	K00767	nicotinate-nucleotide pyrophosphorylase (carboxylating) [EC:2.4.2.19]	COG0157	NadC	Nicotinate-nucleotide pyrophosphorylase	AG-914-L20_01007	-3
CACPMO010000007.1	34382	37039	-	AG-914-L20_01005	AG-914-L20	885	OG0000798	K01006	pyruvate, orthophosphate dikinase [EC:2.7.9.1]	COG0574	PpsA	Phosphoenolpyruvate synthase/pyruvate phosphate dikinase	AG-914-L20_01007	-2
CACPMO010000007.1	37039	39105	-	AG-914-L20_01006	AG-914-L20	688	OG0000882	K01879	glycyl-tRNA synthetase beta chain [EC:6.1.1.14]	COG0751	GlyS	Glycyl-tRNA synthetase, beta subunit	AG-914-L20_01007	-1
CACPMO010000007.1	39108	39989	-	AG-914-L20_01007	AG-914-L20	293	OG0000870	K01878	glycyl-tRNA synthetase alpha chain [EC:6.1.1.14]	COG0752	GlyQ	Glycyl-tRNA synthetase, alpha subunit	AG-914-L20_01007	0
CACPMO010000007.1	39979	40785	-	AG-914-L20_01008	AG-914-L20	268	OG0000623	K04773	protease IV [EC:3.4.21.-]	COG0616	SppA	Periplasmic serine protease, ClpP class	AG-914-L20_01007	1
CACPMO010000007.1	40895	41908	+	AG-914-L20_01009	AG-914-L20	337	OG0000641	K02523	octaprenyl-diphosphate synthase [EC:2.5.1.90]	COG0142	IspA	Geranylgeranyl pyrophosphate synthase	AG-914-L20_01007	2
CACPMO010000007.1	41905	42531	-	AG-914-L20_01010	AG-914-L20	208	OG0000522	K00275	pyridoxamine 5'-phosphate oxidase [EC:1.4.3.5]	COG0259	PdxH	Pyridoxine/pyridoxamine 5'-phosphate oxidase	AG-914-L20_01007	3
CACPMO010000007.1	42565	43650	+	AG-914-L20_01011	AG-914-L20	361	OG0000279	K01736	chorismate synthase [EC:4.2.3.5]	COG0082	AroC	Chorismate synthase	AG-914-L20_01007	4
CACPMO010000007.1	43647	45560	-	AG-914-L20_01012	AG-914-L20	637	OG0000041	K01662	1-deoxy-D-xylulose-5-phosphate synthase [EC:2.2.1.7]	COG1154	Dxs	Deoxyxylulose-5-phosphate synthase	AG-914-L20_01007	5
CACJCF010000004.1	47770	49689	+	AG-914-N11_00815	AG-914-N11	639	OG0000041	K01662	1-deoxy-D-xylulose-5-phosphate synthase [EC:2.2.1.7]	COG1154	Dxs	Deoxyxylulose-5-phosphate synthase	AG-914-N11_00820	-5
CACJCF010000004.1	49686	50768	-	AG-914-N11_00816	AG-914-N11	360	OG0000279	K01736	chorismate synthase [EC:4.2.3.5]	COG0082	AroC	Chorismate synthase	AG-914-N11_00820	-4
CACJCF010000004.1	50803	51435	+	AG-914-N11_00817	AG-914-N11	210	OG0000522	K00275	pyridoxamine 5'-phosphate oxidase [EC:1.4.3.5]	COG0259	PdxH	Pyridoxine/pyridoxamine 5'-phosphate oxidase	AG-914-N11_00820	-3
CACJCF010000004.1	51432	52445	-	AG-914-N11_00818	AG-914-N11	337	OG0000641	K02523	octaprenyl-diphosphate synthase [EC:2.5.1.90]	COG0142	IspA	Geranylgeranyl pyrophosphate synthase	AG-914-N11_00820	-2
CACJCF010000004.1	52592	53404	+	AG-914-N11_00819	AG-914-N11	270	OG0000623	K04773	protease IV [EC:3.4.21.-]	COG0616	SppA	Periplasmic serine protease, ClpP class	AG-914-N11_00820	-1
CACJCF010000004.1	53405	54277	+	AG-914-N11_00820	AG-914-N11	290	OG0000870	K01878	glycyl-tRNA synthetase alpha chain [EC:6.1.1.14]	COG0752	GlyQ	Glycyl-tRNA synthetase, alpha subunit	AG-914-N11_00820	0
CACJCF010000004.1	54281	56335	+	AG-914-N11_00821	AG-914-N11	684	OG0000882	K01879	glycyl-tRNA synthetase beta chain [EC:6.1.1.14]	COG0751	GlyS	Glycyl-tRNA synthetase, beta subunit	AG-914-N11_00820	1
CACJCF010000004.1	56335	58995	+	AG-914-N11_00822	AG-914-N11	886	OG0000798	K01006	pyruvate, orthophosphate dikinase [EC:2.7.9.1]	COG0574	PpsA	Phosphoenolpyruvate synthase/pyruvate phosphate dikinase	AG-914-N11_00820	2
CACJCF010000004.1	58984	59814	-	AG-914-N11_00823	AG-914-N11	276	OG0000370	K00767	nicotinate-nucleotide pyrophosphorylase (carboxylating) [EC:2.4.2.19]	COG0157	NadC	Nicotinate-nucleotide pyrophosphorylase	AG-914-N11_00820	3
CACJCF010000004.1	59819	60808	-	AG-914-N11_00824	AG-914-N11	329	OG0000316	K03517	quinolinate synthase [EC:2.5.1.72]	COG0379	NadA	Quinolinate synthase	AG-914-N11_00820	4
CACJCF010000004.1	61068	61952	-	AG-914-N11_00826	AG-914-N11	294	OG0000660	NA	NA	COG0354	YgfZ	Folate-binding protein YgfZ, synthesis and repair of Fe-S clusters, tRNA thiomethylation	AG-914-N11_00820	5
CACJFQ010000002.1	61344	63260	+	AG-914-P23_00490	AG-914-P23	638	OG0000041	K01662	1-deoxy-D-xylulose-5-phosphate synthase [EC:2.2.1.7]	COG1154	Dxs	Deoxyxylulose-5-phosphate synthase	AG-914-P23_00495	-5
CACJFQ010000002.1	63267	64349	-	AG-914-P23_00491	AG-914-P23	360	OG0000279	K01736	chorismate synthase [EC:4.2.3.5]	COG0082	AroC	Chorismate synthase	AG-914-P23_00495	-4
CACJFQ010000002.1	64383	65009	+	AG-914-P23_00492	AG-914-P23	208	OG0000522	K00275	pyridoxamine 5'-phosphate oxidase [EC:1.4.3.5]	COG0259	PdxH	Pyridoxine/pyridoxamine 5'-phosphate oxidase	AG-914-P23_00495	-3
CACJFQ010000002.1	65006	66019	-	AG-914-P23_00493	AG-914-P23	337	OG0000641	K02523	octaprenyl-diphosphate synthase [EC:2.5.1.90]	COG0142	IspA	Geranylgeranyl pyrophosphate synthase	AG-914-P23_00495	-2
CACJFQ010000002.1	66134	66937	+	AG-914-P23_00494	AG-914-P23	267	OG0000623	K04773	protease IV [EC:3.4.21.-]	COG0616	SppA	Periplasmic serine protease, ClpP class	AG-914-P23_00495	-1
CACJFQ010000002.1	66927	67817	+	AG-914-P23_00495	AG-914-P23	296	OG0000870	K01878	glycyl-tRNA synthetase alpha chain [EC:6.1.1.14]	COG0752	GlyQ	Glycyl-tRNA synthetase, alpha subunit	AG-914-P23_00495	0
CACJFQ010000002.1	67820	69889	+	AG-914-P23_00496	AG-914-P23	689	OG0000882	K01879	glycyl-tRNA synthetase beta chain [EC:6.1.1.14]	COG0751	GlyS	Glycyl-tRNA synthetase, beta subunit	AG-914-P23_00495	1
CACJFQ010000002.1	69886	72543	+	AG-914-P23_00497	AG-914-P23	885	OG0000798	K01006	pyruvate, orthophosphate dikinase [EC:2.7.9.1]	COG0574	PpsA	Phosphoenolpyruvate synthase/pyruvate phosphate dikinase	AG-914-P23_00495	2
CACJFQ010000002.1	72549	73631	+	AG-914-P23_00498	AG-914-P23	360	OG0001129	NA	NA	COG2755	TesA	Lysophospholipase L1 or related esterase. Includes spore coat protein LipC/YcsK	AG-914-P23_00495	3
CACJFQ010000002.1	73639	74661	+	AG-914-P23_00499	AG-914-P23	340	OG0001129	NA	NA	COG2755	TesA	Lysophospholipase L1 or related esterase. Includes spore coat protein LipC/YcsK	AG-914-P23_00495	4
CACJFQ010000002.1	74853	75923	+	AG-914-P23_00501	AG-914-P23	356	OG0000256	K03465	thymidylate synthase (FAD) [EC:2.1.1.148]	COG1351	ThyX	Thymidylate synthase ThyX, FAD-dependent family	AG-914-P23_00495	5
CACJNE010000008.1	20397	22310	+	AG-915-G13_00939	AG-915-G13	637	OG0000041	K01662	1-deoxy-D-xylulose-5-phosphate synthase [EC:2.2.1.7]	COG1154	Dxs	Deoxyxylulose-5-phosphate synthase	AG-915-G13_00944	-5
CACJNE010000008.1	22307	23392	-	AG-915-G13_00940	AG-915-G13	361	OG0000279	K01736	chorismate synthase [EC:4.2.3.5]	COG0082	AroC	Chorismate synthase	AG-915-G13_00944	-4
CACJNE010000008.1	23425	24048	+	AG-915-G13_00941	AG-915-G13	207	OG0000522	K00275	pyridoxamine 5'-phosphate oxidase [EC:1.4.3.5]	COG0259	PdxH	Pyridoxine/pyridoxamine 5'-phosphate oxidase	AG-915-G13_00944	-3
CACJNE010000008.1	24045	25058	-	AG-915-G13_00942	AG-915-G13	337	OG0000641	K02523	octaprenyl-diphosphate synthase [EC:2.5.1.90]	COG0142	IspA	Geranylgeranyl pyrophosphate synthase	AG-915-G13_00944	-2
CACJNE010000008.1	25169	25978	+	AG-915-G13_00943	AG-915-G13	269	OG0000623	K04773	protease IV [EC:3.4.21.-]	COG0616	SppA	Periplasmic serine protease, ClpP class	AG-915-G13_00944	-1
CACJNE010000008.1	25968	26840	+	AG-915-G13_00944	AG-915-G13	290	OG0000870	K01878	glycyl-tRNA synthetase alpha chain [EC:6.1.1.14]	COG0752	GlyQ	Glycyl-tRNA synthetase, alpha subunit	AG-915-G13_00944	0
CACJNE010000008.1	26840	28903	+	AG-915-G13_00945	AG-915-G13	687	OG0000882	K01879	glycyl-tRNA synthetase beta chain [EC:6.1.1.14]	COG0751	GlyS	Glycyl-tRNA synthetase, beta subunit	AG-915-G13_00944	1
CACJNE010000008.1	28905	31574	+	AG-915-G13_00946	AG-915-G13	889	OG0000798	K01006	pyruvate, orthophosphate dikinase [EC:2.7.9.1]	COG0574	PpsA	Phosphoenolpyruvate synthase/pyruvate phosphate dikinase	AG-915-G13_00944	2
CACJNE010000008.1	31563	32399	-	AG-915-G13_00947	AG-915-G13	278	OG0000370	K00767	nicotinate-nucleotide pyrophosphorylase (carboxylating) [EC:2.4.2.19]	COG0157	NadC	Nicotinate-nucleotide pyrophosphorylase	AG-915-G13_00944	3
CACJNE010000008.1	32405	33394	-	AG-915-G13_00948	AG-915-G13	329	OG0000316	K03517	quinolinate synthase [EC:2.5.1.72]	COG0379	NadA	Quinolinate synthase	AG-915-G13_00944	4
CACJNE010000008.1	33865	34812	+	AG-915-G13_00951	AG-915-G13	315	OG0000256	K03465	thymidylate synthase (FAD) [EC:2.1.1.148]	COG1351	ThyX	Thymidylate synthase ThyX, FAD-dependent family	AG-915-G13_00944	5
CACJNI010000002.1	125978	126925	-	AG-915-G14_00500	AG-915-G14	315	OG0000256	K03465	thymidylate synthase (FAD) [EC:2.1.1.148]	COG1351	ThyX	Thymidylate synthase ThyX, FAD-dependent family	AG-915-G14_00507	-5
CACJNI010000002.1	127389	128378	+	AG-915-G14_00503	AG-915-G14	329	OG0000316	K03517	quinolinate synthase [EC:2.5.1.72]	COG0379	NadA	Quinolinate synthase	AG-915-G14_00507	-4
CACJNI010000002.1	128384	129220	+	AG-915-G14_00504	AG-915-G14	278	OG0000370	K00767	nicotinate-nucleotide pyrophosphorylase (carboxylating) [EC:2.4.2.19]	COG0157	NadC	Nicotinate-nucleotide pyrophosphorylase	AG-915-G14_00507	-3
CACJNI010000002.1	129230	131887	-	AG-915-G14_00505	AG-915-G14	885	OG0000798	K01006	pyruvate, orthophosphate dikinase [EC:2.7.9.1]	COG0574	PpsA	Phosphoenolpyruvate synthase/pyruvate phosphate dikinase	AG-915-G14_00507	-2
CACJNI010000002.1	131888	133951	-	AG-915-G14_00506	AG-915-G14	687	OG0000882	K01879	glycyl-tRNA synthetase beta chain [EC:6.1.1.14]	COG0751	GlyS	Glycyl-tRNA synthetase, beta subunit	AG-915-G14_00507	-1
CACJNI010000002.1	133953	134837	-	AG-915-G14_00507	AG-915-G14	294	OG0000870	K01878	glycyl-tRNA synthetase alpha chain [EC:6.1.1.14]	COG0752	GlyQ	Glycyl-tRNA synthetase, alpha subunit	AG-915-G14_00507	0
CACJNI010000002.1	134827	135633	-	AG-915-G14_00508	AG-915-G14	268	OG0000623	K04773	protease IV [EC:3.4.21.-]	COG0616	SppA	Periplasmic serine protease, ClpP class	AG-915-G14_00507	1
CACJNI010000002.1	135742	136755	+	AG-915-G14_00509	AG-915-G14	337	OG0000641	K02523	octaprenyl-diphosphate synthase [EC:2.5.1.90]	COG0142	IspA	Geranylgeranyl pyrophosphate synthase	AG-915-G14_00507	2
CACJNI010000002.1	136752	137375	-	AG-915-G14_00510	AG-915-G14	207	OG0000522	K00275	pyridoxamine 5'-phosphate oxidase [EC:1.4.3.5]	COG0259	PdxH	Pyridoxine/pyridoxamine 5'-phosphate oxidase	AG-915-G14_00507	3
CACJNI010000002.1	137408	138493	+	AG-915-G14_00511	AG-915-G14	361	OG0000279	K01736	chorismate synthase [EC:4.2.3.5]	COG0082	AroC	Chorismate synthase	AG-915-G14_00507	4
CACJNI010000002.1	138490	140400	-	AG-915-G14_00512	AG-915-G14	636	OG0000041	K01662	1-deoxy-D-xylulose-5-phosphate synthase [EC:2.2.1.7]	COG1154	Dxs	Deoxyxylulose-5-phosphate synthase	AG-915-G14_00507	5
CACJMX010000005.1	17072	18175	-	AG-915-K13_01090	AG-915-K13	367	OG0000394	K04088	modulator of FtsH protease HflK	COG0330	HflC	Regulator of protease activity HflC, stomatin/prohibitin superfamily	AG-915-K13_01096	-5
CACJMX010000005.1	18227	19051	+	AG-915-K13_01091	AG-915-K13	274	OG0000361	K03593	ATP-binding protein involved in chromosome partitioning	COG0489	Mrp	Fe-S cluster carrier ATPase, Mrp/ApbC/NBP35 family	AG-915-K13_01096	-4
CACJMX010000005.1	19032	20102	-	AG-915-K13_01092	AG-915-K13	356	OG0000256	K03465	thymidylate synthase (FAD) [EC:2.1.1.148]	COG1351	ThyX	Thymidylate synthase ThyX, FAD-dependent family	AG-915-K13_01096	-3
CACJMX010000005.1	20293	22950	-	AG-915-K13_01094	AG-915-K13	885	OG0000798	K01006	pyruvate, orthophosphate dikinase [EC:2.7.9.1]	COG0574	PpsA	Phosphoenolpyruvate synthase/pyruvate phosphate dikinase	AG-915-K13_01096	-2
CACJMX010000005.1	22947	25016	-	AG-915-K13_01095	AG-915-K13	689	OG0000882	K01879	glycyl-tRNA synthetase beta chain [EC:6.1.1.14]	COG0751	GlyS	Glycyl-tRNA synthetase, beta subunit	AG-915-K13_01096	-1
CACJMX010000005.1	25019	25909	-	AG-915-K13_01096	AG-915-K13	296	OG0000870	K01878	glycyl-tRNA synthetase alpha chain [EC:6.1.1.14]	COG0752	GlyQ	Glycyl-tRNA synthetase, alpha subunit	AG-915-K13_01096	0
CACJMX010000005.1	25899	26702	-	AG-915-K13_01097	AG-915-K13	267	OG0000623	K04773	protease IV [EC:3.4.21.-]	COG0616	SppA	Periplasmic serine protease, ClpP class	AG-915-K13_01096	1
CACJMX010000005.1	26817	27830	+	AG-915-K13_01098	AG-915-K13	337	OG0000641	K02523	octaprenyl-diphosphate synthase [EC:2.5.1.90]	COG0142	IspA	Geranylgeranyl pyrophosphate synthase	AG-915-K13_01096	2
CACJMX010000005.1	27827	28453	-	AG-915-K13_01099	AG-915-K13	208	OG0000522	K00275	pyridoxamine 5'-phosphate oxidase [EC:1.4.3.5]	COG0259	PdxH	Pyridoxine/pyridoxamine 5'-phosphate oxidase	AG-915-K13_01096	3
CACJMX010000005.1	28487	29569	+	AG-915-K13_01100	AG-915-K13	360	OG0000279	K01736	chorismate synthase [EC:4.2.3.5]	COG0082	AroC	Chorismate synthase	AG-915-K13_01096	4
CACJMX010000005.1	29576	31492	-	AG-915-K13_01101	AG-915-K13	638	OG0000041	K01662	1-deoxy-D-xylulose-5-phosphate synthase [EC:2.2.1.7]	COG1154	Dxs	Deoxyxylulose-5-phosphate synthase	AG-915-K13_01096	5
CACJUF010000006.1	5110	7023	+	AG-916-A16_00599	AG-916-A16	637	OG0000041	K01662	1-deoxy-D-xylulose-5-phosphate synthase [EC:2.2.1.7]	COG1154	Dxs	Deoxyxylulose-5-phosphate synthase	AG-916-A16_00604	-5
CACJUF010000006.1	7020	8102	-	AG-916-A16_00600	AG-916-A16	360	OG0000279	K01736	chorismate synthase [EC:4.2.3.5]	COG0082	AroC	Chorismate synthase	AG-916-A16_00604	-4
CACJUF010000006.1	8136	8762	+	AG-916-A16_00601	AG-916-A16	208	OG0000522	K00275	pyridoxamine 5'-phosphate oxidase [EC:1.4.3.5]	COG0259	PdxH	Pyridoxine/pyridoxamine 5'-phosphate oxidase	AG-916-A16_00604	-3
CACJUF010000006.1	8759	9772	-	AG-916-A16_00602	AG-916-A16	337	OG0000641	K02523	octaprenyl-diphosphate synthase [EC:2.5.1.90]	COG0142	IspA	Geranylgeranyl pyrophosphate synthase	AG-916-A16_00604	-2
CACJUF010000006.1	9886	10692	+	AG-916-A16_00603	AG-916-A16	268	OG0000623	K04773	protease IV [EC:3.4.21.-]	COG0616	SppA	Periplasmic serine protease, ClpP class	AG-916-A16_00604	-1
CACJUF010000006.1	10682	11563	+	AG-916-A16_00604	AG-916-A16	293	OG0000870	K01878	glycyl-tRNA synthetase alpha chain [EC:6.1.1.14]	COG0752	GlyQ	Glycyl-tRNA synthetase, alpha subunit	AG-916-A16_00604	0
CACJUF010000006.1	11565	13637	+	AG-916-A16_00605	AG-916-A16	690	OG0000882	K01879	glycyl-tRNA synthetase beta chain [EC:6.1.1.14]	COG0751	GlyS	Glycyl-tRNA synthetase, beta subunit	AG-916-A16_00604	1
CACJUF010000006.1	13630	16308	+	AG-916-A16_00606	AG-916-A16	892	OG0000798	K01006	pyruvate, orthophosphate dikinase [EC:2.7.9.1]	COG0574	PpsA	Phosphoenolpyruvate synthase/pyruvate phosphate dikinase	AG-916-A16_00604	2
CACJUF010000006.1	16310	17143	-	AG-916-A16_00607	AG-916-A16	277	OG0000370	K00767	nicotinate-nucleotide pyrophosphorylase (carboxylating) [EC:2.4.2.19]	COG0157	NadC	Nicotinate-nucleotide pyrophosphorylase	AG-916-A16_00604	3
CACJUF010000006.1	17150	18139	-	AG-916-A16_00608	AG-916-A16	329	OG0000316	K03517	quinolinate synthase [EC:2.5.1.72]	COG0379	NadA	Quinolinate synthase	AG-916-A16_00604	4
CACJUF010000006.1	18288	19175	-	AG-916-A16_00610	AG-916-A16	295	OG0000660	NA	NA	COG0354	YgfZ	Folate-binding protein YgfZ, synthesis and repair of Fe-S clusters, tRNA thiomethylation	AG-916-A16_00604	5
CACJUD010000006.1	15244	16137	+	AG-916-A21_00649	AG-916-A21	297	OG0000660	NA	NA	COG0354	YgfZ	Folate-binding protein YgfZ, synthesis and repair of Fe-S clusters, tRNA thiomethylation	AG-916-A21_00655	-5
CACJUD010000006.1	16285	17274	+	AG-916-A21_00651	AG-916-A21	329	OG0000316	K03517	quinolinate synthase [EC:2.5.1.72]	COG0379	NadA	Quinolinate synthase	AG-916-A21_00655	-4
CACJUD010000006.1	17279	18109	+	AG-916-A21_00652	AG-916-A21	276	OG0000370	K00767	nicotinate-nucleotide pyrophosphorylase (carboxylating) [EC:2.4.2.19]	COG0157	NadC	Nicotinate-nucleotide pyrophosphorylase	AG-916-A21_00655	-3
CACJUD010000006.1	18099	20762	-	AG-916-A21_00653	AG-916-A21	887	OG0000798	K01006	pyruvate, orthophosphate dikinase [EC:2.7.9.1]	COG0574	PpsA	Phosphoenolpyruvate synthase/pyruvate phosphate dikinase	AG-916-A21_00655	-2
CACJUD010000006.1	20762	22831	-	AG-916-A21_00654	AG-916-A21	689	OG0000882	K01879	glycyl-tRNA synthetase beta chain [EC:6.1.1.14]	COG0751	GlyS	Glycyl-tRNA synthetase, beta subunit	AG-916-A21_00655	-1
CACJUD010000006.1	22841	23713	-	AG-916-A21_00655	AG-916-A21	290	OG0000870	K01878	glycyl-tRNA synthetase alpha chain [EC:6.1.1.14]	COG0752	GlyQ	Glycyl-tRNA synthetase, alpha subunit	AG-916-A21_00655	0
CACJUD010000006.1	23703	24509	-	AG-916-A21_00656	AG-916-A21	268	OG0000623	K04773	protease IV [EC:3.4.21.-]	COG0616	SppA	Periplasmic serine protease, ClpP class	AG-916-A21_00655	1
CACJUD010000006.1	24620	25633	+	AG-916-A21_00657	AG-916-A21	337	OG0000641	K02523	octaprenyl-diphosphate synthase [EC:2.5.1.90]	COG0142	IspA	Geranylgeranyl pyrophosphate synthase	AG-916-A21_00655	2
CACJUD010000006.1	25630	26253	-	AG-916-A21_00658	AG-916-A21	207	OG0000522	K00275	pyridoxamine 5'-phosphate oxidase [EC:1.4.3.5]	COG0259	PdxH	Pyridoxine/pyridoxamine 5'-phosphate oxidase	AG-916-A21_00655	3
CACJUD010000006.1	26286	27371	+	AG-916-A21_00659	AG-916-A21	361	OG0000279	K01736	chorismate synthase [EC:4.2.3.5]	COG0082	AroC	Chorismate synthase	AG-916-A21_00655	4
CACJUD010000006.1	27368	29275	-	AG-916-A21_00660	AG-916-A21	635	OG0000041	K01662	1-deoxy-D-xylulose-5-phosphate synthase [EC:2.2.1.7]	COG1154	Dxs	Deoxyxylulose-5-phosphate synthase	AG-916-A21_00655	5
CACJUJ010000005.1	913	1536	+	AG-916-B06_00492	AG-916-B06	207	OG0000522	K00275	pyridoxamine 5'-phosphate oxidase [EC:1.4.3.5]	COG0259	PdxH	Pyridoxine/pyridoxamine 5'-phosphate oxidase	AG-916-B06_00495	-3
CACJUJ010000005.1	1533	2546	-	AG-916-B06_00493	AG-916-B06	337	OG0000641	K02523	octaprenyl-diphosphate synthase [EC:2.5.1.90]	COG0142	IspA	Geranylgeranyl pyrophosphate synthase	AG-916-B06_00495	-2
CACJUJ010000005.1	2655	3461	+	AG-916-B06_00494	AG-916-B06	268	OG0000623	K04773	protease IV [EC:3.4.21.-]	COG0616	SppA	Periplasmic serine protease, ClpP class	AG-916-B06_00495	-1
CACJUJ010000005.1	3451	4335	+	AG-916-B06_00495	AG-916-B06	294	OG0000870	K01878	glycyl-tRNA synthetase alpha chain [EC:6.1.1.14]	COG0752	GlyQ	Glycyl-tRNA synthetase, alpha subunit	AG-916-B06_00495	0
CACJUJ010000005.1	4337	6400	+	AG-916-B06_00496	AG-916-B06	687	OG0000882	K01879	glycyl-tRNA synthetase beta chain [EC:6.1.1.14]	COG0751	GlyS	Glycyl-tRNA synthetase, beta subunit	AG-916-B06_00495	1
CACJUJ010000005.1	6401	9058	+	AG-916-B06_00497	AG-916-B06	885	OG0000798	K01006	pyruvate, orthophosphate dikinase [EC:2.7.9.1]	COG0574	PpsA	Phosphoenolpyruvate synthase/pyruvate phosphate dikinase	AG-916-B06_00495	2
CACJUJ010000005.1	9068	9904	-	AG-916-B06_00498	AG-916-B06	278	OG0000370	K00767	nicotinate-nucleotide pyrophosphorylase (carboxylating) [EC:2.4.2.19]	COG0157	NadC	Nicotinate-nucleotide pyrophosphorylase	AG-916-B06_00495	3
CACJUJ010000005.1	9910	10899	-	AG-916-B06_00499	AG-916-B06	329	OG0000316	K03517	quinolinate synthase [EC:2.5.1.72]	COG0379	NadA	Quinolinate synthase	AG-916-B06_00495	4
CACJUJ010000005.1	11077	11697	-	AG-916-B06_00501	AG-916-B06	206	OG0000008	NA	NA	COG2227	UbiG	2-polyprenyl-3-methyl-5-hydroxy-6-metoxy-1,4-benzoquinol methylase	AG-916-B06_00495	5
CACPQM010000010.1	42964	44877	+	AG-916-B15_01097	AG-916-B15	637	OG0000041	K01662	1-deoxy-D-xylulose-5-phosphate synthase [EC:2.2.1.7]	COG1154	Dxs	Deoxyxylulose-5-phosphate synthase	AG-916-B15_01102	-5
CACPQM010000010.1	44874	45959	-	AG-916-B15_01098	AG-916-B15	361	OG0000279	K01736	chorismate synthase [EC:4.2.3.5]	COG0082	AroC	Chorismate synthase	AG-916-B15_01102	-4
CACPQM010000010.1	45992	46615	+	AG-916-B15_01099	AG-916-B15	207	OG0000522	K00275	pyridoxamine 5'-phosphate oxidase [EC:1.4.3.5]	COG0259	PdxH	Pyridoxine/pyridoxamine 5'-phosphate oxidase	AG-916-B15_01102	-3
CACPQM010000010.1	46612	47625	-	AG-916-B15_01100	AG-916-B15	337	OG0000641	K02523	octaprenyl-diphosphate synthase [EC:2.5.1.90]	COG0142	IspA	Geranylgeranyl pyrophosphate synthase	AG-916-B15_01102	-2
CACPQM010000010.1	47736	48545	+	AG-916-B15_01101	AG-916-B15	269	OG0000623	K04773	protease IV [EC:3.4.21.-]	COG0616	SppA	Periplasmic serine protease, ClpP class	AG-916-B15_01102	-1
CACPQM010000010.1	48535	49407	+	AG-916-B15_01102	AG-916-B15	290	OG0000870	K01878	glycyl-tRNA synthetase alpha chain [EC:6.1.1.14]	COG0752	GlyQ	Glycyl-tRNA synthetase, alpha subunit	AG-916-B15_01102	0
CACJUZ010000003.1	18478	19677	-	AG-916-D16_00461	AG-916-D16	399	OG0001162	K00122	formate dehydrogenase [EC:1.17.1.9]	COG1052	LdhA	Lactate dehydrogenase or related 2-hydroxyacid dehydrogenase	AG-916-D16_00467	-5
CACJUZ010000003.1	19890	20879	+	AG-916-D16_00463	AG-916-D16	329	OG0000316	K03517	quinolinate synthase [EC:2.5.1.72]	COG0379	NadA	Quinolinate synthase	AG-916-D16_00467	-4
CACJUZ010000003.1	20869	21714	+	AG-916-D16_00464	AG-916-D16	281	OG0000370	K00767	nicotinate-nucleotide pyrophosphorylase (carboxylating) [EC:2.4.2.19]	COG0157	NadC	Nicotinate-nucleotide pyrophosphorylase	AG-916-D16_00467	-3
CACJUZ010000003.1	21703	24363	-	AG-916-D16_00465	AG-916-D16	886	OG0000798	K01006	pyruvate, orthophosphate dikinase [EC:2.7.9.1]	COG0574	PpsA	Phosphoenolpyruvate synthase/pyruvate phosphate dikinase	AG-916-D16_00467	-2
CACJUZ010000003.1	24360	26417	-	AG-916-D16_00466	AG-916-D16	685	OG0000882	K01879	glycyl-tRNA synthetase beta chain [EC:6.1.1.14]	COG0751	GlyS	Glycyl-tRNA synthetase, beta subunit	AG-916-D16_00467	-1
CACJUZ010000003.1	26422	27300	-	AG-916-D16_00467	AG-916-D16	292	OG0000870	K01878	glycyl-tRNA synthetase alpha chain [EC:6.1.1.14]	COG0752	GlyQ	Glycyl-tRNA synthetase, alpha subunit	AG-916-D16_00467	0
CACJUZ010000003.1	27301	28113	-	AG-916-D16_00468	AG-916-D16	270	OG0000623	K04773	protease IV [EC:3.4.21.-]	COG0616	SppA	Periplasmic serine protease, ClpP class	AG-916-D16_00467	1
CACJUZ010000003.1	28256	29269	+	AG-916-D16_00469	AG-916-D16	337	OG0000641	K02523	octaprenyl-diphosphate synthase [EC:2.5.1.90]	COG0142	IspA	Geranylgeranyl pyrophosphate synthase	AG-916-D16_00467	2
CACJUZ010000003.1	29266	29895	-	AG-916-D16_00470	AG-916-D16	209	OG0000522	K00275	pyridoxamine 5'-phosphate oxidase [EC:1.4.3.5]	COG0259	PdxH	Pyridoxine/pyridoxamine 5'-phosphate oxidase	AG-916-D16_00467	3
CACJUZ010000003.1	29930	31012	+	AG-916-D16_00471	AG-916-D16	360	OG0000279	K01736	chorismate synthase [EC:4.2.3.5]	COG0082	AroC	Chorismate synthase	AG-916-D16_00467	4
CACJUZ010000003.1	31009	32928	-	AG-916-D16_00472	AG-916-D16	639	OG0000041	K01662	1-deoxy-D-xylulose-5-phosphate synthase [EC:2.2.1.7]	COG1154	Dxs	Deoxyxylulose-5-phosphate synthase	AG-916-D16_00467	5
CACJWN010000010.1	4291	4857	+	AG-916-E17_00916	AG-916-E17	188	OG0000316	K03517	quinolinate synthase [EC:2.5.1.72]	COG0379	NadA	Quinolinate synthase	AG-916-E17_00921	-5
CACJWN010000010.1	4892	5281	+	AG-916-E17_00917	AG-916-E17	129	OG0000316	K03517	quinolinate synthase [EC:2.5.1.72]	COG0379	NadA	Quinolinate synthase	AG-916-E17_00921	-4
CACJWN010000010.1	5286	6116	+	AG-916-E17_00918	AG-916-E17	276	OG0000370	K00767	nicotinate-nucleotide pyrophosphorylase (carboxylating) [EC:2.4.2.19]	COG0157	NadC	Nicotinate-nucleotide pyrophosphorylase	AG-916-E17_00921	-3
CACJWN010000010.1	6105	8765	-	AG-916-E17_00919	AG-916-E17	886	OG0000798	K01006	pyruvate, orthophosphate dikinase [EC:2.7.9.1]	COG0574	PpsA	Phosphoenolpyruvate synthase/pyruvate phosphate dikinase	AG-916-E17_00921	-2
CACJWN010000010.1	8765	10819	-	AG-916-E17_00920	AG-916-E17	684	OG0000882	K01879	glycyl-tRNA synthetase beta chain [EC:6.1.1.14]	COG0751	GlyS	Glycyl-tRNA synthetase, beta subunit	AG-916-E17_00921	-1
CACJWN010000010.1	10823	11719	-	AG-916-E17_00921	AG-916-E17	298	OG0000870	K01878	glycyl-tRNA synthetase alpha chain [EC:6.1.1.14]	COG0752	GlyQ	Glycyl-tRNA synthetase, alpha subunit	AG-916-E17_00921	0
CACJWN010000010.1	11720	12532	-	AG-916-E17_00922	AG-916-E17	270	OG0000623	K04773	protease IV [EC:3.4.21.-]	COG0616	SppA	Periplasmic serine protease, ClpP class	AG-916-E17_00921	1
CACJWN010000010.1	12679	13692	+	AG-916-E17_00923	AG-916-E17	337	OG0000641	K02523	octaprenyl-diphosphate synthase [EC:2.5.1.90]	COG0142	IspA	Geranylgeranyl pyrophosphate synthase	AG-916-E17_00921	2
CACJWN010000010.1	13689	14321	-	AG-916-E17_00924	AG-916-E17	210	OG0000522	K00275	pyridoxamine 5'-phosphate oxidase [EC:1.4.3.5]	COG0259	PdxH	Pyridoxine/pyridoxamine 5'-phosphate oxidase	AG-916-E17_00921	3
CACJWN010000010.1	14356	15438	+	AG-916-E17_00925	AG-916-E17	360	OG0000279	K01736	chorismate synthase [EC:4.2.3.5]	COG0082	AroC	Chorismate synthase	AG-916-E17_00921	4
CACJWN010000010.1	15435	17354	-	AG-916-E17_00926	AG-916-E17	639	OG0000041	K01662	1-deoxy-D-xylulose-5-phosphate synthase [EC:2.2.1.7]	COG1154	Dxs	Deoxyxylulose-5-phosphate synthase	AG-916-E17_00921	5
CACJWS010000010.1	9629	11539	+	AG-916-E19_00942	AG-916-E19	636	OG0000041	K01662	1-deoxy-D-xylulose-5-phosphate synthase [EC:2.2.1.7]	COG1154	Dxs	Deoxyxylulose-5-phosphate synthase	AG-916-E19_00947	-5
CACJWS010000010.1	11536	12621	-	AG-916-E19_00943	AG-916-E19	361	OG0000279	K01736	chorismate synthase [EC:4.2.3.5]	COG0082	AroC	Chorismate synthase	AG-916-E19_00947	-4
CACJWS010000010.1	12654	13277	+	AG-916-E19_00944	AG-916-E19	207	OG0000522	K00275	pyridoxamine 5'-phosphate oxidase [EC:1.4.3.5]	COG0259	PdxH	Pyridoxine/pyridoxamine 5'-phosphate oxidase	AG-916-E19_00947	-3
CACJWS010000010.1	13274	14287	-	AG-916-E19_00945	AG-916-E19	337	OG0000641	K02523	octaprenyl-diphosphate synthase [EC:2.5.1.90]	COG0142	IspA	Geranylgeranyl pyrophosphate synthase	AG-916-E19_00947	-2
CACJWS010000010.1	14396	15202	+	AG-916-E19_00946	AG-916-E19	268	OG0000623	K04773	protease IV [EC:3.4.21.-]	COG0616	SppA	Periplasmic serine protease, ClpP class	AG-916-E19_00947	-1
CACJWS010000010.1	15192	16076	+	AG-916-E19_00947	AG-916-E19	294	OG0000870	K01878	glycyl-tRNA synthetase alpha chain [EC:6.1.1.14]	COG0752	GlyQ	Glycyl-tRNA synthetase, alpha subunit	AG-916-E19_00947	0
CACJWS010000010.1	16078	18141	+	AG-916-E19_00948	AG-916-E19	687	OG0000882	K01879	glycyl-tRNA synthetase beta chain [EC:6.1.1.14]	COG0751	GlyS	Glycyl-tRNA synthetase, beta subunit	AG-916-E19_00947	1
CACJWS010000010.1	18142	20799	+	AG-916-E19_00949	AG-916-E19	885	OG0000798	K01006	pyruvate, orthophosphate dikinase [EC:2.7.9.1]	COG0574	PpsA	Phosphoenolpyruvate synthase/pyruvate phosphate dikinase	AG-916-E19_00947	2
CACJWS010000010.1	20809	21645	-	AG-916-E19_00950	AG-916-E19	278	OG0000370	K00767	nicotinate-nucleotide pyrophosphorylase (carboxylating) [EC:2.4.2.19]	COG0157	NadC	Nicotinate-nucleotide pyrophosphorylase	AG-916-E19_00947	3
CACJWS010000010.1	21651	22640	-	AG-916-E19_00951	AG-916-E19	329	OG0000316	K03517	quinolinate synthase [EC:2.5.1.72]	COG0379	NadA	Quinolinate synthase	AG-916-E19_00947	4
CACJWS010000010.1	23104	24051	+	AG-916-E19_00954	AG-916-E19	315	OG0000256	K03465	thymidylate synthase (FAD) [EC:2.1.1.148]	COG1351	ThyX	Thymidylate synthase ThyX, FAD-dependent family	AG-916-E19_00947	5
CACJZK010000001.1	133944	135854	+	AG-916-G03_00160	AG-916-G03	636	OG0000041	K01662	1-deoxy-D-xylulose-5-phosphate synthase [EC:2.2.1.7]	COG1154	Dxs	Deoxyxylulose-5-phosphate synthase	AG-916-G03_00165	-5
CACJZK010000001.1	135855	136934	-	AG-916-G03_00161	AG-916-G03	359	OG0000279	K01736	chorismate synthase [EC:4.2.3.5]	COG0082	AroC	Chorismate synthase	AG-916-G03_00165	-4
CACJZK010000001.1	136969	137601	+	AG-916-G03_00162	AG-916-G03	210	OG0000522	K00275	pyridoxamine 5'-phosphate oxidase [EC:1.4.3.5]	COG0259	PdxH	Pyridoxine/pyridoxamine 5'-phosphate oxidase	AG-916-G03_00165	-3
CACJZK010000001.1	137598	138611	-	AG-916-G03_00163	AG-916-G03	337	OG0000641	K02523	octaprenyl-diphosphate synthase [EC:2.5.1.90]	COG0142	IspA	Geranylgeranyl pyrophosphate synthase	AG-916-G03_00165	-2
CACJZK010000001.1	138756	139568	+	AG-916-G03_00164	AG-916-G03	270	OG0000623	K04773	protease IV [EC:3.4.21.-]	COG0616	SppA	Periplasmic serine protease, ClpP class	AG-916-G03_00165	-1
CACJZK010000001.1	139569	140453	+	AG-916-G03_00165	AG-916-G03	294	OG0000870	K01878	glycyl-tRNA synthetase alpha chain [EC:6.1.1.14]	COG0752	GlyQ	Glycyl-tRNA synthetase, alpha subunit	AG-916-G03_00165	0
CACJZK010000001.1	140457	142511	+	AG-916-G03_00166	AG-916-G03	684	OG0000882	K01879	glycyl-tRNA synthetase beta chain [EC:6.1.1.14]	COG0751	GlyS	Glycyl-tRNA synthetase, beta subunit	AG-916-G03_00165	1
CACJZK010000001.1	142512	145172	+	AG-916-G03_00167	AG-916-G03	886	OG0000798	K01006	pyruvate, orthophosphate dikinase [EC:2.7.9.1]	COG0574	PpsA	Phosphoenolpyruvate synthase/pyruvate phosphate dikinase	AG-916-G03_00165	2
CACJZK010000001.1	145161	146000	-	AG-916-G03_00168	AG-916-G03	279	OG0000370	K00767	nicotinate-nucleotide pyrophosphorylase (carboxylating) [EC:2.4.2.19]	COG0157	NadC	Nicotinate-nucleotide pyrophosphorylase	AG-916-G03_00165	3
CACJZK010000001.1	146006	146995	-	AG-916-G03_00169	AG-916-G03	329	OG0000316	K03517	quinolinate synthase [EC:2.5.1.72]	COG0379	NadA	Quinolinate synthase	AG-916-G03_00165	4
CACJZK010000001.1	147330	149015	-	AG-916-G03_00171	AG-916-G03	561	OG0000935	K01938	formate--tetrahydrofolate ligase [EC:6.3.4.3]	COG2759	MIS1	Formyltetrahydrofolate synthetase	AG-916-G03_00165	5
CACJXK010000010.1	4637	5584	-	AG-916-G09_01265	AG-916-G09	315	OG0000256	K03465	thymidylate synthase (FAD) [EC:2.1.1.148]	COG1351	ThyX	Thymidylate synthase ThyX, FAD-dependent family	AG-916-G09_01272	-5
CACJXK010000010.1	6053	7042	+	AG-916-G09_01268	AG-916-G09	329	OG0000316	K03517	quinolinate synthase [EC:2.5.1.72]	COG0379	NadA	Quinolinate synthase	AG-916-G09_01272	-4
CACJXK010000010.1	7048	7884	+	AG-916-G09_01269	AG-916-G09	278	OG0000370	K00767	nicotinate-nucleotide pyrophosphorylase (carboxylating) [EC:2.4.2.19]	COG0157	NadC	Nicotinate-nucleotide pyrophosphorylase	AG-916-G09_01272	-3
CACJXK010000010.1	7881	10541	-	AG-916-G09_01270	AG-916-G09	886	OG0000798	K01006	pyruvate, orthophosphate dikinase [EC:2.7.9.1]	COG0574	PpsA	Phosphoenolpyruvate synthase/pyruvate phosphate dikinase	AG-916-G09_01272	-2
CACJXK010000010.1	10543	12606	-	AG-916-G09_01271	AG-916-G09	687	OG0000882	K01879	glycyl-tRNA synthetase beta chain [EC:6.1.1.14]	COG0751	GlyS	Glycyl-tRNA synthetase, beta subunit	AG-916-G09_01272	-1
CACJXK010000010.1	12606	13478	-	AG-916-G09_01272	AG-916-G09	290	OG0000870	K01878	glycyl-tRNA synthetase alpha chain [EC:6.1.1.14]	COG0752	GlyQ	Glycyl-tRNA synthetase, alpha subunit	AG-916-G09_01272	0
CACJXK010000010.1	13468	14277	-	AG-916-G09_01273	AG-916-G09	269	OG0000623	K04773	protease IV [EC:3.4.21.-]	COG0616	SppA	Periplasmic serine protease, ClpP class	AG-916-G09_01272	1
CACJXK010000010.1	14388	15401	+	AG-916-G09_01274	AG-916-G09	337	OG0000641	K02523	octaprenyl-diphosphate synthase [EC:2.5.1.90]	COG0142	IspA	Geranylgeranyl pyrophosphate synthase	AG-916-G09_01272	2
CACJXK010000010.1	15398	15856	-	AG-916-G09_01275	AG-916-G09	152	OG0000522	K00275	pyridoxamine 5'-phosphate oxidase [EC:1.4.3.5]	COG0259	PdxH	Pyridoxine/pyridoxamine 5'-phosphate oxidase	AG-916-G09_01272	3
CACJXK010000010.1	16053	17138	+	AG-916-G09_01276	AG-916-G09	361	OG0000279	K01736	chorismate synthase [EC:4.2.3.5]	COG0082	AroC	Chorismate synthase	AG-916-G09_01272	4
CACJXK010000010.1	17135	19048	-	AG-916-G09_01277	AG-916-G09	637	OG0000041	K01662	1-deoxy-D-xylulose-5-phosphate synthase [EC:2.2.1.7]	COG1154	Dxs	Deoxyxylulose-5-phosphate synthase	AG-916-G09_01272	5
CACJZJ010000002.1	18568	20481	+	AG-916-G19_00529	AG-916-G19	637	OG0000041	K01662	1-deoxy-D-xylulose-5-phosphate synthase [EC:2.2.1.7]	COG1154	Dxs	Deoxyxylulose-5-phosphate synthase	AG-916-G19_00534	-5
CACJZJ010000002.1	20488	21570	-	AG-916-G19_00530	AG-916-G19	360	OG0000279	K01736	chorismate synthase [EC:4.2.3.5]	COG0082	AroC	Chorismate synthase	AG-916-G19_00534	-4
CACJZJ010000002.1	21604	22230	+	AG-916-G19_00531	AG-916-G19	208	OG0000522	K00275	pyridoxamine 5'-phosphate oxidase [EC:1.4.3.5]	COG0259	PdxH	Pyridoxine/pyridoxamine 5'-phosphate oxidase	AG-916-G19_00534	-3
CACJZJ010000002.1	22227	23240	-	AG-916-G19_00532	AG-916-G19	337	OG0000641	K02523	octaprenyl-diphosphate synthase [EC:2.5.1.90]	COG0142	IspA	Geranylgeranyl pyrophosphate synthase	AG-916-G19_00534	-2
CACJZJ010000002.1	23356	24162	+	AG-916-G19_00533	AG-916-G19	268	OG0000623	K04773	protease IV [EC:3.4.21.-]	COG0616	SppA	Periplasmic serine protease, ClpP class	AG-916-G19_00534	-1
CACJZJ010000002.1	24128	25033	+	AG-916-G19_00534	AG-916-G19	301	OG0000870	K01878	glycyl-tRNA synthetase alpha chain [EC:6.1.1.14]	COG0752	GlyQ	Glycyl-tRNA synthetase, alpha subunit	AG-916-G19_00534	0
CACJZJ010000002.1	25035	27107	+	AG-916-G19_00535	AG-916-G19	690	OG0000882	K01879	glycyl-tRNA synthetase beta chain [EC:6.1.1.14]	COG0751	GlyS	Glycyl-tRNA synthetase, beta subunit	AG-916-G19_00534	1
CACJZJ010000002.1	27100	29757	+	AG-916-G19_00536	AG-916-G19	885	OG0000798	K01006	pyruvate, orthophosphate dikinase [EC:2.7.9.1]	COG0574	PpsA	Phosphoenolpyruvate synthase/pyruvate phosphate dikinase	AG-916-G19_00534	2
CACJZJ010000002.1	29720	30451	-	AG-916-G19_00537	AG-916-G19	243	OG0001203	NA	NA	NA	NA	NA	AG-916-G19_00534	3
CACJZJ010000002.1	30456	31817	-	AG-916-G19_00538	AG-916-G19	453	OG0001144	NA	NA	COG2133	YliI	Glucose/arabinose dehydrogenase, beta-propeller fold	AG-916-G19_00534	4
CACJZJ010000002.1	32075	33145	+	AG-916-G19_00540	AG-916-G19	356	OG0000256	K03465	thymidylate synthase (FAD) [EC:2.1.1.148]	COG1351	ThyX	Thymidylate synthase ThyX, FAD-dependent family	AG-916-G19_00534	5
CACKAB010000001.1	11876	13789	+	AG-916-J11_00015	AG-916-J11	637	OG0000041	K01662	1-deoxy-D-xylulose-5-phosphate synthase [EC:2.2.1.7]	COG1154	Dxs	Deoxyxylulose-5-phosphate synthase	AG-916-J11_00020	-5
CACKAB010000001.1	13786	14871	-	AG-916-J11_00016	AG-916-J11	361	OG0000279	K01736	chorismate synthase [EC:4.2.3.5]	COG0082	AroC	Chorismate synthase	AG-916-J11_00020	-4
CACKAB010000001.1	14905	15531	+	AG-916-J11_00017	AG-916-J11	208	OG0000522	K00275	pyridoxamine 5'-phosphate oxidase [EC:1.4.3.5]	COG0259	PdxH	Pyridoxine/pyridoxamine 5'-phosphate oxidase	AG-916-J11_00020	-3
CACKAB010000001.1	15528	16541	-	AG-916-J11_00018	AG-916-J11	337	OG0000641	K02523	octaprenyl-diphosphate synthase [EC:2.5.1.90]	COG0142	IspA	Geranylgeranyl pyrophosphate synthase	AG-916-J11_00020	-2
CACKAB010000001.1	16651	17457	+	AG-916-J11_00019	AG-916-J11	268	OG0000623	K04773	protease IV [EC:3.4.21.-]	COG0616	SppA	Periplasmic serine protease, ClpP class	AG-916-J11_00020	-1
CACKAB010000001.1	17447	18328	+	AG-916-J11_00020	AG-916-J11	293	OG0000870	K01878	glycyl-tRNA synthetase alpha chain [EC:6.1.1.14]	COG0752	GlyQ	Glycyl-tRNA synthetase, alpha subunit	AG-916-J11_00020	0
CACKAB010000001.1	18331	20397	+	AG-916-J11_00021	AG-916-J11	688	OG0000882	K01879	glycyl-tRNA synthetase beta chain [EC:6.1.1.14]	COG0751	GlyS	Glycyl-tRNA synthetase, beta subunit	AG-916-J11_00020	1
CACKAB010000001.1	20397	23054	+	AG-916-J11_00022	AG-916-J11	885	OG0000798	K01006	pyruvate, orthophosphate dikinase [EC:2.7.9.1]	COG0574	PpsA	Phosphoenolpyruvate synthase/pyruvate phosphate dikinase	AG-916-J11_00020	2
CACKAB010000001.1	23056	23883	-	AG-916-J11_00023	AG-916-J11	275	OG0000370	K00767	nicotinate-nucleotide pyrophosphorylase (carboxylating) [EC:2.4.2.19]	COG0157	NadC	Nicotinate-nucleotide pyrophosphorylase	AG-916-J11_00020	3
CACKAB010000001.1	23889	24878	-	AG-916-J11_00024	AG-916-J11	329	OG0000316	K03517	quinolinate synthase [EC:2.5.1.72]	COG0379	NadA	Quinolinate synthase	AG-916-J11_00020	4
CACKAB010000001.1	25023	25910	-	AG-916-J11_00026	AG-916-J11	295	OG0000660	NA	NA	COG0354	YgfZ	Folate-binding protein YgfZ, synthesis and repair of Fe-S clusters, tRNA thiomethylation	AG-916-J11_00020	5
CACKCQ010000003.1	69679	71589	+	AG-916-L11_00570	AG-916-L11	636	OG0000041	K01662	1-deoxy-D-xylulose-5-phosphate synthase [EC:2.2.1.7]	COG1154	Dxs	Deoxyxylulose-5-phosphate synthase	AG-916-L11_00575	-5
CACKCQ010000003.1	71586	72671	-	AG-916-L11_00571	AG-916-L11	361	OG0000279	K01736	chorismate synthase [EC:4.2.3.5]	COG0082	AroC	Chorismate synthase	AG-916-L11_00575	-4
CACKCQ010000003.1	72704	73327	+	AG-916-L11_00572	AG-916-L11	207	OG0000522	K00275	pyridoxamine 5'-phosphate oxidase [EC:1.4.3.5]	COG0259	PdxH	Pyridoxine/pyridoxamine 5'-phosphate oxidase	AG-916-L11_00575	-3
CACKCQ010000003.1	73324	74337	-	AG-916-L11_00573	AG-916-L11	337	OG0000641	K02523	octaprenyl-diphosphate synthase [EC:2.5.1.90]	COG0142	IspA	Geranylgeranyl pyrophosphate synthase	AG-916-L11_00575	-2
CACKCQ010000003.1	74446	75252	+	AG-916-L11_00574	AG-916-L11	268	OG0000623	K04773	protease IV [EC:3.4.21.-]	COG0616	SppA	Periplasmic serine protease, ClpP class	AG-916-L11_00575	-1
CACKCQ010000003.1	75242	76126	+	AG-916-L11_00575	AG-916-L11	294	OG0000870	K01878	glycyl-tRNA synthetase alpha chain [EC:6.1.1.14]	COG0752	GlyQ	Glycyl-tRNA synthetase, alpha subunit	AG-916-L11_00575	0
CACKCQ010000003.1	76128	78191	+	AG-916-L11_00576	AG-916-L11	687	OG0000882	K01879	glycyl-tRNA synthetase beta chain [EC:6.1.1.14]	COG0751	GlyS	Glycyl-tRNA synthetase, beta subunit	AG-916-L11_00575	1
CACKCQ010000003.1	78192	80855	+	AG-916-L11_00577	AG-916-L11	887	OG0000798	K01006	pyruvate, orthophosphate dikinase [EC:2.7.9.1]	COG0574	PpsA	Phosphoenolpyruvate synthase/pyruvate phosphate dikinase	AG-916-L11_00575	2
CACKCQ010000003.1	80859	81695	-	AG-916-L11_00578	AG-916-L11	278	OG0000370	K00767	nicotinate-nucleotide pyrophosphorylase (carboxylating) [EC:2.4.2.19]	COG0157	NadC	Nicotinate-nucleotide pyrophosphorylase	AG-916-L11_00575	3
CACKCQ010000003.1	81701	82690	-	AG-916-L11_00579	AG-916-L11	329	OG0000316	K03517	quinolinate synthase [EC:2.5.1.72]	COG0379	NadA	Quinolinate synthase	AG-916-L11_00575	4
CACKCQ010000003.1	83154	84101	+	AG-916-L11_00582	AG-916-L11	315	OG0000256	K03465	thymidylate synthase (FAD) [EC:2.1.1.148]	COG1351	ThyX	Thymidylate synthase ThyX, FAD-dependent family	AG-916-L11_00575	5
CACKFZ010000011.1	5895	7811	+	AG-916-M15_00848	AG-916-M15	638	OG0000041	K01662	1-deoxy-D-xylulose-5-phosphate synthase [EC:2.2.1.7]	COG1154	Dxs	Deoxyxylulose-5-phosphate synthase	AG-916-M15_00853	-5
CACKFZ010000011.1	7818	8900	-	AG-916-M15_00849	AG-916-M15	360	OG0000279	K01736	chorismate synthase [EC:4.2.3.5]	COG0082	AroC	Chorismate synthase	AG-916-M15_00853	-4
CACKFZ010000011.1	8934	9560	+	AG-916-M15_00850	AG-916-M15	208	OG0000522	K00275	pyridoxamine 5'-phosphate oxidase [EC:1.4.3.5]	COG0259	PdxH	Pyridoxine/pyridoxamine 5'-phosphate oxidase	AG-916-M15_00853	-3
CACKFZ010000011.1	9557	10570	-	AG-916-M15_00851	AG-916-M15	337	OG0000641	K02523	octaprenyl-diphosphate synthase [EC:2.5.1.90]	COG0142	IspA	Geranylgeranyl pyrophosphate synthase	AG-916-M15_00853	-2
CACKFZ010000011.1	10685	11488	+	AG-916-M15_00852	AG-916-M15	267	OG0000623	K04773	protease IV [EC:3.4.21.-]	COG0616	SppA	Periplasmic serine protease, ClpP class	AG-916-M15_00853	-1
CACKFZ010000011.1	11478	12374	+	AG-916-M15_00853	AG-916-M15	298	OG0000870	K01878	glycyl-tRNA synthetase alpha chain [EC:6.1.1.14]	COG0752	GlyQ	Glycyl-tRNA synthetase, alpha subunit	AG-916-M15_00853	0
CACKFZ010000011.1	12377	14446	+	AG-916-M15_00854	AG-916-M15	689	OG0000882	K01879	glycyl-tRNA synthetase beta chain [EC:6.1.1.14]	COG0751	GlyS	Glycyl-tRNA synthetase, beta subunit	AG-916-M15_00853	1
CACKFZ010000011.1	14443	17100	+	AG-916-M15_00855	AG-916-M15	885	OG0000798	K01006	pyruvate, orthophosphate dikinase [EC:2.7.9.1]	COG0574	PpsA	Phosphoenolpyruvate synthase/pyruvate phosphate dikinase	AG-916-M15_00853	2
CACKFZ010000011.1	17260	17865	+	AG-916-M15_00856	AG-916-M15	201	OG0002211	NA	NA	COG2827	YhbQ	Predicted endonuclease, GIY-YIG superfamily	AG-916-M15_00853	3
CACKFZ010000011.1	17865	18386	+	AG-916-M15_00857	AG-916-M15	173	OG0002402	NA	NA	NA	NA	NA	AG-916-M15_00853	4
CACKFZ010000011.1	18390	21761	+	AG-916-M15_00858	AG-916-M15	1123	OG0001679	NA	NA	COG2251	NA	Predicted nuclease, RecB family	AG-916-M15_00853	5
CACKFA010000005.1	78474	78761	-	AG-916-N14_00831	AG-916-N14	95	OG0001657	NA	NA	NA	NA	NA	AG-916-N14_00836	-5
CACKFA010000005.1	78758	79048	-	AG-916-N14_00832	AG-916-N14	96	NA	NA	NA	NA	NA	NA	AG-916-N14_00836	-4
CACKFA010000005.1	79214	79891	+	AG-916-N14_00833	AG-916-N14	225	OG0001732	NA	NA	COG4123	TrmN6	tRNA1(Val) A37 N6-methylase TrmN6	AG-916-N14_00836	-3
CACKFA010000005.1	79894	82557	-	AG-916-N14_00834	AG-916-N14	887	OG0000798	K01006	pyruvate, orthophosphate dikinase [EC:2.7.9.1]	COG0574	PpsA	Phosphoenolpyruvate synthase/pyruvate phosphate dikinase	AG-916-N14_00836	-2
CACKFA010000005.1	82557	84623	-	AG-916-N14_00835	AG-916-N14	688	OG0000882	K01879	glycyl-tRNA synthetase beta chain [EC:6.1.1.14]	COG0751	GlyS	Glycyl-tRNA synthetase, beta subunit	AG-916-N14_00836	-1
CACKFA010000005.1	84623	85528	-	AG-916-N14_00836	AG-916-N14	301	OG0000870	K01878	glycyl-tRNA synthetase alpha chain [EC:6.1.1.14]	COG0752	GlyQ	Glycyl-tRNA synthetase, alpha subunit	AG-916-N14_00836	0
CACKFA010000005.1	85494	86300	-	AG-916-N14_00837	AG-916-N14	268	OG0000623	K04773	protease IV [EC:3.4.21.-]	COG0616	SppA	Periplasmic serine protease, ClpP class	AG-916-N14_00836	1
CACKFA010000005.1	86415	87428	+	AG-916-N14_00838	AG-916-N14	337	OG0000641	K02523	octaprenyl-diphosphate synthase [EC:2.5.1.90]	COG0142	IspA	Geranylgeranyl pyrophosphate synthase	AG-916-N14_00836	2
CACKFA010000005.1	87425	88051	-	AG-916-N14_00839	AG-916-N14	208	OG0000522	K00275	pyridoxamine 5'-phosphate oxidase [EC:1.4.3.5]	COG0259	PdxH	Pyridoxine/pyridoxamine 5'-phosphate oxidase	AG-916-N14_00836	3
CACKFA010000005.1	88085	89167	+	AG-916-N14_00840	AG-916-N14	360	OG0000279	K01736	chorismate synthase [EC:4.2.3.5]	COG0082	AroC	Chorismate synthase	AG-916-N14_00836	4
CACKFA010000005.1	89174	91090	-	AG-916-N14_00841	AG-916-N14	638	OG0000041	K01662	1-deoxy-D-xylulose-5-phosphate synthase [EC:2.2.1.7]	COG1154	Dxs	Deoxyxylulose-5-phosphate synthase	AG-916-N14_00836	5
CACKGF010000003.1	40569	42476	+	AG-916-O13_00851	AG-916-O13	635	OG0000041	K01662	1-deoxy-D-xylulose-5-phosphate synthase [EC:2.2.1.7]	COG1154	Dxs	Deoxyxylulose-5-phosphate synthase	AG-916-O13_00856	-5
CACKGF010000003.1	42473	43558	-	AG-916-O13_00852	AG-916-O13	361	OG0000279	K01736	chorismate synthase [EC:4.2.3.5]	COG0082	AroC	Chorismate synthase	AG-916-O13_00856	-4
CACKGF010000003.1	43591	44217	+	AG-916-O13_00853	AG-916-O13	208	OG0000522	K00275	pyridoxamine 5'-phosphate oxidase [EC:1.4.3.5]	COG0259	PdxH	Pyridoxine/pyridoxamine 5'-phosphate oxidase	AG-916-O13_00856	-3
CACKGF010000003.1	44214	45227	-	AG-916-O13_00854	AG-916-O13	337	OG0000641	K02523	octaprenyl-diphosphate synthase [EC:2.5.1.90]	COG0142	IspA	Geranylgeranyl pyrophosphate synthase	AG-916-O13_00856	-2
CACKGF010000003.1	45339	46145	+	AG-916-O13_00855	AG-916-O13	268	OG0000623	K04773	protease IV [EC:3.4.21.-]	COG0616	SppA	Periplasmic serine protease, ClpP class	AG-916-O13_00856	-1
CACKGF010000003.1	46108	47010	+	AG-916-O13_00856	AG-916-O13	300	OG0000870	K01878	glycyl-tRNA synthetase alpha chain [EC:6.1.1.14]	COG0752	GlyQ	Glycyl-tRNA synthetase, alpha subunit	AG-916-O13_00856	0
CACKGF010000003.1	47012	49081	+	AG-916-O13_00857	AG-916-O13	689	OG0000882	K01879	glycyl-tRNA synthetase beta chain [EC:6.1.1.14]	COG0751	GlyS	Glycyl-tRNA synthetase, beta subunit	AG-916-O13_00856	1
CACKGF010000003.1	49081	51741	+	AG-916-O13_00858	AG-916-O13	886	OG0000798	K01006	pyruvate, orthophosphate dikinase [EC:2.7.9.1]	COG0574	PpsA	Phosphoenolpyruvate synthase/pyruvate phosphate dikinase	AG-916-O13_00856	2
CACKGF010000003.1	51910	52488	+	AG-916-O13_00859	AG-916-O13	192	OG0003554	NA	NA	NA	NA	NA	AG-916-O13_00856	3
CACKGF010000003.1	52516	53349	-	AG-916-O13_00860	AG-916-O13	277	OG0000370	K00767	nicotinate-nucleotide pyrophosphorylase (carboxylating) [EC:2.4.2.19]	COG0157	NadC	Nicotinate-nucleotide pyrophosphorylase	AG-916-O13_00856	4
CACKGF010000003.1	53355	54347	-	AG-916-O13_00861	AG-916-O13	330	OG0000316	K03517	quinolinate synthase [EC:2.5.1.72]	COG0379	NadA	Quinolinate synthase	AG-916-O13_00856	5
CACKGK010000006.1	42848	44761	+	AG-916-O20_00701	AG-916-O20	637	OG0000041	K01662	1-deoxy-D-xylulose-5-phosphate synthase [EC:2.2.1.7]	COG1154	Dxs	Deoxyxylulose-5-phosphate synthase	AG-916-O20_00706	-5
CACKGK010000006.1	44758	45843	-	AG-916-O20_00702	AG-916-O20	361	OG0000279	K01736	chorismate synthase [EC:4.2.3.5]	COG0082	AroC	Chorismate synthase	AG-916-O20_00706	-4
CACKGK010000006.1	45876	46499	+	AG-916-O20_00703	AG-916-O20	207	OG0000522	K00275	pyridoxamine 5'-phosphate oxidase [EC:1.4.3.5]	COG0259	PdxH	Pyridoxine/pyridoxamine 5'-phosphate oxidase	AG-916-O20_00706	-3
CACKGK010000006.1	46496	47509	-	AG-916-O20_00704	AG-916-O20	337	OG0000641	K02523	octaprenyl-diphosphate synthase [EC:2.5.1.90]	COG0142	IspA	Geranylgeranyl pyrophosphate synthase	AG-916-O20_00706	-2
CACKGK010000006.1	47620	48429	+	AG-916-O20_00705	AG-916-O20	269	OG0000623	K04773	protease IV [EC:3.4.21.-]	COG0616	SppA	Periplasmic serine protease, ClpP class	AG-916-O20_00706	-1
CACKGK010000006.1	48419	49291	+	AG-916-O20_00706	AG-916-O20	290	OG0000870	K01878	glycyl-tRNA synthetase alpha chain [EC:6.1.1.14]	COG0752	GlyQ	Glycyl-tRNA synthetase, alpha subunit	AG-916-O20_00706	0
CACKGK010000006.1	49291	51354	+	AG-916-O20_00707	AG-916-O20	687	OG0000882	K01879	glycyl-tRNA synthetase beta chain [EC:6.1.1.14]	COG0751	GlyS	Glycyl-tRNA synthetase, beta subunit	AG-916-O20_00706	1
CACKGK010000006.1	51356	54016	+	AG-916-O20_00708	AG-916-O20	886	OG0000798	K01006	pyruvate, orthophosphate dikinase [EC:2.7.9.1]	COG0574	PpsA	Phosphoenolpyruvate synthase/pyruvate phosphate dikinase	AG-916-O20_00706	2
CACKGK010000006.1	54013	54849	-	AG-916-O20_00709	AG-916-O20	278	OG0000370	K00767	nicotinate-nucleotide pyrophosphorylase (carboxylating) [EC:2.4.2.19]	COG0157	NadC	Nicotinate-nucleotide pyrophosphorylase	AG-916-O20_00706	3
CACKGK010000006.1	54855	55844	-	AG-916-O20_00710	AG-916-O20	329	OG0000316	K03517	quinolinate synthase [EC:2.5.1.72]	COG0379	NadA	Quinolinate synthase	AG-916-O20_00706	4
CACKGK010000006.1	56314	57261	+	AG-916-O20_00713	AG-916-O20	315	OG0000256	K03465	thymidylate synthase (FAD) [EC:2.1.1.148]	COG1351	ThyX	Thymidylate synthase ThyX, FAD-dependent family	AG-916-O20_00706	5
CACKJD010000003.1	54361	56268	+	AG-917-B07_00653	AG-917-B07	635	OG0000041	K01662	1-deoxy-D-xylulose-5-phosphate synthase [EC:2.2.1.7]	COG1154	Dxs	Deoxyxylulose-5-phosphate synthase	AG-917-B07_00658	-5
CACKJD010000003.1	56265	57350	-	AG-917-B07_00654	AG-917-B07	361	OG0000279	K01736	chorismate synthase [EC:4.2.3.5]	COG0082	AroC	Chorismate synthase	AG-917-B07_00658	-4
CACKJD010000003.1	57383	58006	+	AG-917-B07_00655	AG-917-B07	207	OG0000522	K00275	pyridoxamine 5'-phosphate oxidase [EC:1.4.3.5]	COG0259	PdxH	Pyridoxine/pyridoxamine 5'-phosphate oxidase	AG-917-B07_00658	-3
CACKJD010000003.1	58003	59016	-	AG-917-B07_00656	AG-917-B07	337	OG0000641	K02523	octaprenyl-diphosphate synthase [EC:2.5.1.90]	COG0142	IspA	Geranylgeranyl pyrophosphate synthase	AG-917-B07_00658	-2
CACKJD010000003.1	59127	59933	+	AG-917-B07_00657	AG-917-B07	268	OG0000623	K04773	protease IV [EC:3.4.21.-]	COG0616	SppA	Periplasmic serine protease, ClpP class	AG-917-B07_00658	-1
CACKJD010000003.1	59923	60795	+	AG-917-B07_00658	AG-917-B07	290	OG0000870	K01878	glycyl-tRNA synthetase alpha chain [EC:6.1.1.14]	COG0752	GlyQ	Glycyl-tRNA synthetase, alpha subunit	AG-917-B07_00658	0
CACKJD010000003.1	60804	62873	+	AG-917-B07_00659	AG-917-B07	689	OG0000882	K01879	glycyl-tRNA synthetase beta chain [EC:6.1.1.14]	COG0751	GlyS	Glycyl-tRNA synthetase, beta subunit	AG-917-B07_00658	1
CACKJD010000003.1	62873	65536	+	AG-917-B07_00660	AG-917-B07	887	OG0000798	K01006	pyruvate, orthophosphate dikinase [EC:2.7.9.1]	COG0574	PpsA	Phosphoenolpyruvate synthase/pyruvate phosphate dikinase	AG-917-B07_00658	2
CACKJD010000003.1	65526	66356	-	AG-917-B07_00661	AG-917-B07	276	OG0000370	K00767	nicotinate-nucleotide pyrophosphorylase (carboxylating) [EC:2.4.2.19]	COG0157	NadC	Nicotinate-nucleotide pyrophosphorylase	AG-917-B07_00658	3
CACKJD010000003.1	66361	67350	-	AG-917-B07_00662	AG-917-B07	329	OG0000316	K03517	quinolinate synthase [EC:2.5.1.72]	COG0379	NadA	Quinolinate synthase	AG-917-B07_00658	4
CACKJD010000003.1	67496	67840	-	AG-917-B07_00664	AG-917-B07	114	OG0001564	NA	NA	COG3806	ChrR	Anti-sigma factor ChrR, cupin superfamily	AG-917-B07_00658	5
CACKKI010000007.1	10451	11554	-	AG-917-C08_00988	AG-917-C08	367	OG0000394	K04088	modulator of FtsH protease HflK	COG0330	HflC	Regulator of protease activity HflC, stomatin/prohibitin superfamily	AG-917-C08_00994	-5
CACKKI010000007.1	11606	12430	+	AG-917-C08_00989	AG-917-C08	274	OG0000361	K03593	ATP-binding protein involved in chromosome partitioning	COG0489	Mrp	Fe-S cluster carrier ATPase, Mrp/ApbC/NBP35 family	AG-917-C08_00994	-4
CACKKI010000007.1	12411	13481	-	AG-917-C08_00990	AG-917-C08	356	OG0000256	K03465	thymidylate synthase (FAD) [EC:2.1.1.148]	COG1351	ThyX	Thymidylate synthase ThyX, FAD-dependent family	AG-917-C08_00994	-3
CACKKI010000007.1	13672	16329	-	AG-917-C08_00992	AG-917-C08	885	OG0000798	K01006	pyruvate, orthophosphate dikinase [EC:2.7.9.1]	COG0574	PpsA	Phosphoenolpyruvate synthase/pyruvate phosphate dikinase	AG-917-C08_00994	-2
CACKKI010000007.1	16326	18395	-	AG-917-C08_00993	AG-917-C08	689	OG0000882	K01879	glycyl-tRNA synthetase beta chain [EC:6.1.1.14]	COG0751	GlyS	Glycyl-tRNA synthetase, beta subunit	AG-917-C08_00994	-1
CACKKI010000007.1	18398	19294	-	AG-917-C08_00994	AG-917-C08	298	OG0000870	K01878	glycyl-tRNA synthetase alpha chain [EC:6.1.1.14]	COG0752	GlyQ	Glycyl-tRNA synthetase, alpha subunit	AG-917-C08_00994	0
CACKKI010000007.1	19284	20087	-	AG-917-C08_00995	AG-917-C08	267	OG0000623	K04773	protease IV [EC:3.4.21.-]	COG0616	SppA	Periplasmic serine protease, ClpP class	AG-917-C08_00994	1
CACKKI010000007.1	20202	21215	+	AG-917-C08_00996	AG-917-C08	337	OG0000641	K02523	octaprenyl-diphosphate synthase [EC:2.5.1.90]	COG0142	IspA	Geranylgeranyl pyrophosphate synthase	AG-917-C08_00994	2
CACKKI010000007.1	21212	21838	-	AG-917-C08_00997	AG-917-C08	208	OG0000522	K00275	pyridoxamine 5'-phosphate oxidase [EC:1.4.3.5]	COG0259	PdxH	Pyridoxine/pyridoxamine 5'-phosphate oxidase	AG-917-C08_00994	3
CACKKI010000007.1	21872	22954	+	AG-917-C08_00998	AG-917-C08	360	OG0000279	K01736	chorismate synthase [EC:4.2.3.5]	COG0082	AroC	Chorismate synthase	AG-917-C08_00994	4
CACKKI010000007.1	22961	24877	-	AG-917-C08_00999	AG-917-C08	638	OG0000041	K01662	1-deoxy-D-xylulose-5-phosphate synthase [EC:2.2.1.7]	COG1154	Dxs	Deoxyxylulose-5-phosphate synthase	AG-917-C08_00994	5
CACKKP010000030.1	712	1515	+	AG-917-C11_01215	AG-917-C11	267	OG0000623	K04773	protease IV [EC:3.4.21.-]	COG0616	SppA	Periplasmic serine protease, ClpP class	AG-917-C11_01216	-1
CACKKP010000030.1	1505	2395	+	AG-917-C11_01216	AG-917-C11	296	OG0000870	K01878	glycyl-tRNA synthetase alpha chain [EC:6.1.1.14]	COG0752	GlyQ	Glycyl-tRNA synthetase, alpha subunit	AG-917-C11_01216	0
CACKLD010000005.1	11927	13957	-	AG-917-D03_00716	AG-917-D03	676	OG0001337	K16568	exopolysaccharide production protein ExoZ	COG1835	OafA	Peptidoglycan/LPS O-acetylase OafA/YrhL, contains acyltransferase and SGNH-hydrolase domains	AG-917-D03_00722	-5
CACKLD010000005.1	14232	15221	+	AG-917-D03_00718	AG-917-D03	329	OG0000316	K03517	quinolinate synthase [EC:2.5.1.72]	COG0379	NadA	Quinolinate synthase	AG-917-D03_00722	-4
CACKLD010000005.1	15227	16063	+	AG-917-D03_00719	AG-917-D03	278	OG0000370	K00767	nicotinate-nucleotide pyrophosphorylase (carboxylating) [EC:2.4.2.19]	COG0157	NadC	Nicotinate-nucleotide pyrophosphorylase	AG-917-D03_00722	-3
CACKLD010000005.1	16073	18730	-	AG-917-D03_00720	AG-917-D03	885	OG0000798	K01006	pyruvate, orthophosphate dikinase [EC:2.7.9.1]	COG0574	PpsA	Phosphoenolpyruvate synthase/pyruvate phosphate dikinase	AG-917-D03_00722	-2
CACKLD010000005.1	18731	20794	-	AG-917-D03_00721	AG-917-D03	687	OG0000882	K01879	glycyl-tRNA synthetase beta chain [EC:6.1.1.14]	COG0751	GlyS	Glycyl-tRNA synthetase, beta subunit	AG-917-D03_00722	-1
CACKLD010000005.1	20796	21680	-	AG-917-D03_00722	AG-917-D03	294	OG0000870	K01878	glycyl-tRNA synthetase alpha chain [EC:6.1.1.14]	COG0752	GlyQ	Glycyl-tRNA synthetase, alpha subunit	AG-917-D03_00722	0
CACKLD010000005.1	21670	22476	-	AG-917-D03_00723	AG-917-D03	268	OG0000623	K04773	protease IV [EC:3.4.21.-]	COG0616	SppA	Periplasmic serine protease, ClpP class	AG-917-D03_00722	1
CACKLD010000005.1	22585	23598	+	AG-917-D03_00724	AG-917-D03	337	OG0000641	K02523	octaprenyl-diphosphate synthase [EC:2.5.1.90]	COG0142	IspA	Geranylgeranyl pyrophosphate synthase	AG-917-D03_00722	2
CACKLD010000005.1	23595	24218	-	AG-917-D03_00725	AG-917-D03	207	OG0000522	K00275	pyridoxamine 5'-phosphate oxidase [EC:1.4.3.5]	COG0259	PdxH	Pyridoxine/pyridoxamine 5'-phosphate oxidase	AG-917-D03_00722	3
CACKLD010000005.1	24251	25336	+	AG-917-D03_00726	AG-917-D03	361	OG0000279	K01736	chorismate synthase [EC:4.2.3.5]	COG0082	AroC	Chorismate synthase	AG-917-D03_00722	4
CACKLD010000005.1	25333	27243	-	AG-917-D03_00727	AG-917-D03	636	OG0000041	K01662	1-deoxy-D-xylulose-5-phosphate synthase [EC:2.2.1.7]	COG1154	Dxs	Deoxyxylulose-5-phosphate synthase	AG-917-D03_00722	5
CACKLO010000010.1	12566	13513	-	AG-917-D09_00889	AG-917-D09	315	OG0000256	K03465	thymidylate synthase (FAD) [EC:2.1.1.148]	COG1351	ThyX	Thymidylate synthase ThyX, FAD-dependent family	AG-917-D09_00896	-5
CACKLO010000010.1	14140	15129	+	AG-917-D09_00892	AG-917-D09	329	OG0000316	K03517	quinolinate synthase [EC:2.5.1.72]	COG0379	NadA	Quinolinate synthase	AG-917-D09_00896	-4
CACKLO010000010.1	15135	15971	+	AG-917-D09_00893	AG-917-D09	278	OG0000370	K00767	nicotinate-nucleotide pyrophosphorylase (carboxylating) [EC:2.4.2.19]	COG0157	NadC	Nicotinate-nucleotide pyrophosphorylase	AG-917-D09_00896	-3
CACKLO010000010.1	15973	18633	-	AG-917-D09_00894	AG-917-D09	886	OG0000798	K01006	pyruvate, orthophosphate dikinase [EC:2.7.9.1]	COG0574	PpsA	Phosphoenolpyruvate synthase/pyruvate phosphate dikinase	AG-917-D09_00896	-2
CACKLO010000010.1	18633	20696	-	AG-917-D09_00895	AG-917-D09	687	OG0000882	K01879	glycyl-tRNA synthetase beta chain [EC:6.1.1.14]	COG0751	GlyS	Glycyl-tRNA synthetase, beta subunit	AG-917-D09_00896	-1
CACKLO010000010.1	20698	21582	-	AG-917-D09_00896	AG-917-D09	294	OG0000870	K01878	glycyl-tRNA synthetase alpha chain [EC:6.1.1.14]	COG0752	GlyQ	Glycyl-tRNA synthetase, alpha subunit	AG-917-D09_00896	0
CACKLO010000010.1	21572	22381	-	AG-917-D09_00897	AG-917-D09	269	OG0000623	K04773	protease IV [EC:3.4.21.-]	COG0616	SppA	Periplasmic serine protease, ClpP class	AG-917-D09_00896	1
CACKLO010000010.1	22491	23504	+	AG-917-D09_00898	AG-917-D09	337	OG0000641	K02523	octaprenyl-diphosphate synthase [EC:2.5.1.90]	COG0142	IspA	Geranylgeranyl pyrophosphate synthase	AG-917-D09_00896	2
CACKLO010000010.1	23501	24124	-	AG-917-D09_00899	AG-917-D09	207	OG0000522	K00275	pyridoxamine 5'-phosphate oxidase [EC:1.4.3.5]	COG0259	PdxH	Pyridoxine/pyridoxamine 5'-phosphate oxidase	AG-917-D09_00896	3
CACKLO010000010.1	24157	25242	+	AG-917-D09_00900	AG-917-D09	361	OG0000279	K01736	chorismate synthase [EC:4.2.3.5]	COG0082	AroC	Chorismate synthase	AG-917-D09_00896	4
CACKLO010000010.1	25239	27149	-	AG-917-D09_00901	AG-917-D09	636	OG0000041	K01662	1-deoxy-D-xylulose-5-phosphate synthase [EC:2.2.1.7]	COG1154	Dxs	Deoxyxylulose-5-phosphate synthase	AG-917-D09_00896	5
CACKLR010000045.1	215	670	+	AG-917-D14_01311	AG-917-D14	151	OG0000623	NA	NA	COG0616	SppA	Periplasmic serine protease, ClpP class	AG-917-D14_01312	-1
CACKLR010000045.1	660	1544	+	AG-917-D14_01312	AG-917-D14	294	OG0000870	K01878	glycyl-tRNA synthetase alpha chain [EC:6.1.1.14]	COG0752	GlyQ	Glycyl-tRNA synthetase, alpha subunit	AG-917-D14_01312	0
CACKMB010000002.1	183248	184195	-	AG-917-D23_00397	AG-917-D23	315	OG0000256	K03465	thymidylate synthase (FAD) [EC:2.1.1.148]	COG1351	ThyX	Thymidylate synthase ThyX, FAD-dependent family	AG-917-D23_00404	-5
CACKMB010000002.1	184659	185648	+	AG-917-D23_00400	AG-917-D23	329	OG0000316	K03517	quinolinate synthase [EC:2.5.1.72]	COG0379	NadA	Quinolinate synthase	AG-917-D23_00404	-4
CACKMB010000002.1	185654	186490	+	AG-917-D23_00401	AG-917-D23	278	OG0000370	K00767	nicotinate-nucleotide pyrophosphorylase (carboxylating) [EC:2.4.2.19]	COG0157	NadC	Nicotinate-nucleotide pyrophosphorylase	AG-917-D23_00404	-3
CACKMB010000002.1	186494	189157	-	AG-917-D23_00402	AG-917-D23	887	OG0000798	K01006	pyruvate, orthophosphate dikinase [EC:2.7.9.1]	COG0574	PpsA	Phosphoenolpyruvate synthase/pyruvate phosphate dikinase	AG-917-D23_00404	-2
CACKMB010000002.1	189158	191221	-	AG-917-D23_00403	AG-917-D23	687	OG0000882	K01879	glycyl-tRNA synthetase beta chain [EC:6.1.1.14]	COG0751	GlyS	Glycyl-tRNA synthetase, beta subunit	AG-917-D23_00404	-1
CACKMB010000002.1	191223	192107	-	AG-917-D23_00404	AG-917-D23	294	OG0000870	K01878	glycyl-tRNA synthetase alpha chain [EC:6.1.1.14]	COG0752	GlyQ	Glycyl-tRNA synthetase, alpha subunit	AG-917-D23_00404	0
CACKMB010000002.1	192097	192903	-	AG-917-D23_00405	AG-917-D23	268	OG0000623	K04773	protease IV [EC:3.4.21.-]	COG0616	SppA	Periplasmic serine protease, ClpP class	AG-917-D23_00404	1
CACKMB010000002.1	193012	194025	+	AG-917-D23_00406	AG-917-D23	337	OG0000641	K02523	octaprenyl-diphosphate synthase [EC:2.5.1.90]	COG0142	IspA	Geranylgeranyl pyrophosphate synthase	AG-917-D23_00404	2
CACKMB010000002.1	194022	194645	-	AG-917-D23_00407	AG-917-D23	207	OG0000522	K00275	pyridoxamine 5'-phosphate oxidase [EC:1.4.3.5]	COG0259	PdxH	Pyridoxine/pyridoxamine 5'-phosphate oxidase	AG-917-D23_00404	3
CACKMB010000002.1	194678	195763	+	AG-917-D23_00408	AG-917-D23	361	OG0000279	K01736	chorismate synthase [EC:4.2.3.5]	COG0082	AroC	Chorismate synthase	AG-917-D23_00404	4
CACKMB010000002.1	195760	197670	-	AG-917-D23_00409	AG-917-D23	636	OG0000041	K01662	1-deoxy-D-xylulose-5-phosphate synthase [EC:2.2.1.7]	COG1154	Dxs	Deoxyxylulose-5-phosphate synthase	AG-917-D23_00404	5
CACKMS010000003.1	56988	58898	+	AG-917-E05_00398	AG-917-E05	636	OG0000041	K01662	1-deoxy-D-xylulose-5-phosphate synthase [EC:2.2.1.7]	COG1154	Dxs	Deoxyxylulose-5-phosphate synthase	AG-917-E05_00403	-5
CACKMS010000003.1	58895	59980	-	AG-917-E05_00399	AG-917-E05	361	OG0000279	K01736	chorismate synthase [EC:4.2.3.5]	COG0082	AroC	Chorismate synthase	AG-917-E05_00403	-4
CACKMS010000003.1	60013	60636	+	AG-917-E05_00400	AG-917-E05	207	OG0000522	K00275	pyridoxamine 5'-phosphate oxidase [EC:1.4.3.5]	COG0259	PdxH	Pyridoxine/pyridoxamine 5'-phosphate oxidase	AG-917-E05_00403	-3
CACKMS010000003.1	60633	61646	-	AG-917-E05_00401	AG-917-E05	337	OG0000641	K02523	octaprenyl-diphosphate synthase [EC:2.5.1.90]	COG0142	IspA	Geranylgeranyl pyrophosphate synthase	AG-917-E05_00403	-2
CACKMS010000003.1	61756	62565	+	AG-917-E05_00402	AG-917-E05	269	OG0000623	K04773	protease IV [EC:3.4.21.-]	COG0616	SppA	Periplasmic serine protease, ClpP class	AG-917-E05_00403	-1
CACKMS010000003.1	62555	63439	+	AG-917-E05_00403	AG-917-E05	294	OG0000870	K01878	glycyl-tRNA synthetase alpha chain [EC:6.1.1.14]	COG0752	GlyQ	Glycyl-tRNA synthetase, alpha subunit	AG-917-E05_00403	0
CACKMS010000003.1	63441	65504	+	AG-917-E05_00404	AG-917-E05	687	OG0000882	K01879	glycyl-tRNA synthetase beta chain [EC:6.1.1.14]	COG0751	GlyS	Glycyl-tRNA synthetase, beta subunit	AG-917-E05_00403	1
CACKMS010000003.1	65504	68164	+	AG-917-E05_00405	AG-917-E05	886	OG0000798	K01006	pyruvate, orthophosphate dikinase [EC:2.7.9.1]	COG0574	PpsA	Phosphoenolpyruvate synthase/pyruvate phosphate dikinase	AG-917-E05_00403	2
CACKMS010000003.1	68166	69002	-	AG-917-E05_00406	AG-917-E05	278	OG0000370	K00767	nicotinate-nucleotide pyrophosphorylase (carboxylating) [EC:2.4.2.19]	COG0157	NadC	Nicotinate-nucleotide pyrophosphorylase	AG-917-E05_00403	3
CACKMS010000003.1	69008	69997	-	AG-917-E05_00407	AG-917-E05	329	OG0000316	K03517	quinolinate synthase [EC:2.5.1.72]	COG0379	NadA	Quinolinate synthase	AG-917-E05_00403	4
CACKMS010000003.1	70332	70796	-	AG-917-E05_00409	AG-917-E05	154	NA	NA	NA	NA	NA	NA	AG-917-E05_00403	5
CACKNW010000003.1	99841	100788	-	AG-917-F16_00436	AG-917-F16	315	OG0000256	K03465	thymidylate synthase (FAD) [EC:2.1.1.148]	COG1351	ThyX	Thymidylate synthase ThyX, FAD-dependent family	AG-917-F16_00443	-5
CACKNW010000003.1	101256	102245	+	AG-917-F16_00439	AG-917-F16	329	OG0000316	K03517	quinolinate synthase [EC:2.5.1.72]	COG0379	NadA	Quinolinate synthase	AG-917-F16_00443	-4
CACKNW010000003.1	102251	103084	+	AG-917-F16_00440	AG-917-F16	277	OG0000370	K00767	nicotinate-nucleotide pyrophosphorylase (carboxylating) [EC:2.4.2.19]	COG0157	NadC	Nicotinate-nucleotide pyrophosphorylase	AG-917-F16_00443	-3
CACKNW010000003.1	103127	105784	-	AG-917-F16_00441	AG-917-F16	885	OG0000798	K01006	pyruvate, orthophosphate dikinase [EC:2.7.9.1]	COG0574	PpsA	Phosphoenolpyruvate synthase/pyruvate phosphate dikinase	AG-917-F16_00443	-2
CACKNW010000003.1	105765	107852	-	AG-917-F16_00442	AG-917-F16	695	OG0000882	K01879	glycyl-tRNA synthetase beta chain [EC:6.1.1.14]	COG0751	GlyS	Glycyl-tRNA synthetase, beta subunit	AG-917-F16_00443	-1
CACKNW010000003.1	107853	108725	-	AG-917-F16_00443	AG-917-F16	290	OG0000870	K01878	glycyl-tRNA synthetase alpha chain [EC:6.1.1.14]	COG0752	GlyQ	Glycyl-tRNA synthetase, alpha subunit	AG-917-F16_00443	0
CACKNW010000003.1	108715	109521	-	AG-917-F16_00444	AG-917-F16	268	OG0000623	K04773	protease IV [EC:3.4.21.-]	COG0616	SppA	Periplasmic serine protease, ClpP class	AG-917-F16_00443	1
CACKNW010000003.1	109631	110644	+	AG-917-F16_00445	AG-917-F16	337	OG0000641	K02523	octaprenyl-diphosphate synthase [EC:2.5.1.90]	COG0142	IspA	Geranylgeranyl pyrophosphate synthase	AG-917-F16_00443	2
CACKNW010000003.1	110641	111267	-	AG-917-F16_00446	AG-917-F16	208	OG0000522	K00275	pyridoxamine 5'-phosphate oxidase [EC:1.4.3.5]	COG0259	PdxH	Pyridoxine/pyridoxamine 5'-phosphate oxidase	AG-917-F16_00443	3
CACKNW010000003.1	111300	112385	+	AG-917-F16_00447	AG-917-F16	361	OG0000279	K01736	chorismate synthase [EC:4.2.3.5]	COG0082	AroC	Chorismate synthase	AG-917-F16_00443	4
CACKNW010000003.1	112382	114295	-	AG-917-F16_00448	AG-917-F16	637	OG0000041	K01662	1-deoxy-D-xylulose-5-phosphate synthase [EC:2.2.1.7]	COG1154	Dxs	Deoxyxylulose-5-phosphate synthase	AG-917-F16_00443	5
CACKNV010000005.1	43204	45123	+	AG-917-F18_00885	AG-917-F18	639	OG0000041	K01662	1-deoxy-D-xylulose-5-phosphate synthase [EC:2.2.1.7]	COG1154	Dxs	Deoxyxylulose-5-phosphate synthase	AG-917-F18_00890	-5
CACKNV010000005.1	45120	46202	-	AG-917-F18_00886	AG-917-F18	360	OG0000279	K01736	chorismate synthase [EC:4.2.3.5]	COG0082	AroC	Chorismate synthase	AG-917-F18_00890	-4
CACKNV010000005.1	46237	46869	+	AG-917-F18_00887	AG-917-F18	210	OG0000522	K00275	pyridoxamine 5'-phosphate oxidase [EC:1.4.3.5]	COG0259	PdxH	Pyridoxine/pyridoxamine 5'-phosphate oxidase	AG-917-F18_00890	-3
CACKNV010000005.1	46866	47879	-	AG-917-F18_00888	AG-917-F18	337	OG0000641	K02523	octaprenyl-diphosphate synthase [EC:2.5.1.90]	COG0142	IspA	Geranylgeranyl pyrophosphate synthase	AG-917-F18_00890	-2
CACKNV010000005.1	48025	48837	+	AG-917-F18_00889	AG-917-F18	270	OG0000623	K04773	protease IV [EC:3.4.21.-]	COG0616	SppA	Periplasmic serine protease, ClpP class	AG-917-F18_00890	-1
CACKNV010000005.1	48838	49734	+	AG-917-F18_00890	AG-917-F18	298	OG0000870	K01878	glycyl-tRNA synthetase alpha chain [EC:6.1.1.14]	COG0752	GlyQ	Glycyl-tRNA synthetase, alpha subunit	AG-917-F18_00890	0
CACKNV010000005.1	49738	51792	+	AG-917-F18_00891	AG-917-F18	684	OG0000882	K01879	glycyl-tRNA synthetase beta chain [EC:6.1.1.14]	COG0751	GlyS	Glycyl-tRNA synthetase, beta subunit	AG-917-F18_00890	1
CACKNV010000005.1	51792	54452	+	AG-917-F18_00892	AG-917-F18	886	OG0000798	K01006	pyruvate, orthophosphate dikinase [EC:2.7.9.1]	COG0574	PpsA	Phosphoenolpyruvate synthase/pyruvate phosphate dikinase	AG-917-F18_00890	2
CACKNV010000005.1	54441	55271	-	AG-917-F18_00893	AG-917-F18	276	OG0000370	K00767	nicotinate-nucleotide pyrophosphorylase (carboxylating) [EC:2.4.2.19]	COG0157	NadC	Nicotinate-nucleotide pyrophosphorylase	AG-917-F18_00890	3
CACKNV010000005.1	55276	56265	-	AG-917-F18_00894	AG-917-F18	329	OG0000316	K03517	quinolinate synthase [EC:2.5.1.72]	COG0379	NadA	Quinolinate synthase	AG-917-F18_00890	4
CACKNV010000005.1	56529	57410	-	AG-917-F18_00896	AG-917-F18	293	OG0000660	NA	NA	COG0354	YgfZ	Folate-binding protein YgfZ, synthesis and repair of Fe-S clusters, tRNA thiomethylation	AG-917-F18_00890	5
CACKQD010000002.1	39821	41737	+	AG-917-I17_00628	AG-917-I17	638	OG0000041	K01662	1-deoxy-D-xylulose-5-phosphate synthase [EC:2.2.1.7]	COG1154	Dxs	Deoxyxylulose-5-phosphate synthase	AG-917-I17_00633	-5
CACKQD010000002.1	41744	42826	-	AG-917-I17_00629	AG-917-I17	360	OG0000279	K01736	chorismate synthase [EC:4.2.3.5]	COG0082	AroC	Chorismate synthase	AG-917-I17_00633	-4
CACKQD010000002.1	42860	43486	+	AG-917-I17_00630	AG-917-I17	208	OG0000522	K00275	pyridoxamine 5'-phosphate oxidase [EC:1.4.3.5]	COG0259	PdxH	Pyridoxine/pyridoxamine 5'-phosphate oxidase	AG-917-I17_00633	-3
CACKQD010000002.1	43483	44496	-	AG-917-I17_00631	AG-917-I17	337	OG0000641	K02523	octaprenyl-diphosphate synthase [EC:2.5.1.90]	COG0142	IspA	Geranylgeranyl pyrophosphate synthase	AG-917-I17_00633	-2
CACKQD010000002.1	44611	45414	+	AG-917-I17_00632	AG-917-I17	267	OG0000623	K04773	protease IV [EC:3.4.21.-]	COG0616	SppA	Periplasmic serine protease, ClpP class	AG-917-I17_00633	-1
CACKQD010000002.1	45404	46300	+	AG-917-I17_00633	AG-917-I17	298	OG0000870	K01878	glycyl-tRNA synthetase alpha chain [EC:6.1.1.14]	COG0752	GlyQ	Glycyl-tRNA synthetase, alpha subunit	AG-917-I17_00633	0
CACKQD010000002.1	46303	48372	+	AG-917-I17_00634	AG-917-I17	689	OG0000882	K01879	glycyl-tRNA synthetase beta chain [EC:6.1.1.14]	COG0751	GlyS	Glycyl-tRNA synthetase, beta subunit	AG-917-I17_00633	1
CACKQD010000002.1	48369	51026	+	AG-917-I17_00635	AG-917-I17	885	OG0000798	K01006	pyruvate, orthophosphate dikinase [EC:2.7.9.1]	COG0574	PpsA	Phosphoenolpyruvate synthase/pyruvate phosphate dikinase	AG-917-I17_00633	2
CACKQD010000002.1	51185	52237	+	AG-917-I17_00636	AG-917-I17	350	OG0001376	K00558	DNA (cytosine-5)-methyltransferase 1 [EC:2.1.1.37]	COG0270	Dcm	DNA-cytosine methylase Dcm or eukaryotic tRNA-C38 C5-methylase, Dcm/DNMT2/TRDMT1 family	AG-917-I17_00633	3
CACKQD010000002.1	52227	53330	+	AG-917-I17_00637	AG-917-I17	367	OG0001196	NA	NA	NA	NA	NA	AG-917-I17_00633	4
CACKQD010000002.1	53320	54057	+	AG-917-I17_00638	AG-917-I17	245	OG0001611	NA	NA	NA	NA	NA	AG-917-I17_00633	5
CACKQQ010000002.1	54830	56746	+	AG-917-J06_00299	AG-917-J06	638	OG0000041	K01662	1-deoxy-D-xylulose-5-phosphate synthase [EC:2.2.1.7]	COG1154	Dxs	Deoxyxylulose-5-phosphate synthase	AG-917-J06_00304	-5
CACKQQ010000002.1	56753	57835	-	AG-917-J06_00300	AG-917-J06	360	OG0000279	K01736	chorismate synthase [EC:4.2.3.5]	COG0082	AroC	Chorismate synthase	AG-917-J06_00304	-4
CACKQQ010000002.1	57869	58495	+	AG-917-J06_00301	AG-917-J06	208	OG0000522	K00275	pyridoxamine 5'-phosphate oxidase [EC:1.4.3.5]	COG0259	PdxH	Pyridoxine/pyridoxamine 5'-phosphate oxidase	AG-917-J06_00304	-3
CACKQQ010000002.1	58492	59505	-	AG-917-J06_00302	AG-917-J06	337	OG0000641	K02523	octaprenyl-diphosphate synthase [EC:2.5.1.90]	COG0142	IspA	Geranylgeranyl pyrophosphate synthase	AG-917-J06_00304	-2
CACKQQ010000002.1	59621	60427	+	AG-917-J06_00303	AG-917-J06	268	OG0000623	K04773	protease IV [EC:3.4.21.-]	COG0616	SppA	Periplasmic serine protease, ClpP class	AG-917-J06_00304	-1
CACKQQ010000002.1	60393	61298	+	AG-917-J06_00304	AG-917-J06	301	OG0000870	K01878	glycyl-tRNA synthetase alpha chain [EC:6.1.1.14]	COG0752	GlyQ	Glycyl-tRNA synthetase, alpha subunit	AG-917-J06_00304	0
CACKQQ010000002.1	61298	63364	+	AG-917-J06_00305	AG-917-J06	688	OG0000882	K01879	glycyl-tRNA synthetase beta chain [EC:6.1.1.14]	COG0751	GlyS	Glycyl-tRNA synthetase, beta subunit	AG-917-J06_00304	1
CACKQQ010000002.1	63364	66027	+	AG-917-J06_00306	AG-917-J06	887	OG0000798	K01006	pyruvate, orthophosphate dikinase [EC:2.7.9.1]	COG0574	PpsA	Phosphoenolpyruvate synthase/pyruvate phosphate dikinase	AG-917-J06_00304	2
CACKQQ010000002.1	66039	67235	+	AG-917-J06_00307	AG-917-J06	398	OG0002721	NA	NA	NA	NA	NA	AG-917-J06_00304	3
CACKQQ010000002.1	67251	68945	-	AG-917-J06_00308	AG-917-J06	564	OG0001054	K00612	carbamoyltransferase [EC:2.1.3.-]	COG2192	NA	Predicted carbamoyl transferase, NodU family	AG-917-J06_00304	4
CACKQQ010000002.1	68992	69756	-	AG-917-J06_00309	AG-917-J06	254	OG0003320	NA	NA	COG2120	LmbE	N-acetylglucosaminyl deacetylase, LmbE family	AG-917-J06_00304	5
CACLSR010000003.1	19668	20615	-	AG-917-K06_00686	AG-917-K06	315	OG0000256	K03465	thymidylate synthase (FAD) [EC:2.1.1.148]	COG1351	ThyX	Thymidylate synthase ThyX, FAD-dependent family	AG-917-K06_00692	-5
CACLSR010000003.1	20972	22423	-	AG-917-K06_00688	AG-917-K06	483	OG0002302	NA	NA	COG1221	PspF	Transcriptional regulators containing sigma54-interacting ATPase domain	AG-917-K06_00692	-4
CACLSR010000003.1	22438	23220	-	AG-917-K06_00689	AG-917-K06	260	OG0001271	NA	NA	NA	NA	NA	AG-917-K06_00692	-3
CACLSR010000003.1	23239	25896	-	AG-917-K06_00690	AG-917-K06	885	OG0000798	K01006	pyruvate, orthophosphate dikinase [EC:2.7.9.1]	COG0574	PpsA	Phosphoenolpyruvate synthase/pyruvate phosphate dikinase	AG-917-K06_00692	-2
CACLSR010000003.1	25889	27961	-	AG-917-K06_00691	AG-917-K06	690	OG0000882	K01879	glycyl-tRNA synthetase beta chain [EC:6.1.1.14]	COG0751	GlyS	Glycyl-tRNA synthetase, beta subunit	AG-917-K06_00692	-1
CACLSR010000003.1	27963	28844	-	AG-917-K06_00692	AG-917-K06	293	OG0000870	K01878	glycyl-tRNA synthetase alpha chain [EC:6.1.1.14]	COG0752	GlyQ	Glycyl-tRNA synthetase, alpha subunit	AG-917-K06_00692	0
CACLSR010000003.1	28834	29640	-	AG-917-K06_00693	AG-917-K06	268	OG0000623	K04773	protease IV [EC:3.4.21.-]	COG0616	SppA	Periplasmic serine protease, ClpP class	AG-917-K06_00692	1
CACLSR010000003.1	29754	30767	+	AG-917-K06_00694	AG-917-K06	337	OG0000641	K02523	octaprenyl-diphosphate synthase [EC:2.5.1.90]	COG0142	IspA	Geranylgeranyl pyrophosphate synthase	AG-917-K06_00692	2
CACLSR010000003.1	30764	31390	-	AG-917-K06_00695	AG-917-K06	208	OG0000522	K00275	pyridoxamine 5'-phosphate oxidase [EC:1.4.3.5]	COG0259	PdxH	Pyridoxine/pyridoxamine 5'-phosphate oxidase	AG-917-K06_00692	3
CACLSR010000003.1	31424	32506	+	AG-917-K06_00696	AG-917-K06	360	OG0000279	K01736	chorismate synthase [EC:4.2.3.5]	COG0082	AroC	Chorismate synthase	AG-917-K06_00692	4
CACLSR010000003.1	32512	34425	-	AG-917-K06_00697	AG-917-K06	637	OG0000041	K01662	1-deoxy-D-xylulose-5-phosphate synthase [EC:2.2.1.7]	COG1154	Dxs	Deoxyxylulose-5-phosphate synthase	AG-917-K06_00692	5
CACLTL010000001.1	28324	30249	+	AG-917-K20_00034	AG-917-K20	641	OG0000041	K01662	1-deoxy-D-xylulose-5-phosphate synthase [EC:2.2.1.7]	COG1154	Dxs	Deoxyxylulose-5-phosphate synthase	AG-917-K20_00039	-5
CACLTL010000001.1	30246	31328	-	AG-917-K20_00035	AG-917-K20	360	OG0000279	K01736	chorismate synthase [EC:4.2.3.5]	COG0082	AroC	Chorismate synthase	AG-917-K20_00039	-4
CACLTL010000001.1	31363	31995	+	AG-917-K20_00036	AG-917-K20	210	OG0000522	K00275	pyridoxamine 5'-phosphate oxidase [EC:1.4.3.5]	COG0259	PdxH	Pyridoxine/pyridoxamine 5'-phosphate oxidase	AG-917-K20_00039	-3
CACLTL010000001.1	31992	33005	-	AG-917-K20_00037	AG-917-K20	337	OG0000641	K02523	octaprenyl-diphosphate synthase [EC:2.5.1.90]	COG0142	IspA	Geranylgeranyl pyrophosphate synthase	AG-917-K20_00039	-2
CACLTL010000001.1	33151	33963	+	AG-917-K20_00038	AG-917-K20	270	OG0000623	K04773	protease IV [EC:3.4.21.-]	COG0616	SppA	Periplasmic serine protease, ClpP class	AG-917-K20_00039	-1
CACLTL010000001.1	33964	34860	+	AG-917-K20_00039	AG-917-K20	298	OG0000870	K01878	glycyl-tRNA synthetase alpha chain [EC:6.1.1.14]	COG0752	GlyQ	Glycyl-tRNA synthetase, alpha subunit	AG-917-K20_00039	0
CACLTL010000001.1	34864	36918	+	AG-917-K20_00040	AG-917-K20	684	OG0000882	K01879	glycyl-tRNA synthetase beta chain [EC:6.1.1.14]	COG0751	GlyS	Glycyl-tRNA synthetase, beta subunit	AG-917-K20_00039	1
CACLTL010000001.1	36918	39578	+	AG-917-K20_00041	AG-917-K20	886	OG0000798	K01006	pyruvate, orthophosphate dikinase [EC:2.7.9.1]	COG0574	PpsA	Phosphoenolpyruvate synthase/pyruvate phosphate dikinase	AG-917-K20_00039	2
CACLTL010000001.1	39571	40401	-	AG-917-K20_00042	AG-917-K20	276	OG0000370	K00767	nicotinate-nucleotide pyrophosphorylase (carboxylating) [EC:2.4.2.19]	COG0157	NadC	Nicotinate-nucleotide pyrophosphorylase	AG-917-K20_00039	3
CACLTL010000001.1	40406	41395	-	AG-917-K20_00043	AG-917-K20	329	OG0000316	K03517	quinolinate synthase [EC:2.5.1.72]	COG0379	NadA	Quinolinate synthase	AG-917-K20_00039	4
CACLTL010000001.1	41658	42539	-	AG-917-K20_00045	AG-917-K20	293	OG0000660	NA	NA	COG0354	YgfZ	Folate-binding protein YgfZ, synthesis and repair of Fe-S clusters, tRNA thiomethylation	AG-917-K20_00039	5
CACLXR010000003.1	25804	26751	-	AG-917-O20_00429	AG-917-O20	315	OG0000256	K03465	thymidylate synthase (FAD) [EC:2.1.1.148]	COG1351	ThyX	Thymidylate synthase ThyX, FAD-dependent family	AG-917-O20_00435	-5
CACLXR010000003.1	27130	28500	+	AG-917-O20_00431	AG-917-O20	456	OG0001144	NA	NA	COG2133	YliI	Glucose/arabinose dehydrogenase, beta-propeller fold	AG-917-O20_00435	-4
CACLXR010000003.1	28507	29286	-	AG-917-O20_00432	AG-917-O20	259	OG0001271	NA	NA	NA	NA	NA	AG-917-O20_00435	-3
CACLXR010000003.1	29305	31962	-	AG-917-O20_00433	AG-917-O20	885	OG0000798	K01006	pyruvate, orthophosphate dikinase [EC:2.7.9.1]	COG0574	PpsA	Phosphoenolpyruvate synthase/pyruvate phosphate dikinase	AG-917-O20_00435	-2
CACLXR010000003.1	31955	34027	-	AG-917-O20_00434	AG-917-O20	690	OG0000882	K01879	glycyl-tRNA synthetase beta chain [EC:6.1.1.14]	COG0751	GlyS	Glycyl-tRNA synthetase, beta subunit	AG-917-O20_00435	-1
CACLXR010000003.1	34029	34910	-	AG-917-O20_00435	AG-917-O20	293	OG0000870	K01878	glycyl-tRNA synthetase alpha chain [EC:6.1.1.14]	COG0752	GlyQ	Glycyl-tRNA synthetase, alpha subunit	AG-917-O20_00435	0
CACLXR010000003.1	34900	35706	-	AG-917-O20_00436	AG-917-O20	268	OG0000623	K04773	protease IV [EC:3.4.21.-]	COG0616	SppA	Periplasmic serine protease, ClpP class	AG-917-O20_00435	1
CACLXR010000003.1	35820	36833	+	AG-917-O20_00437	AG-917-O20	337	OG0000641	K02523	octaprenyl-diphosphate synthase [EC:2.5.1.90]	COG0142	IspA	Geranylgeranyl pyrophosphate synthase	AG-917-O20_00435	2
CACLXR010000003.1	36830	37456	-	AG-917-O20_00438	AG-917-O20	208	OG0000522	K00275	pyridoxamine 5'-phosphate oxidase [EC:1.4.3.5]	COG0259	PdxH	Pyridoxine/pyridoxamine 5'-phosphate oxidase	AG-917-O20_00435	3
CACLXR010000003.1	37490	38572	+	AG-917-O20_00439	AG-917-O20	360	OG0000279	K01736	chorismate synthase [EC:4.2.3.5]	COG0082	AroC	Chorismate synthase	AG-917-O20_00435	4
CACLXR010000003.1	38578	40491	-	AG-917-O20_00440	AG-917-O20	637	OG0000041	K01662	1-deoxy-D-xylulose-5-phosphate synthase [EC:2.2.1.7]	COG1154	Dxs	Deoxyxylulose-5-phosphate synthase	AG-917-O20_00435	5
CACPFM010000003.1	40421	42337	+	AG-917-P07_00408	AG-917-P07	638	OG0000041	K01662	1-deoxy-D-xylulose-5-phosphate synthase [EC:2.2.1.7]	COG1154	Dxs	Deoxyxylulose-5-phosphate synthase	AG-917-P07_00413	-5
CACPFM010000003.1	42344	43426	-	AG-917-P07_00409	AG-917-P07	360	OG0000279	K01736	chorismate synthase [EC:4.2.3.5]	COG0082	AroC	Chorismate synthase	AG-917-P07_00413	-4
CACPFM010000003.1	43460	44086	+	AG-917-P07_00410	AG-917-P07	208	OG0000522	K00275	pyridoxamine 5'-phosphate oxidase [EC:1.4.3.5]	COG0259	PdxH	Pyridoxine/pyridoxamine 5'-phosphate oxidase	AG-917-P07_00413	-3
CACPFM010000003.1	44083	45096	-	AG-917-P07_00411	AG-917-P07	337	OG0000641	K02523	octaprenyl-diphosphate synthase [EC:2.5.1.90]	COG0142	IspA	Geranylgeranyl pyrophosphate synthase	AG-917-P07_00413	-2
CACPFM010000003.1	45211	46014	+	AG-917-P07_00412	AG-917-P07	267	OG0000623	K04773	protease IV [EC:3.4.21.-]	COG0616	SppA	Periplasmic serine protease, ClpP class	AG-917-P07_00413	-1
CACPFM010000003.1	46004	46894	+	AG-917-P07_00413	AG-917-P07	296	OG0000870	K01878	glycyl-tRNA synthetase alpha chain [EC:6.1.1.14]	COG0752	GlyQ	Glycyl-tRNA synthetase, alpha subunit	AG-917-P07_00413	0
CACPFM010000003.1	46897	48966	+	AG-917-P07_00414	AG-917-P07	689	OG0000882	K01879	glycyl-tRNA synthetase beta chain [EC:6.1.1.14]	COG0751	GlyS	Glycyl-tRNA synthetase, beta subunit	AG-917-P07_00413	1
CACPFM010000003.1	48963	51620	+	AG-917-P07_00415	AG-917-P07	885	OG0000798	K01006	pyruvate, orthophosphate dikinase [EC:2.7.9.1]	COG0574	PpsA	Phosphoenolpyruvate synthase/pyruvate phosphate dikinase	AG-917-P07_00413	2
CACPFM010000003.1	51811	52881	+	AG-917-P07_00417	AG-917-P07	356	OG0000256	K03465	thymidylate synthase (FAD) [EC:2.1.1.148]	COG1351	ThyX	Thymidylate synthase ThyX, FAD-dependent family	AG-917-P07_00413	3
CACPFM010000003.1	52862	53686	-	AG-917-P07_00418	AG-917-P07	274	OG0000361	K03593	ATP-binding protein involved in chromosome partitioning	COG0489	Mrp	Fe-S cluster carrier ATPase, Mrp/ApbC/NBP35 family	AG-917-P07_00413	4
CACPFM010000003.1	53738	54841	+	AG-917-P07_00419	AG-917-P07	367	OG0000394	K04088	modulator of FtsH protease HflK	COG0330	HflC	Regulator of protease activity HflC, stomatin/prohibitin superfamily	AG-917-P07_00413	5
CACLYY010000001.1	301300	303213	+	AG-918-B06_00332	AG-918-B06	637	OG0000041	K01662	1-deoxy-D-xylulose-5-phosphate synthase [EC:2.2.1.7]	COG1154	Dxs	Deoxyxylulose-5-phosphate synthase	AG-918-B06_00337	-5
CACLYY010000001.1	303210	304295	-	AG-918-B06_00333	AG-918-B06	361	OG0000279	K01736	chorismate synthase [EC:4.2.3.5]	COG0082	AroC	Chorismate synthase	AG-918-B06_00337	-4
CACLYY010000001.1	304328	304951	+	AG-918-B06_00334	AG-918-B06	207	OG0000522	K00275	pyridoxamine 5'-phosphate oxidase [EC:1.4.3.5]	COG0259	PdxH	Pyridoxine/pyridoxamine 5'-phosphate oxidase	AG-918-B06_00337	-3
CACLYY010000001.1	304948	305961	-	AG-918-B06_00335	AG-918-B06	337	OG0000641	K02523	octaprenyl-diphosphate synthase [EC:2.5.1.90]	COG0142	IspA	Geranylgeranyl pyrophosphate synthase	AG-918-B06_00337	-2
CACLYY010000001.1	306072	306881	+	AG-918-B06_00336	AG-918-B06	269	OG0000623	K04773	protease IV [EC:3.4.21.-]	COG0616	SppA	Periplasmic serine protease, ClpP class	AG-918-B06_00337	-1
CACLYY010000001.1	306871	307743	+	AG-918-B06_00337	AG-918-B06	290	OG0000870	K01878	glycyl-tRNA synthetase alpha chain [EC:6.1.1.14]	COG0752	GlyQ	Glycyl-tRNA synthetase, alpha subunit	AG-918-B06_00337	0
CACLYY010000001.1	307743	309806	+	AG-918-B06_00338	AG-918-B06	687	OG0000882	K01879	glycyl-tRNA synthetase beta chain [EC:6.1.1.14]	COG0751	GlyS	Glycyl-tRNA synthetase, beta subunit	AG-918-B06_00337	1
CACLYY010000001.1	309808	312468	+	AG-918-B06_00339	AG-918-B06	886	OG0000798	K01006	pyruvate, orthophosphate dikinase [EC:2.7.9.1]	COG0574	PpsA	Phosphoenolpyruvate synthase/pyruvate phosphate dikinase	AG-918-B06_00337	2
CACLYY010000001.1	312465	313301	-	AG-918-B06_00340	AG-918-B06	278	OG0000370	K00767	nicotinate-nucleotide pyrophosphorylase (carboxylating) [EC:2.4.2.19]	COG0157	NadC	Nicotinate-nucleotide pyrophosphorylase	AG-918-B06_00337	3
CACLYY010000001.1	313307	314296	-	AG-918-B06_00341	AG-918-B06	329	OG0000316	K03517	quinolinate synthase [EC:2.5.1.72]	COG0379	NadA	Quinolinate synthase	AG-918-B06_00337	4
CACLYY010000001.1	314765	315712	+	AG-918-B06_00344	AG-918-B06	315	OG0000256	K03465	thymidylate synthase (FAD) [EC:2.1.1.148]	COG1351	ThyX	Thymidylate synthase ThyX, FAD-dependent family	AG-918-B06_00337	5
CACMAX010000001.1	53661	54746	-	AG-918-E02_00065	AG-918-E02	361	OG0000279	K01736	chorismate synthase [EC:4.2.3.5]	COG0082	AroC	Chorismate synthase	AG-918-E02_00070	-5
CACMAX010000001.1	54779	55402	+	AG-918-E02_00066	AG-918-E02	207	OG0000522	K00275	pyridoxamine 5'-phosphate oxidase [EC:1.4.3.5]	COG0259	PdxH	Pyridoxine/pyridoxamine 5'-phosphate oxidase	AG-918-E02_00070	-4
CACMAX010000001.1	55399	56412	-	AG-918-E02_00067	AG-918-E02	337	OG0000641	K02523	octaprenyl-diphosphate synthase [EC:2.5.1.90]	COG0142	IspA	Geranylgeranyl pyrophosphate synthase	AG-918-E02_00070	-3
CACMAX010000001.1	56521	57045	+	AG-918-E02_00068	AG-918-E02	174	OG0000623	NA	NA	COG0616	SppA	Periplasmic serine protease, ClpP class	AG-918-E02_00070	-2
CACMAX010000001.1	57143	57328	+	AG-918-E02_00069	AG-918-E02	61	OG0000623	NA	NA	NA	NA	NA	AG-918-E02_00070	-1
CACMAX010000001.1	57318	58202	+	AG-918-E02_00070	AG-918-E02	294	OG0000870	K01878	glycyl-tRNA synthetase alpha chain [EC:6.1.1.14]	COG0752	GlyQ	Glycyl-tRNA synthetase, alpha subunit	AG-918-E02_00070	0
CACMAX010000001.1	58204	60267	+	AG-918-E02_00071	AG-918-E02	687	OG0000882	K01879	glycyl-tRNA synthetase beta chain [EC:6.1.1.14]	COG0751	GlyS	Glycyl-tRNA synthetase, beta subunit	AG-918-E02_00070	1
CACMAX010000001.1	60268	62937	+	AG-918-E02_00072	AG-918-E02	889	OG0000798	K01006	pyruvate, orthophosphate dikinase [EC:2.7.9.1]	COG0574	PpsA	Phosphoenolpyruvate synthase/pyruvate phosphate dikinase	AG-918-E02_00070	2
CACMAX010000001.1	62934	63770	-	AG-918-E02_00073	AG-918-E02	278	OG0000370	K00767	nicotinate-nucleotide pyrophosphorylase (carboxylating) [EC:2.4.2.19]	COG0157	NadC	Nicotinate-nucleotide pyrophosphorylase	AG-918-E02_00070	3
CACMAX010000001.1	63776	64765	-	AG-918-E02_00074	AG-918-E02	329	OG0000316	K03517	quinolinate synthase [EC:2.5.1.72]	COG0379	NadA	Quinolinate synthase	AG-918-E02_00070	4
CACMAX010000001.1	65229	66176	+	AG-918-E02_00077	AG-918-E02	315	OG0000256	K03465	thymidylate synthase (FAD) [EC:2.1.1.148]	COG1351	ThyX	Thymidylate synthase ThyX, FAD-dependent family	AG-918-E02_00070	5
CACMDB010000006.1	408	3065	-	AG-918-G06_01102	AG-918-G06	885	OG0000798	K01006	pyruvate, orthophosphate dikinase [EC:2.7.9.1]	COG0574	PpsA	Phosphoenolpyruvate synthase/pyruvate phosphate dikinase	AG-918-G06_01104	-2
CACMDB010000006.1	3058	5130	-	AG-918-G06_01103	AG-918-G06	690	OG0000882	K01879	glycyl-tRNA synthetase beta chain [EC:6.1.1.14]	COG0751	GlyS	Glycyl-tRNA synthetase, beta subunit	AG-918-G06_01104	-1
CACMDB010000006.1	5132	6013	-	AG-918-G06_01104	AG-918-G06	293	OG0000870	K01878	glycyl-tRNA synthetase alpha chain [EC:6.1.1.14]	COG0752	GlyQ	Glycyl-tRNA synthetase, alpha subunit	AG-918-G06_01104	0
CACMDB010000006.1	6003	6809	-	AG-918-G06_01105	AG-918-G06	268	OG0000623	K04773	protease IV [EC:3.4.21.-]	COG0616	SppA	Periplasmic serine protease, ClpP class	AG-918-G06_01104	1
CACMDB010000006.1	6923	7936	+	AG-918-G06_01106	AG-918-G06	337	OG0000641	K02523	octaprenyl-diphosphate synthase [EC:2.5.1.90]	COG0142	IspA	Geranylgeranyl pyrophosphate synthase	AG-918-G06_01104	2
CACMDB010000006.1	7933	8559	-	AG-918-G06_01107	AG-918-G06	208	OG0000522	K00275	pyridoxamine 5'-phosphate oxidase [EC:1.4.3.5]	COG0259	PdxH	Pyridoxine/pyridoxamine 5'-phosphate oxidase	AG-918-G06_01104	3
CACMDB010000006.1	8593	9675	+	AG-918-G06_01108	AG-918-G06	360	OG0000279	K01736	chorismate synthase [EC:4.2.3.5]	COG0082	AroC	Chorismate synthase	AG-918-G06_01104	4
CACMDB010000006.1	9681	11594	-	AG-918-G06_01109	AG-918-G06	637	OG0000041	K01662	1-deoxy-D-xylulose-5-phosphate synthase [EC:2.2.1.7]	COG1154	Dxs	Deoxyxylulose-5-phosphate synthase	AG-918-G06_01104	5
CACMDH010000004.1	44512	46422	+	AG-918-G15_00623	AG-918-G15	636	OG0000041	K01662	1-deoxy-D-xylulose-5-phosphate synthase [EC:2.2.1.7]	COG1154	Dxs	Deoxyxylulose-5-phosphate synthase	AG-918-G15_00628	-5
CACMDH010000004.1	46419	47504	-	AG-918-G15_00624	AG-918-G15	361	OG0000279	K01736	chorismate synthase [EC:4.2.3.5]	COG0082	AroC	Chorismate synthase	AG-918-G15_00628	-4
CACMDH010000004.1	47537	48160	+	AG-918-G15_00625	AG-918-G15	207	OG0000522	K00275	pyridoxamine 5'-phosphate oxidase [EC:1.4.3.5]	COG0259	PdxH	Pyridoxine/pyridoxamine 5'-phosphate oxidase	AG-918-G15_00628	-3
CACMDH010000004.1	48157	49170	-	AG-918-G15_00626	AG-918-G15	337	OG0000641	K02523	octaprenyl-diphosphate synthase [EC:2.5.1.90]	COG0142	IspA	Geranylgeranyl pyrophosphate synthase	AG-918-G15_00628	-2
CACMDH010000004.1	49280	50089	+	AG-918-G15_00627	AG-918-G15	269	OG0000623	K04773	protease IV [EC:3.4.21.-]	COG0616	SppA	Periplasmic serine protease, ClpP class	AG-918-G15_00628	-1
CACMDH010000004.1	50079	50963	+	AG-918-G15_00628	AG-918-G15	294	OG0000870	K01878	glycyl-tRNA synthetase alpha chain [EC:6.1.1.14]	COG0752	GlyQ	Glycyl-tRNA synthetase, alpha subunit	AG-918-G15_00628	0
CACMDH010000004.1	50965	53028	+	AG-918-G15_00629	AG-918-G15	687	OG0000882	K01879	glycyl-tRNA synthetase beta chain [EC:6.1.1.14]	COG0751	GlyS	Glycyl-tRNA synthetase, beta subunit	AG-918-G15_00628	1
CACMDH010000004.1	53028	55685	+	AG-918-G15_00630	AG-918-G15	885	OG0000798	K01006	pyruvate, orthophosphate dikinase [EC:2.7.9.1]	COG0574	PpsA	Phosphoenolpyruvate synthase/pyruvate phosphate dikinase	AG-918-G15_00628	2
CACMDH010000004.1	55691	56527	-	AG-918-G15_00631	AG-918-G15	278	OG0000370	K00767	nicotinate-nucleotide pyrophosphorylase (carboxylating) [EC:2.4.2.19]	COG0157	NadC	Nicotinate-nucleotide pyrophosphorylase	AG-918-G15_00628	3
CACMDH010000004.1	56533	57522	-	AG-918-G15_00632	AG-918-G15	329	OG0000316	K03517	quinolinate synthase [EC:2.5.1.72]	COG0379	NadA	Quinolinate synthase	AG-918-G15_00628	4
CACMDH010000004.1	57995	58942	+	AG-918-G15_00635	AG-918-G15	315	OG0000256	K03465	thymidylate synthase (FAD) [EC:2.1.1.148]	COG1351	ThyX	Thymidylate synthase ThyX, FAD-dependent family	AG-918-G15_00628	5
CACMDY010000004.1	65917	67827	+	AG-918-G22_00979	AG-918-G22	636	OG0000041	K01662	1-deoxy-D-xylulose-5-phosphate synthase [EC:2.2.1.7]	COG1154	Dxs	Deoxyxylulose-5-phosphate synthase	AG-918-G22_00984	-5
CACMDY010000004.1	67824	68909	-	AG-918-G22_00980	AG-918-G22	361	OG0000279	K01736	chorismate synthase [EC:4.2.3.5]	COG0082	AroC	Chorismate synthase	AG-918-G22_00984	-4
CACMDY010000004.1	68942	69565	+	AG-918-G22_00981	AG-918-G22	207	OG0000522	K00275	pyridoxamine 5'-phosphate oxidase [EC:1.4.3.5]	COG0259	PdxH	Pyridoxine/pyridoxamine 5'-phosphate oxidase	AG-918-G22_00984	-3
CACMDY010000004.1	69562	70575	-	AG-918-G22_00982	AG-918-G22	337	OG0000641	K02523	octaprenyl-diphosphate synthase [EC:2.5.1.90]	COG0142	IspA	Geranylgeranyl pyrophosphate synthase	AG-918-G22_00984	-2
CACMDY010000004.1	70684	71490	+	AG-918-G22_00983	AG-918-G22	268	OG0000623	K04773	protease IV [EC:3.4.21.-]	COG0616	SppA	Periplasmic serine protease, ClpP class	AG-918-G22_00984	-1
CACMDY010000004.1	71480	72364	+	AG-918-G22_00984	AG-918-G22	294	OG0000870	K01878	glycyl-tRNA synthetase alpha chain [EC:6.1.1.14]	COG0752	GlyQ	Glycyl-tRNA synthetase, alpha subunit	AG-918-G22_00984	0
CACMDY010000004.1	72366	74429	+	AG-918-G22_00985	AG-918-G22	687	OG0000882	K01879	glycyl-tRNA synthetase beta chain [EC:6.1.1.14]	COG0751	GlyS	Glycyl-tRNA synthetase, beta subunit	AG-918-G22_00984	1
CACMDY010000004.1	74430	77093	+	AG-918-G22_00986	AG-918-G22	887	OG0000798	K01006	pyruvate, orthophosphate dikinase [EC:2.7.9.1]	COG0574	PpsA	Phosphoenolpyruvate synthase/pyruvate phosphate dikinase	AG-918-G22_00984	2
CACMDY010000004.1	77097	77933	-	AG-918-G22_00987	AG-918-G22	278	OG0000370	K00767	nicotinate-nucleotide pyrophosphorylase (carboxylating) [EC:2.4.2.19]	COG0157	NadC	Nicotinate-nucleotide pyrophosphorylase	AG-918-G22_00984	3
CACMDY010000004.1	77939	78928	-	AG-918-G22_00988	AG-918-G22	329	OG0000316	K03517	quinolinate synthase [EC:2.5.1.72]	COG0379	NadA	Quinolinate synthase	AG-918-G22_00984	4
CACMDY010000004.1	79388	80602	+	AG-918-G22_00991	AG-918-G22	404	OG0001427	NA	NA	NA	NA	NA	AG-918-G22_00984	5
CACMFM010000001.1	103509	104612	-	AG-918-K09_00105	AG-918-K09	367	OG0000394	K04088	modulator of FtsH protease HflK	COG0330	HflC	Regulator of protease activity HflC, stomatin/prohibitin superfamily	AG-918-K09_00111	-5
CACMFM010000001.1	104664	105488	+	AG-918-K09_00106	AG-918-K09	274	OG0000361	K03593	ATP-binding protein involved in chromosome partitioning	COG0489	Mrp	Fe-S cluster carrier ATPase, Mrp/ApbC/NBP35 family	AG-918-K09_00111	-4
CACMFM010000001.1	105469	106416	-	AG-918-K09_00107	AG-918-K09	315	OG0000256	K03465	thymidylate synthase (FAD) [EC:2.1.1.148]	COG1351	ThyX	Thymidylate synthase ThyX, FAD-dependent family	AG-918-K09_00111	-3
CACMFM010000001.1	106730	109387	-	AG-918-K09_00109	AG-918-K09	885	OG0000798	K01006	pyruvate, orthophosphate dikinase [EC:2.7.9.1]	COG0574	PpsA	Phosphoenolpyruvate synthase/pyruvate phosphate dikinase	AG-918-K09_00111	-2
CACMFM010000001.1	109384	111453	-	AG-918-K09_00110	AG-918-K09	689	OG0000882	K01879	glycyl-tRNA synthetase beta chain [EC:6.1.1.14]	COG0751	GlyS	Glycyl-tRNA synthetase, beta subunit	AG-918-K09_00111	-1
CACMFM010000001.1	111456	112352	-	AG-918-K09_00111	AG-918-K09	298	OG0000870	K01878	glycyl-tRNA synthetase alpha chain [EC:6.1.1.14]	COG0752	GlyQ	Glycyl-tRNA synthetase, alpha subunit	AG-918-K09_00111	0
CACMFM010000001.1	112342	113145	-	AG-918-K09_00112	AG-918-K09	267	OG0000623	K04773	protease IV [EC:3.4.21.-]	COG0616	SppA	Periplasmic serine protease, ClpP class	AG-918-K09_00111	1
CACMFM010000001.1	113260	114273	+	AG-918-K09_00113	AG-918-K09	337	OG0000641	K02523	octaprenyl-diphosphate synthase [EC:2.5.1.90]	COG0142	IspA	Geranylgeranyl pyrophosphate synthase	AG-918-K09_00111	2
CACMFM010000001.1	114270	114896	-	AG-918-K09_00114	AG-918-K09	208	OG0000522	K00275	pyridoxamine 5'-phosphate oxidase [EC:1.4.3.5]	COG0259	PdxH	Pyridoxine/pyridoxamine 5'-phosphate oxidase	AG-918-K09_00111	3
CACMFM010000001.1	114931	116013	+	AG-918-K09_00115	AG-918-K09	360	OG0000279	K01736	chorismate synthase [EC:4.2.3.5]	COG0082	AroC	Chorismate synthase	AG-918-K09_00111	4
CACMFM010000001.1	116020	117936	-	AG-918-K09_00116	AG-918-K09	638	OG0000041	K01662	1-deoxy-D-xylulose-5-phosphate synthase [EC:2.2.1.7]	COG1154	Dxs	Deoxyxylulose-5-phosphate synthase	AG-918-K09_00111	5
CACMFU010000005.1	61078	62025	-	AG-918-K13_00628	AG-918-K13	315	OG0000256	K03465	thymidylate synthase (FAD) [EC:2.1.1.148]	COG1351	ThyX	Thymidylate synthase ThyX, FAD-dependent family	AG-918-K13_00635	-5
CACMFU010000005.1	62489	63478	+	AG-918-K13_00631	AG-918-K13	329	OG0000316	K03517	quinolinate synthase [EC:2.5.1.72]	COG0379	NadA	Quinolinate synthase	AG-918-K13_00635	-4
CACMFU010000005.1	63484	64320	+	AG-918-K13_00632	AG-918-K13	278	OG0000370	K00767	nicotinate-nucleotide pyrophosphorylase (carboxylating) [EC:2.4.2.19]	COG0157	NadC	Nicotinate-nucleotide pyrophosphorylase	AG-918-K13_00635	-3
CACMFU010000005.1	64330	66987	-	AG-918-K13_00633	AG-918-K13	885	OG0000798	K01006	pyruvate, orthophosphate dikinase [EC:2.7.9.1]	COG0574	PpsA	Phosphoenolpyruvate synthase/pyruvate phosphate dikinase	AG-918-K13_00635	-2
CACMFU010000005.1	66988	69051	-	AG-918-K13_00634	AG-918-K13	687	OG0000882	K01879	glycyl-tRNA synthetase beta chain [EC:6.1.1.14]	COG0751	GlyS	Glycyl-tRNA synthetase, beta subunit	AG-918-K13_00635	-1
CACMFU010000005.1	69053	69937	-	AG-918-K13_00635	AG-918-K13	294	OG0000870	K01878	glycyl-tRNA synthetase alpha chain [EC:6.1.1.14]	COG0752	GlyQ	Glycyl-tRNA synthetase, alpha subunit	AG-918-K13_00635	0
CACMFU010000005.1	69927	70733	-	AG-918-K13_00636	AG-918-K13	268	OG0000623	K04773	protease IV [EC:3.4.21.-]	COG0616	SppA	Periplasmic serine protease, ClpP class	AG-918-K13_00635	1
CACMFU010000005.1	70842	71855	+	AG-918-K13_00637	AG-918-K13	337	OG0000641	K02523	octaprenyl-diphosphate synthase [EC:2.5.1.90]	COG0142	IspA	Geranylgeranyl pyrophosphate synthase	AG-918-K13_00635	2
CACMFU010000005.1	71852	72475	-	AG-918-K13_00638	AG-918-K13	207	OG0000522	K00275	pyridoxamine 5'-phosphate oxidase [EC:1.4.3.5]	COG0259	PdxH	Pyridoxine/pyridoxamine 5'-phosphate oxidase	AG-918-K13_00635	3
CACMFU010000005.1	72508	73593	+	AG-918-K13_00639	AG-918-K13	361	OG0000279	K01736	chorismate synthase [EC:4.2.3.5]	COG0082	AroC	Chorismate synthase	AG-918-K13_00635	4
CACMFU010000005.1	73590	73943	-	AG-918-K13_00640	AG-918-K13	117	OG0000041	NA	NA	COG1154	Dxs	Deoxyxylulose-5-phosphate synthase	AG-918-K13_00635	5
CACMGQ010000007.1	729	1019	+	AG-918-L07_01004	AG-918-L07	96	OG0003221	NA	NA	NA	NA	NA	AG-918-L07_01006	-2
CACMGQ010000007.1	2191	4260	-	AG-918-L07_01005	AG-918-L07	689	OG0000882	K01879	glycyl-tRNA synthetase beta chain [EC:6.1.1.14]	COG0751	GlyS	Glycyl-tRNA synthetase, beta subunit	AG-918-L07_01006	-1
CACMGQ010000007.1	4263	5153	-	AG-918-L07_01006	AG-918-L07	296	OG0000870	K01878	glycyl-tRNA synthetase alpha chain [EC:6.1.1.14]	COG0752	GlyQ	Glycyl-tRNA synthetase, alpha subunit	AG-918-L07_01006	0
CACMGQ010000007.1	5143	5946	-	AG-918-L07_01007	AG-918-L07	267	OG0000623	K04773	protease IV [EC:3.4.21.-]	COG0616	SppA	Periplasmic serine protease, ClpP class	AG-918-L07_01006	1
CACMGQ010000007.1	6061	7074	+	AG-918-L07_01008	AG-918-L07	337	OG0000641	K02523	octaprenyl-diphosphate synthase [EC:2.5.1.90]	COG0142	IspA	Geranylgeranyl pyrophosphate synthase	AG-918-L07_01006	2
CACMGQ010000007.1	7071	7697	-	AG-918-L07_01009	AG-918-L07	208	OG0000522	K00275	pyridoxamine 5'-phosphate oxidase [EC:1.4.3.5]	COG0259	PdxH	Pyridoxine/pyridoxamine 5'-phosphate oxidase	AG-918-L07_01006	3
CACMGQ010000007.1	7731	8813	+	AG-918-L07_01010	AG-918-L07	360	OG0000279	K01736	chorismate synthase [EC:4.2.3.5]	COG0082	AroC	Chorismate synthase	AG-918-L07_01006	4
CACMGQ010000007.1	8820	10736	-	AG-918-L07_01011	AG-918-L07	638	OG0000041	K01662	1-deoxy-D-xylulose-5-phosphate synthase [EC:2.2.1.7]	COG1154	Dxs	Deoxyxylulose-5-phosphate synthase	AG-918-L07_01006	5
CACMHD010000011.1	138	1619	+	AG-918-L21_00822	AG-918-L21	493	OG0000041	K01662	1-deoxy-D-xylulose-5-phosphate synthase [EC:2.2.1.7]	COG1154	Dxs	Deoxyxylulose-5-phosphate synthase	AG-918-L21_00827	-5
CACMHD010000011.1	1626	2708	-	AG-918-L21_00823	AG-918-L21	360	OG0000279	K01736	chorismate synthase [EC:4.2.3.5]	COG0082	AroC	Chorismate synthase	AG-918-L21_00827	-4
CACMHD010000011.1	2742	3368	+	AG-918-L21_00824	AG-918-L21	208	OG0000522	K00275	pyridoxamine 5'-phosphate oxidase [EC:1.4.3.5]	COG0259	PdxH	Pyridoxine/pyridoxamine 5'-phosphate oxidase	AG-918-L21_00827	-3
CACMHD010000011.1	3365	4378	-	AG-918-L21_00825	AG-918-L21	337	OG0000641	K02523	octaprenyl-diphosphate synthase [EC:2.5.1.90]	COG0142	IspA	Geranylgeranyl pyrophosphate synthase	AG-918-L21_00827	-2
CACMHD010000011.1	4493	5296	+	AG-918-L21_00826	AG-918-L21	267	OG0000623	K04773	protease IV [EC:3.4.21.-]	COG0616	SppA	Periplasmic serine protease, ClpP class	AG-918-L21_00827	-1
CACMHD010000011.1	5286	6176	+	AG-918-L21_00827	AG-918-L21	296	OG0000870	K01878	glycyl-tRNA synthetase alpha chain [EC:6.1.1.14]	COG0752	GlyQ	Glycyl-tRNA synthetase, alpha subunit	AG-918-L21_00827	0
CACMHD010000011.1	6179	6628	+	AG-918-L21_00828	AG-918-L21	149	OG0000882	NA	NA	COG0751	GlyS	Glycyl-tRNA synthetase, beta subunit	AG-918-L21_00827	1
CACMHD010000011.1	6645	8249	+	AG-918-L21_00829	AG-918-L21	534	OG0000882	NA	NA	COG0751	GlyS	Glycyl-tRNA synthetase, beta subunit	AG-918-L21_00827	2
CACMHD010000011.1	8246	10903	+	AG-918-L21_00830	AG-918-L21	885	OG0000798	K01006	pyruvate, orthophosphate dikinase [EC:2.7.9.1]	COG0574	PpsA	Phosphoenolpyruvate synthase/pyruvate phosphate dikinase	AG-918-L21_00827	3
CACMHD010000011.1	11094	12164	+	AG-918-L21_00832	AG-918-L21	356	OG0000256	K03465	thymidylate synthase (FAD) [EC:2.1.1.148]	COG1351	ThyX	Thymidylate synthase ThyX, FAD-dependent family	AG-918-L21_00827	4
CACMHD010000011.1	12145	12969	-	AG-918-L21_00833	AG-918-L21	274	OG0000361	K03593	ATP-binding protein involved in chromosome partitioning	COG0489	Mrp	Fe-S cluster carrier ATPase, Mrp/ApbC/NBP35 family	AG-918-L21_00827	5
CACMLC010000001.1	45414	47327	+	AG-919-A21_00055	AG-919-A21	637	OG0000041	K01662	1-deoxy-D-xylulose-5-phosphate synthase [EC:2.2.1.7]	COG1154	Dxs	Deoxyxylulose-5-phosphate synthase	AG-919-A21_00060	-5
CACMLC010000001.1	47324	48406	-	AG-919-A21_00056	AG-919-A21	360	OG0000279	K01736	chorismate synthase [EC:4.2.3.5]	COG0082	AroC	Chorismate synthase	AG-919-A21_00060	-4
CACMLC010000001.1	48440	49066	+	AG-919-A21_00057	AG-919-A21	208	OG0000522	K00275	pyridoxamine 5'-phosphate oxidase [EC:1.4.3.5]	COG0259	PdxH	Pyridoxine/pyridoxamine 5'-phosphate oxidase	AG-919-A21_00060	-3
CACMLC010000001.1	49063	50076	-	AG-919-A21_00058	AG-919-A21	337	OG0000641	K02523	octaprenyl-diphosphate synthase [EC:2.5.1.90]	COG0142	IspA	Geranylgeranyl pyrophosphate synthase	AG-919-A21_00060	-2
CACMLC010000001.1	50190	50996	+	AG-919-A21_00059	AG-919-A21	268	OG0000623	K04773	protease IV [EC:3.4.21.-]	COG0616	SppA	Periplasmic serine protease, ClpP class	AG-919-A21_00060	-1
CACMLC010000001.1	50986	51867	+	AG-919-A21_00060	AG-919-A21	293	OG0000870	K01878	glycyl-tRNA synthetase alpha chain [EC:6.1.1.14]	COG0752	GlyQ	Glycyl-tRNA synthetase, alpha subunit	AG-919-A21_00060	0
CACMLC010000001.1	51869	53941	+	AG-919-A21_00061	AG-919-A21	690	OG0000882	K01879	glycyl-tRNA synthetase beta chain [EC:6.1.1.14]	COG0751	GlyS	Glycyl-tRNA synthetase, beta subunit	AG-919-A21_00060	1
CACMLC010000001.1	53934	56600	+	AG-919-A21_00062	AG-919-A21	888	OG0000798	K01006	pyruvate, orthophosphate dikinase [EC:2.7.9.1]	COG0574	PpsA	Phosphoenolpyruvate synthase/pyruvate phosphate dikinase	AG-919-A21_00060	2
CACMLC010000001.1	56615	57448	-	AG-919-A21_00063	AG-919-A21	277	OG0000370	K00767	nicotinate-nucleotide pyrophosphorylase (carboxylating) [EC:2.4.2.19]	COG0157	NadC	Nicotinate-nucleotide pyrophosphorylase	AG-919-A21_00060	3
CACMLC010000001.1	57455	58444	-	AG-919-A21_00064	AG-919-A21	329	OG0000316	K03517	quinolinate synthase [EC:2.5.1.72]	COG0379	NadA	Quinolinate synthase	AG-919-A21_00060	4
CACMLC010000001.1	58591	59478	-	AG-919-A21_00066	AG-919-A21	295	OG0000660	NA	NA	COG0354	YgfZ	Folate-binding protein YgfZ, synthesis and repair of Fe-S clusters, tRNA thiomethylation	AG-919-A21_00060	5
CACMLV010000004.1	38951	39775	+	AG-919-C02_00766	AG-919-C02	274	OG0000361	K03593	ATP-binding protein involved in chromosome partitioning	COG0489	Mrp	Fe-S cluster carrier ATPase, Mrp/ApbC/NBP35 family	AG-919-C02_00772	-5
CACMLV010000004.1	39756	40703	-	AG-919-C02_00767	AG-919-C02	315	OG0000256	K03465	thymidylate synthase (FAD) [EC:2.1.1.148]	COG1351	ThyX	Thymidylate synthase ThyX, FAD-dependent family	AG-919-C02_00772	-4
CACMLV010000004.1	41083	42447	+	AG-919-C02_00769	AG-919-C02	454	OG0001144	NA	NA	COG2133	YliI	Glucose/arabinose dehydrogenase, beta-propeller fold	AG-919-C02_00772	-3
CACMLV010000004.1	42518	45175	-	AG-919-C02_00770	AG-919-C02	885	OG0000798	K01006	pyruvate, orthophosphate dikinase [EC:2.7.9.1]	COG0574	PpsA	Phosphoenolpyruvate synthase/pyruvate phosphate dikinase	AG-919-C02_00772	-2
CACMLV010000004.1	45168	47240	-	AG-919-C02_00771	AG-919-C02	690	OG0000882	K01879	glycyl-tRNA synthetase beta chain [EC:6.1.1.14]	COG0751	GlyS	Glycyl-tRNA synthetase, beta subunit	AG-919-C02_00772	-1
CACMLV010000004.1	47242	48123	-	AG-919-C02_00772	AG-919-C02	293	OG0000870	K01878	glycyl-tRNA synthetase alpha chain [EC:6.1.1.14]	COG0752	GlyQ	Glycyl-tRNA synthetase, alpha subunit	AG-919-C02_00772	0
CACMLV010000004.1	48113	48919	-	AG-919-C02_00773	AG-919-C02	268	OG0000623	K04773	protease IV [EC:3.4.21.-]	COG0616	SppA	Periplasmic serine protease, ClpP class	AG-919-C02_00772	1
CACMLV010000004.1	49033	50046	+	AG-919-C02_00774	AG-919-C02	337	OG0000641	K02523	octaprenyl-diphosphate synthase [EC:2.5.1.90]	COG0142	IspA	Geranylgeranyl pyrophosphate synthase	AG-919-C02_00772	2
CACMLV010000004.1	50043	50669	-	AG-919-C02_00775	AG-919-C02	208	OG0000522	K00275	pyridoxamine 5'-phosphate oxidase [EC:1.4.3.5]	COG0259	PdxH	Pyridoxine/pyridoxamine 5'-phosphate oxidase	AG-919-C02_00772	3
CACMLV010000004.1	50703	51785	+	AG-919-C02_00776	AG-919-C02	360	OG0000279	K01736	chorismate synthase [EC:4.2.3.5]	COG0082	AroC	Chorismate synthase	AG-919-C02_00772	4
CACMLV010000004.1	51791	53704	-	AG-919-C02_00777	AG-919-C02	637	OG0000041	K01662	1-deoxy-D-xylulose-5-phosphate synthase [EC:2.2.1.7]	COG1154	Dxs	Deoxyxylulose-5-phosphate synthase	AG-919-C02_00772	5
CACMOQ010000002.1	41150	41272	+	AG-919-F03_00218	AG-919-F03	40	OG0001164	NA	NA	NA	NA	NA	AG-919-F03_00224	-5
CACMOQ010000002.1	41456	42445	+	AG-919-F03_00220	AG-919-F03	329	OG0000316	K03517	quinolinate synthase [EC:2.5.1.72]	COG0379	NadA	Quinolinate synthase	AG-919-F03_00224	-4
CACMOQ010000002.1	42452	43285	+	AG-919-F03_00221	AG-919-F03	277	OG0000370	K00767	nicotinate-nucleotide pyrophosphorylase (carboxylating) [EC:2.4.2.19]	COG0157	NadC	Nicotinate-nucleotide pyrophosphorylase	AG-919-F03_00224	-3
CACMOQ010000002.1	43298	45964	-	AG-919-F03_00222	AG-919-F03	888	OG0000798	K01006	pyruvate, orthophosphate dikinase [EC:2.7.9.1]	COG0574	PpsA	Phosphoenolpyruvate synthase/pyruvate phosphate dikinase	AG-919-F03_00224	-2
CACMOQ010000002.1	45957	48029	-	AG-919-F03_00223	AG-919-F03	690	OG0000882	K01879	glycyl-tRNA synthetase beta chain [EC:6.1.1.14]	COG0751	GlyS	Glycyl-tRNA synthetase, beta subunit	AG-919-F03_00224	-1
CACMOQ010000002.1	48031	48912	-	AG-919-F03_00224	AG-919-F03	293	OG0000870	K01878	glycyl-tRNA synthetase alpha chain [EC:6.1.1.14]	COG0752	GlyQ	Glycyl-tRNA synthetase, alpha subunit	AG-919-F03_00224	0
CACMOQ010000002.1	48902	49708	-	AG-919-F03_00225	AG-919-F03	268	OG0000623	K04773	protease IV [EC:3.4.21.-]	COG0616	SppA	Periplasmic serine protease, ClpP class	AG-919-F03_00224	1
CACMOQ010000002.1	49822	50835	+	AG-919-F03_00226	AG-919-F03	337	OG0000641	K02523	octaprenyl-diphosphate synthase [EC:2.5.1.90]	COG0142	IspA	Geranylgeranyl pyrophosphate synthase	AG-919-F03_00224	2
CACMOQ010000002.1	50832	51458	-	AG-919-F03_00227	AG-919-F03	208	OG0000522	K00275	pyridoxamine 5'-phosphate oxidase [EC:1.4.3.5]	COG0259	PdxH	Pyridoxine/pyridoxamine 5'-phosphate oxidase	AG-919-F03_00224	3
CACMOQ010000002.1	51492	52574	+	AG-919-F03_00228	AG-919-F03	360	OG0000279	K01736	chorismate synthase [EC:4.2.3.5]	COG0082	AroC	Chorismate synthase	AG-919-F03_00224	4
CACMOQ010000002.1	52581	54494	-	AG-919-F03_00229	AG-919-F03	637	OG0000041	K01662	1-deoxy-D-xylulose-5-phosphate synthase [EC:2.2.1.7]	COG1154	Dxs	Deoxyxylulose-5-phosphate synthase	AG-919-F03_00224	5
CACMQA010000004.1	113975	114856	+	AG-919-F21_00876	AG-919-F21	293	OG0000660	NA	NA	COG0354	YgfZ	Folate-binding protein YgfZ, synthesis and repair of Fe-S clusters, tRNA thiomethylation	AG-919-F21_00882	-5
CACMQA010000004.1	115120	116109	+	AG-919-F21_00878	AG-919-F21	329	OG0000316	K03517	quinolinate synthase [EC:2.5.1.72]	COG0379	NadA	Quinolinate synthase	AG-919-F21_00882	-4
CACMQA010000004.1	116153	116944	+	AG-919-F21_00879	AG-919-F21	263	OG0000370	K00767	nicotinate-nucleotide pyrophosphorylase (carboxylating) [EC:2.4.2.19]	COG0157	NadC	Nicotinate-nucleotide pyrophosphorylase	AG-919-F21_00882	-3
CACMQA010000004.1	116933	119593	-	AG-919-F21_00880	AG-919-F21	886	OG0000798	K01006	pyruvate, orthophosphate dikinase [EC:2.7.9.1]	COG0574	PpsA	Phosphoenolpyruvate synthase/pyruvate phosphate dikinase	AG-919-F21_00882	-2
CACMQA010000004.1	119593	121647	-	AG-919-F21_00881	AG-919-F21	684	OG0000882	K01879	glycyl-tRNA synthetase beta chain [EC:6.1.1.14]	COG0751	GlyS	Glycyl-tRNA synthetase, beta subunit	AG-919-F21_00882	-1
CACMQA010000004.1	121651	122547	-	AG-919-F21_00882	AG-919-F21	298	OG0000870	K01878	glycyl-tRNA synthetase alpha chain [EC:6.1.1.14]	COG0752	GlyQ	Glycyl-tRNA synthetase, alpha subunit	AG-919-F21_00882	0
CACMQA010000004.1	122548	123360	-	AG-919-F21_00883	AG-919-F21	270	OG0000623	K04773	protease IV [EC:3.4.21.-]	COG0616	SppA	Periplasmic serine protease, ClpP class	AG-919-F21_00882	1
CACMQA010000004.1	123506	124519	+	AG-919-F21_00884	AG-919-F21	337	OG0000641	K02523	octaprenyl-diphosphate synthase [EC:2.5.1.90]	COG0142	IspA	Geranylgeranyl pyrophosphate synthase	AG-919-F21_00882	2
CACMQA010000004.1	124516	125148	-	AG-919-F21_00885	AG-919-F21	210	OG0000522	K00275	pyridoxamine 5'-phosphate oxidase [EC:1.4.3.5]	COG0259	PdxH	Pyridoxine/pyridoxamine 5'-phosphate oxidase	AG-919-F21_00882	3
CACMQA010000004.1	125183	126265	+	AG-919-F21_00886	AG-919-F21	360	OG0000279	K01736	chorismate synthase [EC:4.2.3.5]	COG0082	AroC	Chorismate synthase	AG-919-F21_00882	4
CACMQA010000004.1	126262	128184	-	AG-919-F21_00887	AG-919-F21	640	OG0000041	K01662	1-deoxy-D-xylulose-5-phosphate synthase [EC:2.2.1.7]	COG1154	Dxs	Deoxyxylulose-5-phosphate synthase	AG-919-F21_00882	5
CACMRM010000002.1	35367	37286	+	AG-919-I13_00310	AG-919-I13	639	OG0000041	K01662	1-deoxy-D-xylulose-5-phosphate synthase [EC:2.2.1.7]	COG1154	Dxs	Deoxyxylulose-5-phosphate synthase	AG-919-I13_00315	-5
CACMRM010000002.1	37283	38365	-	AG-919-I13_00311	AG-919-I13	360	OG0000279	K01736	chorismate synthase [EC:4.2.3.5]	COG0082	AroC	Chorismate synthase	AG-919-I13_00315	-4
CACMRM010000002.1	38400	39032	+	AG-919-I13_00312	AG-919-I13	210	OG0000522	K00275	pyridoxamine 5'-phosphate oxidase [EC:1.4.3.5]	COG0259	PdxH	Pyridoxine/pyridoxamine 5'-phosphate oxidase	AG-919-I13_00315	-3
CACMRM010000002.1	39029	40042	-	AG-919-I13_00313	AG-919-I13	337	OG0000641	K02523	octaprenyl-diphosphate synthase [EC:2.5.1.90]	COG0142	IspA	Geranylgeranyl pyrophosphate synthase	AG-919-I13_00315	-2
CACMRM010000002.1	40190	41002	+	AG-919-I13_00314	AG-919-I13	270	OG0000623	K04773	protease IV [EC:3.4.21.-]	COG0616	SppA	Periplasmic serine protease, ClpP class	AG-919-I13_00315	-1
CACMRM010000002.1	41003	41887	+	AG-919-I13_00315	AG-919-I13	294	OG0000870	K01878	glycyl-tRNA synthetase alpha chain [EC:6.1.1.14]	COG0752	GlyQ	Glycyl-tRNA synthetase, alpha subunit	AG-919-I13_00315	0
CACMRM010000002.1	41891	43945	+	AG-919-I13_00316	AG-919-I13	684	OG0000882	K01879	glycyl-tRNA synthetase beta chain [EC:6.1.1.14]	COG0751	GlyS	Glycyl-tRNA synthetase, beta subunit	AG-919-I13_00315	1
CACMRM010000002.1	43945	46605	+	AG-919-I13_00317	AG-919-I13	886	OG0000798	K01006	pyruvate, orthophosphate dikinase [EC:2.7.9.1]	COG0574	PpsA	Phosphoenolpyruvate synthase/pyruvate phosphate dikinase	AG-919-I13_00315	2
CACMRM010000002.1	46594	47424	-	AG-919-I13_00318	AG-919-I13	276	OG0000370	K00767	nicotinate-nucleotide pyrophosphorylase (carboxylating) [EC:2.4.2.19]	COG0157	NadC	Nicotinate-nucleotide pyrophosphorylase	AG-919-I13_00315	3
CACMRM010000002.1	47429	48415	-	AG-919-I13_00319	AG-919-I13	328	OG0000316	K03517	quinolinate synthase [EC:2.5.1.72]	COG0379	NadA	Quinolinate synthase	AG-919-I13_00315	4
CACMRM010000002.1	48678	49559	-	AG-919-I13_00321	AG-919-I13	293	OG0000660	NA	NA	COG0354	YgfZ	Folate-binding protein YgfZ, synthesis and repair of Fe-S clusters, tRNA thiomethylation	AG-919-I13_00315	5
CACMTZ010000004.1	12333	14246	+	AG-919-L02_00726	AG-919-L02	637	OG0000041	K01662	1-deoxy-D-xylulose-5-phosphate synthase [EC:2.2.1.7]	COG1154	Dxs	Deoxyxylulose-5-phosphate synthase	AG-919-L02_00731	-5
CACMTZ010000004.1	14252	15334	-	AG-919-L02_00727	AG-919-L02	360	OG0000279	K01736	chorismate synthase [EC:4.2.3.5]	COG0082	AroC	Chorismate synthase	AG-919-L02_00731	-4
CACMTZ010000004.1	15368	15994	+	AG-919-L02_00728	AG-919-L02	208	OG0000522	K00275	pyridoxamine 5'-phosphate oxidase [EC:1.4.3.5]	COG0259	PdxH	Pyridoxine/pyridoxamine 5'-phosphate oxidase	AG-919-L02_00731	-3
CACMTZ010000004.1	15991	17004	-	AG-919-L02_00729	AG-919-L02	337	OG0000641	K02523	octaprenyl-diphosphate synthase [EC:2.5.1.90]	COG0142	IspA	Geranylgeranyl pyrophosphate synthase	AG-919-L02_00731	-2
CACMTZ010000004.1	17118	17924	+	AG-919-L02_00730	AG-919-L02	268	OG0000623	K04773	protease IV [EC:3.4.21.-]	COG0616	SppA	Periplasmic serine protease, ClpP class	AG-919-L02_00731	-1
CACMTZ010000004.1	17914	18795	+	AG-919-L02_00731	AG-919-L02	293	OG0000870	K01878	glycyl-tRNA synthetase alpha chain [EC:6.1.1.14]	COG0752	GlyQ	Glycyl-tRNA synthetase, alpha subunit	AG-919-L02_00731	0
CACMTZ010000004.1	18799	20871	+	AG-919-L02_00732	AG-919-L02	690	OG0000882	K01879	glycyl-tRNA synthetase beta chain [EC:6.1.1.14]	COG0751	GlyS	Glycyl-tRNA synthetase, beta subunit	AG-919-L02_00731	1
CACMTZ010000004.1	20864	23521	+	AG-919-L02_00733	AG-919-L02	885	OG0000798	K01006	pyruvate, orthophosphate dikinase [EC:2.7.9.1]	COG0574	PpsA	Phosphoenolpyruvate synthase/pyruvate phosphate dikinase	AG-919-L02_00731	2
CACMTZ010000004.1	23540	24322	+	AG-919-L02_00734	AG-919-L02	260	OG0001271	NA	NA	NA	NA	NA	AG-919-L02_00731	3
CACMTZ010000004.1	24332	25696	-	AG-919-L02_00735	AG-919-L02	454	OG0001144	NA	NA	COG2133	YliI	Glucose/arabinose dehydrogenase, beta-propeller fold	AG-919-L02_00731	4
CACMTZ010000004.1	25693	25833	-	AG-919-L02_00736	AG-919-L02	46	NA	NA	NA	NA	NA	NA	AG-919-L02_00731	5
CACMVB010000006.1	56845	58764	+	AG-919-M05_00966	AG-919-M05	639	OG0000041	K01662	1-deoxy-D-xylulose-5-phosphate synthase [EC:2.2.1.7]	COG1154	Dxs	Deoxyxylulose-5-phosphate synthase	AG-919-M05_00971	-5
CACMVB010000006.1	58761	59843	-	AG-919-M05_00967	AG-919-M05	360	OG0000279	K01736	chorismate synthase [EC:4.2.3.5]	COG0082	AroC	Chorismate synthase	AG-919-M05_00971	-4
CACMVB010000006.1	59878	60510	+	AG-919-M05_00968	AG-919-M05	210	OG0000522	K00275	pyridoxamine 5'-phosphate oxidase [EC:1.4.3.5]	COG0259	PdxH	Pyridoxine/pyridoxamine 5'-phosphate oxidase	AG-919-M05_00971	-3
CACMVB010000006.1	60507	61520	-	AG-919-M05_00969	AG-919-M05	337	OG0000641	K02523	octaprenyl-diphosphate synthase [EC:2.5.1.90]	COG0142	IspA	Geranylgeranyl pyrophosphate synthase	AG-919-M05_00971	-2
CACMVB010000006.1	61671	62483	+	AG-919-M05_00970	AG-919-M05	270	OG0000623	K04773	protease IV [EC:3.4.21.-]	COG0616	SppA	Periplasmic serine protease, ClpP class	AG-919-M05_00971	-1
CACMVB010000006.1	62484	63368	+	AG-919-M05_00971	AG-919-M05	294	OG0000870	K01878	glycyl-tRNA synthetase alpha chain [EC:6.1.1.14]	COG0752	GlyQ	Glycyl-tRNA synthetase, alpha subunit	AG-919-M05_00971	0
CACNCB010000008.1	46139	48055	+	AG-920-D05_00984	AG-920-D05	638	OG0000041	K01662	1-deoxy-D-xylulose-5-phosphate synthase [EC:2.2.1.7]	COG1154	Dxs	Deoxyxylulose-5-phosphate synthase	AG-920-D05_00989	-5
CACNCB010000008.1	48062	49144	-	AG-920-D05_00985	AG-920-D05	360	OG0000279	K01736	chorismate synthase [EC:4.2.3.5]	COG0082	AroC	Chorismate synthase	AG-920-D05_00989	-4
CACNCB010000008.1	49178	49804	+	AG-920-D05_00986	AG-920-D05	208	OG0000522	K00275	pyridoxamine 5'-phosphate oxidase [EC:1.4.3.5]	COG0259	PdxH	Pyridoxine/pyridoxamine 5'-phosphate oxidase	AG-920-D05_00989	-3
CACNCB010000008.1	49801	50814	-	AG-920-D05_00987	AG-920-D05	337	OG0000641	K02523	octaprenyl-diphosphate synthase [EC:2.5.1.90]	COG0142	IspA	Geranylgeranyl pyrophosphate synthase	AG-920-D05_00989	-2
CACNCB010000008.1	50929	51735	+	AG-920-D05_00988	AG-920-D05	268	OG0000623	K04773	protease IV [EC:3.4.21.-]	COG0616	SppA	Periplasmic serine protease, ClpP class	AG-920-D05_00989	-1
CACNCB010000008.1	51701	52606	+	AG-920-D05_00989	AG-920-D05	301	OG0000870	K01878	glycyl-tRNA synthetase alpha chain [EC:6.1.1.14]	COG0752	GlyQ	Glycyl-tRNA synthetase, alpha subunit	AG-920-D05_00989	0
CACNCB010000008.1	52606	54672	+	AG-920-D05_00990	AG-920-D05	688	OG0000882	K01879	glycyl-tRNA synthetase beta chain [EC:6.1.1.14]	COG0751	GlyS	Glycyl-tRNA synthetase, beta subunit	AG-920-D05_00989	1
CACNCB010000008.1	54672	57341	+	AG-920-D05_00991	AG-920-D05	889	OG0000798	K01006	pyruvate, orthophosphate dikinase [EC:2.7.9.1]	COG0574	PpsA	Phosphoenolpyruvate synthase/pyruvate phosphate dikinase	AG-920-D05_00989	2
CACNCB010000008.1	57338	58558	+	AG-920-D05_00992	AG-920-D05	406	OG0001144	NA	NA	COG2133	YliI	Glucose/arabinose dehydrogenase, beta-propeller fold	AG-920-D05_00989	3
CACNCB010000008.1	58568	59278	-	AG-920-D05_00993	AG-920-D05	236	OG0000008	NA	NA	COG2227	UbiG	2-polyprenyl-3-methyl-5-hydroxy-6-metoxy-1,4-benzoquinol methylase	AG-920-D05_00989	4
CACNFY010000002.1	20501	22414	+	AG-920-I23_00252	AG-920-I23	637	OG0000041	K01662	1-deoxy-D-xylulose-5-phosphate synthase [EC:2.2.1.7]	COG1154	Dxs	Deoxyxylulose-5-phosphate synthase	AG-920-I23_00257	-5
CACNFY010000002.1	22411	23496	-	AG-920-I23_00253	AG-920-I23	361	OG0000279	K01736	chorismate synthase [EC:4.2.3.5]	COG0082	AroC	Chorismate synthase	AG-920-I23_00257	-4
CACNFY010000002.1	23531	24157	+	AG-920-I23_00254	AG-920-I23	208	OG0000522	K00275	pyridoxamine 5'-phosphate oxidase [EC:1.4.3.5]	COG0259	PdxH	Pyridoxine/pyridoxamine 5'-phosphate oxidase	AG-920-I23_00257	-3
CACNFY010000002.1	24154	25167	-	AG-920-I23_00255	AG-920-I23	337	OG0000641	K02523	octaprenyl-diphosphate synthase [EC:2.5.1.90]	COG0142	IspA	Geranylgeranyl pyrophosphate synthase	AG-920-I23_00257	-2
CACNFY010000002.1	25277	26083	+	AG-920-I23_00256	AG-920-I23	268	OG0000623	K04773	protease IV [EC:3.4.21.-]	COG0616	SppA	Periplasmic serine protease, ClpP class	AG-920-I23_00257	-1
CACNFY010000002.1	26073	26942	+	AG-920-I23_00257	AG-920-I23	289	OG0000870	K01878	glycyl-tRNA synthetase alpha chain [EC:6.1.1.14]	COG0752	GlyQ	Glycyl-tRNA synthetase, alpha subunit	AG-920-I23_00257	0
CACNFY010000002.1	26943	29015	+	AG-920-I23_00258	AG-920-I23	690	OG0000882	K01879	glycyl-tRNA synthetase beta chain [EC:6.1.1.14]	COG0751	GlyS	Glycyl-tRNA synthetase, beta subunit	AG-920-I23_00257	1
CACNFY010000002.1	29012	31669	+	AG-920-I23_00259	AG-920-I23	885	OG0000798	K01006	pyruvate, orthophosphate dikinase [EC:2.7.9.1]	COG0574	PpsA	Phosphoenolpyruvate synthase/pyruvate phosphate dikinase	AG-920-I23_00257	2
CACNFY010000002.1	31670	32506	-	AG-920-I23_00260	AG-920-I23	278	OG0000370	K00767	nicotinate-nucleotide pyrophosphorylase (carboxylating) [EC:2.4.2.19]	COG0157	NadC	Nicotinate-nucleotide pyrophosphorylase	AG-920-I23_00257	3
CACNFY010000002.1	32512	33501	-	AG-920-I23_00261	AG-920-I23	329	OG0000316	K03517	quinolinate synthase [EC:2.5.1.72]	COG0379	NadA	Quinolinate synthase	AG-920-I23_00257	4
CACNFY010000002.1	33966	34913	+	AG-920-I23_00264	AG-920-I23	315	OG0000256	K03465	thymidylate synthase (FAD) [EC:2.1.1.148]	COG1351	ThyX	Thymidylate synthase ThyX, FAD-dependent family	AG-920-I23_00257	5
CACNGH010000004.1	38226	39131	+	AG-920-J04_00517	AG-920-J04	301	OG0002813	NA	NA	NA	NA	NA	AG-920-J04_00522	-5
CACNGH010000004.1	39249	40151	-	AG-920-J04_00518	AG-920-J04	300	OG0001500	NA	NA	NA	NA	NA	AG-920-J04_00522	-4
CACNGH010000004.1	40340	41131	+	AG-920-J04_00519	AG-920-J04	263	NA	NA	NA	COG3751	EGL9	Proline 4-hydroxylase (includes Rps23 Pro-64 3,4-dihydroxylase Tpa1), contains SM-20 domain	AG-920-J04_00522	-3
CACNGH010000004.1	41181	43844	-	AG-920-J04_00520	AG-920-J04	887	OG0000798	K01006	pyruvate, orthophosphate dikinase [EC:2.7.9.1]	COG0574	PpsA	Phosphoenolpyruvate synthase/pyruvate phosphate dikinase	AG-920-J04_00522	-2
CACNGH010000004.1	43819	45909	-	AG-920-J04_00521	AG-920-J04	696	OG0000882	K01879	glycyl-tRNA synthetase beta chain [EC:6.1.1.14]	COG0751	GlyS	Glycyl-tRNA synthetase, beta subunit	AG-920-J04_00522	-1
CACNGH010000004.1	45913	46809	-	AG-920-J04_00522	AG-920-J04	298	OG0000870	K01878	glycyl-tRNA synthetase alpha chain [EC:6.1.1.14]	COG0752	GlyQ	Glycyl-tRNA synthetase, alpha subunit	AG-920-J04_00522	0
CACNGH010000004.1	46799	47602	-	AG-920-J04_00523	AG-920-J04	267	OG0000623	K04773	protease IV [EC:3.4.21.-]	COG0616	SppA	Periplasmic serine protease, ClpP class	AG-920-J04_00522	1
CACNGH010000004.1	47716	48729	+	AG-920-J04_00524	AG-920-J04	337	OG0000641	K02523	octaprenyl-diphosphate synthase [EC:2.5.1.90]	COG0142	IspA	Geranylgeranyl pyrophosphate synthase	AG-920-J04_00522	2
CACNGH010000004.1	48726	49352	-	AG-920-J04_00525	AG-920-J04	208	OG0000522	K00275	pyridoxamine 5'-phosphate oxidase [EC:1.4.3.5]	COG0259	PdxH	Pyridoxine/pyridoxamine 5'-phosphate oxidase	AG-920-J04_00522	3
CACNGH010000004.1	49386	50468	+	AG-920-J04_00526	AG-920-J04	360	OG0000279	K01736	chorismate synthase [EC:4.2.3.5]	COG0082	AroC	Chorismate synthase	AG-920-J04_00522	4
CACNGH010000004.1	50475	52391	-	AG-920-J04_00527	AG-920-J04	638	OG0000041	K01662	1-deoxy-D-xylulose-5-phosphate synthase [EC:2.2.1.7]	COG1154	Dxs	Deoxyxylulose-5-phosphate synthase	AG-920-J04_00522	5
CACNIK010000001.1	65454	66653	-	AG-920-L07_00066	AG-920-L07	399	OG0001162	K00122	formate dehydrogenase [EC:1.17.1.9]	COG1052	LdhA	Lactate dehydrogenase or related 2-hydroxyacid dehydrogenase	AG-920-L07_00072	-5
CACNIK010000001.1	66866	67855	+	AG-920-L07_00068	AG-920-L07	329	OG0000316	K03517	quinolinate synthase [EC:2.5.1.72]	COG0379	NadA	Quinolinate synthase	AG-920-L07_00072	-4
CACNIK010000001.1	67845	68690	+	AG-920-L07_00069	AG-920-L07	281	OG0000370	K00767	nicotinate-nucleotide pyrophosphorylase (carboxylating) [EC:2.4.2.19]	COG0157	NadC	Nicotinate-nucleotide pyrophosphorylase	AG-920-L07_00072	-3
CACNIK010000001.1	68679	71339	-	AG-920-L07_00070	AG-920-L07	886	OG0000798	K01006	pyruvate, orthophosphate dikinase [EC:2.7.9.1]	COG0574	PpsA	Phosphoenolpyruvate synthase/pyruvate phosphate dikinase	AG-920-L07_00072	-2
CACNIK010000001.1	71336	73393	-	AG-920-L07_00071	AG-920-L07	685	OG0000882	K01879	glycyl-tRNA synthetase beta chain [EC:6.1.1.14]	COG0751	GlyS	Glycyl-tRNA synthetase, beta subunit	AG-920-L07_00072	-1
CACNIK010000001.1	73398	74276	-	AG-920-L07_00072	AG-920-L07	292	OG0000870	K01878	glycyl-tRNA synthetase alpha chain [EC:6.1.1.14]	COG0752	GlyQ	Glycyl-tRNA synthetase, alpha subunit	AG-920-L07_00072	0
CACNIK010000001.1	74277	75089	-	AG-920-L07_00073	AG-920-L07	270	OG0000623	K04773	protease IV [EC:3.4.21.-]	COG0616	SppA	Periplasmic serine protease, ClpP class	AG-920-L07_00072	1
CACNIK010000001.1	75232	76245	+	AG-920-L07_00074	AG-920-L07	337	OG0000641	K02523	octaprenyl-diphosphate synthase [EC:2.5.1.90]	COG0142	IspA	Geranylgeranyl pyrophosphate synthase	AG-920-L07_00072	2
CACNIK010000001.1	76242	76871	-	AG-920-L07_00075	AG-920-L07	209	OG0000522	K00275	pyridoxamine 5'-phosphate oxidase [EC:1.4.3.5]	COG0259	PdxH	Pyridoxine/pyridoxamine 5'-phosphate oxidase	AG-920-L07_00072	3
CACNIK010000001.1	76906	77988	+	AG-920-L07_00076	AG-920-L07	360	OG0000279	K01736	chorismate synthase [EC:4.2.3.5]	COG0082	AroC	Chorismate synthase	AG-920-L07_00072	4
CACNIK010000001.1	77985	79904	-	AG-920-L07_00077	AG-920-L07	639	OG0000041	K01662	1-deoxy-D-xylulose-5-phosphate synthase [EC:2.2.1.7]	COG1154	Dxs	Deoxyxylulose-5-phosphate synthase	AG-920-L07_00072	5
CACNIV010000011.1	6728	7675	-	AG-920-L20_01208	AG-920-L20	315	OG0000256	K03465	thymidylate synthase (FAD) [EC:2.1.1.148]	COG1351	ThyX	Thymidylate synthase ThyX, FAD-dependent family	AG-920-L20_01215	-5
CACNIV010000011.1	8137	9126	+	AG-920-L20_01211	AG-920-L20	329	OG0000316	K03517	quinolinate synthase [EC:2.5.1.72]	COG0379	NadA	Quinolinate synthase	AG-920-L20_01215	-4
CACNIV010000011.1	9132	9968	+	AG-920-L20_01212	AG-920-L20	278	OG0000370	K00767	nicotinate-nucleotide pyrophosphorylase (carboxylating) [EC:2.4.2.19]	COG0157	NadC	Nicotinate-nucleotide pyrophosphorylase	AG-920-L20_01215	-3
CACNIV010000011.1	9978	12635	-	AG-920-L20_01213	AG-920-L20	885	OG0000798	K01006	pyruvate, orthophosphate dikinase [EC:2.7.9.1]	COG0574	PpsA	Phosphoenolpyruvate synthase/pyruvate phosphate dikinase	AG-920-L20_01215	-2
CACNIV010000011.1	12636	14699	-	AG-920-L20_01214	AG-920-L20	687	OG0000882	K01879	glycyl-tRNA synthetase beta chain [EC:6.1.1.14]	COG0751	GlyS	Glycyl-tRNA synthetase, beta subunit	AG-920-L20_01215	-1
CACNIV010000011.1	14701	15585	-	AG-920-L20_01215	AG-920-L20	294	OG0000870	K01878	glycyl-tRNA synthetase alpha chain [EC:6.1.1.14]	COG0752	GlyQ	Glycyl-tRNA synthetase, alpha subunit	AG-920-L20_01215	0
CACNIV010000011.1	15575	16381	-	AG-920-L20_01216	AG-920-L20	268	OG0000623	K04773	protease IV [EC:3.4.21.-]	COG0616	SppA	Periplasmic serine protease, ClpP class	AG-920-L20_01215	1
CACNIV010000011.1	16490	17503	+	AG-920-L20_01217	AG-920-L20	337	OG0000641	K02523	octaprenyl-diphosphate synthase [EC:2.5.1.90]	COG0142	IspA	Geranylgeranyl pyrophosphate synthase	AG-920-L20_01215	2
CACNIV010000011.1	17500	18123	-	AG-920-L20_01218	AG-920-L20	207	OG0000522	K00275	pyridoxamine 5'-phosphate oxidase [EC:1.4.3.5]	COG0259	PdxH	Pyridoxine/pyridoxamine 5'-phosphate oxidase	AG-920-L20_01215	3
CACNIV010000011.1	18156	19241	+	AG-920-L20_01219	AG-920-L20	361	OG0000279	K01736	chorismate synthase [EC:4.2.3.5]	COG0082	AroC	Chorismate synthase	AG-920-L20_01215	4
CACNIV010000011.1	19238	21148	-	AG-920-L20_01220	AG-920-L20	636	OG0000041	K01662	1-deoxy-D-xylulose-5-phosphate synthase [EC:2.2.1.7]	COG1154	Dxs	Deoxyxylulose-5-phosphate synthase	AG-920-L20_01215	5
CACNTN010000002.1	79102	81021	+	AH-287-C13_00283	AH-287-C13	639	OG0000041	K01662	1-deoxy-D-xylulose-5-phosphate synthase [EC:2.2.1.7]	COG1154	Dxs	Deoxyxylulose-5-phosphate synthase	AH-287-C13_00288	-5
CACNTN010000002.1	81018	82100	-	AH-287-C13_00284	AH-287-C13	360	OG0000279	K01736	chorismate synthase [EC:4.2.3.5]	COG0082	AroC	Chorismate synthase	AH-287-C13_00288	-4
CACNTN010000002.1	82135	82767	+	AH-287-C13_00285	AH-287-C13	210	OG0000522	K00275	pyridoxamine 5'-phosphate oxidase [EC:1.4.3.5]	COG0259	PdxH	Pyridoxine/pyridoxamine 5'-phosphate oxidase	AH-287-C13_00288	-3
CACNTN010000002.1	82764	83777	-	AH-287-C13_00286	AH-287-C13	337	OG0000641	K02523	octaprenyl-diphosphate synthase [EC:2.5.1.90]	COG0142	IspA	Geranylgeranyl pyrophosphate synthase	AH-287-C13_00288	-2
CACNTN010000002.1	83923	84735	+	AH-287-C13_00287	AH-287-C13	270	OG0000623	K04773	protease IV [EC:3.4.21.-]	COG0616	SppA	Periplasmic serine protease, ClpP class	AH-287-C13_00288	-1
CACNTN010000002.1	84736	85632	+	AH-287-C13_00288	AH-287-C13	298	OG0000870	K01878	glycyl-tRNA synthetase alpha chain [EC:6.1.1.14]	COG0752	GlyQ	Glycyl-tRNA synthetase, alpha subunit	AH-287-C13_00288	0
CACNTN010000002.1	85636	87690	+	AH-287-C13_00289	AH-287-C13	684	OG0000882	K01879	glycyl-tRNA synthetase beta chain [EC:6.1.1.14]	COG0751	GlyS	Glycyl-tRNA synthetase, beta subunit	AH-287-C13_00288	1
CACNTN010000002.1	87690	90350	+	AH-287-C13_00290	AH-287-C13	886	OG0000798	K01006	pyruvate, orthophosphate dikinase [EC:2.7.9.1]	COG0574	PpsA	Phosphoenolpyruvate synthase/pyruvate phosphate dikinase	AH-287-C13_00288	2
CACNTN010000002.1	90339	91169	-	AH-287-C13_00291	AH-287-C13	276	OG0000370	K00767	nicotinate-nucleotide pyrophosphorylase (carboxylating) [EC:2.4.2.19]	COG0157	NadC	Nicotinate-nucleotide pyrophosphorylase	AH-287-C13_00288	3
CACNTN010000002.1	91174	92163	-	AH-287-C13_00292	AH-287-C13	329	OG0000316	K03517	quinolinate synthase [EC:2.5.1.72]	COG0379	NadA	Quinolinate synthase	AH-287-C13_00288	4
CACNTN010000002.1	92465	93166	-	AH-287-C13_00294	AH-287-C13	233	OG0002914	NA	NA	COG0572	Udk	Uridine kinase	AH-287-C13_00288	5
CACNWC010000008.1	659	1606	-	AH-287-E08_00688	AH-287-E08	315	OG0000256	K03465	thymidylate synthase (FAD) [EC:2.1.1.148]	COG1351	ThyX	Thymidylate synthase ThyX, FAD-dependent family	AH-287-E08_00695	-5
CACNWC010000008.1	2150	3139	+	AH-287-E08_00691	AH-287-E08	329	OG0000316	K03517	quinolinate synthase [EC:2.5.1.72]	COG0379	NadA	Quinolinate synthase	AH-287-E08_00695	-4
CACNWC010000008.1	3146	3979	+	AH-287-E08_00692	AH-287-E08	277	OG0000370	K00767	nicotinate-nucleotide pyrophosphorylase (carboxylating) [EC:2.4.2.19]	COG0157	NadC	Nicotinate-nucleotide pyrophosphorylase	AH-287-E08_00695	-3
CACNWC010000008.1	3990	6650	-	AH-287-E08_00693	AH-287-E08	886	OG0000798	K01006	pyruvate, orthophosphate dikinase [EC:2.7.9.1]	COG0574	PpsA	Phosphoenolpyruvate synthase/pyruvate phosphate dikinase	AH-287-E08_00695	-2
CACNWC010000008.1	6643	8715	-	AH-287-E08_00694	AH-287-E08	690	OG0000882	K01879	glycyl-tRNA synthetase beta chain [EC:6.1.1.14]	COG0751	GlyS	Glycyl-tRNA synthetase, beta subunit	AH-287-E08_00695	-1
CACNWC010000008.1	8717	9622	-	AH-287-E08_00695	AH-287-E08	301	OG0000870	K01878	glycyl-tRNA synthetase alpha chain [EC:6.1.1.14]	COG0752	GlyQ	Glycyl-tRNA synthetase, alpha subunit	AH-287-E08_00695	0
CACNWC010000008.1	9588	10394	-	AH-287-E08_00696	AH-287-E08	268	OG0000623	K04773	protease IV [EC:3.4.21.-]	COG0616	SppA	Periplasmic serine protease, ClpP class	AH-287-E08_00695	1
CACNWC010000008.1	10510	11523	+	AH-287-E08_00697	AH-287-E08	337	OG0000641	K02523	octaprenyl-diphosphate synthase [EC:2.5.1.90]	COG0142	IspA	Geranylgeranyl pyrophosphate synthase	AH-287-E08_00695	2
CACNWC010000008.1	11520	12146	-	AH-287-E08_00698	AH-287-E08	208	OG0000522	K00275	pyridoxamine 5'-phosphate oxidase [EC:1.4.3.5]	COG0259	PdxH	Pyridoxine/pyridoxamine 5'-phosphate oxidase	AH-287-E08_00695	3
CACNWC010000008.1	12180	13262	+	AH-287-E08_00699	AH-287-E08	360	OG0000279	K01736	chorismate synthase [EC:4.2.3.5]	COG0082	AroC	Chorismate synthase	AH-287-E08_00695	4
CACNWC010000008.1	13268	15181	-	AH-287-E08_00700	AH-287-E08	637	OG0000041	K01662	1-deoxy-D-xylulose-5-phosphate synthase [EC:2.2.1.7]	COG1154	Dxs	Deoxyxylulose-5-phosphate synthase	AH-287-E08_00695	5
CACNWL010000001.1	37145	39061	+	AH-287-E17_00048	AH-287-E17	638	OG0000041	K01662	1-deoxy-D-xylulose-5-phosphate synthase [EC:2.2.1.7]	COG1154	Dxs	Deoxyxylulose-5-phosphate synthase	AH-287-E17_00053	-5
CACNWL010000001.1	39068	40150	-	AH-287-E17_00049	AH-287-E17	360	OG0000279	K01736	chorismate synthase [EC:4.2.3.5]	COG0082	AroC	Chorismate synthase	AH-287-E17_00053	-4
CACNWL010000001.1	40184	40810	+	AH-287-E17_00050	AH-287-E17	208	OG0000522	K00275	pyridoxamine 5'-phosphate oxidase [EC:1.4.3.5]	COG0259	PdxH	Pyridoxine/pyridoxamine 5'-phosphate oxidase	AH-287-E17_00053	-3
CACNWL010000001.1	40807	41820	-	AH-287-E17_00051	AH-287-E17	337	OG0000641	K02523	octaprenyl-diphosphate synthase [EC:2.5.1.90]	COG0142	IspA	Geranylgeranyl pyrophosphate synthase	AH-287-E17_00053	-2
CACNWL010000001.1	41935	42741	+	AH-287-E17_00052	AH-287-E17	268	OG0000623	K04773	protease IV [EC:3.4.21.-]	COG0616	SppA	Periplasmic serine protease, ClpP class	AH-287-E17_00053	-1
CACNWL010000001.1	42707	43612	+	AH-287-E17_00053	AH-287-E17	301	OG0000870	K01878	glycyl-tRNA synthetase alpha chain [EC:6.1.1.14]	COG0752	GlyQ	Glycyl-tRNA synthetase, alpha subunit	AH-287-E17_00053	0
CACNWL010000001.1	43612	45678	+	AH-287-E17_00054	AH-287-E17	688	OG0000882	K01879	glycyl-tRNA synthetase beta chain [EC:6.1.1.14]	COG0751	GlyS	Glycyl-tRNA synthetase, beta subunit	AH-287-E17_00053	1
CACNWL010000001.1	45678	48344	+	AH-287-E17_00055	AH-287-E17	888	OG0000798	K01006	pyruvate, orthophosphate dikinase [EC:2.7.9.1]	COG0574	PpsA	Phosphoenolpyruvate synthase/pyruvate phosphate dikinase	AH-287-E17_00053	2
CACNWL010000001.1	48487	48825	+	AH-287-E17_00056	AH-287-E17	112	OG0003162	NA	NA	NA	NA	NA	AH-287-E17_00053	3
CACNWL010000001.1	48867	49199	-	AH-287-E17_00057	AH-287-E17	110	OG0001523	NA	NA	NA	NA	NA	AH-287-E17_00053	4
CACNWL010000001.1	49355	49528	+	AH-287-E17_00058	AH-287-E17	57	OG0001455	NA	NA	NA	NA	NA	AH-287-E17_00053	5
CACNWV010000003.1	69315	71228	+	AH-287-E19_00321	AH-287-E19	637	OG0000041	K01662	1-deoxy-D-xylulose-5-phosphate synthase [EC:2.2.1.7]	COG1154	Dxs	Deoxyxylulose-5-phosphate synthase	AH-287-E19_00326	-5
CACNWV010000003.1	71225	72307	-	AH-287-E19_00322	AH-287-E19	360	OG0000279	K01736	chorismate synthase [EC:4.2.3.5]	COG0082	AroC	Chorismate synthase	AH-287-E19_00326	-4
CACNWV010000003.1	72342	72974	+	AH-287-E19_00323	AH-287-E19	210	OG0000522	K00275	pyridoxamine 5'-phosphate oxidase [EC:1.4.3.5]	COG0259	PdxH	Pyridoxine/pyridoxamine 5'-phosphate oxidase	AH-287-E19_00326	-3
CACNWV010000003.1	72971	73984	-	AH-287-E19_00324	AH-287-E19	337	OG0000641	K02523	octaprenyl-diphosphate synthase [EC:2.5.1.90]	COG0142	IspA	Geranylgeranyl pyrophosphate synthase	AH-287-E19_00326	-2
CACNWV010000003.1	74133	74945	+	AH-287-E19_00325	AH-287-E19	270	OG0000623	K04773	protease IV [EC:3.4.21.-]	COG0616	SppA	Periplasmic serine protease, ClpP class	AH-287-E19_00326	-1
CACNWV010000003.1	74946	75842	+	AH-287-E19_00326	AH-287-E19	298	OG0000870	K01878	glycyl-tRNA synthetase alpha chain [EC:6.1.1.14]	COG0752	GlyQ	Glycyl-tRNA synthetase, alpha subunit	AH-287-E19_00326	0
CACNWV010000003.1	75846	77900	+	AH-287-E19_00327	AH-287-E19	684	OG0000882	K01879	glycyl-tRNA synthetase beta chain [EC:6.1.1.14]	COG0751	GlyS	Glycyl-tRNA synthetase, beta subunit	AH-287-E19_00326	1
CACNWV010000003.1	77900	80560	+	AH-287-E19_00328	AH-287-E19	886	OG0000798	K01006	pyruvate, orthophosphate dikinase [EC:2.7.9.1]	COG0574	PpsA	Phosphoenolpyruvate synthase/pyruvate phosphate dikinase	AH-287-E19_00326	2
CACNWV010000003.1	80549	81379	-	AH-287-E19_00329	AH-287-E19	276	OG0000370	K00767	nicotinate-nucleotide pyrophosphorylase (carboxylating) [EC:2.4.2.19]	COG0157	NadC	Nicotinate-nucleotide pyrophosphorylase	AH-287-E19_00326	3
CACNWV010000003.1	81384	82373	-	AH-287-E19_00330	AH-287-E19	329	OG0000316	K03517	quinolinate synthase [EC:2.5.1.72]	COG0379	NadA	Quinolinate synthase	AH-287-E19_00326	4
CACNWV010000003.1	82634	83518	-	AH-287-E19_00332	AH-287-E19	294	OG0000660	NA	NA	COG0354	YgfZ	Folate-binding protein YgfZ, synthesis and repair of Fe-S clusters, tRNA thiomethylation	AH-287-E19_00326	5
CACNXC010000004.1	29680	31593	+	AH-287-G05_00668	AH-287-G05	637	OG0000041	K01662	1-deoxy-D-xylulose-5-phosphate synthase [EC:2.2.1.7]	COG1154	Dxs	Deoxyxylulose-5-phosphate synthase	AH-287-G05_00673	-5
CACNXC010000004.1	31599	32681	-	AH-287-G05_00669	AH-287-G05	360	OG0000279	K01736	chorismate synthase [EC:4.2.3.5]	COG0082	AroC	Chorismate synthase	AH-287-G05_00673	-4
CACNXC010000004.1	32715	33341	+	AH-287-G05_00670	AH-287-G05	208	OG0000522	K00275	pyridoxamine 5'-phosphate oxidase [EC:1.4.3.5]	COG0259	PdxH	Pyridoxine/pyridoxamine 5'-phosphate oxidase	AH-287-G05_00673	-3
CACNXC010000004.1	33338	34351	-	AH-287-G05_00671	AH-287-G05	337	OG0000641	K02523	octaprenyl-diphosphate synthase [EC:2.5.1.90]	COG0142	IspA	Geranylgeranyl pyrophosphate synthase	AH-287-G05_00673	-2
CACNXC010000004.1	34465	35271	+	AH-287-G05_00672	AH-287-G05	268	OG0000623	K04773	protease IV [EC:3.4.21.-]	COG0616	SppA	Periplasmic serine protease, ClpP class	AH-287-G05_00673	-1
CACNXC010000004.1	35261	36142	+	AH-287-G05_00673	AH-287-G05	293	OG0000870	K01878	glycyl-tRNA synthetase alpha chain [EC:6.1.1.14]	COG0752	GlyQ	Glycyl-tRNA synthetase, alpha subunit	AH-287-G05_00673	0
CACNXC010000004.1	36144	38216	+	AH-287-G05_00674	AH-287-G05	690	OG0000882	K01879	glycyl-tRNA synthetase beta chain [EC:6.1.1.14]	COG0751	GlyS	Glycyl-tRNA synthetase, beta subunit	AH-287-G05_00673	1
CACNXC010000004.1	38209	40866	+	AH-287-G05_00675	AH-287-G05	885	OG0000798	K01006	pyruvate, orthophosphate dikinase [EC:2.7.9.1]	COG0574	PpsA	Phosphoenolpyruvate synthase/pyruvate phosphate dikinase	AH-287-G05_00673	2
CACNXC010000004.1	40885	41667	+	AH-287-G05_00676	AH-287-G05	260	OG0001271	NA	NA	NA	NA	NA	AH-287-G05_00673	3
CACNXC010000004.1	41677	43041	-	AH-287-G05_00677	AH-287-G05	454	OG0001144	NA	NA	COG2133	YliI	Glucose/arabinose dehydrogenase, beta-propeller fold	AH-287-G05_00673	4
CACNXC010000004.1	43422	44369	+	AH-287-G05_00679	AH-287-G05	315	OG0000256	K03465	thymidylate synthase (FAD) [EC:2.1.1.148]	COG1351	ThyX	Thymidylate synthase ThyX, FAD-dependent family	AH-287-G05_00673	5
CACOCP010000002.1	28908	29855	-	AH-287-O09_00306	AH-287-O09	315	OG0000256	K03465	thymidylate synthase (FAD) [EC:2.1.1.148]	COG1351	ThyX	Thymidylate synthase ThyX, FAD-dependent family	AH-287-O09_00313	-5
CACOCP010000002.1	30328	31317	+	AH-287-O09_00309	AH-287-O09	329	OG0000316	K03517	quinolinate synthase [EC:2.5.1.72]	COG0379	NadA	Quinolinate synthase	AH-287-O09_00313	-4
CACOCP010000002.1	31323	32159	+	AH-287-O09_00310	AH-287-O09	278	OG0000370	K00767	nicotinate-nucleotide pyrophosphorylase (carboxylating) [EC:2.4.2.19]	COG0157	NadC	Nicotinate-nucleotide pyrophosphorylase	AH-287-O09_00313	-3
CACOCP010000002.1	32165	34822	-	AH-287-O09_00311	AH-287-O09	885	OG0000798	K01006	pyruvate, orthophosphate dikinase [EC:2.7.9.1]	COG0574	PpsA	Phosphoenolpyruvate synthase/pyruvate phosphate dikinase	AH-287-O09_00313	-2
CACOCP010000002.1	34822	36885	-	AH-287-O09_00312	AH-287-O09	687	OG0000882	K01879	glycyl-tRNA synthetase beta chain [EC:6.1.1.14]	COG0751	GlyS	Glycyl-tRNA synthetase, beta subunit	AH-287-O09_00313	-1
CACOCP010000002.1	36887	37771	-	AH-287-O09_00313	AH-287-O09	294	OG0000870	K01878	glycyl-tRNA synthetase alpha chain [EC:6.1.1.14]	COG0752	GlyQ	Glycyl-tRNA synthetase, alpha subunit	AH-287-O09_00313	0
CACOCP010000002.1	37761	38570	-	AH-287-O09_00314	AH-287-O09	269	OG0000623	K04773	protease IV [EC:3.4.21.-]	COG0616	SppA	Periplasmic serine protease, ClpP class	AH-287-O09_00313	1
CACOCP010000002.1	38680	39693	+	AH-287-O09_00315	AH-287-O09	337	OG0000641	K02523	octaprenyl-diphosphate synthase [EC:2.5.1.90]	COG0142	IspA	Geranylgeranyl pyrophosphate synthase	AH-287-O09_00313	2
CACOCP010000002.1	39690	40313	-	AH-287-O09_00316	AH-287-O09	207	OG0000522	K00275	pyridoxamine 5'-phosphate oxidase [EC:1.4.3.5]	COG0259	PdxH	Pyridoxine/pyridoxamine 5'-phosphate oxidase	AH-287-O09_00313	3
CACOCP010000002.1	40346	41431	+	AH-287-O09_00317	AH-287-O09	361	OG0000279	K01736	chorismate synthase [EC:4.2.3.5]	COG0082	AroC	Chorismate synthase	AH-287-O09_00313	4
CACOCP010000002.1	41428	43338	-	AH-287-O09_00318	AH-287-O09	636	OG0000041	K01662	1-deoxy-D-xylulose-5-phosphate synthase [EC:2.2.1.7]	COG1154	Dxs	Deoxyxylulose-5-phosphate synthase	AH-287-O09_00313	5
CACOEF010000002.1	79729	80553	+	AH-321-A17_00365	AH-321-A17	274	OG0000361	K03593	ATP-binding protein involved in chromosome partitioning	COG0489	Mrp	Fe-S cluster carrier ATPase, Mrp/ApbC/NBP35 family	AH-321-A17_00371	-5
CACOEF010000002.1	80534	81481	-	AH-321-A17_00366	AH-321-A17	315	OG0000256	K03465	thymidylate synthase (FAD) [EC:2.1.1.148]	COG1351	ThyX	Thymidylate synthase ThyX, FAD-dependent family	AH-321-A17_00371	-4
CACOEF010000002.1	81495	83390	-	AH-321-A17_00367	AH-321-A17	631	OG0001337	K16568	exopolysaccharide production protein ExoZ	COG1835	OafA	Peptidoglycan/LPS O-acetylase OafA/YrhL, contains acyltransferase and SGNH-hydrolase domains	AH-321-A17_00371	-3
CACOEF010000002.1	83698	86364	-	AH-321-A17_00369	AH-321-A17	888	OG0000798	K01006	pyruvate, orthophosphate dikinase [EC:2.7.9.1]	COG0574	PpsA	Phosphoenolpyruvate synthase/pyruvate phosphate dikinase	AH-321-A17_00371	-2
CACOEF010000002.1	86361	88430	-	AH-321-A17_00370	AH-321-A17	689	OG0000882	K01879	glycyl-tRNA synthetase beta chain [EC:6.1.1.14]	COG0751	GlyS	Glycyl-tRNA synthetase, beta subunit	AH-321-A17_00371	-1
CACOEF010000002.1	88430	89335	-	AH-321-A17_00371	AH-321-A17	301	OG0000870	K01878	glycyl-tRNA synthetase alpha chain [EC:6.1.1.14]	COG0752	GlyQ	Glycyl-tRNA synthetase, alpha subunit	AH-321-A17_00371	0
CACOEF010000002.1	89301	90107	-	AH-321-A17_00372	AH-321-A17	268	OG0000623	K04773	protease IV [EC:3.4.21.-]	COG0616	SppA	Periplasmic serine protease, ClpP class	AH-321-A17_00371	1
CACOEF010000002.1	90221	91234	+	AH-321-A17_00373	AH-321-A17	337	OG0000641	K02523	octaprenyl-diphosphate synthase [EC:2.5.1.90]	COG0142	IspA	Geranylgeranyl pyrophosphate synthase	AH-321-A17_00371	2
CACOEF010000002.1	91231	91857	-	AH-321-A17_00374	AH-321-A17	208	OG0000522	K00275	pyridoxamine 5'-phosphate oxidase [EC:1.4.3.5]	COG0259	PdxH	Pyridoxine/pyridoxamine 5'-phosphate oxidase	AH-321-A17_00371	3
CACOEF010000002.1	91891	92973	+	AH-321-A17_00375	AH-321-A17	360	OG0000279	K01736	chorismate synthase [EC:4.2.3.5]	COG0082	AroC	Chorismate synthase	AH-321-A17_00371	4
CACOEF010000002.1	92980	94896	-	AH-321-A17_00376	AH-321-A17	638	OG0000041	K01662	1-deoxy-D-xylulose-5-phosphate synthase [EC:2.2.1.7]	COG1154	Dxs	Deoxyxylulose-5-phosphate synthase	AH-321-A17_00371	5
CACOGC010000001.1	23364	24311	-	AH-321-D17_00025	AH-321-D17	315	OG0000256	K03465	thymidylate synthase (FAD) [EC:2.1.1.148]	COG1351	ThyX	Thymidylate synthase ThyX, FAD-dependent family	AH-321-D17_00031	-5
CACOGC010000001.1	24691	26055	+	AH-321-D17_00027	AH-321-D17	454	OG0001144	NA	NA	COG2133	YliI	Glucose/arabinose dehydrogenase, beta-propeller fold	AH-321-D17_00031	-4
CACOGC010000001.1	26064	26846	-	AH-321-D17_00028	AH-321-D17	260	OG0001271	NA	NA	NA	NA	NA	AH-321-D17_00031	-3
CACOGC010000001.1	26865	29522	-	AH-321-D17_00029	AH-321-D17	885	OG0000798	K01006	pyruvate, orthophosphate dikinase [EC:2.7.9.1]	COG0574	PpsA	Phosphoenolpyruvate synthase/pyruvate phosphate dikinase	AH-321-D17_00031	-2
CACOGC010000001.1	29515	31587	-	AH-321-D17_00030	AH-321-D17	690	OG0000882	K01879	glycyl-tRNA synthetase beta chain [EC:6.1.1.14]	COG0751	GlyS	Glycyl-tRNA synthetase, beta subunit	AH-321-D17_00031	-1
CACOGC010000001.1	31589	32470	-	AH-321-D17_00031	AH-321-D17	293	OG0000870	K01878	glycyl-tRNA synthetase alpha chain [EC:6.1.1.14]	COG0752	GlyQ	Glycyl-tRNA synthetase, alpha subunit	AH-321-D17_00031	0
CACOGC010000001.1	32460	33266	-	AH-321-D17_00032	AH-321-D17	268	OG0000623	K04773	protease IV [EC:3.4.21.-]	COG0616	SppA	Periplasmic serine protease, ClpP class	AH-321-D17_00031	1
CACOGC010000001.1	33380	34393	+	AH-321-D17_00033	AH-321-D17	337	OG0000641	K02523	octaprenyl-diphosphate synthase [EC:2.5.1.90]	COG0142	IspA	Geranylgeranyl pyrophosphate synthase	AH-321-D17_00031	2
CACOGC010000001.1	34390	35016	-	AH-321-D17_00034	AH-321-D17	208	OG0000522	K00275	pyridoxamine 5'-phosphate oxidase [EC:1.4.3.5]	COG0259	PdxH	Pyridoxine/pyridoxamine 5'-phosphate oxidase	AH-321-D17_00031	3
CACOGC010000001.1	35050	36132	+	AH-321-D17_00035	AH-321-D17	360	OG0000279	K01736	chorismate synthase [EC:4.2.3.5]	COG0082	AroC	Chorismate synthase	AH-321-D17_00031	4
CACOGC010000001.1	36138	38051	-	AH-321-D17_00036	AH-321-D17	637	OG0000041	K01662	1-deoxy-D-xylulose-5-phosphate synthase [EC:2.2.1.7]	COG1154	Dxs	Deoxyxylulose-5-phosphate synthase	AH-321-D17_00031	5
CACOIL010000001.1	39824	40522	+	AH-321-I23_00040	AH-321-I23	232	OG0002914	NA	NA	COG0572	Udk	Uridine kinase	AH-321-I23_00046	-5
CACOIL010000001.1	40811	41800	+	AH-321-I23_00042	AH-321-I23	329	OG0000316	K03517	quinolinate synthase [EC:2.5.1.72]	COG0379	NadA	Quinolinate synthase	AH-321-I23_00046	-4
CACOIL010000001.1	41805	42635	+	AH-321-I23_00043	AH-321-I23	276	OG0000370	K00767	nicotinate-nucleotide pyrophosphorylase (carboxylating) [EC:2.4.2.19]	COG0157	NadC	Nicotinate-nucleotide pyrophosphorylase	AH-321-I23_00046	-3
CACOIL010000001.1	42621	45275	-	AH-321-I23_00044	AH-321-I23	884	OG0000798	K01006	pyruvate, orthophosphate dikinase [EC:2.7.9.1]	COG0574	PpsA	Phosphoenolpyruvate synthase/pyruvate phosphate dikinase	AH-321-I23_00046	-2
CACOIL010000001.1	45284	47341	-	AH-321-I23_00045	AH-321-I23	685	OG0000882	K01879	glycyl-tRNA synthetase beta chain [EC:6.1.1.14]	COG0751	GlyS	Glycyl-tRNA synthetase, beta subunit	AH-321-I23_00046	-1
CACOIL010000001.1	47345	48229	-	AH-321-I23_00046	AH-321-I23	294	OG0000870	K01878	glycyl-tRNA synthetase alpha chain [EC:6.1.1.14]	COG0752	GlyQ	Glycyl-tRNA synthetase, alpha subunit	AH-321-I23_00046	0
CACOIL010000001.1	48230	49042	-	AH-321-I23_00047	AH-321-I23	270	OG0000623	K04773	protease IV [EC:3.4.21.-]	COG0616	SppA	Periplasmic serine protease, ClpP class	AH-321-I23_00046	1
CACOIL010000001.1	49193	50206	+	AH-321-I23_00048	AH-321-I23	337	OG0000641	K02523	octaprenyl-diphosphate synthase [EC:2.5.1.90]	COG0142	IspA	Geranylgeranyl pyrophosphate synthase	AH-321-I23_00046	2
CACOIL010000001.1	50203	50835	-	AH-321-I23_00049	AH-321-I23	210	OG0000522	K00275	pyridoxamine 5'-phosphate oxidase [EC:1.4.3.5]	COG0259	PdxH	Pyridoxine/pyridoxamine 5'-phosphate oxidase	AH-321-I23_00046	3
CACOIL010000001.1	50870	51952	+	AH-321-I23_00050	AH-321-I23	360	OG0000279	K01736	chorismate synthase [EC:4.2.3.5]	COG0082	AroC	Chorismate synthase	AH-321-I23_00046	4
CACOIL010000001.1	51949	53868	-	AH-321-I23_00051	AH-321-I23	639	OG0000041	K01662	1-deoxy-D-xylulose-5-phosphate synthase [EC:2.2.1.7]	COG1154	Dxs	Deoxyxylulose-5-phosphate synthase	AH-321-I23_00046	5
CACOKI010000006.1	45640	47553	+	AH-321-L23_00633	AH-321-L23	637	OG0000041	K01662	1-deoxy-D-xylulose-5-phosphate synthase [EC:2.2.1.7]	COG1154	Dxs	Deoxyxylulose-5-phosphate synthase	AH-321-L23_00638	-5
CACOKI010000006.1	47560	48642	-	AH-321-L23_00634	AH-321-L23	360	OG0000279	K01736	chorismate synthase [EC:4.2.3.5]	COG0082	AroC	Chorismate synthase	AH-321-L23_00638	-4
CACOKI010000006.1	48676	49302	+	AH-321-L23_00635	AH-321-L23	208	OG0000522	K00275	pyridoxamine 5'-phosphate oxidase [EC:1.4.3.5]	COG0259	PdxH	Pyridoxine/pyridoxamine 5'-phosphate oxidase	AH-321-L23_00638	-3
CACOKI010000006.1	49299	50312	-	AH-321-L23_00636	AH-321-L23	337	OG0000641	K02523	octaprenyl-diphosphate synthase [EC:2.5.1.90]	COG0142	IspA	Geranylgeranyl pyrophosphate synthase	AH-321-L23_00638	-2
CACOKI010000006.1	50429	51235	+	AH-321-L23_00637	AH-321-L23	268	OG0000623	K04773	protease IV [EC:3.4.21.-]	COG0616	SppA	Periplasmic serine protease, ClpP class	AH-321-L23_00638	-1
CACOKI010000006.1	51225	52106	+	AH-321-L23_00638	AH-321-L23	293	OG0000870	K01878	glycyl-tRNA synthetase alpha chain [EC:6.1.1.14]	COG0752	GlyQ	Glycyl-tRNA synthetase, alpha subunit	AH-321-L23_00638	0
CACOKI010000006.1	52108	54180	+	AH-321-L23_00639	AH-321-L23	690	OG0000882	K01879	glycyl-tRNA synthetase beta chain [EC:6.1.1.14]	COG0751	GlyS	Glycyl-tRNA synthetase, beta subunit	AH-321-L23_00638	1
CACOKI010000006.1	54173	56833	+	AH-321-L23_00640	AH-321-L23	886	OG0000798	K01006	pyruvate, orthophosphate dikinase [EC:2.7.9.1]	COG0574	PpsA	Phosphoenolpyruvate synthase/pyruvate phosphate dikinase	AH-321-L23_00638	2
CACOKI010000006.1	56847	57680	-	AH-321-L23_00641	AH-321-L23	277	OG0000370	K00767	nicotinate-nucleotide pyrophosphorylase (carboxylating) [EC:2.4.2.19]	COG0157	NadC	Nicotinate-nucleotide pyrophosphorylase	AH-321-L23_00638	3
CACOKI010000006.1	57687	58676	-	AH-321-L23_00642	AH-321-L23	329	OG0000316	K03517	quinolinate synthase [EC:2.5.1.72]	COG0379	NadA	Quinolinate synthase	AH-321-L23_00638	4
CACOKI010000006.1	59149	60096	+	AH-321-L23_00645	AH-321-L23	315	OG0000256	K03465	thymidylate synthase (FAD) [EC:2.1.1.148]	COG1351	ThyX	Thymidylate synthase ThyX, FAD-dependent family	AH-321-L23_00638	5
CACOKN010000001.1	250411	251358	-	AH-321-M13_00265	AH-321-M13	315	OG0000256	K03465	thymidylate synthase (FAD) [EC:2.1.1.148]	COG1351	ThyX	Thymidylate synthase ThyX, FAD-dependent family	AH-321-M13_00271	-5
CACOKN010000001.1	251737	253101	+	AH-321-M13_00267	AH-321-M13	454	OG0001144	NA	NA	COG2133	YliI	Glucose/arabinose dehydrogenase, beta-propeller fold	AH-321-M13_00271	-4
CACOKN010000001.1	253111	253893	-	AH-321-M13_00268	AH-321-M13	260	OG0001271	NA	NA	NA	NA	NA	AH-321-M13_00271	-3
CACOKN010000001.1	253911	256568	-	AH-321-M13_00269	AH-321-M13	885	OG0000798	K01006	pyruvate, orthophosphate dikinase [EC:2.7.9.1]	COG0574	PpsA	Phosphoenolpyruvate synthase/pyruvate phosphate dikinase	AH-321-M13_00271	-2
CACOKN010000001.1	256561	258633	-	AH-321-M13_00270	AH-321-M13	690	OG0000882	K01879	glycyl-tRNA synthetase beta chain [EC:6.1.1.14]	COG0751	GlyS	Glycyl-tRNA synthetase, beta subunit	AH-321-M13_00271	-1
CACOKN010000001.1	258635	259516	-	AH-321-M13_00271	AH-321-M13	293	OG0000870	K01878	glycyl-tRNA synthetase alpha chain [EC:6.1.1.14]	COG0752	GlyQ	Glycyl-tRNA synthetase, alpha subunit	AH-321-M13_00271	0
CACOKN010000001.1	259506	260312	-	AH-321-M13_00272	AH-321-M13	268	OG0000623	K04773	protease IV [EC:3.4.21.-]	COG0616	SppA	Periplasmic serine protease, ClpP class	AH-321-M13_00271	1
CACOKN010000001.1	260426	261439	+	AH-321-M13_00273	AH-321-M13	337	OG0000641	K02523	octaprenyl-diphosphate synthase [EC:2.5.1.90]	COG0142	IspA	Geranylgeranyl pyrophosphate synthase	AH-321-M13_00271	2
CACOKN010000001.1	261436	262062	-	AH-321-M13_00274	AH-321-M13	208	OG0000522	K00275	pyridoxamine 5'-phosphate oxidase [EC:1.4.3.5]	COG0259	PdxH	Pyridoxine/pyridoxamine 5'-phosphate oxidase	AH-321-M13_00271	3
CACOKN010000001.1	262096	263178	+	AH-321-M13_00275	AH-321-M13	360	OG0000279	K01736	chorismate synthase [EC:4.2.3.5]	COG0082	AroC	Chorismate synthase	AH-321-M13_00271	4
CACOKN010000001.1	263184	265097	-	AH-321-M13_00276	AH-321-M13	637	OG0000041	K01662	1-deoxy-D-xylulose-5-phosphate synthase [EC:2.2.1.7]	COG1154	Dxs	Deoxyxylulose-5-phosphate synthase	AH-321-M13_00271	5
CACOLA010000006.1	21047	22117	-	AH-321-N11_01013	AH-321-N11	356	OG0000256	K03465	thymidylate synthase (FAD) [EC:2.1.1.148]	COG1351	ThyX	Thymidylate synthase ThyX, FAD-dependent family	AH-321-N11_01019	-5
CACOLA010000006.1	22356	22805	-	AH-321-N11_01015	AH-321-N11	149	OG0000091	NA	NA	NA	NA	NA	AH-321-N11_01019	-4
CACOLA010000006.1	22885	23793	-	AH-321-N11_01016	AH-321-N11	302	OG0000091	NA	NA	NA	NA	NA	AH-321-N11_01019	-3
CACOLA010000006.1	23950	26613	-	AH-321-N11_01017	AH-321-N11	887	OG0000798	K01006	pyruvate, orthophosphate dikinase [EC:2.7.9.1]	COG0574	PpsA	Phosphoenolpyruvate synthase/pyruvate phosphate dikinase	AH-321-N11_01019	-2
CACOLA010000006.1	26606	28678	-	AH-321-N11_01018	AH-321-N11	690	OG0000882	K01879	glycyl-tRNA synthetase beta chain [EC:6.1.1.14]	COG0751	GlyS	Glycyl-tRNA synthetase, beta subunit	AH-321-N11_01019	-1
CACOLA010000006.1	28684	29592	-	AH-321-N11_01019	AH-321-N11	302	OG0000870	K01878	glycyl-tRNA synthetase alpha chain [EC:6.1.1.14]	COG0752	GlyQ	Glycyl-tRNA synthetase, alpha subunit	AH-321-N11_01019	0
CACOLA010000006.1	29558	30364	-	AH-321-N11_01020	AH-321-N11	268	OG0000623	K04773	protease IV [EC:3.4.21.-]	COG0616	SppA	Periplasmic serine protease, ClpP class	AH-321-N11_01019	1
CACOLA010000006.1	30478	31491	+	AH-321-N11_01021	AH-321-N11	337	OG0000641	K02523	octaprenyl-diphosphate synthase [EC:2.5.1.90]	COG0142	IspA	Geranylgeranyl pyrophosphate synthase	AH-321-N11_01019	2
CACOLA010000006.1	31488	32114	-	AH-321-N11_01022	AH-321-N11	208	OG0000522	K00275	pyridoxamine 5'-phosphate oxidase [EC:1.4.3.5]	COG0259	PdxH	Pyridoxine/pyridoxamine 5'-phosphate oxidase	AH-321-N11_01019	3
CACOLA010000006.1	32148	33230	+	AH-321-N11_01023	AH-321-N11	360	OG0000279	K01736	chorismate synthase [EC:4.2.3.5]	COG0082	AroC	Chorismate synthase	AH-321-N11_01019	4
CACOLA010000006.1	33232	35145	-	AH-321-N11_01024	AH-321-N11	637	OG0000041	K01662	1-deoxy-D-xylulose-5-phosphate synthase [EC:2.2.1.7]	COG1154	Dxs	Deoxyxylulose-5-phosphate synthase	AH-321-N11_01019	5
CACONH010000004.1	43546	45453	+	AH-324-B10_00810	AH-324-B10	635	OG0000041	K01662	1-deoxy-D-xylulose-5-phosphate synthase [EC:2.2.1.7]	COG1154	Dxs	Deoxyxylulose-5-phosphate synthase	AH-324-B10_00815	-5
CACONH010000004.1	45450	46535	-	AH-324-B10_00811	AH-324-B10	361	OG0000279	K01736	chorismate synthase [EC:4.2.3.5]	COG0082	AroC	Chorismate synthase	AH-324-B10_00815	-4
CACONH010000004.1	46568	47191	+	AH-324-B10_00812	AH-324-B10	207	OG0000522	K00275	pyridoxamine 5'-phosphate oxidase [EC:1.4.3.5]	COG0259	PdxH	Pyridoxine/pyridoxamine 5'-phosphate oxidase	AH-324-B10_00815	-3
CACONH010000004.1	47188	48201	-	AH-324-B10_00813	AH-324-B10	337	OG0000641	K02523	octaprenyl-diphosphate synthase [EC:2.5.1.90]	COG0142	IspA	Geranylgeranyl pyrophosphate synthase	AH-324-B10_00815	-2
CACONH010000004.1	48312	49118	+	AH-324-B10_00814	AH-324-B10	268	OG0000623	K04773	protease IV [EC:3.4.21.-]	COG0616	SppA	Periplasmic serine protease, ClpP class	AH-324-B10_00815	-1
CACONH010000004.1	49108	49983	+	AH-324-B10_00815	AH-324-B10	291	OG0000870	K01878	glycyl-tRNA synthetase alpha chain [EC:6.1.1.14]	COG0752	GlyQ	Glycyl-tRNA synthetase, alpha subunit	AH-324-B10_00815	0
CACONH010000004.1	49989	52058	+	AH-324-B10_00816	AH-324-B10	689	OG0000882	K01879	glycyl-tRNA synthetase beta chain [EC:6.1.1.14]	COG0751	GlyS	Glycyl-tRNA synthetase, beta subunit	AH-324-B10_00815	1
CACONH010000004.1	52058	54721	+	AH-324-B10_00817	AH-324-B10	887	OG0000798	K01006	pyruvate, orthophosphate dikinase [EC:2.7.9.1]	COG0574	PpsA	Phosphoenolpyruvate synthase/pyruvate phosphate dikinase	AH-324-B10_00815	2
CACONH010000004.1	54711	55541	-	AH-324-B10_00818	AH-324-B10	276	OG0000370	K00767	nicotinate-nucleotide pyrophosphorylase (carboxylating) [EC:2.4.2.19]	COG0157	NadC	Nicotinate-nucleotide pyrophosphorylase	AH-324-B10_00815	3
CACONH010000004.1	55546	56535	-	AH-324-B10_00819	AH-324-B10	329	OG0000316	K03517	quinolinate synthase [EC:2.5.1.72]	COG0379	NadA	Quinolinate synthase	AH-324-B10_00815	4
CACONH010000004.1	56681	57025	-	AH-324-B10_00821	AH-324-B10	114	OG0001564	NA	NA	COG3806	ChrR	Anti-sigma factor ChrR, cupin superfamily	AH-324-B10_00815	5
CACOOX010000003.1	10559	11446	+	AH-324-E14_00419	AH-324-E14	295	OG0000660	NA	NA	COG0354	YgfZ	Folate-binding protein YgfZ, synthesis and repair of Fe-S clusters, tRNA thiomethylation	AH-324-E14_00425	-5
CACOOX010000003.1	11591	12580	+	AH-324-E14_00421	AH-324-E14	329	OG0000316	K03517	quinolinate synthase [EC:2.5.1.72]	COG0379	NadA	Quinolinate synthase	AH-324-E14_00425	-4
CACOOX010000003.1	12586	13413	+	AH-324-E14_00422	AH-324-E14	275	OG0000370	K00767	nicotinate-nucleotide pyrophosphorylase (carboxylating) [EC:2.4.2.19]	COG0157	NadC	Nicotinate-nucleotide pyrophosphorylase	AH-324-E14_00425	-3
CACOOX010000003.1	13415	16072	-	AH-324-E14_00423	AH-324-E14	885	OG0000798	K01006	pyruvate, orthophosphate dikinase [EC:2.7.9.1]	COG0574	PpsA	Phosphoenolpyruvate synthase/pyruvate phosphate dikinase	AH-324-E14_00425	-2
CACOOX010000003.1	16072	18138	-	AH-324-E14_00424	AH-324-E14	688	OG0000882	K01879	glycyl-tRNA synthetase beta chain [EC:6.1.1.14]	COG0751	GlyS	Glycyl-tRNA synthetase, beta subunit	AH-324-E14_00425	-1
CACOOX010000003.1	18141	19022	-	AH-324-E14_00425	AH-324-E14	293	OG0000870	K01878	glycyl-tRNA synthetase alpha chain [EC:6.1.1.14]	COG0752	GlyQ	Glycyl-tRNA synthetase, alpha subunit	AH-324-E14_00425	0
CACOOX010000003.1	19012	19818	-	AH-324-E14_00426	AH-324-E14	268	OG0000623	K04773	protease IV [EC:3.4.21.-]	COG0616	SppA	Periplasmic serine protease, ClpP class	AH-324-E14_00425	1
CACOOX010000003.1	19928	20941	+	AH-324-E14_00427	AH-324-E14	337	OG0000641	K02523	octaprenyl-diphosphate synthase [EC:2.5.1.90]	COG0142	IspA	Geranylgeranyl pyrophosphate synthase	AH-324-E14_00425	2
CACOOX010000003.1	20938	21564	-	AH-324-E14_00428	AH-324-E14	208	OG0000522	K00275	pyridoxamine 5'-phosphate oxidase [EC:1.4.3.5]	COG0259	PdxH	Pyridoxine/pyridoxamine 5'-phosphate oxidase	AH-324-E14_00425	3
CACOOX010000003.1	21598	22683	+	AH-324-E14_00429	AH-324-E14	361	OG0000279	K01736	chorismate synthase [EC:4.2.3.5]	COG0082	AroC	Chorismate synthase	AH-324-E14_00425	4
CACOOX010000003.1	22680	24593	-	AH-324-E14_00430	AH-324-E14	637	OG0000041	K01662	1-deoxy-D-xylulose-5-phosphate synthase [EC:2.2.1.7]	COG1154	Dxs	Deoxyxylulose-5-phosphate synthase	AH-324-E14_00425	5
CACOQN010000001.1	104251	105519	+	AH-324-J07_00106	AH-324-J07	422	OG0001427	NA	NA	NA	NA	NA	AH-324-J07_00111	-5
CACOQN010000001.1	105509	106669	+	AH-324-J07_00107	AH-324-J07	386	OG0002230	NA	NA	NA	NA	NA	AH-324-J07_00111	-4
CACOQN010000001.1	106671	107363	+	AH-324-J07_00108	AH-324-J07	230	OG0000043	NA	NA	COG0463	WcaA	Glycosyltransferase involved in cell wall bisynthesis	AH-324-J07_00111	-3
CACOQN010000001.1	107375	110032	-	AH-324-J07_00109	AH-324-J07	885	OG0000798	K01006	pyruvate, orthophosphate dikinase [EC:2.7.9.1]	COG0574	PpsA	Phosphoenolpyruvate synthase/pyruvate phosphate dikinase	AH-324-J07_00111	-2
CACOQN010000001.1	110032	112098	-	AH-324-J07_00110	AH-324-J07	688	OG0000882	K01879	glycyl-tRNA synthetase beta chain [EC:6.1.1.14]	COG0751	GlyS	Glycyl-tRNA synthetase, beta subunit	AH-324-J07_00111	-1
CACOQN010000001.1	112098	113000	-	AH-324-J07_00111	AH-324-J07	300	OG0000870	K01878	glycyl-tRNA synthetase alpha chain [EC:6.1.1.14]	COG0752	GlyQ	Glycyl-tRNA synthetase, alpha subunit	AH-324-J07_00111	0
CACOQN010000001.1	112966	113772	-	AH-324-J07_00112	AH-324-J07	268	OG0000623	K04773	protease IV [EC:3.4.21.-]	COG0616	SppA	Periplasmic serine protease, ClpP class	AH-324-J07_00111	1
CACOQN010000001.1	113887	114900	+	AH-324-J07_00113	AH-324-J07	337	OG0000641	K02523	octaprenyl-diphosphate synthase [EC:2.5.1.90]	COG0142	IspA	Geranylgeranyl pyrophosphate synthase	AH-324-J07_00111	2
CACOQN010000001.1	114897	115523	-	AH-324-J07_00114	AH-324-J07	208	OG0000522	K00275	pyridoxamine 5'-phosphate oxidase [EC:1.4.3.5]	COG0259	PdxH	Pyridoxine/pyridoxamine 5'-phosphate oxidase	AH-324-J07_00111	3
CACOQN010000001.1	115557	116639	+	AH-324-J07_00115	AH-324-J07	360	OG0000279	K01736	chorismate synthase [EC:4.2.3.5]	COG0082	AroC	Chorismate synthase	AH-324-J07_00111	4
CACOQN010000001.1	116646	118562	-	AH-324-J07_00116	AH-324-J07	638	OG0000041	K01662	1-deoxy-D-xylulose-5-phosphate synthase [EC:2.2.1.7]	COG1154	Dxs	Deoxyxylulose-5-phosphate synthase	AH-324-J07_00111	5
CACORJ010000003.1	46345	48255	+	AH-324-K07_00434	AH-324-K07	636	OG0000041	K01662	1-deoxy-D-xylulose-5-phosphate synthase [EC:2.2.1.7]	COG1154	Dxs	Deoxyxylulose-5-phosphate synthase	AH-324-K07_00439	-5
CACORJ010000003.1	48262	49344	-	AH-324-K07_00435	AH-324-K07	360	OG0000279	K01736	chorismate synthase [EC:4.2.3.5]	COG0082	AroC	Chorismate synthase	AH-324-K07_00439	-4
CACORJ010000003.1	49378	50004	+	AH-324-K07_00436	AH-324-K07	208	OG0000522	K00275	pyridoxamine 5'-phosphate oxidase [EC:1.4.3.5]	COG0259	PdxH	Pyridoxine/pyridoxamine 5'-phosphate oxidase	AH-324-K07_00439	-3
CACORJ010000003.1	50001	51014	-	AH-324-K07_00437	AH-324-K07	337	OG0000641	K02523	octaprenyl-diphosphate synthase [EC:2.5.1.90]	COG0142	IspA	Geranylgeranyl pyrophosphate synthase	AH-324-K07_00439	-2
CACORJ010000003.1	51125	51931	+	AH-324-K07_00438	AH-324-K07	268	OG0000623	K04773	protease IV [EC:3.4.21.-]	COG0616	SppA	Periplasmic serine protease, ClpP class	AH-324-K07_00439	-1
CACORJ010000003.1	51897	52799	+	AH-324-K07_00439	AH-324-K07	300	OG0000870	K01878	glycyl-tRNA synthetase alpha chain [EC:6.1.1.14]	COG0752	GlyQ	Glycyl-tRNA synthetase, alpha subunit	AH-324-K07_00439	0
CACORJ010000003.1	52801	54873	+	AH-324-K07_00440	AH-324-K07	690	OG0000882	K01879	glycyl-tRNA synthetase beta chain [EC:6.1.1.14]	COG0751	GlyS	Glycyl-tRNA synthetase, beta subunit	AH-324-K07_00439	1
CACORJ010000003.1	54866	57529	+	AH-324-K07_00441	AH-324-K07	887	OG0000798	K01006	pyruvate, orthophosphate dikinase [EC:2.7.9.1]	COG0574	PpsA	Phosphoenolpyruvate synthase/pyruvate phosphate dikinase	AH-324-K07_00439	2
CACORJ010000003.1	57639	58538	-	AH-324-K07_00442	AH-324-K07	299	OG0000008	NA	NA	COG2227	UbiG	2-polyprenyl-3-methyl-5-hydroxy-6-metoxy-1,4-benzoquinol methylase	AH-324-K07_00439	3
CACORJ010000003.1	58661	59524	+	AH-324-K07_00443	AH-324-K07	287	OG0000035	NA	NA	COG0223	Fmt	Methionyl-tRNA formyltransferase	AH-324-K07_00439	4
CACORJ010000003.1	59719	60789	+	AH-324-K07_00445	AH-324-K07	356	OG0000256	K03465	thymidylate synthase (FAD) [EC:2.1.1.148]	COG1351	ThyX	Thymidylate synthase ThyX, FAD-dependent family	AH-324-K07_00439	5
CACOSU010000003.1	126810	127565	+	AH-324-N03_00547	AH-324-N03	251	OG0003103	NA	NA	NA	NA	NA	AH-324-N03_00552	-5
CACOSU010000003.1	127636	128376	+	AH-324-N03_00548	AH-324-N03	246	OG0004299	NA	NA	NA	NA	NA	AH-324-N03_00552	-4
CACOSU010000003.1	128348	129610	+	AH-324-N03_00549	AH-324-N03	420	OG0002065	NA	NA	COG4974	XerD	Site-specific tyrosine recombinase XerD	AH-324-N03_00552	-3
CACOSU010000003.1	129707	132373	-	AH-324-N03_00550	AH-324-N03	888	OG0000798	K01006	pyruvate, orthophosphate dikinase [EC:2.7.9.1]	COG0574	PpsA	Phosphoenolpyruvate synthase/pyruvate phosphate dikinase	AH-324-N03_00552	-2
CACOSU010000003.1	132373	134439	-	AH-324-N03_00551	AH-324-N03	688	OG0000882	K01879	glycyl-tRNA synthetase beta chain [EC:6.1.1.14]	COG0751	GlyS	Glycyl-tRNA synthetase, beta subunit	AH-324-N03_00552	-1
CACOSU010000003.1	134439	135344	-	AH-324-N03_00552	AH-324-N03	301	OG0000870	K01878	glycyl-tRNA synthetase alpha chain [EC:6.1.1.14]	COG0752	GlyQ	Glycyl-tRNA synthetase, alpha subunit	AH-324-N03_00552	0
CACOSU010000003.1	135310	136116	-	AH-324-N03_00553	AH-324-N03	268	OG0000623	K04773	protease IV [EC:3.4.21.-]	COG0616	SppA	Periplasmic serine protease, ClpP class	AH-324-N03_00552	1
CACOSU010000003.1	136231	137244	+	AH-324-N03_00554	AH-324-N03	337	OG0000641	K02523	octaprenyl-diphosphate synthase [EC:2.5.1.90]	COG0142	IspA	Geranylgeranyl pyrophosphate synthase	AH-324-N03_00552	2
CACOSU010000003.1	137241	137867	-	AH-324-N03_00555	AH-324-N03	208	OG0000522	K00275	pyridoxamine 5'-phosphate oxidase [EC:1.4.3.5]	COG0259	PdxH	Pyridoxine/pyridoxamine 5'-phosphate oxidase	AH-324-N03_00552	3
CACOSU010000003.1	137901	138983	+	AH-324-N03_00556	AH-324-N03	360	OG0000279	K01736	chorismate synthase [EC:4.2.3.5]	COG0082	AroC	Chorismate synthase	AH-324-N03_00552	4
CACOSU010000003.1	138990	140906	-	AH-324-N03_00557	AH-324-N03	638	OG0000041	K01662	1-deoxy-D-xylulose-5-phosphate synthase [EC:2.2.1.7]	COG1154	Dxs	Deoxyxylulose-5-phosphate synthase	AH-324-N03_00552	5
NZES01000008.1	15638	17560	+	ARS1_00099	ARS1	640	OG0000041	K01662	1-deoxy-D-xylulose-5-phosphate synthase [EC:2.2.1.7]	COG1154	Dxs	Deoxyxylulose-5-phosphate synthase	ARS1_00104	-5
NZES01000008.1	17571	18653	-	ARS1_00100	ARS1	360	OG0000279	K01736	chorismate synthase [EC:4.2.3.5]	COG0082	AroC	Chorismate synthase	ARS1_00104	-4
NZES01000008.1	18688	19311	+	ARS1_00101	ARS1	207	OG0000522	K00275	pyridoxamine 5'-phosphate oxidase [EC:1.4.3.5]	COG0259	PdxH	Pyridoxine/pyridoxamine 5'-phosphate oxidase	ARS1_00104	-3
NZES01000008.1	19308	20321	-	ARS1_00102	ARS1	337	OG0000641	K02523	octaprenyl-diphosphate synthase [EC:2.5.1.90]	COG0142	IspA	Geranylgeranyl pyrophosphate synthase	ARS1_00104	-2
NZES01000008.1	20472	21287	+	ARS1_00103	ARS1	271	OG0000623	K04773	protease IV [EC:3.4.21.-]	COG0616	SppA	Periplasmic serine protease, ClpP class	ARS1_00104	-1
NZES01000008.1	21288	22190	+	ARS1_00104	ARS1	300	OG0000870	K01878	glycyl-tRNA synthetase alpha chain [EC:6.1.1.14]	COG0752	GlyQ	Glycyl-tRNA synthetase, alpha subunit	ARS1_00104	0
NZES01000008.1	22194	24260	+	ARS1_00105	ARS1	688	OG0000882	K01879	glycyl-tRNA synthetase beta chain [EC:6.1.1.14]	COG0751	GlyS	Glycyl-tRNA synthetase, beta subunit	ARS1_00104	1
NZES01000008.1	24270	26927	+	ARS1_00106	ARS1	885	OG0000798	K01006	pyruvate, orthophosphate dikinase [EC:2.7.9.1]	COG0574	PpsA	Phosphoenolpyruvate synthase/pyruvate phosphate dikinase	ARS1_00104	2
NZES01000008.1	26939	27727	-	ARS1_00107	ARS1	262	OG0000370	NA	NA	COG0157	NadC	Nicotinate-nucleotide pyrophosphorylase	ARS1_00104	3
NZES01000008.1	27761	28768	-	ARS1_00108	ARS1	335	OG0000316	K03517	quinolinate synthase [EC:2.5.1.72]	COG0379	NadA	Quinolinate synthase	ARS1_00104	4
NZES01000008.1	28947	29840	-	ARS1_00110	ARS1	297	OG0000660	NA	NA	COG0354	YgfZ	Folate-binding protein YgfZ, synthesis and repair of Fe-S clusters, tRNA thiomethylation	ARS1_00104	5
LIBV01000034.1	118	1647	+	BACL5_MAG-120820-bin39_00560	BACL5_MAG-120820-bin39	509	OG0000041	K01662	1-deoxy-D-xylulose-5-phosphate synthase [EC:2.2.1.7]	COG1154	Dxs	Deoxyxylulose-5-phosphate synthase	BACL5_MAG-120820-bin39_00565	-5
LIBV01000034.1	1649	2731	-	BACL5_MAG-120820-bin39_00561	BACL5_MAG-120820-bin39	360	OG0000279	K01736	chorismate synthase [EC:4.2.3.5]	COG0082	AroC	Chorismate synthase	BACL5_MAG-120820-bin39_00565	-4
LIBV01000034.1	2765	3391	+	BACL5_MAG-120820-bin39_00562	BACL5_MAG-120820-bin39	208	OG0000522	K00275	pyridoxamine 5'-phosphate oxidase [EC:1.4.3.5]	COG0259	PdxH	Pyridoxine/pyridoxamine 5'-phosphate oxidase	BACL5_MAG-120820-bin39_00565	-3
LIBV01000034.1	3388	4401	-	BACL5_MAG-120820-bin39_00563	BACL5_MAG-120820-bin39	337	OG0000641	K02523	octaprenyl-diphosphate synthase [EC:2.5.1.90]	COG0142	IspA	Geranylgeranyl pyrophosphate synthase	BACL5_MAG-120820-bin39_00565	-2
LIBV01000034.1	4514	5320	+	BACL5_MAG-120820-bin39_00564	BACL5_MAG-120820-bin39	268	OG0000623	K04773	protease IV [EC:3.4.21.-]	COG0616	SppA	Periplasmic serine protease, ClpP class	BACL5_MAG-120820-bin39_00565	-1
LIBV01000034.1	5310	6191	+	BACL5_MAG-120820-bin39_00565	BACL5_MAG-120820-bin39	293	OG0000870	K01878	glycyl-tRNA synthetase alpha chain [EC:6.1.1.14]	COG0752	GlyQ	Glycyl-tRNA synthetase, alpha subunit	BACL5_MAG-120820-bin39_00565	0
LIBV01000034.1	6192	8258	+	BACL5_MAG-120820-bin39_00566	BACL5_MAG-120820-bin39	688	OG0000882	K01879	glycyl-tRNA synthetase beta chain [EC:6.1.1.14]	COG0751	GlyS	Glycyl-tRNA synthetase, beta subunit	BACL5_MAG-120820-bin39_00565	1
LIBV01000034.1	9247	9567	-	BACL5_MAG-120820-bin39_00567	BACL5_MAG-120820-bin39	106	OG0003221	NA	NA	NA	NA	NA	BACL5_MAG-120820-bin39_00565	2
LIBW01000008.1	6375	8291	+	BACL5_MAG-121015-bin10_00182	BACL5_MAG-121015-bin10	638	OG0000041	K01662	1-deoxy-D-xylulose-5-phosphate synthase [EC:2.2.1.7]	COG1154	Dxs	Deoxyxylulose-5-phosphate synthase	BACL5_MAG-121015-bin10_00187	-5
LIBW01000008.1	8293	9375	-	BACL5_MAG-121015-bin10_00183	BACL5_MAG-121015-bin10	360	OG0000279	K01736	chorismate synthase [EC:4.2.3.5]	COG0082	AroC	Chorismate synthase	BACL5_MAG-121015-bin10_00187	-4
LIBW01000008.1	9409	10035	+	BACL5_MAG-121015-bin10_00184	BACL5_MAG-121015-bin10	208	OG0000522	K00275	pyridoxamine 5'-phosphate oxidase [EC:1.4.3.5]	COG0259	PdxH	Pyridoxine/pyridoxamine 5'-phosphate oxidase	BACL5_MAG-121015-bin10_00187	-3
LIBW01000008.1	10032	11045	-	BACL5_MAG-121015-bin10_00185	BACL5_MAG-121015-bin10	337	OG0000641	K02523	octaprenyl-diphosphate synthase [EC:2.5.1.90]	COG0142	IspA	Geranylgeranyl pyrophosphate synthase	BACL5_MAG-121015-bin10_00187	-2
LIBW01000008.1	11158	11964	+	BACL5_MAG-121015-bin10_00186	BACL5_MAG-121015-bin10	268	OG0000623	K04773	protease IV [EC:3.4.21.-]	COG0616	SppA	Periplasmic serine protease, ClpP class	BACL5_MAG-121015-bin10_00187	-1
LIBW01000008.1	11954	12835	+	BACL5_MAG-121015-bin10_00187	BACL5_MAG-121015-bin10	293	OG0000870	K01878	glycyl-tRNA synthetase alpha chain [EC:6.1.1.14]	COG0752	GlyQ	Glycyl-tRNA synthetase, alpha subunit	BACL5_MAG-121015-bin10_00187	0
NSIJ01000020.1	533	1414	-	Baikal-G1_00551	Baikal-G1	293	OG0000870	K01878	glycyl-tRNA synthetase alpha chain [EC:6.1.1.14]	COG0752	GlyQ	Glycyl-tRNA synthetase, alpha subunit	Baikal-G1_00551	0
NSIJ01000020.1	1404	2210	-	Baikal-G1_00552	Baikal-G1	268	OG0000623	K04773	protease IV [EC:3.4.21.-]	COG0616	SppA	Periplasmic serine protease, ClpP class	Baikal-G1_00551	1
NSIJ01000020.1	2325	3338	+	Baikal-G1_00553	Baikal-G1	337	OG0000641	K02523	octaprenyl-diphosphate synthase [EC:2.5.1.90]	COG0142	IspA	Geranylgeranyl pyrophosphate synthase	Baikal-G1_00551	2
NSIJ01000020.1	3335	3958	-	Baikal-G1_00554	Baikal-G1	207	OG0000522	K00275	pyridoxamine 5'-phosphate oxidase [EC:1.4.3.5]	COG0259	PdxH	Pyridoxine/pyridoxamine 5'-phosphate oxidase	Baikal-G1_00551	3
NSIJ01000020.1	3992	5074	+	Baikal-G1_00555	Baikal-G1	360	OG0000279	K01736	chorismate synthase [EC:4.2.3.5]	COG0082	AroC	Chorismate synthase	Baikal-G1_00551	4
NSIJ01000020.1	5081	6994	-	Baikal-G1_00556	Baikal-G1	637	OG0000041	K01662	1-deoxy-D-xylulose-5-phosphate synthase [EC:2.2.1.7]	COG1154	Dxs	Deoxyxylulose-5-phosphate synthase	Baikal-G1_00551	5
NYVZ01000008.1	25558	28419	+	CPC289_00352	CPC289	953	OG0000957	K00281	glycine dehydrogenase [EC:1.4.4.2]	COG1003	GcvP2	Glycine cleavage system protein P (pyridoxal-binding), C-terminal domain	CPC289_00357	-5
NYVZ01000008.1	28419	28580	+	CPC289_00353	CPC289	53	OG0002735	NA	NA	NA	NA	NA	CPC289_00357	-4
NYVZ01000008.1	28580	29059	+	CPC289_00354	CPC289	159	OG0000984	K05770	translocator protein	COG3476	TspO	Tryptophan-rich sensory protein TspO/CrtK (mitochondrial benzodiazepine receptor homolog)	CPC289_00357	-3
NYVZ01000008.1	29052	30065	-	CPC289_00355	CPC289	337	OG0000641	K02523	octaprenyl-diphosphate synthase [EC:2.5.1.90]	COG0142	IspA	Geranylgeranyl pyrophosphate synthase	CPC289_00357	-2
NYVZ01000008.1	30173	30979	+	CPC289_00356	CPC289	268	OG0000623	K04773	protease IV [EC:3.4.21.-]	COG0616	SppA	Periplasmic serine protease, ClpP class	CPC289_00357	-1
NYVZ01000008.1	30976	31923	+	CPC289_00357	CPC289	315	OG0000870	K01878	glycyl-tRNA synthetase alpha chain [EC:6.1.1.14]	COG0752	GlyQ	Glycyl-tRNA synthetase, alpha subunit	CPC289_00357	0
NYVZ01000008.1	31923	33989	+	CPC289_00358	CPC289	688	OG0000882	K01879	glycyl-tRNA synthetase beta chain [EC:6.1.1.14]	COG0751	GlyS	Glycyl-tRNA synthetase, beta subunit	CPC289_00357	1
NYVZ01000008.1	33991	36657	+	CPC289_00359	CPC289	888	OG0000798	K01006	pyruvate, orthophosphate dikinase [EC:2.7.9.1]	COG0574	PpsA	Phosphoenolpyruvate synthase/pyruvate phosphate dikinase	CPC289_00357	2
NYVZ01000008.1	36658	37494	-	CPC289_00360	CPC289	278	OG0000370	NA	NA	COG0157	NadC	Nicotinate-nucleotide pyrophosphorylase	CPC289_00357	3
NYVZ01000008.1	37500	38501	-	CPC289_00361	CPC289	333	OG0000316	K03517	quinolinate synthase [EC:2.5.1.72]	COG0379	NadA	Quinolinate synthase	CPC289_00357	4
NYVZ01000008.1	39062	39850	-	CPC289_00363	CPC289	262	OG0001076	NA	NA	COG4642	NA	Uncharacterized conserved protein, contains MORN repeats	CPC289_00357	5
JAGFVZ010000007.1	2477	2695	+	ETNP2013_S02_SV82_300m_MAG_01_00826	ETNP2013_S02_SV82_300m_MAG_01	72	OG0001332	NA	NA	COG3205	NA	Uncharacterized membrane protein, DUF2061 family	ETNP2013_S02_SV82_300m_MAG_01_00832	-5
JAGFVZ010000007.1	2840	3829	+	ETNP2013_S02_SV82_300m_MAG_01_00828	ETNP2013_S02_SV82_300m_MAG_01	329	OG0000316	K03517	quinolinate synthase [EC:2.5.1.72]	COG0379	NadA	Quinolinate synthase	ETNP2013_S02_SV82_300m_MAG_01_00832	-4
JAGFVZ010000007.1	3836	4678	+	ETNP2013_S02_SV82_300m_MAG_01_00829	ETNP2013_S02_SV82_300m_MAG_01	280	OG0000370	K00767	nicotinate-nucleotide pyrophosphorylase (carboxylating) [EC:2.4.2.19]	COG0157	NadC	Nicotinate-nucleotide pyrophosphorylase	ETNP2013_S02_SV82_300m_MAG_01_00832	-3
JAGFVZ010000007.1	4668	7328	-	ETNP2013_S02_SV82_300m_MAG_01_00830	ETNP2013_S02_SV82_300m_MAG_01	886	OG0000798	K01006	pyruvate, orthophosphate dikinase [EC:2.7.9.1]	COG0574	PpsA	Phosphoenolpyruvate synthase/pyruvate phosphate dikinase	ETNP2013_S02_SV82_300m_MAG_01_00832	-2
JAGFVZ010000007.1	7328	9382	-	ETNP2013_S02_SV82_300m_MAG_01_00831	ETNP2013_S02_SV82_300m_MAG_01	684	OG0000882	K01879	glycyl-tRNA synthetase beta chain [EC:6.1.1.14]	COG0751	GlyS	Glycyl-tRNA synthetase, beta subunit	ETNP2013_S02_SV82_300m_MAG_01_00832	-1
JAGFVZ010000007.1	9386	10267	-	ETNP2013_S02_SV82_300m_MAG_01_00832	ETNP2013_S02_SV82_300m_MAG_01	293	OG0000870	K01878	glycyl-tRNA synthetase alpha chain [EC:6.1.1.14]	COG0752	GlyQ	Glycyl-tRNA synthetase, alpha subunit	ETNP2013_S02_SV82_300m_MAG_01_00832	0
JAGFVZ010000007.1	10267	11073	-	ETNP2013_S02_SV82_300m_MAG_01_00833	ETNP2013_S02_SV82_300m_MAG_01	268	OG0000623	K04773	protease IV [EC:3.4.21.-]	COG0616	SppA	Periplasmic serine protease, ClpP class	ETNP2013_S02_SV82_300m_MAG_01_00832	1
JAGFVZ010000007.1	11219	12232	+	ETNP2013_S02_SV82_300m_MAG_01_00834	ETNP2013_S02_SV82_300m_MAG_01	337	OG0000641	K02523	octaprenyl-diphosphate synthase [EC:2.5.1.90]	COG0142	IspA	Geranylgeranyl pyrophosphate synthase	ETNP2013_S02_SV82_300m_MAG_01_00832	2
JAGFVZ010000007.1	12229	12861	-	ETNP2013_S02_SV82_300m_MAG_01_00835	ETNP2013_S02_SV82_300m_MAG_01	210	OG0000522	K00275	pyridoxamine 5'-phosphate oxidase [EC:1.4.3.5]	COG0259	PdxH	Pyridoxine/pyridoxamine 5'-phosphate oxidase	ETNP2013_S02_SV82_300m_MAG_01_00832	3
JAGFVZ010000007.1	12896	13978	+	ETNP2013_S02_SV82_300m_MAG_01_00836	ETNP2013_S02_SV82_300m_MAG_01	360	OG0000279	K01736	chorismate synthase [EC:4.2.3.5]	COG0082	AroC	Chorismate synthase	ETNP2013_S02_SV82_300m_MAG_01_00832	4
JAGFVZ010000007.1	13975	15897	-	ETNP2013_S02_SV82_300m_MAG_01_00837	ETNP2013_S02_SV82_300m_MAG_01	640	OG0000041	K01662	1-deoxy-D-xylulose-5-phosphate synthase [EC:2.2.1.7]	COG1154	Dxs	Deoxyxylulose-5-phosphate synthase	ETNP2013_S02_SV82_300m_MAG_01_00832	5
CP031125.1	242771	242947	-	FZCC0015_00258	FZCC0015	58	OG0001631	NA	NA	NA	NA	NA	FZCC0015_00263	-5
CP031125.1	243169	244137	+	FZCC0015_00259	FZCC0015	322	OG0000088	NA	NA	COG0726	PgaB	Peptidoglycan/xylan/chitin deacetylase, PgdA/NodB/CDA1 family	FZCC0015_00263	-4
CP031125.1	244187	245368	+	FZCC0015_00260	FZCC0015	393	OG0003017	K00613	glycine amidinotransferase [EC:2.1.4.1]	COG1834	DdaH	N-Dimethylarginine dimethylaminohydrolase	FZCC0015_00263	-3
CP031125.1	245411	248068	-	FZCC0015_00261	FZCC0015	885	OG0000798	K01006	pyruvate, orthophosphate dikinase [EC:2.7.9.1]	COG0574	PpsA	Phosphoenolpyruvate synthase/pyruvate phosphate dikinase	FZCC0015_00263	-2
CP031125.1	248068	250134	-	FZCC0015_00262	FZCC0015	688	OG0000882	K01879	glycyl-tRNA synthetase beta chain [EC:6.1.1.14]	COG0751	GlyS	Glycyl-tRNA synthetase, beta subunit	FZCC0015_00263	-1
CP031125.1	250134	251039	-	FZCC0015_00263	FZCC0015	301	OG0000870	K01878	glycyl-tRNA synthetase alpha chain [EC:6.1.1.14]	COG0752	GlyQ	Glycyl-tRNA synthetase, alpha subunit	FZCC0015_00263	0
CP031125.1	251005	251811	-	FZCC0015_00264	FZCC0015	268	OG0000623	K04773	protease IV [EC:3.4.21.-]	COG0616	SppA	Periplasmic serine protease, ClpP class	FZCC0015_00263	1
CP031125.1	251926	252939	+	FZCC0015_00265	FZCC0015	337	OG0000641	K02523	octaprenyl-diphosphate synthase [EC:2.5.1.90]	COG0142	IspA	Geranylgeranyl pyrophosphate synthase	FZCC0015_00263	2
CP031125.1	252936	253562	-	FZCC0015_00266	FZCC0015	208	OG0000522	K00275	pyridoxamine 5'-phosphate oxidase [EC:1.4.3.5]	COG0259	PdxH	Pyridoxine/pyridoxamine 5'-phosphate oxidase	FZCC0015_00263	3
CP031125.1	253596	254678	+	FZCC0015_00267	FZCC0015	360	OG0000279	K01736	chorismate synthase [EC:4.2.3.5]	COG0082	AroC	Chorismate synthase	FZCC0015_00263	4
CP031125.1	254685	256601	-	FZCC0015_00268	FZCC0015	638	OG0000041	K01662	1-deoxy-D-xylulose-5-phosphate synthase [EC:2.2.1.7]	COG1154	Dxs	Deoxyxylulose-5-phosphate synthase	FZCC0015_00263	5
LHBX01000057.1	11652	13562	+	GOM-A1_00908	GOM-A1	636	OG0000041	K01662	1-deoxy-D-xylulose-5-phosphate synthase [EC:2.2.1.7]	COG1154	Dxs	Deoxyxylulose-5-phosphate synthase	GOM-A1_00913	-5
LHBX01000057.1	13559	14644	-	GOM-A1_00909	GOM-A1	361	OG0000279	K01736	chorismate synthase [EC:4.2.3.5]	COG0082	AroC	Chorismate synthase	GOM-A1_00913	-4
LHBX01000057.1	14677	15300	+	GOM-A1_00910	GOM-A1	207	OG0000522	K00275	pyridoxamine 5'-phosphate oxidase [EC:1.4.3.5]	COG0259	PdxH	Pyridoxine/pyridoxamine 5'-phosphate oxidase	GOM-A1_00913	-3
LHBX01000057.1	15297	16310	-	GOM-A1_00911	GOM-A1	337	OG0000641	K02523	octaprenyl-diphosphate synthase [EC:2.5.1.90]	COG0142	IspA	Geranylgeranyl pyrophosphate synthase	GOM-A1_00913	-2
LHBX01000057.1	16419	17225	+	GOM-A1_00912	GOM-A1	268	OG0000623	K04773	protease IV [EC:3.4.21.-]	COG0616	SppA	Periplasmic serine protease, ClpP class	GOM-A1_00913	-1
LHBX01000057.1	17215	18099	+	GOM-A1_00913	GOM-A1	294	OG0000870	K01878	glycyl-tRNA synthetase alpha chain [EC:6.1.1.14]	COG0752	GlyQ	Glycyl-tRNA synthetase, alpha subunit	GOM-A1_00913	0
LHBX01000057.1	18101	20164	+	GOM-A1_00914	GOM-A1	687	OG0000882	K01879	glycyl-tRNA synthetase beta chain [EC:6.1.1.14]	COG0751	GlyS	Glycyl-tRNA synthetase, beta subunit	GOM-A1_00913	1
LHBX01000057.1	20165	22822	+	GOM-A1_00915	GOM-A1	885	OG0000798	K01006	pyruvate, orthophosphate dikinase [EC:2.7.9.1]	COG0574	PpsA	Phosphoenolpyruvate synthase/pyruvate phosphate dikinase	GOM-A1_00913	2
LHBX01000057.1	22832	23668	-	GOM-A1_00916	GOM-A1	278	OG0000370	K00767	nicotinate-nucleotide pyrophosphorylase (carboxylating) [EC:2.4.2.19]	COG0157	NadC	Nicotinate-nucleotide pyrophosphorylase	GOM-A1_00913	3
LHBX01000057.1	23674	24663	-	GOM-A1_00917	GOM-A1	329	OG0000316	K03517	quinolinate synthase [EC:2.5.1.72]	COG0379	NadA	Quinolinate synthase	GOM-A1_00913	4
LHBX01000057.1	25127	26074	+	GOM-A1_00920	GOM-A1	315	OG0000256	K03465	thymidylate synthase (FAD) [EC:2.1.1.148]	COG1351	ThyX	Thymidylate synthase ThyX, FAD-dependent family	GOM-A1_00913	5
ATTF01000021.1	4602	6521	+	HIMB058_00938	HIMB058	639	OG0000041	K01662	1-deoxy-D-xylulose-5-phosphate synthase [EC:2.2.1.7]	COG1154	Dxs	Deoxyxylulose-5-phosphate synthase	HIMB058_00943	-5
ATTF01000021.1	6518	7600	-	HIMB058_00939	HIMB058	360	OG0000279	K01736	chorismate synthase [EC:4.2.3.5]	COG0082	AroC	Chorismate synthase	HIMB058_00943	-4
ATTF01000021.1	7635	8267	+	HIMB058_00940	HIMB058	210	OG0000522	K00275	pyridoxamine 5'-phosphate oxidase [EC:1.4.3.5]	COG0259	PdxH	Pyridoxine/pyridoxamine 5'-phosphate oxidase	HIMB058_00943	-3
ATTF01000021.1	8264	9277	-	HIMB058_00941	HIMB058	337	OG0000641	K02523	octaprenyl-diphosphate synthase [EC:2.5.1.90]	COG0142	IspA	Geranylgeranyl pyrophosphate synthase	HIMB058_00943	-2
ATTF01000021.1	9421	10233	+	HIMB058_00942	HIMB058	270	OG0000623	K04773	protease IV [EC:3.4.21.-]	COG0616	SppA	Periplasmic serine protease, ClpP class	HIMB058_00943	-1
ATTF01000021.1	10234	11121	+	HIMB058_00943	HIMB058	295	OG0000870	K01878	glycyl-tRNA synthetase alpha chain [EC:6.1.1.14]	COG0752	GlyQ	Glycyl-tRNA synthetase, alpha subunit	HIMB058_00943	0
ATTF01000021.1	11125	13179	+	HIMB058_00944	HIMB058	684	OG0000882	K01879	glycyl-tRNA synthetase beta chain [EC:6.1.1.14]	COG0751	GlyS	Glycyl-tRNA synthetase, beta subunit	HIMB058_00943	1
ATTF01000021.1	13179	15839	+	HIMB058_00945	HIMB058	886	OG0000798	K01006	pyruvate, orthophosphate dikinase [EC:2.7.9.1]	COG0574	PpsA	Phosphoenolpyruvate synthase/pyruvate phosphate dikinase	HIMB058_00943	2
ATTF01000021.1	15828	16655	-	HIMB058_00946	HIMB058	275	OG0000370	K00767	nicotinate-nucleotide pyrophosphorylase (carboxylating) [EC:2.4.2.19]	COG0157	NadC	Nicotinate-nucleotide pyrophosphorylase	HIMB058_00943	3
ATTF01000021.1	16660	17649	-	HIMB058_00947	HIMB058	329	OG0000316	K03517	quinolinate synthase [EC:2.5.1.72]	COG0379	NadA	Quinolinate synthase	HIMB058_00943	4
ATTF01000021.1	17815	18555	-	HIMB058_00949	HIMB058	246	OG0001522	NA	NA	COG5036	NA	SPX domain-containing protein involved in vacuolar polyphosphate accumulation	HIMB058_00943	5
AZAL01000001.1	570312	570974	-	HIMB083_00630	HIMB083	220	OG0002064	NA	NA	COG1961	SpoIVCA	Site-specific DNA recombinase SpoIVCA/DNA invertase PinE	HIMB083_00635	-5
AZAL01000001.1	571225	571467	+	HIMB083_00631	HIMB083	80	NA	NA	NA	NA	NA	NA	HIMB083_00635	-4
AZAL01000001.1	571497	572699	+	HIMB083_00632	HIMB083	400	OG0002065	NA	NA	COG4974	XerD	Site-specific tyrosine recombinase XerD	HIMB083_00635	-3
AZAL01000001.1	572771	575437	-	HIMB083_00633	HIMB083	888	OG0000798	K01006	pyruvate, orthophosphate dikinase [EC:2.7.9.1]	COG0574	PpsA	Phosphoenolpyruvate synthase/pyruvate phosphate dikinase	HIMB083_00635	-2
AZAL01000001.1	575437	577503	-	HIMB083_00634	HIMB083	688	OG0000882	K01879	glycyl-tRNA synthetase beta chain [EC:6.1.1.14]	COG0751	GlyS	Glycyl-tRNA synthetase, beta subunit	HIMB083_00635	-1
AZAL01000001.1	577503	578408	-	HIMB083_00635	HIMB083	301	OG0000870	K01878	glycyl-tRNA synthetase alpha chain [EC:6.1.1.14]	COG0752	GlyQ	Glycyl-tRNA synthetase, alpha subunit	HIMB083_00635	0
AZAL01000001.1	578374	579180	-	HIMB083_00636	HIMB083	268	OG0000623	K04773	protease IV [EC:3.4.21.-]	COG0616	SppA	Periplasmic serine protease, ClpP class	HIMB083_00635	1
AZAL01000001.1	579296	580309	+	HIMB083_00637	HIMB083	337	OG0000641	K02523	octaprenyl-diphosphate synthase [EC:2.5.1.90]	COG0142	IspA	Geranylgeranyl pyrophosphate synthase	HIMB083_00635	2
AZAL01000001.1	580306	580932	-	HIMB083_00638	HIMB083	208	OG0000522	K00275	pyridoxamine 5'-phosphate oxidase [EC:1.4.3.5]	COG0259	PdxH	Pyridoxine/pyridoxamine 5'-phosphate oxidase	HIMB083_00635	3
AZAL01000001.1	580966	582048	+	HIMB083_00639	HIMB083	360	OG0000279	K01736	chorismate synthase [EC:4.2.3.5]	COG0082	AroC	Chorismate synthase	HIMB083_00635	4
AZAL01000001.1	582055	583971	-	HIMB083_00640	HIMB083	638	OG0000041	K01662	1-deoxy-D-xylulose-5-phosphate synthase [EC:2.2.1.7]	COG1154	Dxs	Deoxyxylulose-5-phosphate synthase	HIMB083_00635	5
HIMB109-00000000005	36116	38977	+	HIMB109_00839	HIMB109	953	OG0000957	K00281	glycine dehydrogenase [EC:1.4.4.2]	COG1003	GcvP2	Glycine cleavage system protein P (pyridoxal-binding), C-terminal domain	HIMB109_00844	-5
HIMB109-00000000005	38977	39138	+	HIMB109_00840	HIMB109	53	OG0002735	NA	NA	NA	NA	NA	HIMB109_00844	-4
HIMB109-00000000005	39138	39617	+	HIMB109_00841	HIMB109	159	OG0000984	K05770	translocator protein	COG3476	TspO	Tryptophan-rich sensory protein TspO/CrtK (mitochondrial benzodiazepine receptor homolog)	HIMB109_00844	-3
HIMB109-00000000005	39610	40623	-	HIMB109_00842	HIMB109	337	OG0000641	K02523	octaprenyl-diphosphate synthase [EC:2.5.1.90]	COG0142	IspA	Geranylgeranyl pyrophosphate synthase	HIMB109_00844	-2
HIMB109-00000000005	40730	41536	+	HIMB109_00843	HIMB109	268	OG0000623	K04773	protease IV [EC:3.4.21.-]	COG0616	SppA	Periplasmic serine protease, ClpP class	HIMB109_00844	-1
HIMB109-00000000005	41533	42468	+	HIMB109_00844	HIMB109	311	OG0000870	K01878	glycyl-tRNA synthetase alpha chain [EC:6.1.1.14]	COG0752	GlyQ	Glycyl-tRNA synthetase, alpha subunit	HIMB109_00844	0
HIMB109-00000000005	42468	44531	+	HIMB109_00845	HIMB109	687	OG0000882	K01879	glycyl-tRNA synthetase beta chain [EC:6.1.1.14]	COG0751	GlyS	Glycyl-tRNA synthetase, beta subunit	HIMB109_00844	1
HIMB109-00000000005	44534	47200	+	HIMB109_00846	HIMB109	888	OG0000798	K01006	pyruvate, orthophosphate dikinase [EC:2.7.9.1]	COG0574	PpsA	Phosphoenolpyruvate synthase/pyruvate phosphate dikinase	HIMB109_00844	2
HIMB109-00000000005	47201	48028	-	HIMB109_00847	HIMB109	275	OG0000370	K00767	nicotinate-nucleotide pyrophosphorylase (carboxylating) [EC:2.4.2.19]	COG0157	NadC	Nicotinate-nucleotide pyrophosphorylase	HIMB109_00844	3
HIMB109-00000000005	48034	49035	-	HIMB109_00848	HIMB109	333	OG0000316	K03517	quinolinate synthase [EC:2.5.1.72]	COG0379	NadA	Quinolinate synthase	HIMB109_00844	4
HIMB109-00000000005	49199	50020	-	HIMB109_00850	HIMB109	273	OG0000660	NA	NA	COG0354	YgfZ	Folate-binding protein YgfZ, synthesis and repair of Fe-S clusters, tRNA thiomethylation	HIMB109_00844	5
ADAC02000001.1	686837	687658	+	HIMB114_00746	HIMB114	273	OG0000660	NA	NA	COG0354	YgfZ	Folate-binding protein YgfZ, synthesis and repair of Fe-S clusters, tRNA thiomethylation	HIMB114_00752	-5
ADAC02000001.1	687822	688823	+	HIMB114_00748	HIMB114	333	OG0000316	K03517	quinolinate synthase [EC:2.5.1.72]	COG0379	NadA	Quinolinate synthase	HIMB114_00752	-4
ADAC02000001.1	688829	689656	+	HIMB114_00749	HIMB114	275	OG0000370	NA	NA	COG0157	NadC	Nicotinate-nucleotide pyrophosphorylase	HIMB114_00752	-3
ADAC02000001.1	689657	692323	-	HIMB114_00750	HIMB114	888	OG0000798	K01006	pyruvate, orthophosphate dikinase [EC:2.7.9.1]	COG0574	PpsA	Phosphoenolpyruvate synthase/pyruvate phosphate dikinase	HIMB114_00752	-2
ADAC02000001.1	692326	694389	-	HIMB114_00751	HIMB114	687	OG0000882	K01879	glycyl-tRNA synthetase beta chain [EC:6.1.1.14]	COG0751	GlyS	Glycyl-tRNA synthetase, beta subunit	HIMB114_00752	-1
ADAC02000001.1	694389	695324	-	HIMB114_00752	HIMB114	311	OG0000870	K01878	glycyl-tRNA synthetase alpha chain [EC:6.1.1.14]	COG0752	GlyQ	Glycyl-tRNA synthetase, alpha subunit	HIMB114_00752	0
ADAC02000001.1	695321	696127	-	HIMB114_00753	HIMB114	268	OG0000623	K04773	protease IV [EC:3.4.21.-]	COG0616	SppA	Periplasmic serine protease, ClpP class	HIMB114_00752	1
ADAC02000001.1	696234	697247	+	HIMB114_00754	HIMB114	337	OG0000641	K02523	octaprenyl-diphosphate synthase [EC:2.5.1.90]	COG0142	IspA	Geranylgeranyl pyrophosphate synthase	HIMB114_00752	2
ADAC02000001.1	697240	697719	-	HIMB114_00755	HIMB114	159	OG0000984	K05770	translocator protein	COG3476	TspO	Tryptophan-rich sensory protein TspO/CrtK (mitochondrial benzodiazepine receptor homolog)	HIMB114_00752	3
ADAC02000001.1	697880	700741	-	HIMB114_00756	HIMB114	953	OG0000957	K00281	glycine dehydrogenase [EC:1.4.4.2]	COG1003	GcvP2	Glycine cleavage system protein P (pyridoxal-binding), C-terminal domain	HIMB114_00752	4
ADAC02000001.1	700741	701118	-	HIMB114_00757	HIMB114	125	OG0000933	K02437	glycine cleavage system H protein	COG0509	GcvH	Glycine cleavage system protein H (lipoate-binding)	HIMB114_00752	5
O147DRAFT_scaffold00001.1	738107	740023	+	HIMB122_00767	HIMB122	638	OG0000041	K01662	1-deoxy-D-xylulose-5-phosphate synthase [EC:2.2.1.7]	COG1154	Dxs	Deoxyxylulose-5-phosphate synthase	HIMB122_00772	-5
O147DRAFT_scaffold00001.1	740028	741110	-	HIMB122_00768	HIMB122	360	OG0000279	K01736	chorismate synthase [EC:4.2.3.5]	COG0082	AroC	Chorismate synthase	HIMB122_00772	-4
O147DRAFT_scaffold00001.1	741144	741770	+	HIMB122_00769	HIMB122	208	OG0000522	K00275	pyridoxamine 5'-phosphate oxidase [EC:1.4.3.5]	COG0259	PdxH	Pyridoxine/pyridoxamine 5'-phosphate oxidase	HIMB122_00772	-3
O147DRAFT_scaffold00001.1	741767	742780	-	HIMB122_00770	HIMB122	337	OG0000641	K02523	octaprenyl-diphosphate synthase [EC:2.5.1.90]	COG0142	IspA	Geranylgeranyl pyrophosphate synthase	HIMB122_00772	-2
O147DRAFT_scaffold00001.1	742895	743698	+	HIMB122_00771	HIMB122	267	OG0000623	K04773	protease IV [EC:3.4.21.-]	COG0616	SppA	Periplasmic serine protease, ClpP class	HIMB122_00772	-1
O147DRAFT_scaffold00001.1	743664	744560	+	HIMB122_00772	HIMB122	298	OG0000870	K01878	glycyl-tRNA synthetase alpha chain [EC:6.1.1.14]	COG0752	GlyQ	Glycyl-tRNA synthetase, alpha subunit	HIMB122_00772	0
O147DRAFT_scaffold00001.1	744560	746626	+	HIMB122_00773	HIMB122	688	OG0000882	K01879	glycyl-tRNA synthetase beta chain [EC:6.1.1.14]	COG0751	GlyS	Glycyl-tRNA synthetase, beta subunit	HIMB122_00772	1
O147DRAFT_scaffold00001.1	746626	749286	+	HIMB122_00774	HIMB122	886	OG0000798	K01006	pyruvate, orthophosphate dikinase [EC:2.7.9.1]	COG0574	PpsA	Phosphoenolpyruvate synthase/pyruvate phosphate dikinase	HIMB122_00772	2
O147DRAFT_scaffold00001.1	749297	749503	+	HIMB122_00775	HIMB122	68	OG0001534	NA	NA	COG5515	NA	Uncharacterized conserved protein, DUF1737 domain	HIMB122_00772	3
O147DRAFT_scaffold00001.1	749807	750754	+	HIMB122_00777	HIMB122	315	OG0000256	K03465	thymidylate synthase (FAD) [EC:2.1.1.148]	COG1351	ThyX	Thymidylate synthase ThyX, FAD-dependent family	HIMB122_00772	4
O147DRAFT_scaffold00001.1	750735	751559	-	HIMB122_00778	HIMB122	274	OG0000361	K03593	ATP-binding protein involved in chromosome partitioning	COG0489	Mrp	Fe-S cluster carrier ATPase, Mrp/ApbC/NBP35 family	HIMB122_00772	5
HIMB123-00000000015	55	582	-	HIMB123_00822	HIMB123	175	OG0002300	NA	NA	NA	NA	NA	HIMB123_00827	-5
HIMB123-00000000015	739	1104	-	HIMB123_00823	HIMB123	121	OG0001625	NA	NA	NA	NA	NA	HIMB123_00827	-4
HIMB123-00000000015	1142	2095	-	HIMB123_00824	HIMB123	317	OG0003433	NA	NA	COG1409	CpdA	3',5'-cyclic AMP phosphodiesterase CpdA	HIMB123_00827	-3
HIMB123-00000000015	2272	4929	-	HIMB123_00825	HIMB123	885	OG0000798	K01006	pyruvate, orthophosphate dikinase [EC:2.7.9.1]	COG0574	PpsA	Phosphoenolpyruvate synthase/pyruvate phosphate dikinase	HIMB123_00827	-2
HIMB123-00000000015	4929	6995	-	HIMB123_00826	HIMB123	688	OG0000882	K01879	glycyl-tRNA synthetase beta chain [EC:6.1.1.14]	COG0751	GlyS	Glycyl-tRNA synthetase, beta subunit	HIMB123_00827	-1
HIMB123-00000000015	6995	7900	-	HIMB123_00827	HIMB123	301	OG0000870	K01878	glycyl-tRNA synthetase alpha chain [EC:6.1.1.14]	COG0752	GlyQ	Glycyl-tRNA synthetase, alpha subunit	HIMB123_00827	0
HIMB123-00000000015	7866	8672	-	HIMB123_00828	HIMB123	268	OG0000623	K04773	protease IV [EC:3.4.21.-]	COG0616	SppA	Periplasmic serine protease, ClpP class	HIMB123_00827	1
HIMB123-00000000015	8787	9800	+	HIMB123_00829	HIMB123	337	OG0000641	K02523	octaprenyl-diphosphate synthase [EC:2.5.1.90]	COG0142	IspA	Geranylgeranyl pyrophosphate synthase	HIMB123_00827	2
HIMB123-00000000015	9797	10423	-	HIMB123_00830	HIMB123	208	OG0000522	K00275	pyridoxamine 5'-phosphate oxidase [EC:1.4.3.5]	COG0259	PdxH	Pyridoxine/pyridoxamine 5'-phosphate oxidase	HIMB123_00827	3
HIMB123-00000000015	10457	11539	+	HIMB123_00831	HIMB123	360	OG0000279	K01736	chorismate synthase [EC:4.2.3.5]	COG0082	AroC	Chorismate synthase	HIMB123_00827	4
HIMB123-00000000015	11546	13462	-	HIMB123_00832	HIMB123	638	OG0000041	K01662	1-deoxy-D-xylulose-5-phosphate synthase [EC:2.2.1.7]	COG1154	Dxs	Deoxyxylulose-5-phosphate synthase	HIMB123_00827	5
LT840186.1	876973	877920	-	HIMB1321_00962	HIMB1321	315	OG0000256	K03465	thymidylate synthase (FAD) [EC:2.1.1.148]	COG1351	ThyX	Thymidylate synthase ThyX, FAD-dependent family	HIMB1321_00968	-5
LT840186.1	878277	879692	+	HIMB1321_00964	HIMB1321	471	NA	NA	NA	COG2133	YliI	Glucose/arabinose dehydrogenase, beta-propeller fold	HIMB1321_00968	-4
LT840186.1	879679	881265	+	HIMB1321_00965	HIMB1321	528	OG0001854	NA	NA	NA	NA	NA	HIMB1321_00968	-3
LT840186.1	881275	883935	-	HIMB1321_00966	HIMB1321	886	OG0000798	K01006	pyruvate, orthophosphate dikinase [EC:2.7.9.1]	COG0574	PpsA	Phosphoenolpyruvate synthase/pyruvate phosphate dikinase	HIMB1321_00968	-2
LT840186.1	883928	886000	-	HIMB1321_00967	HIMB1321	690	OG0000882	K01879	glycyl-tRNA synthetase beta chain [EC:6.1.1.14]	COG0751	GlyS	Glycyl-tRNA synthetase, beta subunit	HIMB1321_00968	-1
LT840186.1	886006	886908	-	HIMB1321_00968	HIMB1321	300	OG0000870	K01878	glycyl-tRNA synthetase alpha chain [EC:6.1.1.14]	COG0752	GlyQ	Glycyl-tRNA synthetase, alpha subunit	HIMB1321_00968	0
LT840186.1	886874	887680	-	HIMB1321_00969	HIMB1321	268	OG0000623	K04773	protease IV [EC:3.4.21.-]	COG0616	SppA	Periplasmic serine protease, ClpP class	HIMB1321_00968	1
LT840186.1	887786	888805	+	HIMB1321_00970	HIMB1321	339	OG0000641	K02523	octaprenyl-diphosphate synthase [EC:2.5.1.90]	COG0142	IspA	Geranylgeranyl pyrophosphate synthase	HIMB1321_00968	2
LT840186.1	888802	889428	-	HIMB1321_00971	HIMB1321	208	OG0000522	K00275	pyridoxamine 5'-phosphate oxidase [EC:1.4.3.5]	COG0259	PdxH	Pyridoxine/pyridoxamine 5'-phosphate oxidase	HIMB1321_00968	3
LT840186.1	889462	890544	+	HIMB1321_00972	HIMB1321	360	OG0000279	K01736	chorismate synthase [EC:4.2.3.5]	COG0082	AroC	Chorismate synthase	HIMB1321_00968	4
LT840186.1	890548	892458	-	HIMB1321_00973	HIMB1321	636	OG0000041	K01662	1-deoxy-D-xylulose-5-phosphate synthase [EC:2.2.1.7]	COG1154	Dxs	Deoxyxylulose-5-phosphate synthase	HIMB1321_00968	5
HIMB1402-00000000002	34526	36439	+	HIMB1402_00233	HIMB1402	637	OG0000041	K01662	1-deoxy-D-xylulose-5-phosphate synthase [EC:2.2.1.7]	COG1154	Dxs	Deoxyxylulose-5-phosphate synthase	HIMB1402_00238	-5
HIMB1402-00000000002	36445	37527	-	HIMB1402_00234	HIMB1402	360	OG0000279	K01736	chorismate synthase [EC:4.2.3.5]	COG0082	AroC	Chorismate synthase	HIMB1402_00238	-4
HIMB1402-00000000002	37561	38187	+	HIMB1402_00235	HIMB1402	208	OG0000522	K00275	pyridoxamine 5'-phosphate oxidase [EC:1.4.3.5]	COG0259	PdxH	Pyridoxine/pyridoxamine 5'-phosphate oxidase	HIMB1402_00238	-3
HIMB1402-00000000002	38184	39197	-	HIMB1402_00236	HIMB1402	337	OG0000641	K02523	octaprenyl-diphosphate synthase [EC:2.5.1.90]	COG0142	IspA	Geranylgeranyl pyrophosphate synthase	HIMB1402_00238	-2
HIMB1402-00000000002	39311	40117	+	HIMB1402_00237	HIMB1402	268	OG0000623	K04773	protease IV [EC:3.4.21.-]	COG0616	SppA	Periplasmic serine protease, ClpP class	HIMB1402_00238	-1
HIMB1402-00000000002	40107	40988	+	HIMB1402_00238	HIMB1402	293	OG0000870	K01878	glycyl-tRNA synthetase alpha chain [EC:6.1.1.14]	COG0752	GlyQ	Glycyl-tRNA synthetase, alpha subunit	HIMB1402_00238	0
HIMB1402-00000000002	40990	43062	+	HIMB1402_00239	HIMB1402	690	OG0000882	K01879	glycyl-tRNA synthetase beta chain [EC:6.1.1.14]	COG0751	GlyS	Glycyl-tRNA synthetase, beta subunit	HIMB1402_00238	1
HIMB1402-00000000002	43055	45712	+	HIMB1402_00240	HIMB1402	885	OG0000798	K01006	pyruvate, orthophosphate dikinase [EC:2.7.9.1]	COG0574	PpsA	Phosphoenolpyruvate synthase/pyruvate phosphate dikinase	HIMB1402_00238	2
HIMB1402-00000000002	45732	46508	+	HIMB1402_00241	HIMB1402	258	OG0001271	NA	NA	NA	NA	NA	HIMB1402_00238	3
HIMB1402-00000000002	46492	47205	-	HIMB1402_00242	HIMB1402	237	OG0001203	NA	NA	NA	NA	NA	HIMB1402_00238	4
HIMB1402-00000000002	47228	48598	-	HIMB1402_00243	HIMB1402	456	OG0001144	NA	NA	COG2133	YliI	Glucose/arabinose dehydrogenase, beta-propeller fold	HIMB1402_00238	5
HIMB1409-00000000001	37631	39547	+	HIMB1409_00049	HIMB1409	638	OG0000041	K01662	1-deoxy-D-xylulose-5-phosphate synthase [EC:2.2.1.7]	COG1154	Dxs	Deoxyxylulose-5-phosphate synthase	HIMB1409_00054	-5
HIMB1409-00000000001	39554	40636	-	HIMB1409_00050	HIMB1409	360	OG0000279	K01736	chorismate synthase [EC:4.2.3.5]	COG0082	AroC	Chorismate synthase	HIMB1409_00054	-4
HIMB1409-00000000001	40670	41296	+	HIMB1409_00051	HIMB1409	208	OG0000522	K00275	pyridoxamine 5'-phosphate oxidase [EC:1.4.3.5]	COG0259	PdxH	Pyridoxine/pyridoxamine 5'-phosphate oxidase	HIMB1409_00054	-3
HIMB1409-00000000001	41293	42306	-	HIMB1409_00052	HIMB1409	337	OG0000641	K02523	octaprenyl-diphosphate synthase [EC:2.5.1.90]	COG0142	IspA	Geranylgeranyl pyrophosphate synthase	HIMB1409_00054	-2
HIMB1409-00000000001	42421	43227	+	HIMB1409_00053	HIMB1409	268	OG0000623	K04773	protease IV [EC:3.4.21.-]	COG0616	SppA	Periplasmic serine protease, ClpP class	HIMB1409_00054	-1
HIMB1409-00000000001	43193	44098	+	HIMB1409_00054	HIMB1409	301	OG0000870	K01878	glycyl-tRNA synthetase alpha chain [EC:6.1.1.14]	COG0752	GlyQ	Glycyl-tRNA synthetase, alpha subunit	HIMB1409_00054	0
HIMB1409-00000000001	44098	46164	+	HIMB1409_00055	HIMB1409	688	OG0000882	K01879	glycyl-tRNA synthetase beta chain [EC:6.1.1.14]	COG0751	GlyS	Glycyl-tRNA synthetase, beta subunit	HIMB1409_00054	1
HIMB1409-00000000001	46164	48824	+	HIMB1409_00056	HIMB1409	886	OG0000798	K01006	pyruvate, orthophosphate dikinase [EC:2.7.9.1]	COG0574	PpsA	Phosphoenolpyruvate synthase/pyruvate phosphate dikinase	HIMB1409_00054	2
HIMB1409-00000000001	49233	50423	+	HIMB1409_00058	HIMB1409	396	OG0001427	NA	NA	NA	NA	NA	HIMB1409_00054	3
HIMB1409-00000000001	50430	51710	+	HIMB1409_00059	HIMB1409	426	OG0001824	NA	NA	COG0277	GlcD	FAD/FMN-containing lactate dehydrogenase/glycolate oxidase	HIMB1409_00054	4
HIMB1409-00000000001	51713	52441	+	HIMB1409_00060	HIMB1409	242	OG0000115	NA	NA	COG0300	YqjQ	Short-chain dehydrogenase	HIMB1409_00054	5
NZ_LAMZ01000001.1	1191516	1193432	+	HIMB140_01290	HIMB140	638	OG0000041	K01662	1-deoxy-D-xylulose-5-phosphate synthase [EC:2.2.1.7]	COG1154	Dxs	Deoxyxylulose-5-phosphate synthase	HIMB140_01295	-5
NZ_LAMZ01000001.1	1193437	1194519	-	HIMB140_01291	HIMB140	360	OG0000279	K01736	chorismate synthase [EC:4.2.3.5]	COG0082	AroC	Chorismate synthase	HIMB140_01295	-4
NZ_LAMZ01000001.1	1194553	1195179	+	HIMB140_01292	HIMB140	208	OG0000522	K00275	pyridoxamine 5'-phosphate oxidase [EC:1.4.3.5]	COG0259	PdxH	Pyridoxine/pyridoxamine 5'-phosphate oxidase	HIMB140_01295	-3
NZ_LAMZ01000001.1	1195176	1196189	-	HIMB140_01293	HIMB140	337	OG0000641	K02523	octaprenyl-diphosphate synthase [EC:2.5.1.90]	COG0142	IspA	Geranylgeranyl pyrophosphate synthase	HIMB140_01295	-2
NZ_LAMZ01000001.1	1196304	1197107	+	HIMB140_01294	HIMB140	267	OG0000623	K04773	protease IV [EC:3.4.21.-]	COG0616	SppA	Periplasmic serine protease, ClpP class	HIMB140_01295	-1
NZ_LAMZ01000001.1	1197073	1197969	+	HIMB140_01295	HIMB140	298	OG0000870	K01878	glycyl-tRNA synthetase alpha chain [EC:6.1.1.14]	COG0752	GlyQ	Glycyl-tRNA synthetase, alpha subunit	HIMB140_01295	0
NZ_LAMZ01000001.1	1197969	1200035	+	HIMB140_01296	HIMB140	688	OG0000882	K01879	glycyl-tRNA synthetase beta chain [EC:6.1.1.14]	COG0751	GlyS	Glycyl-tRNA synthetase, beta subunit	HIMB140_01295	1
NZ_LAMZ01000001.1	1200035	1202695	+	HIMB140_01297	HIMB140	886	OG0000798	K01006	pyruvate, orthophosphate dikinase [EC:2.7.9.1]	COG0574	PpsA	Phosphoenolpyruvate synthase/pyruvate phosphate dikinase	HIMB140_01295	2
NZ_LAMZ01000001.1	1202706	1202912	+	HIMB140_01298	HIMB140	68	OG0001534	NA	NA	COG5515	NA	Uncharacterized conserved protein, DUF1737 domain	HIMB140_01295	3
NZ_LAMZ01000001.1	1203216	1204163	+	HIMB140_01300	HIMB140	315	OG0000256	K03465	thymidylate synthase (FAD) [EC:2.1.1.148]	COG1351	ThyX	Thymidylate synthase ThyX, FAD-dependent family	HIMB140_01295	4
NZ_LAMZ01000001.1	1204144	1204968	-	HIMB140_01301	HIMB140	274	OG0000361	K03593	ATP-binding protein involved in chromosome partitioning	COG0489	Mrp	Fe-S cluster carrier ATPase, Mrp/ApbC/NBP35 family	HIMB140_01295	5
HIMB1412-00000000001	1243487	1244593	-	HIMB1412_01331	HIMB1412	368	OG0000394	K04088	modulator of FtsH protease HflK	COG0330	HflC	Regulator of protease activity HflC, stomatin/prohibitin superfamily	HIMB1412_01337	-5
HIMB1412-00000000001	1244646	1245470	+	HIMB1412_01332	HIMB1412	274	OG0000361	K03593	ATP-binding protein involved in chromosome partitioning	COG0489	Mrp	Fe-S cluster carrier ATPase, Mrp/ApbC/NBP35 family	HIMB1412_01337	-4
HIMB1412-00000000001	1245451	1246398	-	HIMB1412_01333	HIMB1412	315	OG0000256	K03465	thymidylate synthase (FAD) [EC:2.1.1.148]	COG1351	ThyX	Thymidylate synthase ThyX, FAD-dependent family	HIMB1412_01337	-3
HIMB1412-00000000001	1246721	1249381	-	HIMB1412_01335	HIMB1412	886	OG0000798	K01006	pyruvate, orthophosphate dikinase [EC:2.7.9.1]	COG0574	PpsA	Phosphoenolpyruvate synthase/pyruvate phosphate dikinase	HIMB1412_01337	-2
HIMB1412-00000000001	1249381	1251441	-	HIMB1412_01336	HIMB1412	686	OG0000882	K01879	glycyl-tRNA synthetase beta chain [EC:6.1.1.14]	COG0751	GlyS	Glycyl-tRNA synthetase, beta subunit	HIMB1412_01337	-1
HIMB1412-00000000001	1251442	1252320	-	HIMB1412_01337	HIMB1412	292	OG0000870	K01878	glycyl-tRNA synthetase alpha chain [EC:6.1.1.14]	COG0752	GlyQ	Glycyl-tRNA synthetase, alpha subunit	HIMB1412_01337	0
HIMB1412-00000000001	1252310	1253116	-	HIMB1412_01338	HIMB1412	268	OG0000623	K04773	protease IV [EC:3.4.21.-]	COG0616	SppA	Periplasmic serine protease, ClpP class	HIMB1412_01337	1
HIMB1412-00000000001	1253184	1254248	+	HIMB1412_01339	HIMB1412	354	OG0000641	K02523	octaprenyl-diphosphate synthase [EC:2.5.1.90]	COG0142	IspA	Geranylgeranyl pyrophosphate synthase	HIMB1412_01337	2
HIMB1412-00000000001	1254245	1254871	-	HIMB1412_01340	HIMB1412	208	OG0000522	K00275	pyridoxamine 5'-phosphate oxidase [EC:1.4.3.5]	COG0259	PdxH	Pyridoxine/pyridoxamine 5'-phosphate oxidase	HIMB1412_01337	3
HIMB1412-00000000001	1254905	1255987	+	HIMB1412_01341	HIMB1412	360	OG0000279	K01736	chorismate synthase [EC:4.2.3.5]	COG0082	AroC	Chorismate synthase	HIMB1412_01337	4
HIMB1412-00000000001	1255988	1257901	-	HIMB1412_01342	HIMB1412	637	OG0000041	K01662	1-deoxy-D-xylulose-5-phosphate synthase [EC:2.2.1.7]	COG1154	Dxs	Deoxyxylulose-5-phosphate synthase	HIMB1412_01337	5
HIMB1413-00000000001	92249	94165	+	HIMB1413_00104	HIMB1413	638	OG0000041	K01662	1-deoxy-D-xylulose-5-phosphate synthase [EC:2.2.1.7]	COG1154	Dxs	Deoxyxylulose-5-phosphate synthase	HIMB1413_00109	-5
HIMB1413-00000000001	94172	95254	-	HIMB1413_00105	HIMB1413	360	OG0000279	K01736	chorismate synthase [EC:4.2.3.5]	COG0082	AroC	Chorismate synthase	HIMB1413_00109	-4
HIMB1413-00000000001	95288	95914	+	HIMB1413_00106	HIMB1413	208	OG0000522	K00275	pyridoxamine 5'-phosphate oxidase [EC:1.4.3.5]	COG0259	PdxH	Pyridoxine/pyridoxamine 5'-phosphate oxidase	HIMB1413_00109	-3
HIMB1413-00000000001	95911	96924	-	HIMB1413_00107	HIMB1413	337	OG0000641	K02523	octaprenyl-diphosphate synthase [EC:2.5.1.90]	COG0142	IspA	Geranylgeranyl pyrophosphate synthase	HIMB1413_00109	-2
HIMB1413-00000000001	97039	97845	+	HIMB1413_00108	HIMB1413	268	OG0000623	K04773	protease IV [EC:3.4.21.-]	COG0616	SppA	Periplasmic serine protease, ClpP class	HIMB1413_00109	-1
HIMB1413-00000000001	97811	98716	+	HIMB1413_00109	HIMB1413	301	OG0000870	K01878	glycyl-tRNA synthetase alpha chain [EC:6.1.1.14]	COG0752	GlyQ	Glycyl-tRNA synthetase, alpha subunit	HIMB1413_00109	0
HIMB1413-00000000001	98716	100785	+	HIMB1413_00110	HIMB1413	689	OG0000882	K01879	glycyl-tRNA synthetase beta chain [EC:6.1.1.14]	COG0751	GlyS	Glycyl-tRNA synthetase, beta subunit	HIMB1413_00109	1
HIMB1413-00000000001	100782	103442	+	HIMB1413_00111	HIMB1413	886	OG0000798	K01006	pyruvate, orthophosphate dikinase [EC:2.7.9.1]	COG0574	PpsA	Phosphoenolpyruvate synthase/pyruvate phosphate dikinase	HIMB1413_00109	2
HIMB1413-00000000001	103747	104949	+	HIMB1413_00113	HIMB1413	400	OG0001427	NA	NA	NA	NA	NA	HIMB1413_00109	3
HIMB1413-00000000001	104959	105756	-	HIMB1413_00114	HIMB1413	265	OG0000043	NA	NA	COG0463	WcaA	Glycosyltransferase involved in cell wall bisynthesis	HIMB1413_00109	4
HIMB1413-00000000001	105777	106724	+	HIMB1413_00115	HIMB1413	315	OG0000256	K03465	thymidylate synthase (FAD) [EC:2.1.1.148]	COG1351	ThyX	Thymidylate synthase ThyX, FAD-dependent family	HIMB1413_00109	5
HIMB1420-00000000002	558863	559792	+	HIMB1420_01344	HIMB1420	309	OG0000660	NA	NA	COG0354	YgfZ	Folate-binding protein YgfZ, synthesis and repair of Fe-S clusters, tRNA thiomethylation	HIMB1420_01350	-5
HIMB1420-00000000002	559938	560927	+	HIMB1420_01346	HIMB1420	329	OG0000316	K03517	quinolinate synthase [EC:2.5.1.72]	COG0379	NadA	Quinolinate synthase	HIMB1420_01350	-4
HIMB1420-00000000002	560934	561767	+	HIMB1420_01347	HIMB1420	277	OG0000370	K00767	nicotinate-nucleotide pyrophosphorylase (carboxylating) [EC:2.4.2.19]	COG0157	NadC	Nicotinate-nucleotide pyrophosphorylase	HIMB1420_01350	-3
HIMB1420-00000000002	561770	564433	-	HIMB1420_01348	HIMB1420	887	OG0000798	K01006	pyruvate, orthophosphate dikinase [EC:2.7.9.1]	COG0574	PpsA	Phosphoenolpyruvate synthase/pyruvate phosphate dikinase	HIMB1420_01350	-2
HIMB1420-00000000002	564430	566496	-	HIMB1420_01349	HIMB1420	688	OG0000882	K01879	glycyl-tRNA synthetase beta chain [EC:6.1.1.14]	COG0751	GlyS	Glycyl-tRNA synthetase, beta subunit	HIMB1420_01350	-1
HIMB1420-00000000002	566499	567377	-	HIMB1420_01350	HIMB1420	292	OG0000870	K01878	glycyl-tRNA synthetase alpha chain [EC:6.1.1.14]	COG0752	GlyQ	Glycyl-tRNA synthetase, alpha subunit	HIMB1420_01350	0
HIMB1420-00000000002	567367	568173	-	HIMB1420_01351	HIMB1420	268	OG0000623	K04773	protease IV [EC:3.4.21.-]	COG0616	SppA	Periplasmic serine protease, ClpP class	HIMB1420_01350	1
HIMB1420-00000000002	568292	569305	+	HIMB1420_01352	HIMB1420	337	OG0000641	K02523	octaprenyl-diphosphate synthase [EC:2.5.1.90]	COG0142	IspA	Geranylgeranyl pyrophosphate synthase	HIMB1420_01350	2
HIMB1420-00000000002	569302	569928	-	HIMB1420_01353	HIMB1420	208	OG0000522	K00275	pyridoxamine 5'-phosphate oxidase [EC:1.4.3.5]	COG0259	PdxH	Pyridoxine/pyridoxamine 5'-phosphate oxidase	HIMB1420_01350	3
HIMB1420-00000000002	569962	571044	+	HIMB1420_01354	HIMB1420	360	OG0000279	K01736	chorismate synthase [EC:4.2.3.5]	COG0082	AroC	Chorismate synthase	HIMB1420_01350	4
HIMB1420-00000000002	571046	572959	-	HIMB1420_01355	HIMB1420	637	OG0000041	K01662	1-deoxy-D-xylulose-5-phosphate synthase [EC:2.2.1.7]	COG1154	Dxs	Deoxyxylulose-5-phosphate synthase	HIMB1420_01350	5
HIMB1427-00000000001	199320	200258	-	HIMB1427_00192	HIMB1427	312	OG0000256	K03465	thymidylate synthase (FAD) [EC:2.1.1.148]	COG1351	ThyX	Thymidylate synthase ThyX, FAD-dependent family	HIMB1427_00199	-5
HIMB1427-00000000001	200728	201717	+	HIMB1427_00195	HIMB1427	329	OG0000316	K03517	quinolinate synthase [EC:2.5.1.72]	COG0379	NadA	Quinolinate synthase	HIMB1427_00199	-4
HIMB1427-00000000001	201724	202557	+	HIMB1427_00196	HIMB1427	277	OG0000370	K00767	nicotinate-nucleotide pyrophosphorylase (carboxylating) [EC:2.4.2.19]	COG0157	NadC	Nicotinate-nucleotide pyrophosphorylase	HIMB1427_00199	-3
HIMB1427-00000000001	202560	205223	-	HIMB1427_00197	HIMB1427	887	OG0000798	K01006	pyruvate, orthophosphate dikinase [EC:2.7.9.1]	COG0574	PpsA	Phosphoenolpyruvate synthase/pyruvate phosphate dikinase	HIMB1427_00199	-2
HIMB1427-00000000001	205220	207286	-	HIMB1427_00198	HIMB1427	688	OG0000882	K01879	glycyl-tRNA synthetase beta chain [EC:6.1.1.14]	COG0751	GlyS	Glycyl-tRNA synthetase, beta subunit	HIMB1427_00199	-1
HIMB1427-00000000001	207289	208167	-	HIMB1427_00199	HIMB1427	292	OG0000870	K01878	glycyl-tRNA synthetase alpha chain [EC:6.1.1.14]	COG0752	GlyQ	Glycyl-tRNA synthetase, alpha subunit	HIMB1427_00199	0
HIMB1427-00000000001	208157	208963	-	HIMB1427_00200	HIMB1427	268	OG0000623	K04773	protease IV [EC:3.4.21.-]	COG0616	SppA	Periplasmic serine protease, ClpP class	HIMB1427_00199	1
HIMB1427-00000000001	209082	210095	+	HIMB1427_00201	HIMB1427	337	OG0000641	K02523	octaprenyl-diphosphate synthase [EC:2.5.1.90]	COG0142	IspA	Geranylgeranyl pyrophosphate synthase	HIMB1427_00199	2
HIMB1427-00000000001	210092	210718	-	HIMB1427_00202	HIMB1427	208	OG0000522	K00275	pyridoxamine 5'-phosphate oxidase [EC:1.4.3.5]	COG0259	PdxH	Pyridoxine/pyridoxamine 5'-phosphate oxidase	HIMB1427_00199	3
HIMB1427-00000000001	210752	211834	+	HIMB1427_00203	HIMB1427	360	OG0000279	K01736	chorismate synthase [EC:4.2.3.5]	COG0082	AroC	Chorismate synthase	HIMB1427_00199	4
HIMB1427-00000000001	211836	213749	-	HIMB1427_00204	HIMB1427	637	OG0000041	K01662	1-deoxy-D-xylulose-5-phosphate synthase [EC:2.2.1.7]	COG1154	Dxs	Deoxyxylulose-5-phosphate synthase	HIMB1427_00199	5
HIMB1430-00000000003	28197	30113	+	HIMB1430_00402	HIMB1430	638	OG0000041	K01662	1-deoxy-D-xylulose-5-phosphate synthase [EC:2.2.1.7]	COG1154	Dxs	Deoxyxylulose-5-phosphate synthase	HIMB1430_00407	-5
HIMB1430-00000000003	30118	31200	-	HIMB1430_00403	HIMB1430	360	OG0000279	K01736	chorismate synthase [EC:4.2.3.5]	COG0082	AroC	Chorismate synthase	HIMB1430_00407	-4
HIMB1430-00000000003	31234	31860	+	HIMB1430_00404	HIMB1430	208	OG0000522	K00275	pyridoxamine 5'-phosphate oxidase [EC:1.4.3.5]	COG0259	PdxH	Pyridoxine/pyridoxamine 5'-phosphate oxidase	HIMB1430_00407	-3
HIMB1430-00000000003	31857	32870	-	HIMB1430_00405	HIMB1430	337	OG0000641	K02523	octaprenyl-diphosphate synthase [EC:2.5.1.90]	COG0142	IspA	Geranylgeranyl pyrophosphate synthase	HIMB1430_00407	-2
HIMB1430-00000000003	32985	33788	+	HIMB1430_00406	HIMB1430	267	OG0000623	K04773	protease IV [EC:3.4.21.-]	COG0616	SppA	Periplasmic serine protease, ClpP class	HIMB1430_00407	-1
HIMB1430-00000000003	33754	34650	+	HIMB1430_00407	HIMB1430	298	OG0000870	K01878	glycyl-tRNA synthetase alpha chain [EC:6.1.1.14]	COG0752	GlyQ	Glycyl-tRNA synthetase, alpha subunit	HIMB1430_00407	0
HIMB1430-00000000003	34650	36716	+	HIMB1430_00408	HIMB1430	688	OG0000882	K01879	glycyl-tRNA synthetase beta chain [EC:6.1.1.14]	COG0751	GlyS	Glycyl-tRNA synthetase, beta subunit	HIMB1430_00407	1
HIMB1430-00000000003	36716	39376	+	HIMB1430_00409	HIMB1430	886	OG0000798	K01006	pyruvate, orthophosphate dikinase [EC:2.7.9.1]	COG0574	PpsA	Phosphoenolpyruvate synthase/pyruvate phosphate dikinase	HIMB1430_00407	2
HIMB1430-00000000003	39387	39593	+	HIMB1430_00410	HIMB1430	68	OG0001534	NA	NA	COG5515	NA	Uncharacterized conserved protein, DUF1737 domain	HIMB1430_00407	3
HIMB1430-00000000003	39897	40844	+	HIMB1430_00412	HIMB1430	315	OG0000256	K03465	thymidylate synthase (FAD) [EC:2.1.1.148]	COG1351	ThyX	Thymidylate synthase ThyX, FAD-dependent family	HIMB1430_00407	4
HIMB1430-00000000003	40825	41649	-	HIMB1430_00413	HIMB1430	274	OG0000361	K03593	ATP-binding protein involved in chromosome partitioning	COG0489	Mrp	Fe-S cluster carrier ATPase, Mrp/ApbC/NBP35 family	HIMB1430_00407	5
HIMB1436-00000000002	395542	396429	+	HIMB1436_01225	HIMB1436	295	OG0000660	NA	NA	COG0354	YgfZ	Folate-binding protein YgfZ, synthesis and repair of Fe-S clusters, tRNA thiomethylation	HIMB1436_01231	-5
HIMB1436-00000000002	396578	397567	+	HIMB1436_01227	HIMB1436	329	OG0000316	K03517	quinolinate synthase [EC:2.5.1.72]	COG0379	NadA	Quinolinate synthase	HIMB1436_01231	-4
HIMB1436-00000000002	397574	398407	+	HIMB1436_01228	HIMB1436	277	OG0000370	K00767	nicotinate-nucleotide pyrophosphorylase (carboxylating) [EC:2.4.2.19]	COG0157	NadC	Nicotinate-nucleotide pyrophosphorylase	HIMB1436_01231	-3
HIMB1436-00000000002	398422	401088	-	HIMB1436_01229	HIMB1436	888	OG0000798	K01006	pyruvate, orthophosphate dikinase [EC:2.7.9.1]	COG0574	PpsA	Phosphoenolpyruvate synthase/pyruvate phosphate dikinase	HIMB1436_01231	-2
HIMB1436-00000000002	401081	403153	-	HIMB1436_01230	HIMB1436	690	OG0000882	K01879	glycyl-tRNA synthetase beta chain [EC:6.1.1.14]	COG0751	GlyS	Glycyl-tRNA synthetase, beta subunit	HIMB1436_01231	-1
HIMB1436-00000000002	403155	404036	-	HIMB1436_01231	HIMB1436	293	OG0000870	K01878	glycyl-tRNA synthetase alpha chain [EC:6.1.1.14]	COG0752	GlyQ	Glycyl-tRNA synthetase, alpha subunit	HIMB1436_01231	0
HIMB1436-00000000002	404026	404832	-	HIMB1436_01232	HIMB1436	268	OG0000623	K04773	protease IV [EC:3.4.21.-]	COG0616	SppA	Periplasmic serine protease, ClpP class	HIMB1436_01231	1
HIMB1436-00000000002	404946	405959	+	HIMB1436_01233	HIMB1436	337	OG0000641	K02523	octaprenyl-diphosphate synthase [EC:2.5.1.90]	COG0142	IspA	Geranylgeranyl pyrophosphate synthase	HIMB1436_01231	2
HIMB1436-00000000002	405956	406582	-	HIMB1436_01234	HIMB1436	208	OG0000522	K00275	pyridoxamine 5'-phosphate oxidase [EC:1.4.3.5]	COG0259	PdxH	Pyridoxine/pyridoxamine 5'-phosphate oxidase	HIMB1436_01231	3
HIMB1436-00000000002	406616	407698	+	HIMB1436_01235	HIMB1436	360	OG0000279	K01736	chorismate synthase [EC:4.2.3.5]	COG0082	AroC	Chorismate synthase	HIMB1436_01231	4
HIMB1436-00000000002	407695	409608	-	HIMB1436_01236	HIMB1436	637	OG0000041	K01662	1-deoxy-D-xylulose-5-phosphate synthase [EC:2.2.1.7]	COG1154	Dxs	Deoxyxylulose-5-phosphate synthase	HIMB1436_01231	5
HIMB1437-00000000001	926327	928240	+	HIMB1437_01011	HIMB1437	637	OG0000041	K01662	1-deoxy-D-xylulose-5-phosphate synthase [EC:2.2.1.7]	COG1154	Dxs	Deoxyxylulose-5-phosphate synthase	HIMB1437_01016	-5
HIMB1437-00000000001	928246	929328	-	HIMB1437_01012	HIMB1437	360	OG0000279	K01736	chorismate synthase [EC:4.2.3.5]	COG0082	AroC	Chorismate synthase	HIMB1437_01016	-4
HIMB1437-00000000001	929362	929988	+	HIMB1437_01013	HIMB1437	208	OG0000522	K00275	pyridoxamine 5'-phosphate oxidase [EC:1.4.3.5]	COG0259	PdxH	Pyridoxine/pyridoxamine 5'-phosphate oxidase	HIMB1437_01016	-3
HIMB1437-00000000001	929985	930998	-	HIMB1437_01014	HIMB1437	337	OG0000641	K02523	octaprenyl-diphosphate synthase [EC:2.5.1.90]	COG0142	IspA	Geranylgeranyl pyrophosphate synthase	HIMB1437_01016	-2
HIMB1437-00000000001	931112	931918	+	HIMB1437_01015	HIMB1437	268	OG0000623	K04773	protease IV [EC:3.4.21.-]	COG0616	SppA	Periplasmic serine protease, ClpP class	HIMB1437_01016	-1
HIMB1437-00000000001	931908	932789	+	HIMB1437_01016	HIMB1437	293	OG0000870	K01878	glycyl-tRNA synthetase alpha chain [EC:6.1.1.14]	COG0752	GlyQ	Glycyl-tRNA synthetase, alpha subunit	HIMB1437_01016	0
HIMB1437-00000000001	932791	934863	+	HIMB1437_01017	HIMB1437	690	OG0000882	K01879	glycyl-tRNA synthetase beta chain [EC:6.1.1.14]	COG0751	GlyS	Glycyl-tRNA synthetase, beta subunit	HIMB1437_01016	1
HIMB1437-00000000001	934856	937513	+	HIMB1437_01018	HIMB1437	885	OG0000798	K01006	pyruvate, orthophosphate dikinase [EC:2.7.9.1]	COG0574	PpsA	Phosphoenolpyruvate synthase/pyruvate phosphate dikinase	HIMB1437_01016	2
HIMB1437-00000000001	937532	938314	+	HIMB1437_01019	HIMB1437	260	OG0001271	NA	NA	NA	NA	NA	HIMB1437_01016	3
HIMB1437-00000000001	938324	939691	-	HIMB1437_01020	HIMB1437	455	OG0001144	NA	NA	COG2133	YliI	Glucose/arabinose dehydrogenase, beta-propeller fold	HIMB1437_01016	4
HIMB1437-00000000001	939959	941209	+	HIMB1437_01021	HIMB1437	416	OG0001596	NA	NA	COG2220	UlaG	L-ascorbate lactonase UlaG, metallo-beta-lactamase superfamily	HIMB1437_01016	5
HIMB1444-00000000002	616183	617007	+	HIMB1444_01085	HIMB1444	274	OG0000361	K03593	ATP-binding protein involved in chromosome partitioning	COG0489	Mrp	Fe-S cluster carrier ATPase, Mrp/ApbC/NBP35 family	HIMB1444_01091	-5
HIMB1444-00000000002	616988	617935	-	HIMB1444_01086	HIMB1444	315	OG0000256	K03465	thymidylate synthase (FAD) [EC:2.1.1.148]	COG1351	ThyX	Thymidylate synthase ThyX, FAD-dependent family	HIMB1444_01091	-4
HIMB1444-00000000002	618507	619346	-	HIMB1444_01088	HIMB1444	279	OG0001741	NA	NA	NA	NA	NA	HIMB1444_01091	-3
HIMB1444-00000000002	619327	622002	-	HIMB1444_01089	HIMB1444	891	OG0000798	K01006	pyruvate, orthophosphate dikinase [EC:2.7.9.1]	COG0574	PpsA	Phosphoenolpyruvate synthase/pyruvate phosphate dikinase	HIMB1444_01091	-2
HIMB1444-00000000002	622002	624068	-	HIMB1444_01090	HIMB1444	688	OG0000882	K01879	glycyl-tRNA synthetase beta chain [EC:6.1.1.14]	COG0751	GlyS	Glycyl-tRNA synthetase, beta subunit	HIMB1444_01091	-1
HIMB1444-00000000002	624068	624973	-	HIMB1444_01091	HIMB1444	301	OG0000870	K01878	glycyl-tRNA synthetase alpha chain [EC:6.1.1.14]	COG0752	GlyQ	Glycyl-tRNA synthetase, alpha subunit	HIMB1444_01091	0
HIMB1444-00000000002	624939	625745	-	HIMB1444_01092	HIMB1444	268	OG0000623	K04773	protease IV [EC:3.4.21.-]	COG0616	SppA	Periplasmic serine protease, ClpP class	HIMB1444_01091	1
HIMB1444-00000000002	625859	626872	+	HIMB1444_01093	HIMB1444	337	OG0000641	K02523	octaprenyl-diphosphate synthase [EC:2.5.1.90]	COG0142	IspA	Geranylgeranyl pyrophosphate synthase	HIMB1444_01091	2
HIMB1444-00000000002	626869	627495	-	HIMB1444_01094	HIMB1444	208	OG0000522	K00275	pyridoxamine 5'-phosphate oxidase [EC:1.4.3.5]	COG0259	PdxH	Pyridoxine/pyridoxamine 5'-phosphate oxidase	HIMB1444_01091	3
HIMB1444-00000000002	627529	628611	+	HIMB1444_01095	HIMB1444	360	OG0000279	K01736	chorismate synthase [EC:4.2.3.5]	COG0082	AroC	Chorismate synthase	HIMB1444_01091	4
HIMB1444-00000000002	628618	630534	-	HIMB1444_01096	HIMB1444	638	OG0000041	K01662	1-deoxy-D-xylulose-5-phosphate synthase [EC:2.2.1.7]	COG1154	Dxs	Deoxyxylulose-5-phosphate synthase	HIMB1444_01091	5
HIMB1456-00000000016	34407	36323	+	HIMB1456_01135	HIMB1456	638	OG0000041	K01662	1-deoxy-D-xylulose-5-phosphate synthase [EC:2.2.1.7]	COG1154	Dxs	Deoxyxylulose-5-phosphate synthase	HIMB1456_01140	-5
HIMB1456-00000000016	36330	37412	-	HIMB1456_01136	HIMB1456	360	OG0000279	K01736	chorismate synthase [EC:4.2.3.5]	COG0082	AroC	Chorismate synthase	HIMB1456_01140	-4
HIMB1456-00000000016	37446	38072	+	HIMB1456_01137	HIMB1456	208	OG0000522	K00275	pyridoxamine 5'-phosphate oxidase [EC:1.4.3.5]	COG0259	PdxH	Pyridoxine/pyridoxamine 5'-phosphate oxidase	HIMB1456_01140	-3
HIMB1456-00000000016	38069	39082	-	HIMB1456_01138	HIMB1456	337	OG0000641	K02523	octaprenyl-diphosphate synthase [EC:2.5.1.90]	COG0142	IspA	Geranylgeranyl pyrophosphate synthase	HIMB1456_01140	-2
HIMB1456-00000000016	39197	40003	+	HIMB1456_01139	HIMB1456	268	OG0000623	K04773	protease IV [EC:3.4.21.-]	COG0616	SppA	Periplasmic serine protease, ClpP class	HIMB1456_01140	-1
HIMB1456-00000000016	39969	40874	+	HIMB1456_01140	HIMB1456	301	OG0000870	K01878	glycyl-tRNA synthetase alpha chain [EC:6.1.1.14]	COG0752	GlyQ	Glycyl-tRNA synthetase, alpha subunit	HIMB1456_01140	0
HIMB1456-00000000016	40874	42940	+	HIMB1456_01141	HIMB1456	688	OG0000882	K01879	glycyl-tRNA synthetase beta chain [EC:6.1.1.14]	COG0751	GlyS	Glycyl-tRNA synthetase, beta subunit	HIMB1456_01140	1
HIMB1456-00000000016	42940	45600	+	HIMB1456_01142	HIMB1456	886	OG0000798	K01006	pyruvate, orthophosphate dikinase [EC:2.7.9.1]	COG0574	PpsA	Phosphoenolpyruvate synthase/pyruvate phosphate dikinase	HIMB1456_01140	2
HIMB1456-00000000016	45788	46858	+	HIMB1456_01144	HIMB1456	356	OG0000256	K03465	thymidylate synthase (FAD) [EC:2.1.1.148]	COG1351	ThyX	Thymidylate synthase ThyX, FAD-dependent family	HIMB1456_01140	3
HIMB1456-00000000016	46839	47663	-	HIMB1456_01145	HIMB1456	274	OG0000361	K03593	ATP-binding protein involved in chromosome partitioning	COG0489	Mrp	Fe-S cluster carrier ATPase, Mrp/ApbC/NBP35 family	HIMB1456_01140	4
HIMB1456-00000000016	47713	48813	+	HIMB1456_01146	HIMB1456	366	OG0000394	K04088	modulator of FtsH protease HflK	COG0330	HflC	Regulator of protease activity HflC, stomatin/prohibitin superfamily	HIMB1456_01140	5
HIMB1463-00000000017	288	1322	-	HIMB1463_00866	HIMB1463	344	OG0000256	K03465	thymidylate synthase (FAD) [EC:2.1.1.148]	COG1351	ThyX	Thymidylate synthase ThyX, FAD-dependent family	HIMB1463_00873	-5
HIMB1463-00000000017	1705	2694	+	HIMB1463_00869	HIMB1463	329	OG0000316	K03517	quinolinate synthase [EC:2.5.1.72]	COG0379	NadA	Quinolinate synthase	HIMB1463_00873	-4
HIMB1463-00000000017	2701	3534	+	HIMB1463_00870	HIMB1463	277	OG0000370	K00767	nicotinate-nucleotide pyrophosphorylase (carboxylating) [EC:2.4.2.19]	COG0157	NadC	Nicotinate-nucleotide pyrophosphorylase	HIMB1463_00873	-3
HIMB1463-00000000017	3537	6197	-	HIMB1463_00871	HIMB1463	886	OG0000798	K01006	pyruvate, orthophosphate dikinase [EC:2.7.9.1]	COG0574	PpsA	Phosphoenolpyruvate synthase/pyruvate phosphate dikinase	HIMB1463_00873	-2
HIMB1463-00000000017	6194	8260	-	HIMB1463_00872	HIMB1463	688	OG0000882	K01879	glycyl-tRNA synthetase beta chain [EC:6.1.1.14]	COG0751	GlyS	Glycyl-tRNA synthetase, beta subunit	HIMB1463_00873	-1
HIMB1463-00000000017	8263	9141	-	HIMB1463_00873	HIMB1463	292	OG0000870	K01878	glycyl-tRNA synthetase alpha chain [EC:6.1.1.14]	COG0752	GlyQ	Glycyl-tRNA synthetase, alpha subunit	HIMB1463_00873	0
HIMB1463-00000000017	9131	9937	-	HIMB1463_00874	HIMB1463	268	OG0000623	K04773	protease IV [EC:3.4.21.-]	COG0616	SppA	Periplasmic serine protease, ClpP class	HIMB1463_00873	1
HIMB1463-00000000017	10056	11069	+	HIMB1463_00875	HIMB1463	337	OG0000641	K02523	octaprenyl-diphosphate synthase [EC:2.5.1.90]	COG0142	IspA	Geranylgeranyl pyrophosphate synthase	HIMB1463_00873	2
HIMB1463-00000000017	11066	11692	-	HIMB1463_00876	HIMB1463	208	OG0000522	K00275	pyridoxamine 5'-phosphate oxidase [EC:1.4.3.5]	COG0259	PdxH	Pyridoxine/pyridoxamine 5'-phosphate oxidase	HIMB1463_00873	3
HIMB1463-00000000017	11726	12808	+	HIMB1463_00877	HIMB1463	360	OG0000279	K01736	chorismate synthase [EC:4.2.3.5]	COG0082	AroC	Chorismate synthase	HIMB1463_00873	4
HIMB1463-00000000017	12810	14723	-	HIMB1463_00878	HIMB1463	637	OG0000041	K01662	1-deoxy-D-xylulose-5-phosphate synthase [EC:2.2.1.7]	COG1154	Dxs	Deoxyxylulose-5-phosphate synthase	HIMB1463_00873	5
HIMB1483-00000000002	1029370	1030317	-	HIMB1483_01249	HIMB1483	315	OG0000256	K03465	thymidylate synthase (FAD) [EC:2.1.1.148]	COG1351	ThyX	Thymidylate synthase ThyX, FAD-dependent family	HIMB1483_01255	-5
HIMB1483-00000000002	1030674	1032035	+	HIMB1483_01251	HIMB1483	453	OG0001144	NA	NA	COG2133	YliI	Glucose/arabinose dehydrogenase, beta-propeller fold	HIMB1483_01255	-4
HIMB1483-00000000002	1032059	1032841	-	HIMB1483_01252	HIMB1483	260	OG0001271	NA	NA	NA	NA	NA	HIMB1483_01255	-3
HIMB1483-00000000002	1032859	1035516	-	HIMB1483_01253	HIMB1483	885	OG0000798	K01006	pyruvate, orthophosphate dikinase [EC:2.7.9.1]	COG0574	PpsA	Phosphoenolpyruvate synthase/pyruvate phosphate dikinase	HIMB1483_01255	-2
HIMB1483-00000000002	1035509	1037581	-	HIMB1483_01254	HIMB1483	690	OG0000882	K01879	glycyl-tRNA synthetase beta chain [EC:6.1.1.14]	COG0751	GlyS	Glycyl-tRNA synthetase, beta subunit	HIMB1483_01255	-1
HIMB1483-00000000002	1037583	1038464	-	HIMB1483_01255	HIMB1483	293	OG0000870	K01878	glycyl-tRNA synthetase alpha chain [EC:6.1.1.14]	COG0752	GlyQ	Glycyl-tRNA synthetase, alpha subunit	HIMB1483_01255	0
HIMB1483-00000000002	1038454	1039260	-	HIMB1483_01256	HIMB1483	268	OG0000623	K04773	protease IV [EC:3.4.21.-]	COG0616	SppA	Periplasmic serine protease, ClpP class	HIMB1483_01255	1
HIMB1483-00000000002	1039374	1040387	+	HIMB1483_01257	HIMB1483	337	OG0000641	K02523	octaprenyl-diphosphate synthase [EC:2.5.1.90]	COG0142	IspA	Geranylgeranyl pyrophosphate synthase	HIMB1483_01255	2
HIMB1483-00000000002	1040384	1041010	-	HIMB1483_01258	HIMB1483	208	OG0000522	K00275	pyridoxamine 5'-phosphate oxidase [EC:1.4.3.5]	COG0259	PdxH	Pyridoxine/pyridoxamine 5'-phosphate oxidase	HIMB1483_01255	3
HIMB1483-00000000002	1041045	1042127	+	HIMB1483_01259	HIMB1483	360	OG0000279	K01736	chorismate synthase [EC:4.2.3.5]	COG0082	AroC	Chorismate synthase	HIMB1483_01255	4
HIMB1483-00000000002	1042133	1044046	-	HIMB1483_01260	HIMB1483	637	OG0000041	K01662	1-deoxy-D-xylulose-5-phosphate synthase [EC:2.2.1.7]	COG1154	Dxs	Deoxyxylulose-5-phosphate synthase	HIMB1483_01255	5
HIMB1485-00000000002	382708	383532	+	HIMB1485_00900	HIMB1485	274	OG0000361	K03593	ATP-binding protein involved in chromosome partitioning	COG0489	Mrp	Fe-S cluster carrier ATPase, Mrp/ApbC/NBP35 family	HIMB1485_00906	-5
HIMB1485-00000000002	383513	384460	-	HIMB1485_00901	HIMB1485	315	OG0000256	K03465	thymidylate synthase (FAD) [EC:2.1.1.148]	COG1351	ThyX	Thymidylate synthase ThyX, FAD-dependent family	HIMB1485_00906	-4
HIMB1485-00000000002	384764	384970	-	HIMB1485_00903	HIMB1485	68	OG0001534	NA	NA	COG5515	NA	Uncharacterized conserved protein, DUF1737 domain	HIMB1485_00906	-3
HIMB1485-00000000002	384981	387641	-	HIMB1485_00904	HIMB1485	886	OG0000798	K01006	pyruvate, orthophosphate dikinase [EC:2.7.9.1]	COG0574	PpsA	Phosphoenolpyruvate synthase/pyruvate phosphate dikinase	HIMB1485_00906	-2
HIMB1485-00000000002	387641	389707	-	HIMB1485_00905	HIMB1485	688	OG0000882	K01879	glycyl-tRNA synthetase beta chain [EC:6.1.1.14]	COG0751	GlyS	Glycyl-tRNA synthetase, beta subunit	HIMB1485_00906	-1
HIMB1485-00000000002	389707	390603	-	HIMB1485_00906	HIMB1485	298	OG0000870	K01878	glycyl-tRNA synthetase alpha chain [EC:6.1.1.14]	COG0752	GlyQ	Glycyl-tRNA synthetase, alpha subunit	HIMB1485_00906	0
HIMB1485-00000000002	390569	391372	-	HIMB1485_00907	HIMB1485	267	OG0000623	K04773	protease IV [EC:3.4.21.-]	COG0616	SppA	Periplasmic serine protease, ClpP class	HIMB1485_00906	1
HIMB1485-00000000002	391487	392500	+	HIMB1485_00908	HIMB1485	337	OG0000641	K02523	octaprenyl-diphosphate synthase [EC:2.5.1.90]	COG0142	IspA	Geranylgeranyl pyrophosphate synthase	HIMB1485_00906	2
HIMB1485-00000000002	392497	393123	-	HIMB1485_00909	HIMB1485	208	OG0000522	K00275	pyridoxamine 5'-phosphate oxidase [EC:1.4.3.5]	COG0259	PdxH	Pyridoxine/pyridoxamine 5'-phosphate oxidase	HIMB1485_00906	3
HIMB1485-00000000002	393157	394239	+	HIMB1485_00910	HIMB1485	360	OG0000279	K01736	chorismate synthase [EC:4.2.3.5]	COG0082	AroC	Chorismate synthase	HIMB1485_00906	4
HIMB1485-00000000002	394244	396160	-	HIMB1485_00911	HIMB1485	638	OG0000041	K01662	1-deoxy-D-xylulose-5-phosphate synthase [EC:2.2.1.7]	COG1154	Dxs	Deoxyxylulose-5-phosphate synthase	HIMB1485_00906	5
HIMB1488-00000000001	1196577	1197866	+	HIMB1488_01299	HIMB1488	429	OG0001427	NA	NA	NA	NA	NA	HIMB1488_01304	-5
HIMB1488-00000000001	1197856	1199022	+	HIMB1488_01300	HIMB1488	388	OG0002230	NA	NA	NA	NA	NA	HIMB1488_01304	-4
HIMB1488-00000000001	1199024	1199716	+	HIMB1488_01301	HIMB1488	230	OG0000043	NA	NA	COG0463	WcaA	Glycosyltransferase involved in cell wall bisynthesis	HIMB1488_01304	-3
HIMB1488-00000000001	1199720	1202383	-	HIMB1488_01302	HIMB1488	887	OG0000798	K01006	pyruvate, orthophosphate dikinase [EC:2.7.9.1]	COG0574	PpsA	Phosphoenolpyruvate synthase/pyruvate phosphate dikinase	HIMB1488_01304	-2
HIMB1488-00000000001	1202383	1204449	-	HIMB1488_01303	HIMB1488	688	OG0000882	K01879	glycyl-tRNA synthetase beta chain [EC:6.1.1.14]	COG0751	GlyS	Glycyl-tRNA synthetase, beta subunit	HIMB1488_01304	-1
HIMB1488-00000000001	1204449	1205345	-	HIMB1488_01304	HIMB1488	298	OG0000870	K01878	glycyl-tRNA synthetase alpha chain [EC:6.1.1.14]	COG0752	GlyQ	Glycyl-tRNA synthetase, alpha subunit	HIMB1488_01304	0
HIMB1488-00000000001	1205311	1206114	-	HIMB1488_01305	HIMB1488	267	OG0000623	K04773	protease IV [EC:3.4.21.-]	COG0616	SppA	Periplasmic serine protease, ClpP class	HIMB1488_01304	1
HIMB1488-00000000001	1206229	1207242	+	HIMB1488_01306	HIMB1488	337	OG0000641	K02523	octaprenyl-diphosphate synthase [EC:2.5.1.90]	COG0142	IspA	Geranylgeranyl pyrophosphate synthase	HIMB1488_01304	2
HIMB1488-00000000001	1207239	1207865	-	HIMB1488_01307	HIMB1488	208	OG0000522	K00275	pyridoxamine 5'-phosphate oxidase [EC:1.4.3.5]	COG0259	PdxH	Pyridoxine/pyridoxamine 5'-phosphate oxidase	HIMB1488_01304	3
HIMB1488-00000000001	1207899	1208981	+	HIMB1488_01308	HIMB1488	360	OG0000279	K01736	chorismate synthase [EC:4.2.3.5]	COG0082	AroC	Chorismate synthase	HIMB1488_01304	4
HIMB1488-00000000001	1208986	1210902	-	HIMB1488_01309	HIMB1488	638	OG0000041	K01662	1-deoxy-D-xylulose-5-phosphate synthase [EC:2.2.1.7]	COG1154	Dxs	Deoxyxylulose-5-phosphate synthase	HIMB1488_01304	5
HIMB1490-00000000004	74668	75558	-	HIMB1490_00313	HIMB1490	296	OG0001697	NA	NA	COG3128	PiuC	Predicted 2-oxoglutarate- and Fe(II)-dependent dioxygenase YbiX	HIMB1490_00319	-5
HIMB1490-00000000004	75558	76505	-	HIMB1490_00314	HIMB1490	315	OG0000256	K03465	thymidylate synthase (FAD) [EC:2.1.1.148]	COG1351	ThyX	Thymidylate synthase ThyX, FAD-dependent family	HIMB1490_00319	-4
HIMB1490-00000000004	76809	77015	-	HIMB1490_00316	HIMB1490	68	OG0001534	NA	NA	COG5515	NA	Uncharacterized conserved protein, DUF1737 domain	HIMB1490_00319	-3
HIMB1490-00000000004	77026	79686	-	HIMB1490_00317	HIMB1490	886	OG0000798	K01006	pyruvate, orthophosphate dikinase [EC:2.7.9.1]	COG0574	PpsA	Phosphoenolpyruvate synthase/pyruvate phosphate dikinase	HIMB1490_00319	-2
HIMB1490-00000000004	79686	81752	-	HIMB1490_00318	HIMB1490	688	OG0000882	K01879	glycyl-tRNA synthetase beta chain [EC:6.1.1.14]	COG0751	GlyS	Glycyl-tRNA synthetase, beta subunit	HIMB1490_00319	-1
HIMB1490-00000000004	81752	82648	-	HIMB1490_00319	HIMB1490	298	OG0000870	K01878	glycyl-tRNA synthetase alpha chain [EC:6.1.1.14]	COG0752	GlyQ	Glycyl-tRNA synthetase, alpha subunit	HIMB1490_00319	0
HIMB1490-00000000004	82614	83417	-	HIMB1490_00320	HIMB1490	267	OG0000623	K04773	protease IV [EC:3.4.21.-]	COG0616	SppA	Periplasmic serine protease, ClpP class	HIMB1490_00319	1
HIMB1490-00000000004	83532	84545	+	HIMB1490_00321	HIMB1490	337	OG0000641	K02523	octaprenyl-diphosphate synthase [EC:2.5.1.90]	COG0142	IspA	Geranylgeranyl pyrophosphate synthase	HIMB1490_00319	2
HIMB1490-00000000004	84542	85168	-	HIMB1490_00322	HIMB1490	208	OG0000522	K00275	pyridoxamine 5'-phosphate oxidase [EC:1.4.3.5]	COG0259	PdxH	Pyridoxine/pyridoxamine 5'-phosphate oxidase	HIMB1490_00319	3
HIMB1490-00000000004	85202	86284	+	HIMB1490_00323	HIMB1490	360	OG0000279	K01736	chorismate synthase [EC:4.2.3.5]	COG0082	AroC	Chorismate synthase	HIMB1490_00319	4
HIMB1490-00000000004	86289	88205	-	HIMB1490_00324	HIMB1490	638	OG0000041	K01662	1-deoxy-D-xylulose-5-phosphate synthase [EC:2.2.1.7]	COG1154	Dxs	Deoxyxylulose-5-phosphate synthase	HIMB1490_00319	5
HIMB1491-00000000001	711700	713616	+	HIMB1491_00740	HIMB1491	638	OG0000041	K01662	1-deoxy-D-xylulose-5-phosphate synthase [EC:2.2.1.7]	COG1154	Dxs	Deoxyxylulose-5-phosphate synthase	HIMB1491_00745	-5
HIMB1491-00000000001	713621	714703	-	HIMB1491_00741	HIMB1491	360	OG0000279	K01736	chorismate synthase [EC:4.2.3.5]	COG0082	AroC	Chorismate synthase	HIMB1491_00745	-4
HIMB1491-00000000001	714737	715363	+	HIMB1491_00742	HIMB1491	208	OG0000522	K00275	pyridoxamine 5'-phosphate oxidase [EC:1.4.3.5]	COG0259	PdxH	Pyridoxine/pyridoxamine 5'-phosphate oxidase	HIMB1491_00745	-3
HIMB1491-00000000001	715360	716373	-	HIMB1491_00743	HIMB1491	337	OG0000641	K02523	octaprenyl-diphosphate synthase [EC:2.5.1.90]	COG0142	IspA	Geranylgeranyl pyrophosphate synthase	HIMB1491_00745	-2
HIMB1491-00000000001	716488	717291	+	HIMB1491_00744	HIMB1491	267	OG0000623	K04773	protease IV [EC:3.4.21.-]	COG0616	SppA	Periplasmic serine protease, ClpP class	HIMB1491_00745	-1
HIMB1491-00000000001	717257	718153	+	HIMB1491_00745	HIMB1491	298	OG0000870	K01878	glycyl-tRNA synthetase alpha chain [EC:6.1.1.14]	COG0752	GlyQ	Glycyl-tRNA synthetase, alpha subunit	HIMB1491_00745	0
HIMB1491-00000000001	718153	720219	+	HIMB1491_00746	HIMB1491	688	OG0000882	K01879	glycyl-tRNA synthetase beta chain [EC:6.1.1.14]	COG0751	GlyS	Glycyl-tRNA synthetase, beta subunit	HIMB1491_00745	1
HIMB1491-00000000001	720219	722879	+	HIMB1491_00747	HIMB1491	886	OG0000798	K01006	pyruvate, orthophosphate dikinase [EC:2.7.9.1]	COG0574	PpsA	Phosphoenolpyruvate synthase/pyruvate phosphate dikinase	HIMB1491_00745	2
HIMB1491-00000000001	722890	723096	+	HIMB1491_00748	HIMB1491	68	OG0001534	NA	NA	COG5515	NA	Uncharacterized conserved protein, DUF1737 domain	HIMB1491_00745	3
HIMB1491-00000000001	723400	724347	+	HIMB1491_00750	HIMB1491	315	OG0000256	K03465	thymidylate synthase (FAD) [EC:2.1.1.148]	COG1351	ThyX	Thymidylate synthase ThyX, FAD-dependent family	HIMB1491_00745	4
HIMB1491-00000000001	724347	725237	+	HIMB1491_00751	HIMB1491	296	OG0001697	NA	NA	COG3128	PiuC	Predicted 2-oxoglutarate- and Fe(II)-dependent dioxygenase YbiX	HIMB1491_00745	5
HIMB1493-00000000001	36689	38605	+	HIMB1493_00047	HIMB1493	638	OG0000041	K01662	1-deoxy-D-xylulose-5-phosphate synthase [EC:2.2.1.7]	COG1154	Dxs	Deoxyxylulose-5-phosphate synthase	HIMB1493_00052	-5
HIMB1493-00000000001	38610	39692	-	HIMB1493_00048	HIMB1493	360	OG0000279	K01736	chorismate synthase [EC:4.2.3.5]	COG0082	AroC	Chorismate synthase	HIMB1493_00052	-4
HIMB1493-00000000001	39726	40352	+	HIMB1493_00049	HIMB1493	208	OG0000522	K00275	pyridoxamine 5'-phosphate oxidase [EC:1.4.3.5]	COG0259	PdxH	Pyridoxine/pyridoxamine 5'-phosphate oxidase	HIMB1493_00052	-3
HIMB1493-00000000001	40349	41362	-	HIMB1493_00050	HIMB1493	337	OG0000641	K02523	octaprenyl-diphosphate synthase [EC:2.5.1.90]	COG0142	IspA	Geranylgeranyl pyrophosphate synthase	HIMB1493_00052	-2
HIMB1493-00000000001	41477	42280	+	HIMB1493_00051	HIMB1493	267	OG0000623	K04773	protease IV [EC:3.4.21.-]	COG0616	SppA	Periplasmic serine protease, ClpP class	HIMB1493_00052	-1
HIMB1493-00000000001	42246	43142	+	HIMB1493_00052	HIMB1493	298	OG0000870	K01878	glycyl-tRNA synthetase alpha chain [EC:6.1.1.14]	COG0752	GlyQ	Glycyl-tRNA synthetase, alpha subunit	HIMB1493_00052	0
HIMB1493-00000000001	43142	45208	+	HIMB1493_00053	HIMB1493	688	OG0000882	K01879	glycyl-tRNA synthetase beta chain [EC:6.1.1.14]	COG0751	GlyS	Glycyl-tRNA synthetase, beta subunit	HIMB1493_00052	1
HIMB1493-00000000001	45208	47865	+	HIMB1493_00054	HIMB1493	885	OG0000798	K01006	pyruvate, orthophosphate dikinase [EC:2.7.9.1]	COG0574	PpsA	Phosphoenolpyruvate synthase/pyruvate phosphate dikinase	HIMB1493_00052	2
HIMB1493-00000000001	47879	48085	+	HIMB1493_00055	HIMB1493	68	OG0001534	NA	NA	COG5515	NA	Uncharacterized conserved protein, DUF1737 domain	HIMB1493_00052	3
HIMB1493-00000000001	48389	49336	+	HIMB1493_00057	HIMB1493	315	OG0000256	K03465	thymidylate synthase (FAD) [EC:2.1.1.148]	COG1351	ThyX	Thymidylate synthase ThyX, FAD-dependent family	HIMB1493_00052	4
HIMB1493-00000000001	49317	50141	-	HIMB1493_00058	HIMB1493	274	OG0000361	K03593	ATP-binding protein involved in chromosome partitioning	COG0489	Mrp	Fe-S cluster carrier ATPase, Mrp/ApbC/NBP35 family	HIMB1493_00052	5
HIMB1494-00000000002	381764	382588	+	HIMB1494_01507	HIMB1494	274	OG0000361	K03593	ATP-binding protein involved in chromosome partitioning	COG0489	Mrp	Fe-S cluster carrier ATPase, Mrp/ApbC/NBP35 family	HIMB1494_01513	-5
HIMB1494-00000000002	382569	383516	-	HIMB1494_01508	HIMB1494	315	OG0000256	K03465	thymidylate synthase (FAD) [EC:2.1.1.148]	COG1351	ThyX	Thymidylate synthase ThyX, FAD-dependent family	HIMB1494_01513	-4
HIMB1494-00000000002	383820	384026	-	HIMB1494_01510	HIMB1494	68	OG0001534	NA	NA	COG5515	NA	Uncharacterized conserved protein, DUF1737 domain	HIMB1494_01513	-3
HIMB1494-00000000002	384037	386697	-	HIMB1494_01511	HIMB1494	886	OG0000798	K01006	pyruvate, orthophosphate dikinase [EC:2.7.9.1]	COG0574	PpsA	Phosphoenolpyruvate synthase/pyruvate phosphate dikinase	HIMB1494_01513	-2
HIMB1494-00000000002	386697	388763	-	HIMB1494_01512	HIMB1494	688	OG0000882	K01879	glycyl-tRNA synthetase beta chain [EC:6.1.1.14]	COG0751	GlyS	Glycyl-tRNA synthetase, beta subunit	HIMB1494_01513	-1
HIMB1494-00000000002	388763	389659	-	HIMB1494_01513	HIMB1494	298	OG0000870	K01878	glycyl-tRNA synthetase alpha chain [EC:6.1.1.14]	COG0752	GlyQ	Glycyl-tRNA synthetase, alpha subunit	HIMB1494_01513	0
HIMB1494-00000000002	389625	390428	-	HIMB1494_01514	HIMB1494	267	OG0000623	K04773	protease IV [EC:3.4.21.-]	COG0616	SppA	Periplasmic serine protease, ClpP class	HIMB1494_01513	1
HIMB1494-00000000002	390543	391556	+	HIMB1494_01515	HIMB1494	337	OG0000641	K02523	octaprenyl-diphosphate synthase [EC:2.5.1.90]	COG0142	IspA	Geranylgeranyl pyrophosphate synthase	HIMB1494_01513	2
HIMB1494-00000000002	391553	392179	-	HIMB1494_01516	HIMB1494	208	OG0000522	K00275	pyridoxamine 5'-phosphate oxidase [EC:1.4.3.5]	COG0259	PdxH	Pyridoxine/pyridoxamine 5'-phosphate oxidase	HIMB1494_01513	3
HIMB1494-00000000002	392213	393295	+	HIMB1494_01517	HIMB1494	360	OG0000279	K01736	chorismate synthase [EC:4.2.3.5]	COG0082	AroC	Chorismate synthase	HIMB1494_01513	4
HIMB1494-00000000002	393300	395216	-	HIMB1494_01518	HIMB1494	638	OG0000041	K01662	1-deoxy-D-xylulose-5-phosphate synthase [EC:2.2.1.7]	COG1154	Dxs	Deoxyxylulose-5-phosphate synthase	HIMB1494_01513	5
HIMB1495-00000000001	1376349	1377173	+	HIMB1495_01485	HIMB1495	274	OG0000361	K03593	ATP-binding protein involved in chromosome partitioning	COG0489	Mrp	Fe-S cluster carrier ATPase, Mrp/ApbC/NBP35 family	HIMB1495_01491	-5
HIMB1495-00000000001	1377154	1378101	-	HIMB1495_01486	HIMB1495	315	OG0000256	K03465	thymidylate synthase (FAD) [EC:2.1.1.148]	COG1351	ThyX	Thymidylate synthase ThyX, FAD-dependent family	HIMB1495_01491	-4
HIMB1495-00000000001	1378405	1378611	-	HIMB1495_01488	HIMB1495	68	OG0001534	NA	NA	COG5515	NA	Uncharacterized conserved protein, DUF1737 domain	HIMB1495_01491	-3
HIMB1495-00000000001	1378622	1381282	-	HIMB1495_01489	HIMB1495	886	OG0000798	K01006	pyruvate, orthophosphate dikinase [EC:2.7.9.1]	COG0574	PpsA	Phosphoenolpyruvate synthase/pyruvate phosphate dikinase	HIMB1495_01491	-2
HIMB1495-00000000001	1381282	1383348	-	HIMB1495_01490	HIMB1495	688	OG0000882	K01879	glycyl-tRNA synthetase beta chain [EC:6.1.1.14]	COG0751	GlyS	Glycyl-tRNA synthetase, beta subunit	HIMB1495_01491	-1
HIMB1495-00000000001	1383348	1384244	-	HIMB1495_01491	HIMB1495	298	OG0000870	K01878	glycyl-tRNA synthetase alpha chain [EC:6.1.1.14]	COG0752	GlyQ	Glycyl-tRNA synthetase, alpha subunit	HIMB1495_01491	0
HIMB1495-00000000001	1384210	1385013	-	HIMB1495_01492	HIMB1495	267	OG0000623	K04773	protease IV [EC:3.4.21.-]	COG0616	SppA	Periplasmic serine protease, ClpP class	HIMB1495_01491	1
HIMB1495-00000000001	1385128	1386141	+	HIMB1495_01493	HIMB1495	337	OG0000641	K02523	octaprenyl-diphosphate synthase [EC:2.5.1.90]	COG0142	IspA	Geranylgeranyl pyrophosphate synthase	HIMB1495_01491	2
HIMB1495-00000000001	1386138	1386764	-	HIMB1495_01494	HIMB1495	208	OG0000522	K00275	pyridoxamine 5'-phosphate oxidase [EC:1.4.3.5]	COG0259	PdxH	Pyridoxine/pyridoxamine 5'-phosphate oxidase	HIMB1495_01491	3
HIMB1495-00000000001	1386798	1387880	+	HIMB1495_01495	HIMB1495	360	OG0000279	K01736	chorismate synthase [EC:4.2.3.5]	COG0082	AroC	Chorismate synthase	HIMB1495_01491	4
HIMB1495-00000000001	1387885	1389801	-	HIMB1495_01496	HIMB1495	638	OG0000041	K01662	1-deoxy-D-xylulose-5-phosphate synthase [EC:2.2.1.7]	COG1154	Dxs	Deoxyxylulose-5-phosphate synthase	HIMB1495_01491	5
HIMB1505-00000000002	42417	44327	+	HIMB1505_01316	HIMB1505	636	OG0000041	K01662	1-deoxy-D-xylulose-5-phosphate synthase [EC:2.2.1.7]	COG1154	Dxs	Deoxyxylulose-5-phosphate synthase	HIMB1505_01321	-5
HIMB1505-00000000002	44331	45413	-	HIMB1505_01317	HIMB1505	360	OG0000279	K01736	chorismate synthase [EC:4.2.3.5]	COG0082	AroC	Chorismate synthase	HIMB1505_01321	-4
HIMB1505-00000000002	45447	46073	+	HIMB1505_01318	HIMB1505	208	OG0000522	K00275	pyridoxamine 5'-phosphate oxidase [EC:1.4.3.5]	COG0259	PdxH	Pyridoxine/pyridoxamine 5'-phosphate oxidase	HIMB1505_01321	-3
HIMB1505-00000000002	46070	47089	-	HIMB1505_01319	HIMB1505	339	OG0000641	K02523	octaprenyl-diphosphate synthase [EC:2.5.1.90]	COG0142	IspA	Geranylgeranyl pyrophosphate synthase	HIMB1505_01321	-2
HIMB1505-00000000002	47195	48001	+	HIMB1505_01320	HIMB1505	268	OG0000623	K04773	protease IV [EC:3.4.21.-]	COG0616	SppA	Periplasmic serine protease, ClpP class	HIMB1505_01321	-1
HIMB1505-00000000002	47967	48869	+	HIMB1505_01321	HIMB1505	300	OG0000870	K01878	glycyl-tRNA synthetase alpha chain [EC:6.1.1.14]	COG0752	GlyQ	Glycyl-tRNA synthetase, alpha subunit	HIMB1505_01321	0
HIMB1505-00000000002	48875	50947	+	HIMB1505_01322	HIMB1505	690	OG0000882	K01879	glycyl-tRNA synthetase beta chain [EC:6.1.1.14]	COG0751	GlyS	Glycyl-tRNA synthetase, beta subunit	HIMB1505_01321	1
HIMB1505-00000000002	50940	53603	+	HIMB1505_01323	HIMB1505	887	OG0000798	K01006	pyruvate, orthophosphate dikinase [EC:2.7.9.1]	COG0574	PpsA	Phosphoenolpyruvate synthase/pyruvate phosphate dikinase	HIMB1505_01321	2
HIMB1505-00000000002	53912	54928	-	HIMB1505_01324	HIMB1505	338	OG0000008	NA	NA	COG2227	UbiG	2-polyprenyl-3-methyl-5-hydroxy-6-metoxy-1,4-benzoquinol methylase	HIMB1505_01321	3
HIMB1505-00000000002	55213	56283	+	HIMB1505_01326	HIMB1505	356	OG0000256	K03465	thymidylate synthase (FAD) [EC:2.1.1.148]	COG1351	ThyX	Thymidylate synthase ThyX, FAD-dependent family	HIMB1505_01321	4
HIMB1505-00000000002	56264	57088	-	HIMB1505_01327	HIMB1505	274	OG0000361	K03593	ATP-binding protein involved in chromosome partitioning	COG0489	Mrp	Fe-S cluster carrier ATPase, Mrp/ApbC/NBP35 family	HIMB1505_01321	5
HIMB1506-00000000001	64809	66725	+	HIMB1506_00072	HIMB1506	638	OG0000041	K01662	1-deoxy-D-xylulose-5-phosphate synthase [EC:2.2.1.7]	COG1154	Dxs	Deoxyxylulose-5-phosphate synthase	HIMB1506_00077	-5
HIMB1506-00000000001	66730	67812	-	HIMB1506_00073	HIMB1506	360	OG0000279	K01736	chorismate synthase [EC:4.2.3.5]	COG0082	AroC	Chorismate synthase	HIMB1506_00077	-4
HIMB1506-00000000001	67846	68472	+	HIMB1506_00074	HIMB1506	208	OG0000522	K00275	pyridoxamine 5'-phosphate oxidase [EC:1.4.3.5]	COG0259	PdxH	Pyridoxine/pyridoxamine 5'-phosphate oxidase	HIMB1506_00077	-3
HIMB1506-00000000001	68469	69482	-	HIMB1506_00075	HIMB1506	337	OG0000641	K02523	octaprenyl-diphosphate synthase [EC:2.5.1.90]	COG0142	IspA	Geranylgeranyl pyrophosphate synthase	HIMB1506_00077	-2
HIMB1506-00000000001	69597	70400	+	HIMB1506_00076	HIMB1506	267	OG0000623	K04773	protease IV [EC:3.4.21.-]	COG0616	SppA	Periplasmic serine protease, ClpP class	HIMB1506_00077	-1
HIMB1506-00000000001	70366	71262	+	HIMB1506_00077	HIMB1506	298	OG0000870	K01878	glycyl-tRNA synthetase alpha chain [EC:6.1.1.14]	COG0752	GlyQ	Glycyl-tRNA synthetase, alpha subunit	HIMB1506_00077	0
HIMB1506-00000000001	71262	73328	+	HIMB1506_00078	HIMB1506	688	OG0000882	K01879	glycyl-tRNA synthetase beta chain [EC:6.1.1.14]	COG0751	GlyS	Glycyl-tRNA synthetase, beta subunit	HIMB1506_00077	1
HIMB1506-00000000001	73328	75985	+	HIMB1506_00079	HIMB1506	885	OG0000798	K01006	pyruvate, orthophosphate dikinase [EC:2.7.9.1]	COG0574	PpsA	Phosphoenolpyruvate synthase/pyruvate phosphate dikinase	HIMB1506_00077	2
HIMB1506-00000000001	75994	76686	-	HIMB1506_00080	HIMB1506	230	OG0000043	NA	NA	COG0463	WcaA	Glycosyltransferase involved in cell wall bisynthesis	HIMB1506_00077	3
HIMB1506-00000000001	76710	77975	-	HIMB1506_00081	HIMB1506	421	OG0001427	NA	NA	NA	NA	NA	HIMB1506_00077	4
HIMB1506-00000000001	77968	79170	-	HIMB1506_00082	HIMB1506	400	OG0002230	NA	NA	NA	NA	NA	HIMB1506_00077	5
HIMB1507-00000000001	735853	737769	+	HIMB1507_00761	HIMB1507	638	OG0000041	K01662	1-deoxy-D-xylulose-5-phosphate synthase [EC:2.2.1.7]	COG1154	Dxs	Deoxyxylulose-5-phosphate synthase	HIMB1507_00766	-5
HIMB1507-00000000001	737774	738856	-	HIMB1507_00762	HIMB1507	360	OG0000279	K01736	chorismate synthase [EC:4.2.3.5]	COG0082	AroC	Chorismate synthase	HIMB1507_00766	-4
HIMB1507-00000000001	738890	739516	+	HIMB1507_00763	HIMB1507	208	OG0000522	K00275	pyridoxamine 5'-phosphate oxidase [EC:1.4.3.5]	COG0259	PdxH	Pyridoxine/pyridoxamine 5'-phosphate oxidase	HIMB1507_00766	-3
HIMB1507-00000000001	739513	740526	-	HIMB1507_00764	HIMB1507	337	OG0000641	K02523	octaprenyl-diphosphate synthase [EC:2.5.1.90]	COG0142	IspA	Geranylgeranyl pyrophosphate synthase	HIMB1507_00766	-2
HIMB1507-00000000001	740641	741444	+	HIMB1507_00765	HIMB1507	267	OG0000623	K04773	protease IV [EC:3.4.21.-]	COG0616	SppA	Periplasmic serine protease, ClpP class	HIMB1507_00766	-1
HIMB1507-00000000001	741410	742306	+	HIMB1507_00766	HIMB1507	298	OG0000870	K01878	glycyl-tRNA synthetase alpha chain [EC:6.1.1.14]	COG0752	GlyQ	Glycyl-tRNA synthetase, alpha subunit	HIMB1507_00766	0
HIMB1507-00000000001	742306	744372	+	HIMB1507_00767	HIMB1507	688	OG0000882	K01879	glycyl-tRNA synthetase beta chain [EC:6.1.1.14]	COG0751	GlyS	Glycyl-tRNA synthetase, beta subunit	HIMB1507_00766	1
HIMB1507-00000000001	744372	747032	+	HIMB1507_00768	HIMB1507	886	OG0000798	K01006	pyruvate, orthophosphate dikinase [EC:2.7.9.1]	COG0574	PpsA	Phosphoenolpyruvate synthase/pyruvate phosphate dikinase	HIMB1507_00766	2
HIMB1507-00000000001	747043	747249	+	HIMB1507_00769	HIMB1507	68	OG0001534	NA	NA	COG5515	NA	Uncharacterized conserved protein, DUF1737 domain	HIMB1507_00766	3
HIMB1507-00000000001	747401	749881	+	HIMB1507_00770	HIMB1507	826	OG0001665	K01153	type I restriction enzyme, R subunit [EC:3.1.21.3]	COG4096	HsdR	Type I site-specific restriction endonuclease, part of a restriction-modification system	HIMB1507_00766	4
HIMB1507-00000000001	749874	752345	+	HIMB1507_00771	HIMB1507	823	OG0001393	K03427	type I restriction enzyme M protein [EC:2.1.1.72]	COG0286	HsdM	Type I restriction-modification system, DNA methylase subunit	HIMB1507_00766	5
HIMB1509-00000000001	1367269	1368579	+	HIMB1509_01478	HIMB1509	436	OG0001354	NA	NA	NA	NA	NA	HIMB1509_01483	-5
HIMB1509-00000000001	1368576	1369571	-	HIMB1509_01479	HIMB1509	331	OG0000037	NA	NA	COG0451	WcaG	Nucleoside-diphosphate-sugar epimerase	HIMB1509_01483	-4
HIMB1509-00000000001	1369568	1370266	-	HIMB1509_01480	HIMB1509	232	OG0000043	NA	NA	COG0463	WcaA	Glycosyltransferase involved in cell wall bisynthesis	HIMB1509_01483	-3
HIMB1509-00000000001	1370333	1373005	-	HIMB1509_01481	HIMB1509	890	OG0000798	K01006	pyruvate, orthophosphate dikinase [EC:2.7.9.1]	COG0574	PpsA	Phosphoenolpyruvate synthase/pyruvate phosphate dikinase	HIMB1509_01483	-2
HIMB1509-00000000001	1373005	1375071	-	HIMB1509_01482	HIMB1509	688	OG0000882	K01879	glycyl-tRNA synthetase beta chain [EC:6.1.1.14]	COG0751	GlyS	Glycyl-tRNA synthetase, beta subunit	HIMB1509_01483	-1
HIMB1509-00000000001	1375071	1375967	-	HIMB1509_01483	HIMB1509	298	OG0000870	K01878	glycyl-tRNA synthetase alpha chain [EC:6.1.1.14]	COG0752	GlyQ	Glycyl-tRNA synthetase, alpha subunit	HIMB1509_01483	0
HIMB1509-00000000001	1375933	1376736	-	HIMB1509_01484	HIMB1509	267	OG0000623	K04773	protease IV [EC:3.4.21.-]	COG0616	SppA	Periplasmic serine protease, ClpP class	HIMB1509_01483	1
HIMB1509-00000000001	1376851	1377864	+	HIMB1509_01485	HIMB1509	337	OG0000641	K02523	octaprenyl-diphosphate synthase [EC:2.5.1.90]	COG0142	IspA	Geranylgeranyl pyrophosphate synthase	HIMB1509_01483	2
HIMB1509-00000000001	1377861	1378487	-	HIMB1509_01486	HIMB1509	208	OG0000522	K00275	pyridoxamine 5'-phosphate oxidase [EC:1.4.3.5]	COG0259	PdxH	Pyridoxine/pyridoxamine 5'-phosphate oxidase	HIMB1509_01483	3
HIMB1509-00000000001	1378521	1379603	+	HIMB1509_01487	HIMB1509	360	OG0000279	K01736	chorismate synthase [EC:4.2.3.5]	COG0082	AroC	Chorismate synthase	HIMB1509_01483	4
HIMB1509-00000000001	1379608	1381524	-	HIMB1509_01488	HIMB1509	638	OG0000041	K01662	1-deoxy-D-xylulose-5-phosphate synthase [EC:2.2.1.7]	COG1154	Dxs	Deoxyxylulose-5-phosphate synthase	HIMB1509_01483	5
HIMB1513-00000000001	728611	730527	+	HIMB1513_00755	HIMB1513	638	OG0000041	K01662	1-deoxy-D-xylulose-5-phosphate synthase [EC:2.2.1.7]	COG1154	Dxs	Deoxyxylulose-5-phosphate synthase	HIMB1513_00760	-5
HIMB1513-00000000001	730532	731614	-	HIMB1513_00756	HIMB1513	360	OG0000279	K01736	chorismate synthase [EC:4.2.3.5]	COG0082	AroC	Chorismate synthase	HIMB1513_00760	-4
HIMB1513-00000000001	731648	732274	+	HIMB1513_00757	HIMB1513	208	OG0000522	K00275	pyridoxamine 5'-phosphate oxidase [EC:1.4.3.5]	COG0259	PdxH	Pyridoxine/pyridoxamine 5'-phosphate oxidase	HIMB1513_00760	-3
HIMB1513-00000000001	732271	733284	-	HIMB1513_00758	HIMB1513	337	OG0000641	K02523	octaprenyl-diphosphate synthase [EC:2.5.1.90]	COG0142	IspA	Geranylgeranyl pyrophosphate synthase	HIMB1513_00760	-2
HIMB1513-00000000001	733399	734202	+	HIMB1513_00759	HIMB1513	267	OG0000623	K04773	protease IV [EC:3.4.21.-]	COG0616	SppA	Periplasmic serine protease, ClpP class	HIMB1513_00760	-1
HIMB1513-00000000001	734168	735064	+	HIMB1513_00760	HIMB1513	298	OG0000870	K01878	glycyl-tRNA synthetase alpha chain [EC:6.1.1.14]	COG0752	GlyQ	Glycyl-tRNA synthetase, alpha subunit	HIMB1513_00760	0
HIMB1513-00000000001	735064	737130	+	HIMB1513_00761	HIMB1513	688	OG0000882	K01879	glycyl-tRNA synthetase beta chain [EC:6.1.1.14]	COG0751	GlyS	Glycyl-tRNA synthetase, beta subunit	HIMB1513_00760	1
HIMB1513-00000000001	737130	739790	+	HIMB1513_00762	HIMB1513	886	OG0000798	K01006	pyruvate, orthophosphate dikinase [EC:2.7.9.1]	COG0574	PpsA	Phosphoenolpyruvate synthase/pyruvate phosphate dikinase	HIMB1513_00760	2
HIMB1513-00000000001	739802	740008	+	HIMB1513_00763	HIMB1513	68	OG0001534	NA	NA	COG5515	NA	Uncharacterized conserved protein, DUF1737 domain	HIMB1513_00760	3
HIMB1513-00000000001	740311	741258	+	HIMB1513_00765	HIMB1513	315	OG0000256	K03465	thymidylate synthase (FAD) [EC:2.1.1.148]	COG1351	ThyX	Thymidylate synthase ThyX, FAD-dependent family	HIMB1513_00760	4
HIMB1513-00000000001	741239	742063	-	HIMB1513_00766	HIMB1513	274	OG0000361	K03593	ATP-binding protein involved in chromosome partitioning	COG0489	Mrp	Fe-S cluster carrier ATPase, Mrp/ApbC/NBP35 family	HIMB1513_00760	5
HIMB1517-00000000005	96137	98998	+	HIMB1517_00732	HIMB1517	953	OG0000957	K00281	glycine dehydrogenase [EC:1.4.4.2]	COG1003	GcvP2	Glycine cleavage system protein P (pyridoxal-binding), C-terminal domain	HIMB1517_00737	-5
HIMB1517-00000000005	98998	99159	+	HIMB1517_00733	HIMB1517	53	OG0002735	NA	NA	NA	NA	NA	HIMB1517_00737	-4
HIMB1517-00000000005	99159	99638	+	HIMB1517_00734	HIMB1517	159	OG0000984	K05770	translocator protein	COG3476	TspO	Tryptophan-rich sensory protein TspO/CrtK (mitochondrial benzodiazepine receptor homolog)	HIMB1517_00737	-3
HIMB1517-00000000005	99631	100644	-	HIMB1517_00735	HIMB1517	337	OG0000641	K02523	octaprenyl-diphosphate synthase [EC:2.5.1.90]	COG0142	IspA	Geranylgeranyl pyrophosphate synthase	HIMB1517_00737	-2
HIMB1517-00000000005	100751	101557	+	HIMB1517_00736	HIMB1517	268	OG0000623	K04773	protease IV [EC:3.4.21.-]	COG0616	SppA	Periplasmic serine protease, ClpP class	HIMB1517_00737	-1
HIMB1517-00000000005	101554	102489	+	HIMB1517_00737	HIMB1517	311	OG0000870	K01878	glycyl-tRNA synthetase alpha chain [EC:6.1.1.14]	COG0752	GlyQ	Glycyl-tRNA synthetase, alpha subunit	HIMB1517_00737	0
HIMB1517-00000000005	102489	104552	+	HIMB1517_00738	HIMB1517	687	OG0000882	K01879	glycyl-tRNA synthetase beta chain [EC:6.1.1.14]	COG0751	GlyS	Glycyl-tRNA synthetase, beta subunit	HIMB1517_00737	1
HIMB1517-00000000005	104555	107221	+	HIMB1517_00739	HIMB1517	888	OG0000798	K01006	pyruvate, orthophosphate dikinase [EC:2.7.9.1]	COG0574	PpsA	Phosphoenolpyruvate synthase/pyruvate phosphate dikinase	HIMB1517_00737	2
HIMB1517-00000000005	107222	108049	-	HIMB1517_00740	HIMB1517	275	OG0000370	NA	NA	COG0157	NadC	Nicotinate-nucleotide pyrophosphorylase	HIMB1517_00737	3
HIMB1517-00000000005	108055	109056	-	HIMB1517_00741	HIMB1517	333	OG0000316	K03517	quinolinate synthase [EC:2.5.1.72]	COG0379	NadA	Quinolinate synthase	HIMB1517_00737	4
HIMB1517-00000000005	109220	109516	-	HIMB1517_00743	HIMB1517	98	OG0000660	NA	NA	COG0354	YgfZ	Folate-binding protein YgfZ, synthesis and repair of Fe-S clusters, tRNA thiomethylation	HIMB1517_00737	5
HIMB1518-00000000001	192140	194056	+	HIMB1518_00202	HIMB1518	638	OG0000041	K01662	1-deoxy-D-xylulose-5-phosphate synthase [EC:2.2.1.7]	COG1154	Dxs	Deoxyxylulose-5-phosphate synthase	HIMB1518_00207	-5
HIMB1518-00000000001	194061	195143	-	HIMB1518_00203	HIMB1518	360	OG0000279	K01736	chorismate synthase [EC:4.2.3.5]	COG0082	AroC	Chorismate synthase	HIMB1518_00207	-4
HIMB1518-00000000001	195177	195803	+	HIMB1518_00204	HIMB1518	208	OG0000522	K00275	pyridoxamine 5'-phosphate oxidase [EC:1.4.3.5]	COG0259	PdxH	Pyridoxine/pyridoxamine 5'-phosphate oxidase	HIMB1518_00207	-3
HIMB1518-00000000001	195800	196813	-	HIMB1518_00205	HIMB1518	337	OG0000641	K02523	octaprenyl-diphosphate synthase [EC:2.5.1.90]	COG0142	IspA	Geranylgeranyl pyrophosphate synthase	HIMB1518_00207	-2
HIMB1518-00000000001	196928	197731	+	HIMB1518_00206	HIMB1518	267	OG0000623	K04773	protease IV [EC:3.4.21.-]	COG0616	SppA	Periplasmic serine protease, ClpP class	HIMB1518_00207	-1
HIMB1518-00000000001	197697	198593	+	HIMB1518_00207	HIMB1518	298	OG0000870	K01878	glycyl-tRNA synthetase alpha chain [EC:6.1.1.14]	COG0752	GlyQ	Glycyl-tRNA synthetase, alpha subunit	HIMB1518_00207	0
HIMB1518-00000000001	198593	200659	+	HIMB1518_00208	HIMB1518	688	OG0000882	K01879	glycyl-tRNA synthetase beta chain [EC:6.1.1.14]	COG0751	GlyS	Glycyl-tRNA synthetase, beta subunit	HIMB1518_00207	1
HIMB1518-00000000001	200659	203316	+	HIMB1518_00209	HIMB1518	885	OG0000798	K01006	pyruvate, orthophosphate dikinase [EC:2.7.9.1]	COG0574	PpsA	Phosphoenolpyruvate synthase/pyruvate phosphate dikinase	HIMB1518_00207	2
HIMB1518-00000000001	203330	203536	+	HIMB1518_00210	HIMB1518	68	OG0001534	NA	NA	COG5515	NA	Uncharacterized conserved protein, DUF1737 domain	HIMB1518_00207	3
HIMB1518-00000000001	203840	204787	+	HIMB1518_00212	HIMB1518	315	OG0000256	K03465	thymidylate synthase (FAD) [EC:2.1.1.148]	COG1351	ThyX	Thymidylate synthase ThyX, FAD-dependent family	HIMB1518_00207	4
HIMB1518-00000000001	204768	205592	-	HIMB1518_00213	HIMB1518	274	OG0000361	K03593	ATP-binding protein involved in chromosome partitioning	COG0489	Mrp	Fe-S cluster carrier ATPase, Mrp/ApbC/NBP35 family	HIMB1518_00207	5
HIMB1520-00000000001	1122905	1124818	+	HIMB1520_01225	HIMB1520	637	OG0000041	K01662	1-deoxy-D-xylulose-5-phosphate synthase [EC:2.2.1.7]	COG1154	Dxs	Deoxyxylulose-5-phosphate synthase	HIMB1520_01230	-5
HIMB1520-00000000001	1124820	1125902	-	HIMB1520_01226	HIMB1520	360	OG0000279	K01736	chorismate synthase [EC:4.2.3.5]	COG0082	AroC	Chorismate synthase	HIMB1520_01230	-4
HIMB1520-00000000001	1125936	1126562	+	HIMB1520_01227	HIMB1520	208	OG0000522	K00275	pyridoxamine 5'-phosphate oxidase [EC:1.4.3.5]	COG0259	PdxH	Pyridoxine/pyridoxamine 5'-phosphate oxidase	HIMB1520_01230	-3
HIMB1520-00000000001	1126559	1127572	-	HIMB1520_01228	HIMB1520	337	OG0000641	K02523	octaprenyl-diphosphate synthase [EC:2.5.1.90]	COG0142	IspA	Geranylgeranyl pyrophosphate synthase	HIMB1520_01230	-2
HIMB1520-00000000001	1127691	1128497	+	HIMB1520_01229	HIMB1520	268	OG0000623	K04773	protease IV [EC:3.4.21.-]	COG0616	SppA	Periplasmic serine protease, ClpP class	HIMB1520_01230	-1
HIMB1520-00000000001	1128487	1129365	+	HIMB1520_01230	HIMB1520	292	OG0000870	K01878	glycyl-tRNA synthetase alpha chain [EC:6.1.1.14]	COG0752	GlyQ	Glycyl-tRNA synthetase, alpha subunit	HIMB1520_01230	0
HIMB1520-00000000001	1129368	1131434	+	HIMB1520_01231	HIMB1520	688	OG0000882	K01879	glycyl-tRNA synthetase beta chain [EC:6.1.1.14]	COG0751	GlyS	Glycyl-tRNA synthetase, beta subunit	HIMB1520_01230	1
HIMB1520-00000000001	1131431	1134094	+	HIMB1520_01232	HIMB1520	887	OG0000798	K01006	pyruvate, orthophosphate dikinase [EC:2.7.9.1]	COG0574	PpsA	Phosphoenolpyruvate synthase/pyruvate phosphate dikinase	HIMB1520_01230	2
HIMB1520-00000000001	1134097	1134930	-	HIMB1520_01233	HIMB1520	277	OG0000370	K00767	nicotinate-nucleotide pyrophosphorylase (carboxylating) [EC:2.4.2.19]	COG0157	NadC	Nicotinate-nucleotide pyrophosphorylase	HIMB1520_01230	3
HIMB1520-00000000001	1134937	1135926	-	HIMB1520_01234	HIMB1520	329	OG0000316	K03517	quinolinate synthase [EC:2.5.1.72]	COG0379	NadA	Quinolinate synthase	HIMB1520_01230	4
HIMB1520-00000000001	1136403	1137707	+	HIMB1520_01237	HIMB1520	434	OG0002272	NA	NA	NA	NA	NA	HIMB1520_01230	5
HIMB1521-00000000003	35301	37217	+	HIMB1521_00314	HIMB1521	638	OG0000041	K01662	1-deoxy-D-xylulose-5-phosphate synthase [EC:2.2.1.7]	COG1154	Dxs	Deoxyxylulose-5-phosphate synthase	HIMB1521_00319	-5
HIMB1521-00000000003	37222	38304	-	HIMB1521_00315	HIMB1521	360	OG0000279	K01736	chorismate synthase [EC:4.2.3.5]	COG0082	AroC	Chorismate synthase	HIMB1521_00319	-4
HIMB1521-00000000003	38338	38964	+	HIMB1521_00316	HIMB1521	208	OG0000522	K00275	pyridoxamine 5'-phosphate oxidase [EC:1.4.3.5]	COG0259	PdxH	Pyridoxine/pyridoxamine 5'-phosphate oxidase	HIMB1521_00319	-3
HIMB1521-00000000003	38961	39974	-	HIMB1521_00317	HIMB1521	337	OG0000641	K02523	octaprenyl-diphosphate synthase [EC:2.5.1.90]	COG0142	IspA	Geranylgeranyl pyrophosphate synthase	HIMB1521_00319	-2
HIMB1521-00000000003	40089	40892	+	HIMB1521_00318	HIMB1521	267	OG0000623	K04773	protease IV [EC:3.4.21.-]	COG0616	SppA	Periplasmic serine protease, ClpP class	HIMB1521_00319	-1
HIMB1521-00000000003	40858	41754	+	HIMB1521_00319	HIMB1521	298	OG0000870	K01878	glycyl-tRNA synthetase alpha chain [EC:6.1.1.14]	COG0752	GlyQ	Glycyl-tRNA synthetase, alpha subunit	HIMB1521_00319	0
HIMB1521-00000000003	41754	43820	+	HIMB1521_00320	HIMB1521	688	OG0000882	K01879	glycyl-tRNA synthetase beta chain [EC:6.1.1.14]	COG0751	GlyS	Glycyl-tRNA synthetase, beta subunit	HIMB1521_00319	1
HIMB1521-00000000003	43820	46480	+	HIMB1521_00321	HIMB1521	886	OG0000798	K01006	pyruvate, orthophosphate dikinase [EC:2.7.9.1]	COG0574	PpsA	Phosphoenolpyruvate synthase/pyruvate phosphate dikinase	HIMB1521_00319	2
HIMB1521-00000000003	46492	46698	+	HIMB1521_00322	HIMB1521	68	OG0001534	NA	NA	COG5515	NA	Uncharacterized conserved protein, DUF1737 domain	HIMB1521_00319	3
HIMB1521-00000000003	47001	47948	+	HIMB1521_00324	HIMB1521	315	OG0000256	K03465	thymidylate synthase (FAD) [EC:2.1.1.148]	COG1351	ThyX	Thymidylate synthase ThyX, FAD-dependent family	HIMB1521_00319	4
HIMB1521-00000000003	47929	48753	-	HIMB1521_00325	HIMB1521	274	OG0000361	K03593	ATP-binding protein involved in chromosome partitioning	COG0489	Mrp	Fe-S cluster carrier ATPase, Mrp/ApbC/NBP35 family	HIMB1521_00319	5
HIMB1526-00000000001	1210207	1211031	+	HIMB1526_01292	HIMB1526	274	OG0000361	K03593	ATP-binding protein involved in chromosome partitioning	COG0489	Mrp	Fe-S cluster carrier ATPase, Mrp/ApbC/NBP35 family	HIMB1526_01298	-5
HIMB1526-00000000001	1211012	1211959	-	HIMB1526_01293	HIMB1526	315	OG0000256	K03465	thymidylate synthase (FAD) [EC:2.1.1.148]	COG1351	ThyX	Thymidylate synthase ThyX, FAD-dependent family	HIMB1526_01298	-4
HIMB1526-00000000001	1212263	1212469	-	HIMB1526_01295	HIMB1526	68	OG0001534	NA	NA	COG5515	NA	Uncharacterized conserved protein, DUF1737 domain	HIMB1526_01298	-3
HIMB1526-00000000001	1212480	1215140	-	HIMB1526_01296	HIMB1526	886	OG0000798	K01006	pyruvate, orthophosphate dikinase [EC:2.7.9.1]	COG0574	PpsA	Phosphoenolpyruvate synthase/pyruvate phosphate dikinase	HIMB1526_01298	-2
HIMB1526-00000000001	1215140	1217206	-	HIMB1526_01297	HIMB1526	688	OG0000882	K01879	glycyl-tRNA synthetase beta chain [EC:6.1.1.14]	COG0751	GlyS	Glycyl-tRNA synthetase, beta subunit	HIMB1526_01298	-1
HIMB1526-00000000001	1217206	1218102	-	HIMB1526_01298	HIMB1526	298	OG0000870	K01878	glycyl-tRNA synthetase alpha chain [EC:6.1.1.14]	COG0752	GlyQ	Glycyl-tRNA synthetase, alpha subunit	HIMB1526_01298	0
HIMB1526-00000000001	1218068	1218871	-	HIMB1526_01299	HIMB1526	267	OG0000623	K04773	protease IV [EC:3.4.21.-]	COG0616	SppA	Periplasmic serine protease, ClpP class	HIMB1526_01298	1
HIMB1526-00000000001	1218986	1219999	+	HIMB1526_01300	HIMB1526	337	OG0000641	K02523	octaprenyl-diphosphate synthase [EC:2.5.1.90]	COG0142	IspA	Geranylgeranyl pyrophosphate synthase	HIMB1526_01298	2
HIMB1526-00000000001	1219996	1220622	-	HIMB1526_01301	HIMB1526	208	OG0000522	K00275	pyridoxamine 5'-phosphate oxidase [EC:1.4.3.5]	COG0259	PdxH	Pyridoxine/pyridoxamine 5'-phosphate oxidase	HIMB1526_01298	3
HIMB1526-00000000001	1220656	1221738	+	HIMB1526_01302	HIMB1526	360	OG0000279	K01736	chorismate synthase [EC:4.2.3.5]	COG0082	AroC	Chorismate synthase	HIMB1526_01298	4
HIMB1526-00000000001	1221743	1223659	-	HIMB1526_01303	HIMB1526	638	OG0000041	K01662	1-deoxy-D-xylulose-5-phosphate synthase [EC:2.2.1.7]	COG1154	Dxs	Deoxyxylulose-5-phosphate synthase	HIMB1526_01298	5
HIMB1527-00000000002	666395	667198	-	HIMB1527_01340	HIMB1527	267	OG0000028	NA	NA	NA	NA	NA	HIMB1527_01345	-5
HIMB1527-00000000002	667286	669175	-	HIMB1527_01341	HIMB1527	629	OG0003033	NA	NA	COG3055	NanM	N-acetylneuraminic acid mutarotase	HIMB1527_01345	-4
HIMB1527-00000000002	669300	670658	+	HIMB1527_01342	HIMB1527	452	OG0001596	K14952	UDP-MurNAc hydroxylase	COG2220	UlaG	L-ascorbate lactonase UlaG, metallo-beta-lactamase superfamily	HIMB1527_01345	-3
HIMB1527-00000000002	670758	673427	-	HIMB1527_01343	HIMB1527	889	OG0000798	K01006	pyruvate, orthophosphate dikinase [EC:2.7.9.1]	COG0574	PpsA	Phosphoenolpyruvate synthase/pyruvate phosphate dikinase	HIMB1527_01345	-2
HIMB1527-00000000002	673414	675486	-	HIMB1527_01344	HIMB1527	690	OG0000882	K01879	glycyl-tRNA synthetase beta chain [EC:6.1.1.14]	COG0751	GlyS	Glycyl-tRNA synthetase, beta subunit	HIMB1527_01345	-1
HIMB1527-00000000002	675488	676393	-	HIMB1527_01345	HIMB1527	301	OG0000870	K01878	glycyl-tRNA synthetase alpha chain [EC:6.1.1.14]	COG0752	GlyQ	Glycyl-tRNA synthetase, alpha subunit	HIMB1527_01345	0
HIMB1527-00000000002	676359	677165	-	HIMB1527_01346	HIMB1527	268	OG0000623	K04773	protease IV [EC:3.4.21.-]	COG0616	SppA	Periplasmic serine protease, ClpP class	HIMB1527_01345	1
HIMB1527-00000000002	677271	678290	+	HIMB1527_01347	HIMB1527	339	OG0000641	K02523	octaprenyl-diphosphate synthase [EC:2.5.1.90]	COG0142	IspA	Geranylgeranyl pyrophosphate synthase	HIMB1527_01345	2
HIMB1527-00000000002	678287	678913	-	HIMB1527_01348	HIMB1527	208	OG0000522	K00275	pyridoxamine 5'-phosphate oxidase [EC:1.4.3.5]	COG0259	PdxH	Pyridoxine/pyridoxamine 5'-phosphate oxidase	HIMB1527_01345	3
HIMB1527-00000000002	678947	680029	+	HIMB1527_01349	HIMB1527	360	OG0000279	K01736	chorismate synthase [EC:4.2.3.5]	COG0082	AroC	Chorismate synthase	HIMB1527_01345	4
HIMB1527-00000000002	680033	681943	-	HIMB1527_01350	HIMB1527	636	OG0000041	K01662	1-deoxy-D-xylulose-5-phosphate synthase [EC:2.2.1.7]	COG1154	Dxs	Deoxyxylulose-5-phosphate synthase	HIMB1527_01345	5
HIMB1542-00000000001	79508	81424	+	HIMB1542_00089	HIMB1542	638	OG0000041	K01662	1-deoxy-D-xylulose-5-phosphate synthase [EC:2.2.1.7]	COG1154	Dxs	Deoxyxylulose-5-phosphate synthase	HIMB1542_00094	-5
HIMB1542-00000000001	81429	82511	-	HIMB1542_00090	HIMB1542	360	OG0000279	K01736	chorismate synthase [EC:4.2.3.5]	COG0082	AroC	Chorismate synthase	HIMB1542_00094	-4
HIMB1542-00000000001	82545	83171	+	HIMB1542_00091	HIMB1542	208	OG0000522	K00275	pyridoxamine 5'-phosphate oxidase [EC:1.4.3.5]	COG0259	PdxH	Pyridoxine/pyridoxamine 5'-phosphate oxidase	HIMB1542_00094	-3
HIMB1542-00000000001	83168	84181	-	HIMB1542_00092	HIMB1542	337	OG0000641	K02523	octaprenyl-diphosphate synthase [EC:2.5.1.90]	COG0142	IspA	Geranylgeranyl pyrophosphate synthase	HIMB1542_00094	-2
HIMB1542-00000000001	84296	85099	+	HIMB1542_00093	HIMB1542	267	OG0000623	K04773	protease IV [EC:3.4.21.-]	COG0616	SppA	Periplasmic serine protease, ClpP class	HIMB1542_00094	-1
HIMB1542-00000000001	85065	85961	+	HIMB1542_00094	HIMB1542	298	OG0000870	K01878	glycyl-tRNA synthetase alpha chain [EC:6.1.1.14]	COG0752	GlyQ	Glycyl-tRNA synthetase, alpha subunit	HIMB1542_00094	0
HIMB1542-00000000001	85961	88027	+	HIMB1542_00095	HIMB1542	688	OG0000882	K01879	glycyl-tRNA synthetase beta chain [EC:6.1.1.14]	COG0751	GlyS	Glycyl-tRNA synthetase, beta subunit	HIMB1542_00094	1
HIMB1542-00000000001	88027	90687	+	HIMB1542_00096	HIMB1542	886	OG0000798	K01006	pyruvate, orthophosphate dikinase [EC:2.7.9.1]	COG0574	PpsA	Phosphoenolpyruvate synthase/pyruvate phosphate dikinase	HIMB1542_00094	2
HIMB1542-00000000001	90701	90907	+	HIMB1542_00097	HIMB1542	68	OG0001534	NA	NA	COG5515	NA	Uncharacterized conserved protein, DUF1737 domain	HIMB1542_00094	3
HIMB1542-00000000001	91119	91964	+	HIMB1542_00098	HIMB1542	281	OG0000088	NA	NA	COG0726	PgaB	Peptidoglycan/xylan/chitin deacetylase, PgdA/NodB/CDA1 family	HIMB1542_00094	4
HIMB1542-00000000001	91973	92758	+	HIMB1542_00099	HIMB1542	261	OG0000035	NA	NA	COG0223	Fmt	Methionyl-tRNA formyltransferase	HIMB1542_00094	5
HIMB1549-00000000001	1321869	1323779	+	HIMB1549_01413	HIMB1549	636	OG0000041	K01662	1-deoxy-D-xylulose-5-phosphate synthase [EC:2.2.1.7]	COG1154	Dxs	Deoxyxylulose-5-phosphate synthase	HIMB1549_01418	-5
HIMB1549-00000000001	1323783	1324865	-	HIMB1549_01414	HIMB1549	360	OG0000279	K01736	chorismate synthase [EC:4.2.3.5]	COG0082	AroC	Chorismate synthase	HIMB1549_01418	-4
HIMB1549-00000000001	1324899	1325525	+	HIMB1549_01415	HIMB1549	208	OG0000522	K00275	pyridoxamine 5'-phosphate oxidase [EC:1.4.3.5]	COG0259	PdxH	Pyridoxine/pyridoxamine 5'-phosphate oxidase	HIMB1549_01418	-3
HIMB1549-00000000001	1325522	1326535	-	HIMB1549_01416	HIMB1549	337	OG0000641	K02523	octaprenyl-diphosphate synthase [EC:2.5.1.90]	COG0142	IspA	Geranylgeranyl pyrophosphate synthase	HIMB1549_01418	-2
HIMB1549-00000000001	1326647	1327453	+	HIMB1549_01417	HIMB1549	268	OG0000623	K04773	protease IV [EC:3.4.21.-]	COG0616	SppA	Periplasmic serine protease, ClpP class	HIMB1549_01418	-1
HIMB1549-00000000001	1327419	1328324	+	HIMB1549_01418	HIMB1549	301	OG0000870	K01878	glycyl-tRNA synthetase alpha chain [EC:6.1.1.14]	COG0752	GlyQ	Glycyl-tRNA synthetase, alpha subunit	HIMB1549_01418	0
HIMB1549-00000000001	1328330	1330402	+	HIMB1549_01419	HIMB1549	690	OG0000882	K01879	glycyl-tRNA synthetase beta chain [EC:6.1.1.14]	COG0751	GlyS	Glycyl-tRNA synthetase, beta subunit	HIMB1549_01418	1
HIMB1549-00000000001	1330389	1333058	+	HIMB1549_01420	HIMB1549	889	OG0000798	K01006	pyruvate, orthophosphate dikinase [EC:2.7.9.1]	COG0574	PpsA	Phosphoenolpyruvate synthase/pyruvate phosphate dikinase	HIMB1549_01418	2
HIMB1549-00000000001	1333127	1334197	+	HIMB1549_01421	HIMB1549	356	OG0001337	K16568	exopolysaccharide production protein ExoZ	COG1835	OafA	Peptidoglycan/LPS O-acetylase OafA/YrhL, contains acyltransferase and SGNH-hydrolase domains	HIMB1549_01418	3
HIMB1549-00000000001	1334221	1335090	+	HIMB1549_01422	HIMB1549	289	OG0001337	NA	NA	NA	NA	NA	HIMB1549_01418	4
HIMB1549-00000000001	1335318	1335728	-	HIMB1549_01423	HIMB1549	136	OG0000190	K04077	chaperonin GroEL [EC:5.6.1.7]	COG0459	GroEL	Chaperonin GroEL (HSP60 family)	HIMB1549_01418	5
HIMB1552-00000000001	760570	761394	+	HIMB1552_00827	HIMB1552	274	OG0000361	K03593	ATP-binding protein involved in chromosome partitioning	COG0489	Mrp	Fe-S cluster carrier ATPase, Mrp/ApbC/NBP35 family	HIMB1552_00833	-5
HIMB1552-00000000001	761375	762322	-	HIMB1552_00828	HIMB1552	315	OG0000256	K03465	thymidylate synthase (FAD) [EC:2.1.1.148]	COG1351	ThyX	Thymidylate synthase ThyX, FAD-dependent family	HIMB1552_00833	-4
HIMB1552-00000000001	762626	762832	-	HIMB1552_00830	HIMB1552	68	OG0001534	NA	NA	COG5515	NA	Uncharacterized conserved protein, DUF1737 domain	HIMB1552_00833	-3
HIMB1552-00000000001	762843	765503	-	HIMB1552_00831	HIMB1552	886	OG0000798	K01006	pyruvate, orthophosphate dikinase [EC:2.7.9.1]	COG0574	PpsA	Phosphoenolpyruvate synthase/pyruvate phosphate dikinase	HIMB1552_00833	-2
HIMB1552-00000000001	765503	767569	-	HIMB1552_00832	HIMB1552	688	OG0000882	K01879	glycyl-tRNA synthetase beta chain [EC:6.1.1.14]	COG0751	GlyS	Glycyl-tRNA synthetase, beta subunit	HIMB1552_00833	-1
HIMB1552-00000000001	767569	768465	-	HIMB1552_00833	HIMB1552	298	OG0000870	K01878	glycyl-tRNA synthetase alpha chain [EC:6.1.1.14]	COG0752	GlyQ	Glycyl-tRNA synthetase, alpha subunit	HIMB1552_00833	0
HIMB1552-00000000001	768431	769234	-	HIMB1552_00834	HIMB1552	267	OG0000623	K04773	protease IV [EC:3.4.21.-]	COG0616	SppA	Periplasmic serine protease, ClpP class	HIMB1552_00833	1
HIMB1552-00000000001	769349	770362	+	HIMB1552_00835	HIMB1552	337	OG0000641	K02523	octaprenyl-diphosphate synthase [EC:2.5.1.90]	COG0142	IspA	Geranylgeranyl pyrophosphate synthase	HIMB1552_00833	2
HIMB1552-00000000001	770359	770985	-	HIMB1552_00836	HIMB1552	208	OG0000522	K00275	pyridoxamine 5'-phosphate oxidase [EC:1.4.3.5]	COG0259	PdxH	Pyridoxine/pyridoxamine 5'-phosphate oxidase	HIMB1552_00833	3
HIMB1552-00000000001	771019	772101	+	HIMB1552_00837	HIMB1552	360	OG0000279	K01736	chorismate synthase [EC:4.2.3.5]	COG0082	AroC	Chorismate synthase	HIMB1552_00833	4
HIMB1552-00000000001	772106	774022	-	HIMB1552_00838	HIMB1552	638	OG0000041	K01662	1-deoxy-D-xylulose-5-phosphate synthase [EC:2.2.1.7]	COG1154	Dxs	Deoxyxylulose-5-phosphate synthase	HIMB1552_00833	5
HIMB1556-00000000001	655048	656964	+	HIMB1556_00675	HIMB1556	638	OG0000041	K01662	1-deoxy-D-xylulose-5-phosphate synthase [EC:2.2.1.7]	COG1154	Dxs	Deoxyxylulose-5-phosphate synthase	HIMB1556_00680	-5
HIMB1556-00000000001	656969	658051	-	HIMB1556_00676	HIMB1556	360	OG0000279	K01736	chorismate synthase [EC:4.2.3.5]	COG0082	AroC	Chorismate synthase	HIMB1556_00680	-4
HIMB1556-00000000001	658085	658711	+	HIMB1556_00677	HIMB1556	208	OG0000522	K00275	pyridoxamine 5'-phosphate oxidase [EC:1.4.3.5]	COG0259	PdxH	Pyridoxine/pyridoxamine 5'-phosphate oxidase	HIMB1556_00680	-3
HIMB1556-00000000001	658708	659721	-	HIMB1556_00678	HIMB1556	337	OG0000641	K02523	octaprenyl-diphosphate synthase [EC:2.5.1.90]	COG0142	IspA	Geranylgeranyl pyrophosphate synthase	HIMB1556_00680	-2
HIMB1556-00000000001	659836	660639	+	HIMB1556_00679	HIMB1556	267	OG0000623	K04773	protease IV [EC:3.4.21.-]	COG0616	SppA	Periplasmic serine protease, ClpP class	HIMB1556_00680	-1
HIMB1556-00000000001	660605	661501	+	HIMB1556_00680	HIMB1556	298	OG0000870	K01878	glycyl-tRNA synthetase alpha chain [EC:6.1.1.14]	COG0752	GlyQ	Glycyl-tRNA synthetase, alpha subunit	HIMB1556_00680	0
HIMB1556-00000000001	661501	663567	+	HIMB1556_00681	HIMB1556	688	OG0000882	K01879	glycyl-tRNA synthetase beta chain [EC:6.1.1.14]	COG0751	GlyS	Glycyl-tRNA synthetase, beta subunit	HIMB1556_00680	1
HIMB1556-00000000001	663567	666227	+	HIMB1556_00682	HIMB1556	886	OG0000798	K01006	pyruvate, orthophosphate dikinase [EC:2.7.9.1]	COG0574	PpsA	Phosphoenolpyruvate synthase/pyruvate phosphate dikinase	HIMB1556_00680	2
HIMB1556-00000000001	666238	666444	+	HIMB1556_00683	HIMB1556	68	OG0001534	NA	NA	COG5515	NA	Uncharacterized conserved protein, DUF1737 domain	HIMB1556_00680	3
HIMB1556-00000000001	666748	667695	+	HIMB1556_00685	HIMB1556	315	OG0000256	K03465	thymidylate synthase (FAD) [EC:2.1.1.148]	COG1351	ThyX	Thymidylate synthase ThyX, FAD-dependent family	HIMB1556_00680	4
HIMB1556-00000000001	667676	668500	-	HIMB1556_00686	HIMB1556	274	OG0000361	K03593	ATP-binding protein involved in chromosome partitioning	COG0489	Mrp	Fe-S cluster carrier ATPase, Mrp/ApbC/NBP35 family	HIMB1556_00680	5
HIMB1559-00000000001	713845	714669	+	HIMB1559_00797	HIMB1559	274	OG0000361	K03593	ATP-binding protein involved in chromosome partitioning	COG0489	Mrp	Fe-S cluster carrier ATPase, Mrp/ApbC/NBP35 family	HIMB1559_00803	-5
HIMB1559-00000000001	714650	715597	-	HIMB1559_00798	HIMB1559	315	OG0000256	K03465	thymidylate synthase (FAD) [EC:2.1.1.148]	COG1351	ThyX	Thymidylate synthase ThyX, FAD-dependent family	HIMB1559_00803	-4
HIMB1559-00000000001	715938	717350	+	HIMB1559_00800	HIMB1559	470	OG0001144	NA	NA	COG2133	YliI	Glucose/arabinose dehydrogenase, beta-propeller fold	HIMB1559_00803	-3
HIMB1559-00000000001	717374	720037	-	HIMB1559_00801	HIMB1559	887	OG0000798	K01006	pyruvate, orthophosphate dikinase [EC:2.7.9.1]	COG0574	PpsA	Phosphoenolpyruvate synthase/pyruvate phosphate dikinase	HIMB1559_00803	-2
HIMB1559-00000000001	720037	722103	-	HIMB1559_00802	HIMB1559	688	OG0000882	K01879	glycyl-tRNA synthetase beta chain [EC:6.1.1.14]	COG0751	GlyS	Glycyl-tRNA synthetase, beta subunit	HIMB1559_00803	-1
HIMB1559-00000000001	722103	722999	-	HIMB1559_00803	HIMB1559	298	OG0000870	K01878	glycyl-tRNA synthetase alpha chain [EC:6.1.1.14]	COG0752	GlyQ	Glycyl-tRNA synthetase, alpha subunit	HIMB1559_00803	0
HIMB1559-00000000001	722965	723768	-	HIMB1559_00804	HIMB1559	267	OG0000623	K04773	protease IV [EC:3.4.21.-]	COG0616	SppA	Periplasmic serine protease, ClpP class	HIMB1559_00803	1
HIMB1559-00000000001	723883	724896	+	HIMB1559_00805	HIMB1559	337	OG0000641	K02523	octaprenyl-diphosphate synthase [EC:2.5.1.90]	COG0142	IspA	Geranylgeranyl pyrophosphate synthase	HIMB1559_00803	2
HIMB1559-00000000001	724893	725519	-	HIMB1559_00806	HIMB1559	208	OG0000522	K00275	pyridoxamine 5'-phosphate oxidase [EC:1.4.3.5]	COG0259	PdxH	Pyridoxine/pyridoxamine 5'-phosphate oxidase	HIMB1559_00803	3
HIMB1559-00000000001	725553	726635	+	HIMB1559_00807	HIMB1559	360	OG0000279	K01736	chorismate synthase [EC:4.2.3.5]	COG0082	AroC	Chorismate synthase	HIMB1559_00803	4
HIMB1559-00000000001	726640	728556	-	HIMB1559_00808	HIMB1559	638	OG0000041	K01662	1-deoxy-D-xylulose-5-phosphate synthase [EC:2.2.1.7]	COG1154	Dxs	Deoxyxylulose-5-phosphate synthase	HIMB1559_00803	5
HIMB1564-00000000001	212745	214658	+	HIMB1564_00223	HIMB1564	637	OG0000041	K01662	1-deoxy-D-xylulose-5-phosphate synthase [EC:2.2.1.7]	COG1154	Dxs	Deoxyxylulose-5-phosphate synthase	HIMB1564_00228	-5
HIMB1564-00000000001	214660	215742	-	HIMB1564_00224	HIMB1564	360	OG0000279	K01736	chorismate synthase [EC:4.2.3.5]	COG0082	AroC	Chorismate synthase	HIMB1564_00228	-4
HIMB1564-00000000001	215776	216402	+	HIMB1564_00225	HIMB1564	208	OG0000522	K00275	pyridoxamine 5'-phosphate oxidase [EC:1.4.3.5]	COG0259	PdxH	Pyridoxine/pyridoxamine 5'-phosphate oxidase	HIMB1564_00228	-3
HIMB1564-00000000001	216399	217463	-	HIMB1564_00226	HIMB1564	354	OG0000641	K02523	octaprenyl-diphosphate synthase [EC:2.5.1.90]	COG0142	IspA	Geranylgeranyl pyrophosphate synthase	HIMB1564_00228	-2
HIMB1564-00000000001	217531	218337	+	HIMB1564_00227	HIMB1564	268	OG0000623	K04773	protease IV [EC:3.4.21.-]	COG0616	SppA	Periplasmic serine protease, ClpP class	HIMB1564_00228	-1
HIMB1564-00000000001	218327	219205	+	HIMB1564_00228	HIMB1564	292	OG0000870	K01878	glycyl-tRNA synthetase alpha chain [EC:6.1.1.14]	COG0752	GlyQ	Glycyl-tRNA synthetase, alpha subunit	HIMB1564_00228	0
HIMB1564-00000000001	219208	221274	+	HIMB1564_00229	HIMB1564	688	OG0000882	K01879	glycyl-tRNA synthetase beta chain [EC:6.1.1.14]	COG0751	GlyS	Glycyl-tRNA synthetase, beta subunit	HIMB1564_00228	1
HIMB1564-00000000001	221271	223934	+	HIMB1564_00230	HIMB1564	887	OG0000798	K01006	pyruvate, orthophosphate dikinase [EC:2.7.9.1]	COG0574	PpsA	Phosphoenolpyruvate synthase/pyruvate phosphate dikinase	HIMB1564_00228	2
HIMB1564-00000000001	223937	224770	-	HIMB1564_00231	HIMB1564	277	OG0000370	K00767	nicotinate-nucleotide pyrophosphorylase (carboxylating) [EC:2.4.2.19]	COG0157	NadC	Nicotinate-nucleotide pyrophosphorylase	HIMB1564_00228	3
HIMB1564-00000000001	224777	225766	-	HIMB1564_00232	HIMB1564	329	OG0000316	K03517	quinolinate synthase [EC:2.5.1.72]	COG0379	NadA	Quinolinate synthase	HIMB1564_00228	4
HIMB1564-00000000001	226237	227184	+	HIMB1564_00235	HIMB1564	315	OG0000256	K03465	thymidylate synthase (FAD) [EC:2.1.1.148]	COG1351	ThyX	Thymidylate synthase ThyX, FAD-dependent family	HIMB1564_00228	5
HIMB1565-00000000004	85226	88087	+	HIMB1565_01306	HIMB1565	953	OG0000957	K00281	glycine dehydrogenase [EC:1.4.4.2]	COG1003	GcvP2	Glycine cleavage system protein P (pyridoxal-binding), C-terminal domain	HIMB1565_01311	-5
HIMB1565-00000000004	88087	88248	+	HIMB1565_01307	HIMB1565	53	OG0002735	NA	NA	NA	NA	NA	HIMB1565_01311	-4
HIMB1565-00000000004	88248	88727	+	HIMB1565_01308	HIMB1565	159	OG0000984	K05770	translocator protein	COG3476	TspO	Tryptophan-rich sensory protein TspO/CrtK (mitochondrial benzodiazepine receptor homolog)	HIMB1565_01311	-3
HIMB1565-00000000004	88720	89733	-	HIMB1565_01309	HIMB1565	337	OG0000641	K02523	octaprenyl-diphosphate synthase [EC:2.5.1.90]	COG0142	IspA	Geranylgeranyl pyrophosphate synthase	HIMB1565_01311	-2
HIMB1565-00000000004	89840	90646	+	HIMB1565_01310	HIMB1565	268	OG0000623	K04773	protease IV [EC:3.4.21.-]	COG0616	SppA	Periplasmic serine protease, ClpP class	HIMB1565_01311	-1
HIMB1565-00000000004	90643	91578	+	HIMB1565_01311	HIMB1565	311	OG0000870	K01878	glycyl-tRNA synthetase alpha chain [EC:6.1.1.14]	COG0752	GlyQ	Glycyl-tRNA synthetase, alpha subunit	HIMB1565_01311	0
HIMB1565-00000000004	91578	93641	+	HIMB1565_01312	HIMB1565	687	OG0000882	K01879	glycyl-tRNA synthetase beta chain [EC:6.1.1.14]	COG0751	GlyS	Glycyl-tRNA synthetase, beta subunit	HIMB1565_01311	1
HIMB1565-00000000004	93644	96310	+	HIMB1565_01313	HIMB1565	888	OG0000798	K01006	pyruvate, orthophosphate dikinase [EC:2.7.9.1]	COG0574	PpsA	Phosphoenolpyruvate synthase/pyruvate phosphate dikinase	HIMB1565_01311	2
HIMB1565-00000000004	96311	97138	-	HIMB1565_01314	HIMB1565	275	OG0000370	K00767	nicotinate-nucleotide pyrophosphorylase (carboxylating) [EC:2.4.2.19]	COG0157	NadC	Nicotinate-nucleotide pyrophosphorylase	HIMB1565_01311	3
HIMB1565-00000000004	97144	98145	-	HIMB1565_01315	HIMB1565	333	OG0000316	K03517	quinolinate synthase [EC:2.5.1.72]	COG0379	NadA	Quinolinate synthase	HIMB1565_01311	4
HIMB1565-00000000004	98309	99130	-	HIMB1565_01317	HIMB1565	273	OG0000660	NA	NA	COG0354	YgfZ	Folate-binding protein YgfZ, synthesis and repair of Fe-S clusters, tRNA thiomethylation	HIMB1565_01311	5
HIMB1573-00000000001	706440	708356	+	HIMB1573_00758	HIMB1573	638	OG0000041	K01662	1-deoxy-D-xylulose-5-phosphate synthase [EC:2.2.1.7]	COG1154	Dxs	Deoxyxylulose-5-phosphate synthase	HIMB1573_00763	-5
HIMB1573-00000000001	708361	709443	-	HIMB1573_00759	HIMB1573	360	OG0000279	K01736	chorismate synthase [EC:4.2.3.5]	COG0082	AroC	Chorismate synthase	HIMB1573_00763	-4
HIMB1573-00000000001	709477	710103	+	HIMB1573_00760	HIMB1573	208	OG0000522	K00275	pyridoxamine 5'-phosphate oxidase [EC:1.4.3.5]	COG0259	PdxH	Pyridoxine/pyridoxamine 5'-phosphate oxidase	HIMB1573_00763	-3
HIMB1573-00000000001	710100	711113	-	HIMB1573_00761	HIMB1573	337	OG0000641	K02523	octaprenyl-diphosphate synthase [EC:2.5.1.90]	COG0142	IspA	Geranylgeranyl pyrophosphate synthase	HIMB1573_00763	-2
HIMB1573-00000000001	711228	712031	+	HIMB1573_00762	HIMB1573	267	OG0000623	K04773	protease IV [EC:3.4.21.-]	COG0616	SppA	Periplasmic serine protease, ClpP class	HIMB1573_00763	-1
HIMB1573-00000000001	711997	712893	+	HIMB1573_00763	HIMB1573	298	OG0000870	K01878	glycyl-tRNA synthetase alpha chain [EC:6.1.1.14]	COG0752	GlyQ	Glycyl-tRNA synthetase, alpha subunit	HIMB1573_00763	0
HIMB1573-00000000001	712893	714959	+	HIMB1573_00764	HIMB1573	688	OG0000882	K01879	glycyl-tRNA synthetase beta chain [EC:6.1.1.14]	COG0751	GlyS	Glycyl-tRNA synthetase, beta subunit	HIMB1573_00763	1
HIMB1573-00000000001	714959	717619	+	HIMB1573_00765	HIMB1573	886	OG0000798	K01006	pyruvate, orthophosphate dikinase [EC:2.7.9.1]	COG0574	PpsA	Phosphoenolpyruvate synthase/pyruvate phosphate dikinase	HIMB1573_00763	2
HIMB1573-00000000001	717630	717836	+	HIMB1573_00766	HIMB1573	68	OG0001534	NA	NA	COG5515	NA	Uncharacterized conserved protein, DUF1737 domain	HIMB1573_00763	3
HIMB1573-00000000001	718142	719089	+	HIMB1573_00768	HIMB1573	315	OG0000256	K03465	thymidylate synthase (FAD) [EC:2.1.1.148]	COG1351	ThyX	Thymidylate synthase ThyX, FAD-dependent family	HIMB1573_00763	4
HIMB1573-00000000001	719070	719894	-	HIMB1573_00769	HIMB1573	274	OG0000361	K03593	ATP-binding protein involved in chromosome partitioning	COG0489	Mrp	Fe-S cluster carrier ATPase, Mrp/ApbC/NBP35 family	HIMB1573_00763	5
HIMB1577-00000000001	388892	389716	+	HIMB1577_00421	HIMB1577	274	OG0000361	K03593	ATP-binding protein involved in chromosome partitioning	COG0489	Mrp	Fe-S cluster carrier ATPase, Mrp/ApbC/NBP35 family	HIMB1577_00427	-5
HIMB1577-00000000001	389697	390767	-	HIMB1577_00422	HIMB1577	356	OG0000256	K03465	thymidylate synthase (FAD) [EC:2.1.1.148]	COG1351	ThyX	Thymidylate synthase ThyX, FAD-dependent family	HIMB1577_00427	-4
HIMB1577-00000000001	390947	391153	-	HIMB1577_00424	HIMB1577	68	OG0001534	NA	NA	COG5515	NA	Uncharacterized conserved protein, DUF1737 domain	HIMB1577_00427	-3
HIMB1577-00000000001	391164	393824	-	HIMB1577_00425	HIMB1577	886	OG0000798	K01006	pyruvate, orthophosphate dikinase [EC:2.7.9.1]	COG0574	PpsA	Phosphoenolpyruvate synthase/pyruvate phosphate dikinase	HIMB1577_00427	-2
HIMB1577-00000000001	393824	395890	-	HIMB1577_00426	HIMB1577	688	OG0000882	K01879	glycyl-tRNA synthetase beta chain [EC:6.1.1.14]	COG0751	GlyS	Glycyl-tRNA synthetase, beta subunit	HIMB1577_00427	-1
HIMB1577-00000000001	395890	396786	-	HIMB1577_00427	HIMB1577	298	OG0000870	K01878	glycyl-tRNA synthetase alpha chain [EC:6.1.1.14]	COG0752	GlyQ	Glycyl-tRNA synthetase, alpha subunit	HIMB1577_00427	0
HIMB1577-00000000001	396752	397555	-	HIMB1577_00428	HIMB1577	267	OG0000623	K04773	protease IV [EC:3.4.21.-]	COG0616	SppA	Periplasmic serine protease, ClpP class	HIMB1577_00427	1
HIMB1577-00000000001	397670	398683	+	HIMB1577_00429	HIMB1577	337	OG0000641	K02523	octaprenyl-diphosphate synthase [EC:2.5.1.90]	COG0142	IspA	Geranylgeranyl pyrophosphate synthase	HIMB1577_00427	2
HIMB1577-00000000001	398680	399306	-	HIMB1577_00430	HIMB1577	208	OG0000522	K00275	pyridoxamine 5'-phosphate oxidase [EC:1.4.3.5]	COG0259	PdxH	Pyridoxine/pyridoxamine 5'-phosphate oxidase	HIMB1577_00427	3
HIMB1577-00000000001	399340	400422	+	HIMB1577_00431	HIMB1577	360	OG0000279	K01736	chorismate synthase [EC:4.2.3.5]	COG0082	AroC	Chorismate synthase	HIMB1577_00427	4
HIMB1577-00000000001	400427	402343	-	HIMB1577_00432	HIMB1577	638	OG0000041	K01662	1-deoxy-D-xylulose-5-phosphate synthase [EC:2.2.1.7]	COG1154	Dxs	Deoxyxylulose-5-phosphate synthase	HIMB1577_00427	5
HIMB1587-00000000001	714061	714885	+	HIMB1587_00790	HIMB1587	274	OG0000361	K03593	ATP-binding protein involved in chromosome partitioning	COG0489	Mrp	Fe-S cluster carrier ATPase, Mrp/ApbC/NBP35 family	HIMB1587_00796	-5
HIMB1587-00000000001	714866	715813	-	HIMB1587_00791	HIMB1587	315	OG0000256	K03465	thymidylate synthase (FAD) [EC:2.1.1.148]	COG1351	ThyX	Thymidylate synthase ThyX, FAD-dependent family	HIMB1587_00796	-4
HIMB1587-00000000001	716154	717566	+	HIMB1587_00793	HIMB1587	470	OG0001144	NA	NA	COG2133	YliI	Glucose/arabinose dehydrogenase, beta-propeller fold	HIMB1587_00796	-3
HIMB1587-00000000001	717590	720253	-	HIMB1587_00794	HIMB1587	887	OG0000798	K01006	pyruvate, orthophosphate dikinase [EC:2.7.9.1]	COG0574	PpsA	Phosphoenolpyruvate synthase/pyruvate phosphate dikinase	HIMB1587_00796	-2
HIMB1587-00000000001	720253	722319	-	HIMB1587_00795	HIMB1587	688	OG0000882	K01879	glycyl-tRNA synthetase beta chain [EC:6.1.1.14]	COG0751	GlyS	Glycyl-tRNA synthetase, beta subunit	HIMB1587_00796	-1
HIMB1587-00000000001	722319	723215	-	HIMB1587_00796	HIMB1587	298	OG0000870	K01878	glycyl-tRNA synthetase alpha chain [EC:6.1.1.14]	COG0752	GlyQ	Glycyl-tRNA synthetase, alpha subunit	HIMB1587_00796	0
HIMB1587-00000000001	723181	723984	-	HIMB1587_00797	HIMB1587	267	OG0000623	K04773	protease IV [EC:3.4.21.-]	COG0616	SppA	Periplasmic serine protease, ClpP class	HIMB1587_00796	1
HIMB1587-00000000001	724099	725112	+	HIMB1587_00798	HIMB1587	337	OG0000641	K02523	octaprenyl-diphosphate synthase [EC:2.5.1.90]	COG0142	IspA	Geranylgeranyl pyrophosphate synthase	HIMB1587_00796	2
HIMB1587-00000000001	725109	725735	-	HIMB1587_00799	HIMB1587	208	OG0000522	K00275	pyridoxamine 5'-phosphate oxidase [EC:1.4.3.5]	COG0259	PdxH	Pyridoxine/pyridoxamine 5'-phosphate oxidase	HIMB1587_00796	3
HIMB1587-00000000001	725769	726851	+	HIMB1587_00800	HIMB1587	360	OG0000279	K01736	chorismate synthase [EC:4.2.3.5]	COG0082	AroC	Chorismate synthase	HIMB1587_00796	4
HIMB1587-00000000001	726856	728772	-	HIMB1587_00801	HIMB1587	638	OG0000041	K01662	1-deoxy-D-xylulose-5-phosphate synthase [EC:2.2.1.7]	COG1154	Dxs	Deoxyxylulose-5-phosphate synthase	HIMB1587_00796	5
HIMB1593-00000000001	1356881	1357705	+	HIMB1593_01441	HIMB1593	274	OG0000361	K03593	ATP-binding protein involved in chromosome partitioning	COG0489	Mrp	Fe-S cluster carrier ATPase, Mrp/ApbC/NBP35 family	HIMB1593_01447	-5
HIMB1593-00000000001	1357686	1358633	-	HIMB1593_01442	HIMB1593	315	OG0000256	K03465	thymidylate synthase (FAD) [EC:2.1.1.148]	COG1351	ThyX	Thymidylate synthase ThyX, FAD-dependent family	HIMB1593_01447	-4
HIMB1593-00000000001	1358937	1359143	-	HIMB1593_01444	HIMB1593	68	OG0001534	NA	NA	COG5515	NA	Uncharacterized conserved protein, DUF1737 domain	HIMB1593_01447	-3
HIMB1593-00000000001	1359154	1361814	-	HIMB1593_01445	HIMB1593	886	OG0000798	K01006	pyruvate, orthophosphate dikinase [EC:2.7.9.1]	COG0574	PpsA	Phosphoenolpyruvate synthase/pyruvate phosphate dikinase	HIMB1593_01447	-2
HIMB1593-00000000001	1361814	1363880	-	HIMB1593_01446	HIMB1593	688	OG0000882	K01879	glycyl-tRNA synthetase beta chain [EC:6.1.1.14]	COG0751	GlyS	Glycyl-tRNA synthetase, beta subunit	HIMB1593_01447	-1
HIMB1593-00000000001	1363880	1364776	-	HIMB1593_01447	HIMB1593	298	OG0000870	K01878	glycyl-tRNA synthetase alpha chain [EC:6.1.1.14]	COG0752	GlyQ	Glycyl-tRNA synthetase, alpha subunit	HIMB1593_01447	0
HIMB1593-00000000001	1364742	1365545	-	HIMB1593_01448	HIMB1593	267	OG0000623	K04773	protease IV [EC:3.4.21.-]	COG0616	SppA	Periplasmic serine protease, ClpP class	HIMB1593_01447	1
HIMB1593-00000000001	1365660	1366673	+	HIMB1593_01449	HIMB1593	337	OG0000641	K02523	octaprenyl-diphosphate synthase [EC:2.5.1.90]	COG0142	IspA	Geranylgeranyl pyrophosphate synthase	HIMB1593_01447	2
HIMB1593-00000000001	1366670	1367296	-	HIMB1593_01450	HIMB1593	208	OG0000522	K00275	pyridoxamine 5'-phosphate oxidase [EC:1.4.3.5]	COG0259	PdxH	Pyridoxine/pyridoxamine 5'-phosphate oxidase	HIMB1593_01447	3
HIMB1593-00000000001	1367330	1368412	+	HIMB1593_01451	HIMB1593	360	OG0000279	K01736	chorismate synthase [EC:4.2.3.5]	COG0082	AroC	Chorismate synthase	HIMB1593_01447	4
HIMB1593-00000000001	1368417	1370333	-	HIMB1593_01452	HIMB1593	638	OG0000041	K01662	1-deoxy-D-xylulose-5-phosphate synthase [EC:2.2.1.7]	COG1154	Dxs	Deoxyxylulose-5-phosphate synthase	HIMB1593_01447	5
HIMB1597-00000000001	1082864	1084780	+	HIMB1597_01145	HIMB1597	638	OG0000041	K01662	1-deoxy-D-xylulose-5-phosphate synthase [EC:2.2.1.7]	COG1154	Dxs	Deoxyxylulose-5-phosphate synthase	HIMB1597_01150	-5
HIMB1597-00000000001	1084785	1085867	-	HIMB1597_01146	HIMB1597	360	OG0000279	K01736	chorismate synthase [EC:4.2.3.5]	COG0082	AroC	Chorismate synthase	HIMB1597_01150	-4
HIMB1597-00000000001	1085901	1086527	+	HIMB1597_01147	HIMB1597	208	OG0000522	K00275	pyridoxamine 5'-phosphate oxidase [EC:1.4.3.5]	COG0259	PdxH	Pyridoxine/pyridoxamine 5'-phosphate oxidase	HIMB1597_01150	-3
HIMB1597-00000000001	1086524	1087537	-	HIMB1597_01148	HIMB1597	337	OG0000641	K02523	octaprenyl-diphosphate synthase [EC:2.5.1.90]	COG0142	IspA	Geranylgeranyl pyrophosphate synthase	HIMB1597_01150	-2
HIMB1597-00000000001	1087652	1088455	+	HIMB1597_01149	HIMB1597	267	OG0000623	K04773	protease IV [EC:3.4.21.-]	COG0616	SppA	Periplasmic serine protease, ClpP class	HIMB1597_01150	-1
HIMB1597-00000000001	1088421	1089317	+	HIMB1597_01150	HIMB1597	298	OG0000870	K01878	glycyl-tRNA synthetase alpha chain [EC:6.1.1.14]	COG0752	GlyQ	Glycyl-tRNA synthetase, alpha subunit	HIMB1597_01150	0
HIMB1597-00000000001	1089317	1091383	+	HIMB1597_01151	HIMB1597	688	OG0000882	K01879	glycyl-tRNA synthetase beta chain [EC:6.1.1.14]	COG0751	GlyS	Glycyl-tRNA synthetase, beta subunit	HIMB1597_01150	1
HIMB1597-00000000001	1091383	1094046	+	HIMB1597_01152	HIMB1597	887	OG0000798	K01006	pyruvate, orthophosphate dikinase [EC:2.7.9.1]	COG0574	PpsA	Phosphoenolpyruvate synthase/pyruvate phosphate dikinase	HIMB1597_01150	2
HIMB1597-00000000001	1094070	1095482	-	HIMB1597_01153	HIMB1597	470	OG0001144	NA	NA	COG2133	YliI	Glucose/arabinose dehydrogenase, beta-propeller fold	HIMB1597_01150	3
HIMB1597-00000000001	1095823	1096770	+	HIMB1597_01155	HIMB1597	315	OG0000256	K03465	thymidylate synthase (FAD) [EC:2.1.1.148]	COG1351	ThyX	Thymidylate synthase ThyX, FAD-dependent family	HIMB1597_01150	4
HIMB1597-00000000001	1096751	1097575	-	HIMB1597_01156	HIMB1597	274	OG0000361	K03593	ATP-binding protein involved in chromosome partitioning	COG0489	Mrp	Fe-S cluster carrier ATPase, Mrp/ApbC/NBP35 family	HIMB1597_01150	5
HIMB1602-00000000132	898	1701	+	HIMB1602_01003	HIMB1602	267	OG0000623	K04773	protease IV [EC:3.4.21.-]	COG0616	SppA	Periplasmic serine protease, ClpP class	HIMB1602_01004	-1
HIMB1602-00000000132	1667	2563	+	HIMB1602_01004	HIMB1602	298	OG0000870	K01878	glycyl-tRNA synthetase alpha chain [EC:6.1.1.14]	COG0752	GlyQ	Glycyl-tRNA synthetase, alpha subunit	HIMB1602_01004	0
HIMB1611-00000000001	48733	50649	+	HIMB1611_00060	HIMB1611	638	OG0000041	K01662	1-deoxy-D-xylulose-5-phosphate synthase [EC:2.2.1.7]	COG1154	Dxs	Deoxyxylulose-5-phosphate synthase	HIMB1611_00065	-5
HIMB1611-00000000001	50654	51736	-	HIMB1611_00061	HIMB1611	360	OG0000279	K01736	chorismate synthase [EC:4.2.3.5]	COG0082	AroC	Chorismate synthase	HIMB1611_00065	-4
HIMB1611-00000000001	51770	52396	+	HIMB1611_00062	HIMB1611	208	OG0000522	K00275	pyridoxamine 5'-phosphate oxidase [EC:1.4.3.5]	COG0259	PdxH	Pyridoxine/pyridoxamine 5'-phosphate oxidase	HIMB1611_00065	-3
HIMB1611-00000000001	52393	53406	-	HIMB1611_00063	HIMB1611	337	OG0000641	K02523	octaprenyl-diphosphate synthase [EC:2.5.1.90]	COG0142	IspA	Geranylgeranyl pyrophosphate synthase	HIMB1611_00065	-2
HIMB1611-00000000001	53521	54324	+	HIMB1611_00064	HIMB1611	267	OG0000623	K04773	protease IV [EC:3.4.21.-]	COG0616	SppA	Periplasmic serine protease, ClpP class	HIMB1611_00065	-1
HIMB1611-00000000001	54290	55186	+	HIMB1611_00065	HIMB1611	298	OG0000870	K01878	glycyl-tRNA synthetase alpha chain [EC:6.1.1.14]	COG0752	GlyQ	Glycyl-tRNA synthetase, alpha subunit	HIMB1611_00065	0
HIMB1611-00000000001	55186	57252	+	HIMB1611_00066	HIMB1611	688	OG0000882	K01879	glycyl-tRNA synthetase beta chain [EC:6.1.1.14]	COG0751	GlyS	Glycyl-tRNA synthetase, beta subunit	HIMB1611_00065	1
HIMB1611-00000000001	57252	59912	+	HIMB1611_00067	HIMB1611	886	OG0000798	K01006	pyruvate, orthophosphate dikinase [EC:2.7.9.1]	COG0574	PpsA	Phosphoenolpyruvate synthase/pyruvate phosphate dikinase	HIMB1611_00065	2
HIMB1611-00000000001	59923	60129	+	HIMB1611_00068	HIMB1611	68	OG0001534	NA	NA	COG5515	NA	Uncharacterized conserved protein, DUF1737 domain	HIMB1611_00065	3
HIMB1611-00000000001	60433	61380	+	HIMB1611_00070	HIMB1611	315	OG0000256	K03465	thymidylate synthase (FAD) [EC:2.1.1.148]	COG1351	ThyX	Thymidylate synthase ThyX, FAD-dependent family	HIMB1611_00065	4
HIMB1611-00000000001	61361	62185	-	HIMB1611_00071	HIMB1611	274	OG0000361	K03593	ATP-binding protein involved in chromosome partitioning	COG0489	Mrp	Fe-S cluster carrier ATPase, Mrp/ApbC/NBP35 family	HIMB1611_00065	5
HIMB1623-00000000012	217073	217897	+	HIMB1623_00859	HIMB1623	274	OG0000361	K03593	ATP-binding protein involved in chromosome partitioning	COG0489	Mrp	Fe-S cluster carrier ATPase, Mrp/ApbC/NBP35 family	HIMB1623_00865	-5
HIMB1623-00000000012	217878	218948	-	HIMB1623_00860	HIMB1623	356	OG0000256	K03465	thymidylate synthase (FAD) [EC:2.1.1.148]	COG1351	ThyX	Thymidylate synthase ThyX, FAD-dependent family	HIMB1623_00865	-4
HIMB1623-00000000012	219129	219335	-	HIMB1623_00862	HIMB1623	68	OG0001534	NA	NA	COG5515	NA	Uncharacterized conserved protein, DUF1737 domain	HIMB1623_00865	-3
HIMB1623-00000000012	219346	222006	-	HIMB1623_00863	HIMB1623	886	OG0000798	K01006	pyruvate, orthophosphate dikinase [EC:2.7.9.1]	COG0574	PpsA	Phosphoenolpyruvate synthase/pyruvate phosphate dikinase	HIMB1623_00865	-2
HIMB1623-00000000012	222006	224072	-	HIMB1623_00864	HIMB1623	688	OG0000882	K01879	glycyl-tRNA synthetase beta chain [EC:6.1.1.14]	COG0751	GlyS	Glycyl-tRNA synthetase, beta subunit	HIMB1623_00865	-1
HIMB1623-00000000012	224072	224968	-	HIMB1623_00865	HIMB1623	298	OG0000870	K01878	glycyl-tRNA synthetase alpha chain [EC:6.1.1.14]	COG0752	GlyQ	Glycyl-tRNA synthetase, alpha subunit	HIMB1623_00865	0
HIMB1623-00000000012	224934	225737	-	HIMB1623_00866	HIMB1623	267	OG0000623	K04773	protease IV [EC:3.4.21.-]	COG0616	SppA	Periplasmic serine protease, ClpP class	HIMB1623_00865	1
HIMB1623-00000000012	225852	226865	+	HIMB1623_00867	HIMB1623	337	OG0000641	K02523	octaprenyl-diphosphate synthase [EC:2.5.1.90]	COG0142	IspA	Geranylgeranyl pyrophosphate synthase	HIMB1623_00865	2
HIMB1623-00000000012	226862	227488	-	HIMB1623_00868	HIMB1623	208	OG0000522	K00275	pyridoxamine 5'-phosphate oxidase [EC:1.4.3.5]	COG0259	PdxH	Pyridoxine/pyridoxamine 5'-phosphate oxidase	HIMB1623_00865	3
HIMB1623-00000000012	227522	228604	+	HIMB1623_00869	HIMB1623	360	OG0000279	K01736	chorismate synthase [EC:4.2.3.5]	COG0082	AroC	Chorismate synthase	HIMB1623_00865	4
HIMB1623-00000000012	228609	230525	-	HIMB1623_00870	HIMB1623	638	OG0000041	K01662	1-deoxy-D-xylulose-5-phosphate synthase [EC:2.2.1.7]	COG1154	Dxs	Deoxyxylulose-5-phosphate synthase	HIMB1623_00865	5
HIMB1631-00000000001	718654	719478	+	HIMB1631_00789	HIMB1631	274	OG0000361	K03593	ATP-binding protein involved in chromosome partitioning	COG0489	Mrp	Fe-S cluster carrier ATPase, Mrp/ApbC/NBP35 family	HIMB1631_00795	-5
HIMB1631-00000000001	719459	720529	-	HIMB1631_00790	HIMB1631	356	OG0000256	K03465	thymidylate synthase (FAD) [EC:2.1.1.148]	COG1351	ThyX	Thymidylate synthase ThyX, FAD-dependent family	HIMB1631_00795	-4
HIMB1631-00000000001	720709	720915	-	HIMB1631_00792	HIMB1631	68	OG0001534	NA	NA	COG5515	NA	Uncharacterized conserved protein, DUF1737 domain	HIMB1631_00795	-3
HIMB1631-00000000001	720926	723586	-	HIMB1631_00793	HIMB1631	886	OG0000798	K01006	pyruvate, orthophosphate dikinase [EC:2.7.9.1]	COG0574	PpsA	Phosphoenolpyruvate synthase/pyruvate phosphate dikinase	HIMB1631_00795	-2
HIMB1631-00000000001	723586	725652	-	HIMB1631_00794	HIMB1631	688	OG0000882	K01879	glycyl-tRNA synthetase beta chain [EC:6.1.1.14]	COG0751	GlyS	Glycyl-tRNA synthetase, beta subunit	HIMB1631_00795	-1
HIMB1631-00000000001	725652	726548	-	HIMB1631_00795	HIMB1631	298	OG0000870	K01878	glycyl-tRNA synthetase alpha chain [EC:6.1.1.14]	COG0752	GlyQ	Glycyl-tRNA synthetase, alpha subunit	HIMB1631_00795	0
HIMB1631-00000000001	726514	727317	-	HIMB1631_00796	HIMB1631	267	OG0000623	K04773	protease IV [EC:3.4.21.-]	COG0616	SppA	Periplasmic serine protease, ClpP class	HIMB1631_00795	1
HIMB1631-00000000001	727432	728445	+	HIMB1631_00797	HIMB1631	337	OG0000641	K02523	octaprenyl-diphosphate synthase [EC:2.5.1.90]	COG0142	IspA	Geranylgeranyl pyrophosphate synthase	HIMB1631_00795	2
HIMB1631-00000000001	728442	729068	-	HIMB1631_00798	HIMB1631	208	OG0000522	K00275	pyridoxamine 5'-phosphate oxidase [EC:1.4.3.5]	COG0259	PdxH	Pyridoxine/pyridoxamine 5'-phosphate oxidase	HIMB1631_00795	3
HIMB1631-00000000001	729102	730184	+	HIMB1631_00799	HIMB1631	360	OG0000279	K01736	chorismate synthase [EC:4.2.3.5]	COG0082	AroC	Chorismate synthase	HIMB1631_00795	4
HIMB1631-00000000001	730189	732105	-	HIMB1631_00800	HIMB1631	638	OG0000041	K01662	1-deoxy-D-xylulose-5-phosphate synthase [EC:2.2.1.7]	COG1154	Dxs	Deoxyxylulose-5-phosphate synthase	HIMB1631_00795	5
HIMB1636-00000000001	53505	55421	+	HIMB1636_00058	HIMB1636	638	OG0000041	K01662	1-deoxy-D-xylulose-5-phosphate synthase [EC:2.2.1.7]	COG1154	Dxs	Deoxyxylulose-5-phosphate synthase	HIMB1636_00063	-5
HIMB1636-00000000001	55426	56508	-	HIMB1636_00059	HIMB1636	360	OG0000279	K01736	chorismate synthase [EC:4.2.3.5]	COG0082	AroC	Chorismate synthase	HIMB1636_00063	-4
HIMB1636-00000000001	56542	57168	+	HIMB1636_00060	HIMB1636	208	OG0000522	K00275	pyridoxamine 5'-phosphate oxidase [EC:1.4.3.5]	COG0259	PdxH	Pyridoxine/pyridoxamine 5'-phosphate oxidase	HIMB1636_00063	-3
HIMB1636-00000000001	57165	58178	-	HIMB1636_00061	HIMB1636	337	OG0000641	K02523	octaprenyl-diphosphate synthase [EC:2.5.1.90]	COG0142	IspA	Geranylgeranyl pyrophosphate synthase	HIMB1636_00063	-2
HIMB1636-00000000001	58293	59096	+	HIMB1636_00062	HIMB1636	267	OG0000623	K04773	protease IV [EC:3.4.21.-]	COG0616	SppA	Periplasmic serine protease, ClpP class	HIMB1636_00063	-1
HIMB1636-00000000001	59062	59958	+	HIMB1636_00063	HIMB1636	298	OG0000870	K01878	glycyl-tRNA synthetase alpha chain [EC:6.1.1.14]	COG0752	GlyQ	Glycyl-tRNA synthetase, alpha subunit	HIMB1636_00063	0
HIMB1636-00000000001	59958	62024	+	HIMB1636_00064	HIMB1636	688	OG0000882	K01879	glycyl-tRNA synthetase beta chain [EC:6.1.1.14]	COG0751	GlyS	Glycyl-tRNA synthetase, beta subunit	HIMB1636_00063	1
HIMB1636-00000000001	62024	64684	+	HIMB1636_00065	HIMB1636	886	OG0000798	K01006	pyruvate, orthophosphate dikinase [EC:2.7.9.1]	COG0574	PpsA	Phosphoenolpyruvate synthase/pyruvate phosphate dikinase	HIMB1636_00063	2
HIMB1636-00000000001	64695	64901	+	HIMB1636_00066	HIMB1636	68	OG0001534	NA	NA	COG5515	NA	Uncharacterized conserved protein, DUF1737 domain	HIMB1636_00063	3
HIMB1636-00000000001	65205	66152	+	HIMB1636_00068	HIMB1636	315	OG0000256	K03465	thymidylate synthase (FAD) [EC:2.1.1.148]	COG1351	ThyX	Thymidylate synthase ThyX, FAD-dependent family	HIMB1636_00063	4
HIMB1636-00000000001	66133	66957	-	HIMB1636_00069	HIMB1636	274	OG0000361	K03593	ATP-binding protein involved in chromosome partitioning	COG0489	Mrp	Fe-S cluster carrier ATPase, Mrp/ApbC/NBP35 family	HIMB1636_00063	5
HIMB1641-00000000001	642155	644071	+	HIMB1641_00665	HIMB1641	638	OG0000041	K01662	1-deoxy-D-xylulose-5-phosphate synthase [EC:2.2.1.7]	COG1154	Dxs	Deoxyxylulose-5-phosphate synthase	HIMB1641_00670	-5
HIMB1641-00000000001	644076	645158	-	HIMB1641_00666	HIMB1641	360	OG0000279	K01736	chorismate synthase [EC:4.2.3.5]	COG0082	AroC	Chorismate synthase	HIMB1641_00670	-4
HIMB1641-00000000001	645192	645818	+	HIMB1641_00667	HIMB1641	208	OG0000522	K00275	pyridoxamine 5'-phosphate oxidase [EC:1.4.3.5]	COG0259	PdxH	Pyridoxine/pyridoxamine 5'-phosphate oxidase	HIMB1641_00670	-3
HIMB1641-00000000001	645815	646828	-	HIMB1641_00668	HIMB1641	337	OG0000641	K02523	octaprenyl-diphosphate synthase [EC:2.5.1.90]	COG0142	IspA	Geranylgeranyl pyrophosphate synthase	HIMB1641_00670	-2
HIMB1641-00000000001	646943	647746	+	HIMB1641_00669	HIMB1641	267	OG0000623	K04773	protease IV [EC:3.4.21.-]	COG0616	SppA	Periplasmic serine protease, ClpP class	HIMB1641_00670	-1
HIMB1641-00000000001	647712	648608	+	HIMB1641_00670	HIMB1641	298	OG0000870	K01878	glycyl-tRNA synthetase alpha chain [EC:6.1.1.14]	COG0752	GlyQ	Glycyl-tRNA synthetase, alpha subunit	HIMB1641_00670	0
HIMB1641-00000000001	648608	650674	+	HIMB1641_00671	HIMB1641	688	OG0000882	K01879	glycyl-tRNA synthetase beta chain [EC:6.1.1.14]	COG0751	GlyS	Glycyl-tRNA synthetase, beta subunit	HIMB1641_00670	1
HIMB1641-00000000001	650674	653334	+	HIMB1641_00672	HIMB1641	886	OG0000798	K01006	pyruvate, orthophosphate dikinase [EC:2.7.9.1]	COG0574	PpsA	Phosphoenolpyruvate synthase/pyruvate phosphate dikinase	HIMB1641_00670	2
HIMB1641-00000000001	653345	653551	+	HIMB1641_00673	HIMB1641	68	OG0001534	NA	NA	COG5515	NA	Uncharacterized conserved protein, DUF1737 domain	HIMB1641_00670	3
HIMB1641-00000000001	653855	654802	+	HIMB1641_00675	HIMB1641	315	OG0000256	K03465	thymidylate synthase (FAD) [EC:2.1.1.148]	COG1351	ThyX	Thymidylate synthase ThyX, FAD-dependent family	HIMB1641_00670	4
HIMB1641-00000000001	654783	655607	-	HIMB1641_00676	HIMB1641	274	OG0000361	K03593	ATP-binding protein involved in chromosome partitioning	COG0489	Mrp	Fe-S cluster carrier ATPase, Mrp/ApbC/NBP35 family	HIMB1641_00670	5
HIMB1662-00000000001	648777	650693	+	HIMB1662_00668	HIMB1662	638	OG0000041	K01662	1-deoxy-D-xylulose-5-phosphate synthase [EC:2.2.1.7]	COG1154	Dxs	Deoxyxylulose-5-phosphate synthase	HIMB1662_00673	-5
HIMB1662-00000000001	650698	651780	-	HIMB1662_00669	HIMB1662	360	OG0000279	K01736	chorismate synthase [EC:4.2.3.5]	COG0082	AroC	Chorismate synthase	HIMB1662_00673	-4
HIMB1662-00000000001	651814	652440	+	HIMB1662_00670	HIMB1662	208	OG0000522	K00275	pyridoxamine 5'-phosphate oxidase [EC:1.4.3.5]	COG0259	PdxH	Pyridoxine/pyridoxamine 5'-phosphate oxidase	HIMB1662_00673	-3
HIMB1662-00000000001	652437	653450	-	HIMB1662_00671	HIMB1662	337	OG0000641	K02523	octaprenyl-diphosphate synthase [EC:2.5.1.90]	COG0142	IspA	Geranylgeranyl pyrophosphate synthase	HIMB1662_00673	-2
HIMB1662-00000000001	653565	654368	+	HIMB1662_00672	HIMB1662	267	OG0000623	K04773	protease IV [EC:3.4.21.-]	COG0616	SppA	Periplasmic serine protease, ClpP class	HIMB1662_00673	-1
HIMB1662-00000000001	654334	655230	+	HIMB1662_00673	HIMB1662	298	OG0000870	K01878	glycyl-tRNA synthetase alpha chain [EC:6.1.1.14]	COG0752	GlyQ	Glycyl-tRNA synthetase, alpha subunit	HIMB1662_00673	0
HIMB1662-00000000001	655230	657296	+	HIMB1662_00674	HIMB1662	688	OG0000882	K01879	glycyl-tRNA synthetase beta chain [EC:6.1.1.14]	COG0751	GlyS	Glycyl-tRNA synthetase, beta subunit	HIMB1662_00673	1
HIMB1662-00000000001	657296	659956	+	HIMB1662_00675	HIMB1662	886	OG0000798	K01006	pyruvate, orthophosphate dikinase [EC:2.7.9.1]	COG0574	PpsA	Phosphoenolpyruvate synthase/pyruvate phosphate dikinase	HIMB1662_00673	2
HIMB1662-00000000001	659967	660173	+	HIMB1662_00676	HIMB1662	68	OG0001534	NA	NA	COG5515	NA	Uncharacterized conserved protein, DUF1737 domain	HIMB1662_00673	3
HIMB1662-00000000001	660378	660839	+	HIMB1662_00677	HIMB1662	153	OG0004287	NA	NA	NA	NA	NA	HIMB1662_00673	4
HIMB1662-00000000001	661129	662391	-	HIMB1662_00678	HIMB1662	420	OG0002065	NA	NA	COG4974	XerD	Site-specific tyrosine recombinase XerD	HIMB1662_00673	5
HIMB1685-00000000001	1212871	1214787	+	HIMB1685_01317	HIMB1685	638	OG0000041	K01662	1-deoxy-D-xylulose-5-phosphate synthase [EC:2.2.1.7]	COG1154	Dxs	Deoxyxylulose-5-phosphate synthase	HIMB1685_01322	-5
HIMB1685-00000000001	1214792	1215874	-	HIMB1685_01318	HIMB1685	360	OG0000279	K01736	chorismate synthase [EC:4.2.3.5]	COG0082	AroC	Chorismate synthase	HIMB1685_01322	-4
HIMB1685-00000000001	1215908	1216534	+	HIMB1685_01319	HIMB1685	208	OG0000522	K00275	pyridoxamine 5'-phosphate oxidase [EC:1.4.3.5]	COG0259	PdxH	Pyridoxine/pyridoxamine 5'-phosphate oxidase	HIMB1685_01322	-3
HIMB1685-00000000001	1216531	1217544	-	HIMB1685_01320	HIMB1685	337	OG0000641	K02523	octaprenyl-diphosphate synthase [EC:2.5.1.90]	COG0142	IspA	Geranylgeranyl pyrophosphate synthase	HIMB1685_01322	-2
HIMB1685-00000000001	1217659	1218462	+	HIMB1685_01321	HIMB1685	267	OG0000623	K04773	protease IV [EC:3.4.21.-]	COG0616	SppA	Periplasmic serine protease, ClpP class	HIMB1685_01322	-1
HIMB1685-00000000001	1218428	1219324	+	HIMB1685_01322	HIMB1685	298	OG0000870	K01878	glycyl-tRNA synthetase alpha chain [EC:6.1.1.14]	COG0752	GlyQ	Glycyl-tRNA synthetase, alpha subunit	HIMB1685_01322	0
HIMB1685-00000000001	1219324	1221390	+	HIMB1685_01323	HIMB1685	688	OG0000882	K01879	glycyl-tRNA synthetase beta chain [EC:6.1.1.14]	COG0751	GlyS	Glycyl-tRNA synthetase, beta subunit	HIMB1685_01322	1
HIMB1685-00000000001	1221390	1224050	+	HIMB1685_01324	HIMB1685	886	OG0000798	K01006	pyruvate, orthophosphate dikinase [EC:2.7.9.1]	COG0574	PpsA	Phosphoenolpyruvate synthase/pyruvate phosphate dikinase	HIMB1685_01322	2
HIMB1685-00000000001	1224061	1224267	+	HIMB1685_01325	HIMB1685	68	OG0001534	NA	NA	COG5515	NA	Uncharacterized conserved protein, DUF1737 domain	HIMB1685_01322	3
HIMB1685-00000000001	1224571	1225518	+	HIMB1685_01327	HIMB1685	315	OG0000256	K03465	thymidylate synthase (FAD) [EC:2.1.1.148]	COG1351	ThyX	Thymidylate synthase ThyX, FAD-dependent family	HIMB1685_01322	4
HIMB1685-00000000001	1225499	1226323	-	HIMB1685_01328	HIMB1685	274	OG0000361	K03593	ATP-binding protein involved in chromosome partitioning	COG0489	Mrp	Fe-S cluster carrier ATPase, Mrp/ApbC/NBP35 family	HIMB1685_01322	5
HIMB1695-00000000002	41187	43103	+	HIMB1695_01338	HIMB1695	638	OG0000041	K01662	1-deoxy-D-xylulose-5-phosphate synthase [EC:2.2.1.7]	COG1154	Dxs	Deoxyxylulose-5-phosphate synthase	HIMB1695_01343	-5
HIMB1695-00000000002	43108	44190	-	HIMB1695_01339	HIMB1695	360	OG0000279	K01736	chorismate synthase [EC:4.2.3.5]	COG0082	AroC	Chorismate synthase	HIMB1695_01343	-4
HIMB1695-00000000002	44224	44850	+	HIMB1695_01340	HIMB1695	208	OG0000522	K00275	pyridoxamine 5'-phosphate oxidase [EC:1.4.3.5]	COG0259	PdxH	Pyridoxine/pyridoxamine 5'-phosphate oxidase	HIMB1695_01343	-3
HIMB1695-00000000002	44847	45860	-	HIMB1695_01341	HIMB1695	337	OG0000641	K02523	octaprenyl-diphosphate synthase [EC:2.5.1.90]	COG0142	IspA	Geranylgeranyl pyrophosphate synthase	HIMB1695_01343	-2
HIMB1695-00000000002	45975	46778	+	HIMB1695_01342	HIMB1695	267	OG0000623	K04773	protease IV [EC:3.4.21.-]	COG0616	SppA	Periplasmic serine protease, ClpP class	HIMB1695_01343	-1
HIMB1695-00000000002	46744	47640	+	HIMB1695_01343	HIMB1695	298	OG0000870	K01878	glycyl-tRNA synthetase alpha chain [EC:6.1.1.14]	COG0752	GlyQ	Glycyl-tRNA synthetase, alpha subunit	HIMB1695_01343	0
HIMB1695-00000000002	47640	49706	+	HIMB1695_01344	HIMB1695	688	OG0000882	K01879	glycyl-tRNA synthetase beta chain [EC:6.1.1.14]	COG0751	GlyS	Glycyl-tRNA synthetase, beta subunit	HIMB1695_01343	1
HIMB1695-00000000002	49706	52366	+	HIMB1695_01345	HIMB1695	886	OG0000798	K01006	pyruvate, orthophosphate dikinase [EC:2.7.9.1]	COG0574	PpsA	Phosphoenolpyruvate synthase/pyruvate phosphate dikinase	HIMB1695_01343	2
HIMB1695-00000000002	52377	52583	+	HIMB1695_01346	HIMB1695	68	OG0001534	NA	NA	COG5515	NA	Uncharacterized conserved protein, DUF1737 domain	HIMB1695_01343	3
HIMB1695-00000000002	52887	53834	+	HIMB1695_01348	HIMB1695	315	OG0000256	K03465	thymidylate synthase (FAD) [EC:2.1.1.148]	COG1351	ThyX	Thymidylate synthase ThyX, FAD-dependent family	HIMB1695_01343	4
HIMB1695-00000000002	53815	54639	-	HIMB1695_01349	HIMB1695	274	OG0000361	K03593	ATP-binding protein involved in chromosome partitioning	COG0489	Mrp	Fe-S cluster carrier ATPase, Mrp/ApbC/NBP35 family	HIMB1695_01343	5
HIMB1701-00000000001	1237929	1239845	+	HIMB1701_01333	HIMB1701	638	OG0000041	K01662	1-deoxy-D-xylulose-5-phosphate synthase [EC:2.2.1.7]	COG1154	Dxs	Deoxyxylulose-5-phosphate synthase	HIMB1701_01338	-5
HIMB1701-00000000001	1239850	1240932	-	HIMB1701_01334	HIMB1701	360	OG0000279	K01736	chorismate synthase [EC:4.2.3.5]	COG0082	AroC	Chorismate synthase	HIMB1701_01338	-4
HIMB1701-00000000001	1240966	1241592	+	HIMB1701_01335	HIMB1701	208	OG0000522	K00275	pyridoxamine 5'-phosphate oxidase [EC:1.4.3.5]	COG0259	PdxH	Pyridoxine/pyridoxamine 5'-phosphate oxidase	HIMB1701_01338	-3
HIMB1701-00000000001	1241589	1242602	-	HIMB1701_01336	HIMB1701	337	OG0000641	K02523	octaprenyl-diphosphate synthase [EC:2.5.1.90]	COG0142	IspA	Geranylgeranyl pyrophosphate synthase	HIMB1701_01338	-2
HIMB1701-00000000001	1242717	1243520	+	HIMB1701_01337	HIMB1701	267	OG0000623	K04773	protease IV [EC:3.4.21.-]	COG0616	SppA	Periplasmic serine protease, ClpP class	HIMB1701_01338	-1
HIMB1701-00000000001	1243486	1244382	+	HIMB1701_01338	HIMB1701	298	OG0000870	K01878	glycyl-tRNA synthetase alpha chain [EC:6.1.1.14]	COG0752	GlyQ	Glycyl-tRNA synthetase, alpha subunit	HIMB1701_01338	0
HIMB1701-00000000001	1244382	1246448	+	HIMB1701_01339	HIMB1701	688	OG0000882	K01879	glycyl-tRNA synthetase beta chain [EC:6.1.1.14]	COG0751	GlyS	Glycyl-tRNA synthetase, beta subunit	HIMB1701_01338	1
HIMB1701-00000000001	1246448	1249111	+	HIMB1701_01340	HIMB1701	887	OG0000798	K01006	pyruvate, orthophosphate dikinase [EC:2.7.9.1]	COG0574	PpsA	Phosphoenolpyruvate synthase/pyruvate phosphate dikinase	HIMB1701_01338	2
HIMB1701-00000000001	1249297	1250265	+	HIMB1701_01341	HIMB1701	322	OG0000088	NA	NA	COG0726	PgaB	Peptidoglycan/xylan/chitin deacetylase, PgdA/NodB/CDA1 family	HIMB1701_01338	3
HIMB1701-00000000001	1250265	1251194	+	HIMB1701_01342	HIMB1701	309	OG0003574	NA	NA	NA	NA	NA	HIMB1701_01338	4
HIMB1701-00000000001	1251191	1251979	+	HIMB1701_01343	HIMB1701	262	OG0000035	NA	NA	COG0223	Fmt	Methionyl-tRNA formyltransferase	HIMB1701_01338	5
HIMB1702-00000000001	1378906	1379730	+	HIMB1702_01456	HIMB1702	274	OG0000361	K03593	ATP-binding protein involved in chromosome partitioning	COG0489	Mrp	Fe-S cluster carrier ATPase, Mrp/ApbC/NBP35 family	HIMB1702_01462	-5
HIMB1702-00000000001	1379711	1380658	-	HIMB1702_01457	HIMB1702	315	OG0000256	K03465	thymidylate synthase (FAD) [EC:2.1.1.148]	COG1351	ThyX	Thymidylate synthase ThyX, FAD-dependent family	HIMB1702_01462	-4
HIMB1702-00000000001	1380962	1381168	-	HIMB1702_01459	HIMB1702	68	OG0001534	NA	NA	COG5515	NA	Uncharacterized conserved protein, DUF1737 domain	HIMB1702_01462	-3
HIMB1702-00000000001	1381179	1383839	-	HIMB1702_01460	HIMB1702	886	OG0000798	K01006	pyruvate, orthophosphate dikinase [EC:2.7.9.1]	COG0574	PpsA	Phosphoenolpyruvate synthase/pyruvate phosphate dikinase	HIMB1702_01462	-2
HIMB1702-00000000001	1383839	1385905	-	HIMB1702_01461	HIMB1702	688	OG0000882	K01879	glycyl-tRNA synthetase beta chain [EC:6.1.1.14]	COG0751	GlyS	Glycyl-tRNA synthetase, beta subunit	HIMB1702_01462	-1
HIMB1702-00000000001	1385905	1386801	-	HIMB1702_01462	HIMB1702	298	OG0000870	K01878	glycyl-tRNA synthetase alpha chain [EC:6.1.1.14]	COG0752	GlyQ	Glycyl-tRNA synthetase, alpha subunit	HIMB1702_01462	0
HIMB1702-00000000001	1386767	1387570	-	HIMB1702_01463	HIMB1702	267	OG0000623	K04773	protease IV [EC:3.4.21.-]	COG0616	SppA	Periplasmic serine protease, ClpP class	HIMB1702_01462	1
HIMB1702-00000000001	1387685	1388698	+	HIMB1702_01464	HIMB1702	337	OG0000641	K02523	octaprenyl-diphosphate synthase [EC:2.5.1.90]	COG0142	IspA	Geranylgeranyl pyrophosphate synthase	HIMB1702_01462	2
HIMB1702-00000000001	1388695	1389321	-	HIMB1702_01465	HIMB1702	208	OG0000522	K00275	pyridoxamine 5'-phosphate oxidase [EC:1.4.3.5]	COG0259	PdxH	Pyridoxine/pyridoxamine 5'-phosphate oxidase	HIMB1702_01462	3
HIMB1702-00000000001	1389355	1390437	+	HIMB1702_01466	HIMB1702	360	OG0000279	K01736	chorismate synthase [EC:4.2.3.5]	COG0082	AroC	Chorismate synthase	HIMB1702_01462	4
HIMB1702-00000000001	1390442	1392358	-	HIMB1702_01467	HIMB1702	638	OG0000041	K01662	1-deoxy-D-xylulose-5-phosphate synthase [EC:2.2.1.7]	COG1154	Dxs	Deoxyxylulose-5-phosphate synthase	HIMB1702_01462	5
HIMB1709-00000000002	199223	200047	+	HIMB1709_01465	HIMB1709	274	OG0000361	K03593	ATP-binding protein involved in chromosome partitioning	COG0489	Mrp	Fe-S cluster carrier ATPase, Mrp/ApbC/NBP35 family	HIMB1709_01471	-5
HIMB1709-00000000002	200028	200975	-	HIMB1709_01466	HIMB1709	315	OG0000256	K03465	thymidylate synthase (FAD) [EC:2.1.1.148]	COG1351	ThyX	Thymidylate synthase ThyX, FAD-dependent family	HIMB1709_01471	-4
HIMB1709-00000000002	201278	201484	-	HIMB1709_01468	HIMB1709	68	OG0001534	NA	NA	COG5515	NA	Uncharacterized conserved protein, DUF1737 domain	HIMB1709_01471	-3
HIMB1709-00000000002	201495	204155	-	HIMB1709_01469	HIMB1709	886	OG0000798	K01006	pyruvate, orthophosphate dikinase [EC:2.7.9.1]	COG0574	PpsA	Phosphoenolpyruvate synthase/pyruvate phosphate dikinase	HIMB1709_01471	-2
HIMB1709-00000000002	204155	206221	-	HIMB1709_01470	HIMB1709	688	OG0000882	K01879	glycyl-tRNA synthetase beta chain [EC:6.1.1.14]	COG0751	GlyS	Glycyl-tRNA synthetase, beta subunit	HIMB1709_01471	-1
HIMB1709-00000000002	206221	207117	-	HIMB1709_01471	HIMB1709	298	OG0000870	K01878	glycyl-tRNA synthetase alpha chain [EC:6.1.1.14]	COG0752	GlyQ	Glycyl-tRNA synthetase, alpha subunit	HIMB1709_01471	0
HIMB1709-00000000002	207083	207886	-	HIMB1709_01472	HIMB1709	267	OG0000623	K04773	protease IV [EC:3.4.21.-]	COG0616	SppA	Periplasmic serine protease, ClpP class	HIMB1709_01471	1
HIMB1709-00000000002	208001	209014	+	HIMB1709_01473	HIMB1709	337	OG0000641	K02523	octaprenyl-diphosphate synthase [EC:2.5.1.90]	COG0142	IspA	Geranylgeranyl pyrophosphate synthase	HIMB1709_01471	2
HIMB1709-00000000002	209011	209637	-	HIMB1709_01474	HIMB1709	208	OG0000522	K00275	pyridoxamine 5'-phosphate oxidase [EC:1.4.3.5]	COG0259	PdxH	Pyridoxine/pyridoxamine 5'-phosphate oxidase	HIMB1709_01471	3
HIMB1709-00000000002	209671	210753	+	HIMB1709_01475	HIMB1709	360	OG0000279	K01736	chorismate synthase [EC:4.2.3.5]	COG0082	AroC	Chorismate synthase	HIMB1709_01471	4
HIMB1709-00000000002	210758	212674	-	HIMB1709_01476	HIMB1709	638	OG0000041	K01662	1-deoxy-D-xylulose-5-phosphate synthase [EC:2.2.1.7]	COG1154	Dxs	Deoxyxylulose-5-phosphate synthase	HIMB1709_01471	5
HIMB1710-00000000003	1371153	1371977	+	HIMB1710_01466	HIMB1710	274	OG0000361	K03593	ATP-binding protein involved in chromosome partitioning	COG0489	Mrp	Fe-S cluster carrier ATPase, Mrp/ApbC/NBP35 family	HIMB1710_01472	-5
HIMB1710-00000000003	1371958	1372905	-	HIMB1710_01467	HIMB1710	315	OG0000256	K03465	thymidylate synthase (FAD) [EC:2.1.1.148]	COG1351	ThyX	Thymidylate synthase ThyX, FAD-dependent family	HIMB1710_01472	-4
HIMB1710-00000000003	1373209	1373415	-	HIMB1710_01469	HIMB1710	68	OG0001534	NA	NA	COG5515	NA	Uncharacterized conserved protein, DUF1737 domain	HIMB1710_01472	-3
HIMB1710-00000000003	1373426	1376086	-	HIMB1710_01470	HIMB1710	886	OG0000798	K01006	pyruvate, orthophosphate dikinase [EC:2.7.9.1]	COG0574	PpsA	Phosphoenolpyruvate synthase/pyruvate phosphate dikinase	HIMB1710_01472	-2
HIMB1710-00000000003	1376086	1378152	-	HIMB1710_01471	HIMB1710	688	OG0000882	K01879	glycyl-tRNA synthetase beta chain [EC:6.1.1.14]	COG0751	GlyS	Glycyl-tRNA synthetase, beta subunit	HIMB1710_01472	-1
HIMB1710-00000000003	1378152	1379048	-	HIMB1710_01472	HIMB1710	298	OG0000870	K01878	glycyl-tRNA synthetase alpha chain [EC:6.1.1.14]	COG0752	GlyQ	Glycyl-tRNA synthetase, alpha subunit	HIMB1710_01472	0
HIMB1710-00000000003	1379014	1379817	-	HIMB1710_01473	HIMB1710	267	OG0000623	K04773	protease IV [EC:3.4.21.-]	COG0616	SppA	Periplasmic serine protease, ClpP class	HIMB1710_01472	1
HIMB1710-00000000003	1379932	1380945	+	HIMB1710_01474	HIMB1710	337	OG0000641	K02523	octaprenyl-diphosphate synthase [EC:2.5.1.90]	COG0142	IspA	Geranylgeranyl pyrophosphate synthase	HIMB1710_01472	2
HIMB1710-00000000003	1380942	1381568	-	HIMB1710_01475	HIMB1710	208	OG0000522	K00275	pyridoxamine 5'-phosphate oxidase [EC:1.4.3.5]	COG0259	PdxH	Pyridoxine/pyridoxamine 5'-phosphate oxidase	HIMB1710_01472	3
HIMB1710-00000000003	1381602	1382684	+	HIMB1710_01476	HIMB1710	360	OG0000279	K01736	chorismate synthase [EC:4.2.3.5]	COG0082	AroC	Chorismate synthase	HIMB1710_01472	4
HIMB1710-00000000003	1382689	1384605	-	HIMB1710_01477	HIMB1710	638	OG0000041	K01662	1-deoxy-D-xylulose-5-phosphate synthase [EC:2.2.1.7]	COG1154	Dxs	Deoxyxylulose-5-phosphate synthase	HIMB1710_01472	5
HIMB1715-00000000008	125	2794	-	HIMB1715_00639	HIMB1715	889	OG0000798	K01006	pyruvate, orthophosphate dikinase [EC:2.7.9.1]	COG0574	PpsA	Phosphoenolpyruvate synthase/pyruvate phosphate dikinase	HIMB1715_00641	-2
HIMB1715-00000000008	2794	4860	-	HIMB1715_00640	HIMB1715	688	OG0000882	K01879	glycyl-tRNA synthetase beta chain [EC:6.1.1.14]	COG0751	GlyS	Glycyl-tRNA synthetase, beta subunit	HIMB1715_00641	-1
HIMB1715-00000000008	4860	5756	-	HIMB1715_00641	HIMB1715	298	OG0000870	K01878	glycyl-tRNA synthetase alpha chain [EC:6.1.1.14]	COG0752	GlyQ	Glycyl-tRNA synthetase, alpha subunit	HIMB1715_00641	0
HIMB1715-00000000008	5722	6525	-	HIMB1715_00642	HIMB1715	267	OG0000623	K04773	protease IV [EC:3.4.21.-]	COG0616	SppA	Periplasmic serine protease, ClpP class	HIMB1715_00641	1
HIMB1715-00000000008	6640	7653	+	HIMB1715_00643	HIMB1715	337	OG0000641	K02523	octaprenyl-diphosphate synthase [EC:2.5.1.90]	COG0142	IspA	Geranylgeranyl pyrophosphate synthase	HIMB1715_00641	2
HIMB1715-00000000008	7650	8276	-	HIMB1715_00644	HIMB1715	208	OG0000522	K00275	pyridoxamine 5'-phosphate oxidase [EC:1.4.3.5]	COG0259	PdxH	Pyridoxine/pyridoxamine 5'-phosphate oxidase	HIMB1715_00641	3
HIMB1715-00000000008	8310	9392	+	HIMB1715_00645	HIMB1715	360	OG0000279	K01736	chorismate synthase [EC:4.2.3.5]	COG0082	AroC	Chorismate synthase	HIMB1715_00641	4
HIMB1715-00000000008	9397	11313	-	HIMB1715_00646	HIMB1715	638	OG0000041	K01662	1-deoxy-D-xylulose-5-phosphate synthase [EC:2.2.1.7]	COG1154	Dxs	Deoxyxylulose-5-phosphate synthase	HIMB1715_00641	5
HIMB1723-00000000001	976619	978535	+	HIMB1723_01033	HIMB1723	638	OG0000041	K01662	1-deoxy-D-xylulose-5-phosphate synthase [EC:2.2.1.7]	COG1154	Dxs	Deoxyxylulose-5-phosphate synthase	HIMB1723_01038	-5
HIMB1723-00000000001	978540	979622	-	HIMB1723_01034	HIMB1723	360	OG0000279	K01736	chorismate synthase [EC:4.2.3.5]	COG0082	AroC	Chorismate synthase	HIMB1723_01038	-4
HIMB1723-00000000001	979656	980282	+	HIMB1723_01035	HIMB1723	208	OG0000522	K00275	pyridoxamine 5'-phosphate oxidase [EC:1.4.3.5]	COG0259	PdxH	Pyridoxine/pyridoxamine 5'-phosphate oxidase	HIMB1723_01038	-3
HIMB1723-00000000001	980279	981292	-	HIMB1723_01036	HIMB1723	337	OG0000641	K02523	octaprenyl-diphosphate synthase [EC:2.5.1.90]	COG0142	IspA	Geranylgeranyl pyrophosphate synthase	HIMB1723_01038	-2
HIMB1723-00000000001	981407	982210	+	HIMB1723_01037	HIMB1723	267	OG0000623	K04773	protease IV [EC:3.4.21.-]	COG0616	SppA	Periplasmic serine protease, ClpP class	HIMB1723_01038	-1
HIMB1723-00000000001	982176	983072	+	HIMB1723_01038	HIMB1723	298	OG0000870	K01878	glycyl-tRNA synthetase alpha chain [EC:6.1.1.14]	COG0752	GlyQ	Glycyl-tRNA synthetase, alpha subunit	HIMB1723_01038	0
HIMB1723-00000000001	983072	985138	+	HIMB1723_01039	HIMB1723	688	OG0000882	K01879	glycyl-tRNA synthetase beta chain [EC:6.1.1.14]	COG0751	GlyS	Glycyl-tRNA synthetase, beta subunit	HIMB1723_01038	1
HIMB1723-00000000001	985138	987798	+	HIMB1723_01040	HIMB1723	886	OG0000798	K01006	pyruvate, orthophosphate dikinase [EC:2.7.9.1]	COG0574	PpsA	Phosphoenolpyruvate synthase/pyruvate phosphate dikinase	HIMB1723_01038	2
HIMB1723-00000000001	987809	988015	+	HIMB1723_01041	HIMB1723	68	OG0001534	NA	NA	COG5515	NA	Uncharacterized conserved protein, DUF1737 domain	HIMB1723_01038	3
HIMB1723-00000000001	988319	989266	+	HIMB1723_01043	HIMB1723	315	OG0000256	K03465	thymidylate synthase (FAD) [EC:2.1.1.148]	COG1351	ThyX	Thymidylate synthase ThyX, FAD-dependent family	HIMB1723_01038	4
HIMB1723-00000000001	989274	991049	+	HIMB1723_01044	HIMB1723	591	OG0002274	NA	NA	NA	NA	NA	HIMB1723_01038	5
HIMB1746-00000000001	52011	53927	+	HIMB1746_00065	HIMB1746	638	OG0000041	K01662	1-deoxy-D-xylulose-5-phosphate synthase [EC:2.2.1.7]	COG1154	Dxs	Deoxyxylulose-5-phosphate synthase	HIMB1746_00070	-5
HIMB1746-00000000001	53932	55014	-	HIMB1746_00066	HIMB1746	360	OG0000279	K01736	chorismate synthase [EC:4.2.3.5]	COG0082	AroC	Chorismate synthase	HIMB1746_00070	-4
HIMB1746-00000000001	55048	55674	+	HIMB1746_00067	HIMB1746	208	OG0000522	K00275	pyridoxamine 5'-phosphate oxidase [EC:1.4.3.5]	COG0259	PdxH	Pyridoxine/pyridoxamine 5'-phosphate oxidase	HIMB1746_00070	-3
HIMB1746-00000000001	55671	56684	-	HIMB1746_00068	HIMB1746	337	OG0000641	K02523	octaprenyl-diphosphate synthase [EC:2.5.1.90]	COG0142	IspA	Geranylgeranyl pyrophosphate synthase	HIMB1746_00070	-2
HIMB1746-00000000001	56799	57602	+	HIMB1746_00069	HIMB1746	267	OG0000623	K04773	protease IV [EC:3.4.21.-]	COG0616	SppA	Periplasmic serine protease, ClpP class	HIMB1746_00070	-1
HIMB1746-00000000001	57568	58464	+	HIMB1746_00070	HIMB1746	298	OG0000870	K01878	glycyl-tRNA synthetase alpha chain [EC:6.1.1.14]	COG0752	GlyQ	Glycyl-tRNA synthetase, alpha subunit	HIMB1746_00070	0
HIMB1746-00000000001	58464	60533	+	HIMB1746_00071	HIMB1746	689	OG0000882	K01879	glycyl-tRNA synthetase beta chain [EC:6.1.1.14]	COG0751	GlyS	Glycyl-tRNA synthetase, beta subunit	HIMB1746_00070	1
HIMB1746-00000000001	60530	63190	+	HIMB1746_00072	HIMB1746	886	OG0000798	K01006	pyruvate, orthophosphate dikinase [EC:2.7.9.1]	COG0574	PpsA	Phosphoenolpyruvate synthase/pyruvate phosphate dikinase	HIMB1746_00070	2
HIMB1746-00000000001	63201	63407	+	HIMB1746_00073	HIMB1746	68	OG0001534	NA	NA	COG5515	NA	Uncharacterized conserved protein, DUF1737 domain	HIMB1746_00070	3
HIMB1746-00000000001	63480	64682	-	HIMB1746_00074	HIMB1746	400	OG0002065	NA	NA	COG4974	XerD	Site-specific tyrosine recombinase XerD	HIMB1746_00070	4
HIMB1746-00000000001	64750	65322	-	HIMB1746_00075	HIMB1746	190	NA	NA	NA	NA	NA	NA	HIMB1746_00070	5
HIMB1748-00000000003	47578	49494	+	HIMB1748_00682	HIMB1748	638	OG0000041	K01662	1-deoxy-D-xylulose-5-phosphate synthase [EC:2.2.1.7]	COG1154	Dxs	Deoxyxylulose-5-phosphate synthase	HIMB1748_00687	-5
HIMB1748-00000000003	49499	50581	-	HIMB1748_00683	HIMB1748	360	OG0000279	K01736	chorismate synthase [EC:4.2.3.5]	COG0082	AroC	Chorismate synthase	HIMB1748_00687	-4
HIMB1748-00000000003	50615	51241	+	HIMB1748_00684	HIMB1748	208	OG0000522	K00275	pyridoxamine 5'-phosphate oxidase [EC:1.4.3.5]	COG0259	PdxH	Pyridoxine/pyridoxamine 5'-phosphate oxidase	HIMB1748_00687	-3
HIMB1748-00000000003	51238	52251	-	HIMB1748_00685	HIMB1748	337	OG0000641	K02523	octaprenyl-diphosphate synthase [EC:2.5.1.90]	COG0142	IspA	Geranylgeranyl pyrophosphate synthase	HIMB1748_00687	-2
HIMB1748-00000000003	52366	53169	+	HIMB1748_00686	HIMB1748	267	OG0000623	K04773	protease IV [EC:3.4.21.-]	COG0616	SppA	Periplasmic serine protease, ClpP class	HIMB1748_00687	-1
HIMB1748-00000000003	53135	54031	+	HIMB1748_00687	HIMB1748	298	OG0000870	K01878	glycyl-tRNA synthetase alpha chain [EC:6.1.1.14]	COG0752	GlyQ	Glycyl-tRNA synthetase, alpha subunit	HIMB1748_00687	0
HIMB1748-00000000003	54031	56097	+	HIMB1748_00688	HIMB1748	688	OG0000882	K01879	glycyl-tRNA synthetase beta chain [EC:6.1.1.14]	COG0751	GlyS	Glycyl-tRNA synthetase, beta subunit	HIMB1748_00687	1
HIMB1748-00000000003	56097	58757	+	HIMB1748_00689	HIMB1748	886	OG0000798	K01006	pyruvate, orthophosphate dikinase [EC:2.7.9.1]	COG0574	PpsA	Phosphoenolpyruvate synthase/pyruvate phosphate dikinase	HIMB1748_00687	2
HIMB1748-00000000003	58768	58974	+	HIMB1748_00690	HIMB1748	68	OG0001534	NA	NA	COG5515	NA	Uncharacterized conserved protein, DUF1737 domain	HIMB1748_00687	3
HIMB1748-00000000003	59278	60225	+	HIMB1748_00692	HIMB1748	315	OG0000256	K03465	thymidylate synthase (FAD) [EC:2.1.1.148]	COG1351	ThyX	Thymidylate synthase ThyX, FAD-dependent family	HIMB1748_00687	4
HIMB1748-00000000003	60206	61030	-	HIMB1748_00693	HIMB1748	274	OG0000361	K03593	ATP-binding protein involved in chromosome partitioning	COG0489	Mrp	Fe-S cluster carrier ATPase, Mrp/ApbC/NBP35 family	HIMB1748_00687	5
HIMB1758-00000000001	707549	709465	+	HIMB1758_00733	HIMB1758	638	OG0000041	K01662	1-deoxy-D-xylulose-5-phosphate synthase [EC:2.2.1.7]	COG1154	Dxs	Deoxyxylulose-5-phosphate synthase	HIMB1758_00738	-5
HIMB1758-00000000001	709470	710552	-	HIMB1758_00734	HIMB1758	360	OG0000279	K01736	chorismate synthase [EC:4.2.3.5]	COG0082	AroC	Chorismate synthase	HIMB1758_00738	-4
HIMB1758-00000000001	710586	711212	+	HIMB1758_00735	HIMB1758	208	OG0000522	K00275	pyridoxamine 5'-phosphate oxidase [EC:1.4.3.5]	COG0259	PdxH	Pyridoxine/pyridoxamine 5'-phosphate oxidase	HIMB1758_00738	-3
HIMB1758-00000000001	711209	712222	-	HIMB1758_00736	HIMB1758	337	OG0000641	K02523	octaprenyl-diphosphate synthase [EC:2.5.1.90]	COG0142	IspA	Geranylgeranyl pyrophosphate synthase	HIMB1758_00738	-2
HIMB1758-00000000001	712337	713140	+	HIMB1758_00737	HIMB1758	267	OG0000623	K04773	protease IV [EC:3.4.21.-]	COG0616	SppA	Periplasmic serine protease, ClpP class	HIMB1758_00738	-1
HIMB1758-00000000001	713106	714002	+	HIMB1758_00738	HIMB1758	298	OG0000870	K01878	glycyl-tRNA synthetase alpha chain [EC:6.1.1.14]	COG0752	GlyQ	Glycyl-tRNA synthetase, alpha subunit	HIMB1758_00738	0
HIMB1758-00000000001	714002	716068	+	HIMB1758_00739	HIMB1758	688	OG0000882	K01879	glycyl-tRNA synthetase beta chain [EC:6.1.1.14]	COG0751	GlyS	Glycyl-tRNA synthetase, beta subunit	HIMB1758_00738	1
HIMB1758-00000000001	716068	718728	+	HIMB1758_00740	HIMB1758	886	OG0000798	K01006	pyruvate, orthophosphate dikinase [EC:2.7.9.1]	COG0574	PpsA	Phosphoenolpyruvate synthase/pyruvate phosphate dikinase	HIMB1758_00738	2
HIMB1758-00000000001	718739	718945	+	HIMB1758_00741	HIMB1758	68	OG0001534	NA	NA	COG5515	NA	Uncharacterized conserved protein, DUF1737 domain	HIMB1758_00738	3
HIMB1758-00000000001	719249	720196	+	HIMB1758_00743	HIMB1758	315	OG0000256	K03465	thymidylate synthase (FAD) [EC:2.1.1.148]	COG1351	ThyX	Thymidylate synthase ThyX, FAD-dependent family	HIMB1758_00738	4
HIMB1758-00000000001	720177	721001	-	HIMB1758_00744	HIMB1758	274	OG0000361	K03593	ATP-binding protein involved in chromosome partitioning	COG0489	Mrp	Fe-S cluster carrier ATPase, Mrp/ApbC/NBP35 family	HIMB1758_00738	5
HIMB1765-00000000001	708071	709618	-	HIMB1765_00779	HIMB1765	515	OG0000056	NA	NA	COG2089	SpsE	Sialic acid synthase SpsE, contains C-terminal SAF domain	HIMB1765_00784	-5
HIMB1765-00000000001	709655	710503	-	HIMB1765_00780	HIMB1765	282	OG0001823	NA	NA	COG0463	WcaA	Glycosyltransferase involved in cell wall bisynthesis	HIMB1765_00784	-4
HIMB1765-00000000001	710503	711186	-	HIMB1765_00781	HIMB1765	227	OG0000062	NA	NA	COG1083	NeuA	CMP-N-acetylneuraminic acid synthetase, NeuA/PseF family	HIMB1765_00784	-3
HIMB1765-00000000001	711202	713859	-	HIMB1765_00782	HIMB1765	885	OG0000798	K01006	pyruvate, orthophosphate dikinase [EC:2.7.9.1]	COG0574	PpsA	Phosphoenolpyruvate synthase/pyruvate phosphate dikinase	HIMB1765_00784	-2
HIMB1765-00000000001	713859	715925	-	HIMB1765_00783	HIMB1765	688	OG0000882	K01879	glycyl-tRNA synthetase beta chain [EC:6.1.1.14]	COG0751	GlyS	Glycyl-tRNA synthetase, beta subunit	HIMB1765_00784	-1
HIMB1765-00000000001	715925	716821	-	HIMB1765_00784	HIMB1765	298	OG0000870	K01878	glycyl-tRNA synthetase alpha chain [EC:6.1.1.14]	COG0752	GlyQ	Glycyl-tRNA synthetase, alpha subunit	HIMB1765_00784	0
HIMB1765-00000000001	716787	717590	-	HIMB1765_00785	HIMB1765	267	OG0000623	K04773	protease IV [EC:3.4.21.-]	COG0616	SppA	Periplasmic serine protease, ClpP class	HIMB1765_00784	1
HIMB1765-00000000001	717705	718718	+	HIMB1765_00786	HIMB1765	337	OG0000641	K02523	octaprenyl-diphosphate synthase [EC:2.5.1.90]	COG0142	IspA	Geranylgeranyl pyrophosphate synthase	HIMB1765_00784	2
HIMB1765-00000000001	718715	719341	-	HIMB1765_00787	HIMB1765	208	OG0000522	K00275	pyridoxamine 5'-phosphate oxidase [EC:1.4.3.5]	COG0259	PdxH	Pyridoxine/pyridoxamine 5'-phosphate oxidase	HIMB1765_00784	3
HIMB1765-00000000001	719375	720457	+	HIMB1765_00788	HIMB1765	360	OG0000279	K01736	chorismate synthase [EC:4.2.3.5]	COG0082	AroC	Chorismate synthase	HIMB1765_00784	4
HIMB1765-00000000001	720462	722378	-	HIMB1765_00789	HIMB1765	638	OG0000041	K01662	1-deoxy-D-xylulose-5-phosphate synthase [EC:2.2.1.7]	COG1154	Dxs	Deoxyxylulose-5-phosphate synthase	HIMB1765_00784	5
HIMB1770-00000000001	1119111	1121027	+	HIMB1770_01203	HIMB1770	638	OG0000041	K01662	1-deoxy-D-xylulose-5-phosphate synthase [EC:2.2.1.7]	COG1154	Dxs	Deoxyxylulose-5-phosphate synthase	HIMB1770_01208	-5
HIMB1770-00000000001	1121032	1122114	-	HIMB1770_01204	HIMB1770	360	OG0000279	K01736	chorismate synthase [EC:4.2.3.5]	COG0082	AroC	Chorismate synthase	HIMB1770_01208	-4
HIMB1770-00000000001	1122148	1122774	+	HIMB1770_01205	HIMB1770	208	OG0000522	K00275	pyridoxamine 5'-phosphate oxidase [EC:1.4.3.5]	COG0259	PdxH	Pyridoxine/pyridoxamine 5'-phosphate oxidase	HIMB1770_01208	-3
HIMB1770-00000000001	1122771	1123784	-	HIMB1770_01206	HIMB1770	337	OG0000641	K02523	octaprenyl-diphosphate synthase [EC:2.5.1.90]	COG0142	IspA	Geranylgeranyl pyrophosphate synthase	HIMB1770_01208	-2
HIMB1770-00000000001	1123899	1124702	+	HIMB1770_01207	HIMB1770	267	OG0000623	K04773	protease IV [EC:3.4.21.-]	COG0616	SppA	Periplasmic serine protease, ClpP class	HIMB1770_01208	-1
HIMB1770-00000000001	1124668	1125564	+	HIMB1770_01208	HIMB1770	298	OG0000870	K01878	glycyl-tRNA synthetase alpha chain [EC:6.1.1.14]	COG0752	GlyQ	Glycyl-tRNA synthetase, alpha subunit	HIMB1770_01208	0
HIMB1770-00000000001	1125564	1127630	+	HIMB1770_01209	HIMB1770	688	OG0000882	K01879	glycyl-tRNA synthetase beta chain [EC:6.1.1.14]	COG0751	GlyS	Glycyl-tRNA synthetase, beta subunit	HIMB1770_01208	1
HIMB1770-00000000001	1127630	1130287	+	HIMB1770_01210	HIMB1770	885	OG0000798	K01006	pyruvate, orthophosphate dikinase [EC:2.7.9.1]	COG0574	PpsA	Phosphoenolpyruvate synthase/pyruvate phosphate dikinase	HIMB1770_01208	2
HIMB1770-00000000001	1130301	1130507	+	HIMB1770_01211	HIMB1770	68	OG0001534	NA	NA	COG5515	NA	Uncharacterized conserved protein, DUF1737 domain	HIMB1770_01208	3
HIMB1770-00000000001	1130811	1131758	+	HIMB1770_01213	HIMB1770	315	OG0000256	K03465	thymidylate synthase (FAD) [EC:2.1.1.148]	COG1351	ThyX	Thymidylate synthase ThyX, FAD-dependent family	HIMB1770_01208	4
HIMB1770-00000000001	1131739	1132563	-	HIMB1770_01214	HIMB1770	274	OG0000361	K03593	ATP-binding protein involved in chromosome partitioning	COG0489	Mrp	Fe-S cluster carrier ATPase, Mrp/ApbC/NBP35 family	HIMB1770_01208	5
HIMB1782-00000000002	49881	51797	+	HIMB1782_00963	HIMB1782	638	OG0000041	K01662	1-deoxy-D-xylulose-5-phosphate synthase [EC:2.2.1.7]	COG1154	Dxs	Deoxyxylulose-5-phosphate synthase	HIMB1782_00968	-5
HIMB1782-00000000002	51802	52884	-	HIMB1782_00964	HIMB1782	360	OG0000279	K01736	chorismate synthase [EC:4.2.3.5]	COG0082	AroC	Chorismate synthase	HIMB1782_00968	-4
HIMB1782-00000000002	52918	53544	+	HIMB1782_00965	HIMB1782	208	OG0000522	K00275	pyridoxamine 5'-phosphate oxidase [EC:1.4.3.5]	COG0259	PdxH	Pyridoxine/pyridoxamine 5'-phosphate oxidase	HIMB1782_00968	-3
HIMB1782-00000000002	53541	54554	-	HIMB1782_00966	HIMB1782	337	OG0000641	K02523	octaprenyl-diphosphate synthase [EC:2.5.1.90]	COG0142	IspA	Geranylgeranyl pyrophosphate synthase	HIMB1782_00968	-2
HIMB1782-00000000002	54669	55472	+	HIMB1782_00967	HIMB1782	267	OG0000623	K04773	protease IV [EC:3.4.21.-]	COG0616	SppA	Periplasmic serine protease, ClpP class	HIMB1782_00968	-1
HIMB1782-00000000002	55438	56334	+	HIMB1782_00968	HIMB1782	298	OG0000870	K01878	glycyl-tRNA synthetase alpha chain [EC:6.1.1.14]	COG0752	GlyQ	Glycyl-tRNA synthetase, alpha subunit	HIMB1782_00968	0
HIMB1782-00000000002	56334	58400	+	HIMB1782_00969	HIMB1782	688	OG0000882	K01879	glycyl-tRNA synthetase beta chain [EC:6.1.1.14]	COG0751	GlyS	Glycyl-tRNA synthetase, beta subunit	HIMB1782_00968	1
HIMB1782-00000000002	58400	61057	+	HIMB1782_00970	HIMB1782	885	OG0000798	K01006	pyruvate, orthophosphate dikinase [EC:2.7.9.1]	COG0574	PpsA	Phosphoenolpyruvate synthase/pyruvate phosphate dikinase	HIMB1782_00968	2
HIMB1782-00000000002	61072	61278	+	HIMB1782_00971	HIMB1782	68	OG0001534	NA	NA	COG5515	NA	Uncharacterized conserved protein, DUF1737 domain	HIMB1782_00968	3
HIMB1782-00000000002	61582	62529	+	HIMB1782_00973	HIMB1782	315	OG0000256	K03465	thymidylate synthase (FAD) [EC:2.1.1.148]	COG1351	ThyX	Thymidylate synthase ThyX, FAD-dependent family	HIMB1782_00968	4
HIMB1782-00000000002	62510	63334	-	HIMB1782_00974	HIMB1782	274	OG0000361	K03593	ATP-binding protein involved in chromosome partitioning	COG0489	Mrp	Fe-S cluster carrier ATPase, Mrp/ApbC/NBP35 family	HIMB1782_00968	5
HIMB1835-00000000115	879	2792	+	HIMB1835_00734	HIMB1835	637	OG0000041	K01662	1-deoxy-D-xylulose-5-phosphate synthase [EC:2.2.1.7]	COG1154	Dxs	Deoxyxylulose-5-phosphate synthase	HIMB1835_00739	-5
HIMB1835-00000000115	2798	3880	-	HIMB1835_00735	HIMB1835	360	OG0000279	K01736	chorismate synthase [EC:4.2.3.5]	COG0082	AroC	Chorismate synthase	HIMB1835_00739	-4
HIMB1835-00000000115	3914	4540	+	HIMB1835_00736	HIMB1835	208	OG0000522	K00275	pyridoxamine 5'-phosphate oxidase [EC:1.4.3.5]	COG0259	PdxH	Pyridoxine/pyridoxamine 5'-phosphate oxidase	HIMB1835_00739	-3
HIMB1835-00000000115	4537	5550	-	HIMB1835_00737	HIMB1835	337	OG0000641	K02523	octaprenyl-diphosphate synthase [EC:2.5.1.90]	COG0142	IspA	Geranylgeranyl pyrophosphate synthase	HIMB1835_00739	-2
HIMB1835-00000000115	5664	6470	+	HIMB1835_00738	HIMB1835	268	OG0000623	K04773	protease IV [EC:3.4.21.-]	COG0616	SppA	Periplasmic serine protease, ClpP class	HIMB1835_00739	-1
HIMB1835-00000000115	6460	7341	+	HIMB1835_00739	HIMB1835	293	OG0000870	K01878	glycyl-tRNA synthetase alpha chain [EC:6.1.1.14]	COG0752	GlyQ	Glycyl-tRNA synthetase, alpha subunit	HIMB1835_00739	0
HIMB1835-00000000115	7315	7620	-	HIMB1835_00740	HIMB1835	101	NA	NA	NA	NA	NA	NA	HIMB1835_00739	1
HIMB1838-00000000001	117	1058	+	HIMB1838_00001	HIMB1838	313	OG0001144	NA	NA	COG2133	YliI	Glucose/arabinose dehydrogenase, beta-propeller fold	HIMB1838_00006	-5
HIMB1838-00000000001	1086	1799	+	HIMB1838_00002	HIMB1838	237	OG0001203	NA	NA	NA	NA	NA	HIMB1838_00006	-4
HIMB1838-00000000001	1783	2559	-	HIMB1838_00003	HIMB1838	258	OG0001271	NA	NA	NA	NA	NA	HIMB1838_00006	-3
HIMB1838-00000000001	2579	5236	-	HIMB1838_00004	HIMB1838	885	OG0000798	K01006	pyruvate, orthophosphate dikinase [EC:2.7.9.1]	COG0574	PpsA	Phosphoenolpyruvate synthase/pyruvate phosphate dikinase	HIMB1838_00006	-2
HIMB1838-00000000001	5229	7301	-	HIMB1838_00005	HIMB1838	690	OG0000882	K01879	glycyl-tRNA synthetase beta chain [EC:6.1.1.14]	COG0751	GlyS	Glycyl-tRNA synthetase, beta subunit	HIMB1838_00006	-1
HIMB1838-00000000001	7303	8184	-	HIMB1838_00006	HIMB1838	293	OG0000870	K01878	glycyl-tRNA synthetase alpha chain [EC:6.1.1.14]	COG0752	GlyQ	Glycyl-tRNA synthetase, alpha subunit	HIMB1838_00006	0
HIMB1838-00000000001	8174	8980	-	HIMB1838_00007	HIMB1838	268	OG0000623	K04773	protease IV [EC:3.4.21.-]	COG0616	SppA	Periplasmic serine protease, ClpP class	HIMB1838_00006	1
HIMB1838-00000000001	9094	10107	+	HIMB1838_00008	HIMB1838	337	OG0000641	K02523	octaprenyl-diphosphate synthase [EC:2.5.1.90]	COG0142	IspA	Geranylgeranyl pyrophosphate synthase	HIMB1838_00006	2
HIMB1838-00000000001	10104	10730	-	HIMB1838_00009	HIMB1838	208	OG0000522	K00275	pyridoxamine 5'-phosphate oxidase [EC:1.4.3.5]	COG0259	PdxH	Pyridoxine/pyridoxamine 5'-phosphate oxidase	HIMB1838_00006	3
HIMB1838-00000000001	10764	11846	+	HIMB1838_00010	HIMB1838	360	OG0000279	K01736	chorismate synthase [EC:4.2.3.5]	COG0082	AroC	Chorismate synthase	HIMB1838_00006	4
HIMB1838-00000000001	11852	13765	-	HIMB1838_00011	HIMB1838	637	OG0000041	K01662	1-deoxy-D-xylulose-5-phosphate synthase [EC:2.2.1.7]	COG1154	Dxs	Deoxyxylulose-5-phosphate synthase	HIMB1838_00006	5
HIMB1863-00000000005	32960	33907	-	HIMB1863_00678	HIMB1863	315	OG0000256	K03465	thymidylate synthase (FAD) [EC:2.1.1.148]	COG1351	ThyX	Thymidylate synthase ThyX, FAD-dependent family	HIMB1863_00684	-5
HIMB1863-00000000005	34285	35649	+	HIMB1863_00680	HIMB1863	454	OG0001144	NA	NA	COG2133	YliI	Glucose/arabinose dehydrogenase, beta-propeller fold	HIMB1863_00684	-4
HIMB1863-00000000005	35659	36441	-	HIMB1863_00681	HIMB1863	260	OG0001271	NA	NA	NA	NA	NA	HIMB1863_00684	-3
HIMB1863-00000000005	36460	39117	-	HIMB1863_00682	HIMB1863	885	OG0000798	K01006	pyruvate, orthophosphate dikinase [EC:2.7.9.1]	COG0574	PpsA	Phosphoenolpyruvate synthase/pyruvate phosphate dikinase	HIMB1863_00684	-2
HIMB1863-00000000005	39110	41182	-	HIMB1863_00683	HIMB1863	690	OG0000882	K01879	glycyl-tRNA synthetase beta chain [EC:6.1.1.14]	COG0751	GlyS	Glycyl-tRNA synthetase, beta subunit	HIMB1863_00684	-1
HIMB1863-00000000005	41184	42056	-	HIMB1863_00684	HIMB1863	290	OG0000870	K01878	glycyl-tRNA synthetase alpha chain [EC:6.1.1.14]	COG0752	GlyQ	Glycyl-tRNA synthetase, alpha subunit	HIMB1863_00684	0
HIMB1863-00000000005	42046	42852	-	HIMB1863_00685	HIMB1863	268	OG0000623	K04773	protease IV [EC:3.4.21.-]	COG0616	SppA	Periplasmic serine protease, ClpP class	HIMB1863_00684	1
HIMB1863-00000000005	42966	43979	+	HIMB1863_00686	HIMB1863	337	OG0000641	K02523	octaprenyl-diphosphate synthase [EC:2.5.1.90]	COG0142	IspA	Geranylgeranyl pyrophosphate synthase	HIMB1863_00684	2
HIMB1863-00000000005	43976	44602	-	HIMB1863_00687	HIMB1863	208	OG0000522	K00275	pyridoxamine 5'-phosphate oxidase [EC:1.4.3.5]	COG0259	PdxH	Pyridoxine/pyridoxamine 5'-phosphate oxidase	HIMB1863_00684	3
HIMB1863-00000000005	44636	45718	+	HIMB1863_00688	HIMB1863	360	OG0000279	K01736	chorismate synthase [EC:4.2.3.5]	COG0082	AroC	Chorismate synthase	HIMB1863_00684	4
HIMB1863-00000000005	45724	47637	-	HIMB1863_00689	HIMB1863	637	OG0000041	K01662	1-deoxy-D-xylulose-5-phosphate synthase [EC:2.2.1.7]	COG1154	Dxs	Deoxyxylulose-5-phosphate synthase	HIMB1863_00684	5
HIMB2104-00000000004	46295	48208	+	HIMB2104_00278	HIMB2104	637	OG0000041	K01662	1-deoxy-D-xylulose-5-phosphate synthase [EC:2.2.1.7]	COG1154	Dxs	Deoxyxylulose-5-phosphate synthase	HIMB2104_00283	-5
HIMB2104-00000000004	48214	49296	-	HIMB2104_00279	HIMB2104	360	OG0000279	K01736	chorismate synthase [EC:4.2.3.5]	COG0082	AroC	Chorismate synthase	HIMB2104_00283	-4
HIMB2104-00000000004	49330	49956	+	HIMB2104_00280	HIMB2104	208	OG0000522	K00275	pyridoxamine 5'-phosphate oxidase [EC:1.4.3.5]	COG0259	PdxH	Pyridoxine/pyridoxamine 5'-phosphate oxidase	HIMB2104_00283	-3
HIMB2104-00000000004	49953	50966	-	HIMB2104_00281	HIMB2104	337	OG0000641	K02523	octaprenyl-diphosphate synthase [EC:2.5.1.90]	COG0142	IspA	Geranylgeranyl pyrophosphate synthase	HIMB2104_00283	-2
HIMB2104-00000000004	51080	51886	+	HIMB2104_00282	HIMB2104	268	OG0000623	K04773	protease IV [EC:3.4.21.-]	COG0616	SppA	Periplasmic serine protease, ClpP class	HIMB2104_00283	-1
HIMB2104-00000000004	51876	52757	+	HIMB2104_00283	HIMB2104	293	OG0000870	K01878	glycyl-tRNA synthetase alpha chain [EC:6.1.1.14]	COG0752	GlyQ	Glycyl-tRNA synthetase, alpha subunit	HIMB2104_00283	0
HIMB2104-00000000004	52759	54831	+	HIMB2104_00284	HIMB2104	690	OG0000882	K01879	glycyl-tRNA synthetase beta chain [EC:6.1.1.14]	COG0751	GlyS	Glycyl-tRNA synthetase, beta subunit	HIMB2104_00283	1
HIMB2104-00000000004	54824	57481	+	HIMB2104_00285	HIMB2104	885	OG0000798	K01006	pyruvate, orthophosphate dikinase [EC:2.7.9.1]	COG0574	PpsA	Phosphoenolpyruvate synthase/pyruvate phosphate dikinase	HIMB2104_00283	2
HIMB2104-00000000004	57500	58282	+	HIMB2104_00286	HIMB2104	260	OG0001271	NA	NA	NA	NA	NA	HIMB2104_00283	3
HIMB2104-00000000004	58292	59656	-	HIMB2104_00287	HIMB2104	454	OG0001144	NA	NA	COG2133	YliI	Glucose/arabinose dehydrogenase, beta-propeller fold	HIMB2104_00283	4
HIMB2104-00000000004	60035	60982	+	HIMB2104_00289	HIMB2104	315	OG0000256	K03465	thymidylate synthase (FAD) [EC:2.1.1.148]	COG1351	ThyX	Thymidylate synthase ThyX, FAD-dependent family	HIMB2104_00283	5
HIMB2187-00000000002	41136	43049	+	HIMB2187_01022	HIMB2187	637	OG0000041	K01662	1-deoxy-D-xylulose-5-phosphate synthase [EC:2.2.1.7]	COG1154	Dxs	Deoxyxylulose-5-phosphate synthase	HIMB2187_01027	-5
HIMB2187-00000000002	43046	44128	-	HIMB2187_01023	HIMB2187	360	OG0000279	K01736	chorismate synthase [EC:4.2.3.5]	COG0082	AroC	Chorismate synthase	HIMB2187_01027	-4
HIMB2187-00000000002	44162	44788	+	HIMB2187_01024	HIMB2187	208	OG0000522	K00275	pyridoxamine 5'-phosphate oxidase [EC:1.4.3.5]	COG0259	PdxH	Pyridoxine/pyridoxamine 5'-phosphate oxidase	HIMB2187_01027	-3
HIMB2187-00000000002	44785	45798	-	HIMB2187_01025	HIMB2187	337	OG0000641	K02523	octaprenyl-diphosphate synthase [EC:2.5.1.90]	COG0142	IspA	Geranylgeranyl pyrophosphate synthase	HIMB2187_01027	-2
HIMB2187-00000000002	45912	46718	+	HIMB2187_01026	HIMB2187	268	OG0000623	K04773	protease IV [EC:3.4.21.-]	COG0616	SppA	Periplasmic serine protease, ClpP class	HIMB2187_01027	-1
HIMB2187-00000000002	46708	47589	+	HIMB2187_01027	HIMB2187	293	OG0000870	K01878	glycyl-tRNA synthetase alpha chain [EC:6.1.1.14]	COG0752	GlyQ	Glycyl-tRNA synthetase, alpha subunit	HIMB2187_01027	0
HIMB2187-00000000002	47591	49663	+	HIMB2187_01028	HIMB2187	690	OG0000882	K01879	glycyl-tRNA synthetase beta chain [EC:6.1.1.14]	COG0751	GlyS	Glycyl-tRNA synthetase, beta subunit	HIMB2187_01027	1
HIMB2187-00000000002	49656	52322	+	HIMB2187_01029	HIMB2187	888	OG0000798	K01006	pyruvate, orthophosphate dikinase [EC:2.7.9.1]	COG0574	PpsA	Phosphoenolpyruvate synthase/pyruvate phosphate dikinase	HIMB2187_01027	2
HIMB2187-00000000002	52337	53170	-	HIMB2187_01030	HIMB2187	277	OG0000370	K00767	nicotinate-nucleotide pyrophosphorylase (carboxylating) [EC:2.4.2.19]	COG0157	NadC	Nicotinate-nucleotide pyrophosphorylase	HIMB2187_01027	3
HIMB2187-00000000002	53177	54166	-	HIMB2187_01031	HIMB2187	329	OG0000316	K03517	quinolinate synthase [EC:2.5.1.72]	COG0379	NadA	Quinolinate synthase	HIMB2187_01027	4
HIMB2187-00000000002	54315	55202	-	HIMB2187_01033	HIMB2187	295	OG0000660	NA	NA	COG0354	YgfZ	Folate-binding protein YgfZ, synthesis and repair of Fe-S clusters, tRNA thiomethylation	HIMB2187_01027	5
HIMB2200-00000000011	21325	23238	+	HIMB2200_01134	HIMB2200	637	OG0000041	K01662	1-deoxy-D-xylulose-5-phosphate synthase [EC:2.2.1.7]	COG1154	Dxs	Deoxyxylulose-5-phosphate synthase	HIMB2200_01139	-5
HIMB2200-00000000011	23244	24326	-	HIMB2200_01135	HIMB2200	360	OG0000279	K01736	chorismate synthase [EC:4.2.3.5]	COG0082	AroC	Chorismate synthase	HIMB2200_01139	-4
HIMB2200-00000000011	24360	24986	+	HIMB2200_01136	HIMB2200	208	OG0000522	K00275	pyridoxamine 5'-phosphate oxidase [EC:1.4.3.5]	COG0259	PdxH	Pyridoxine/pyridoxamine 5'-phosphate oxidase	HIMB2200_01139	-3
HIMB2200-00000000011	24983	25996	-	HIMB2200_01137	HIMB2200	337	OG0000641	K02523	octaprenyl-diphosphate synthase [EC:2.5.1.90]	COG0142	IspA	Geranylgeranyl pyrophosphate synthase	HIMB2200_01139	-2
HIMB2200-00000000011	26110	26916	+	HIMB2200_01138	HIMB2200	268	OG0000623	K04773	protease IV [EC:3.4.21.-]	COG0616	SppA	Periplasmic serine protease, ClpP class	HIMB2200_01139	-1
HIMB2200-00000000011	26906	27787	+	HIMB2200_01139	HIMB2200	293	OG0000870	K01878	glycyl-tRNA synthetase alpha chain [EC:6.1.1.14]	COG0752	GlyQ	Glycyl-tRNA synthetase, alpha subunit	HIMB2200_01139	0
HIMB2200-00000000011	27789	29861	+	HIMB2200_01140	HIMB2200	690	OG0000882	K01879	glycyl-tRNA synthetase beta chain [EC:6.1.1.14]	COG0751	GlyS	Glycyl-tRNA synthetase, beta subunit	HIMB2200_01139	1
HIMB2200-00000000011	29854	32511	+	HIMB2200_01141	HIMB2200	885	OG0000798	K01006	pyruvate, orthophosphate dikinase [EC:2.7.9.1]	COG0574	PpsA	Phosphoenolpyruvate synthase/pyruvate phosphate dikinase	HIMB2200_01139	2
HIMB2200-00000000011	32521	33051	-	HIMB2200_01142	HIMB2200	176	OG0001144	NA	NA	COG2133	YliI	Glucose/arabinose dehydrogenase, beta-propeller fold	HIMB2200_01139	3
HIMB2201-00000000001	768092	769192	-	HIMB2201_00846	HIMB2201	366	OG0000394	K04088	modulator of FtsH protease HflK	COG0330	HflC	Regulator of protease activity HflC, stomatin/prohibitin superfamily	HIMB2201_00852	-5
HIMB2201-00000000001	769193	770068	+	HIMB2201_00847	HIMB2201	291	OG0000361	K03593	ATP-binding protein involved in chromosome partitioning	COG0489	Mrp	Fe-S cluster carrier ATPase, Mrp/ApbC/NBP35 family	HIMB2201_00852	-4
HIMB2201-00000000001	770049	771119	-	HIMB2201_00848	HIMB2201	356	OG0000256	K03465	thymidylate synthase (FAD) [EC:2.1.1.148]	COG1351	ThyX	Thymidylate synthase ThyX, FAD-dependent family	HIMB2201_00852	-3
HIMB2201-00000000001	771301	773967	-	HIMB2201_00850	HIMB2201	888	OG0000798	K01006	pyruvate, orthophosphate dikinase [EC:2.7.9.1]	COG0574	PpsA	Phosphoenolpyruvate synthase/pyruvate phosphate dikinase	HIMB2201_00852	-2
HIMB2201-00000000001	773967	776033	-	HIMB2201_00851	HIMB2201	688	OG0000882	K01879	glycyl-tRNA synthetase beta chain [EC:6.1.1.14]	COG0751	GlyS	Glycyl-tRNA synthetase, beta subunit	HIMB2201_00852	-1
HIMB2201-00000000001	776033	776938	-	HIMB2201_00852	HIMB2201	301	OG0000870	K01878	glycyl-tRNA synthetase alpha chain [EC:6.1.1.14]	COG0752	GlyQ	Glycyl-tRNA synthetase, alpha subunit	HIMB2201_00852	0
HIMB2201-00000000001	776904	777710	-	HIMB2201_00853	HIMB2201	268	OG0000623	K04773	protease IV [EC:3.4.21.-]	COG0616	SppA	Periplasmic serine protease, ClpP class	HIMB2201_00852	1
HIMB2201-00000000001	777825	778838	+	HIMB2201_00854	HIMB2201	337	OG0000641	K02523	octaprenyl-diphosphate synthase [EC:2.5.1.90]	COG0142	IspA	Geranylgeranyl pyrophosphate synthase	HIMB2201_00852	2
HIMB2201-00000000001	778835	779461	-	HIMB2201_00855	HIMB2201	208	OG0000522	K00275	pyridoxamine 5'-phosphate oxidase [EC:1.4.3.5]	COG0259	PdxH	Pyridoxine/pyridoxamine 5'-phosphate oxidase	HIMB2201_00852	3
HIMB2201-00000000001	779495	780577	+	HIMB2201_00856	HIMB2201	360	OG0000279	K01736	chorismate synthase [EC:4.2.3.5]	COG0082	AroC	Chorismate synthase	HIMB2201_00852	4
HIMB2201-00000000001	780584	782500	-	HIMB2201_00857	HIMB2201	638	OG0000041	K01662	1-deoxy-D-xylulose-5-phosphate synthase [EC:2.2.1.7]	COG1154	Dxs	Deoxyxylulose-5-phosphate synthase	HIMB2201_00852	5
HIMB2204-00000000002	376527	377357	+	HIMB2204_01239	HIMB2204	276	OG0000361	K03593	ATP-binding protein involved in chromosome partitioning	COG0489	Mrp	Fe-S cluster carrier ATPase, Mrp/ApbC/NBP35 family	HIMB2204_01245	-5
HIMB2204-00000000002	377332	378279	-	HIMB2204_01240	HIMB2204	315	OG0000256	K03465	thymidylate synthase (FAD) [EC:2.1.1.148]	COG1351	ThyX	Thymidylate synthase ThyX, FAD-dependent family	HIMB2204_01245	-4
HIMB2204-00000000002	378658	380025	+	HIMB2204_01242	HIMB2204	455	OG0001144	NA	NA	COG2133	YliI	Glucose/arabinose dehydrogenase, beta-propeller fold	HIMB2204_01245	-3
HIMB2204-00000000002	380076	382745	-	HIMB2204_01243	HIMB2204	889	OG0000798	K01006	pyruvate, orthophosphate dikinase [EC:2.7.9.1]	COG0574	PpsA	Phosphoenolpyruvate synthase/pyruvate phosphate dikinase	HIMB2204_01245	-2
HIMB2204-00000000002	382738	384810	-	HIMB2204_01244	HIMB2204	690	OG0000882	K01879	glycyl-tRNA synthetase beta chain [EC:6.1.1.14]	COG0751	GlyS	Glycyl-tRNA synthetase, beta subunit	HIMB2204_01245	-1
HIMB2204-00000000002	384812	385693	-	HIMB2204_01245	HIMB2204	293	OG0000870	K01878	glycyl-tRNA synthetase alpha chain [EC:6.1.1.14]	COG0752	GlyQ	Glycyl-tRNA synthetase, alpha subunit	HIMB2204_01245	0
HIMB2204-00000000002	385683	386489	-	HIMB2204_01246	HIMB2204	268	OG0000623	K04773	protease IV [EC:3.4.21.-]	COG0616	SppA	Periplasmic serine protease, ClpP class	HIMB2204_01245	1
HIMB2204-00000000002	386602	387615	+	HIMB2204_01247	HIMB2204	337	OG0000641	K02523	octaprenyl-diphosphate synthase [EC:2.5.1.90]	COG0142	IspA	Geranylgeranyl pyrophosphate synthase	HIMB2204_01245	2
HIMB2204-00000000002	387612	388238	-	HIMB2204_01248	HIMB2204	208	OG0000522	K00275	pyridoxamine 5'-phosphate oxidase [EC:1.4.3.5]	COG0259	PdxH	Pyridoxine/pyridoxamine 5'-phosphate oxidase	HIMB2204_01245	3
HIMB2204-00000000002	388272	389354	+	HIMB2204_01249	HIMB2204	360	OG0000279	K01736	chorismate synthase [EC:4.2.3.5]	COG0082	AroC	Chorismate synthase	HIMB2204_01245	4
HIMB2204-00000000002	389360	391273	-	HIMB2204_01250	HIMB2204	637	OG0000041	K01662	1-deoxy-D-xylulose-5-phosphate synthase [EC:2.2.1.7]	COG1154	Dxs	Deoxyxylulose-5-phosphate synthase	HIMB2204_01245	5
HIMB2211-00000000001	40640	42556	+	HIMB2211_00051	HIMB2211	638	OG0000041	K01662	1-deoxy-D-xylulose-5-phosphate synthase [EC:2.2.1.7]	COG1154	Dxs	Deoxyxylulose-5-phosphate synthase	HIMB2211_00056	-5
HIMB2211-00000000001	42561	43643	-	HIMB2211_00052	HIMB2211	360	OG0000279	K01736	chorismate synthase [EC:4.2.3.5]	COG0082	AroC	Chorismate synthase	HIMB2211_00056	-4
HIMB2211-00000000001	43677	44303	+	HIMB2211_00053	HIMB2211	208	OG0000522	K00275	pyridoxamine 5'-phosphate oxidase [EC:1.4.3.5]	COG0259	PdxH	Pyridoxine/pyridoxamine 5'-phosphate oxidase	HIMB2211_00056	-3
HIMB2211-00000000001	44300	45313	-	HIMB2211_00054	HIMB2211	337	OG0000641	K02523	octaprenyl-diphosphate synthase [EC:2.5.1.90]	COG0142	IspA	Geranylgeranyl pyrophosphate synthase	HIMB2211_00056	-2
HIMB2211-00000000001	45428	46231	+	HIMB2211_00055	HIMB2211	267	OG0000623	K04773	protease IV [EC:3.4.21.-]	COG0616	SppA	Periplasmic serine protease, ClpP class	HIMB2211_00056	-1
HIMB2211-00000000001	46197	47093	+	HIMB2211_00056	HIMB2211	298	OG0000870	K01878	glycyl-tRNA synthetase alpha chain [EC:6.1.1.14]	COG0752	GlyQ	Glycyl-tRNA synthetase, alpha subunit	HIMB2211_00056	0
HIMB2211-00000000001	47093	49159	+	HIMB2211_00057	HIMB2211	688	OG0000882	K01879	glycyl-tRNA synthetase beta chain [EC:6.1.1.14]	COG0751	GlyS	Glycyl-tRNA synthetase, beta subunit	HIMB2211_00056	1
HIMB2211-00000000001	49159	51822	+	HIMB2211_00058	HIMB2211	887	OG0000798	K01006	pyruvate, orthophosphate dikinase [EC:2.7.9.1]	COG0574	PpsA	Phosphoenolpyruvate synthase/pyruvate phosphate dikinase	HIMB2211_00056	2
HIMB2211-00000000001	51829	52521	-	HIMB2211_00059	HIMB2211	230	OG0000043	NA	NA	COG0463	WcaA	Glycosyltransferase involved in cell wall bisynthesis	HIMB2211_00056	3
HIMB2211-00000000001	52518	53696	-	HIMB2211_00060	HIMB2211	392	OG0002230	NA	NA	NA	NA	NA	HIMB2211_00056	4
HIMB2211-00000000001	53697	54962	-	HIMB2211_00061	HIMB2211	421	OG0001427	NA	NA	NA	NA	NA	HIMB2211_00056	5
HIMB2215-00000000001	51697	53610	+	HIMB2215_00063	HIMB2215	637	OG0000041	K01662	1-deoxy-D-xylulose-5-phosphate synthase [EC:2.2.1.7]	COG1154	Dxs	Deoxyxylulose-5-phosphate synthase	HIMB2215_00068	-5
HIMB2215-00000000001	53616	54698	-	HIMB2215_00064	HIMB2215	360	OG0000279	K01736	chorismate synthase [EC:4.2.3.5]	COG0082	AroC	Chorismate synthase	HIMB2215_00068	-4
HIMB2215-00000000001	54732	55358	+	HIMB2215_00065	HIMB2215	208	OG0000522	K00275	pyridoxamine 5'-phosphate oxidase [EC:1.4.3.5]	COG0259	PdxH	Pyridoxine/pyridoxamine 5'-phosphate oxidase	HIMB2215_00068	-3
HIMB2215-00000000001	55355	56368	-	HIMB2215_00066	HIMB2215	337	OG0000641	K02523	octaprenyl-diphosphate synthase [EC:2.5.1.90]	COG0142	IspA	Geranylgeranyl pyrophosphate synthase	HIMB2215_00068	-2
HIMB2215-00000000001	56482	57288	+	HIMB2215_00067	HIMB2215	268	OG0000623	K04773	protease IV [EC:3.4.21.-]	COG0616	SppA	Periplasmic serine protease, ClpP class	HIMB2215_00068	-1
HIMB2215-00000000001	57278	58159	+	HIMB2215_00068	HIMB2215	293	OG0000870	K01878	glycyl-tRNA synthetase alpha chain [EC:6.1.1.14]	COG0752	GlyQ	Glycyl-tRNA synthetase, alpha subunit	HIMB2215_00068	0
HIMB2215-00000000001	58161	60233	+	HIMB2215_00069	HIMB2215	690	OG0000882	K01879	glycyl-tRNA synthetase beta chain [EC:6.1.1.14]	COG0751	GlyS	Glycyl-tRNA synthetase, beta subunit	HIMB2215_00068	1
HIMB2215-00000000001	60226	62883	+	HIMB2215_00070	HIMB2215	885	OG0000798	K01006	pyruvate, orthophosphate dikinase [EC:2.7.9.1]	COG0574	PpsA	Phosphoenolpyruvate synthase/pyruvate phosphate dikinase	HIMB2215_00068	2
HIMB2215-00000000001	62893	64257	-	HIMB2215_00071	HIMB2215	454	OG0001144	NA	NA	COG2133	YliI	Glucose/arabinose dehydrogenase, beta-propeller fold	HIMB2215_00068	3
HIMB2215-00000000001	64637	65584	+	HIMB2215_00073	HIMB2215	315	OG0000256	K03465	thymidylate synthase (FAD) [EC:2.1.1.148]	COG1351	ThyX	Thymidylate synthase ThyX, FAD-dependent family	HIMB2215_00068	4
HIMB2215-00000000001	65565	66389	-	HIMB2215_00074	HIMB2215	274	OG0000361	K03593	ATP-binding protein involved in chromosome partitioning	COG0489	Mrp	Fe-S cluster carrier ATPase, Mrp/ApbC/NBP35 family	HIMB2215_00068	5
HIMB2226-00000000002	468937	469824	+	HIMB2226_01219	HIMB2226	295	OG0000660	NA	NA	COG0354	YgfZ	Folate-binding protein YgfZ, synthesis and repair of Fe-S clusters, tRNA thiomethylation	HIMB2226_01225	-5
HIMB2226-00000000002	469972	470961	+	HIMB2226_01221	HIMB2226	329	OG0000316	K03517	quinolinate synthase [EC:2.5.1.72]	COG0379	NadA	Quinolinate synthase	HIMB2226_01225	-4
HIMB2226-00000000002	470968	471801	+	HIMB2226_01222	HIMB2226	277	OG0000370	K00767	nicotinate-nucleotide pyrophosphorylase (carboxylating) [EC:2.4.2.19]	COG0157	NadC	Nicotinate-nucleotide pyrophosphorylase	HIMB2226_01225	-3
HIMB2226-00000000002	471817	474483	-	HIMB2226_01223	HIMB2226	888	OG0000798	K01006	pyruvate, orthophosphate dikinase [EC:2.7.9.1]	COG0574	PpsA	Phosphoenolpyruvate synthase/pyruvate phosphate dikinase	HIMB2226_01225	-2
HIMB2226-00000000002	474476	476548	-	HIMB2226_01224	HIMB2226	690	OG0000882	K01879	glycyl-tRNA synthetase beta chain [EC:6.1.1.14]	COG0751	GlyS	Glycyl-tRNA synthetase, beta subunit	HIMB2226_01225	-1
HIMB2226-00000000002	476550	477431	-	HIMB2226_01225	HIMB2226	293	OG0000870	K01878	glycyl-tRNA synthetase alpha chain [EC:6.1.1.14]	COG0752	GlyQ	Glycyl-tRNA synthetase, alpha subunit	HIMB2226_01225	0
HIMB2226-00000000002	477421	478227	-	HIMB2226_01226	HIMB2226	268	OG0000623	K04773	protease IV [EC:3.4.21.-]	COG0616	SppA	Periplasmic serine protease, ClpP class	HIMB2226_01225	1
HIMB2226-00000000002	478341	479354	+	HIMB2226_01227	HIMB2226	337	OG0000641	K02523	octaprenyl-diphosphate synthase [EC:2.5.1.90]	COG0142	IspA	Geranylgeranyl pyrophosphate synthase	HIMB2226_01225	2
HIMB2226-00000000002	479351	479977	-	HIMB2226_01228	HIMB2226	208	OG0000522	K00275	pyridoxamine 5'-phosphate oxidase [EC:1.4.3.5]	COG0259	PdxH	Pyridoxine/pyridoxamine 5'-phosphate oxidase	HIMB2226_01225	3
HIMB2226-00000000002	480011	481093	+	HIMB2226_01229	HIMB2226	360	OG0000279	K01736	chorismate synthase [EC:4.2.3.5]	COG0082	AroC	Chorismate synthase	HIMB2226_01225	4
HIMB2226-00000000002	481090	483003	-	HIMB2226_01230	HIMB2226	637	OG0000041	K01662	1-deoxy-D-xylulose-5-phosphate synthase [EC:2.2.1.7]	COG1154	Dxs	Deoxyxylulose-5-phosphate synthase	HIMB2226_01225	5
HIMB2250-00000000001	193610	195526	+	HIMB2250_00203	HIMB2250	638	OG0000041	K01662	1-deoxy-D-xylulose-5-phosphate synthase [EC:2.2.1.7]	COG1154	Dxs	Deoxyxylulose-5-phosphate synthase	HIMB2250_00208	-5
HIMB2250-00000000001	195533	196615	-	HIMB2250_00204	HIMB2250	360	OG0000279	K01736	chorismate synthase [EC:4.2.3.5]	COG0082	AroC	Chorismate synthase	HIMB2250_00208	-4
HIMB2250-00000000001	196649	197275	+	HIMB2250_00205	HIMB2250	208	OG0000522	K00275	pyridoxamine 5'-phosphate oxidase [EC:1.4.3.5]	COG0259	PdxH	Pyridoxine/pyridoxamine 5'-phosphate oxidase	HIMB2250_00208	-3
HIMB2250-00000000001	197272	198285	-	HIMB2250_00206	HIMB2250	337	OG0000641	K02523	octaprenyl-diphosphate synthase [EC:2.5.1.90]	COG0142	IspA	Geranylgeranyl pyrophosphate synthase	HIMB2250_00208	-2
HIMB2250-00000000001	198400	199206	+	HIMB2250_00207	HIMB2250	268	OG0000623	K04773	protease IV [EC:3.4.21.-]	COG0616	SppA	Periplasmic serine protease, ClpP class	HIMB2250_00208	-1
HIMB2250-00000000001	199172	200077	+	HIMB2250_00208	HIMB2250	301	OG0000870	K01878	glycyl-tRNA synthetase alpha chain [EC:6.1.1.14]	COG0752	GlyQ	Glycyl-tRNA synthetase, alpha subunit	HIMB2250_00208	0
HIMB2250-00000000001	200077	202143	+	HIMB2250_00209	HIMB2250	688	OG0000882	K01879	glycyl-tRNA synthetase beta chain [EC:6.1.1.14]	COG0751	GlyS	Glycyl-tRNA synthetase, beta subunit	HIMB2250_00208	1
HIMB2250-00000000001	202143	204812	+	HIMB2250_00210	HIMB2250	889	OG0000798	K01006	pyruvate, orthophosphate dikinase [EC:2.7.9.1]	COG0574	PpsA	Phosphoenolpyruvate synthase/pyruvate phosphate dikinase	HIMB2250_00208	2
HIMB2250-00000000001	205067	205402	+	HIMB2250_00211	HIMB2250	111	OG0001523	NA	NA	NA	NA	NA	HIMB2250_00208	3
HIMB2250-00000000001	205442	208390	-	HIMB2250_00212	HIMB2250	982	OG0001814	K01153	type I restriction enzyme, R subunit [EC:3.1.21.3]	COG0610	NA	Type I site-specific restriction-modification system, R (restriction) subunit and related helicases ...	HIMB2250_00208	4
HIMB2250-00000000001	208387	209652	-	HIMB2250_00213	HIMB2250	421	OG0001393	K01154	type I restriction enzyme, S subunit [EC:3.1.21.3]	COG0732	HsdS	Restriction endonuclease S subunit	HIMB2250_00208	5
HIMB2304-00000000061	834	2750	+	HIMB2304_00228	HIMB2304	638	OG0000041	K01662	1-deoxy-D-xylulose-5-phosphate synthase [EC:2.2.1.7]	COG1154	Dxs	Deoxyxylulose-5-phosphate synthase	HIMB2304_00233	-5
HIMB2304-00000000061	2757	3839	-	HIMB2304_00229	HIMB2304	360	OG0000279	K01736	chorismate synthase [EC:4.2.3.5]	COG0082	AroC	Chorismate synthase	HIMB2304_00233	-4
HIMB2304-00000000061	3873	4499	+	HIMB2304_00230	HIMB2304	208	OG0000522	K00275	pyridoxamine 5'-phosphate oxidase [EC:1.4.3.5]	COG0259	PdxH	Pyridoxine/pyridoxamine 5'-phosphate oxidase	HIMB2304_00233	-3
HIMB2304-00000000061	4496	5509	-	HIMB2304_00231	HIMB2304	337	OG0000641	K02523	octaprenyl-diphosphate synthase [EC:2.5.1.90]	COG0142	IspA	Geranylgeranyl pyrophosphate synthase	HIMB2304_00233	-2
HIMB2304-00000000061	5624	6430	+	HIMB2304_00232	HIMB2304	268	OG0000623	K04773	protease IV [EC:3.4.21.-]	COG0616	SppA	Periplasmic serine protease, ClpP class	HIMB2304_00233	-1
HIMB2304-00000000061	6396	7301	+	HIMB2304_00233	HIMB2304	301	OG0000870	K01878	glycyl-tRNA synthetase alpha chain [EC:6.1.1.14]	COG0752	GlyQ	Glycyl-tRNA synthetase, alpha subunit	HIMB2304_00233	0
HIMB2305-00000000003	52435	54345	+	HIMB2305_00148	HIMB2305	636	OG0000041	K01662	1-deoxy-D-xylulose-5-phosphate synthase [EC:2.2.1.7]	COG1154	Dxs	Deoxyxylulose-5-phosphate synthase	HIMB2305_00153	-5
HIMB2305-00000000003	54342	55427	-	HIMB2305_00149	HIMB2305	361	OG0000279	K01736	chorismate synthase [EC:4.2.3.5]	COG0082	AroC	Chorismate synthase	HIMB2305_00153	-4
HIMB2305-00000000003	55460	56083	+	HIMB2305_00150	HIMB2305	207	OG0000522	K00275	pyridoxamine 5'-phosphate oxidase [EC:1.4.3.5]	COG0259	PdxH	Pyridoxine/pyridoxamine 5'-phosphate oxidase	HIMB2305_00153	-3
HIMB2305-00000000003	56080	57093	-	HIMB2305_00151	HIMB2305	337	OG0000641	K02523	octaprenyl-diphosphate synthase [EC:2.5.1.90]	COG0142	IspA	Geranylgeranyl pyrophosphate synthase	HIMB2305_00153	-2
HIMB2305-00000000003	57203	58012	+	HIMB2305_00152	HIMB2305	269	OG0000623	K04773	protease IV [EC:3.4.21.-]	COG0616	SppA	Periplasmic serine protease, ClpP class	HIMB2305_00153	-1
HIMB2305-00000000003	58002	58886	+	HIMB2305_00153	HIMB2305	294	OG0000870	K01878	glycyl-tRNA synthetase alpha chain [EC:6.1.1.14]	COG0752	GlyQ	Glycyl-tRNA synthetase, alpha subunit	HIMB2305_00153	0
HIMB2305-00000000003	58888	60951	+	HIMB2305_00154	HIMB2305	687	OG0000882	K01879	glycyl-tRNA synthetase beta chain [EC:6.1.1.14]	COG0751	GlyS	Glycyl-tRNA synthetase, beta subunit	HIMB2305_00153	1
HIMB2305-00000000003	60951	63608	+	HIMB2305_00155	HIMB2305	885	OG0000798	K01006	pyruvate, orthophosphate dikinase [EC:2.7.9.1]	COG0574	PpsA	Phosphoenolpyruvate synthase/pyruvate phosphate dikinase	HIMB2305_00153	2
HIMB2305-00000000003	63614	64450	-	HIMB2305_00156	HIMB2305	278	OG0000370	K00767	nicotinate-nucleotide pyrophosphorylase (carboxylating) [EC:2.4.2.19]	COG0157	NadC	Nicotinate-nucleotide pyrophosphorylase	HIMB2305_00153	3
HIMB2305-00000000003	64456	65445	-	HIMB2305_00157	HIMB2305	329	OG0000316	K03517	quinolinate synthase [EC:2.5.1.72]	COG0379	NadA	Quinolinate synthase	HIMB2305_00153	4
HIMB2305-00000000003	65918	66865	+	HIMB2305_00160	HIMB2305	315	OG0000256	K03465	thymidylate synthase (FAD) [EC:2.1.1.148]	COG1351	ThyX	Thymidylate synthase ThyX, FAD-dependent family	HIMB2305_00153	5
NZ_JBPPFS010000001.1	237362	238186	+	HIMB4_00258	HIMB4	274	OG0000361	K03593	ATP-binding protein involved in chromosome partitioning	COG0489	Mrp	Fe-S cluster carrier ATPase, Mrp/ApbC/NBP35 family	HIMB4_00264	-5
NZ_JBPPFS010000001.1	238167	239237	-	HIMB4_00259	HIMB4	356	OG0000256	K03465	thymidylate synthase (FAD) [EC:2.1.1.148]	COG1351	ThyX	Thymidylate synthase ThyX, FAD-dependent family	HIMB4_00264	-4
NZ_JBPPFS010000001.1	239522	240538	+	HIMB4_00261	HIMB4	338	OG0000008	NA	NA	COG2227	UbiG	2-polyprenyl-3-methyl-5-hydroxy-6-metoxy-1,4-benzoquinol methylase	HIMB4_00264	-3
NZ_JBPPFS010000001.1	240847	243510	-	HIMB4_00262	HIMB4	887	OG0000798	K01006	pyruvate, orthophosphate dikinase [EC:2.7.9.1]	COG0574	PpsA	Phosphoenolpyruvate synthase/pyruvate phosphate dikinase	HIMB4_00264	-2
NZ_JBPPFS010000001.1	243503	245575	-	HIMB4_00263	HIMB4	690	OG0000882	K01879	glycyl-tRNA synthetase beta chain [EC:6.1.1.14]	COG0751	GlyS	Glycyl-tRNA synthetase, beta subunit	HIMB4_00264	-1
NZ_JBPPFS010000001.1	245581	246483	-	HIMB4_00264	HIMB4	300	OG0000870	K01878	glycyl-tRNA synthetase alpha chain [EC:6.1.1.14]	COG0752	GlyQ	Glycyl-tRNA synthetase, alpha subunit	HIMB4_00264	0
NZ_JBPPFS010000001.1	246449	247255	-	HIMB4_00265	HIMB4	268	OG0000623	K04773	protease IV [EC:3.4.21.-]	COG0616	SppA	Periplasmic serine protease, ClpP class	HIMB4_00264	1
NZ_JBPPFS010000001.1	247361	248380	+	HIMB4_00266	HIMB4	339	OG0000641	K02523	octaprenyl-diphosphate synthase [EC:2.5.1.90]	COG0142	IspA	Geranylgeranyl pyrophosphate synthase	HIMB4_00264	2
NZ_JBPPFS010000001.1	248377	249003	-	HIMB4_00267	HIMB4	208	OG0000522	K00275	pyridoxamine 5'-phosphate oxidase [EC:1.4.3.5]	COG0259	PdxH	Pyridoxine/pyridoxamine 5'-phosphate oxidase	HIMB4_00264	3
NZ_JBPPFS010000001.1	249037	250119	+	HIMB4_00268	HIMB4	360	OG0000279	K01736	chorismate synthase [EC:4.2.3.5]	COG0082	AroC	Chorismate synthase	HIMB4_00264	4
NZ_JBPPFS010000001.1	250123	252033	-	HIMB4_00269	HIMB4	636	OG0000041	K01662	1-deoxy-D-xylulose-5-phosphate synthase [EC:2.2.1.7]	COG1154	Dxs	Deoxyxylulose-5-phosphate synthase	HIMB4_00264	5
CP003809.1	953833	955656	-	HIMB5_01032	HIMB5	607	OG0001839	NA	NA	NA	NA	NA	HIMB5_01039	-5
CP003809.1	956260	957249	+	HIMB5_01035	HIMB5	329	OG0000316	K03517	quinolinate synthase [EC:2.5.1.72]	COG0379	NadA	Quinolinate synthase	HIMB5_01039	-4
CP003809.1	957256	958089	+	HIMB5_01036	HIMB5	277	OG0000370	K00767	nicotinate-nucleotide pyrophosphorylase (carboxylating) [EC:2.4.2.19]	COG0157	NadC	Nicotinate-nucleotide pyrophosphorylase	HIMB5_01039	-3
CP003809.1	958092	960755	-	HIMB5_01037	HIMB5	887	OG0000798	K01006	pyruvate, orthophosphate dikinase [EC:2.7.9.1]	COG0574	PpsA	Phosphoenolpyruvate synthase/pyruvate phosphate dikinase	HIMB5_01039	-2
CP003809.1	960752	962818	-	HIMB5_01038	HIMB5	688	OG0000882	K01879	glycyl-tRNA synthetase beta chain [EC:6.1.1.14]	COG0751	GlyS	Glycyl-tRNA synthetase, beta subunit	HIMB5_01039	-1
CP003809.1	962821	963699	-	HIMB5_01039	HIMB5	292	OG0000870	K01878	glycyl-tRNA synthetase alpha chain [EC:6.1.1.14]	COG0752	GlyQ	Glycyl-tRNA synthetase, alpha subunit	HIMB5_01039	0
CP003809.1	963689	964495	-	HIMB5_01040	HIMB5	268	OG0000623	K04773	protease IV [EC:3.4.21.-]	COG0616	SppA	Periplasmic serine protease, ClpP class	HIMB5_01039	1
CP003809.1	964563	965627	+	HIMB5_01041	HIMB5	354	OG0000641	K02523	octaprenyl-diphosphate synthase [EC:2.5.1.90]	COG0142	IspA	Geranylgeranyl pyrophosphate synthase	HIMB5_01039	2
CP003809.1	965624	966250	-	HIMB5_01042	HIMB5	208	OG0000522	K00275	pyridoxamine 5'-phosphate oxidase [EC:1.4.3.5]	COG0259	PdxH	Pyridoxine/pyridoxamine 5'-phosphate oxidase	HIMB5_01039	3
CP003809.1	966284	967366	+	HIMB5_01043	HIMB5	360	OG0000279	K01736	chorismate synthase [EC:4.2.3.5]	COG0082	AroC	Chorismate synthase	HIMB5_01039	4
CP003809.1	967368	969281	-	HIMB5_01044	HIMB5	637	OG0000041	K01662	1-deoxy-D-xylulose-5-phosphate synthase [EC:2.2.1.7]	COG1154	Dxs	Deoxyxylulose-5-phosphate synthase	HIMB5_01039	5
CH724130.1	592032	592919	+	HTCC1002_00644	HTCC1002	295	OG0000660	NA	NA	COG0354	YgfZ	Folate-binding protein YgfZ, synthesis and repair of Fe-S clusters, tRNA thiomethylation	HTCC1002_00649	-5
CH724130.1	592971	593960	+	HTCC1002_00645	HTCC1002	329	OG0000316	K03517	quinolinate synthase [EC:2.5.1.72]	COG0379	NadA	Quinolinate synthase	HTCC1002_00649	-4
CH724130.1	593966	594799	+	HTCC1002_00646	HTCC1002	277	OG0000370	K00767	nicotinate-nucleotide pyrophosphorylase (carboxylating) [EC:2.4.2.19]	COG0157	NadC	Nicotinate-nucleotide pyrophosphorylase	HTCC1002_00649	-3
CH724130.1	594796	597459	-	HTCC1002_00647	HTCC1002	887	OG0000798	K01006	pyruvate, orthophosphate dikinase [EC:2.7.9.1]	COG0574	PpsA	Phosphoenolpyruvate synthase/pyruvate phosphate dikinase	HTCC1002_00649	-2
CH724130.1	597456	599525	-	HTCC1002_00648	HTCC1002	689	OG0000882	K01879	glycyl-tRNA synthetase beta chain [EC:6.1.1.14]	COG0751	GlyS	Glycyl-tRNA synthetase, beta subunit	HTCC1002_00649	-1
CH724130.1	599525	600409	-	HTCC1002_00649	HTCC1002	294	OG0000870	K01878	glycyl-tRNA synthetase alpha chain [EC:6.1.1.14]	COG0752	GlyQ	Glycyl-tRNA synthetase, alpha subunit	HTCC1002_00649	0
CH724130.1	600399	601205	-	HTCC1002_00650	HTCC1002	268	OG0000623	K04773	protease IV [EC:3.4.21.-]	COG0616	SppA	Periplasmic serine protease, ClpP class	HTCC1002_00649	1
CH724130.1	601318	602331	+	HTCC1002_00651	HTCC1002	337	OG0000641	K02523	octaprenyl-diphosphate synthase [EC:2.5.1.90]	COG0142	IspA	Geranylgeranyl pyrophosphate synthase	HTCC1002_00649	2
CH724130.1	602328	602954	-	HTCC1002_00652	HTCC1002	208	OG0000522	K00275	pyridoxamine 5'-phosphate oxidase [EC:1.4.3.5]	COG0259	PdxH	Pyridoxine/pyridoxamine 5'-phosphate oxidase	HTCC1002_00649	3
CH724130.1	602988	604070	+	HTCC1002_00653	HTCC1002	360	OG0000279	K01736	chorismate synthase [EC:4.2.3.5]	COG0082	AroC	Chorismate synthase	HTCC1002_00649	4
CH724130.1	604079	605992	-	HTCC1002_00654	HTCC1002	637	OG0000041	K01662	1-deoxy-D-xylulose-5-phosphate synthase [EC:2.2.1.7]	COG1154	Dxs	Deoxyxylulose-5-phosphate synthase	HTCC1002_00649	5
KI421437.1	286449	287336	+	HTCC1013_00300	HTCC1013	295	OG0000660	NA	NA	COG0354	YgfZ	Folate-binding protein YgfZ, synthesis and repair of Fe-S clusters, tRNA thiomethylation	HTCC1013_00305	-5
KI421437.1	287388	288377	+	HTCC1013_00301	HTCC1013	329	OG0000316	K03517	quinolinate synthase [EC:2.5.1.72]	COG0379	NadA	Quinolinate synthase	HTCC1013_00305	-4
KI421437.1	288383	289216	+	HTCC1013_00302	HTCC1013	277	OG0000370	K00767	nicotinate-nucleotide pyrophosphorylase (carboxylating) [EC:2.4.2.19]	COG0157	NadC	Nicotinate-nucleotide pyrophosphorylase	HTCC1013_00305	-3
KI421437.1	289213	291876	-	HTCC1013_00303	HTCC1013	887	OG0000798	K01006	pyruvate, orthophosphate dikinase [EC:2.7.9.1]	COG0574	PpsA	Phosphoenolpyruvate synthase/pyruvate phosphate dikinase	HTCC1013_00305	-2
KI421437.1	291873	293942	-	HTCC1013_00304	HTCC1013	689	OG0000882	K01879	glycyl-tRNA synthetase beta chain [EC:6.1.1.14]	COG0751	GlyS	Glycyl-tRNA synthetase, beta subunit	HTCC1013_00305	-1
KI421437.1	293942	294826	-	HTCC1013_00305	HTCC1013	294	OG0000870	K01878	glycyl-tRNA synthetase alpha chain [EC:6.1.1.14]	COG0752	GlyQ	Glycyl-tRNA synthetase, alpha subunit	HTCC1013_00305	0
KI421437.1	294816	295622	-	HTCC1013_00306	HTCC1013	268	OG0000623	K04773	protease IV [EC:3.4.21.-]	COG0616	SppA	Periplasmic serine protease, ClpP class	HTCC1013_00305	1
KI421437.1	295735	296748	+	HTCC1013_00307	HTCC1013	337	OG0000641	K02523	octaprenyl-diphosphate synthase [EC:2.5.1.90]	COG0142	IspA	Geranylgeranyl pyrophosphate synthase	HTCC1013_00305	2
KI421437.1	296745	297371	-	HTCC1013_00308	HTCC1013	208	OG0000522	K00275	pyridoxamine 5'-phosphate oxidase [EC:1.4.3.5]	COG0259	PdxH	Pyridoxine/pyridoxamine 5'-phosphate oxidase	HTCC1013_00305	3
KI421437.1	297405	298487	+	HTCC1013_00309	HTCC1013	360	OG0000279	K01736	chorismate synthase [EC:4.2.3.5]	COG0082	AroC	Chorismate synthase	HTCC1013_00305	4
KI421437.1	298499	300412	-	HTCC1013_00310	HTCC1013	637	OG0000041	K01662	1-deoxy-D-xylulose-5-phosphate synthase [EC:2.2.1.7]	COG1154	Dxs	Deoxyxylulose-5-phosphate synthase	HTCC1013_00305	5
A3QGDRAFT_scaffold_0.1	514510	516423	+	HTCC1016_00555	HTCC1016	637	OG0000041	K01662	1-deoxy-D-xylulose-5-phosphate synthase [EC:2.2.1.7]	COG1154	Dxs	Deoxyxylulose-5-phosphate synthase	HTCC1016_00560	-5
A3QGDRAFT_scaffold_0.1	516435	517517	-	HTCC1016_00556	HTCC1016	360	OG0000279	K01736	chorismate synthase [EC:4.2.3.5]	COG0082	AroC	Chorismate synthase	HTCC1016_00560	-4
A3QGDRAFT_scaffold_0.1	517551	518177	+	HTCC1016_00557	HTCC1016	208	OG0000522	K00275	pyridoxamine 5'-phosphate oxidase [EC:1.4.3.5]	COG0259	PdxH	Pyridoxine/pyridoxamine 5'-phosphate oxidase	HTCC1016_00560	-3
A3QGDRAFT_scaffold_0.1	518174	519187	-	HTCC1016_00558	HTCC1016	337	OG0000641	K02523	octaprenyl-diphosphate synthase [EC:2.5.1.90]	COG0142	IspA	Geranylgeranyl pyrophosphate synthase	HTCC1016_00560	-2
A3QGDRAFT_scaffold_0.1	519300	520106	+	HTCC1016_00559	HTCC1016	268	OG0000623	K04773	protease IV [EC:3.4.21.-]	COG0616	SppA	Periplasmic serine protease, ClpP class	HTCC1016_00560	-1
A3QGDRAFT_scaffold_0.1	520096	520980	+	HTCC1016_00560	HTCC1016	294	OG0000870	K01878	glycyl-tRNA synthetase alpha chain [EC:6.1.1.14]	COG0752	GlyQ	Glycyl-tRNA synthetase, alpha subunit	HTCC1016_00560	0
A3QGDRAFT_scaffold_0.1	520980	523049	+	HTCC1016_00561	HTCC1016	689	OG0000882	K01879	glycyl-tRNA synthetase beta chain [EC:6.1.1.14]	COG0751	GlyS	Glycyl-tRNA synthetase, beta subunit	HTCC1016_00560	1
A3QGDRAFT_scaffold_0.1	523046	525709	+	HTCC1016_00562	HTCC1016	887	OG0000798	K01006	pyruvate, orthophosphate dikinase [EC:2.7.9.1]	COG0574	PpsA	Phosphoenolpyruvate synthase/pyruvate phosphate dikinase	HTCC1016_00560	2
A3QGDRAFT_scaffold_0.1	525706	526539	-	HTCC1016_00563	HTCC1016	277	OG0000370	K00767	nicotinate-nucleotide pyrophosphorylase (carboxylating) [EC:2.4.2.19]	COG0157	NadC	Nicotinate-nucleotide pyrophosphorylase	HTCC1016_00560	3
A3QGDRAFT_scaffold_0.1	526545	527534	-	HTCC1016_00564	HTCC1016	329	OG0000316	K03517	quinolinate synthase [EC:2.5.1.72]	COG0379	NadA	Quinolinate synthase	HTCC1016_00560	4
A3QGDRAFT_scaffold_0.1	527586	528473	-	HTCC1016_00565	HTCC1016	295	OG0000660	NA	NA	COG0354	YgfZ	Folate-binding protein YgfZ, synthesis and repair of Fe-S clusters, tRNA thiomethylation	HTCC1016_00560	5
ARVY01000001.1	444140	446053	+	HTCC1040_00473	HTCC1040	637	OG0000041	K01662	1-deoxy-D-xylulose-5-phosphate synthase [EC:2.2.1.7]	COG1154	Dxs	Deoxyxylulose-5-phosphate synthase	HTCC1040_00478	-5
ARVY01000001.1	446065	447147	-	HTCC1040_00474	HTCC1040	360	OG0000279	K01736	chorismate synthase [EC:4.2.3.5]	COG0082	AroC	Chorismate synthase	HTCC1040_00478	-4
ARVY01000001.1	447181	447807	+	HTCC1040_00475	HTCC1040	208	OG0000522	K00275	pyridoxamine 5'-phosphate oxidase [EC:1.4.3.5]	COG0259	PdxH	Pyridoxine/pyridoxamine 5'-phosphate oxidase	HTCC1040_00478	-3
ARVY01000001.1	447804	448817	-	HTCC1040_00476	HTCC1040	337	OG0000641	K02523	octaprenyl-diphosphate synthase [EC:2.5.1.90]	COG0142	IspA	Geranylgeranyl pyrophosphate synthase	HTCC1040_00478	-2
ARVY01000001.1	448930	449736	+	HTCC1040_00477	HTCC1040	268	OG0000623	K04773	protease IV [EC:3.4.21.-]	COG0616	SppA	Periplasmic serine protease, ClpP class	HTCC1040_00478	-1
ARVY01000001.1	449726	450610	+	HTCC1040_00478	HTCC1040	294	OG0000870	K01878	glycyl-tRNA synthetase alpha chain [EC:6.1.1.14]	COG0752	GlyQ	Glycyl-tRNA synthetase, alpha subunit	HTCC1040_00478	0
ARVY01000001.1	450610	452679	+	HTCC1040_00479	HTCC1040	689	OG0000882	K01879	glycyl-tRNA synthetase beta chain [EC:6.1.1.14]	COG0751	GlyS	Glycyl-tRNA synthetase, beta subunit	HTCC1040_00478	1
ARVY01000001.1	452676	455339	+	HTCC1040_00480	HTCC1040	887	OG0000798	K01006	pyruvate, orthophosphate dikinase [EC:2.7.9.1]	COG0574	PpsA	Phosphoenolpyruvate synthase/pyruvate phosphate dikinase	HTCC1040_00478	2
ARVY01000001.1	455336	456169	-	HTCC1040_00481	HTCC1040	277	OG0000370	K00767	nicotinate-nucleotide pyrophosphorylase (carboxylating) [EC:2.4.2.19]	COG0157	NadC	Nicotinate-nucleotide pyrophosphorylase	HTCC1040_00478	3
ARVY01000001.1	456175	457164	-	HTCC1040_00482	HTCC1040	329	OG0000316	K03517	quinolinate synthase [EC:2.5.1.72]	COG0379	NadA	Quinolinate synthase	HTCC1040_00478	4
ARVY01000001.1	457216	458103	-	HTCC1040_00483	HTCC1040	295	OG0000660	NA	NA	COG0354	YgfZ	Folate-binding protein YgfZ, synthesis and repair of Fe-S clusters, tRNA thiomethylation	HTCC1040_00478	5
CP000084.1	596553	598466	+	HTCC1062_00625	HTCC1062	637	OG0000041	K01662	1-deoxy-D-xylulose-5-phosphate synthase [EC:2.2.1.7]	COG1154	Dxs	Deoxyxylulose-5-phosphate synthase	HTCC1062_00630	-5
CP000084.1	598475	599557	-	HTCC1062_00626	HTCC1062	360	OG0000279	K01736	chorismate synthase [EC:4.2.3.5]	COG0082	AroC	Chorismate synthase	HTCC1062_00630	-4
CP000084.1	599591	600217	+	HTCC1062_00627	HTCC1062	208	OG0000522	K00275	pyridoxamine 5'-phosphate oxidase [EC:1.4.3.5]	COG0259	PdxH	Pyridoxine/pyridoxamine 5'-phosphate oxidase	HTCC1062_00630	-3
CP000084.1	600214	601227	-	HTCC1062_00628	HTCC1062	337	OG0000641	K02523	octaprenyl-diphosphate synthase [EC:2.5.1.90]	COG0142	IspA	Geranylgeranyl pyrophosphate synthase	HTCC1062_00630	-2
CP000084.1	601340	602146	+	HTCC1062_00629	HTCC1062	268	OG0000623	K04773	protease IV [EC:3.4.21.-]	COG0616	SppA	Periplasmic serine protease, ClpP class	HTCC1062_00630	-1
CP000084.1	602136	603020	+	HTCC1062_00630	HTCC1062	294	OG0000870	K01878	glycyl-tRNA synthetase alpha chain [EC:6.1.1.14]	COG0752	GlyQ	Glycyl-tRNA synthetase, alpha subunit	HTCC1062_00630	0
CP000084.1	603020	605089	+	HTCC1062_00631	HTCC1062	689	OG0000882	K01879	glycyl-tRNA synthetase beta chain [EC:6.1.1.14]	COG0751	GlyS	Glycyl-tRNA synthetase, beta subunit	HTCC1062_00630	1
CP000084.1	605086	607749	+	HTCC1062_00632	HTCC1062	887	OG0000798	K01006	pyruvate, orthophosphate dikinase [EC:2.7.9.1]	COG0574	PpsA	Phosphoenolpyruvate synthase/pyruvate phosphate dikinase	HTCC1062_00630	2
CP000084.1	607746	608579	-	HTCC1062_00633	HTCC1062	277	OG0000370	K00767	nicotinate-nucleotide pyrophosphorylase (carboxylating) [EC:2.4.2.19]	COG0157	NadC	Nicotinate-nucleotide pyrophosphorylase	HTCC1062_00630	3
CP000084.1	608585	609574	-	HTCC1062_00634	HTCC1062	329	OG0000316	K03517	quinolinate synthase [EC:2.5.1.72]	COG0379	NadA	Quinolinate synthase	HTCC1062_00630	4
CP000084.1	609626	610513	-	HTCC1062_00635	HTCC1062	295	OG0000660	NA	NA	COG0354	YgfZ	Folate-binding protein YgfZ, synthesis and repair of Fe-S clusters, tRNA thiomethylation	HTCC1062_00630	5
DS995298.1	1372461	1373564	-	HTCC7211_01486	HTCC7211	367	OG0000394	K04088	modulator of FtsH protease HflK	COG0330	HflC	Regulator of protease activity HflC, stomatin/prohibitin superfamily	HTCC7211_01492	-5
DS995298.1	1373614	1374438	+	HTCC7211_01487	HTCC7211	274	OG0000361	K03593	ATP-binding protein involved in chromosome partitioning	COG0489	Mrp	Fe-S cluster carrier ATPase, Mrp/ApbC/NBP35 family	HTCC7211_01492	-4
DS995298.1	1374419	1375366	-	HTCC7211_01488	HTCC7211	315	OG0000256	K03465	thymidylate synthase (FAD) [EC:2.1.1.148]	COG1351	ThyX	Thymidylate synthase ThyX, FAD-dependent family	HTCC7211_01492	-3
DS995298.1	1375675	1378332	-	HTCC7211_01490	HTCC7211	885	OG0000798	K01006	pyruvate, orthophosphate dikinase [EC:2.7.9.1]	COG0574	PpsA	Phosphoenolpyruvate synthase/pyruvate phosphate dikinase	HTCC7211_01492	-2
DS995298.1	1378332	1380398	-	HTCC7211_01491	HTCC7211	688	OG0000882	K01879	glycyl-tRNA synthetase beta chain [EC:6.1.1.14]	COG0751	GlyS	Glycyl-tRNA synthetase, beta subunit	HTCC7211_01492	-1
DS995298.1	1380399	1381304	-	HTCC7211_01492	HTCC7211	301	OG0000870	K01878	glycyl-tRNA synthetase alpha chain [EC:6.1.1.14]	COG0752	GlyQ	Glycyl-tRNA synthetase, alpha subunit	HTCC7211_01492	0
DS995298.1	1381270	1382076	-	HTCC7211_01493	HTCC7211	268	OG0000623	K04773	protease IV [EC:3.4.21.-]	COG0616	SppA	Periplasmic serine protease, ClpP class	HTCC7211_01492	1
DS995298.1	1382190	1383203	+	HTCC7211_01494	HTCC7211	337	OG0000641	K02523	octaprenyl-diphosphate synthase [EC:2.5.1.90]	COG0142	IspA	Geranylgeranyl pyrophosphate synthase	HTCC7211_01492	2
DS995298.1	1383200	1383826	-	HTCC7211_01495	HTCC7211	208	OG0000522	K00275	pyridoxamine 5'-phosphate oxidase [EC:1.4.3.5]	COG0259	PdxH	Pyridoxine/pyridoxamine 5'-phosphate oxidase	HTCC7211_01492	3
DS995298.1	1383860	1384942	+	HTCC7211_01496	HTCC7211	360	OG0000279	K01736	chorismate synthase [EC:4.2.3.5]	COG0082	AroC	Chorismate synthase	HTCC7211_01492	4
DS995298.1	1384945	1386861	-	HTCC7211_01497	HTCC7211	638	OG0000041	K01662	1-deoxy-D-xylulose-5-phosphate synthase [EC:2.2.1.7]	COG1154	Dxs	Deoxyxylulose-5-phosphate synthase	HTCC7211_01492	5
KL370779.1	676345	678261	+	HTCC7214_00708	HTCC7214	638	OG0000041	K01662	1-deoxy-D-xylulose-5-phosphate synthase [EC:2.2.1.7]	COG1154	Dxs	Deoxyxylulose-5-phosphate synthase	HTCC7214_00713	-5
KL370779.1	678264	679346	-	HTCC7214_00709	HTCC7214	360	OG0000279	K01736	chorismate synthase [EC:4.2.3.5]	COG0082	AroC	Chorismate synthase	HTCC7214_00713	-4
KL370779.1	679380	680006	+	HTCC7214_00710	HTCC7214	208	OG0000522	K00275	pyridoxamine 5'-phosphate oxidase [EC:1.4.3.5]	COG0259	PdxH	Pyridoxine/pyridoxamine 5'-phosphate oxidase	HTCC7214_00713	-3
KL370779.1	680003	681016	-	HTCC7214_00711	HTCC7214	337	OG0000641	K02523	octaprenyl-diphosphate synthase [EC:2.5.1.90]	COG0142	IspA	Geranylgeranyl pyrophosphate synthase	HTCC7214_00713	-2
KL370779.1	681130	681936	+	HTCC7214_00712	HTCC7214	268	OG0000623	K04773	protease IV [EC:3.4.21.-]	COG0616	SppA	Periplasmic serine protease, ClpP class	HTCC7214_00713	-1
KL370779.1	681902	682807	+	HTCC7214_00713	HTCC7214	301	OG0000870	K01878	glycyl-tRNA synthetase alpha chain [EC:6.1.1.14]	COG0752	GlyQ	Glycyl-tRNA synthetase, alpha subunit	HTCC7214_00713	0
KL370779.1	682808	684874	+	HTCC7214_00714	HTCC7214	688	OG0000882	K01879	glycyl-tRNA synthetase beta chain [EC:6.1.1.14]	COG0751	GlyS	Glycyl-tRNA synthetase, beta subunit	HTCC7214_00713	1
KL370779.1	684874	687531	+	HTCC7214_00715	HTCC7214	885	OG0000798	K01006	pyruvate, orthophosphate dikinase [EC:2.7.9.1]	COG0574	PpsA	Phosphoenolpyruvate synthase/pyruvate phosphate dikinase	HTCC7214_00713	2
KL370779.1	687717	688787	+	HTCC7214_00717	HTCC7214	356	OG0000256	K03465	thymidylate synthase (FAD) [EC:2.1.1.148]	COG1351	ThyX	Thymidylate synthase ThyX, FAD-dependent family	HTCC7214_00713	3
KL370779.1	688768	689592	-	HTCC7214_00718	HTCC7214	274	OG0000361	K03593	ATP-binding protein involved in chromosome partitioning	COG0489	Mrp	Fe-S cluster carrier ATPase, Mrp/ApbC/NBP35 family	HTCC7214_00713	4
KL370779.1	689644	690747	+	HTCC7214_00719	HTCC7214	367	OG0000394	K04088	modulator of FtsH protease HflK	COG0330	HflC	Regulator of protease activity HflC, stomatin/prohibitin superfamily	HTCC7214_00713	5
JNIU01000001.1	732811	733635	+	HTCC7217_00797	HTCC7217	274	OG0000361	K03593	ATP-binding protein involved in chromosome partitioning	COG0489	Mrp	Fe-S cluster carrier ATPase, Mrp/ApbC/NBP35 family	HTCC7217_00803	-5
JNIU01000001.1	733616	734686	-	HTCC7217_00798	HTCC7217	356	OG0000256	K03465	thymidylate synthase (FAD) [EC:2.1.1.148]	COG1351	ThyX	Thymidylate synthase ThyX, FAD-dependent family	HTCC7217_00803	-4
JNIU01000001.1	734882	735667	-	HTCC7217_00800	HTCC7217	261	OG0000028	NA	NA	NA	NA	NA	HTCC7217_00803	-3
JNIU01000001.1	735654	738326	-	HTCC7217_00801	HTCC7217	890	OG0000798	K01006	pyruvate, orthophosphate dikinase [EC:2.7.9.1]	COG0574	PpsA	Phosphoenolpyruvate synthase/pyruvate phosphate dikinase	HTCC7217_00803	-2
JNIU01000001.1	738326	740392	-	HTCC7217_00802	HTCC7217	688	OG0000882	K01879	glycyl-tRNA synthetase beta chain [EC:6.1.1.14]	COG0751	GlyS	Glycyl-tRNA synthetase, beta subunit	HTCC7217_00803	-1
JNIU01000001.1	740393	741298	-	HTCC7217_00803	HTCC7217	301	OG0000870	K01878	glycyl-tRNA synthetase alpha chain [EC:6.1.1.14]	COG0752	GlyQ	Glycyl-tRNA synthetase, alpha subunit	HTCC7217_00803	0
JNIU01000001.1	741264	742070	-	HTCC7217_00804	HTCC7217	268	OG0000623	K04773	protease IV [EC:3.4.21.-]	COG0616	SppA	Periplasmic serine protease, ClpP class	HTCC7217_00803	1
JNIU01000001.1	742184	743197	+	HTCC7217_00805	HTCC7217	337	OG0000641	K02523	octaprenyl-diphosphate synthase [EC:2.5.1.90]	COG0142	IspA	Geranylgeranyl pyrophosphate synthase	HTCC7217_00803	2
JNIU01000001.1	743194	743820	-	HTCC7217_00806	HTCC7217	208	OG0000522	K00275	pyridoxamine 5'-phosphate oxidase [EC:1.4.3.5]	COG0259	PdxH	Pyridoxine/pyridoxamine 5'-phosphate oxidase	HTCC7217_00803	3
JNIU01000001.1	743854	744936	+	HTCC7217_00807	HTCC7217	360	OG0000279	K01736	chorismate synthase [EC:4.2.3.5]	COG0082	AroC	Chorismate synthase	HTCC7217_00803	4
JNIU01000001.1	744939	746855	-	HTCC7217_00808	HTCC7217	638	OG0000041	K01662	1-deoxy-D-xylulose-5-phosphate synthase [EC:2.2.1.7]	COG1154	Dxs	Deoxyxylulose-5-phosphate synthase	HTCC7217_00803	5
KI421440.1	1029633	1030016	-	HTCC8051_01107	HTCC8051	127	OG0001260	NA	NA	NA	NA	NA	HTCC8051_01113	-5
KI421440.1	1030136	1031185	+	HTCC8051_01108	HTCC8051	349	OG0001607	NA	NA	COG2755	TesA	Lysophospholipase L1 or related esterase. Includes spore coat protein LipC/YcsK	HTCC8051_01113	-4
KI421440.1	1031182	1032129	-	HTCC8051_01109	HTCC8051	315	OG0000256	K03465	thymidylate synthase (FAD) [EC:2.1.1.148]	COG1351	ThyX	Thymidylate synthase ThyX, FAD-dependent family	HTCC8051_01113	-3
KI421440.1	1032451	1035108	-	HTCC8051_01111	HTCC8051	885	OG0000798	K01006	pyruvate, orthophosphate dikinase [EC:2.7.9.1]	COG0574	PpsA	Phosphoenolpyruvate synthase/pyruvate phosphate dikinase	HTCC8051_01113	-2
KI421440.1	1035105	1037174	-	HTCC8051_01112	HTCC8051	689	OG0000882	K01879	glycyl-tRNA synthetase beta chain [EC:6.1.1.14]	COG0751	GlyS	Glycyl-tRNA synthetase, beta subunit	HTCC8051_01113	-1
KI421440.1	1037175	1038056	-	HTCC8051_01113	HTCC8051	293	OG0000870	K01878	glycyl-tRNA synthetase alpha chain [EC:6.1.1.14]	COG0752	GlyQ	Glycyl-tRNA synthetase, alpha subunit	HTCC8051_01113	0
KI421440.1	1038046	1038852	-	HTCC8051_01114	HTCC8051	268	OG0000623	K04773	protease IV [EC:3.4.21.-]	COG0616	SppA	Periplasmic serine protease, ClpP class	HTCC8051_01113	1
KI421440.1	1038967	1039980	+	HTCC8051_01115	HTCC8051	337	OG0000641	K02523	octaprenyl-diphosphate synthase [EC:2.5.1.90]	COG0142	IspA	Geranylgeranyl pyrophosphate synthase	HTCC8051_01113	2
KI421440.1	1039977	1040603	-	HTCC8051_01116	HTCC8051	208	OG0000522	K00275	pyridoxamine 5'-phosphate oxidase [EC:1.4.3.5]	COG0259	PdxH	Pyridoxine/pyridoxamine 5'-phosphate oxidase	HTCC8051_01113	3
KI421440.1	1040637	1041719	+	HTCC8051_01117	HTCC8051	360	OG0000279	K01736	chorismate synthase [EC:4.2.3.5]	COG0082	AroC	Chorismate synthase	HTCC8051_01113	4
KI421440.1	1041728	1043641	-	HTCC8051_01118	HTCC8051	637	OG0000041	K01662	1-deoxy-D-xylulose-5-phosphate synthase [EC:2.2.1.7]	COG1154	Dxs	Deoxyxylulose-5-phosphate synthase	HTCC8051_01113	5
AWZW01000001.1	408629	410542	+	HTCC9022_00443	HTCC9022	637	OG0000041	K01662	1-deoxy-D-xylulose-5-phosphate synthase [EC:2.2.1.7]	COG1154	Dxs	Deoxyxylulose-5-phosphate synthase	HTCC9022_00448	-5
AWZW01000001.1	410551	411633	-	HTCC9022_00444	HTCC9022	360	OG0000279	K01736	chorismate synthase [EC:4.2.3.5]	COG0082	AroC	Chorismate synthase	HTCC9022_00448	-4
AWZW01000001.1	411667	412293	+	HTCC9022_00445	HTCC9022	208	OG0000522	K00275	pyridoxamine 5'-phosphate oxidase [EC:1.4.3.5]	COG0259	PdxH	Pyridoxine/pyridoxamine 5'-phosphate oxidase	HTCC9022_00448	-3
AWZW01000001.1	412290	413303	-	HTCC9022_00446	HTCC9022	337	OG0000641	K02523	octaprenyl-diphosphate synthase [EC:2.5.1.90]	COG0142	IspA	Geranylgeranyl pyrophosphate synthase	HTCC9022_00448	-2
AWZW01000001.1	413418	414224	+	HTCC9022_00447	HTCC9022	268	OG0000623	K04773	protease IV [EC:3.4.21.-]	COG0616	SppA	Periplasmic serine protease, ClpP class	HTCC9022_00448	-1
AWZW01000001.1	414214	415095	+	HTCC9022_00448	HTCC9022	293	OG0000870	K01878	glycyl-tRNA synthetase alpha chain [EC:6.1.1.14]	COG0752	GlyQ	Glycyl-tRNA synthetase, alpha subunit	HTCC9022_00448	0
AWZW01000001.1	415096	417165	+	HTCC9022_00449	HTCC9022	689	OG0000882	K01879	glycyl-tRNA synthetase beta chain [EC:6.1.1.14]	COG0751	GlyS	Glycyl-tRNA synthetase, beta subunit	HTCC9022_00448	1
AWZW01000001.1	417162	419819	+	HTCC9022_00450	HTCC9022	885	OG0000798	K01006	pyruvate, orthophosphate dikinase [EC:2.7.9.1]	COG0574	PpsA	Phosphoenolpyruvate synthase/pyruvate phosphate dikinase	HTCC9022_00448	2
AWZW01000001.1	420140	421087	+	HTCC9022_00452	HTCC9022	315	OG0000256	K03465	thymidylate synthase (FAD) [EC:2.1.1.148]	COG1351	ThyX	Thymidylate synthase ThyX, FAD-dependent family	HTCC9022_00448	3
AWZW01000001.1	421068	421943	-	HTCC9022_00453	HTCC9022	291	OG0000361	K03593	ATP-binding protein involved in chromosome partitioning	COG0489	Mrp	Fe-S cluster carrier ATPase, Mrp/ApbC/NBP35 family	HTCC9022_00448	4
AWZW01000001.1	421944	423047	+	HTCC9022_00454	HTCC9022	367	OG0000394	K04088	modulator of FtsH protease HflK	COG0330	HflC	Regulator of protease activity HflC, stomatin/prohibitin superfamily	HTCC9022_00448	5
NZ_LANA01000001.1	121760	122113	+	HTCC9565_00134	HTCC9565	117	NA	NA	NA	COG0379	NadA	Quinolinate synthase	HTCC9565_00139	-5
NZ_LANA01000001.1	122080	122742	+	HTCC9565_00135	HTCC9565	220	OG0000316	K03517	quinolinate synthase [EC:2.5.1.72]	COG0379	NadA	Quinolinate synthase	HTCC9565_00139	-4
NZ_LANA01000001.1	122748	123581	+	HTCC9565_00136	HTCC9565	277	OG0000370	K00767	nicotinate-nucleotide pyrophosphorylase (carboxylating) [EC:2.4.2.19]	COG0157	NadC	Nicotinate-nucleotide pyrophosphorylase	HTCC9565_00139	-3
NZ_LANA01000001.1	123578	126241	-	HTCC9565_00137	HTCC9565	887	OG0000798	K01006	pyruvate, orthophosphate dikinase [EC:2.7.9.1]	COG0574	PpsA	Phosphoenolpyruvate synthase/pyruvate phosphate dikinase	HTCC9565_00139	-2
NZ_LANA01000001.1	126241	128307	-	HTCC9565_00138	HTCC9565	688	OG0000882	K01879	glycyl-tRNA synthetase beta chain [EC:6.1.1.14]	COG0751	GlyS	Glycyl-tRNA synthetase, beta subunit	HTCC9565_00139	-1
NZ_LANA01000001.1	128307	129191	-	HTCC9565_00139	HTCC9565	294	OG0000870	K01878	glycyl-tRNA synthetase alpha chain [EC:6.1.1.14]	COG0752	GlyQ	Glycyl-tRNA synthetase, alpha subunit	HTCC9565_00139	0
NZ_LANA01000001.1	129181	129987	-	HTCC9565_00140	HTCC9565	268	OG0000623	K04773	protease IV [EC:3.4.21.-]	COG0616	SppA	Periplasmic serine protease, ClpP class	HTCC9565_00139	1
NZ_LANA01000001.1	130099	131112	+	HTCC9565_00141	HTCC9565	337	OG0000641	K02523	octaprenyl-diphosphate synthase [EC:2.5.1.90]	COG0142	IspA	Geranylgeranyl pyrophosphate synthase	HTCC9565_00139	2
NZ_LANA01000001.1	131109	131735	-	HTCC9565_00142	HTCC9565	208	OG0000522	K00275	pyridoxamine 5'-phosphate oxidase [EC:1.4.3.5]	COG0259	PdxH	Pyridoxine/pyridoxamine 5'-phosphate oxidase	HTCC9565_00139	3
NZ_LANA01000001.1	131769	132851	+	HTCC9565_00143	HTCC9565	360	OG0000279	K01736	chorismate synthase [EC:4.2.3.5]	COG0082	AroC	Chorismate synthase	HTCC9565_00139	4
NZ_LANA01000001.1	132862	134778	-	HTCC9565_00144	HTCC9565	638	OG0000041	K01662	1-deoxy-D-xylulose-5-phosphate synthase [EC:2.2.1.7]	COG1154	Dxs	Deoxyxylulose-5-phosphate synthase	HTCC9565_00139	5
CP002511.1	869241	869621	+	IMCC9063_00986	IMCC9063	126	OG0000933	K02437	glycine cleavage system H protein	COG0509	GcvH	Glycine cleavage system protein H (lipoate-binding)	IMCC9063_00991	-5
CP002511.1	869621	872485	+	IMCC9063_00987	IMCC9063	954	OG0000957	K00281	glycine dehydrogenase [EC:1.4.4.2]	COG1003	GcvP2	Glycine cleavage system protein P (pyridoxal-binding), C-terminal domain	IMCC9063_00991	-4
CP002511.1	872650	873135	+	IMCC9063_00988	IMCC9063	161	OG0000984	K05770	translocator protein	COG3476	TspO	Tryptophan-rich sensory protein TspO/CrtK (mitochondrial benzodiazepine receptor homolog)	IMCC9063_00991	-3
CP002511.1	873128	874144	-	IMCC9063_00989	IMCC9063	338	OG0000641	K02523	octaprenyl-diphosphate synthase [EC:2.5.1.90]	COG0142	IspA	Geranylgeranyl pyrophosphate synthase	IMCC9063_00991	-2
CP002511.1	874266	875069	+	IMCC9063_00990	IMCC9063	267	OG0000623	K04773	protease IV [EC:3.4.21.-]	COG0616	SppA	Periplasmic serine protease, ClpP class	IMCC9063_00991	-1
CP002511.1	875071	876015	+	IMCC9063_00991	IMCC9063	314	OG0000870	K01878	glycyl-tRNA synthetase alpha chain [EC:6.1.1.14]	COG0752	GlyQ	Glycyl-tRNA synthetase, alpha subunit	IMCC9063_00991	0
CP002511.1	876016	877527	+	IMCC9063_00992	IMCC9063	503	OG0000882	K01879	glycyl-tRNA synthetase beta chain [EC:6.1.1.14]	COG0751	GlyS	Glycyl-tRNA synthetase, beta subunit	IMCC9063_00991	1
CP002511.1	877502	878086	+	IMCC9063_00993	IMCC9063	194	OG0000882	NA	NA	COG0751	GlyS	Glycyl-tRNA synthetase, beta subunit	IMCC9063_00991	2
CP002511.1	878086	880836	+	IMCC9063_00994	IMCC9063	916	OG0000798	K01006	pyruvate, orthophosphate dikinase [EC:2.7.9.1]	COG0574	PpsA	Phosphoenolpyruvate synthase/pyruvate phosphate dikinase	IMCC9063_00991	3
CP002511.1	880839	881666	-	IMCC9063_00995	IMCC9063	275	OG0000370	K00767	nicotinate-nucleotide pyrophosphorylase (carboxylating) [EC:2.4.2.19]	COG0157	NadC	Nicotinate-nucleotide pyrophosphorylase	IMCC9063_00991	4
CP002511.1	881673	882683	-	IMCC9063_00996	IMCC9063	336	OG0000316	K03517	quinolinate synthase [EC:2.5.1.72]	COG0379	NadA	Quinolinate synthase	IMCC9063_00991	5
Ga0182791_11	335325	335705	+	LSUCC0261_00353	LSUCC0261	126	OG0000933	K02437	glycine cleavage system H protein	COG0509	GcvH	Glycine cleavage system protein H (lipoate-binding)	LSUCC0261_00358	-5
Ga0182791_11	335705	338566	+	LSUCC0261_00354	LSUCC0261	953	OG0000957	K00281	glycine dehydrogenase [EC:1.4.4.2]	COG1003	GcvP2	Glycine cleavage system protein P (pyridoxal-binding), C-terminal domain	LSUCC0261_00358	-4
Ga0182791_11	338739	339221	+	LSUCC0261_00355	LSUCC0261	160	OG0000984	K05770	translocator protein	COG3476	TspO	Tryptophan-rich sensory protein TspO/CrtK (mitochondrial benzodiazepine receptor homolog)	LSUCC0261_00358	-3
Ga0182791_11	339214	340230	-	LSUCC0261_00356	LSUCC0261	338	OG0000641	K02523	octaprenyl-diphosphate synthase [EC:2.5.1.90]	COG0142	IspA	Geranylgeranyl pyrophosphate synthase	LSUCC0261_00358	-2
Ga0182791_11	340353	341159	+	LSUCC0261_00357	LSUCC0261	268	OG0000623	K04773	protease IV [EC:3.4.21.-]	COG0616	SppA	Periplasmic serine protease, ClpP class	LSUCC0261_00358	-1
Ga0182791_11	341160	342059	+	LSUCC0261_00358	LSUCC0261	299	OG0000870	K01878	glycyl-tRNA synthetase alpha chain [EC:6.1.1.14]	COG0752	GlyQ	Glycyl-tRNA synthetase, alpha subunit	LSUCC0261_00358	0
Ga0182791_11	342060	344129	+	LSUCC0261_00359	LSUCC0261	689	OG0000882	K01879	glycyl-tRNA synthetase beta chain [EC:6.1.1.14]	COG0751	GlyS	Glycyl-tRNA synthetase, beta subunit	LSUCC0261_00358	1
Ga0182791_11	344129	346798	+	LSUCC0261_00360	LSUCC0261	889	OG0000798	K01006	pyruvate, orthophosphate dikinase [EC:2.7.9.1]	COG0574	PpsA	Phosphoenolpyruvate synthase/pyruvate phosphate dikinase	LSUCC0261_00358	2
Ga0182791_11	346802	347635	-	LSUCC0261_00361	LSUCC0261	277	OG0000370	K00767	nicotinate-nucleotide pyrophosphorylase (carboxylating) [EC:2.4.2.19]	COG0157	NadC	Nicotinate-nucleotide pyrophosphorylase	LSUCC0261_00358	3
Ga0182791_11	347641	348648	-	LSUCC0261_00362	LSUCC0261	335	OG0000316	K03517	quinolinate synthase [EC:2.5.1.72]	COG0379	NadA	Quinolinate synthase	LSUCC0261_00358	4
Ga0182791_11	348860	349747	-	LSUCC0261_00364	LSUCC0261	295	OG0000660	NA	NA	COG0354	YgfZ	Folate-binding protein YgfZ, synthesis and repair of Fe-S clusters, tRNA thiomethylation	LSUCC0261_00358	5
CP024034.1	716602	718536	+	LSUCC0530_00802	LSUCC0530	644	OG0001111	K01907	acetoacetyl-CoA synthetase [EC:6.2.1.16]	COG0365	Acs	Acyl-coenzyme A synthetase/AMP-(fatty) acid ligase	LSUCC0530_00807	-5
CP024034.1	718571	719806	+	LSUCC0530_00803	LSUCC0530	411	OG0001214	NA	NA	COG2271	UhpC	Sugar phosphate permease	LSUCC0530_00807	-4
CP024034.1	719879	720136	-	LSUCC0530_00804	LSUCC0530	85	OG0002768	NA	NA	NA	NA	NA	LSUCC0530_00807	-3
CP024034.1	720343	723009	-	LSUCC0530_00805	LSUCC0530	888	OG0000798	K01006	pyruvate, orthophosphate dikinase [EC:2.7.9.1]	COG0574	PpsA	Phosphoenolpyruvate synthase/pyruvate phosphate dikinase	LSUCC0530_00807	-2
CP024034.1	723012	725078	-	LSUCC0530_00806	LSUCC0530	688	OG0000882	K01879	glycyl-tRNA synthetase beta chain [EC:6.1.1.14]	COG0751	GlyS	Glycyl-tRNA synthetase, beta subunit	LSUCC0530_00807	-1
CP024034.1	725078	726007	-	LSUCC0530_00807	LSUCC0530	309	OG0000870	K01878	glycyl-tRNA synthetase alpha chain [EC:6.1.1.14]	COG0752	GlyQ	Glycyl-tRNA synthetase, alpha subunit	LSUCC0530_00807	0
CP024034.1	726010	726822	-	LSUCC0530_00808	LSUCC0530	270	OG0000623	K04773	protease IV [EC:3.4.21.-]	COG0616	SppA	Periplasmic serine protease, ClpP class	LSUCC0530_00807	1
CP024034.1	726909	727922	+	LSUCC0530_00809	LSUCC0530	337	OG0000641	K02523	octaprenyl-diphosphate synthase [EC:2.5.1.90]	COG0142	IspA	Geranylgeranyl pyrophosphate synthase	LSUCC0530_00807	2
CP024034.1	727906	728397	-	LSUCC0530_00810	LSUCC0530	163	OG0000984	K05770	translocator protein	COG3476	TspO	Tryptophan-rich sensory protein TspO/CrtK (mitochondrial benzodiazepine receptor homolog)	LSUCC0530_00807	3
CP024034.1	728559	731420	-	LSUCC0530_00811	LSUCC0530	953	OG0000957	K00281	glycine dehydrogenase [EC:1.4.4.2]	COG1003	GcvP2	Glycine cleavage system protein P (pyridoxal-binding), C-terminal domain	LSUCC0530_00807	4
CP024034.1	731420	731800	-	LSUCC0530_00812	LSUCC0530	126	OG0000933	K02437	glycine cleavage system H protein	COG0509	GcvH	Glycine cleavage system protein H (lipoate-binding)	LSUCC0530_00807	5
Ga0255589_11	695858	696673	+	LSUCC0664_00773	LSUCC0664	271	OG0000660	NA	NA	COG0354	YgfZ	Folate-binding protein YgfZ, synthesis and repair of Fe-S clusters, tRNA thiomethylation	LSUCC0664_00779	-5
Ga0255589_11	696837	697838	+	LSUCC0664_00775	LSUCC0664	333	OG0000316	K03517	quinolinate synthase [EC:2.5.1.72]	COG0379	NadA	Quinolinate synthase	LSUCC0664_00779	-4
Ga0255589_11	697845	698678	+	LSUCC0664_00776	LSUCC0664	277	OG0000370	K00767	nicotinate-nucleotide pyrophosphorylase (carboxylating) [EC:2.4.2.19]	COG0157	NadC	Nicotinate-nucleotide pyrophosphorylase	LSUCC0664_00779	-3
Ga0255589_11	698679	701345	-	LSUCC0664_00777	LSUCC0664	888	OG0000798	K01006	pyruvate, orthophosphate dikinase [EC:2.7.9.1]	COG0574	PpsA	Phosphoenolpyruvate synthase/pyruvate phosphate dikinase	LSUCC0664_00779	-2
Ga0255589_11	701349	703415	-	LSUCC0664_00778	LSUCC0664	688	OG0000882	K01879	glycyl-tRNA synthetase beta chain [EC:6.1.1.14]	COG0751	GlyS	Glycyl-tRNA synthetase, beta subunit	LSUCC0664_00779	-1
Ga0255589_11	703415	704362	-	LSUCC0664_00779	LSUCC0664	315	OG0000870	K01878	glycyl-tRNA synthetase alpha chain [EC:6.1.1.14]	COG0752	GlyQ	Glycyl-tRNA synthetase, alpha subunit	LSUCC0664_00779	0
Ga0255589_11	704359	705165	-	LSUCC0664_00780	LSUCC0664	268	OG0000623	K04773	protease IV [EC:3.4.21.-]	COG0616	SppA	Periplasmic serine protease, ClpP class	LSUCC0664_00779	1
Ga0255589_11	705274	706287	+	LSUCC0664_00781	LSUCC0664	337	OG0000641	K02523	octaprenyl-diphosphate synthase [EC:2.5.1.90]	COG0142	IspA	Geranylgeranyl pyrophosphate synthase	LSUCC0664_00779	2
Ga0255589_11	706280	706759	-	LSUCC0664_00782	LSUCC0664	159	OG0000984	K05770	translocator protein	COG3476	TspO	Tryptophan-rich sensory protein TspO/CrtK (mitochondrial benzodiazepine receptor homolog)	LSUCC0664_00779	3
Ga0255589_11	706920	709781	-	LSUCC0664_00783	LSUCC0664	953	OG0000957	K00281	glycine dehydrogenase [EC:1.4.4.2]	COG1003	GcvP2	Glycine cleavage system protein P (pyridoxal-binding), C-terminal domain	LSUCC0664_00779	4
Ga0255589_11	709781	710158	-	LSUCC0664_00784	LSUCC0664	125	OG0000933	K02437	glycine cleavage system H protein	COG0509	GcvH	Glycine cleavage system protein H (lipoate-binding)	LSUCC0664_00779	5
Ga0197930_11	287091	287471	+	LSUCC0723_00304	LSUCC0723	126	OG0000933	K02437	glycine cleavage system H protein	COG0509	GcvH	Glycine cleavage system protein H (lipoate-binding)	LSUCC0723_00309	-5
Ga0197930_11	287471	290332	+	LSUCC0723_00305	LSUCC0723	953	OG0000957	K00281	glycine dehydrogenase [EC:1.4.4.2]	COG1003	GcvP2	Glycine cleavage system protein P (pyridoxal-binding), C-terminal domain	LSUCC0723_00309	-4
Ga0197930_11	290493	290972	+	LSUCC0723_00306	LSUCC0723	159	OG0000984	K05770	translocator protein	COG3476	TspO	Tryptophan-rich sensory protein TspO/CrtK (mitochondrial benzodiazepine receptor homolog)	LSUCC0723_00309	-3
Ga0197930_11	290965	291978	-	LSUCC0723_00307	LSUCC0723	337	OG0000641	K02523	octaprenyl-diphosphate synthase [EC:2.5.1.90]	COG0142	IspA	Geranylgeranyl pyrophosphate synthase	LSUCC0723_00309	-2
Ga0197930_11	292085	292891	+	LSUCC0723_00308	LSUCC0723	268	OG0000623	K04773	protease IV [EC:3.4.21.-]	COG0616	SppA	Periplasmic serine protease, ClpP class	LSUCC0723_00309	-1
Ga0197930_11	292888	293823	+	LSUCC0723_00309	LSUCC0723	311	OG0000870	K01878	glycyl-tRNA synthetase alpha chain [EC:6.1.1.14]	COG0752	GlyQ	Glycyl-tRNA synthetase, alpha subunit	LSUCC0723_00309	0
Ga0197930_11	293823	295886	+	LSUCC0723_00310	LSUCC0723	687	OG0000882	K01879	glycyl-tRNA synthetase beta chain [EC:6.1.1.14]	COG0751	GlyS	Glycyl-tRNA synthetase, beta subunit	LSUCC0723_00309	1
Ga0197930_11	295889	298555	+	LSUCC0723_00311	LSUCC0723	888	OG0000798	K01006	pyruvate, orthophosphate dikinase [EC:2.7.9.1]	COG0574	PpsA	Phosphoenolpyruvate synthase/pyruvate phosphate dikinase	LSUCC0723_00309	2
Ga0197930_11	298556	299383	-	LSUCC0723_00312	LSUCC0723	275	OG0000370	K00767	nicotinate-nucleotide pyrophosphorylase (carboxylating) [EC:2.4.2.19]	COG0157	NadC	Nicotinate-nucleotide pyrophosphorylase	LSUCC0723_00309	3
Ga0197930_11	299389	300390	-	LSUCC0723_00313	LSUCC0723	333	OG0000316	K03517	quinolinate synthase [EC:2.5.1.72]	COG0379	NadA	Quinolinate synthase	LSUCC0723_00309	4
Ga0197930_11	300792	301082	+	LSUCC0723_00315	LSUCC0723	96	NA	NA	NA	NA	NA	NA	LSUCC0723_00309	5
OZ249404.1	627098	627940	+	ME-17_00725	ME-17	280	OG0002766	K07090	uncharacterized protein	COG0730	TauE	Sulfite exporter TauE/SafE/YfcA and related permeases, UPF0721 family	ME-17_00730	-5
OZ249404.1	627933	629186	-	ME-17_00726	ME-17	417	OG0002767	NA	NA	NA	NA	NA	ME-17_00730	-4
OZ249404.1	629350	629604	-	ME-17_00727	ME-17	84	OG0002768	NA	NA	NA	NA	NA	ME-17_00730	-3
OZ249404.1	629819	632485	-	ME-17_00728	ME-17	888	OG0000798	K01006	pyruvate, orthophosphate dikinase [EC:2.7.9.1]	COG0574	PpsA	Phosphoenolpyruvate synthase/pyruvate phosphate dikinase	ME-17_00730	-2
OZ249404.1	632491	634557	-	ME-17_00729	ME-17	688	OG0000882	K01879	glycyl-tRNA synthetase beta chain [EC:6.1.1.14]	COG0751	GlyS	Glycyl-tRNA synthetase, beta subunit	ME-17_00730	-1
OZ249404.1	634557	635486	-	ME-17_00730	ME-17	309	OG0000870	K01878	glycyl-tRNA synthetase alpha chain [EC:6.1.1.14]	COG0752	GlyQ	Glycyl-tRNA synthetase, alpha subunit	ME-17_00730	0
OZ249404.1	635489	636301	-	ME-17_00731	ME-17	270	OG0000623	K04773	protease IV [EC:3.4.21.-]	COG0616	SppA	Periplasmic serine protease, ClpP class	ME-17_00730	1
OZ249404.1	636392	637405	+	ME-17_00732	ME-17	337	OG0000641	K02523	octaprenyl-diphosphate synthase [EC:2.5.1.90]	COG0142	IspA	Geranylgeranyl pyrophosphate synthase	ME-17_00730	2
OZ249404.1	637389	637880	-	ME-17_00733	ME-17	163	OG0000984	K05770	translocator protein	COG3476	TspO	Tryptophan-rich sensory protein TspO/CrtK (mitochondrial benzodiazepine receptor homolog)	ME-17_00730	3
OZ249404.1	638042	640903	-	ME-17_00734	ME-17	953	OG0000957	K00281	glycine dehydrogenase [EC:1.4.4.2]	COG1003	GcvP2	Glycine cleavage system protein P (pyridoxal-binding), C-terminal domain	ME-17_00730	4
OZ249404.1	640903	641283	-	ME-17_00735	ME-17	126	OG0000933	K02437	glycine cleavage system H protein	COG0509	GcvH	Glycine cleavage system protein H (lipoate-binding)	ME-17_00730	5
OZ247825.1	648799	649641	+	ME-18_00737	ME-18	280	OG0002766	K07090	uncharacterized protein	COG0730	TauE	Sulfite exporter TauE/SafE/YfcA and related permeases, UPF0721 family	ME-18_00742	-5
OZ247825.1	649634	650887	-	ME-18_00738	ME-18	417	OG0002767	NA	NA	NA	NA	NA	ME-18_00742	-4
OZ247825.1	651051	651305	-	ME-18_00739	ME-18	84	OG0002768	NA	NA	NA	NA	NA	ME-18_00742	-3
OZ247825.1	651519	654185	-	ME-18_00740	ME-18	888	OG0000798	K01006	pyruvate, orthophosphate dikinase [EC:2.7.9.1]	COG0574	PpsA	Phosphoenolpyruvate synthase/pyruvate phosphate dikinase	ME-18_00742	-2
OZ247825.1	654191	656257	-	ME-18_00741	ME-18	688	OG0000882	K01879	glycyl-tRNA synthetase beta chain [EC:6.1.1.14]	COG0751	GlyS	Glycyl-tRNA synthetase, beta subunit	ME-18_00742	-1
OZ247825.1	656257	657186	-	ME-18_00742	ME-18	309	OG0000870	K01878	glycyl-tRNA synthetase alpha chain [EC:6.1.1.14]	COG0752	GlyQ	Glycyl-tRNA synthetase, alpha subunit	ME-18_00742	0
OZ247825.1	657189	658001	-	ME-18_00743	ME-18	270	OG0000623	K04773	protease IV [EC:3.4.21.-]	COG0616	SppA	Periplasmic serine protease, ClpP class	ME-18_00742	1
OZ247825.1	658092	659105	+	ME-18_00744	ME-18	337	OG0000641	K02523	octaprenyl-diphosphate synthase [EC:2.5.1.90]	COG0142	IspA	Geranylgeranyl pyrophosphate synthase	ME-18_00742	2
OZ247825.1	659089	659580	-	ME-18_00745	ME-18	163	OG0000984	K05770	translocator protein	COG3476	TspO	Tryptophan-rich sensory protein TspO/CrtK (mitochondrial benzodiazepine receptor homolog)	ME-18_00742	3
OZ247825.1	659742	662603	-	ME-18_00746	ME-18	953	OG0000957	K00281	glycine dehydrogenase [EC:1.4.4.2]	COG1003	GcvP2	Glycine cleavage system protein P (pyridoxal-binding), C-terminal domain	ME-18_00742	4
OZ247825.1	662603	662983	-	ME-18_00747	ME-18	126	OG0000933	K02437	glycine cleavage system H protein	COG0509	GcvH	Glycine cleavage system protein H (lipoate-binding)	ME-18_00742	5
OZ247816.1	635347	636189	+	ME-20_00716	ME-20	280	OG0002766	K07090	uncharacterized protein	COG0730	TauE	Sulfite exporter TauE/SafE/YfcA and related permeases, UPF0721 family	ME-20_00721	-5
OZ247816.1	636182	637435	-	ME-20_00717	ME-20	417	OG0002767	NA	NA	NA	NA	NA	ME-20_00721	-4
OZ247816.1	637599	637853	-	ME-20_00718	ME-20	84	OG0002768	NA	NA	NA	NA	NA	ME-20_00721	-3
OZ247816.1	638069	640735	-	ME-20_00719	ME-20	888	OG0000798	K01006	pyruvate, orthophosphate dikinase [EC:2.7.9.1]	COG0574	PpsA	Phosphoenolpyruvate synthase/pyruvate phosphate dikinase	ME-20_00721	-2
OZ247816.1	640741	642807	-	ME-20_00720	ME-20	688	OG0000882	K01879	glycyl-tRNA synthetase beta chain [EC:6.1.1.14]	COG0751	GlyS	Glycyl-tRNA synthetase, beta subunit	ME-20_00721	-1
OZ247816.1	642807	643736	-	ME-20_00721	ME-20	309	OG0000870	K01878	glycyl-tRNA synthetase alpha chain [EC:6.1.1.14]	COG0752	GlyQ	Glycyl-tRNA synthetase, alpha subunit	ME-20_00721	0
OZ247816.1	643739	644551	-	ME-20_00722	ME-20	270	OG0000623	K04773	protease IV [EC:3.4.21.-]	COG0616	SppA	Periplasmic serine protease, ClpP class	ME-20_00721	1
OZ247816.1	644642	645655	+	ME-20_00723	ME-20	337	OG0000641	K02523	octaprenyl-diphosphate synthase [EC:2.5.1.90]	COG0142	IspA	Geranylgeranyl pyrophosphate synthase	ME-20_00721	2
OZ247816.1	645639	646130	-	ME-20_00724	ME-20	163	OG0000984	K05770	translocator protein	COG3476	TspO	Tryptophan-rich sensory protein TspO/CrtK (mitochondrial benzodiazepine receptor homolog)	ME-20_00721	3
OZ247816.1	646292	649153	-	ME-20_00725	ME-20	953	OG0000957	K00281	glycine dehydrogenase [EC:1.4.4.2]	COG1003	GcvP2	Glycine cleavage system protein P (pyridoxal-binding), C-terminal domain	ME-20_00721	4
OZ247816.1	649153	649533	-	ME-20_00726	ME-20	126	OG0000933	K02437	glycine cleavage system H protein	COG0509	GcvH	Glycine cleavage system protein H (lipoate-binding)	ME-20_00721	5
OZ247817.1	663168	664010	+	ME-31_00745	ME-31	280	OG0002766	K07090	uncharacterized protein	COG0730	TauE	Sulfite exporter TauE/SafE/YfcA and related permeases, UPF0721 family	ME-31_00750	-5
OZ247817.1	664003	665256	-	ME-31_00746	ME-31	417	OG0002767	NA	NA	NA	NA	NA	ME-31_00750	-4
OZ247817.1	665420	665674	-	ME-31_00747	ME-31	84	OG0002768	NA	NA	NA	NA	NA	ME-31_00750	-3
OZ247817.1	665889	668555	-	ME-31_00748	ME-31	888	OG0000798	K01006	pyruvate, orthophosphate dikinase [EC:2.7.9.1]	COG0574	PpsA	Phosphoenolpyruvate synthase/pyruvate phosphate dikinase	ME-31_00750	-2
OZ247817.1	668561	670627	-	ME-31_00749	ME-31	688	OG0000882	K01879	glycyl-tRNA synthetase beta chain [EC:6.1.1.14]	COG0751	GlyS	Glycyl-tRNA synthetase, beta subunit	ME-31_00750	-1
OZ247817.1	670627	671556	-	ME-31_00750	ME-31	309	OG0000870	K01878	glycyl-tRNA synthetase alpha chain [EC:6.1.1.14]	COG0752	GlyQ	Glycyl-tRNA synthetase, alpha subunit	ME-31_00750	0
OZ247817.1	671559	672371	-	ME-31_00751	ME-31	270	OG0000623	K04773	protease IV [EC:3.4.21.-]	COG0616	SppA	Periplasmic serine protease, ClpP class	ME-31_00750	1
OZ247817.1	672462	673475	+	ME-31_00752	ME-31	337	OG0000641	K02523	octaprenyl-diphosphate synthase [EC:2.5.1.90]	COG0142	IspA	Geranylgeranyl pyrophosphate synthase	ME-31_00750	2
OZ247817.1	673459	673950	-	ME-31_00753	ME-31	163	OG0000984	K05770	translocator protein	COG3476	TspO	Tryptophan-rich sensory protein TspO/CrtK (mitochondrial benzodiazepine receptor homolog)	ME-31_00750	3
OZ247817.1	674112	676973	-	ME-31_00754	ME-31	953	OG0000957	K00281	glycine dehydrogenase [EC:1.4.4.2]	COG1003	GcvP2	Glycine cleavage system protein P (pyridoxal-binding), C-terminal domain	ME-31_00750	4
OZ247817.1	676973	677353	-	ME-31_00755	ME-31	126	OG0000933	K02437	glycine cleavage system H protein	COG0509	GcvH	Glycine cleavage system protein H (lipoate-binding)	ME-31_00750	5
OZ247815.1	658285	659127	+	ME-33_00748	ME-33	280	OG0002766	K07090	uncharacterized protein	COG0730	TauE	Sulfite exporter TauE/SafE/YfcA and related permeases, UPF0721 family	ME-33_00753	-5
OZ247815.1	659120	660373	-	ME-33_00749	ME-33	417	OG0002767	NA	NA	NA	NA	NA	ME-33_00753	-4
OZ247815.1	660537	660791	-	ME-33_00750	ME-33	84	OG0002768	NA	NA	NA	NA	NA	ME-33_00753	-3
OZ247815.1	661006	663672	-	ME-33_00751	ME-33	888	OG0000798	K01006	pyruvate, orthophosphate dikinase [EC:2.7.9.1]	COG0574	PpsA	Phosphoenolpyruvate synthase/pyruvate phosphate dikinase	ME-33_00753	-2
OZ247815.1	663678	665744	-	ME-33_00752	ME-33	688	OG0000882	K01879	glycyl-tRNA synthetase beta chain [EC:6.1.1.14]	COG0751	GlyS	Glycyl-tRNA synthetase, beta subunit	ME-33_00753	-1
OZ247815.1	665744	666673	-	ME-33_00753	ME-33	309	OG0000870	K01878	glycyl-tRNA synthetase alpha chain [EC:6.1.1.14]	COG0752	GlyQ	Glycyl-tRNA synthetase, alpha subunit	ME-33_00753	0
OZ247815.1	666676	667488	-	ME-33_00754	ME-33	270	OG0000623	K04773	protease IV [EC:3.4.21.-]	COG0616	SppA	Periplasmic serine protease, ClpP class	ME-33_00753	1
OZ247815.1	667579	668592	+	ME-33_00755	ME-33	337	OG0000641	K02523	octaprenyl-diphosphate synthase [EC:2.5.1.90]	COG0142	IspA	Geranylgeranyl pyrophosphate synthase	ME-33_00753	2
OZ247815.1	668576	669067	-	ME-33_00756	ME-33	163	OG0000984	K05770	translocator protein	COG3476	TspO	Tryptophan-rich sensory protein TspO/CrtK (mitochondrial benzodiazepine receptor homolog)	ME-33_00753	3
OZ247815.1	669229	672090	-	ME-33_00757	ME-33	953	OG0000957	K00281	glycine dehydrogenase [EC:1.4.4.2]	COG1003	GcvP2	Glycine cleavage system protein P (pyridoxal-binding), C-terminal domain	ME-33_00753	4
OZ247815.1	672090	672470	-	ME-33_00758	ME-33	126	OG0000933	K02437	glycine cleavage system H protein	COG0509	GcvH	Glycine cleavage system protein H (lipoate-binding)	ME-33_00753	5
NTJN01000002.1	32668	34590	+	MED-G40_00348	MED-G40	640	OG0000041	K01662	1-deoxy-D-xylulose-5-phosphate synthase [EC:2.2.1.7]	COG1154	Dxs	Deoxyxylulose-5-phosphate synthase	MED-G40_00353	-5
NTJN01000002.1	34587	35669	-	MED-G40_00349	MED-G40	360	OG0000279	K01736	chorismate synthase [EC:4.2.3.5]	COG0082	AroC	Chorismate synthase	MED-G40_00353	-4
NTJN01000002.1	35704	36336	+	MED-G40_00350	MED-G40	210	OG0000522	K00275	pyridoxamine 5'-phosphate oxidase [EC:1.4.3.5]	COG0259	PdxH	Pyridoxine/pyridoxamine 5'-phosphate oxidase	MED-G40_00353	-3
NTJN01000002.1	36333	37346	-	MED-G40_00351	MED-G40	337	OG0000641	K02523	octaprenyl-diphosphate synthase [EC:2.5.1.90]	COG0142	IspA	Geranylgeranyl pyrophosphate synthase	MED-G40_00353	-2
NTJN01000002.1	37494	38309	+	MED-G40_00352	MED-G40	271	OG0000623	K04773	protease IV [EC:3.4.21.-]	COG0616	SppA	Periplasmic serine protease, ClpP class	MED-G40_00353	-1
NTJN01000002.1	38310	39197	+	MED-G40_00353	MED-G40	295	OG0000870	K01878	glycyl-tRNA synthetase alpha chain [EC:6.1.1.14]	COG0752	GlyQ	Glycyl-tRNA synthetase, alpha subunit	MED-G40_00353	0
NTJN01000002.1	39201	41255	+	MED-G40_00354	MED-G40	684	OG0000882	K01879	glycyl-tRNA synthetase beta chain [EC:6.1.1.14]	COG0751	GlyS	Glycyl-tRNA synthetase, beta subunit	MED-G40_00353	1
NTJN01000002.1	41255	43915	+	MED-G40_00355	MED-G40	886	OG0000798	K01006	pyruvate, orthophosphate dikinase [EC:2.7.9.1]	COG0574	PpsA	Phosphoenolpyruvate synthase/pyruvate phosphate dikinase	MED-G40_00353	2
NTJN01000002.1	43904	44743	-	MED-G40_00356	MED-G40	279	OG0000370	K00767	nicotinate-nucleotide pyrophosphorylase (carboxylating) [EC:2.4.2.19]	COG0157	NadC	Nicotinate-nucleotide pyrophosphorylase	MED-G40_00353	3
NTJN01000002.1	44749	45738	-	MED-G40_00357	MED-G40	329	OG0000316	K03517	quinolinate synthase [EC:2.5.1.72]	COG0379	NadA	Quinolinate synthase	MED-G40_00353	4
NTJN01000002.1	45947	47281	+	MED-G40_00359	MED-G40	444	OG0001280	NA	NA	COG0513	SrmB	Superfamily II DNA and RNA helicase	MED-G40_00353	5
NZIR01000035.1	38833	39216	-	MED602_00819	MED602	127	OG0001035	NA	NA	COG2105	YtfP	Predicted gamma-glutamylamine cyclotransferase YtfP, GGCT/AIG2-like family	MED602_00824	-5
NZIR01000035.1	39216	39980	-	MED602_00820	MED602	254	OG0000798	NA	NA	COG1080	PtsA	Phosphoenolpyruvate-protein kinase (PTS system EI component in bacteria)	MED602_00824	-4
NZIR01000035.1	39958	41583	-	MED602_00821	MED602	541	OG0000798	K01006	pyruvate, orthophosphate dikinase [EC:2.7.9.1]	COG0574	PpsA	Phosphoenolpyruvate synthase/pyruvate phosphate dikinase	MED602_00824	-3
NZIR01000035.1	41633	41890	-	MED602_00822	MED602	85	OG0003502	NA	NA	COG0574	PpsA	Phosphoenolpyruvate synthase/pyruvate phosphate dikinase	MED602_00824	-2
NZIR01000035.1	41890	43953	-	MED602_00823	MED602	687	OG0000882	K01879	glycyl-tRNA synthetase beta chain [EC:6.1.1.14]	COG0751	GlyS	Glycyl-tRNA synthetase, beta subunit	MED602_00824	-1
NZIR01000035.1	43950	44852	-	MED602_00824	MED602	300	OG0000870	K01878	glycyl-tRNA synthetase alpha chain [EC:6.1.1.14]	COG0752	GlyQ	Glycyl-tRNA synthetase, alpha subunit	MED602_00824	0
NZIR01000035.1	44852	45658	-	MED602_00825	MED602	268	OG0000623	K04773	protease IV [EC:3.4.21.-]	COG0616	SppA	Periplasmic serine protease, ClpP class	MED602_00824	1
NZIR01000035.1	45775	46788	+	MED602_00826	MED602	337	OG0000641	K02523	octaprenyl-diphosphate synthase [EC:2.5.1.90]	COG0142	IspA	Geranylgeranyl pyrophosphate synthase	MED602_00824	2
NZIR01000035.1	46781	47260	-	MED602_00827	MED602	159	OG0000984	K05770	translocator protein	COG3476	TspO	Tryptophan-rich sensory protein TspO/CrtK (mitochondrial benzodiazepine receptor homolog)	MED602_00824	3
NZIR01000035.1	47257	47421	-	MED602_00828	MED602	54	OG0002735	NA	NA	NA	NA	NA	MED602_00824	4
NZIR01000035.1	47421	50288	-	MED602_00829	MED602	955	OG0000957	K00281	glycine dehydrogenase [EC:1.4.4.2]	COG1003	GcvP2	Glycine cleavage system protein P (pyridoxal-binding), C-terminal domain	MED602_00824	5
NZIO01000040.1	39058	39390	+	MED605_01352	MED605	110	OG0000042	NA	NA	COG2076	EmrE	Multidrug transporter EmrE and related cation transporters	MED605_01357	-5
NZIO01000040.1	39387	40469	-	MED605_01353	MED605	360	OG0000279	K01736	chorismate synthase [EC:4.2.3.5]	COG0082	AroC	Chorismate synthase	MED605_01357	-4
NZIO01000040.1	40504	41127	+	MED605_01354	MED605	207	OG0000522	K00275	pyridoxamine 5'-phosphate oxidase [EC:1.4.3.5]	COG0259	PdxH	Pyridoxine/pyridoxamine 5'-phosphate oxidase	MED605_01357	-3
NZIO01000040.1	41124	42137	-	MED605_01355	MED605	337	OG0000641	K02523	octaprenyl-diphosphate synthase [EC:2.5.1.90]	COG0142	IspA	Geranylgeranyl pyrophosphate synthase	MED605_01357	-2
NZIO01000040.1	42290	43099	+	MED605_01356	MED605	269	OG0000623	K04773	protease IV [EC:3.4.21.-]	COG0616	SppA	Periplasmic serine protease, ClpP class	MED605_01357	-1
NZIO01000040.1	43099	44001	+	MED605_01357	MED605	300	OG0000870	K01878	glycyl-tRNA synthetase alpha chain [EC:6.1.1.14]	COG0752	GlyQ	Glycyl-tRNA synthetase, alpha subunit	MED605_01357	0
NZIO01000040.1	44008	46074	+	MED605_01358	MED605	688	OG0000882	K01879	glycyl-tRNA synthetase beta chain [EC:6.1.1.14]	COG0751	GlyS	Glycyl-tRNA synthetase, beta subunit	MED605_01357	1
NZIO01000040.1	46075	48738	+	MED605_01359	MED605	887	OG0000798	K01006	pyruvate, orthophosphate dikinase [EC:2.7.9.1]	COG0574	PpsA	Phosphoenolpyruvate synthase/pyruvate phosphate dikinase	MED605_01357	2
NZIO01000040.1	48748	49575	-	MED605_01360	MED605	275	OG0000370	K00767	nicotinate-nucleotide pyrophosphorylase (carboxylating) [EC:2.4.2.19]	COG0157	NadC	Nicotinate-nucleotide pyrophosphorylase	MED605_01357	3
NZIO01000040.1	49585	50574	-	MED605_01361	MED605	329	OG0000316	K03517	quinolinate synthase [EC:2.5.1.72]	COG0379	NadA	Quinolinate synthase	MED605_01357	4
NZIO01000040.1	50724	50969	-	MED605_01363	MED605	81	NA	NA	NA	NA	NA	NA	MED605_01357	5
OZ247814.1	774268	775209	+	MKE-138_00866	MKE-138	313	OG0002750	K07086	uncharacterized protein	COG3329	SbtA	Na+-dependent bicarbonate transporter SbtA	MKE-138_00871	-5
OZ247814.1	775227	775991	-	MKE-138_00867	MKE-138	254	OG0000676	NA	NA	COG0345	ProC	Pyrroline-5-carboxylate reductase	MKE-138_00871	-4
OZ247814.1	776337	776828	+	MKE-138_00868	MKE-138	163	OG0000984	K05770	translocator protein	COG3476	TspO	Tryptophan-rich sensory protein TspO/CrtK (mitochondrial benzodiazepine receptor homolog)	MKE-138_00871	-3
OZ247814.1	776812	777825	-	MKE-138_00869	MKE-138	337	OG0000641	K02523	octaprenyl-diphosphate synthase [EC:2.5.1.90]	COG0142	IspA	Geranylgeranyl pyrophosphate synthase	MKE-138_00871	-2
OZ247814.1	777916	778728	+	MKE-138_00870	MKE-138	270	OG0000623	K04773	protease IV [EC:3.4.21.-]	COG0616	SppA	Periplasmic serine protease, ClpP class	MKE-138_00871	-1
OZ247814.1	778731	779660	+	MKE-138_00871	MKE-138	309	OG0000870	K01878	glycyl-tRNA synthetase alpha chain [EC:6.1.1.14]	COG0752	GlyQ	Glycyl-tRNA synthetase, alpha subunit	MKE-138_00871	0
OZ247814.1	779660	781726	+	MKE-138_00872	MKE-138	688	OG0000882	K01879	glycyl-tRNA synthetase beta chain [EC:6.1.1.14]	COG0751	GlyS	Glycyl-tRNA synthetase, beta subunit	MKE-138_00871	1
OZ247814.1	781730	784396	+	MKE-138_00873	MKE-138	888	OG0000798	K01006	pyruvate, orthophosphate dikinase [EC:2.7.9.1]	COG0574	PpsA	Phosphoenolpyruvate synthase/pyruvate phosphate dikinase	MKE-138_00871	2
OZ247814.1	784612	784866	+	MKE-138_00874	MKE-138	84	OG0002768	NA	NA	NA	NA	NA	MKE-138_00871	3
OZ247814.1	784964	786199	+	MKE-138_00875	MKE-138	411	OG0001813	NA	NA	COG0659	SUL1	Sulfate permease or related transporter, MFS superfamily, contains STAS domain	MKE-138_00871	4
OZ247814.1	786232	787485	+	MKE-138_00876	MKE-138	417	OG0002767	NA	NA	NA	NA	NA	MKE-138_00871	5
OZ249405.1	663085	663927	+	MiE-29_00756	MiE-29	280	OG0002766	K07090	uncharacterized protein	COG0730	TauE	Sulfite exporter TauE/SafE/YfcA and related permeases, UPF0721 family	MiE-29_00761	-5
OZ249405.1	663920	665173	-	MiE-29_00757	MiE-29	417	OG0002767	NA	NA	NA	NA	NA	MiE-29_00761	-4
OZ249405.1	665333	665587	-	MiE-29_00758	MiE-29	84	OG0002768	NA	NA	NA	NA	NA	MiE-29_00761	-3
OZ249405.1	665794	668460	-	MiE-29_00759	MiE-29	888	OG0000798	K01006	pyruvate, orthophosphate dikinase [EC:2.7.9.1]	COG0574	PpsA	Phosphoenolpyruvate synthase/pyruvate phosphate dikinase	MiE-29_00761	-2
OZ249405.1	668466	670532	-	MiE-29_00760	MiE-29	688	OG0000882	K01879	glycyl-tRNA synthetase beta chain [EC:6.1.1.14]	COG0751	GlyS	Glycyl-tRNA synthetase, beta subunit	MiE-29_00761	-1
OZ249405.1	670532	671461	-	MiE-29_00761	MiE-29	309	OG0000870	K01878	glycyl-tRNA synthetase alpha chain [EC:6.1.1.14]	COG0752	GlyQ	Glycyl-tRNA synthetase, alpha subunit	MiE-29_00761	0
OZ249405.1	671464	672276	-	MiE-29_00762	MiE-29	270	OG0000623	K04773	protease IV [EC:3.4.21.-]	COG0616	SppA	Periplasmic serine protease, ClpP class	MiE-29_00761	1
OZ249405.1	672367	673380	+	MiE-29_00763	MiE-29	337	OG0000641	K02523	octaprenyl-diphosphate synthase [EC:2.5.1.90]	COG0142	IspA	Geranylgeranyl pyrophosphate synthase	MiE-29_00761	2
OZ249405.1	673364	673855	-	MiE-29_00764	MiE-29	163	OG0000984	K05770	translocator protein	COG3476	TspO	Tryptophan-rich sensory protein TspO/CrtK (mitochondrial benzodiazepine receptor homolog)	MiE-29_00761	3
OZ249405.1	674017	676878	-	MiE-29_00765	MiE-29	953	OG0000957	K00281	glycine dehydrogenase [EC:1.4.4.2]	COG1003	GcvP2	Glycine cleavage system protein P (pyridoxal-binding), C-terminal domain	MiE-29_00761	4
OZ249405.1	676878	677258	-	MiE-29_00766	MiE-29	126	OG0000933	K02437	glycine cleavage system H protein	COG0509	GcvH	Glycine cleavage system protein H (lipoate-binding)	MiE-29_00761	5
CP038852.1	530498	531382	+	NP1_00603	NP1	294	OG0000660	NA	NA	COG0354	YgfZ	Folate-binding protein YgfZ, synthesis and repair of Fe-S clusters, tRNA thiomethylation	NP1_00608	-5
CP038852.1	531436	532425	+	NP1_00604	NP1	329	OG0000316	K03517	quinolinate synthase [EC:2.5.1.72]	COG0379	NadA	Quinolinate synthase	NP1_00608	-4
CP038852.1	532431	533264	+	NP1_00605	NP1	277	OG0000370	K00767	nicotinate-nucleotide pyrophosphorylase (carboxylating) [EC:2.4.2.19]	COG0157	NadC	Nicotinate-nucleotide pyrophosphorylase	NP1_00608	-3
CP038852.1	533261	535924	-	NP1_00606	NP1	887	OG0000798	K01006	pyruvate, orthophosphate dikinase [EC:2.7.9.1]	COG0574	PpsA	Phosphoenolpyruvate synthase/pyruvate phosphate dikinase	NP1_00608	-2
CP038852.1	535924	537990	-	NP1_00607	NP1	688	OG0000882	K01879	glycyl-tRNA synthetase beta chain [EC:6.1.1.14]	COG0751	GlyS	Glycyl-tRNA synthetase, beta subunit	NP1_00608	-1
CP038852.1	537990	538874	-	NP1_00608	NP1	294	OG0000870	K01878	glycyl-tRNA synthetase alpha chain [EC:6.1.1.14]	COG0752	GlyQ	Glycyl-tRNA synthetase, alpha subunit	NP1_00608	0
CP038852.1	538864	539670	-	NP1_00609	NP1	268	OG0000623	K04773	protease IV [EC:3.4.21.-]	COG0616	SppA	Periplasmic serine protease, ClpP class	NP1_00608	1
CP038852.1	539783	540796	+	NP1_00610	NP1	337	OG0000641	K02523	octaprenyl-diphosphate synthase [EC:2.5.1.90]	COG0142	IspA	Geranylgeranyl pyrophosphate synthase	NP1_00608	2
CP038852.1	540793	541419	-	NP1_00611	NP1	208	OG0000522	K00275	pyridoxamine 5'-phosphate oxidase [EC:1.4.3.5]	COG0259	PdxH	Pyridoxine/pyridoxamine 5'-phosphate oxidase	NP1_00608	3
CP038852.1	541453	542535	+	NP1_00612	NP1	360	OG0000279	K01736	chorismate synthase [EC:4.2.3.5]	COG0082	AroC	Chorismate synthase	NP1_00608	4
CP038852.1	542547	544460	-	NP1_00613	NP1	637	OG0000041	K01662	1-deoxy-D-xylulose-5-phosphate synthase [EC:2.2.1.7]	COG1154	Dxs	Deoxyxylulose-5-phosphate synthase	NP1_00608	5
CAJQSQ010000021.1	26783	28699	+	RIS-SAG-41_01000	RIS-SAG-41	638	OG0000041	K01662	1-deoxy-D-xylulose-5-phosphate synthase [EC:2.2.1.7]	COG1154	Dxs	Deoxyxylulose-5-phosphate synthase	RIS-SAG-41_01005	-5
CAJQSQ010000021.1	28710	29792	-	RIS-SAG-41_01001	RIS-SAG-41	360	OG0000279	K01736	chorismate synthase [EC:4.2.3.5]	COG0082	AroC	Chorismate synthase	RIS-SAG-41_01005	-4
CAJQSQ010000021.1	29826	30452	+	RIS-SAG-41_01002	RIS-SAG-41	208	OG0000522	K00275	pyridoxamine 5'-phosphate oxidase [EC:1.4.3.5]	COG0259	PdxH	Pyridoxine/pyridoxamine 5'-phosphate oxidase	RIS-SAG-41_01005	-3
CAJQSQ010000021.1	30449	31462	-	RIS-SAG-41_01003	RIS-SAG-41	337	OG0000641	K02523	octaprenyl-diphosphate synthase [EC:2.5.1.90]	COG0142	IspA	Geranylgeranyl pyrophosphate synthase	RIS-SAG-41_01005	-2
CAJQSQ010000021.1	31575	32381	+	RIS-SAG-41_01004	RIS-SAG-41	268	OG0000623	K04773	protease IV [EC:3.4.21.-]	COG0616	SppA	Periplasmic serine protease, ClpP class	RIS-SAG-41_01005	-1
CAJQSQ010000021.1	32371	33255	+	RIS-SAG-41_01005	RIS-SAG-41	294	OG0000870	K01878	glycyl-tRNA synthetase alpha chain [EC:6.1.1.14]	COG0752	GlyQ	Glycyl-tRNA synthetase, alpha subunit	RIS-SAG-41_01005	0
CAJQSQ010000021.1	33255	35321	+	RIS-SAG-41_01006	RIS-SAG-41	688	OG0000882	K01879	glycyl-tRNA synthetase beta chain [EC:6.1.1.14]	COG0751	GlyS	Glycyl-tRNA synthetase, beta subunit	RIS-SAG-41_01005	1
CAJQSQ010000021.1	35321	37984	+	RIS-SAG-41_01007	RIS-SAG-41	887	OG0000798	K01006	pyruvate, orthophosphate dikinase [EC:2.7.9.1]	COG0574	PpsA	Phosphoenolpyruvate synthase/pyruvate phosphate dikinase	RIS-SAG-41_01005	2
CAJQSQ010000021.1	37981	38814	-	RIS-SAG-41_01008	RIS-SAG-41	277	OG0000370	K00767	nicotinate-nucleotide pyrophosphorylase (carboxylating) [EC:2.4.2.19]	COG0157	NadC	Nicotinate-nucleotide pyrophosphorylase	RIS-SAG-41_01005	3
CAJQSQ010000021.1	38820	39809	-	RIS-SAG-41_01009	RIS-SAG-41	329	OG0000316	K03517	quinolinate synthase [EC:2.5.1.72]	COG0379	NadA	Quinolinate synthase	RIS-SAG-41_01005	4
CAJQSQ010000021.1	39863	40747	-	RIS-SAG-41_01010	RIS-SAG-41	294	OG0000660	NA	NA	COG0354	YgfZ	Folate-binding protein YgfZ, synthesis and repair of Fe-S clusters, tRNA thiomethylation	RIS-SAG-41_01005	5
CP020777.1	351541	353454	+	RS39_00390	RS39	637	OG0000041	K01662	1-deoxy-D-xylulose-5-phosphate synthase [EC:2.2.1.7]	COG1154	Dxs	Deoxyxylulose-5-phosphate synthase	RS39_00395	-5
CP020777.1	353451	354533	-	RS39_00391	RS39	360	OG0000279	K01736	chorismate synthase [EC:4.2.3.5]	COG0082	AroC	Chorismate synthase	RS39_00395	-4
CP020777.1	354567	355193	+	RS39_00392	RS39	208	OG0000522	K00275	pyridoxamine 5'-phosphate oxidase [EC:1.4.3.5]	COG0259	PdxH	Pyridoxine/pyridoxamine 5'-phosphate oxidase	RS39_00395	-3
CP020777.1	355190	356203	-	RS39_00393	RS39	337	OG0000641	K02523	octaprenyl-diphosphate synthase [EC:2.5.1.90]	COG0142	IspA	Geranylgeranyl pyrophosphate synthase	RS39_00395	-2
CP020777.1	356317	357123	+	RS39_00394	RS39	268	OG0000623	K04773	protease IV [EC:3.4.21.-]	COG0616	SppA	Periplasmic serine protease, ClpP class	RS39_00395	-1
CP020777.1	357113	357994	+	RS39_00395	RS39	293	OG0000870	K01878	glycyl-tRNA synthetase alpha chain [EC:6.1.1.14]	COG0752	GlyQ	Glycyl-tRNA synthetase, alpha subunit	RS39_00395	0
CP020777.1	357996	360068	+	RS39_00396	RS39	690	OG0000882	K01879	glycyl-tRNA synthetase beta chain [EC:6.1.1.14]	COG0751	GlyS	Glycyl-tRNA synthetase, beta subunit	RS39_00395	1
CP020777.1	360061	362727	+	RS39_00397	RS39	888	OG0000798	K01006	pyruvate, orthophosphate dikinase [EC:2.7.9.1]	COG0574	PpsA	Phosphoenolpyruvate synthase/pyruvate phosphate dikinase	RS39_00395	2
CP020777.1	362742	363575	-	RS39_00398	RS39	277	OG0000370	K00767	nicotinate-nucleotide pyrophosphorylase (carboxylating) [EC:2.4.2.19]	COG0157	NadC	Nicotinate-nucleotide pyrophosphorylase	RS39_00395	3
CP020777.1	363582	364571	-	RS39_00399	RS39	329	OG0000316	K03517	quinolinate synthase [EC:2.5.1.72]	COG0379	NadA	Quinolinate synthase	RS39_00395	4
CP020777.1	364719	365606	-	RS39_00401	RS39	295	OG0000660	NA	NA	COG0354	YgfZ	Folate-binding protein YgfZ, synthesis and repair of Fe-S clusters, tRNA thiomethylation	RS39_00395	5
CP020778.1	860311	862221	+	RS40_00926	RS40	636	OG0000041	K01662	1-deoxy-D-xylulose-5-phosphate synthase [EC:2.2.1.7]	COG1154	Dxs	Deoxyxylulose-5-phosphate synthase	RS40_00931	-5
CP020778.1	862218	863303	-	RS40_00927	RS40	361	OG0000279	K01736	chorismate synthase [EC:4.2.3.5]	COG0082	AroC	Chorismate synthase	RS40_00931	-4
CP020778.1	863336	863959	+	RS40_00928	RS40	207	OG0000522	K00275	pyridoxamine 5'-phosphate oxidase [EC:1.4.3.5]	COG0259	PdxH	Pyridoxine/pyridoxamine 5'-phosphate oxidase	RS40_00931	-3
CP020778.1	863956	864969	-	RS40_00929	RS40	337	OG0000641	K02523	octaprenyl-diphosphate synthase [EC:2.5.1.90]	COG0142	IspA	Geranylgeranyl pyrophosphate synthase	RS40_00931	-2
CP020778.1	865079	865888	+	RS40_00930	RS40	269	OG0000623	K04773	protease IV [EC:3.4.21.-]	COG0616	SppA	Periplasmic serine protease, ClpP class	RS40_00931	-1
CP020778.1	865878	866762	+	RS40_00931	RS40	294	OG0000870	K01878	glycyl-tRNA synthetase alpha chain [EC:6.1.1.14]	COG0752	GlyQ	Glycyl-tRNA synthetase, alpha subunit	RS40_00931	0
CP020778.1	866764	868827	+	RS40_00932	RS40	687	OG0000882	K01879	glycyl-tRNA synthetase beta chain [EC:6.1.1.14]	COG0751	GlyS	Glycyl-tRNA synthetase, beta subunit	RS40_00931	1
CP020778.1	868827	871484	+	RS40_00933	RS40	885	OG0000798	K01006	pyruvate, orthophosphate dikinase [EC:2.7.9.1]	COG0574	PpsA	Phosphoenolpyruvate synthase/pyruvate phosphate dikinase	RS40_00931	2
CP020778.1	871490	872326	-	RS40_00934	RS40	278	OG0000370	K00767	nicotinate-nucleotide pyrophosphorylase (carboxylating) [EC:2.4.2.19]	COG0157	NadC	Nicotinate-nucleotide pyrophosphorylase	RS40_00931	3
CP020778.1	872332	873321	-	RS40_00935	RS40	329	OG0000316	K03517	quinolinate synthase [EC:2.5.1.72]	COG0379	NadA	Quinolinate synthase	RS40_00931	4
CP020778.1	873794	874741	+	RS40_00938	RS40	315	OG0000256	K03465	thymidylate synthase (FAD) [EC:2.1.1.148]	COG1351	ThyX	Thymidylate synthase ThyX, FAD-dependent family	RS40_00931	5
JACWCY010000001.1	10657	11172	+	SAG-MED01_00011	SAG-MED01	171	OG0001518	NA	NA	NA	NA	NA	SAG-MED01_00016	-5
JACWCY010000001.1	11200	12252	+	SAG-MED01_00012	SAG-MED01	350	OG0001500	NA	NA	NA	NA	NA	SAG-MED01_00016	-4
JACWCY010000001.1	12264	13904	-	SAG-MED01_00013	SAG-MED01	546	OG0001338	NA	NA	COG1032	YgiQ	Radical SAM superfamily enzyme YgiQ, UPF0313 family	SAG-MED01_00016	-3
JACWCY010000001.1	14024	16687	-	SAG-MED01_00014	SAG-MED01	887	OG0000798	K01006	pyruvate, orthophosphate dikinase [EC:2.7.9.1]	COG0574	PpsA	Phosphoenolpyruvate synthase/pyruvate phosphate dikinase	SAG-MED01_00016	-2
JACWCY010000001.1	16680	18752	-	SAG-MED01_00015	SAG-MED01	690	OG0000882	K01879	glycyl-tRNA synthetase beta chain [EC:6.1.1.14]	COG0751	GlyS	Glycyl-tRNA synthetase, beta subunit	SAG-MED01_00016	-1
JACWCY010000001.1	18754	19635	-	SAG-MED01_00016	SAG-MED01	293	OG0000870	K01878	glycyl-tRNA synthetase alpha chain [EC:6.1.1.14]	COG0752	GlyQ	Glycyl-tRNA synthetase, alpha subunit	SAG-MED01_00016	0
JACWCY010000001.1	19625	20431	-	SAG-MED01_00017	SAG-MED01	268	OG0000623	K04773	protease IV [EC:3.4.21.-]	COG0616	SppA	Periplasmic serine protease, ClpP class	SAG-MED01_00016	1
JACWCY010000001.1	20547	21560	+	SAG-MED01_00018	SAG-MED01	337	OG0000641	K02523	octaprenyl-diphosphate synthase [EC:2.5.1.90]	COG0142	IspA	Geranylgeranyl pyrophosphate synthase	SAG-MED01_00016	2
JACWCY010000001.1	21557	22183	-	SAG-MED01_00019	SAG-MED01	208	OG0000522	K00275	pyridoxamine 5'-phosphate oxidase [EC:1.4.3.5]	COG0259	PdxH	Pyridoxine/pyridoxamine 5'-phosphate oxidase	SAG-MED01_00016	3
JACWCY010000001.1	22217	23299	+	SAG-MED01_00020	SAG-MED01	360	OG0000279	K01736	chorismate synthase [EC:4.2.3.5]	COG0082	AroC	Chorismate synthase	SAG-MED01_00016	4
JACWCY010000001.1	23305	25218	-	SAG-MED01_00021	SAG-MED01	637	OG0000041	K01662	1-deoxy-D-xylulose-5-phosphate synthase [EC:2.2.1.7]	COG1154	Dxs	Deoxyxylulose-5-phosphate synthase	SAG-MED01_00016	5
JACWDC010000007.1	38	2092	-	SAG-MED05_00844	SAG-MED05	684	OG0000882	K01879	glycyl-tRNA synthetase beta chain [EC:6.1.1.14]	COG0751	GlyS	Glycyl-tRNA synthetase, beta subunit	SAG-MED05_00845	-1
JACWDC010000007.1	2099	2971	-	SAG-MED05_00845	SAG-MED05	290	OG0000870	K01878	glycyl-tRNA synthetase alpha chain [EC:6.1.1.14]	COG0752	GlyQ	Glycyl-tRNA synthetase, alpha subunit	SAG-MED05_00845	0
JACWDC010000007.1	2972	3784	-	SAG-MED05_00846	SAG-MED05	270	OG0000623	K04773	protease IV [EC:3.4.21.-]	COG0616	SppA	Periplasmic serine protease, ClpP class	SAG-MED05_00845	1
JACWDC010000007.1	3933	4946	+	SAG-MED05_00847	SAG-MED05	337	OG0000641	K02523	octaprenyl-diphosphate synthase [EC:2.5.1.90]	COG0142	IspA	Geranylgeranyl pyrophosphate synthase	SAG-MED05_00845	2
JACWDC010000007.1	4943	5575	-	SAG-MED05_00848	SAG-MED05	210	OG0000522	K00275	pyridoxamine 5'-phosphate oxidase [EC:1.4.3.5]	COG0259	PdxH	Pyridoxine/pyridoxamine 5'-phosphate oxidase	SAG-MED05_00845	3
JACWDC010000007.1	5610	6692	+	SAG-MED05_00849	SAG-MED05	360	OG0000279	K01736	chorismate synthase [EC:4.2.3.5]	COG0082	AroC	Chorismate synthase	SAG-MED05_00845	4
JACWDC010000007.1	6689	8608	-	SAG-MED05_00850	SAG-MED05	639	OG0000041	K01662	1-deoxy-D-xylulose-5-phosphate synthase [EC:2.2.1.7]	COG1154	Dxs	Deoxyxylulose-5-phosphate synthase	SAG-MED05_00845	5
JACWDD010000002.1	94185	96098	+	SAG-MED06_00681	SAG-MED06	637	OG0000041	K01662	1-deoxy-D-xylulose-5-phosphate synthase [EC:2.2.1.7]	COG1154	Dxs	Deoxyxylulose-5-phosphate synthase	SAG-MED06_00686	-5
JACWDD010000002.1	96105	97187	-	SAG-MED06_00682	SAG-MED06	360	OG0000279	K01736	chorismate synthase [EC:4.2.3.5]	COG0082	AroC	Chorismate synthase	SAG-MED06_00686	-4
JACWDD010000002.1	97221	97847	+	SAG-MED06_00683	SAG-MED06	208	OG0000522	K00275	pyridoxamine 5'-phosphate oxidase [EC:1.4.3.5]	COG0259	PdxH	Pyridoxine/pyridoxamine 5'-phosphate oxidase	SAG-MED06_00686	-3
JACWDD010000002.1	97844	98857	-	SAG-MED06_00684	SAG-MED06	337	OG0000641	K02523	octaprenyl-diphosphate synthase [EC:2.5.1.90]	COG0142	IspA	Geranylgeranyl pyrophosphate synthase	SAG-MED06_00686	-2
JACWDD010000002.1	99171	99779	+	SAG-MED06_00685	SAG-MED06	202	OG0000623	NA	NA	COG0616	SppA	Periplasmic serine protease, ClpP class	SAG-MED06_00686	-1
JACWDD010000002.1	99769	100650	+	SAG-MED06_00686	SAG-MED06	293	OG0000870	K01878	glycyl-tRNA synthetase alpha chain [EC:6.1.1.14]	COG0752	GlyQ	Glycyl-tRNA synthetase, alpha subunit	SAG-MED06_00686	0
JACWDD010000002.1	100651	102720	+	SAG-MED06_00687	SAG-MED06	689	OG0000882	K01879	glycyl-tRNA synthetase beta chain [EC:6.1.1.14]	COG0751	GlyS	Glycyl-tRNA synthetase, beta subunit	SAG-MED06_00686	1
JACWDD010000002.1	102717	105374	+	SAG-MED06_00688	SAG-MED06	885	OG0000798	K01006	pyruvate, orthophosphate dikinase [EC:2.7.9.1]	COG0574	PpsA	Phosphoenolpyruvate synthase/pyruvate phosphate dikinase	SAG-MED06_00686	2
JACWDD010000002.1	105919	107865	+	SAG-MED06_00689	SAG-MED06	648	OG0001337	K16568	exopolysaccharide production protein ExoZ	COG1835	OafA	Peptidoglycan/LPS O-acetylase OafA/YrhL, contains acyltransferase and SGNH-hydrolase domains	SAG-MED06_00686	3
JACWDD010000002.1	108311	109258	+	SAG-MED06_00691	SAG-MED06	315	OG0000256	K03465	thymidylate synthase (FAD) [EC:2.1.1.148]	COG1351	ThyX	Thymidylate synthase ThyX, FAD-dependent family	SAG-MED06_00686	4
JACWDD010000002.1	109239	110063	-	SAG-MED06_00692	SAG-MED06	274	OG0000361	K03593	ATP-binding protein involved in chromosome partitioning	COG0489	Mrp	Fe-S cluster carrier ATPase, Mrp/ApbC/NBP35 family	SAG-MED06_00686	5
JACWDI010000002.1	56455	57279	+	SAG-MED11_00543	SAG-MED11	274	OG0000361	K03593	ATP-binding protein involved in chromosome partitioning	COG0489	Mrp	Fe-S cluster carrier ATPase, Mrp/ApbC/NBP35 family	SAG-MED11_00549	-5
JACWDI010000002.1	57260	58330	-	SAG-MED11_00544	SAG-MED11	356	OG0000256	K03465	thymidylate synthase (FAD) [EC:2.1.1.148]	COG1351	ThyX	Thymidylate synthase ThyX, FAD-dependent family	SAG-MED11_00549	-4
JACWDI010000002.1	58588	59949	+	SAG-MED11_00546	SAG-MED11	453	OG0001144	NA	NA	COG2133	YliI	Glucose/arabinose dehydrogenase, beta-propeller fold	SAG-MED11_00549	-3
JACWDI010000002.1	59980	62637	-	SAG-MED11_00547	SAG-MED11	885	OG0000798	K01006	pyruvate, orthophosphate dikinase [EC:2.7.9.1]	COG0574	PpsA	Phosphoenolpyruvate synthase/pyruvate phosphate dikinase	SAG-MED11_00549	-2
JACWDI010000002.1	62630	64702	-	SAG-MED11_00548	SAG-MED11	690	OG0000882	K01879	glycyl-tRNA synthetase beta chain [EC:6.1.1.14]	COG0751	GlyS	Glycyl-tRNA synthetase, beta subunit	SAG-MED11_00549	-1
JACWDI010000002.1	64704	65609	-	SAG-MED11_00549	SAG-MED11	301	OG0000870	K01878	glycyl-tRNA synthetase alpha chain [EC:6.1.1.14]	COG0752	GlyQ	Glycyl-tRNA synthetase, alpha subunit	SAG-MED11_00549	0
JACWDI010000002.1	65575	66381	-	SAG-MED11_00550	SAG-MED11	268	OG0000623	K04773	protease IV [EC:3.4.21.-]	COG0616	SppA	Periplasmic serine protease, ClpP class	SAG-MED11_00549	1
JACWDI010000002.1	66497	67510	+	SAG-MED11_00551	SAG-MED11	337	OG0000641	K02523	octaprenyl-diphosphate synthase [EC:2.5.1.90]	COG0142	IspA	Geranylgeranyl pyrophosphate synthase	SAG-MED11_00549	2
JACWDI010000002.1	67507	68133	-	SAG-MED11_00552	SAG-MED11	208	OG0000522	K00275	pyridoxamine 5'-phosphate oxidase [EC:1.4.3.5]	COG0259	PdxH	Pyridoxine/pyridoxamine 5'-phosphate oxidase	SAG-MED11_00549	3
JACWDI010000002.1	68167	69249	+	SAG-MED11_00553	SAG-MED11	360	OG0000279	K01736	chorismate synthase [EC:4.2.3.5]	COG0082	AroC	Chorismate synthase	SAG-MED11_00549	4
JACWDI010000002.1	69256	71169	-	SAG-MED11_00554	SAG-MED11	637	OG0000041	K01662	1-deoxy-D-xylulose-5-phosphate synthase [EC:2.2.1.7]	COG1154	Dxs	Deoxyxylulose-5-phosphate synthase	SAG-MED11_00549	5
JACWDK010000009.1	11636	12523	+	SAG-MED13_01094	SAG-MED13	295	OG0000660	NA	NA	COG0354	YgfZ	Folate-binding protein YgfZ, synthesis and repair of Fe-S clusters, tRNA thiomethylation	SAG-MED13_01100	-5
JACWDK010000009.1	12671	13660	+	SAG-MED13_01096	SAG-MED13	329	OG0000316	K03517	quinolinate synthase [EC:2.5.1.72]	COG0379	NadA	Quinolinate synthase	SAG-MED13_01100	-4
JACWDK010000009.1	13667	14500	+	SAG-MED13_01097	SAG-MED13	277	OG0000370	K00767	nicotinate-nucleotide pyrophosphorylase (carboxylating) [EC:2.4.2.19]	COG0157	NadC	Nicotinate-nucleotide pyrophosphorylase	SAG-MED13_01100	-3
JACWDK010000009.1	14514	17183	-	SAG-MED13_01098	SAG-MED13	889	OG0000798	K01006	pyruvate, orthophosphate dikinase [EC:2.7.9.1]	COG0574	PpsA	Phosphoenolpyruvate synthase/pyruvate phosphate dikinase	SAG-MED13_01100	-2
JACWDK010000009.1	17183	19249	-	SAG-MED13_01099	SAG-MED13	688	OG0000882	K01879	glycyl-tRNA synthetase beta chain [EC:6.1.1.14]	COG0751	GlyS	Glycyl-tRNA synthetase, beta subunit	SAG-MED13_01100	-1
JACWDK010000009.1	19251	20156	-	SAG-MED13_01100	SAG-MED13	301	OG0000870	K01878	glycyl-tRNA synthetase alpha chain [EC:6.1.1.14]	COG0752	GlyQ	Glycyl-tRNA synthetase, alpha subunit	SAG-MED13_01100	0
JACWDK010000009.1	20122	20928	-	SAG-MED13_01101	SAG-MED13	268	OG0000623	K04773	protease IV [EC:3.4.21.-]	COG0616	SppA	Periplasmic serine protease, ClpP class	SAG-MED13_01100	1
JACWDK010000009.1	21044	22057	+	SAG-MED13_01102	SAG-MED13	337	OG0000641	K02523	octaprenyl-diphosphate synthase [EC:2.5.1.90]	COG0142	IspA	Geranylgeranyl pyrophosphate synthase	SAG-MED13_01100	2
JACWDK010000009.1	22054	22677	-	SAG-MED13_01103	SAG-MED13	207	OG0000522	K00275	pyridoxamine 5'-phosphate oxidase [EC:1.4.3.5]	COG0259	PdxH	Pyridoxine/pyridoxamine 5'-phosphate oxidase	SAG-MED13_01100	3
JACWDK010000009.1	22711	23793	+	SAG-MED13_01104	SAG-MED13	360	OG0000279	K01736	chorismate synthase [EC:4.2.3.5]	COG0082	AroC	Chorismate synthase	SAG-MED13_01100	4
JACWDK010000009.1	23799	25712	-	SAG-MED13_01105	SAG-MED13	637	OG0000041	K01662	1-deoxy-D-xylulose-5-phosphate synthase [EC:2.2.1.7]	COG1154	Dxs	Deoxyxylulose-5-phosphate synthase	SAG-MED13_01100	5
JACWDT010000001.1	406458	408374	+	SAG-MED22_00444	SAG-MED22	638	OG0000041	K01662	1-deoxy-D-xylulose-5-phosphate synthase [EC:2.2.1.7]	COG1154	Dxs	Deoxyxylulose-5-phosphate synthase	SAG-MED22_00449	-5
JACWDT010000001.1	408381	409463	-	SAG-MED22_00445	SAG-MED22	360	OG0000279	K01736	chorismate synthase [EC:4.2.3.5]	COG0082	AroC	Chorismate synthase	SAG-MED22_00449	-4
JACWDT010000001.1	409497	410123	+	SAG-MED22_00446	SAG-MED22	208	OG0000522	K00275	pyridoxamine 5'-phosphate oxidase [EC:1.4.3.5]	COG0259	PdxH	Pyridoxine/pyridoxamine 5'-phosphate oxidase	SAG-MED22_00449	-3
JACWDT010000001.1	410120	411133	-	SAG-MED22_00447	SAG-MED22	337	OG0000641	K02523	octaprenyl-diphosphate synthase [EC:2.5.1.90]	COG0142	IspA	Geranylgeranyl pyrophosphate synthase	SAG-MED22_00449	-2
JACWDT010000001.1	411248	412051	+	SAG-MED22_00448	SAG-MED22	267	OG0000623	K04773	protease IV [EC:3.4.21.-]	COG0616	SppA	Periplasmic serine protease, ClpP class	SAG-MED22_00449	-1
JACWDT010000001.1	412017	412931	+	SAG-MED22_00449	SAG-MED22	304	OG0000870	K01878	glycyl-tRNA synthetase alpha chain [EC:6.1.1.14]	COG0752	GlyQ	Glycyl-tRNA synthetase, alpha subunit	SAG-MED22_00449	0
JACWDT010000001.1	412934	415003	+	SAG-MED22_00450	SAG-MED22	689	OG0000882	K01879	glycyl-tRNA synthetase beta chain [EC:6.1.1.14]	COG0751	GlyS	Glycyl-tRNA synthetase, beta subunit	SAG-MED22_00449	1
JACWDT010000001.1	415000	417657	+	SAG-MED22_00451	SAG-MED22	885	OG0000798	K01006	pyruvate, orthophosphate dikinase [EC:2.7.9.1]	COG0574	PpsA	Phosphoenolpyruvate synthase/pyruvate phosphate dikinase	SAG-MED22_00449	2
JACWDT010000001.1	417828	418331	+	SAG-MED22_00452	SAG-MED22	167	OG0001666	NA	NA	NA	NA	NA	SAG-MED22_00449	3
JACWDT010000001.1	418602	419672	+	SAG-MED22_00454	SAG-MED22	356	OG0000256	K03465	thymidylate synthase (FAD) [EC:2.1.1.148]	COG1351	ThyX	Thymidylate synthase ThyX, FAD-dependent family	SAG-MED22_00449	4
JACWDT010000001.1	419653	420477	-	SAG-MED22_00455	SAG-MED22	274	OG0000361	K03593	ATP-binding protein involved in chromosome partitioning	COG0489	Mrp	Fe-S cluster carrier ATPase, Mrp/ApbC/NBP35 family	SAG-MED22_00449	5
JACWDY010000004.1	11	442	+	SAG-MED28_00744	SAG-MED28	143	OG0000623	NA	NA	COG0616	SppA	Periplasmic serine protease, ClpP class	SAG-MED28_00745	-1
JACWDY010000004.1	443	1339	+	SAG-MED28_00745	SAG-MED28	298	OG0000870	K01878	glycyl-tRNA synthetase alpha chain [EC:6.1.1.14]	COG0752	GlyQ	Glycyl-tRNA synthetase, alpha subunit	SAG-MED28_00745	0
JACWDY010000004.1	1343	3397	+	SAG-MED28_00746	SAG-MED28	684	OG0000882	K01879	glycyl-tRNA synthetase beta chain [EC:6.1.1.14]	COG0751	GlyS	Glycyl-tRNA synthetase, beta subunit	SAG-MED28_00745	1
JACWDY010000004.1	3397	6057	+	SAG-MED28_00747	SAG-MED28	886	OG0000798	K01006	pyruvate, orthophosphate dikinase [EC:2.7.9.1]	COG0574	PpsA	Phosphoenolpyruvate synthase/pyruvate phosphate dikinase	SAG-MED28_00745	2
JACWDY010000004.1	6199	8370	+	SAG-MED28_00748	SAG-MED28	723	OG0001495	NA	NA	COG4625	NA	Uncharacterized conserved protein, contains a C-terminal beta-barrel porin domain	SAG-MED28_00745	3
JACWDY010000004.1	8367	9197	-	SAG-MED28_00749	SAG-MED28	276	OG0000370	K00767	nicotinate-nucleotide pyrophosphorylase (carboxylating) [EC:2.4.2.19]	COG0157	NadC	Nicotinate-nucleotide pyrophosphorylase	SAG-MED28_00745	4
JACWDY010000004.1	9202	10191	-	SAG-MED28_00750	SAG-MED28	329	OG0000316	K03517	quinolinate synthase [EC:2.5.1.72]	COG0379	NadA	Quinolinate synthase	SAG-MED28_00745	5
JACWEQ010000010.1	1	309	-	SAG-MED49_00227	SAG-MED49	102	OG0000882	NA	NA	COG0751	GlyS	Glycyl-tRNA synthetase, beta subunit	SAG-MED49_00228	-1
JACWEQ010000010.1	310	1215	-	SAG-MED49_00228	SAG-MED49	301	OG0000870	K01878	glycyl-tRNA synthetase alpha chain [EC:6.1.1.14]	COG0752	GlyQ	Glycyl-tRNA synthetase, alpha subunit	SAG-MED49_00228	0
JACWEQ010000010.1	1181	1987	-	SAG-MED49_00229	SAG-MED49	268	OG0000623	K04773	protease IV [EC:3.4.21.-]	COG0616	SppA	Periplasmic serine protease, ClpP class	SAG-MED49_00228	1
JACWEQ010000010.1	2102	3115	+	SAG-MED49_00230	SAG-MED49	337	OG0000641	K02523	octaprenyl-diphosphate synthase [EC:2.5.1.90]	COG0142	IspA	Geranylgeranyl pyrophosphate synthase	SAG-MED49_00228	2
JACWEQ010000010.1	3112	3735	-	SAG-MED49_00231	SAG-MED49	207	OG0000522	K00275	pyridoxamine 5'-phosphate oxidase [EC:1.4.3.5]	COG0259	PdxH	Pyridoxine/pyridoxamine 5'-phosphate oxidase	SAG-MED49_00228	3
JACWEQ010000010.1	3769	4851	+	SAG-MED49_00232	SAG-MED49	360	OG0000279	K01736	chorismate synthase [EC:4.2.3.5]	COG0082	AroC	Chorismate synthase	SAG-MED49_00228	4
JACWEQ010000010.1	4860	6776	-	SAG-MED49_00233	SAG-MED49	638	OG0000041	K01662	1-deoxy-D-xylulose-5-phosphate synthase [EC:2.2.1.7]	COG1154	Dxs	Deoxyxylulose-5-phosphate synthase	SAG-MED49_00228	5
JACWER010000005.1	1004	1267	+	SAG-MED50_01025	SAG-MED50	87	OG0000623	NA	NA	COG0616	SppA	Periplasmic serine protease, ClpP class	SAG-MED50_01026	-1
JACWER010000005.1	1801	2682	+	SAG-MED50_01026	SAG-MED50	293	OG0000870	K01878	glycyl-tRNA synthetase alpha chain [EC:6.1.1.14]	COG0752	GlyQ	Glycyl-tRNA synthetase, alpha subunit	SAG-MED50_01026	0
JACWER010000005.1	2683	4752	+	SAG-MED50_01027	SAG-MED50	689	OG0000882	K01879	glycyl-tRNA synthetase beta chain [EC:6.1.1.14]	COG0751	GlyS	Glycyl-tRNA synthetase, beta subunit	SAG-MED50_01026	1
JACWER010000005.1	4749	7406	+	SAG-MED50_01028	SAG-MED50	885	OG0000798	K01006	pyruvate, orthophosphate dikinase [EC:2.7.9.1]	COG0574	PpsA	Phosphoenolpyruvate synthase/pyruvate phosphate dikinase	SAG-MED50_01026	2
JACWER010000005.1	7424	7681	-	SAG-MED50_01029	SAG-MED50	85	OG0002065	NA	NA	NA	NA	NA	SAG-MED50_01026	3
JACWER010000005.1	7904	8920	+	SAG-MED50_01030	SAG-MED50	338	OG0000008	NA	NA	COG2227	UbiG	2-polyprenyl-3-methyl-5-hydroxy-6-metoxy-1,4-benzoquinol methylase	SAG-MED50_01026	4
JACWER010000005.1	9477	10424	+	SAG-MED50_01032	SAG-MED50	315	OG0000256	K03465	thymidylate synthase (FAD) [EC:2.1.1.148]	COG1351	ThyX	Thymidylate synthase ThyX, FAD-dependent family	SAG-MED50_01026	5
PBKK01000005.1	29729	30037	-	SP27_00626	SP27	102	OG0002933	NA	NA	NA	NA	NA	SP27_00632	-5
PBKK01000005.1	30578	31579	+	SP27_00628	SP27	333	OG0000316	K03517	quinolinate synthase [EC:2.5.1.72]	COG0379	NadA	Quinolinate synthase	SP27_00632	-4
PBKK01000005.1	31585	32421	+	SP27_00629	SP27	278	OG0000370	K00767	nicotinate-nucleotide pyrophosphorylase (carboxylating) [EC:2.4.2.19]	COG0157	NadC	Nicotinate-nucleotide pyrophosphorylase	SP27_00632	-3
PBKK01000005.1	32422	35088	-	SP27_00630	SP27	888	OG0000798	K01006	pyruvate, orthophosphate dikinase [EC:2.7.9.1]	COG0574	PpsA	Phosphoenolpyruvate synthase/pyruvate phosphate dikinase	SP27_00632	-2
PBKK01000005.1	35091	37157	-	SP27_00631	SP27	688	OG0000882	K01879	glycyl-tRNA synthetase beta chain [EC:6.1.1.14]	COG0751	GlyS	Glycyl-tRNA synthetase, beta subunit	SP27_00632	-1
PBKK01000005.1	37150	38103	-	SP27_00632	SP27	317	OG0000870	K01878	glycyl-tRNA synthetase alpha chain [EC:6.1.1.14]	COG0752	GlyQ	Glycyl-tRNA synthetase, alpha subunit	SP27_00632	0
PBKK01000005.1	38100	38906	-	SP27_00633	SP27	268	OG0000623	K04773	protease IV [EC:3.4.21.-]	COG0616	SppA	Periplasmic serine protease, ClpP class	SP27_00632	1
PBKK01000005.1	39014	40027	+	SP27_00634	SP27	337	OG0000641	K02523	octaprenyl-diphosphate synthase [EC:2.5.1.90]	COG0142	IspA	Geranylgeranyl pyrophosphate synthase	SP27_00632	2
PBKK01000005.1	40020	40499	-	SP27_00635	SP27	159	OG0000984	K05770	translocator protein	COG3476	TspO	Tryptophan-rich sensory protein TspO/CrtK (mitochondrial benzodiazepine receptor homolog)	SP27_00632	3
PBKK01000005.1	40499	40660	-	SP27_00636	SP27	53	OG0002735	NA	NA	NA	NA	NA	SP27_00632	4
PBKK01000005.1	40660	43521	-	SP27_00637	SP27	953	OG0000957	K00281	glycine dehydrogenase [EC:1.4.4.2]	COG1003	GcvP2	Glycine cleavage system protein P (pyridoxal-binding), C-terminal domain	SP27_00632	5
CP159810.1	159829	161745	+	Uisw_090_00179	Uisw_090	638	OG0000041	K01662	1-deoxy-D-xylulose-5-phosphate synthase [EC:2.2.1.7]	COG1154	Dxs	Deoxyxylulose-5-phosphate synthase	Uisw_090_00184	-5
CP159810.1	161756	162838	-	Uisw_090_00180	Uisw_090	360	OG0000279	K01736	chorismate synthase [EC:4.2.3.5]	COG0082	AroC	Chorismate synthase	Uisw_090_00184	-4
CP159810.1	162872	163498	+	Uisw_090_00181	Uisw_090	208	OG0000522	K00275	pyridoxamine 5'-phosphate oxidase [EC:1.4.3.5]	COG0259	PdxH	Pyridoxine/pyridoxamine 5'-phosphate oxidase	Uisw_090_00184	-3
CP159810.1	163495	164508	-	Uisw_090_00182	Uisw_090	337	OG0000641	K02523	octaprenyl-diphosphate synthase [EC:2.5.1.90]	COG0142	IspA	Geranylgeranyl pyrophosphate synthase	Uisw_090_00184	-2
CP159810.1	164621	165427	+	Uisw_090_00183	Uisw_090	268	OG0000623	K04773	protease IV [EC:3.4.21.-]	COG0616	SppA	Periplasmic serine protease, ClpP class	Uisw_090_00184	-1
CP159810.1	165417	166301	+	Uisw_090_00184	Uisw_090	294	OG0000870	K01878	glycyl-tRNA synthetase alpha chain [EC:6.1.1.14]	COG0752	GlyQ	Glycyl-tRNA synthetase, alpha subunit	Uisw_090_00184	0
CP159810.1	166301	167176	+	Uisw_090_00185	Uisw_090	291	OG0000882	NA	NA	COG0751	GlyS	Glycyl-tRNA synthetase, beta subunit	Uisw_090_00184	1
CP159810.1	167179	168366	+	Uisw_090_00186	Uisw_090	395	OG0000882	NA	NA	COG0751	GlyS	Glycyl-tRNA synthetase, beta subunit	Uisw_090_00184	2
CP159810.1	168366	171041	+	Uisw_090_00187	Uisw_090	891	OG0000798	K01006	pyruvate, orthophosphate dikinase [EC:2.7.9.1]	COG0574	PpsA	Phosphoenolpyruvate synthase/pyruvate phosphate dikinase	Uisw_090_00184	3
CP159810.1	171025	171858	-	Uisw_090_00188	Uisw_090	277	OG0000370	K00767	nicotinate-nucleotide pyrophosphorylase (carboxylating) [EC:2.4.2.19]	COG0157	NadC	Nicotinate-nucleotide pyrophosphorylase	Uisw_090_00184	4
CP159810.1	171864	172853	-	Uisw_090_00189	Uisw_090	329	OG0000316	K03517	quinolinate synthase [EC:2.5.1.72]	COG0379	NadA	Quinolinate synthase	Uisw_090_00184	5
CP159824.1	964620	964859	+	Uisw_092_01101	Uisw_092	79	OG0000370	NA	NA	COG0157	NadC	Nicotinate-nucleotide pyrophosphorylase	Uisw_092_01106	-5
CP159824.1	964940	965452	+	Uisw_092_01102	Uisw_092	170	OG0000370	NA	NA	COG0157	NadC	Nicotinate-nucleotide pyrophosphorylase	Uisw_092_01106	-4
CP159824.1	965449	968112	-	Uisw_092_01103	Uisw_092	887	OG0000798	K01006	pyruvate, orthophosphate dikinase [EC:2.7.9.1]	COG0574	PpsA	Phosphoenolpyruvate synthase/pyruvate phosphate dikinase	Uisw_092_01106	-3
CP159824.1	968112	969401	-	Uisw_092_01104	Uisw_092	429	OG0000882	NA	NA	COG0751	GlyS	Glycyl-tRNA synthetase, beta subunit	Uisw_092_01106	-2
CP159824.1	969563	970177	-	Uisw_092_01105	Uisw_092	204	OG0000882	NA	NA	COG0751	GlyS	Glycyl-tRNA synthetase, beta subunit	Uisw_092_01106	-1
CP159824.1	970177	971061	-	Uisw_092_01106	Uisw_092	294	OG0000870	K01878	glycyl-tRNA synthetase alpha chain [EC:6.1.1.14]	COG0752	GlyQ	Glycyl-tRNA synthetase, alpha subunit	Uisw_092_01106	0
CP159824.1	971969	972982	+	Uisw_092_01107	Uisw_092	337	OG0000641	K02523	octaprenyl-diphosphate synthase [EC:2.5.1.90]	COG0142	IspA	Geranylgeranyl pyrophosphate synthase	Uisw_092_01106	1
CP159824.1	972979	973527	-	Uisw_092_01108	Uisw_092	182	OG0000522	K00275	pyridoxamine 5'-phosphate oxidase [EC:1.4.3.5]	COG0259	PdxH	Pyridoxine/pyridoxamine 5'-phosphate oxidase	Uisw_092_01106	2
CP159824.1	973639	974721	+	Uisw_092_01109	Uisw_092	360	OG0000279	K01736	chorismate synthase [EC:4.2.3.5]	COG0082	AroC	Chorismate synthase	Uisw_092_01106	3
CP159824.1	974732	976648	-	Uisw_092_01110	Uisw_092	638	OG0000041	K01662	1-deoxy-D-xylulose-5-phosphate synthase [EC:2.2.1.7]	COG1154	Dxs	Deoxyxylulose-5-phosphate synthase	Uisw_092_01106	4
CP159824.1	976645	977517	-	Uisw_092_01111	Uisw_092	290	OG0000344	NA	NA	COG0142	IspA	Geranylgeranyl pyrophosphate synthase	Uisw_092_01106	5
CP159823.1	215525	217438	+	Uisw_094_00234	Uisw_094	637	OG0000041	K01662	1-deoxy-D-xylulose-5-phosphate synthase [EC:2.2.1.7]	COG1154	Dxs	Deoxyxylulose-5-phosphate synthase	Uisw_094_00239	-5
CP159823.1	217450	218532	-	Uisw_094_00235	Uisw_094	360	OG0000279	K01736	chorismate synthase [EC:4.2.3.5]	COG0082	AroC	Chorismate synthase	Uisw_094_00239	-4
CP159823.1	218566	219192	+	Uisw_094_00236	Uisw_094	208	OG0000522	K00275	pyridoxamine 5'-phosphate oxidase [EC:1.4.3.5]	COG0259	PdxH	Pyridoxine/pyridoxamine 5'-phosphate oxidase	Uisw_094_00239	-3
CP159823.1	219189	220202	-	Uisw_094_00237	Uisw_094	337	OG0000641	K02523	octaprenyl-diphosphate synthase [EC:2.5.1.90]	COG0142	IspA	Geranylgeranyl pyrophosphate synthase	Uisw_094_00239	-2
CP159823.1	220315	221121	+	Uisw_094_00238	Uisw_094	268	OG0000623	K04773	protease IV [EC:3.4.21.-]	COG0616	SppA	Periplasmic serine protease, ClpP class	Uisw_094_00239	-1
CP159823.1	221111	221995	+	Uisw_094_00239	Uisw_094	294	OG0000870	K01878	glycyl-tRNA synthetase alpha chain [EC:6.1.1.14]	COG0752	GlyQ	Glycyl-tRNA synthetase, alpha subunit	Uisw_094_00239	0
CP159823.1	221995	224061	+	Uisw_094_00240	Uisw_094	688	OG0000882	K01879	glycyl-tRNA synthetase beta chain [EC:6.1.1.14]	COG0751	GlyS	Glycyl-tRNA synthetase, beta subunit	Uisw_094_00239	1
CP159823.1	224061	226724	+	Uisw_094_00241	Uisw_094	887	OG0000798	K01006	pyruvate, orthophosphate dikinase [EC:2.7.9.1]	COG0574	PpsA	Phosphoenolpyruvate synthase/pyruvate phosphate dikinase	Uisw_094_00239	2
CP159823.1	226721	227554	-	Uisw_094_00242	Uisw_094	277	OG0000370	K00767	nicotinate-nucleotide pyrophosphorylase (carboxylating) [EC:2.4.2.19]	COG0157	NadC	Nicotinate-nucleotide pyrophosphorylase	Uisw_094_00239	3
CP159823.1	227560	228549	-	Uisw_094_00243	Uisw_094	329	OG0000316	K03517	quinolinate synthase [EC:2.5.1.72]	COG0379	NadA	Quinolinate synthase	Uisw_094_00239	4
CP159823.1	228600	229487	-	Uisw_094_00244	Uisw_094	295	OG0000660	NA	NA	COG0354	YgfZ	Folate-binding protein YgfZ, synthesis and repair of Fe-S clusters, tRNA thiomethylation	Uisw_094_00239	5
CP159822.1	188242	190158	+	Uisw_099_02_00208	Uisw_099_02	638	OG0000041	K01662	1-deoxy-D-xylulose-5-phosphate synthase [EC:2.2.1.7]	COG1154	Dxs	Deoxyxylulose-5-phosphate synthase	Uisw_099_02_00213	-5
CP159822.1	190169	191251	-	Uisw_099_02_00209	Uisw_099_02	360	OG0000279	K01736	chorismate synthase [EC:4.2.3.5]	COG0082	AroC	Chorismate synthase	Uisw_099_02_00213	-4
CP159822.1	191285	191911	+	Uisw_099_02_00210	Uisw_099_02	208	OG0000522	K00275	pyridoxamine 5'-phosphate oxidase [EC:1.4.3.5]	COG0259	PdxH	Pyridoxine/pyridoxamine 5'-phosphate oxidase	Uisw_099_02_00213	-3
CP159822.1	191908	192921	-	Uisw_099_02_00211	Uisw_099_02	337	OG0000641	K02523	octaprenyl-diphosphate synthase [EC:2.5.1.90]	COG0142	IspA	Geranylgeranyl pyrophosphate synthase	Uisw_099_02_00213	-2
CP159822.1	193034	193840	+	Uisw_099_02_00212	Uisw_099_02	268	OG0000623	K04773	protease IV [EC:3.4.21.-]	COG0616	SppA	Periplasmic serine protease, ClpP class	Uisw_099_02_00213	-1
CP159822.1	193830	194714	+	Uisw_099_02_00213	Uisw_099_02	294	OG0000870	K01878	glycyl-tRNA synthetase alpha chain [EC:6.1.1.14]	COG0752	GlyQ	Glycyl-tRNA synthetase, alpha subunit	Uisw_099_02_00213	0
CP159822.1	194714	196780	+	Uisw_099_02_00214	Uisw_099_02	688	OG0000882	K01879	glycyl-tRNA synthetase beta chain [EC:6.1.1.14]	COG0751	GlyS	Glycyl-tRNA synthetase, beta subunit	Uisw_099_02_00213	1
CP159822.1	196780	199443	+	Uisw_099_02_00215	Uisw_099_02	887	OG0000798	K01006	pyruvate, orthophosphate dikinase [EC:2.7.9.1]	COG0574	PpsA	Phosphoenolpyruvate synthase/pyruvate phosphate dikinase	Uisw_099_02_00213	2
CP159822.1	199454	200287	-	Uisw_099_02_00216	Uisw_099_02	277	OG0000370	K00767	nicotinate-nucleotide pyrophosphorylase (carboxylating) [EC:2.4.2.19]	COG0157	NadC	Nicotinate-nucleotide pyrophosphorylase	Uisw_099_02_00213	3
CP159822.1	200293	201282	-	Uisw_099_02_00217	Uisw_099_02	329	OG0000316	K03517	quinolinate synthase [EC:2.5.1.72]	COG0379	NadA	Quinolinate synthase	Uisw_099_02_00213	4
CP159822.1	201391	202356	+	Uisw_099_02_00218	Uisw_099_02	321	OG0001337	K16568	exopolysaccharide production protein ExoZ	COG1835	OafA	Peptidoglycan/LPS O-acetylase OafA/YrhL, contains acyltransferase and SGNH-hydrolase domains	Uisw_099_02_00213	5
CP159821.1	192711	194627	+	Uisw_101_00209	Uisw_101	638	OG0000041	K01662	1-deoxy-D-xylulose-5-phosphate synthase [EC:2.2.1.7]	COG1154	Dxs	Deoxyxylulose-5-phosphate synthase	Uisw_101_00214	-5
CP159821.1	194639	195721	-	Uisw_101_00210	Uisw_101	360	OG0000279	K01736	chorismate synthase [EC:4.2.3.5]	COG0082	AroC	Chorismate synthase	Uisw_101_00214	-4
CP159821.1	195755	196381	+	Uisw_101_00211	Uisw_101	208	OG0000522	K00275	pyridoxamine 5'-phosphate oxidase [EC:1.4.3.5]	COG0259	PdxH	Pyridoxine/pyridoxamine 5'-phosphate oxidase	Uisw_101_00214	-3
CP159821.1	196378	197391	-	Uisw_101_00212	Uisw_101	337	OG0000641	K02523	octaprenyl-diphosphate synthase [EC:2.5.1.90]	COG0142	IspA	Geranylgeranyl pyrophosphate synthase	Uisw_101_00214	-2
CP159821.1	197504	198310	+	Uisw_101_00213	Uisw_101	268	OG0000623	K04773	protease IV [EC:3.4.21.-]	COG0616	SppA	Periplasmic serine protease, ClpP class	Uisw_101_00214	-1
CP159821.1	198300	199184	+	Uisw_101_00214	Uisw_101	294	OG0000870	K01878	glycyl-tRNA synthetase alpha chain [EC:6.1.1.14]	COG0752	GlyQ	Glycyl-tRNA synthetase, alpha subunit	Uisw_101_00214	0
CP159821.1	199184	201250	+	Uisw_101_00215	Uisw_101	688	OG0000882	K01879	glycyl-tRNA synthetase beta chain [EC:6.1.1.14]	COG0751	GlyS	Glycyl-tRNA synthetase, beta subunit	Uisw_101_00214	1
CP159821.1	201250	203913	+	Uisw_101_00216	Uisw_101	887	OG0000798	K01006	pyruvate, orthophosphate dikinase [EC:2.7.9.1]	COG0574	PpsA	Phosphoenolpyruvate synthase/pyruvate phosphate dikinase	Uisw_101_00214	2
CP159821.1	203910	204743	-	Uisw_101_00217	Uisw_101	277	OG0000370	K00767	nicotinate-nucleotide pyrophosphorylase (carboxylating) [EC:2.4.2.19]	COG0157	NadC	Nicotinate-nucleotide pyrophosphorylase	Uisw_101_00214	3
CP159821.1	204749	205738	-	Uisw_101_00218	Uisw_101	329	OG0000316	K03517	quinolinate synthase [EC:2.5.1.72]	COG0379	NadA	Quinolinate synthase	Uisw_101_00214	4
CP159821.1	205789	206676	-	Uisw_101_00219	Uisw_101	295	OG0000660	NA	NA	COG0354	YgfZ	Folate-binding protein YgfZ, synthesis and repair of Fe-S clusters, tRNA thiomethylation	Uisw_101_00214	5
CP159820.1	196665	198578	+	Uisw_104_00213	Uisw_104	637	OG0000041	K01662	1-deoxy-D-xylulose-5-phosphate synthase [EC:2.2.1.7]	COG1154	Dxs	Deoxyxylulose-5-phosphate synthase	Uisw_104_00218	-5
CP159820.1	198590	199672	-	Uisw_104_00214	Uisw_104	360	OG0000279	K01736	chorismate synthase [EC:4.2.3.5]	COG0082	AroC	Chorismate synthase	Uisw_104_00218	-4
CP159820.1	199706	200332	+	Uisw_104_00215	Uisw_104	208	OG0000522	K00275	pyridoxamine 5'-phosphate oxidase [EC:1.4.3.5]	COG0259	PdxH	Pyridoxine/pyridoxamine 5'-phosphate oxidase	Uisw_104_00218	-3
CP159820.1	200329	201342	-	Uisw_104_00216	Uisw_104	337	OG0000641	K02523	octaprenyl-diphosphate synthase [EC:2.5.1.90]	COG0142	IspA	Geranylgeranyl pyrophosphate synthase	Uisw_104_00218	-2
CP159820.1	201455	202261	+	Uisw_104_00217	Uisw_104	268	OG0000623	K04773	protease IV [EC:3.4.21.-]	COG0616	SppA	Periplasmic serine protease, ClpP class	Uisw_104_00218	-1
CP159820.1	202251	203135	+	Uisw_104_00218	Uisw_104	294	OG0000870	K01878	glycyl-tRNA synthetase alpha chain [EC:6.1.1.14]	COG0752	GlyQ	Glycyl-tRNA synthetase, alpha subunit	Uisw_104_00218	0
CP159820.1	203135	205201	+	Uisw_104_00219	Uisw_104	688	OG0000882	K01879	glycyl-tRNA synthetase beta chain [EC:6.1.1.14]	COG0751	GlyS	Glycyl-tRNA synthetase, beta subunit	Uisw_104_00218	1
CP159820.1	205201	207864	+	Uisw_104_00220	Uisw_104	887	OG0000798	K01006	pyruvate, orthophosphate dikinase [EC:2.7.9.1]	COG0574	PpsA	Phosphoenolpyruvate synthase/pyruvate phosphate dikinase	Uisw_104_00218	2
CP159820.1	207861	208694	-	Uisw_104_00221	Uisw_104	277	OG0000370	K00767	nicotinate-nucleotide pyrophosphorylase (carboxylating) [EC:2.4.2.19]	COG0157	NadC	Nicotinate-nucleotide pyrophosphorylase	Uisw_104_00218	3
CP159820.1	208700	209689	-	Uisw_104_00222	Uisw_104	329	OG0000316	K03517	quinolinate synthase [EC:2.5.1.72]	COG0379	NadA	Quinolinate synthase	Uisw_104_00218	4
CP159820.1	209740	210627	-	Uisw_104_00223	Uisw_104	295	OG0000660	NA	NA	COG0354	YgfZ	Folate-binding protein YgfZ, synthesis and repair of Fe-S clusters, tRNA thiomethylation	Uisw_104_00218	5
CP159819.1	225705	227618	+	Uisw_106_00251	Uisw_106	637	OG0000041	K01662	1-deoxy-D-xylulose-5-phosphate synthase [EC:2.2.1.7]	COG1154	Dxs	Deoxyxylulose-5-phosphate synthase	Uisw_106_00256	-5
CP159819.1	227630	228712	-	Uisw_106_00252	Uisw_106	360	OG0000279	K01736	chorismate synthase [EC:4.2.3.5]	COG0082	AroC	Chorismate synthase	Uisw_106_00256	-4
CP159819.1	228746	229372	+	Uisw_106_00253	Uisw_106	208	OG0000522	K00275	pyridoxamine 5'-phosphate oxidase [EC:1.4.3.5]	COG0259	PdxH	Pyridoxine/pyridoxamine 5'-phosphate oxidase	Uisw_106_00256	-3
CP159819.1	229369	230382	-	Uisw_106_00254	Uisw_106	337	OG0000641	K02523	octaprenyl-diphosphate synthase [EC:2.5.1.90]	COG0142	IspA	Geranylgeranyl pyrophosphate synthase	Uisw_106_00256	-2
CP159819.1	230495	231301	+	Uisw_106_00255	Uisw_106	268	OG0000623	K04773	protease IV [EC:3.4.21.-]	COG0616	SppA	Periplasmic serine protease, ClpP class	Uisw_106_00256	-1
CP159819.1	231291	232175	+	Uisw_106_00256	Uisw_106	294	OG0000870	K01878	glycyl-tRNA synthetase alpha chain [EC:6.1.1.14]	COG0752	GlyQ	Glycyl-tRNA synthetase, alpha subunit	Uisw_106_00256	0
CP159819.1	232175	234241	+	Uisw_106_00257	Uisw_106	688	OG0000882	K01879	glycyl-tRNA synthetase beta chain [EC:6.1.1.14]	COG0751	GlyS	Glycyl-tRNA synthetase, beta subunit	Uisw_106_00256	1
CP159819.1	234241	236904	+	Uisw_106_00258	Uisw_106	887	OG0000798	K01006	pyruvate, orthophosphate dikinase [EC:2.7.9.1]	COG0574	PpsA	Phosphoenolpyruvate synthase/pyruvate phosphate dikinase	Uisw_106_00256	2
CP159819.1	236901	237413	-	Uisw_106_00259	Uisw_106	170	OG0000370	NA	NA	COG0157	NadC	Nicotinate-nucleotide pyrophosphorylase	Uisw_106_00256	3
CP159819.1	237494	237733	-	Uisw_106_00260	Uisw_106	79	OG0000370	NA	NA	COG0157	NadC	Nicotinate-nucleotide pyrophosphorylase	Uisw_106_00256	4
CP159819.1	237739	238728	-	Uisw_106_00261	Uisw_106	329	OG0000316	K03517	quinolinate synthase [EC:2.5.1.72]	COG0379	NadA	Quinolinate synthase	Uisw_106_00256	5
CP159809.1	203576	205492	+	Uisw_113_00214	Uisw_113	638	OG0000041	K01662	1-deoxy-D-xylulose-5-phosphate synthase [EC:2.2.1.7]	COG1154	Dxs	Deoxyxylulose-5-phosphate synthase	Uisw_113_00219	-5
CP159809.1	205504	206586	-	Uisw_113_00215	Uisw_113	360	OG0000279	K01736	chorismate synthase [EC:4.2.3.5]	COG0082	AroC	Chorismate synthase	Uisw_113_00219	-4
CP159809.1	206620	207246	+	Uisw_113_00216	Uisw_113	208	OG0000522	K00275	pyridoxamine 5'-phosphate oxidase [EC:1.4.3.5]	COG0259	PdxH	Pyridoxine/pyridoxamine 5'-phosphate oxidase	Uisw_113_00219	-3
CP159809.1	207243	208256	-	Uisw_113_00217	Uisw_113	337	OG0000641	K02523	octaprenyl-diphosphate synthase [EC:2.5.1.90]	COG0142	IspA	Geranylgeranyl pyrophosphate synthase	Uisw_113_00219	-2
CP159809.1	208369	209175	+	Uisw_113_00218	Uisw_113	268	OG0000623	K04773	protease IV [EC:3.4.21.-]	COG0616	SppA	Periplasmic serine protease, ClpP class	Uisw_113_00219	-1
CP159809.1	209165	210049	+	Uisw_113_00219	Uisw_113	294	OG0000870	K01878	glycyl-tRNA synthetase alpha chain [EC:6.1.1.14]	COG0752	GlyQ	Glycyl-tRNA synthetase, alpha subunit	Uisw_113_00219	0
CP159809.1	210049	212115	+	Uisw_113_00220	Uisw_113	688	OG0000882	K01879	glycyl-tRNA synthetase beta chain [EC:6.1.1.14]	COG0751	GlyS	Glycyl-tRNA synthetase, beta subunit	Uisw_113_00219	1
CP159809.1	212115	214778	+	Uisw_113_00221	Uisw_113	887	OG0000798	K01006	pyruvate, orthophosphate dikinase [EC:2.7.9.1]	COG0574	PpsA	Phosphoenolpyruvate synthase/pyruvate phosphate dikinase	Uisw_113_00219	2
CP159809.1	214775	215608	-	Uisw_113_00222	Uisw_113	277	OG0000370	K00767	nicotinate-nucleotide pyrophosphorylase (carboxylating) [EC:2.4.2.19]	COG0157	NadC	Nicotinate-nucleotide pyrophosphorylase	Uisw_113_00219	3
CP159809.1	215614	216603	-	Uisw_113_00223	Uisw_113	329	OG0000316	K03517	quinolinate synthase [EC:2.5.1.72]	COG0379	NadA	Quinolinate synthase	Uisw_113_00219	4
CP159809.1	216987	218090	-	Uisw_113_00225	Uisw_113	367	OG0000167	NA	NA	COG0535	SkfB	Radical SAM superfamily maturase, SkfB/NifB/PqqE family	Uisw_113_00219	5
CP159818.1	213479	215392	+	Uisw_114_00268	Uisw_114	637	OG0000041	K01662	1-deoxy-D-xylulose-5-phosphate synthase [EC:2.2.1.7]	COG1154	Dxs	Deoxyxylulose-5-phosphate synthase	Uisw_114_00273	-5
CP159818.1	215404	216486	-	Uisw_114_00269	Uisw_114	360	OG0000279	K01736	chorismate synthase [EC:4.2.3.5]	COG0082	AroC	Chorismate synthase	Uisw_114_00273	-4
CP159818.1	216520	217146	+	Uisw_114_00270	Uisw_114	208	OG0000522	K00275	pyridoxamine 5'-phosphate oxidase [EC:1.4.3.5]	COG0259	PdxH	Pyridoxine/pyridoxamine 5'-phosphate oxidase	Uisw_114_00273	-3
CP159818.1	217143	218156	-	Uisw_114_00271	Uisw_114	337	OG0000641	K02523	octaprenyl-diphosphate synthase [EC:2.5.1.90]	COG0142	IspA	Geranylgeranyl pyrophosphate synthase	Uisw_114_00273	-2
CP159818.1	218322	219074	+	Uisw_114_00272	Uisw_114	250	OG0000623	K04773	protease IV [EC:3.4.21.-]	COG0616	SppA	Periplasmic serine protease, ClpP class	Uisw_114_00273	-1
CP159818.1	219064	219948	+	Uisw_114_00273	Uisw_114	294	OG0000870	K01878	glycyl-tRNA synthetase alpha chain [EC:6.1.1.14]	COG0752	GlyQ	Glycyl-tRNA synthetase, alpha subunit	Uisw_114_00273	0
CP159818.1	219948	222014	+	Uisw_114_00274	Uisw_114	688	OG0000882	K01879	glycyl-tRNA synthetase beta chain [EC:6.1.1.14]	COG0751	GlyS	Glycyl-tRNA synthetase, beta subunit	Uisw_114_00273	1
CP159818.1	222014	224677	+	Uisw_114_00275	Uisw_114	887	OG0000798	K01006	pyruvate, orthophosphate dikinase [EC:2.7.9.1]	COG0574	PpsA	Phosphoenolpyruvate synthase/pyruvate phosphate dikinase	Uisw_114_00273	2
CP159818.1	224674	225138	-	Uisw_114_00276	Uisw_114	154	OG0000370	NA	NA	COG0157	NadC	Nicotinate-nucleotide pyrophosphorylase	Uisw_114_00273	3
CP159818.1	225158	225508	-	Uisw_114_00277	Uisw_114	116	OG0000370	NA	NA	COG0157	NadC	Nicotinate-nucleotide pyrophosphorylase	Uisw_114_00273	4
CP159818.1	225514	226503	-	Uisw_114_00278	Uisw_114	329	OG0000316	K03517	quinolinate synthase [EC:2.5.1.72]	COG0379	NadA	Quinolinate synthase	Uisw_114_00273	5
CP159817.1	211173	213086	+	Uisw_116_00245	Uisw_116	637	OG0000041	K01662	1-deoxy-D-xylulose-5-phosphate synthase [EC:2.2.1.7]	COG1154	Dxs	Deoxyxylulose-5-phosphate synthase	Uisw_116_00250	-5
CP159817.1	213098	214180	-	Uisw_116_00246	Uisw_116	360	OG0000279	K01736	chorismate synthase [EC:4.2.3.5]	COG0082	AroC	Chorismate synthase	Uisw_116_00250	-4
CP159817.1	214214	214840	+	Uisw_116_00247	Uisw_116	208	OG0000522	K00275	pyridoxamine 5'-phosphate oxidase [EC:1.4.3.5]	COG0259	PdxH	Pyridoxine/pyridoxamine 5'-phosphate oxidase	Uisw_116_00250	-3
CP159817.1	214837	215850	-	Uisw_116_00248	Uisw_116	337	OG0000641	K02523	octaprenyl-diphosphate synthase [EC:2.5.1.90]	COG0142	IspA	Geranylgeranyl pyrophosphate synthase	Uisw_116_00250	-2
CP159817.1	216016	216768	+	Uisw_116_00249	Uisw_116	250	OG0000623	K04773	protease IV [EC:3.4.21.-]	COG0616	SppA	Periplasmic serine protease, ClpP class	Uisw_116_00250	-1
CP159817.1	216758	217642	+	Uisw_116_00250	Uisw_116	294	OG0000870	K01878	glycyl-tRNA synthetase alpha chain [EC:6.1.1.14]	COG0752	GlyQ	Glycyl-tRNA synthetase, alpha subunit	Uisw_116_00250	0
CP159817.1	217642	219708	+	Uisw_116_00251	Uisw_116	688	OG0000882	K01879	glycyl-tRNA synthetase beta chain [EC:6.1.1.14]	COG0751	GlyS	Glycyl-tRNA synthetase, beta subunit	Uisw_116_00250	1
CP159817.1	219708	222371	+	Uisw_116_00252	Uisw_116	887	OG0000798	K01006	pyruvate, orthophosphate dikinase [EC:2.7.9.1]	COG0574	PpsA	Phosphoenolpyruvate synthase/pyruvate phosphate dikinase	Uisw_116_00250	2
CP159817.1	222368	223201	-	Uisw_116_00253	Uisw_116	277	OG0000370	K00767	nicotinate-nucleotide pyrophosphorylase (carboxylating) [EC:2.4.2.19]	COG0157	NadC	Nicotinate-nucleotide pyrophosphorylase	Uisw_116_00250	3
CP159817.1	223207	224196	-	Uisw_116_00254	Uisw_116	329	OG0000316	K03517	quinolinate synthase [EC:2.5.1.72]	COG0379	NadA	Quinolinate synthase	Uisw_116_00250	4
CP159817.1	224250	225134	-	Uisw_116_00255	Uisw_116	294	OG0000660	NA	NA	COG0354	YgfZ	Folate-binding protein YgfZ, synthesis and repair of Fe-S clusters, tRNA thiomethylation	Uisw_116_00250	5
CP159816.1	193797	195710	+	Uisw_121_00225	Uisw_121	637	OG0000041	K01662	1-deoxy-D-xylulose-5-phosphate synthase [EC:2.2.1.7]	COG1154	Dxs	Deoxyxylulose-5-phosphate synthase	Uisw_121_00230	-5
CP159816.1	195722	196804	-	Uisw_121_00226	Uisw_121	360	OG0000279	K01736	chorismate synthase [EC:4.2.3.5]	COG0082	AroC	Chorismate synthase	Uisw_121_00230	-4
CP159816.1	196838	197464	+	Uisw_121_00227	Uisw_121	208	OG0000522	K00275	pyridoxamine 5'-phosphate oxidase [EC:1.4.3.5]	COG0259	PdxH	Pyridoxine/pyridoxamine 5'-phosphate oxidase	Uisw_121_00230	-3
CP159816.1	197461	198474	-	Uisw_121_00228	Uisw_121	337	OG0000641	K02523	octaprenyl-diphosphate synthase [EC:2.5.1.90]	COG0142	IspA	Geranylgeranyl pyrophosphate synthase	Uisw_121_00230	-2
CP159816.1	198587	199393	+	Uisw_121_00229	Uisw_121	268	OG0000623	K04773	protease IV [EC:3.4.21.-]	COG0616	SppA	Periplasmic serine protease, ClpP class	Uisw_121_00230	-1
CP159816.1	199383	200267	+	Uisw_121_00230	Uisw_121	294	OG0000870	K01878	glycyl-tRNA synthetase alpha chain [EC:6.1.1.14]	COG0752	GlyQ	Glycyl-tRNA synthetase, alpha subunit	Uisw_121_00230	0
CP159816.1	200267	202333	+	Uisw_121_00231	Uisw_121	688	OG0000882	K01879	glycyl-tRNA synthetase beta chain [EC:6.1.1.14]	COG0751	GlyS	Glycyl-tRNA synthetase, beta subunit	Uisw_121_00230	1
CP159816.1	202333	204996	+	Uisw_121_00232	Uisw_121	887	OG0000798	K01006	pyruvate, orthophosphate dikinase [EC:2.7.9.1]	COG0574	PpsA	Phosphoenolpyruvate synthase/pyruvate phosphate dikinase	Uisw_121_00230	2
CP159816.1	205007	205840	-	Uisw_121_00233	Uisw_121	277	OG0000370	K00767	nicotinate-nucleotide pyrophosphorylase (carboxylating) [EC:2.4.2.19]	COG0157	NadC	Nicotinate-nucleotide pyrophosphorylase	Uisw_121_00230	3
CP159816.1	205846	206835	-	Uisw_121_00234	Uisw_121	329	OG0000316	K03517	quinolinate synthase [EC:2.5.1.72]	COG0379	NadA	Quinolinate synthase	Uisw_121_00230	4
CP159816.1	206886	207773	-	Uisw_121_00235	Uisw_121	295	OG0000660	NA	NA	COG0354	YgfZ	Folate-binding protein YgfZ, synthesis and repair of Fe-S clusters, tRNA thiomethylation	Uisw_121_00230	5
CP159815.1	207180	209096	+	Uisw_127_00223	Uisw_127	638	OG0000041	K01662	1-deoxy-D-xylulose-5-phosphate synthase [EC:2.2.1.7]	COG1154	Dxs	Deoxyxylulose-5-phosphate synthase	Uisw_127_00228	-5
CP159815.1	209107	210189	-	Uisw_127_00224	Uisw_127	360	OG0000279	K01736	chorismate synthase [EC:4.2.3.5]	COG0082	AroC	Chorismate synthase	Uisw_127_00228	-4
CP159815.1	210223	210849	+	Uisw_127_00225	Uisw_127	208	OG0000522	K00275	pyridoxamine 5'-phosphate oxidase [EC:1.4.3.5]	COG0259	PdxH	Pyridoxine/pyridoxamine 5'-phosphate oxidase	Uisw_127_00228	-3
CP159815.1	210846	211859	-	Uisw_127_00226	Uisw_127	337	OG0000641	K02523	octaprenyl-diphosphate synthase [EC:2.5.1.90]	COG0142	IspA	Geranylgeranyl pyrophosphate synthase	Uisw_127_00228	-2
CP159815.1	211972	212778	+	Uisw_127_00227	Uisw_127	268	OG0000623	K04773	protease IV [EC:3.4.21.-]	COG0616	SppA	Periplasmic serine protease, ClpP class	Uisw_127_00228	-1
CP159815.1	212768	213652	+	Uisw_127_00228	Uisw_127	294	OG0000870	K01878	glycyl-tRNA synthetase alpha chain [EC:6.1.1.14]	COG0752	GlyQ	Glycyl-tRNA synthetase, alpha subunit	Uisw_127_00228	0
CP159815.1	213652	215718	+	Uisw_127_00229	Uisw_127	688	OG0000882	K01879	glycyl-tRNA synthetase beta chain [EC:6.1.1.14]	COG0751	GlyS	Glycyl-tRNA synthetase, beta subunit	Uisw_127_00228	1
CP159815.1	215718	218381	+	Uisw_127_00230	Uisw_127	887	OG0000798	K01006	pyruvate, orthophosphate dikinase [EC:2.7.9.1]	COG0574	PpsA	Phosphoenolpyruvate synthase/pyruvate phosphate dikinase	Uisw_127_00228	2
CP159815.1	218378	219211	-	Uisw_127_00231	Uisw_127	277	OG0000370	K00767	nicotinate-nucleotide pyrophosphorylase (carboxylating) [EC:2.4.2.19]	COG0157	NadC	Nicotinate-nucleotide pyrophosphorylase	Uisw_127_00228	3
CP159815.1	219217	220206	-	Uisw_127_00232	Uisw_127	329	OG0000316	K03517	quinolinate synthase [EC:2.5.1.72]	COG0379	NadA	Quinolinate synthase	Uisw_127_00228	4
CP159815.1	220260	221144	-	Uisw_127_00233	Uisw_127	294	OG0000660	NA	NA	COG0354	YgfZ	Folate-binding protein YgfZ, synthesis and repair of Fe-S clusters, tRNA thiomethylation	Uisw_127_00228	5
CP159814.1	212931	214847	+	Uisw_130_00235	Uisw_130	638	OG0000041	K01662	1-deoxy-D-xylulose-5-phosphate synthase [EC:2.2.1.7]	COG1154	Dxs	Deoxyxylulose-5-phosphate synthase	Uisw_130_00240	-5
CP159814.1	214859	215941	-	Uisw_130_00236	Uisw_130	360	OG0000279	K01736	chorismate synthase [EC:4.2.3.5]	COG0082	AroC	Chorismate synthase	Uisw_130_00240	-4
CP159814.1	215975	216601	+	Uisw_130_00237	Uisw_130	208	OG0000522	K00275	pyridoxamine 5'-phosphate oxidase [EC:1.4.3.5]	COG0259	PdxH	Pyridoxine/pyridoxamine 5'-phosphate oxidase	Uisw_130_00240	-3
CP159814.1	216598	217611	-	Uisw_130_00238	Uisw_130	337	OG0000641	K02523	octaprenyl-diphosphate synthase [EC:2.5.1.90]	COG0142	IspA	Geranylgeranyl pyrophosphate synthase	Uisw_130_00240	-2
CP159814.1	217725	218531	+	Uisw_130_00239	Uisw_130	268	OG0000623	K04773	protease IV [EC:3.4.21.-]	COG0616	SppA	Periplasmic serine protease, ClpP class	Uisw_130_00240	-1
CP159814.1	218521	219405	+	Uisw_130_00240	Uisw_130	294	OG0000870	K01878	glycyl-tRNA synthetase alpha chain [EC:6.1.1.14]	COG0752	GlyQ	Glycyl-tRNA synthetase, alpha subunit	Uisw_130_00240	0
CP159814.1	219405	221471	+	Uisw_130_00241	Uisw_130	688	OG0000882	K01879	glycyl-tRNA synthetase beta chain [EC:6.1.1.14]	COG0751	GlyS	Glycyl-tRNA synthetase, beta subunit	Uisw_130_00240	1
CP159814.1	221471	224134	+	Uisw_130_00242	Uisw_130	887	OG0000798	K01006	pyruvate, orthophosphate dikinase [EC:2.7.9.1]	COG0574	PpsA	Phosphoenolpyruvate synthase/pyruvate phosphate dikinase	Uisw_130_00240	2
CP159814.1	224131	224964	-	Uisw_130_00243	Uisw_130	277	OG0000370	K00767	nicotinate-nucleotide pyrophosphorylase (carboxylating) [EC:2.4.2.19]	COG0157	NadC	Nicotinate-nucleotide pyrophosphorylase	Uisw_130_00240	3
CP159814.1	224970	225959	-	Uisw_130_00244	Uisw_130	329	OG0000316	K03517	quinolinate synthase [EC:2.5.1.72]	COG0379	NadA	Quinolinate synthase	Uisw_130_00240	4
CP159814.1	226013	226897	-	Uisw_130_00245	Uisw_130	294	OG0000660	NA	NA	COG0354	YgfZ	Folate-binding protein YgfZ, synthesis and repair of Fe-S clusters, tRNA thiomethylation	Uisw_130_00240	5
CP159813.1	207307	209223	+	Uisw_134_02_00223	Uisw_134_02	638	OG0000041	K01662	1-deoxy-D-xylulose-5-phosphate synthase [EC:2.2.1.7]	COG1154	Dxs	Deoxyxylulose-5-phosphate synthase	Uisw_134_02_00228	-5
CP159813.1	209234	210316	-	Uisw_134_02_00224	Uisw_134_02	360	OG0000279	K01736	chorismate synthase [EC:4.2.3.5]	COG0082	AroC	Chorismate synthase	Uisw_134_02_00228	-4
CP159813.1	210350	210976	+	Uisw_134_02_00225	Uisw_134_02	208	OG0000522	K00275	pyridoxamine 5'-phosphate oxidase [EC:1.4.3.5]	COG0259	PdxH	Pyridoxine/pyridoxamine 5'-phosphate oxidase	Uisw_134_02_00228	-3
CP159813.1	210973	211986	-	Uisw_134_02_00226	Uisw_134_02	337	OG0000641	K02523	octaprenyl-diphosphate synthase [EC:2.5.1.90]	COG0142	IspA	Geranylgeranyl pyrophosphate synthase	Uisw_134_02_00228	-2
CP159813.1	212099	212905	+	Uisw_134_02_00227	Uisw_134_02	268	OG0000623	K04773	protease IV [EC:3.4.21.-]	COG0616	SppA	Periplasmic serine protease, ClpP class	Uisw_134_02_00228	-1
CP159813.1	212895	213779	+	Uisw_134_02_00228	Uisw_134_02	294	OG0000870	K01878	glycyl-tRNA synthetase alpha chain [EC:6.1.1.14]	COG0752	GlyQ	Glycyl-tRNA synthetase, alpha subunit	Uisw_134_02_00228	0
CP159813.1	213779	215845	+	Uisw_134_02_00229	Uisw_134_02	688	OG0000882	K01879	glycyl-tRNA synthetase beta chain [EC:6.1.1.14]	COG0751	GlyS	Glycyl-tRNA synthetase, beta subunit	Uisw_134_02_00228	1
CP159813.1	215845	218508	+	Uisw_134_02_00230	Uisw_134_02	887	OG0000798	K01006	pyruvate, orthophosphate dikinase [EC:2.7.9.1]	COG0574	PpsA	Phosphoenolpyruvate synthase/pyruvate phosphate dikinase	Uisw_134_02_00228	2
CP159813.1	218505	219338	-	Uisw_134_02_00231	Uisw_134_02	277	OG0000370	K00767	nicotinate-nucleotide pyrophosphorylase (carboxylating) [EC:2.4.2.19]	COG0157	NadC	Nicotinate-nucleotide pyrophosphorylase	Uisw_134_02_00228	3
CP159813.1	219344	220333	-	Uisw_134_02_00232	Uisw_134_02	329	OG0000316	K03517	quinolinate synthase [EC:2.5.1.72]	COG0379	NadA	Quinolinate synthase	Uisw_134_02_00228	4
CP159813.1	220387	221286	-	Uisw_134_02_00233	Uisw_134_02	299	OG0000660	NA	NA	COG0354	YgfZ	Folate-binding protein YgfZ, synthesis and repair of Fe-S clusters, tRNA thiomethylation	Uisw_134_02_00228	5
CP159812.1	211809	213725	+	Uisw_136_00224	Uisw_136	638	OG0000041	K01662	1-deoxy-D-xylulose-5-phosphate synthase [EC:2.2.1.7]	COG1154	Dxs	Deoxyxylulose-5-phosphate synthase	Uisw_136_00229	-5
CP159812.1	213737	214819	-	Uisw_136_00225	Uisw_136	360	OG0000279	K01736	chorismate synthase [EC:4.2.3.5]	COG0082	AroC	Chorismate synthase	Uisw_136_00229	-4
CP159812.1	214853	215479	+	Uisw_136_00226	Uisw_136	208	OG0000522	K00275	pyridoxamine 5'-phosphate oxidase [EC:1.4.3.5]	COG0259	PdxH	Pyridoxine/pyridoxamine 5'-phosphate oxidase	Uisw_136_00229	-3
CP159812.1	215476	216489	-	Uisw_136_00227	Uisw_136	337	OG0000641	K02523	octaprenyl-diphosphate synthase [EC:2.5.1.90]	COG0142	IspA	Geranylgeranyl pyrophosphate synthase	Uisw_136_00229	-2
CP159812.1	216602	217408	+	Uisw_136_00228	Uisw_136	268	OG0000623	K04773	protease IV [EC:3.4.21.-]	COG0616	SppA	Periplasmic serine protease, ClpP class	Uisw_136_00229	-1
CP159812.1	217398	218282	+	Uisw_136_00229	Uisw_136	294	OG0000870	K01878	glycyl-tRNA synthetase alpha chain [EC:6.1.1.14]	COG0752	GlyQ	Glycyl-tRNA synthetase, alpha subunit	Uisw_136_00229	0
CP159812.1	218282	220348	+	Uisw_136_00230	Uisw_136	688	OG0000882	K01879	glycyl-tRNA synthetase beta chain [EC:6.1.1.14]	COG0751	GlyS	Glycyl-tRNA synthetase, beta subunit	Uisw_136_00229	1
CP159812.1	220348	223011	+	Uisw_136_00231	Uisw_136	887	OG0000798	K01006	pyruvate, orthophosphate dikinase [EC:2.7.9.1]	COG0574	PpsA	Phosphoenolpyruvate synthase/pyruvate phosphate dikinase	Uisw_136_00229	2
CP159812.1	223008	223841	-	Uisw_136_00232	Uisw_136	277	OG0000370	K00767	nicotinate-nucleotide pyrophosphorylase (carboxylating) [EC:2.4.2.19]	COG0157	NadC	Nicotinate-nucleotide pyrophosphorylase	Uisw_136_00229	3
CP159812.1	223847	224836	-	Uisw_136_00233	Uisw_136	329	OG0000316	K03517	quinolinate synthase [EC:2.5.1.72]	COG0379	NadA	Quinolinate synthase	Uisw_136_00229	4
CP159812.1	224934	226133	+	Uisw_136_00234	Uisw_136	399	OG0001427	NA	NA	NA	NA	NA	Uisw_136_00229	5
CP159811.1	205662	207575	+	Uisw_137_00224	Uisw_137	637	OG0000041	K01662	1-deoxy-D-xylulose-5-phosphate synthase [EC:2.2.1.7]	COG1154	Dxs	Deoxyxylulose-5-phosphate synthase	Uisw_137_00229	-5
CP159811.1	207587	208669	-	Uisw_137_00225	Uisw_137	360	OG0000279	K01736	chorismate synthase [EC:4.2.3.5]	COG0082	AroC	Chorismate synthase	Uisw_137_00229	-4
CP159811.1	208703	209329	+	Uisw_137_00226	Uisw_137	208	OG0000522	K00275	pyridoxamine 5'-phosphate oxidase [EC:1.4.3.5]	COG0259	PdxH	Pyridoxine/pyridoxamine 5'-phosphate oxidase	Uisw_137_00229	-3
CP159811.1	209326	210339	-	Uisw_137_00227	Uisw_137	337	OG0000641	K02523	octaprenyl-diphosphate synthase [EC:2.5.1.90]	COG0142	IspA	Geranylgeranyl pyrophosphate synthase	Uisw_137_00229	-2
CP159811.1	210452	211258	+	Uisw_137_00228	Uisw_137	268	OG0000623	K04773	protease IV [EC:3.4.21.-]	COG0616	SppA	Periplasmic serine protease, ClpP class	Uisw_137_00229	-1
CP159811.1	211248	212132	+	Uisw_137_00229	Uisw_137	294	OG0000870	K01878	glycyl-tRNA synthetase alpha chain [EC:6.1.1.14]	COG0752	GlyQ	Glycyl-tRNA synthetase, alpha subunit	Uisw_137_00229	0
CP159811.1	212132	214198	+	Uisw_137_00230	Uisw_137	688	OG0000882	K01879	glycyl-tRNA synthetase beta chain [EC:6.1.1.14]	COG0751	GlyS	Glycyl-tRNA synthetase, beta subunit	Uisw_137_00229	1
CP159811.1	214198	216861	+	Uisw_137_00231	Uisw_137	887	OG0000798	K01006	pyruvate, orthophosphate dikinase [EC:2.7.9.1]	COG0574	PpsA	Phosphoenolpyruvate synthase/pyruvate phosphate dikinase	Uisw_137_00229	2
CP159811.1	216858	217691	-	Uisw_137_00232	Uisw_137	277	OG0000370	K00767	nicotinate-nucleotide pyrophosphorylase (carboxylating) [EC:2.4.2.19]	COG0157	NadC	Nicotinate-nucleotide pyrophosphorylase	Uisw_137_00229	3
CP159811.1	217697	218686	-	Uisw_137_00233	Uisw_137	329	OG0000316	K03517	quinolinate synthase [EC:2.5.1.72]	COG0379	NadA	Quinolinate synthase	Uisw_137_00229	4
CP159811.1	219217	220281	-	Uisw_137_00234	Uisw_137	354	OG0002401	NA	NA	COG2755	TesA	Lysophospholipase L1 or related esterase. Includes spore coat protein LipC/YcsK	Uisw_137_00229	5
