contig	start	end	strand	seq_id	genome	aa_length	Orthogroup	ko_id	ko_description	COG_ID	GENE_NAME	COG_NAME	center_query	relative_order
CVSF01000064.1	26521	27624	-	AAA795-D22_00710	AAA795-D22	367	OG0000932	NA	NA	COG0795	LptF	Lipopolysaccharide export LptBFGC system, permease protein LptF	AAA795-D22_00715	-5
CVSF01000064.1	27683	29137	+	AAA795-D22_00711	AAA795-D22	484	OG0000405	K01255	leucyl aminopeptidase [EC:3.4.11.1]	COG0260	PepB	Leucyl aminopeptidase	AAA795-D22_00715	-4
CVSF01000064.1	29130	29540	+	AAA795-D22_00712	AAA795-D22	136	OG0000480	K00940	nucleoside-diphosphate kinase [EC:2.7.4.6]	COG0105	Ndk	Nucleoside diphosphate kinase	AAA795-D22_00715	-3
CVSF01000064.1	29530	30114	-	AAA795-D22_00713	AAA795-D22	194	OG0000035	K11175	phosphoribosylglycinamide formyltransferase 1 [EC:2.1.2.2]	COG0299	PurN	Folate-dependent phosphoribosylglycinamide formyltransferase PurN	AAA795-D22_00715	-2
CVSF01000064.1	30092	31120	-	AAA795-D22_00714	AAA795-D22	342	OG0000574	K01933	phosphoribosylformylglycinamidine cyclo-ligase [EC:6.3.3.1]	COG0150	PurM	Phosphoribosylaminoimidazole (AIR) synthetase	AAA795-D22_00715	-1
CVSF01000064.1	31142	32203	+	AAA795-D22_00715	AAA795-D22	353	OG0000916	NA	NA	NA	NA	NA	AAA795-D22_00715	0
CVSF01000064.1	32200	32862	+	AAA795-D22_00716	AAA795-D22	220	OG0000690	NA	NA	COG0593	DnaA	Chromosomal replication initiation ATPase DnaA	AAA795-D22_00715	1
CVSF01000064.1	32863	34650	+	AAA795-D22_00717	AAA795-D22	595	OG0000189	K01876	aspartyl-tRNA synthetase [EC:6.1.1.12]	COG0173	AspS	Aspartyl-tRNA synthetase	AAA795-D22_00715	2
CVSF01000064.1	34651	35469	-	AAA795-D22_00718	AAA795-D22	272	OG0000284	NA	NA	NA	NA	NA	AAA795-D22_00715	3
CVSF01000064.1	35586	35948	+	AAA795-D22_00719	AAA795-D22	120	OG0000369	NA	NA	COG3761	NDUFA12	NADH:ubiquinone oxidoreductase NDUFA12 subunit (Leigh syndrome)	AAA795-D22_00715	4
CVSF01000064.1	35911	36318	+	AAA795-D22_00720	AAA795-D22	135	OG0000472	NA	NA	COG4765	NA	Uncharacterized conserved protein, DUF2155 domain	AAA795-D22_00715	5
CABXUK010000002.1	91699	92100	-	AG-325-E08_00257	AG-325-E08	133	OG0000472	NA	NA	COG4765	NA	Uncharacterized conserved protein, DUF2155 domain	AG-325-E08_00262	-5
CABXUK010000002.1	92063	92422	-	AG-325-E08_00258	AG-325-E08	119	OG0000369	NA	NA	COG3761	NDUFA12	NADH:ubiquinone oxidoreductase NDUFA12 subunit (Leigh syndrome)	AG-325-E08_00262	-4
CABXUK010000002.1	92537	93361	+	AG-325-E08_00259	AG-325-E08	274	OG0000284	NA	NA	NA	NA	NA	AG-325-E08_00262	-3
CABXUK010000002.1	93363	95147	-	AG-325-E08_00260	AG-325-E08	594	OG0000189	K01876	aspartyl-tRNA synthetase [EC:6.1.1.12]	COG0173	AspS	Aspartyl-tRNA synthetase	AG-325-E08_00262	-2
CABXUK010000002.1	95148	95822	-	AG-325-E08_00261	AG-325-E08	224	OG0000690	NA	NA	COG0593	DnaA	Chromosomal replication initiation ATPase DnaA	AG-325-E08_00262	-1
CABXUK010000002.1	95807	96316	-	AG-325-E08_00262	AG-325-E08	169	OG0000916	NA	NA	NA	NA	NA	AG-325-E08_00262	0
CABXUW010000001.1	98811	99947	-	AG-325-E13_00109	AG-325-E13	378	OG0000932	NA	NA	COG0795	LptF	Lipopolysaccharide export LptBFGC system, permease protein LptF	AG-325-E13_00114	-5
CABXUW010000001.1	100079	101536	+	AG-325-E13_00110	AG-325-E13	485	OG0000405	K01255	leucyl aminopeptidase [EC:3.4.11.1]	COG0260	PepB	Leucyl aminopeptidase	AG-325-E13_00114	-4
CABXUW010000001.1	101529	101939	+	AG-325-E13_00111	AG-325-E13	136	OG0000480	K00940	nucleoside-diphosphate kinase [EC:2.7.4.6]	COG0105	Ndk	Nucleoside diphosphate kinase	AG-325-E13_00114	-3
CABXUW010000001.1	101936	102499	-	AG-325-E13_00112	AG-325-E13	187	OG0000035	K11175	phosphoribosylglycinamide formyltransferase 1 [EC:2.1.2.2]	COG0299	PurN	Folate-dependent phosphoribosylglycinamide formyltransferase PurN	AG-325-E13_00114	-2
CABXUW010000001.1	102493	103521	-	AG-325-E13_00113	AG-325-E13	342	OG0000574	K01933	phosphoribosylformylglycinamidine cyclo-ligase [EC:6.3.3.1]	COG0150	PurM	Phosphoribosylaminoimidazole (AIR) synthetase	AG-325-E13_00114	-1
CABXUW010000001.1	103547	104596	+	AG-325-E13_00114	AG-325-E13	349	OG0000916	NA	NA	NA	NA	NA	AG-325-E13_00114	0
CABXUW010000001.1	104596	105255	+	AG-325-E13_00115	AG-325-E13	219	OG0000690	NA	NA	COG0593	DnaA	Chromosomal replication initiation ATPase DnaA	AG-325-E13_00114	1
CABXUW010000001.1	105248	107035	+	AG-325-E13_00116	AG-325-E13	595	OG0000189	K01876	aspartyl-tRNA synthetase [EC:6.1.1.12]	COG0173	AspS	Aspartyl-tRNA synthetase	AG-325-E13_00114	2
CABXUW010000001.1	107032	107853	-	AG-325-E13_00117	AG-325-E13	273	OG0000284	NA	NA	NA	NA	NA	AG-325-E13_00114	3
CABXUW010000001.1	107962	108315	+	AG-325-E13_00118	AG-325-E13	117	OG0000369	NA	NA	COG3761	NDUFA12	NADH:ubiquinone oxidoreductase NDUFA12 subunit (Leigh syndrome)	AG-325-E13_00114	4
CABXUW010000001.1	108296	108805	+	AG-325-E13_00119	AG-325-E13	169	OG0000472	NA	NA	COG4765	NA	Uncharacterized conserved protein, DUF2155 domain	AG-325-E13_00114	5
CABXVN010000001.1	283858	285000	-	AG-325-E20_00295	AG-325-E20	380	OG0000932	NA	NA	COG0795	LptF	Lipopolysaccharide export LptBFGC system, permease protein LptF	AG-325-E20_00300	-5
CABXVN010000001.1	285131	286588	+	AG-325-E20_00296	AG-325-E20	485	OG0000405	K01255	leucyl aminopeptidase [EC:3.4.11.1]	COG0260	PepB	Leucyl aminopeptidase	AG-325-E20_00300	-4
CABXVN010000001.1	286581	286991	+	AG-325-E20_00297	AG-325-E20	136	OG0000480	K00940	nucleoside-diphosphate kinase [EC:2.7.4.6]	COG0105	Ndk	Nucleoside diphosphate kinase	AG-325-E20_00300	-3
CABXVN010000001.1	286993	287550	-	AG-325-E20_00298	AG-325-E20	185	OG0000035	K11175	phosphoribosylglycinamide formyltransferase 1 [EC:2.1.2.2]	COG0299	PurN	Folate-dependent phosphoribosylglycinamide formyltransferase PurN	AG-325-E20_00300	-2
CABXVN010000001.1	287544	288560	-	AG-325-E20_00299	AG-325-E20	338	OG0000574	K01933	phosphoribosylformylglycinamidine cyclo-ligase [EC:6.3.3.1]	COG0150	PurM	Phosphoribosylaminoimidazole (AIR) synthetase	AG-325-E20_00300	-1
CABXVN010000001.1	288586	289632	+	AG-325-E20_00300	AG-325-E20	348	OG0000916	NA	NA	NA	NA	NA	AG-325-E20_00300	0
CABXVN010000001.1	289634	290290	+	AG-325-E20_00301	AG-325-E20	218	OG0000690	NA	NA	COG0593	DnaA	Chromosomal replication initiation ATPase DnaA	AG-325-E20_00300	1
CABXVN010000001.1	290283	292070	+	AG-325-E20_00302	AG-325-E20	595	OG0000189	K01876	aspartyl-tRNA synthetase [EC:6.1.1.12]	COG0173	AspS	Aspartyl-tRNA synthetase	AG-325-E20_00300	2
CABXVN010000001.1	292067	292885	-	AG-325-E20_00303	AG-325-E20	272	OG0000284	NA	NA	NA	NA	NA	AG-325-E20_00300	3
CABXVN010000001.1	292979	293335	+	AG-325-E20_00304	AG-325-E20	118	OG0000369	NA	NA	COG3761	NDUFA12	NADH:ubiquinone oxidoreductase NDUFA12 subunit (Leigh syndrome)	AG-325-E20_00300	4
CABXVN010000001.1	293316	293828	+	AG-325-E20_00305	AG-325-E20	170	OG0000472	NA	NA	COG4765	NA	Uncharacterized conserved protein, DUF2155 domain	AG-325-E20_00300	5
CABXWY010000004.1	20730	21851	-	AG-325-G21_00540	AG-325-G21	373	OG0000932	NA	NA	COG0795	LptF	Lipopolysaccharide export LptBFGC system, permease protein LptF	AG-325-G21_00545	-5
CABXWY010000004.1	21935	23404	+	AG-325-G21_00541	AG-325-G21	489	OG0000405	K01255	leucyl aminopeptidase [EC:3.4.11.1]	COG0260	PepB	Leucyl aminopeptidase	AG-325-G21_00545	-4
CABXWY010000004.1	23397	23807	+	AG-325-G21_00542	AG-325-G21	136	OG0000480	K00940	nucleoside-diphosphate kinase [EC:2.7.4.6]	COG0105	Ndk	Nucleoside diphosphate kinase	AG-325-G21_00545	-3
CABXWY010000004.1	23804	24373	-	AG-325-G21_00543	AG-325-G21	189	OG0000035	K11175	phosphoribosylglycinamide formyltransferase 1 [EC:2.1.2.2]	COG0299	PurN	Folate-dependent phosphoribosylglycinamide formyltransferase PurN	AG-325-G21_00545	-2
CABXWY010000004.1	24357	25376	-	AG-325-G21_00544	AG-325-G21	339	OG0000574	K01933	phosphoribosylformylglycinamidine cyclo-ligase [EC:6.3.3.1]	COG0150	PurM	Phosphoribosylaminoimidazole (AIR) synthetase	AG-325-G21_00545	-1
CABXWY010000004.1	25388	26464	+	AG-325-G21_00545	AG-325-G21	358	OG0000916	NA	NA	NA	NA	NA	AG-325-G21_00545	0
CABXWY010000004.1	26471	27133	+	AG-325-G21_00546	AG-325-G21	220	OG0000690	NA	NA	COG0593	DnaA	Chromosomal replication initiation ATPase DnaA	AG-325-G21_00545	1
CABXWY010000004.1	27213	28916	+	AG-325-G21_00547	AG-325-G21	567	OG0000189	K01876	aspartyl-tRNA synthetase [EC:6.1.1.12]	COG0173	AspS	Aspartyl-tRNA synthetase	AG-325-G21_00545	2
CABXWY010000004.1	28918	29754	-	AG-325-G21_00548	AG-325-G21	278	OG0000284	NA	NA	NA	NA	NA	AG-325-G21_00545	3
CABXWY010000004.1	29860	30222	+	AG-325-G21_00549	AG-325-G21	120	OG0000369	NA	NA	COG3761	NDUFA12	NADH:ubiquinone oxidoreductase NDUFA12 subunit (Leigh syndrome)	AG-325-G21_00545	4
CABXWY010000004.1	30185	30586	+	AG-325-G21_00550	AG-325-G21	133	OG0000472	NA	NA	COG4765	NA	Uncharacterized conserved protein, DUF2155 domain	AG-325-G21_00545	5
CABXZD010000001.1	150144	151259	-	AG-325-L02_00162	AG-325-L02	371	OG0000932	NA	NA	COG0795	LptF	Lipopolysaccharide export LptBFGC system, permease protein LptF	AG-325-L02_00167	-5
CABXZD010000001.1	151320	152777	+	AG-325-L02_00163	AG-325-L02	485	OG0000405	K01255	leucyl aminopeptidase [EC:3.4.11.1]	COG0260	PepB	Leucyl aminopeptidase	AG-325-L02_00167	-4
CABXZD010000001.1	152770	153180	+	AG-325-L02_00164	AG-325-L02	136	OG0000480	K00940	nucleoside-diphosphate kinase [EC:2.7.4.6]	COG0105	Ndk	Nucleoside diphosphate kinase	AG-325-L02_00167	-3
CABXZD010000001.1	153170	153790	-	AG-325-L02_00165	AG-325-L02	206	OG0000035	K11175	phosphoribosylglycinamide formyltransferase 1 [EC:2.1.2.2]	COG0299	PurN	Folate-dependent phosphoribosylglycinamide formyltransferase PurN	AG-325-L02_00167	-2
CABXZD010000001.1	153729	154757	-	AG-325-L02_00166	AG-325-L02	342	OG0000574	K01933	phosphoribosylformylglycinamidine cyclo-ligase [EC:6.3.3.1]	COG0150	PurM	Phosphoribosylaminoimidazole (AIR) synthetase	AG-325-L02_00167	-1
CABXZD010000001.1	154769	155848	+	AG-325-L02_00167	AG-325-L02	359	OG0000916	NA	NA	NA	NA	NA	AG-325-L02_00167	0
CABXZD010000001.1	155845	156507	+	AG-325-L02_00168	AG-325-L02	220	OG0000690	NA	NA	COG0593	DnaA	Chromosomal replication initiation ATPase DnaA	AG-325-L02_00167	1
CABXZD010000001.1	156508	158292	+	AG-325-L02_00169	AG-325-L02	594	OG0000189	K01876	aspartyl-tRNA synthetase [EC:6.1.1.12]	COG0173	AspS	Aspartyl-tRNA synthetase	AG-325-L02_00167	2
CABXZD010000001.1	158294	159115	-	AG-325-L02_00170	AG-325-L02	273	OG0000284	NA	NA	NA	NA	NA	AG-325-L02_00167	3
CABXZD010000001.1	159231	159596	+	AG-325-L02_00171	AG-325-L02	121	OG0000369	NA	NA	COG3761	NDUFA12	NADH:ubiquinone oxidoreductase NDUFA12 subunit (Leigh syndrome)	AG-325-L02_00167	4
CABXZD010000001.1	159553	159960	+	AG-325-L02_00172	AG-325-L02	135	OG0000472	NA	NA	COG4765	NA	Uncharacterized conserved protein, DUF2155 domain	AG-325-L02_00167	5
CABXYW010000006.1	697	1776	+	AG-325-L05_00615	AG-325-L05	359	OG0000916	NA	NA	NA	NA	NA	AG-325-L05_00615	0
CABXYW010000006.1	1761	2435	+	AG-325-L05_00616	AG-325-L05	224	OG0000690	NA	NA	COG0593	DnaA	Chromosomal replication initiation ATPase DnaA	AG-325-L05_00615	1
CABXYW010000006.1	2469	4220	+	AG-325-L05_00617	AG-325-L05	583	OG0000189	K01876	aspartyl-tRNA synthetase [EC:6.1.1.12]	COG0173	AspS	Aspartyl-tRNA synthetase	AG-325-L05_00615	2
CABXYW010000006.1	4222	5052	-	AG-325-L05_00618	AG-325-L05	276	OG0000284	NA	NA	NA	NA	NA	AG-325-L05_00615	3
CABXYW010000006.1	5168	5527	+	AG-325-L05_00619	AG-325-L05	119	OG0000369	NA	NA	COG3761	NDUFA12	NADH:ubiquinone oxidoreductase NDUFA12 subunit (Leigh syndrome)	AG-325-L05_00615	4
CABXYW010000006.1	5490	5897	+	AG-325-L05_00620	AG-325-L05	135	OG0000472	NA	NA	COG4765	NA	Uncharacterized conserved protein, DUF2155 domain	AG-325-L05_00615	5
CABYVA010000020.1	9233	9592	-	AG-333-N15_00912	AG-333-N15	119	OG0000369	NA	NA	COG3761	NDUFA12	NADH:ubiquinone oxidoreductase NDUFA12 subunit (Leigh syndrome)	AG-333-N15_00917	-5
CABYVA010000020.1	9704	10528	+	AG-333-N15_00913	AG-333-N15	274	OG0000284	NA	NA	NA	NA	NA	AG-333-N15_00917	-4
CABYVA010000020.1	10530	11156	-	AG-333-N15_00914	AG-333-N15	208	OG0000189	NA	NA	COG0173	AspS	Aspartyl-tRNA synthetase	AG-333-N15_00917	-3
CABYVA010000020.1	11192	11404	-	AG-333-N15_00915	AG-333-N15	70	OG0000189	NA	NA	COG0173	AspS	Aspartyl-tRNA synthetase	AG-333-N15_00917	-2
CABYVA010000020.1	11406	12068	-	AG-333-N15_00916	AG-333-N15	220	OG0000690	NA	NA	COG0593	DnaA	Chromosomal replication initiation ATPase DnaA	AG-333-N15_00917	-1
CABYVA010000020.1	12065	13144	-	AG-333-N15_00917	AG-333-N15	359	OG0000916	NA	NA	NA	NA	NA	AG-333-N15_00917	0
CABYVA010000020.1	13156	14178	+	AG-333-N15_00918	AG-333-N15	340	OG0000574	K01933	phosphoribosylformylglycinamidine cyclo-ligase [EC:6.3.3.1]	COG0150	PurM	Phosphoribosylaminoimidazole (AIR) synthetase	AG-333-N15_00917	1
CABYVA010000020.1	14147	14725	+	AG-333-N15_00919	AG-333-N15	192	OG0000035	K11175	phosphoribosylglycinamide formyltransferase 1 [EC:2.1.2.2]	COG0299	PurN	Folate-dependent phosphoribosylglycinamide formyltransferase PurN	AG-333-N15_00917	2
CABYVA010000020.1	14722	15132	-	AG-333-N15_00920	AG-333-N15	136	OG0000480	K00940	nucleoside-diphosphate kinase [EC:2.7.4.6]	COG0105	Ndk	Nucleoside diphosphate kinase	AG-333-N15_00917	3
CABYVA010000020.1	15125	16588	-	AG-333-N15_00921	AG-333-N15	487	OG0000405	K01255	leucyl aminopeptidase [EC:3.4.11.1]	COG0260	PepB	Leucyl aminopeptidase	AG-333-N15_00917	4
CABZBR010000001.1	8859	10007	-	AG-337-C09_00010	AG-337-C09	382	OG0000932	NA	NA	COG0795	LptF	Lipopolysaccharide export LptBFGC system, permease protein LptF	AG-337-C09_00015	-5
CABZBR010000001.1	10062	11498	+	AG-337-C09_00011	AG-337-C09	478	OG0000405	K01255	leucyl aminopeptidase [EC:3.4.11.1]	COG0260	PepB	Leucyl aminopeptidase	AG-337-C09_00015	-4
CABZBR010000001.1	11491	11901	+	AG-337-C09_00012	AG-337-C09	136	OG0000480	K00940	nucleoside-diphosphate kinase [EC:2.7.4.6]	COG0105	Ndk	Nucleoside diphosphate kinase	AG-337-C09_00015	-3
CABZBR010000001.1	11891	12469	-	AG-337-C09_00013	AG-337-C09	192	OG0000035	K11175	phosphoribosylglycinamide formyltransferase 1 [EC:2.1.2.2]	COG0299	PurN	Folate-dependent phosphoribosylglycinamide formyltransferase PurN	AG-337-C09_00015	-2
CABZBR010000001.1	12450	13472	-	AG-337-C09_00014	AG-337-C09	340	OG0000574	K01933	phosphoribosylformylglycinamidine cyclo-ligase [EC:6.3.3.1]	COG0150	PurM	Phosphoribosylaminoimidazole (AIR) synthetase	AG-337-C09_00015	-1
CABZBR010000001.1	13484	14560	+	AG-337-C09_00015	AG-337-C09	358	OG0000916	NA	NA	NA	NA	NA	AG-337-C09_00015	0
CABZBR010000001.1	14557	15213	+	AG-337-C09_00016	AG-337-C09	218	OG0000690	NA	NA	COG0593	DnaA	Chromosomal replication initiation ATPase DnaA	AG-337-C09_00015	1
CABZBR010000001.1	15215	16999	+	AG-337-C09_00017	AG-337-C09	594	OG0000189	K01876	aspartyl-tRNA synthetase [EC:6.1.1.12]	COG0173	AspS	Aspartyl-tRNA synthetase	AG-337-C09_00015	2
CABZBR010000001.1	17000	17824	-	AG-337-C09_00018	AG-337-C09	274	OG0000284	NA	NA	NA	NA	NA	AG-337-C09_00015	3
CABZBR010000001.1	17940	18299	+	AG-337-C09_00019	AG-337-C09	119	OG0000369	NA	NA	COG3761	NDUFA12	NADH:ubiquinone oxidoreductase NDUFA12 subunit (Leigh syndrome)	AG-337-C09_00015	4
CABZBR010000001.1	18262	18666	+	AG-337-C09_00020	AG-337-C09	134	OG0000472	NA	NA	COG4765	NA	Uncharacterized conserved protein, DUF2155 domain	AG-337-C09_00015	5
CABZCF010000007.1	13009	14121	-	AG-337-C19_00628	AG-337-C19	370	OG0000932	NA	NA	COG0795	LptF	Lipopolysaccharide export LptBFGC system, permease protein LptF	AG-337-C19_00633	-5
CABZCF010000007.1	14181	15629	+	AG-337-C19_00629	AG-337-C19	482	OG0000405	K01255	leucyl aminopeptidase [EC:3.4.11.1]	COG0260	PepB	Leucyl aminopeptidase	AG-337-C19_00633	-4
CABZCF010000007.1	15622	16032	+	AG-337-C19_00630	AG-337-C19	136	OG0000480	K00940	nucleoside-diphosphate kinase [EC:2.7.4.6]	COG0105	Ndk	Nucleoside diphosphate kinase	AG-337-C19_00633	-3
CABZCF010000007.1	16022	16603	-	AG-337-C19_00631	AG-337-C19	193	OG0000035	K11175	phosphoribosylglycinamide formyltransferase 1 [EC:2.1.2.2]	COG0299	PurN	Folate-dependent phosphoribosylglycinamide formyltransferase PurN	AG-337-C19_00633	-2
CABZCF010000007.1	16578	17609	-	AG-337-C19_00632	AG-337-C19	343	OG0000574	K01933	phosphoribosylformylglycinamidine cyclo-ligase [EC:6.3.3.1]	COG0150	PurM	Phosphoribosylaminoimidazole (AIR) synthetase	AG-337-C19_00633	-1
CABZCF010000007.1	17674	18693	+	AG-337-C19_00633	AG-337-C19	339	OG0000916	NA	NA	NA	NA	NA	AG-337-C19_00633	0
CABZCF010000007.1	18690	19346	+	AG-337-C19_00634	AG-337-C19	218	OG0000690	NA	NA	COG0593	DnaA	Chromosomal replication initiation ATPase DnaA	AG-337-C19_00633	1
CABZCF010000007.1	19353	21134	+	AG-337-C19_00635	AG-337-C19	593	OG0000189	K01876	aspartyl-tRNA synthetase [EC:6.1.1.12]	COG0173	AspS	Aspartyl-tRNA synthetase	AG-337-C19_00633	2
CABZCF010000007.1	21141	21983	-	AG-337-C19_00636	AG-337-C19	280	OG0000284	NA	NA	NA	NA	NA	AG-337-C19_00633	3
CABZCF010000007.1	22086	22445	+	AG-337-C19_00637	AG-337-C19	119	OG0000369	NA	NA	COG3761	NDUFA12	NADH:ubiquinone oxidoreductase NDUFA12 subunit (Leigh syndrome)	AG-337-C19_00633	4
CABZCF010000007.1	22408	22812	+	AG-337-C19_00638	AG-337-C19	134	OG0000472	NA	NA	COG4765	NA	Uncharacterized conserved protein, DUF2155 domain	AG-337-C19_00633	5
CABZFF010000002.1	50575	51699	-	AG-337-E15_00318	AG-337-E15	374	OG0000932	NA	NA	COG0795	LptF	Lipopolysaccharide export LptBFGC system, permease protein LptF	AG-337-E15_00323	-5
CABZFF010000002.1	51836	53293	+	AG-337-E15_00319	AG-337-E15	485	OG0000405	K01255	leucyl aminopeptidase [EC:3.4.11.1]	COG0260	PepB	Leucyl aminopeptidase	AG-337-E15_00323	-4
CABZFF010000002.1	53286	53696	+	AG-337-E15_00320	AG-337-E15	136	OG0000480	K00940	nucleoside-diphosphate kinase [EC:2.7.4.6]	COG0105	Ndk	Nucleoside diphosphate kinase	AG-337-E15_00323	-3
CABZFF010000002.1	53693	54256	-	AG-337-E15_00321	AG-337-E15	187	OG0000035	K11175	phosphoribosylglycinamide formyltransferase 1 [EC:2.1.2.2]	COG0299	PurN	Folate-dependent phosphoribosylglycinamide formyltransferase PurN	AG-337-E15_00323	-2
CABZFF010000002.1	54250	55278	-	AG-337-E15_00322	AG-337-E15	342	OG0000574	K01933	phosphoribosylformylglycinamidine cyclo-ligase [EC:6.3.3.1]	COG0150	PurM	Phosphoribosylaminoimidazole (AIR) synthetase	AG-337-E15_00323	-1
CABZFF010000002.1	55302	56345	+	AG-337-E15_00323	AG-337-E15	347	OG0000916	NA	NA	NA	NA	NA	AG-337-E15_00323	0
CABZFF010000002.1	56324	57007	+	AG-337-E15_00324	AG-337-E15	227	OG0000690	NA	NA	COG0593	DnaA	Chromosomal replication initiation ATPase DnaA	AG-337-E15_00323	1
CABZFF010000002.1	57000	58790	+	AG-337-E15_00325	AG-337-E15	596	OG0000189	K01876	aspartyl-tRNA synthetase [EC:6.1.1.12]	COG0173	AspS	Aspartyl-tRNA synthetase	AG-337-E15_00323	2
CABZFF010000002.1	58787	59599	-	AG-337-E15_00326	AG-337-E15	270	OG0000284	NA	NA	NA	NA	NA	AG-337-E15_00323	3
CABZFF010000002.1	59697	60056	+	AG-337-E15_00327	AG-337-E15	119	OG0000369	NA	NA	COG3761	NDUFA12	NADH:ubiquinone oxidoreductase NDUFA12 subunit (Leigh syndrome)	AG-337-E15_00323	4
CABZFF010000002.1	60034	60540	+	AG-337-E15_00328	AG-337-E15	168	OG0000472	NA	NA	COG4765	NA	Uncharacterized conserved protein, DUF2155 domain	AG-337-E15_00323	5
CABZHI010000002.1	52080	53228	-	AG-337-G04_00240	AG-337-G04	382	OG0000932	NA	NA	COG0795	LptF	Lipopolysaccharide export LptBFGC system, permease protein LptF	AG-337-G04_00245	-5
CABZHI010000002.1	53284	54723	+	AG-337-G04_00241	AG-337-G04	479	OG0000405	K01255	leucyl aminopeptidase [EC:3.4.11.1]	COG0260	PepB	Leucyl aminopeptidase	AG-337-G04_00245	-4
CABZHI010000002.1	54716	55126	+	AG-337-G04_00242	AG-337-G04	136	OG0000480	K00940	nucleoside-diphosphate kinase [EC:2.7.4.6]	COG0105	Ndk	Nucleoside diphosphate kinase	AG-337-G04_00245	-3
CABZHI010000002.1	55116	55694	-	AG-337-G04_00243	AG-337-G04	192	OG0000035	K11175	phosphoribosylglycinamide formyltransferase 1 [EC:2.1.2.2]	COG0299	PurN	Folate-dependent phosphoribosylglycinamide formyltransferase PurN	AG-337-G04_00245	-2
CABZHI010000002.1	55675	56697	-	AG-337-G04_00244	AG-337-G04	340	OG0000574	K01933	phosphoribosylformylglycinamidine cyclo-ligase [EC:6.3.3.1]	COG0150	PurM	Phosphoribosylaminoimidazole (AIR) synthetase	AG-337-G04_00245	-1
CABZHI010000002.1	56919	57785	+	AG-337-G04_00245	AG-337-G04	288	OG0000916	NA	NA	NA	NA	NA	AG-337-G04_00245	0
CABZHI010000002.1	57782	58438	+	AG-337-G04_00246	AG-337-G04	218	OG0000690	NA	NA	COG0593	DnaA	Chromosomal replication initiation ATPase DnaA	AG-337-G04_00245	1
CABZHI010000002.1	58440	60224	+	AG-337-G04_00247	AG-337-G04	594	OG0000189	K01876	aspartyl-tRNA synthetase [EC:6.1.1.12]	COG0173	AspS	Aspartyl-tRNA synthetase	AG-337-G04_00245	2
CABZHI010000002.1	60225	61049	-	AG-337-G04_00248	AG-337-G04	274	OG0000284	NA	NA	NA	NA	NA	AG-337-G04_00245	3
CABZHI010000002.1	61164	61523	+	AG-337-G04_00249	AG-337-G04	119	OG0000369	NA	NA	COG3761	NDUFA12	NADH:ubiquinone oxidoreductase NDUFA12 subunit (Leigh syndrome)	AG-337-G04_00245	4
CABZHI010000002.1	61486	61890	+	AG-337-G04_00250	AG-337-G04	134	OG0000472	NA	NA	COG4765	NA	Uncharacterized conserved protein, DUF2155 domain	AG-337-G04_00245	5
CABZHN010000002.1	109657	110772	-	AG-337-G06_00358	AG-337-G06	371	OG0000932	NA	NA	COG0795	LptF	Lipopolysaccharide export LptBFGC system, permease protein LptF	AG-337-G06_00363	-5
CABZHN010000002.1	110813	112324	+	AG-337-G06_00359	AG-337-G06	503	OG0000405	K01255	leucyl aminopeptidase [EC:3.4.11.1]	COG0260	PepB	Leucyl aminopeptidase	AG-337-G06_00363	-4
CABZHN010000002.1	112324	112746	+	AG-337-G06_00360	AG-337-G06	140	OG0000480	K00940	nucleoside-diphosphate kinase [EC:2.7.4.6]	COG0105	Ndk	Nucleoside diphosphate kinase	AG-337-G06_00363	-3
CABZHN010000002.1	112736	113308	-	AG-337-G06_00361	AG-337-G06	190	OG0000035	K11175	phosphoribosylglycinamide formyltransferase 1 [EC:2.1.2.2]	COG0299	PurN	Folate-dependent phosphoribosylglycinamide formyltransferase PurN	AG-337-G06_00363	-2
CABZHN010000002.1	113301	114347	-	AG-337-G06_00362	AG-337-G06	348	OG0000574	K01933	phosphoribosylformylglycinamidine cyclo-ligase [EC:6.3.3.1]	COG0150	PurM	Phosphoribosylaminoimidazole (AIR) synthetase	AG-337-G06_00363	-1
CABZHN010000002.1	114363	115439	+	AG-337-G06_00363	AG-337-G06	358	OG0000916	NA	NA	NA	NA	NA	AG-337-G06_00363	0
CABZHN010000002.1	115432	115977	+	AG-337-G06_00364	AG-337-G06	181	OG0000149	NA	NA	COG0558	PgsA	Phosphatidylglycerophosphate synthase	AG-337-G06_00363	1
CABZHN010000002.1	115978	116631	+	AG-337-G06_00365	AG-337-G06	217	OG0000690	NA	NA	COG0593	DnaA	Chromosomal replication initiation ATPase DnaA	AG-337-G06_00363	2
CABZHN010000002.1	116600	117442	-	AG-337-G06_00366	AG-337-G06	280	OG0000122	NA	NA	COG0349	Rnd	Ribonuclease D, nanoRNase NrnC or deoxydinuclease (diDNase)	AG-337-G06_00363	3
CABZHN010000002.1	117476	119275	+	AG-337-G06_00367	AG-337-G06	599	OG0000189	K01876	aspartyl-tRNA synthetase [EC:6.1.1.12]	COG0173	AspS	Aspartyl-tRNA synthetase	AG-337-G06_00363	4
CABZHN010000002.1	119272	122865	-	AG-337-G06_00368	AG-337-G06	1197	OG0000284	K00525	ribonucleoside-diphosphate reductase alpha chain [EC:1.17.4.1]	COG0209	NrdA	Ribonucleotide reductase alpha subunit	AG-337-G06_00363	5
CABZHM010000014.1	4367	5509	-	AG-337-G11_00913	AG-337-G11	380	OG0000932	NA	NA	COG0795	LptF	Lipopolysaccharide export LptBFGC system, permease protein LptF	AG-337-G11_00918	-5
CABZHM010000014.1	5593	7050	+	AG-337-G11_00914	AG-337-G11	485	OG0000405	K01255	leucyl aminopeptidase [EC:3.4.11.1]	COG0260	PepB	Leucyl aminopeptidase	AG-337-G11_00918	-4
CABZHM010000014.1	7043	7453	+	AG-337-G11_00915	AG-337-G11	136	OG0000480	K00940	nucleoside-diphosphate kinase [EC:2.7.4.6]	COG0105	Ndk	Nucleoside diphosphate kinase	AG-337-G11_00918	-3
CABZHM010000014.1	7443	8027	-	AG-337-G11_00916	AG-337-G11	194	OG0000035	K11175	phosphoribosylglycinamide formyltransferase 1 [EC:2.1.2.2]	COG0299	PurN	Folate-dependent phosphoribosylglycinamide formyltransferase PurN	AG-337-G11_00918	-2
CABZHM010000014.1	8005	9033	-	AG-337-G11_00917	AG-337-G11	342	OG0000574	K01933	phosphoribosylformylglycinamidine cyclo-ligase [EC:6.3.3.1]	COG0150	PurM	Phosphoribosylaminoimidazole (AIR) synthetase	AG-337-G11_00918	-1
CABZHM010000014.1	9045	10124	+	AG-337-G11_00918	AG-337-G11	359	OG0000916	NA	NA	NA	NA	NA	AG-337-G11_00918	0
CABZHM010000014.1	10126	10788	+	AG-337-G11_00919	AG-337-G11	220	OG0000690	NA	NA	COG0593	DnaA	Chromosomal replication initiation ATPase DnaA	AG-337-G11_00918	1
CABZHM010000014.1	10789	12573	+	AG-337-G11_00920	AG-337-G11	594	OG0000189	K01876	aspartyl-tRNA synthetase [EC:6.1.1.12]	COG0173	AspS	Aspartyl-tRNA synthetase	AG-337-G11_00918	2
CABZHM010000014.1	12574	13398	-	AG-337-G11_00921	AG-337-G11	274	OG0000284	NA	NA	NA	NA	NA	AG-337-G11_00918	3
CABZHM010000014.1	13511	13870	+	AG-337-G11_00922	AG-337-G11	119	OG0000369	NA	NA	COG3761	NDUFA12	NADH:ubiquinone oxidoreductase NDUFA12 subunit (Leigh syndrome)	AG-337-G11_00918	4
CABZHM010000014.1	13833	14240	+	AG-337-G11_00923	AG-337-G11	135	OG0000472	NA	NA	COG4765	NA	Uncharacterized conserved protein, DUF2155 domain	AG-337-G11_00918	5
CACABC010000004.1	48375	49544	-	AG-343-E17_00584	AG-343-E17	389	OG0000932	NA	NA	COG0795	LptF	Lipopolysaccharide export LptBFGC system, permease protein LptF	AG-343-E17_00589	-5
CACABC010000004.1	49606	51051	+	AG-343-E17_00585	AG-343-E17	481	OG0000405	K01255	leucyl aminopeptidase [EC:3.4.11.1]	COG0260	PepB	Leucyl aminopeptidase	AG-343-E17_00589	-4
CACABC010000004.1	51057	51455	+	AG-343-E17_00586	AG-343-E17	132	OG0000480	K00940	nucleoside-diphosphate kinase [EC:2.7.4.6]	COG0105	Ndk	Nucleoside diphosphate kinase	AG-343-E17_00589	-3
CACABC010000004.1	51459	52022	-	AG-343-E17_00587	AG-343-E17	187	OG0000035	K11175	phosphoribosylglycinamide formyltransferase 1 [EC:2.1.2.2]	COG0299	PurN	Folate-dependent phosphoribosylglycinamide formyltransferase PurN	AG-343-E17_00589	-2
CACABC010000004.1	52016	53044	-	AG-343-E17_00588	AG-343-E17	342	OG0000574	K01933	phosphoribosylformylglycinamidine cyclo-ligase [EC:6.3.3.1]	COG0150	PurM	Phosphoribosylaminoimidazole (AIR) synthetase	AG-343-E17_00589	-1
CACABC010000004.1	53070	54119	+	AG-343-E17_00589	AG-343-E17	349	OG0000916	NA	NA	NA	NA	NA	AG-343-E17_00589	0
CACABC010000004.1	54121	54789	+	AG-343-E17_00590	AG-343-E17	222	OG0000690	NA	NA	COG0593	DnaA	Chromosomal replication initiation ATPase DnaA	AG-343-E17_00589	1
CACABC010000004.1	54796	56592	+	AG-343-E17_00591	AG-343-E17	598	OG0000189	K01876	aspartyl-tRNA synthetase [EC:6.1.1.12]	COG0173	AspS	Aspartyl-tRNA synthetase	AG-343-E17_00589	2
CACABC010000004.1	56589	57419	-	AG-343-E17_00592	AG-343-E17	276	OG0000284	NA	NA	NA	NA	NA	AG-343-E17_00589	3
CACABC010000004.1	57538	57894	+	AG-343-E17_00593	AG-343-E17	118	OG0000369	NA	NA	COG3761	NDUFA12	NADH:ubiquinone oxidoreductase NDUFA12 subunit (Leigh syndrome)	AG-343-E17_00589	4
CACABC010000004.1	57875	58375	+	AG-343-E17_00594	AG-343-E17	166	OG0000472	NA	NA	COG4765	NA	Uncharacterized conserved protein, DUF2155 domain	AG-343-E17_00589	5
CACAYM010000010.1	12226	12627	-	AG-349-I05_01157	AG-349-I05	133	OG0000472	NA	NA	COG4765	NA	Uncharacterized conserved protein, DUF2155 domain	AG-349-I05_01162	-5
CACAYM010000010.1	12590	12952	-	AG-349-I05_01158	AG-349-I05	120	OG0000369	NA	NA	COG3761	NDUFA12	NADH:ubiquinone oxidoreductase NDUFA12 subunit (Leigh syndrome)	AG-349-I05_01162	-4
CACAYM010000010.1	13056	13895	+	AG-349-I05_01159	AG-349-I05	279	OG0000284	NA	NA	NA	NA	NA	AG-349-I05_01162	-3
CACAYM010000010.1	13897	15678	-	AG-349-I05_01160	AG-349-I05	593	OG0000189	K01876	aspartyl-tRNA synthetase [EC:6.1.1.12]	COG0173	AspS	Aspartyl-tRNA synthetase	AG-349-I05_01162	-2
CACAYM010000010.1	15680	16342	-	AG-349-I05_01161	AG-349-I05	220	OG0000690	NA	NA	COG0593	DnaA	Chromosomal replication initiation ATPase DnaA	AG-349-I05_01162	-1
CACAYM010000010.1	16349	17425	-	AG-349-I05_01162	AG-349-I05	358	OG0000916	NA	NA	NA	NA	NA	AG-349-I05_01162	0
CACAYM010000010.1	17437	18465	+	AG-349-I05_01163	AG-349-I05	342	OG0000574	K01933	phosphoribosylformylglycinamidine cyclo-ligase [EC:6.3.3.1]	COG0150	PurM	Phosphoribosylaminoimidazole (AIR) synthetase	AG-349-I05_01162	1
CACAYM010000010.1	18437	19012	+	AG-349-I05_01164	AG-349-I05	191	OG0000035	K11175	phosphoribosylglycinamide formyltransferase 1 [EC:2.1.2.2]	COG0299	PurN	Folate-dependent phosphoribosylglycinamide formyltransferase PurN	AG-349-I05_01162	2
CACAYM010000010.1	19005	19418	-	AG-349-I05_01165	AG-349-I05	137	OG0000480	K00940	nucleoside-diphosphate kinase [EC:2.7.4.6]	COG0105	Ndk	Nucleoside diphosphate kinase	AG-349-I05_01162	3
CACAYM010000010.1	19411	19638	-	AG-349-I05_01166	AG-349-I05	75	OG0000405	NA	NA	COG0260	PepB	Leucyl aminopeptidase	AG-349-I05_01162	4
CACBCQ010000006.1	77076	77483	-	AG-349-L17_00682	AG-349-L17	135	OG0000472	NA	NA	COG4765	NA	Uncharacterized conserved protein, DUF2155 domain	AG-349-L17_00687	-5
CACBCQ010000006.1	77446	77805	-	AG-349-L17_00683	AG-349-L17	119	OG0000369	NA	NA	COG3761	NDUFA12	NADH:ubiquinone oxidoreductase NDUFA12 subunit (Leigh syndrome)	AG-349-L17_00687	-4
CACBCQ010000006.1	77919	78743	+	AG-349-L17_00684	AG-349-L17	274	OG0000284	NA	NA	NA	NA	NA	AG-349-L17_00687	-3
CACBCQ010000006.1	78745	80529	-	AG-349-L17_00685	AG-349-L17	594	OG0000189	K01876	aspartyl-tRNA synthetase [EC:6.1.1.12]	COG0173	AspS	Aspartyl-tRNA synthetase	AG-349-L17_00687	-2
CACBCQ010000006.1	80530	81192	-	AG-349-L17_00686	AG-349-L17	220	OG0000690	NA	NA	COG0593	DnaA	Chromosomal replication initiation ATPase DnaA	AG-349-L17_00687	-1
CACBCQ010000006.1	81179	82267	-	AG-349-L17_00687	AG-349-L17	362	OG0000916	NA	NA	NA	NA	NA	AG-349-L17_00687	0
CACBCQ010000006.1	82279	83307	+	AG-349-L17_00688	AG-349-L17	342	OG0000574	K01933	phosphoribosylformylglycinamidine cyclo-ligase [EC:6.3.3.1]	COG0150	PurM	Phosphoribosylaminoimidazole (AIR) synthetase	AG-349-L17_00687	1
CACBCQ010000006.1	83285	83866	+	AG-349-L17_00689	AG-349-L17	193	OG0000035	K11175	phosphoribosylglycinamide formyltransferase 1 [EC:2.1.2.2]	COG0299	PurN	Folate-dependent phosphoribosylglycinamide formyltransferase PurN	AG-349-L17_00687	2
CACBCQ010000006.1	83856	84266	-	AG-349-L17_00690	AG-349-L17	136	OG0000480	K00940	nucleoside-diphosphate kinase [EC:2.7.4.6]	COG0105	Ndk	Nucleoside diphosphate kinase	AG-349-L17_00687	3
CACBCQ010000006.1	84259	85713	-	AG-349-L17_00691	AG-349-L17	484	OG0000405	K01255	leucyl aminopeptidase [EC:3.4.11.1]	COG0260	PepB	Leucyl aminopeptidase	AG-349-L17_00687	4
CACBCQ010000006.1	85771	86877	+	AG-349-L17_00692	AG-349-L17	368	OG0000932	NA	NA	COG0795	LptF	Lipopolysaccharide export LptBFGC system, permease protein LptF	AG-349-L17_00687	5
CACBGQ010000001.1	17734	18867	-	AG-349-O05_00018	AG-349-O05	377	OG0000932	NA	NA	COG0795	LptF	Lipopolysaccharide export LptBFGC system, permease protein LptF	AG-349-O05_00023	-5
CACBGQ010000001.1	18930	20384	+	AG-349-O05_00019	AG-349-O05	484	OG0000405	K01255	leucyl aminopeptidase [EC:3.4.11.1]	COG0260	PepB	Leucyl aminopeptidase	AG-349-O05_00023	-4
CACBGQ010000001.1	20377	20787	+	AG-349-O05_00020	AG-349-O05	136	OG0000480	K00940	nucleoside-diphosphate kinase [EC:2.7.4.6]	COG0105	Ndk	Nucleoside diphosphate kinase	AG-349-O05_00023	-3
CACBGQ010000001.1	20777	21358	-	AG-349-O05_00021	AG-349-O05	193	OG0000035	K11175	phosphoribosylglycinamide formyltransferase 1 [EC:2.1.2.2]	COG0299	PurN	Folate-dependent phosphoribosylglycinamide formyltransferase PurN	AG-349-O05_00023	-2
CACBGQ010000001.1	21333	22364	-	AG-349-O05_00022	AG-349-O05	343	OG0000574	K01933	phosphoribosylformylglycinamidine cyclo-ligase [EC:6.3.3.1]	COG0150	PurM	Phosphoribosylaminoimidazole (AIR) synthetase	AG-349-O05_00023	-1
CACBGQ010000001.1	22376	23464	+	AG-349-O05_00023	AG-349-O05	362	OG0000916	NA	NA	NA	NA	NA	AG-349-O05_00023	0
CACBGQ010000001.1	23451	24113	+	AG-349-O05_00024	AG-349-O05	220	OG0000690	NA	NA	COG0593	DnaA	Chromosomal replication initiation ATPase DnaA	AG-349-O05_00023	1
CACBGQ010000001.1	24114	25898	+	AG-349-O05_00025	AG-349-O05	594	OG0000189	K01876	aspartyl-tRNA synthetase [EC:6.1.1.12]	COG0173	AspS	Aspartyl-tRNA synthetase	AG-349-O05_00023	2
CACBGQ010000001.1	25900	26724	-	AG-349-O05_00026	AG-349-O05	274	OG0000284	NA	NA	NA	NA	NA	AG-349-O05_00023	3
CACBGQ010000001.1	26839	27198	+	AG-349-O05_00027	AG-349-O05	119	OG0000369	NA	NA	COG3761	NDUFA12	NADH:ubiquinone oxidoreductase NDUFA12 subunit (Leigh syndrome)	AG-349-O05_00023	4
CACBGQ010000001.1	27161	27568	+	AG-349-O05_00028	AG-349-O05	135	OG0000472	NA	NA	COG4765	NA	Uncharacterized conserved protein, DUF2155 domain	AG-349-O05_00023	5
CACBMB010000003.1	73256	73666	-	AG-359-D09_00476	AG-359-D09	136	OG0000472	NA	NA	COG4765	NA	Uncharacterized conserved protein, DUF2155 domain	AG-359-D09_00481	-5
CACBMB010000003.1	73626	73985	-	AG-359-D09_00477	AG-359-D09	119	OG0000369	NA	NA	COG3761	NDUFA12	NADH:ubiquinone oxidoreductase NDUFA12 subunit (Leigh syndrome)	AG-359-D09_00481	-4
CACBMB010000003.1	74101	74925	+	AG-359-D09_00478	AG-359-D09	274	OG0000284	NA	NA	NA	NA	NA	AG-359-D09_00481	-3
CACBMB010000003.1	74931	76715	-	AG-359-D09_00479	AG-359-D09	594	OG0000189	K01876	aspartyl-tRNA synthetase [EC:6.1.1.12]	COG0173	AspS	Aspartyl-tRNA synthetase	AG-359-D09_00481	-2
CACBMB010000003.1	76712	77377	-	AG-359-D09_00480	AG-359-D09	221	OG0000690	NA	NA	COG0593	DnaA	Chromosomal replication initiation ATPase DnaA	AG-359-D09_00481	-1
CACBMB010000003.1	77374	78453	-	AG-359-D09_00481	AG-359-D09	359	OG0000916	NA	NA	NA	NA	NA	AG-359-D09_00481	0
CACBMB010000003.1	78465	79496	+	AG-359-D09_00482	AG-359-D09	343	OG0000574	K01933	phosphoribosylformylglycinamidine cyclo-ligase [EC:6.3.3.1]	COG0150	PurM	Phosphoribosylaminoimidazole (AIR) synthetase	AG-359-D09_00481	1
CACBMB010000003.1	79480	80049	+	AG-359-D09_00483	AG-359-D09	189	OG0000035	K11175	phosphoribosylglycinamide formyltransferase 1 [EC:2.1.2.2]	COG0299	PurN	Folate-dependent phosphoribosylglycinamide formyltransferase PurN	AG-359-D09_00481	2
CACBMB010000003.1	80046	80456	-	AG-359-D09_00484	AG-359-D09	136	OG0000480	K00940	nucleoside-diphosphate kinase [EC:2.7.4.6]	COG0105	Ndk	Nucleoside diphosphate kinase	AG-359-D09_00481	3
CACBMB010000003.1	80449	81915	-	AG-359-D09_00485	AG-359-D09	488	OG0000405	K01255	leucyl aminopeptidase [EC:3.4.11.1]	COG0260	PepB	Leucyl aminopeptidase	AG-359-D09_00481	4
CACBMB010000003.1	81927	83141	+	AG-359-D09_00486	AG-359-D09	404	OG0000932	NA	NA	COG0795	LptF	Lipopolysaccharide export LptBFGC system, permease protein LptF	AG-359-D09_00481	5
CACBOG010000006.1	57697	58092	-	AG-359-F04_00787	AG-359-F04	131	OG0000472	NA	NA	COG4765	NA	Uncharacterized conserved protein, DUF2155 domain	AG-359-F04_00792	-5
CACBOG010000006.1	58055	58414	-	AG-359-F04_00788	AG-359-F04	119	OG0000369	NA	NA	COG3761	NDUFA12	NADH:ubiquinone oxidoreductase NDUFA12 subunit (Leigh syndrome)	AG-359-F04_00792	-4
CACBOG010000006.1	58530	59354	+	AG-359-F04_00789	AG-359-F04	274	OG0000284	NA	NA	NA	NA	NA	AG-359-F04_00792	-3
CACBOG010000006.1	59355	61139	-	AG-359-F04_00790	AG-359-F04	594	OG0000189	K01876	aspartyl-tRNA synthetase [EC:6.1.1.12]	COG0173	AspS	Aspartyl-tRNA synthetase	AG-359-F04_00792	-2
CACBOG010000006.1	61140	61814	-	AG-359-F04_00791	AG-359-F04	224	OG0000690	NA	NA	COG0593	DnaA	Chromosomal replication initiation ATPase DnaA	AG-359-F04_00792	-1
CACBOG010000006.1	61799	62875	-	AG-359-F04_00792	AG-359-F04	358	OG0000916	NA	NA	NA	NA	NA	AG-359-F04_00792	0
CACBOG010000006.1	62887	63915	+	AG-359-F04_00793	AG-359-F04	342	OG0000574	K01933	phosphoribosylformylglycinamidine cyclo-ligase [EC:6.3.3.1]	COG0150	PurM	Phosphoribosylaminoimidazole (AIR) synthetase	AG-359-F04_00792	1
CACBOG010000006.1	63893	64477	+	AG-359-F04_00794	AG-359-F04	194	OG0000035	K11175	phosphoribosylglycinamide formyltransferase 1 [EC:2.1.2.2]	COG0299	PurN	Folate-dependent phosphoribosylglycinamide formyltransferase PurN	AG-359-F04_00792	2
CACBOG010000006.1	64467	64877	-	AG-359-F04_00795	AG-359-F04	136	OG0000480	K00940	nucleoside-diphosphate kinase [EC:2.7.4.6]	COG0105	Ndk	Nucleoside diphosphate kinase	AG-359-F04_00792	3
CACBOG010000006.1	64870	65955	-	AG-359-F04_00796	AG-359-F04	361	OG0000405	K01255	leucyl aminopeptidase [EC:3.4.11.1]	COG0260	PepB	Leucyl aminopeptidase	AG-359-F04_00792	4
CACBQD010000016.1	14045	14452	-	AG-359-G17_01083	AG-359-G17	135	OG0000472	NA	NA	COG4765	NA	Uncharacterized conserved protein, DUF2155 domain	AG-359-G17_01088	-5
CACBQD010000016.1	14415	14771	-	AG-359-G17_01084	AG-359-G17	118	OG0000369	NA	NA	COG3761	NDUFA12	NADH:ubiquinone oxidoreductase NDUFA12 subunit (Leigh syndrome)	AG-359-G17_01088	-4
CACBQD010000016.1	14880	15701	+	AG-359-G17_01085	AG-359-G17	273	OG0000284	NA	NA	NA	NA	NA	AG-359-G17_01088	-3
CACBQD010000016.1	15702	17483	-	AG-359-G17_01086	AG-359-G17	593	OG0000189	K01876	aspartyl-tRNA synthetase [EC:6.1.1.12]	COG0173	AspS	Aspartyl-tRNA synthetase	AG-359-G17_01088	-2
CACBQD010000016.1	17480	18139	-	AG-359-G17_01087	AG-359-G17	219	OG0000690	NA	NA	COG0593	DnaA	Chromosomal replication initiation ATPase DnaA	AG-359-G17_01088	-1
CACBQD010000016.1	18136	19212	-	AG-359-G17_01088	AG-359-G17	358	OG0000916	NA	NA	NA	NA	NA	AG-359-G17_01088	0
CACBQD010000016.1	19222	20244	+	AG-359-G17_01089	AG-359-G17	340	OG0000574	K01933	phosphoribosylformylglycinamidine cyclo-ligase [EC:6.3.3.1]	COG0150	PurM	Phosphoribosylaminoimidazole (AIR) synthetase	AG-359-G17_01088	1
CACBQD010000016.1	20225	20803	+	AG-359-G17_01090	AG-359-G17	192	OG0000035	K11175	phosphoribosylglycinamide formyltransferase 1 [EC:2.1.2.2]	COG0299	PurN	Folate-dependent phosphoribosylglycinamide formyltransferase PurN	AG-359-G17_01088	2
CACBQD010000016.1	20793	21203	-	AG-359-G17_01091	AG-359-G17	136	OG0000480	K00940	nucleoside-diphosphate kinase [EC:2.7.4.6]	COG0105	Ndk	Nucleoside diphosphate kinase	AG-359-G17_01088	3
CACBQD010000016.1	21196	22632	-	AG-359-G17_01092	AG-359-G17	478	OG0000405	K01255	leucyl aminopeptidase [EC:3.4.11.1]	COG0260	PepB	Leucyl aminopeptidase	AG-359-G17_01088	4
CACBQD010000016.1	22687	23823	+	AG-359-G17_01093	AG-359-G17	378	OG0000932	NA	NA	COG0795	LptF	Lipopolysaccharide export LptBFGC system, permease protein LptF	AG-359-G17_01088	5
CACBQJ010000008.1	8836	9240	-	AG-359-G22_00668	AG-359-G22	134	OG0000472	NA	NA	COG4765	NA	Uncharacterized conserved protein, DUF2155 domain	AG-359-G22_00673	-5
CACBQJ010000008.1	9206	9565	-	AG-359-G22_00669	AG-359-G22	119	OG0000369	NA	NA	COG3761	NDUFA12	NADH:ubiquinone oxidoreductase NDUFA12 subunit (Leigh syndrome)	AG-359-G22_00673	-4
CACBQJ010000008.1	9678	10502	+	AG-359-G22_00670	AG-359-G22	274	OG0000284	NA	NA	NA	NA	NA	AG-359-G22_00673	-3
CACBQJ010000008.1	10503	12287	-	AG-359-G22_00671	AG-359-G22	594	OG0000189	K01876	aspartyl-tRNA synthetase [EC:6.1.1.12]	COG0173	AspS	Aspartyl-tRNA synthetase	AG-359-G22_00673	-2
CACBQJ010000008.1	12288	12950	-	AG-359-G22_00672	AG-359-G22	220	OG0000690	NA	NA	COG0593	DnaA	Chromosomal replication initiation ATPase DnaA	AG-359-G22_00673	-1
CACBQJ010000008.1	12947	13345	-	AG-359-G22_00673	AG-359-G22	132	OG0000916	NA	NA	NA	NA	NA	AG-359-G22_00673	0
CACBQJ010000008.1	13588	14007	-	AG-359-G22_00674	AG-359-G22	139	OG0000916	NA	NA	NA	NA	NA	AG-359-G22_00673	1
CACBQJ010000008.1	14031	15065	+	AG-359-G22_00675	AG-359-G22	344	OG0000574	K01933	phosphoribosylformylglycinamidine cyclo-ligase [EC:6.3.3.1]	COG0150	PurM	Phosphoribosylaminoimidazole (AIR) synthetase	AG-359-G22_00673	2
CACBQJ010000008.1	15043	15621	+	AG-359-G22_00676	AG-359-G22	192	OG0000035	K11175	phosphoribosylglycinamide formyltransferase 1 [EC:2.1.2.2]	COG0299	PurN	Folate-dependent phosphoribosylglycinamide formyltransferase PurN	AG-359-G22_00673	3
CACBQJ010000008.1	15611	16021	-	AG-359-G22_00677	AG-359-G22	136	OG0000480	K00940	nucleoside-diphosphate kinase [EC:2.7.4.6]	COG0105	Ndk	Nucleoside diphosphate kinase	AG-359-G22_00673	4
CACBQJ010000008.1	16014	17468	-	AG-359-G22_00678	AG-359-G22	484	OG0000405	K01255	leucyl aminopeptidase [EC:3.4.11.1]	COG0260	PepB	Leucyl aminopeptidase	AG-359-G22_00673	5
CACBQJ010000008.1	9206	9565	-	AG-359-G22_00669	AG-359-G22	119	OG0000369	NA	NA	COG3761	NDUFA12	NADH:ubiquinone oxidoreductase NDUFA12 subunit (Leigh syndrome)	AG-359-G22_00674	-5
CACBQJ010000008.1	9678	10502	+	AG-359-G22_00670	AG-359-G22	274	OG0000284	NA	NA	NA	NA	NA	AG-359-G22_00674	-4
CACBQJ010000008.1	10503	12287	-	AG-359-G22_00671	AG-359-G22	594	OG0000189	K01876	aspartyl-tRNA synthetase [EC:6.1.1.12]	COG0173	AspS	Aspartyl-tRNA synthetase	AG-359-G22_00674	-3
CACBQJ010000008.1	12288	12950	-	AG-359-G22_00672	AG-359-G22	220	OG0000690	NA	NA	COG0593	DnaA	Chromosomal replication initiation ATPase DnaA	AG-359-G22_00674	-2
CACBQJ010000008.1	12947	13345	-	AG-359-G22_00673	AG-359-G22	132	OG0000916	NA	NA	NA	NA	NA	AG-359-G22_00674	-1
CACBQJ010000008.1	13588	14007	-	AG-359-G22_00674	AG-359-G22	139	OG0000916	NA	NA	NA	NA	NA	AG-359-G22_00674	0
CACBQJ010000008.1	14031	15065	+	AG-359-G22_00675	AG-359-G22	344	OG0000574	K01933	phosphoribosylformylglycinamidine cyclo-ligase [EC:6.3.3.1]	COG0150	PurM	Phosphoribosylaminoimidazole (AIR) synthetase	AG-359-G22_00674	1
CACBQJ010000008.1	15043	15621	+	AG-359-G22_00676	AG-359-G22	192	OG0000035	K11175	phosphoribosylglycinamide formyltransferase 1 [EC:2.1.2.2]	COG0299	PurN	Folate-dependent phosphoribosylglycinamide formyltransferase PurN	AG-359-G22_00674	2
CACBQJ010000008.1	15611	16021	-	AG-359-G22_00677	AG-359-G22	136	OG0000480	K00940	nucleoside-diphosphate kinase [EC:2.7.4.6]	COG0105	Ndk	Nucleoside diphosphate kinase	AG-359-G22_00674	3
CACBQJ010000008.1	16014	17468	-	AG-359-G22_00678	AG-359-G22	484	OG0000405	K01255	leucyl aminopeptidase [EC:3.4.11.1]	COG0260	PepB	Leucyl aminopeptidase	AG-359-G22_00674	4
CACBQJ010000008.1	17529	18650	+	AG-359-G22_00679	AG-359-G22	373	OG0000932	NA	NA	COG0795	LptF	Lipopolysaccharide export LptBFGC system, permease protein LptF	AG-359-G22_00674	5
CACBWH010000004.1	8959	9363	-	AG-359-M21_00858	AG-359-M21	134	OG0000472	NA	NA	COG4765	NA	Uncharacterized conserved protein, DUF2155 domain	AG-359-M21_00863	-5
CACBWH010000004.1	9326	9685	-	AG-359-M21_00859	AG-359-M21	119	OG0000369	NA	NA	COG3761	NDUFA12	NADH:ubiquinone oxidoreductase NDUFA12 subunit (Leigh syndrome)	AG-359-M21_00863	-4
CACBWH010000004.1	9792	10616	+	AG-359-M21_00860	AG-359-M21	274	OG0000284	NA	NA	NA	NA	NA	AG-359-M21_00863	-3
CACBWH010000004.1	10620	12404	-	AG-359-M21_00861	AG-359-M21	594	OG0000189	K01876	aspartyl-tRNA synthetase [EC:6.1.1.12]	COG0173	AspS	Aspartyl-tRNA synthetase	AG-359-M21_00863	-2
CACBWH010000004.1	12405	13079	-	AG-359-M21_00862	AG-359-M21	224	OG0000690	NA	NA	COG0593	DnaA	Chromosomal replication initiation ATPase DnaA	AG-359-M21_00863	-1
CACBWH010000004.1	13064	14143	-	AG-359-M21_00863	AG-359-M21	359	OG0000916	NA	NA	NA	NA	NA	AG-359-M21_00863	0
CACBWH010000004.1	14155	15183	+	AG-359-M21_00864	AG-359-M21	342	OG0000574	K01933	phosphoribosylformylglycinamidine cyclo-ligase [EC:6.3.3.1]	COG0150	PurM	Phosphoribosylaminoimidazole (AIR) synthetase	AG-359-M21_00863	1
CACBWH010000004.1	15161	15742	+	AG-359-M21_00865	AG-359-M21	193	OG0000035	K11175	phosphoribosylglycinamide formyltransferase 1 [EC:2.1.2.2]	COG0299	PurN	Folate-dependent phosphoribosylglycinamide formyltransferase PurN	AG-359-M21_00863	2
CACBWH010000004.1	15732	16142	-	AG-359-M21_00866	AG-359-M21	136	OG0000480	K00940	nucleoside-diphosphate kinase [EC:2.7.4.6]	COG0105	Ndk	Nucleoside diphosphate kinase	AG-359-M21_00863	3
CACBWH010000004.1	16135	17589	-	AG-359-M21_00867	AG-359-M21	484	OG0000405	K01255	leucyl aminopeptidase [EC:3.4.11.1]	COG0260	PepB	Leucyl aminopeptidase	AG-359-M21_00863	4
CACBWH010000004.1	17649	18788	+	AG-359-M21_00868	AG-359-M21	379	OG0000932	NA	NA	COG0795	LptF	Lipopolysaccharide export LptBFGC system, permease protein LptF	AG-359-M21_00863	5
CACBWZ010000006.1	28797	29204	-	AG-359-O11_00691	AG-359-O11	135	OG0000472	NA	NA	COG4765	NA	Uncharacterized conserved protein, DUF2155 domain	AG-359-O11_00696	-5
CACBWZ010000006.1	29167	29523	-	AG-359-O11_00692	AG-359-O11	118	OG0000369	NA	NA	COG3761	NDUFA12	NADH:ubiquinone oxidoreductase NDUFA12 subunit (Leigh syndrome)	AG-359-O11_00696	-4
CACBWZ010000006.1	29632	30453	+	AG-359-O11_00693	AG-359-O11	273	OG0000284	NA	NA	NA	NA	NA	AG-359-O11_00696	-3
CACBWZ010000006.1	30454	32235	-	AG-359-O11_00694	AG-359-O11	593	OG0000189	K01876	aspartyl-tRNA synthetase [EC:6.1.1.12]	COG0173	AspS	Aspartyl-tRNA synthetase	AG-359-O11_00696	-2
CACBWZ010000006.1	32232	32891	-	AG-359-O11_00695	AG-359-O11	219	OG0000690	NA	NA	COG0593	DnaA	Chromosomal replication initiation ATPase DnaA	AG-359-O11_00696	-1
CACBWZ010000006.1	32888	33964	-	AG-359-O11_00696	AG-359-O11	358	OG0000916	NA	NA	NA	NA	NA	AG-359-O11_00696	0
CACBWZ010000006.1	33974	34996	+	AG-359-O11_00697	AG-359-O11	340	OG0000574	K01933	phosphoribosylformylglycinamidine cyclo-ligase [EC:6.3.3.1]	COG0150	PurM	Phosphoribosylaminoimidazole (AIR) synthetase	AG-359-O11_00696	1
CACBWZ010000006.1	34990	35556	+	AG-359-O11_00698	AG-359-O11	188	OG0000035	K11175	phosphoribosylglycinamide formyltransferase 1 [EC:2.1.2.2]	COG0299	PurN	Folate-dependent phosphoribosylglycinamide formyltransferase PurN	AG-359-O11_00696	2
CACBWZ010000006.1	35546	35956	-	AG-359-O11_00699	AG-359-O11	136	OG0000480	K00940	nucleoside-diphosphate kinase [EC:2.7.4.6]	COG0105	Ndk	Nucleoside diphosphate kinase	AG-359-O11_00696	3
CACBWZ010000006.1	35949	37385	-	AG-359-O11_00700	AG-359-O11	478	OG0000405	K01255	leucyl aminopeptidase [EC:3.4.11.1]	COG0260	PepB	Leucyl aminopeptidase	AG-359-O11_00696	4
CACBWZ010000006.1	37440	38570	+	AG-359-O11_00701	AG-359-O11	376	OG0000932	NA	NA	COG0795	LptF	Lipopolysaccharide export LptBFGC system, permease protein LptF	AG-359-O11_00696	5
CACBYE010000001.1	134348	134755	-	AG-359-P18_00152	AG-359-P18	135	OG0000472	NA	NA	COG4765	NA	Uncharacterized conserved protein, DUF2155 domain	AG-359-P18_00157	-5
CACBYE010000001.1	134721	135080	-	AG-359-P18_00153	AG-359-P18	119	OG0000369	NA	NA	COG3761	NDUFA12	NADH:ubiquinone oxidoreductase NDUFA12 subunit (Leigh syndrome)	AG-359-P18_00157	-4
CACBYE010000001.1	135195	136019	+	AG-359-P18_00154	AG-359-P18	274	OG0000284	NA	NA	NA	NA	NA	AG-359-P18_00157	-3
CACBYE010000001.1	136020	137804	-	AG-359-P18_00155	AG-359-P18	594	OG0000189	K01876	aspartyl-tRNA synthetase [EC:6.1.1.12]	COG0173	AspS	Aspartyl-tRNA synthetase	AG-359-P18_00157	-2
CACBYE010000001.1	137805	138467	-	AG-359-P18_00156	AG-359-P18	220	OG0000690	NA	NA	COG0593	DnaA	Chromosomal replication initiation ATPase DnaA	AG-359-P18_00157	-1
CACBYE010000001.1	138464	139525	-	AG-359-P18_00157	AG-359-P18	353	OG0000916	NA	NA	NA	NA	NA	AG-359-P18_00157	0
CACBYE010000001.1	139549	140580	+	AG-359-P18_00158	AG-359-P18	343	OG0000574	K01933	phosphoribosylformylglycinamidine cyclo-ligase [EC:6.3.3.1]	COG0150	PurM	Phosphoribosylaminoimidazole (AIR) synthetase	AG-359-P18_00157	1
CACBYE010000001.1	140555	141136	+	AG-359-P18_00159	AG-359-P18	193	OG0000035	K11175	phosphoribosylglycinamide formyltransferase 1 [EC:2.1.2.2]	COG0299	PurN	Folate-dependent phosphoribosylglycinamide formyltransferase PurN	AG-359-P18_00157	2
CACBYE010000001.1	141126	141536	-	AG-359-P18_00160	AG-359-P18	136	OG0000480	K00940	nucleoside-diphosphate kinase [EC:2.7.4.6]	COG0105	Ndk	Nucleoside diphosphate kinase	AG-359-P18_00157	3
CACBYE010000001.1	141529	142983	-	AG-359-P18_00161	AG-359-P18	484	OG0000405	K01255	leucyl aminopeptidase [EC:3.4.11.1]	COG0260	PepB	Leucyl aminopeptidase	AG-359-P18_00157	4
CACBYE010000001.1	143044	144168	+	AG-359-P18_00162	AG-359-P18	374	OG0000932	NA	NA	COG0795	LptF	Lipopolysaccharide export LptBFGC system, permease protein LptF	AG-359-P18_00157	5
CACDII010000003.1	75194	76324	-	AG-365-L04_00489	AG-365-L04	376	OG0000932	NA	NA	COG0795	LptF	Lipopolysaccharide export LptBFGC system, permease protein LptF	AG-365-L04_00494	-5
CACDII010000003.1	76386	77849	+	AG-365-L04_00490	AG-365-L04	487	OG0000405	K01255	leucyl aminopeptidase [EC:3.4.11.1]	COG0260	PepB	Leucyl aminopeptidase	AG-365-L04_00494	-4
CACDII010000003.1	77842	78252	+	AG-365-L04_00491	AG-365-L04	136	OG0000480	K00940	nucleoside-diphosphate kinase [EC:2.7.4.6]	COG0105	Ndk	Nucleoside diphosphate kinase	AG-365-L04_00494	-3
CACDII010000003.1	78249	78827	-	AG-365-L04_00492	AG-365-L04	192	OG0000035	K11175	phosphoribosylglycinamide formyltransferase 1 [EC:2.1.2.2]	COG0299	PurN	Folate-dependent phosphoribosylglycinamide formyltransferase PurN	AG-365-L04_00494	-2
CACDII010000003.1	78796	79818	-	AG-365-L04_00493	AG-365-L04	340	OG0000574	K01933	phosphoribosylformylglycinamidine cyclo-ligase [EC:6.3.3.1]	COG0150	PurM	Phosphoribosylaminoimidazole (AIR) synthetase	AG-365-L04_00494	-1
CACDII010000003.1	79830	80909	+	AG-365-L04_00494	AG-365-L04	359	OG0000916	NA	NA	NA	NA	NA	AG-365-L04_00494	0
CACDII010000003.1	80906	81568	+	AG-365-L04_00495	AG-365-L04	220	OG0000690	NA	NA	COG0593	DnaA	Chromosomal replication initiation ATPase DnaA	AG-365-L04_00494	1
CACDII010000003.1	81570	83354	+	AG-365-L04_00496	AG-365-L04	594	OG0000189	K01876	aspartyl-tRNA synthetase [EC:6.1.1.12]	COG0173	AspS	Aspartyl-tRNA synthetase	AG-365-L04_00494	2
CACDII010000003.1	83356	84183	-	AG-365-L04_00497	AG-365-L04	275	OG0000284	NA	NA	NA	NA	NA	AG-365-L04_00494	3
CACDII010000003.1	84297	84656	+	AG-365-L04_00498	AG-365-L04	119	OG0000369	NA	NA	COG3761	NDUFA12	NADH:ubiquinone oxidoreductase NDUFA12 subunit (Leigh syndrome)	AG-365-L04_00494	4
CACDII010000003.1	84619	85026	+	AG-365-L04_00499	AG-365-L04	135	OG0000472	NA	NA	COG4765	NA	Uncharacterized conserved protein, DUF2155 domain	AG-365-L04_00494	5
CACDMX010000003.1	36885	37301	-	AG-365-O14_00418	AG-365-O14	138	OG0000472	NA	NA	COG4765	NA	Uncharacterized conserved protein, DUF2155 domain	AG-365-O14_00423	-5
CACDMX010000003.1	37261	37620	-	AG-365-O14_00419	AG-365-O14	119	OG0000369	NA	NA	COG3761	NDUFA12	NADH:ubiquinone oxidoreductase NDUFA12 subunit (Leigh syndrome)	AG-365-O14_00423	-4
CACDMX010000003.1	37735	38565	+	AG-365-O14_00420	AG-365-O14	276	OG0000284	NA	NA	NA	NA	NA	AG-365-O14_00423	-3
CACDMX010000003.1	38568	40349	-	AG-365-O14_00421	AG-365-O14	593	OG0000189	K01876	aspartyl-tRNA synthetase [EC:6.1.1.12]	COG0173	AspS	Aspartyl-tRNA synthetase	AG-365-O14_00423	-2
CACDMX010000003.1	40351	41013	-	AG-365-O14_00422	AG-365-O14	220	OG0000690	NA	NA	COG0593	DnaA	Chromosomal replication initiation ATPase DnaA	AG-365-O14_00423	-1
CACDMX010000003.1	41010	42086	-	AG-365-O14_00423	AG-365-O14	358	OG0000916	NA	NA	NA	NA	NA	AG-365-O14_00423	0
CACDMX010000003.1	42098	43126	+	AG-365-O14_00424	AG-365-O14	342	OG0000574	K01933	phosphoribosylformylglycinamidine cyclo-ligase [EC:6.3.3.1]	COG0150	PurM	Phosphoribosylaminoimidazole (AIR) synthetase	AG-365-O14_00423	1
CACDMX010000003.1	43104	43682	+	AG-365-O14_00425	AG-365-O14	192	OG0000035	K11175	phosphoribosylglycinamide formyltransferase 1 [EC:2.1.2.2]	COG0299	PurN	Folate-dependent phosphoribosylglycinamide formyltransferase PurN	AG-365-O14_00423	2
CACDMX010000003.1	43679	44089	-	AG-365-O14_00426	AG-365-O14	136	OG0000480	K00940	nucleoside-diphosphate kinase [EC:2.7.4.6]	COG0105	Ndk	Nucleoside diphosphate kinase	AG-365-O14_00423	3
CACDMX010000003.1	44082	45545	-	AG-365-O14_00427	AG-365-O14	487	OG0000405	K01255	leucyl aminopeptidase [EC:3.4.11.1]	COG0260	PepB	Leucyl aminopeptidase	AG-365-O14_00423	4
CACDMX010000003.1	45593	46744	+	AG-365-O14_00428	AG-365-O14	383	OG0000932	NA	NA	COG0795	LptF	Lipopolysaccharide export LptBFGC system, permease protein LptF	AG-365-O14_00423	5
CACDRL010000016.1	1216	2355	-	AG-390-C17_01287	AG-390-C17	379	OG0000932	NA	NA	COG0795	LptF	Lipopolysaccharide export LptBFGC system, permease protein LptF	AG-390-C17_01292	-5
CACDRL010000016.1	2416	3870	+	AG-390-C17_01288	AG-390-C17	484	OG0000405	K01255	leucyl aminopeptidase [EC:3.4.11.1]	COG0260	PepB	Leucyl aminopeptidase	AG-390-C17_01292	-4
CACDRL010000016.1	3863	4273	+	AG-390-C17_01289	AG-390-C17	136	OG0000480	K00940	nucleoside-diphosphate kinase [EC:2.7.4.6]	COG0105	Ndk	Nucleoside diphosphate kinase	AG-390-C17_01292	-3
CACDRL010000016.1	4263	4844	-	AG-390-C17_01290	AG-390-C17	193	OG0000035	K11175	phosphoribosylglycinamide formyltransferase 1 [EC:2.1.2.2]	COG0299	PurN	Folate-dependent phosphoribosylglycinamide formyltransferase PurN	AG-390-C17_01292	-2
CACDRL010000016.1	4819	5850	-	AG-390-C17_01291	AG-390-C17	343	OG0000574	K01933	phosphoribosylformylglycinamidine cyclo-ligase [EC:6.3.3.1]	COG0150	PurM	Phosphoribosylaminoimidazole (AIR) synthetase	AG-390-C17_01292	-1
CACDRL010000016.1	5862	6941	+	AG-390-C17_01292	AG-390-C17	359	OG0000916	NA	NA	NA	NA	NA	AG-390-C17_01292	0
CACDRL010000016.1	6938	7600	+	AG-390-C17_01293	AG-390-C17	220	OG0000690	NA	NA	COG0593	DnaA	Chromosomal replication initiation ATPase DnaA	AG-390-C17_01292	1
CACDRL010000016.1	7601	9385	+	AG-390-C17_01294	AG-390-C17	594	OG0000189	K01876	aspartyl-tRNA synthetase [EC:6.1.1.12]	COG0173	AspS	Aspartyl-tRNA synthetase	AG-390-C17_01292	2
CACDRL010000016.1	9388	10203	-	AG-390-C17_01295	AG-390-C17	271	OG0000284	NA	NA	NA	NA	NA	AG-390-C17_01292	3
CACDRL010000016.1	10318	10677	+	AG-390-C17_01296	AG-390-C17	119	OG0000369	NA	NA	COG3761	NDUFA12	NADH:ubiquinone oxidoreductase NDUFA12 subunit (Leigh syndrome)	AG-390-C17_01292	4
CACDRL010000016.1	10640	11041	+	AG-390-C17_01297	AG-390-C17	133	OG0000472	NA	NA	COG4765	NA	Uncharacterized conserved protein, DUF2155 domain	AG-390-C17_01292	5
CACDSN010000018.1	13867	14274	-	AG-390-C19_01089	AG-390-C19	135	OG0000472	NA	NA	COG4765	NA	Uncharacterized conserved protein, DUF2155 domain	AG-390-C19_01094	-5
CACDSN010000018.1	14237	14599	-	AG-390-C19_01090	AG-390-C19	120	OG0000369	NA	NA	COG3761	NDUFA12	NADH:ubiquinone oxidoreductase NDUFA12 subunit (Leigh syndrome)	AG-390-C19_01094	-4
CACDSN010000018.1	14695	15519	+	AG-390-C19_01091	AG-390-C19	274	OG0000284	NA	NA	NA	NA	NA	AG-390-C19_01094	-3
CACDSN010000018.1	15521	17314	-	AG-390-C19_01092	AG-390-C19	597	OG0000189	K01876	aspartyl-tRNA synthetase [EC:6.1.1.12]	COG0173	AspS	Aspartyl-tRNA synthetase	AG-390-C19_01094	-2
CACDSN010000018.1	17315	17977	-	AG-390-C19_01093	AG-390-C19	220	OG0000690	NA	NA	COG0593	DnaA	Chromosomal replication initiation ATPase DnaA	AG-390-C19_01094	-1
CACDSN010000018.1	17970	19043	-	AG-390-C19_01094	AG-390-C19	357	OG0000916	NA	NA	NA	NA	NA	AG-390-C19_01094	0
CACDTD010000006.1	48265	48774	-	AG-390-C22_00708	AG-390-C22	169	OG0000472	NA	NA	COG4765	NA	Uncharacterized conserved protein, DUF2155 domain	AG-390-C22_00713	-5
CACDTD010000006.1	48758	49108	-	AG-390-C22_00709	AG-390-C22	116	OG0000369	NA	NA	COG3761	NDUFA12	NADH:ubiquinone oxidoreductase NDUFA12 subunit (Leigh syndrome)	AG-390-C22_00713	-4
CACDTD010000006.1	49216	50037	+	AG-390-C22_00710	AG-390-C22	273	OG0000284	NA	NA	NA	NA	NA	AG-390-C22_00713	-3
CACDTD010000006.1	50034	51821	-	AG-390-C22_00711	AG-390-C22	595	OG0000189	K01876	aspartyl-tRNA synthetase [EC:6.1.1.12]	COG0173	AspS	Aspartyl-tRNA synthetase	AG-390-C22_00713	-2
CACDTD010000006.1	51814	52473	-	AG-390-C22_00712	AG-390-C22	219	OG0000690	NA	NA	COG0593	DnaA	Chromosomal replication initiation ATPase DnaA	AG-390-C22_00713	-1
CACDTD010000006.1	52473	53516	-	AG-390-C22_00713	AG-390-C22	347	OG0000916	NA	NA	NA	NA	NA	AG-390-C22_00713	0
CACDTD010000006.1	53542	54570	+	AG-390-C22_00714	AG-390-C22	342	OG0000574	K01933	phosphoribosylformylglycinamidine cyclo-ligase [EC:6.3.3.1]	COG0150	PurM	Phosphoribosylaminoimidazole (AIR) synthetase	AG-390-C22_00713	1
CACDTD010000006.1	54564	55127	+	AG-390-C22_00715	AG-390-C22	187	OG0000035	K11175	phosphoribosylglycinamide formyltransferase 1 [EC:2.1.2.2]	COG0299	PurN	Folate-dependent phosphoribosylglycinamide formyltransferase PurN	AG-390-C22_00713	2
CACDTD010000006.1	55124	55534	-	AG-390-C22_00716	AG-390-C22	136	OG0000480	K00940	nucleoside-diphosphate kinase [EC:2.7.4.6]	COG0105	Ndk	Nucleoside diphosphate kinase	AG-390-C22_00713	3
CACDTD010000006.1	55527	56984	-	AG-390-C22_00717	AG-390-C22	485	OG0000405	K01255	leucyl aminopeptidase [EC:3.4.11.1]	COG0260	PepB	Leucyl aminopeptidase	AG-390-C22_00713	4
CACDTD010000006.1	57117	58256	+	AG-390-C22_00718	AG-390-C22	379	OG0000932	NA	NA	COG0795	LptF	Lipopolysaccharide export LptBFGC system, permease protein LptF	AG-390-C22_00713	5
CACDTA010000006.1	3631	4764	-	AG-390-D02_00769	AG-390-D02	377	OG0000932	NA	NA	COG0795	LptF	Lipopolysaccharide export LptBFGC system, permease protein LptF	AG-390-D02_00774	-5
CACDTA010000006.1	4826	6283	+	AG-390-D02_00770	AG-390-D02	485	OG0000405	K01255	leucyl aminopeptidase [EC:3.4.11.1]	COG0260	PepB	Leucyl aminopeptidase	AG-390-D02_00774	-4
CACDTA010000006.1	6276	6686	+	AG-390-D02_00771	AG-390-D02	136	OG0000480	K00940	nucleoside-diphosphate kinase [EC:2.7.4.6]	COG0105	Ndk	Nucleoside diphosphate kinase	AG-390-D02_00774	-3
CACDTA010000006.1	6676	7260	-	AG-390-D02_00772	AG-390-D02	194	OG0000035	K11175	phosphoribosylglycinamide formyltransferase 1 [EC:2.1.2.2]	COG0299	PurN	Folate-dependent phosphoribosylglycinamide formyltransferase PurN	AG-390-D02_00774	-2
CACDTA010000006.1	7235	8266	-	AG-390-D02_00773	AG-390-D02	343	OG0000574	K01933	phosphoribosylformylglycinamidine cyclo-ligase [EC:6.3.3.1]	COG0150	PurM	Phosphoribosylaminoimidazole (AIR) synthetase	AG-390-D02_00774	-1
CACDTA010000006.1	8278	9357	+	AG-390-D02_00774	AG-390-D02	359	OG0000916	NA	NA	NA	NA	NA	AG-390-D02_00774	0
CACDTA010000006.1	9342	10016	+	AG-390-D02_00775	AG-390-D02	224	OG0000690	NA	NA	COG0593	DnaA	Chromosomal replication initiation ATPase DnaA	AG-390-D02_00774	1
CACDTA010000006.1	10017	11801	+	AG-390-D02_00776	AG-390-D02	594	OG0000189	K01876	aspartyl-tRNA synthetase [EC:6.1.1.12]	COG0173	AspS	Aspartyl-tRNA synthetase	AG-390-D02_00774	2
CACDTA010000006.1	11803	12627	-	AG-390-D02_00777	AG-390-D02	274	OG0000284	NA	NA	NA	NA	NA	AG-390-D02_00774	3
CACDTA010000006.1	12743	13102	+	AG-390-D02_00778	AG-390-D02	119	OG0000369	NA	NA	COG3761	NDUFA12	NADH:ubiquinone oxidoreductase NDUFA12 subunit (Leigh syndrome)	AG-390-D02_00774	4
CACDTA010000006.1	13065	13466	+	AG-390-D02_00779	AG-390-D02	133	OG0000472	NA	NA	COG4765	NA	Uncharacterized conserved protein, DUF2155 domain	AG-390-D02_00774	5
CACDTN010000004.1	105472	105873	-	AG-390-D15_00537	AG-390-D15	133	OG0000472	NA	NA	COG4765	NA	Uncharacterized conserved protein, DUF2155 domain	AG-390-D15_00542	-5
CACDTN010000004.1	105836	106195	-	AG-390-D15_00538	AG-390-D15	119	OG0000369	NA	NA	COG3761	NDUFA12	NADH:ubiquinone oxidoreductase NDUFA12 subunit (Leigh syndrome)	AG-390-D15_00542	-4
CACDTN010000004.1	106310	107134	+	AG-390-D15_00539	AG-390-D15	274	OG0000284	NA	NA	NA	NA	NA	AG-390-D15_00542	-3
CACDTN010000004.1	107136	108920	-	AG-390-D15_00540	AG-390-D15	594	OG0000189	K01876	aspartyl-tRNA synthetase [EC:6.1.1.12]	COG0173	AspS	Aspartyl-tRNA synthetase	AG-390-D15_00542	-2
CACDTN010000004.1	108921	109595	-	AG-390-D15_00541	AG-390-D15	224	OG0000690	NA	NA	COG0593	DnaA	Chromosomal replication initiation ATPase DnaA	AG-390-D15_00542	-1
CACDTN010000004.1	109580	110659	-	AG-390-D15_00542	AG-390-D15	359	OG0000916	NA	NA	NA	NA	NA	AG-390-D15_00542	0
CACDTN010000004.1	110671	111699	+	AG-390-D15_00543	AG-390-D15	342	OG0000574	K01933	phosphoribosylformylglycinamidine cyclo-ligase [EC:6.3.3.1]	COG0150	PurM	Phosphoribosylaminoimidazole (AIR) synthetase	AG-390-D15_00542	1
CACDTN010000004.1	111677	112261	+	AG-390-D15_00544	AG-390-D15	194	OG0000035	K11175	phosphoribosylglycinamide formyltransferase 1 [EC:2.1.2.2]	COG0299	PurN	Folate-dependent phosphoribosylglycinamide formyltransferase PurN	AG-390-D15_00542	2
CACDTN010000004.1	112251	112661	-	AG-390-D15_00545	AG-390-D15	136	OG0000480	K00940	nucleoside-diphosphate kinase [EC:2.7.4.6]	COG0105	Ndk	Nucleoside diphosphate kinase	AG-390-D15_00542	3
CACDTN010000004.1	112654	114213	-	AG-390-D15_00546	AG-390-D15	519	OG0000405	K01255	leucyl aminopeptidase [EC:3.4.11.1]	COG0260	PepB	Leucyl aminopeptidase	AG-390-D15_00542	4
CACDYL010000027.1	174	356	+	AG-390-G13_01110	AG-390-G13	60	OG0000916	NA	NA	NA	NA	NA	AG-390-G13_01110	0
CACDYL010000027.1	359	1021	+	AG-390-G13_01111	AG-390-G13	220	OG0000690	NA	NA	COG0593	DnaA	Chromosomal replication initiation ATPase DnaA	AG-390-G13_01110	1
CACDYL010000027.1	1023	2804	+	AG-390-G13_01112	AG-390-G13	593	OG0000189	K01876	aspartyl-tRNA synthetase [EC:6.1.1.12]	COG0173	AspS	Aspartyl-tRNA synthetase	AG-390-G13_01110	2
CACDYL010000027.1	2805	3647	-	AG-390-G13_01113	AG-390-G13	280	OG0000284	NA	NA	NA	NA	NA	AG-390-G13_01110	3
CACDYL010000027.1	3752	4114	+	AG-390-G13_01114	AG-390-G13	120	OG0000369	NA	NA	COG3761	NDUFA12	NADH:ubiquinone oxidoreductase NDUFA12 subunit (Leigh syndrome)	AG-390-G13_01110	4
CACDYL010000027.1	4074	4478	+	AG-390-G13_01115	AG-390-G13	134	OG0000472	NA	NA	COG4765	NA	Uncharacterized conserved protein, DUF2155 domain	AG-390-G13_01110	5
CACDYR010000001.1	46631	47038	-	AG-390-G23_00054	AG-390-G23	135	OG0000472	NA	NA	COG4765	NA	Uncharacterized conserved protein, DUF2155 domain	AG-390-G23_00059	-5
CACDYR010000001.1	47001	47360	-	AG-390-G23_00055	AG-390-G23	119	OG0000369	NA	NA	COG3761	NDUFA12	NADH:ubiquinone oxidoreductase NDUFA12 subunit (Leigh syndrome)	AG-390-G23_00059	-4
CACDYR010000001.1	47475	48299	+	AG-390-G23_00056	AG-390-G23	274	OG0000284	NA	NA	NA	NA	NA	AG-390-G23_00059	-3
CACDYR010000001.1	48301	50085	-	AG-390-G23_00057	AG-390-G23	594	OG0000189	K01876	aspartyl-tRNA synthetase [EC:6.1.1.12]	COG0173	AspS	Aspartyl-tRNA synthetase	AG-390-G23_00059	-2
CACDYR010000001.1	50086	50748	-	AG-390-G23_00058	AG-390-G23	220	OG0000690	NA	NA	COG0593	DnaA	Chromosomal replication initiation ATPase DnaA	AG-390-G23_00059	-1
CACDYR010000001.1	50735	51823	-	AG-390-G23_00059	AG-390-G23	362	OG0000916	NA	NA	NA	NA	NA	AG-390-G23_00059	0
CACDYR010000001.1	51835	52872	+	AG-390-G23_00060	AG-390-G23	345	OG0000574	K01933	phosphoribosylformylglycinamidine cyclo-ligase [EC:6.3.3.1]	COG0150	PurM	Phosphoribosylaminoimidazole (AIR) synthetase	AG-390-G23_00059	1
CACDYR010000001.1	52841	53422	+	AG-390-G23_00061	AG-390-G23	193	OG0000035	K11175	phosphoribosylglycinamide formyltransferase 1 [EC:2.1.2.2]	COG0299	PurN	Folate-dependent phosphoribosylglycinamide formyltransferase PurN	AG-390-G23_00059	2
CACDYR010000001.1	53412	53822	-	AG-390-G23_00062	AG-390-G23	136	OG0000480	K00940	nucleoside-diphosphate kinase [EC:2.7.4.6]	COG0105	Ndk	Nucleoside diphosphate kinase	AG-390-G23_00059	3
CACDYR010000001.1	53815	55269	-	AG-390-G23_00063	AG-390-G23	484	OG0000405	K01255	leucyl aminopeptidase [EC:3.4.11.1]	COG0260	PepB	Leucyl aminopeptidase	AG-390-G23_00059	4
CACDYR010000001.1	55331	56470	+	AG-390-G23_00064	AG-390-G23	379	OG0000932	NA	NA	COG0795	LptF	Lipopolysaccharide export LptBFGC system, permease protein LptF	AG-390-G23_00059	5
CACDZS010000010.1	25278	25682	-	AG-390-I15_00963	AG-390-I15	134	OG0000472	NA	NA	COG4765	NA	Uncharacterized conserved protein, DUF2155 domain	AG-390-I15_00968	-5
CACDZS010000010.1	25645	26004	-	AG-390-I15_00964	AG-390-I15	119	OG0000369	NA	NA	COG3761	NDUFA12	NADH:ubiquinone oxidoreductase NDUFA12 subunit (Leigh syndrome)	AG-390-I15_00968	-4
CACDZS010000010.1	26119	26943	+	AG-390-I15_00965	AG-390-I15	274	OG0000284	NA	NA	NA	NA	NA	AG-390-I15_00968	-3
CACDZS010000010.1	26947	28731	-	AG-390-I15_00966	AG-390-I15	594	OG0000189	K01876	aspartyl-tRNA synthetase [EC:6.1.1.12]	COG0173	AspS	Aspartyl-tRNA synthetase	AG-390-I15_00968	-2
CACDZS010000010.1	28732	29406	-	AG-390-I15_00967	AG-390-I15	224	OG0000690	NA	NA	COG0593	DnaA	Chromosomal replication initiation ATPase DnaA	AG-390-I15_00968	-1
CACDZS010000010.1	29391	30470	-	AG-390-I15_00968	AG-390-I15	359	OG0000916	NA	NA	NA	NA	NA	AG-390-I15_00968	0
CACDZS010000010.1	30482	31507	+	AG-390-I15_00969	AG-390-I15	341	OG0000574	K01933	phosphoribosylformylglycinamidine cyclo-ligase [EC:6.3.3.1]	COG0150	PurM	Phosphoribosylaminoimidazole (AIR) synthetase	AG-390-I15_00968	1
CACDZS010000010.1	31488	32069	+	AG-390-I15_00970	AG-390-I15	193	OG0000035	K11175	phosphoribosylglycinamide formyltransferase 1 [EC:2.1.2.2]	COG0299	PurN	Folate-dependent phosphoribosylglycinamide formyltransferase PurN	AG-390-I15_00968	2
CACDZS010000010.1	32059	32469	-	AG-390-I15_00971	AG-390-I15	136	OG0000480	K00940	nucleoside-diphosphate kinase [EC:2.7.4.6]	COG0105	Ndk	Nucleoside diphosphate kinase	AG-390-I15_00968	3
CACDZS010000010.1	32462	33916	-	AG-390-I15_00972	AG-390-I15	484	OG0000405	K01255	leucyl aminopeptidase [EC:3.4.11.1]	COG0260	PepB	Leucyl aminopeptidase	AG-390-I15_00968	4
CACDZS010000010.1	33978	35111	+	AG-390-I15_00973	AG-390-I15	377	OG0000932	NA	NA	COG0795	LptF	Lipopolysaccharide export LptBFGC system, permease protein LptF	AG-390-I15_00968	5
CACEAT010000005.1	56552	56953	-	AG-390-J13_00915	AG-390-J13	133	OG0000472	NA	NA	COG4765	NA	Uncharacterized conserved protein, DUF2155 domain	AG-390-J13_00920	-5
CACEAT010000005.1	56916	57275	-	AG-390-J13_00916	AG-390-J13	119	OG0000369	NA	NA	COG3761	NDUFA12	NADH:ubiquinone oxidoreductase NDUFA12 subunit (Leigh syndrome)	AG-390-J13_00920	-4
CACEAT010000005.1	57390	58214	+	AG-390-J13_00917	AG-390-J13	274	OG0000284	NA	NA	NA	NA	NA	AG-390-J13_00920	-3
CACEAT010000005.1	58216	60000	-	AG-390-J13_00918	AG-390-J13	594	OG0000189	K01876	aspartyl-tRNA synthetase [EC:6.1.1.12]	COG0173	AspS	Aspartyl-tRNA synthetase	AG-390-J13_00920	-2
CACEAT010000005.1	60001	60675	-	AG-390-J13_00919	AG-390-J13	224	OG0000690	NA	NA	COG0593	DnaA	Chromosomal replication initiation ATPase DnaA	AG-390-J13_00920	-1
CACEAT010000005.1	60660	61739	-	AG-390-J13_00920	AG-390-J13	359	OG0000916	NA	NA	NA	NA	NA	AG-390-J13_00920	0
CACEAT010000005.1	61751	62779	+	AG-390-J13_00921	AG-390-J13	342	OG0000574	K01933	phosphoribosylformylglycinamidine cyclo-ligase [EC:6.3.3.1]	COG0150	PurM	Phosphoribosylaminoimidazole (AIR) synthetase	AG-390-J13_00920	1
CACEAT010000005.1	62757	63335	+	AG-390-J13_00922	AG-390-J13	192	OG0000035	K11175	phosphoribosylglycinamide formyltransferase 1 [EC:2.1.2.2]	COG0299	PurN	Folate-dependent phosphoribosylglycinamide formyltransferase PurN	AG-390-J13_00920	2
CACEAT010000005.1	63332	63742	-	AG-390-J13_00923	AG-390-J13	136	OG0000480	K00940	nucleoside-diphosphate kinase [EC:2.7.4.6]	COG0105	Ndk	Nucleoside diphosphate kinase	AG-390-J13_00920	3
CACEAT010000005.1	63735	65192	-	AG-390-J13_00924	AG-390-J13	485	OG0000405	K01255	leucyl aminopeptidase [EC:3.4.11.1]	COG0260	PepB	Leucyl aminopeptidase	AG-390-J13_00920	4
CACEAT010000005.1	65253	66389	+	AG-390-J13_00925	AG-390-J13	378	OG0000932	NA	NA	COG0795	LptF	Lipopolysaccharide export LptBFGC system, permease protein LptF	AG-390-J13_00920	5
CACEBH010000005.1	51058	51456	-	AG-390-J21_00918	AG-390-J21	132	OG0000472	NA	NA	COG4765	NA	Uncharacterized conserved protein, DUF2155 domain	AG-390-J21_00923	-5
CACEBH010000005.1	51419	51778	-	AG-390-J21_00919	AG-390-J21	119	OG0000369	NA	NA	COG3761	NDUFA12	NADH:ubiquinone oxidoreductase NDUFA12 subunit (Leigh syndrome)	AG-390-J21_00923	-4
CACEBH010000005.1	51897	52721	+	AG-390-J21_00920	AG-390-J21	274	OG0000284	NA	NA	NA	NA	NA	AG-390-J21_00923	-3
CACEBH010000005.1	52723	54501	-	AG-390-J21_00921	AG-390-J21	592	OG0000189	K01876	aspartyl-tRNA synthetase [EC:6.1.1.12]	COG0173	AspS	Aspartyl-tRNA synthetase	AG-390-J21_00923	-2
CACEBH010000005.1	54502	55176	-	AG-390-J21_00922	AG-390-J21	224	OG0000690	NA	NA	COG0593	DnaA	Chromosomal replication initiation ATPase DnaA	AG-390-J21_00923	-1
CACEBH010000005.1	55161	56237	-	AG-390-J21_00923	AG-390-J21	358	OG0000916	NA	NA	NA	NA	NA	AG-390-J21_00923	0
CACEBH010000005.1	56249	57277	+	AG-390-J21_00924	AG-390-J21	342	OG0000574	K01933	phosphoribosylformylglycinamidine cyclo-ligase [EC:6.3.3.1]	COG0150	PurM	Phosphoribosylaminoimidazole (AIR) synthetase	AG-390-J21_00923	1
CACEBH010000005.1	57255	57839	+	AG-390-J21_00925	AG-390-J21	194	OG0000035	K11175	phosphoribosylglycinamide formyltransferase 1 [EC:2.1.2.2]	COG0299	PurN	Folate-dependent phosphoribosylglycinamide formyltransferase PurN	AG-390-J21_00923	2
CACEBH010000005.1	57829	58239	-	AG-390-J21_00926	AG-390-J21	136	OG0000480	K00940	nucleoside-diphosphate kinase [EC:2.7.4.6]	COG0105	Ndk	Nucleoside diphosphate kinase	AG-390-J21_00923	3
CACEBH010000005.1	58232	59560	-	AG-390-J21_00927	AG-390-J21	442	OG0000405	K01255	leucyl aminopeptidase [EC:3.4.11.1]	COG0260	PepB	Leucyl aminopeptidase	AG-390-J21_00923	4
CACEEW010000003.1	32074	32475	-	AG-390-M02_00362	AG-390-M02	133	OG0000472	NA	NA	COG4765	NA	Uncharacterized conserved protein, DUF2155 domain	AG-390-M02_00367	-5
CACEEW010000003.1	32438	32797	-	AG-390-M02_00363	AG-390-M02	119	OG0000369	NA	NA	COG3761	NDUFA12	NADH:ubiquinone oxidoreductase NDUFA12 subunit (Leigh syndrome)	AG-390-M02_00367	-4
CACEEW010000003.1	32913	33737	+	AG-390-M02_00364	AG-390-M02	274	OG0000284	NA	NA	NA	NA	NA	AG-390-M02_00367	-3
CACEEW010000003.1	33739	35523	-	AG-390-M02_00365	AG-390-M02	594	OG0000189	K01876	aspartyl-tRNA synthetase [EC:6.1.1.12]	COG0173	AspS	Aspartyl-tRNA synthetase	AG-390-M02_00367	-2
CACEEW010000003.1	35524	36198	-	AG-390-M02_00366	AG-390-M02	224	OG0000690	NA	NA	COG0593	DnaA	Chromosomal replication initiation ATPase DnaA	AG-390-M02_00367	-1
CACEEW010000003.1	36183	37262	-	AG-390-M02_00367	AG-390-M02	359	OG0000916	NA	NA	NA	NA	NA	AG-390-M02_00367	0
CACEEW010000003.1	37274	38302	+	AG-390-M02_00368	AG-390-M02	342	OG0000574	K01933	phosphoribosylformylglycinamidine cyclo-ligase [EC:6.3.3.1]	COG0150	PurM	Phosphoribosylaminoimidazole (AIR) synthetase	AG-390-M02_00367	1
CACEEW010000003.1	38280	38864	+	AG-390-M02_00369	AG-390-M02	194	OG0000035	K11175	phosphoribosylglycinamide formyltransferase 1 [EC:2.1.2.2]	COG0299	PurN	Folate-dependent phosphoribosylglycinamide formyltransferase PurN	AG-390-M02_00367	2
CACEEW010000003.1	38854	39264	-	AG-390-M02_00370	AG-390-M02	136	OG0000480	K00940	nucleoside-diphosphate kinase [EC:2.7.4.6]	COG0105	Ndk	Nucleoside diphosphate kinase	AG-390-M02_00367	3
CACEEW010000003.1	39257	40714	-	AG-390-M02_00371	AG-390-M02	485	OG0000405	K01255	leucyl aminopeptidase [EC:3.4.11.1]	COG0260	PepB	Leucyl aminopeptidase	AG-390-M02_00367	4
CACEEW010000003.1	40776	41909	+	AG-390-M02_00372	AG-390-M02	377	OG0000932	NA	NA	COG0795	LptF	Lipopolysaccharide export LptBFGC system, permease protein LptF	AG-390-M02_00367	5
CACEFF010000002.1	38522	38935	-	AG-390-M07_00413	AG-390-M07	137	OG0000472	NA	NA	COG4765	NA	Uncharacterized conserved protein, DUF2155 domain	AG-390-M07_00418	-5
CACEFF010000002.1	38898	39257	-	AG-390-M07_00414	AG-390-M07	119	OG0000369	NA	NA	COG3761	NDUFA12	NADH:ubiquinone oxidoreductase NDUFA12 subunit (Leigh syndrome)	AG-390-M07_00418	-4
CACEFF010000002.1	39373	40197	+	AG-390-M07_00415	AG-390-M07	274	OG0000284	NA	NA	NA	NA	NA	AG-390-M07_00418	-3
CACEFF010000002.1	40199	41935	-	AG-390-M07_00416	AG-390-M07	578	OG0000189	K01876	aspartyl-tRNA synthetase [EC:6.1.1.12]	COG0173	AspS	Aspartyl-tRNA synthetase	AG-390-M07_00418	-2
CACEFF010000002.1	41984	42658	-	AG-390-M07_00417	AG-390-M07	224	OG0000690	NA	NA	COG0593	DnaA	Chromosomal replication initiation ATPase DnaA	AG-390-M07_00418	-1
CACEFF010000002.1	42643	43722	-	AG-390-M07_00418	AG-390-M07	359	OG0000916	NA	NA	NA	NA	NA	AG-390-M07_00418	0
CACEFF010000002.1	43734	44765	+	AG-390-M07_00419	AG-390-M07	343	OG0000574	K01933	phosphoribosylformylglycinamidine cyclo-ligase [EC:6.3.3.1]	COG0150	PurM	Phosphoribosylaminoimidazole (AIR) synthetase	AG-390-M07_00418	1
CACEFF010000002.1	44740	45324	+	AG-390-M07_00420	AG-390-M07	194	OG0000035	K11175	phosphoribosylglycinamide formyltransferase 1 [EC:2.1.2.2]	COG0299	PurN	Folate-dependent phosphoribosylglycinamide formyltransferase PurN	AG-390-M07_00418	2
CACEFF010000002.1	45314	45724	-	AG-390-M07_00421	AG-390-M07	136	OG0000480	K00940	nucleoside-diphosphate kinase [EC:2.7.4.6]	COG0105	Ndk	Nucleoside diphosphate kinase	AG-390-M07_00418	3
CACEFF010000002.1	45717	47174	-	AG-390-M07_00422	AG-390-M07	485	OG0000405	K01255	leucyl aminopeptidase [EC:3.4.11.1]	COG0260	PepB	Leucyl aminopeptidase	AG-390-M07_00418	4
CACEFF010000002.1	47236	48351	+	AG-390-M07_00423	AG-390-M07	371	OG0000932	NA	NA	COG0795	LptF	Lipopolysaccharide export LptBFGC system, permease protein LptF	AG-390-M07_00418	5
CACEFK010000003.1	21279	22424	-	AG-390-M14_00370	AG-390-M14	381	OG0000932	NA	NA	COG0795	LptF	Lipopolysaccharide export LptBFGC system, permease protein LptF	AG-390-M14_00375	-5
CACEFK010000003.1	22486	23940	+	AG-390-M14_00371	AG-390-M14	484	OG0000405	K01255	leucyl aminopeptidase [EC:3.4.11.1]	COG0260	PepB	Leucyl aminopeptidase	AG-390-M14_00375	-4
CACEFK010000003.1	23933	24343	+	AG-390-M14_00372	AG-390-M14	136	OG0000480	K00940	nucleoside-diphosphate kinase [EC:2.7.4.6]	COG0105	Ndk	Nucleoside diphosphate kinase	AG-390-M14_00375	-3
CACEFK010000003.1	24333	24914	-	AG-390-M14_00373	AG-390-M14	193	OG0000035	K11175	phosphoribosylglycinamide formyltransferase 1 [EC:2.1.2.2]	COG0299	PurN	Folate-dependent phosphoribosylglycinamide formyltransferase PurN	AG-390-M14_00375	-2
CACEFK010000003.1	24889	25920	-	AG-390-M14_00374	AG-390-M14	343	OG0000574	K01933	phosphoribosylformylglycinamidine cyclo-ligase [EC:6.3.3.1]	COG0150	PurM	Phosphoribosylaminoimidazole (AIR) synthetase	AG-390-M14_00375	-1
CACEFK010000003.1	25932	27020	+	AG-390-M14_00375	AG-390-M14	362	OG0000916	NA	NA	NA	NA	NA	AG-390-M14_00375	0
CACEFK010000003.1	27007	27669	+	AG-390-M14_00376	AG-390-M14	220	OG0000690	NA	NA	COG0593	DnaA	Chromosomal replication initiation ATPase DnaA	AG-390-M14_00375	1
CACEFK010000003.1	27670	29454	+	AG-390-M14_00377	AG-390-M14	594	OG0000189	K01876	aspartyl-tRNA synthetase [EC:6.1.1.12]	COG0173	AspS	Aspartyl-tRNA synthetase	AG-390-M14_00375	2
CACEFK010000003.1	29456	30280	-	AG-390-M14_00378	AG-390-M14	274	OG0000284	NA	NA	NA	NA	NA	AG-390-M14_00375	3
CACEFK010000003.1	30395	30754	+	AG-390-M14_00379	AG-390-M14	119	OG0000369	NA	NA	COG3761	NDUFA12	NADH:ubiquinone oxidoreductase NDUFA12 subunit (Leigh syndrome)	AG-390-M14_00375	4
CACEFK010000003.1	30717	31124	+	AG-390-M14_00380	AG-390-M14	135	OG0000472	NA	NA	COG4765	NA	Uncharacterized conserved protein, DUF2155 domain	AG-390-M14_00375	5
CACEFJ010000008.1	15692	16219	-	AG-390-M15_00892	AG-390-M15	175	OG0000472	NA	NA	COG4765	NA	Uncharacterized conserved protein, DUF2155 domain	AG-390-M15_00897	-5
CACEFJ010000008.1	16182	16535	-	AG-390-M15_00893	AG-390-M15	117	OG0000369	NA	NA	COG3761	NDUFA12	NADH:ubiquinone oxidoreductase NDUFA12 subunit (Leigh syndrome)	AG-390-M15_00897	-4
CACEFJ010000008.1	16638	17465	+	AG-390-M15_00894	AG-390-M15	275	OG0000284	NA	NA	NA	NA	NA	AG-390-M15_00897	-3
CACEFJ010000008.1	17462	19249	-	AG-390-M15_00895	AG-390-M15	595	OG0000189	K01876	aspartyl-tRNA synthetase [EC:6.1.1.12]	COG0173	AspS	Aspartyl-tRNA synthetase	AG-390-M15_00897	-2
CACEFJ010000008.1	19242	19904	-	AG-390-M15_00896	AG-390-M15	220	OG0000690	NA	NA	COG0593	DnaA	Chromosomal replication initiation ATPase DnaA	AG-390-M15_00897	-1
CACEFJ010000008.1	19904	20560	-	AG-390-M15_00897	AG-390-M15	218	OG0000916	NA	NA	NA	NA	NA	AG-390-M15_00897	0
CACEIL010000001.1	48286	48693	-	AG-390-O04_00057	AG-390-O04	135	OG0000472	NA	NA	COG4765	NA	Uncharacterized conserved protein, DUF2155 domain	AG-390-O04_00062	-5
CACEIL010000001.1	48656	49018	-	AG-390-O04_00058	AG-390-O04	120	OG0000369	NA	NA	COG3761	NDUFA12	NADH:ubiquinone oxidoreductase NDUFA12 subunit (Leigh syndrome)	AG-390-O04_00062	-4
CACEIL010000001.1	49133	49957	+	AG-390-O04_00059	AG-390-O04	274	OG0000284	NA	NA	NA	NA	NA	AG-390-O04_00062	-3
CACEIL010000001.1	49958	51694	-	AG-390-O04_00060	AG-390-O04	578	OG0000189	K01876	aspartyl-tRNA synthetase [EC:6.1.1.12]	COG0173	AspS	Aspartyl-tRNA synthetase	AG-390-O04_00062	-2
CACEIL010000001.1	51743	52405	-	AG-390-O04_00061	AG-390-O04	220	OG0000690	NA	NA	COG0593	DnaA	Chromosomal replication initiation ATPase DnaA	AG-390-O04_00062	-1
CACEIL010000001.1	52398	53462	-	AG-390-O04_00062	AG-390-O04	354	OG0000916	NA	NA	NA	NA	NA	AG-390-O04_00062	0
CACEIL010000001.1	53485	54513	+	AG-390-O04_00063	AG-390-O04	342	OG0000574	K01933	phosphoribosylformylglycinamidine cyclo-ligase [EC:6.3.3.1]	COG0150	PurM	Phosphoribosylaminoimidazole (AIR) synthetase	AG-390-O04_00062	1
CACEIL010000001.1	54504	55076	+	AG-390-O04_00064	AG-390-O04	190	OG0000035	K11175	phosphoribosylglycinamide formyltransferase 1 [EC:2.1.2.2]	COG0299	PurN	Folate-dependent phosphoribosylglycinamide formyltransferase PurN	AG-390-O04_00062	2
CACEIL010000001.1	55066	55482	-	AG-390-O04_00065	AG-390-O04	138	OG0000480	K00940	nucleoside-diphosphate kinase [EC:2.7.4.6]	COG0105	Ndk	Nucleoside diphosphate kinase	AG-390-O04_00062	3
CACEIL010000001.1	55469	56926	-	AG-390-O04_00066	AG-390-O04	485	OG0000405	K01255	leucyl aminopeptidase [EC:3.4.11.1]	COG0260	PepB	Leucyl aminopeptidase	AG-390-O04_00062	4
CACEIL010000001.1	56988	58127	+	AG-390-O04_00067	AG-390-O04	379	OG0000932	NA	NA	COG0795	LptF	Lipopolysaccharide export LptBFGC system, permease protein LptF	AG-390-O04_00062	5
CACEMD010000006.1	29301	30428	-	AG-404-B04_00759	AG-404-B04	375	OG0000932	NA	NA	COG0795	LptF	Lipopolysaccharide export LptBFGC system, permease protein LptF	AG-404-B04_00764	-5
CACEMD010000006.1	30486	31949	+	AG-404-B04_00760	AG-404-B04	487	OG0000405	K01255	leucyl aminopeptidase [EC:3.4.11.1]	COG0260	PepB	Leucyl aminopeptidase	AG-404-B04_00764	-4
CACEMD010000006.1	31942	32352	+	AG-404-B04_00761	AG-404-B04	136	OG0000480	K00940	nucleoside-diphosphate kinase [EC:2.7.4.6]	COG0105	Ndk	Nucleoside diphosphate kinase	AG-404-B04_00764	-3
CACEMD010000006.1	32342	32923	-	AG-404-B04_00762	AG-404-B04	193	OG0000035	K11175	phosphoribosylglycinamide formyltransferase 1 [EC:2.1.2.2]	COG0299	PurN	Folate-dependent phosphoribosylglycinamide formyltransferase PurN	AG-404-B04_00764	-2
CACEMD010000006.1	32904	33929	-	AG-404-B04_00763	AG-404-B04	341	OG0000574	K01933	phosphoribosylformylglycinamidine cyclo-ligase [EC:6.3.3.1]	COG0150	PurM	Phosphoribosylaminoimidazole (AIR) synthetase	AG-404-B04_00764	-1
CACEMD010000006.1	33941	35014	+	AG-404-B04_00764	AG-404-B04	357	OG0000916	NA	NA	NA	NA	NA	AG-404-B04_00764	0
CACEMD010000006.1	35011	35679	+	AG-404-B04_00765	AG-404-B04	222	OG0000690	NA	NA	COG0593	DnaA	Chromosomal replication initiation ATPase DnaA	AG-404-B04_00764	1
CACEMD010000006.1	35676	37454	+	AG-404-B04_00766	AG-404-B04	592	OG0000189	K01876	aspartyl-tRNA synthetase [EC:6.1.1.12]	COG0173	AspS	Aspartyl-tRNA synthetase	AG-404-B04_00764	2
CACEMD010000006.1	37456	38271	-	AG-404-B04_00767	AG-404-B04	271	OG0000284	NA	NA	NA	NA	NA	AG-404-B04_00764	3
CACEMD010000006.1	38380	38742	+	AG-404-B04_00768	AG-404-B04	120	OG0000369	NA	NA	COG3761	NDUFA12	NADH:ubiquinone oxidoreductase NDUFA12 subunit (Leigh syndrome)	AG-404-B04_00764	4
CACEMD010000006.1	38702	39112	+	AG-404-B04_00769	AG-404-B04	136	OG0000472	NA	NA	COG4765	NA	Uncharacterized conserved protein, DUF2155 domain	AG-404-B04_00764	5
CACEVB010000003.1	3777	4892	-	AG-404-J20_00391	AG-404-J20	371	OG0000932	NA	NA	COG0795	LptF	Lipopolysaccharide export LptBFGC system, permease protein LptF	AG-404-J20_00396	-5
CACEVB010000003.1	4951	6411	+	AG-404-J20_00392	AG-404-J20	486	OG0000405	K01255	leucyl aminopeptidase [EC:3.4.11.1]	COG0260	PepB	Leucyl aminopeptidase	AG-404-J20_00396	-4
CACEVB010000003.1	6398	6808	+	AG-404-J20_00393	AG-404-J20	136	OG0000480	K00940	nucleoside-diphosphate kinase [EC:2.7.4.6]	COG0105	Ndk	Nucleoside diphosphate kinase	AG-404-J20_00396	-3
CACEVB010000003.1	6805	7380	-	AG-404-J20_00394	AG-404-J20	191	OG0000035	K11175	phosphoribosylglycinamide formyltransferase 1 [EC:2.1.2.2]	COG0299	PurN	Folate-dependent phosphoribosylglycinamide formyltransferase PurN	AG-404-J20_00396	-2
CACEVB010000003.1	7371	8396	-	AG-404-J20_00395	AG-404-J20	341	OG0000574	K01933	phosphoribosylformylglycinamidine cyclo-ligase [EC:6.3.3.1]	COG0150	PurM	Phosphoribosylaminoimidazole (AIR) synthetase	AG-404-J20_00396	-1
CACEVB010000003.1	8458	9477	+	AG-404-J20_00396	AG-404-J20	339	OG0000916	NA	NA	NA	NA	NA	AG-404-J20_00396	0
CACEVB010000003.1	9474	10145	+	AG-404-J20_00397	AG-404-J20	223	OG0000690	NA	NA	COG0593	DnaA	Chromosomal replication initiation ATPase DnaA	AG-404-J20_00396	1
CACEVB010000003.1	10138	11925	+	AG-404-J20_00398	AG-404-J20	595	OG0000189	K01876	aspartyl-tRNA synthetase [EC:6.1.1.12]	COG0173	AspS	Aspartyl-tRNA synthetase	AG-404-J20_00396	2
CACEVB010000003.1	11926	12774	-	AG-404-J20_00399	AG-404-J20	282	OG0000284	NA	NA	NA	NA	NA	AG-404-J20_00396	3
CACEVB010000003.1	12889	13248	+	AG-404-J20_00400	AG-404-J20	119	OG0000369	NA	NA	COG3761	NDUFA12	NADH:ubiquinone oxidoreductase NDUFA12 subunit (Leigh syndrome)	AG-404-J20_00396	4
CACEVB010000003.1	13211	13618	+	AG-404-J20_00401	AG-404-J20	135	OG0000472	NA	NA	COG4765	NA	Uncharacterized conserved protein, DUF2155 domain	AG-404-J20_00396	5
CACEZQ010000001.1	143686	144102	-	AG-404-O05_00149	AG-404-O05	138	OG0000472	NA	NA	COG4765	NA	Uncharacterized conserved protein, DUF2155 domain	AG-404-O05_00154	-5
CACEZQ010000001.1	144062	144421	-	AG-404-O05_00150	AG-404-O05	119	OG0000369	NA	NA	COG3761	NDUFA12	NADH:ubiquinone oxidoreductase NDUFA12 subunit (Leigh syndrome)	AG-404-O05_00154	-4
CACEZQ010000001.1	144535	145365	+	AG-404-O05_00151	AG-404-O05	276	OG0000284	NA	NA	NA	NA	NA	AG-404-O05_00154	-3
CACEZQ010000001.1	145368	147149	-	AG-404-O05_00152	AG-404-O05	593	OG0000189	K01876	aspartyl-tRNA synthetase [EC:6.1.1.12]	COG0173	AspS	Aspartyl-tRNA synthetase	AG-404-O05_00154	-2
CACEZQ010000001.1	147151	147813	-	AG-404-O05_00153	AG-404-O05	220	OG0000690	NA	NA	COG0593	DnaA	Chromosomal replication initiation ATPase DnaA	AG-404-O05_00154	-1
CACEZQ010000001.1	147810	148889	-	AG-404-O05_00154	AG-404-O05	359	OG0000916	NA	NA	NA	NA	NA	AG-404-O05_00154	0
CACEZQ010000001.1	148901	149929	+	AG-404-O05_00155	AG-404-O05	342	OG0000574	K01933	phosphoribosylformylglycinamidine cyclo-ligase [EC:6.3.3.1]	COG0150	PurM	Phosphoribosylaminoimidazole (AIR) synthetase	AG-404-O05_00154	1
CACEZQ010000001.1	149868	150485	+	AG-404-O05_00156	AG-404-O05	205	OG0000035	K11175	phosphoribosylglycinamide formyltransferase 1 [EC:2.1.2.2]	COG0299	PurN	Folate-dependent phosphoribosylglycinamide formyltransferase PurN	AG-404-O05_00154	2
CACEZQ010000001.1	150482	150892	-	AG-404-O05_00157	AG-404-O05	136	OG0000480	K00940	nucleoside-diphosphate kinase [EC:2.7.4.6]	COG0105	Ndk	Nucleoside diphosphate kinase	AG-404-O05_00154	3
CACEZQ010000001.1	150885	152348	-	AG-404-O05_00158	AG-404-O05	487	OG0000405	K01255	leucyl aminopeptidase [EC:3.4.11.1]	COG0260	PepB	Leucyl aminopeptidase	AG-404-O05_00154	4
CACEZQ010000001.1	152396	153547	+	AG-404-O05_00159	AG-404-O05	383	OG0000932	NA	NA	COG0795	LptF	Lipopolysaccharide export LptBFGC system, permease protein LptF	AG-404-O05_00154	5
CACFAF010000003.1	40608	41765	-	AG-404-O18_00327	AG-404-O18	385	OG0000932	NA	NA	COG0795	LptF	Lipopolysaccharide export LptBFGC system, permease protein LptF	AG-404-O18_00332	-5
CACFAF010000003.1	41789	43252	+	AG-404-O18_00328	AG-404-O18	487	OG0000405	K01255	leucyl aminopeptidase [EC:3.4.11.1]	COG0260	PepB	Leucyl aminopeptidase	AG-404-O18_00332	-4
CACFAF010000003.1	43245	43655	+	AG-404-O18_00329	AG-404-O18	136	OG0000480	K00940	nucleoside-diphosphate kinase [EC:2.7.4.6]	COG0105	Ndk	Nucleoside diphosphate kinase	AG-404-O18_00332	-3
CACFAF010000003.1	43652	44227	-	AG-404-O18_00330	AG-404-O18	191	OG0000035	K11175	phosphoribosylglycinamide formyltransferase 1 [EC:2.1.2.2]	COG0299	PurN	Folate-dependent phosphoribosylglycinamide formyltransferase PurN	AG-404-O18_00332	-2
CACFAF010000003.1	44205	45233	-	AG-404-O18_00331	AG-404-O18	342	OG0000574	K01933	phosphoribosylformylglycinamidine cyclo-ligase [EC:6.3.3.1]	COG0150	PurM	Phosphoribosylaminoimidazole (AIR) synthetase	AG-404-O18_00332	-1
CACFAF010000003.1	45245	46321	+	AG-404-O18_00332	AG-404-O18	358	OG0000916	NA	NA	NA	NA	NA	AG-404-O18_00332	0
CACFAF010000003.1	46318	46986	+	AG-404-O18_00333	AG-404-O18	222	OG0000690	NA	NA	COG0593	DnaA	Chromosomal replication initiation ATPase DnaA	AG-404-O18_00332	1
CACFAF010000003.1	46983	48767	+	AG-404-O18_00334	AG-404-O18	594	OG0000189	K01876	aspartyl-tRNA synthetase [EC:6.1.1.12]	COG0173	AspS	Aspartyl-tRNA synthetase	AG-404-O18_00332	2
CACFAF010000003.1	48770	49594	-	AG-404-O18_00335	AG-404-O18	274	OG0000284	NA	NA	NA	NA	NA	AG-404-O18_00332	3
CACFAF010000003.1	49710	50069	+	AG-404-O18_00336	AG-404-O18	119	OG0000369	NA	NA	COG3761	NDUFA12	NADH:ubiquinone oxidoreductase NDUFA12 subunit (Leigh syndrome)	AG-404-O18_00332	4
CACFAF010000003.1	50032	50433	+	AG-404-O18_00337	AG-404-O18	133	OG0000472	NA	NA	COG4765	NA	Uncharacterized conserved protein, DUF2155 domain	AG-404-O18_00332	5
CACFBK010000005.1	40	339	+	AG-404-P13_00594	AG-404-P13	99	OG0000916	NA	NA	NA	NA	NA	AG-404-P13_00594	0
CACFBK010000005.1	336	992	+	AG-404-P13_00595	AG-404-P13	218	OG0000690	NA	NA	COG0593	DnaA	Chromosomal replication initiation ATPase DnaA	AG-404-P13_00594	1
CACFBK010000005.1	994	2778	+	AG-404-P13_00596	AG-404-P13	594	OG0000189	K01876	aspartyl-tRNA synthetase [EC:6.1.1.12]	COG0173	AspS	Aspartyl-tRNA synthetase	AG-404-P13_00594	2
CACFBK010000005.1	2779	3603	-	AG-404-P13_00597	AG-404-P13	274	OG0000284	NA	NA	NA	NA	NA	AG-404-P13_00594	3
CACFBK010000005.1	3720	4079	+	AG-404-P13_00598	AG-404-P13	119	OG0000369	NA	NA	COG3761	NDUFA12	NADH:ubiquinone oxidoreductase NDUFA12 subunit (Leigh syndrome)	AG-404-P13_00594	4
CACFBK010000005.1	4042	4446	+	AG-404-P13_00599	AG-404-P13	134	OG0000472	NA	NA	COG4765	NA	Uncharacterized conserved protein, DUF2155 domain	AG-404-P13_00594	5
CACFGT010000008.1	39878	41017	-	AG-410-K05_00631	AG-410-K05	379	OG0000932	NA	NA	COG0795	LptF	Lipopolysaccharide export LptBFGC system, permease protein LptF	AG-410-K05_00636	-5
CACFGT010000008.1	41071	42540	+	AG-410-K05_00632	AG-410-K05	489	OG0000405	K01255	leucyl aminopeptidase [EC:3.4.11.1]	COG0260	PepB	Leucyl aminopeptidase	AG-410-K05_00636	-4
CACFGT010000008.1	42533	42943	+	AG-410-K05_00633	AG-410-K05	136	OG0000480	K00940	nucleoside-diphosphate kinase [EC:2.7.4.6]	COG0105	Ndk	Nucleoside diphosphate kinase	AG-410-K05_00636	-3
CACFGT010000008.1	42933	43517	-	AG-410-K05_00634	AG-410-K05	194	OG0000035	K11175	phosphoribosylglycinamide formyltransferase 1 [EC:2.1.2.2]	COG0299	PurN	Folate-dependent phosphoribosylglycinamide formyltransferase PurN	AG-410-K05_00636	-2
CACFGT010000008.1	43492	44523	-	AG-410-K05_00635	AG-410-K05	343	OG0000574	K01933	phosphoribosylformylglycinamidine cyclo-ligase [EC:6.3.3.1]	COG0150	PurM	Phosphoribosylaminoimidazole (AIR) synthetase	AG-410-K05_00636	-1
CACFGT010000008.1	44535	45614	+	AG-410-K05_00636	AG-410-K05	359	OG0000916	NA	NA	NA	NA	NA	AG-410-K05_00636	0
CACFGT010000008.1	45611	46273	+	AG-410-K05_00637	AG-410-K05	220	OG0000690	NA	NA	COG0593	DnaA	Chromosomal replication initiation ATPase DnaA	AG-410-K05_00636	1
CACFGT010000008.1	46307	48058	+	AG-410-K05_00638	AG-410-K05	583	OG0000189	K01876	aspartyl-tRNA synthetase [EC:6.1.1.12]	COG0173	AspS	Aspartyl-tRNA synthetase	AG-410-K05_00636	2
CACFGT010000008.1	48059	48883	-	AG-410-K05_00639	AG-410-K05	274	OG0000284	NA	NA	NA	NA	NA	AG-410-K05_00636	3
CACFGT010000008.1	48999	49358	+	AG-410-K05_00640	AG-410-K05	119	OG0000369	NA	NA	COG3761	NDUFA12	NADH:ubiquinone oxidoreductase NDUFA12 subunit (Leigh syndrome)	AG-410-K05_00636	4
CACFGT010000008.1	49321	49728	+	AG-410-K05_00641	AG-410-K05	135	OG0000472	NA	NA	COG4765	NA	Uncharacterized conserved protein, DUF2155 domain	AG-410-K05_00636	5
CACFIH010000010.1	28973	29374	-	AG-410-L19_01033	AG-410-L19	133	OG0000472	NA	NA	COG4765	NA	Uncharacterized conserved protein, DUF2155 domain	AG-410-L19_01038	-5
CACFIH010000010.1	29343	29702	-	AG-410-L19_01034	AG-410-L19	119	OG0000369	NA	NA	COG3761	NDUFA12	NADH:ubiquinone oxidoreductase NDUFA12 subunit (Leigh syndrome)	AG-410-L19_01038	-4
CACFIH010000010.1	29817	30638	+	AG-410-L19_01035	AG-410-L19	273	OG0000284	NA	NA	NA	NA	NA	AG-410-L19_01038	-3
CACFIH010000010.1	30639	32423	-	AG-410-L19_01036	AG-410-L19	594	OG0000189	K01876	aspartyl-tRNA synthetase [EC:6.1.1.12]	COG0173	AspS	Aspartyl-tRNA synthetase	AG-410-L19_01038	-2
CACFIH010000010.1	32424	33098	-	AG-410-L19_01037	AG-410-L19	224	OG0000690	NA	NA	COG0593	DnaA	Chromosomal replication initiation ATPase DnaA	AG-410-L19_01038	-1
CACFIH010000010.1	33083	34162	-	AG-410-L19_01038	AG-410-L19	359	OG0000916	NA	NA	NA	NA	NA	AG-410-L19_01038	0
CACFIH010000010.1	34174	35211	+	AG-410-L19_01039	AG-410-L19	345	OG0000574	K01933	phosphoribosylformylglycinamidine cyclo-ligase [EC:6.3.3.1]	COG0150	PurM	Phosphoribosylaminoimidazole (AIR) synthetase	AG-410-L19_01038	1
CACFIH010000010.1	35180	35758	+	AG-410-L19_01040	AG-410-L19	192	OG0000035	K11175	phosphoribosylglycinamide formyltransferase 1 [EC:2.1.2.2]	COG0299	PurN	Folate-dependent phosphoribosylglycinamide formyltransferase PurN	AG-410-L19_01038	2
CACFIH010000010.1	35768	36178	-	AG-410-L19_01041	AG-410-L19	136	OG0000480	K00940	nucleoside-diphosphate kinase [EC:2.7.4.6]	COG0105	Ndk	Nucleoside diphosphate kinase	AG-410-L19_01038	3
CACFIH010000010.1	36171	36830	-	AG-410-L19_01042	AG-410-L19	219	OG0000405	NA	NA	COG0260	PepB	Leucyl aminopeptidase	AG-410-L19_01038	4
CACFJT010000010.1	17249	17656	-	AG-410-O02_00905	AG-410-O02	135	OG0000472	NA	NA	COG4765	NA	Uncharacterized conserved protein, DUF2155 domain	AG-410-O02_00910	-5
CACFJT010000010.1	17619	17978	-	AG-410-O02_00906	AG-410-O02	119	OG0000369	NA	NA	COG3761	NDUFA12	NADH:ubiquinone oxidoreductase NDUFA12 subunit (Leigh syndrome)	AG-410-O02_00910	-4
CACFJT010000010.1	18093	18917	+	AG-410-O02_00907	AG-410-O02	274	OG0000284	NA	NA	NA	NA	NA	AG-410-O02_00910	-3
CACFJT010000010.1	18919	20703	-	AG-410-O02_00908	AG-410-O02	594	OG0000189	K01876	aspartyl-tRNA synthetase [EC:6.1.1.12]	COG0173	AspS	Aspartyl-tRNA synthetase	AG-410-O02_00910	-2
CACFJT010000010.1	20704	21366	-	AG-410-O02_00909	AG-410-O02	220	OG0000690	NA	NA	COG0593	DnaA	Chromosomal replication initiation ATPase DnaA	AG-410-O02_00910	-1
CACFJT010000010.1	21353	22441	-	AG-410-O02_00910	AG-410-O02	362	OG0000916	NA	NA	NA	NA	NA	AG-410-O02_00910	0
CACFJT010000010.1	22453	23484	+	AG-410-O02_00911	AG-410-O02	343	OG0000574	K01933	phosphoribosylformylglycinamidine cyclo-ligase [EC:6.3.3.1]	COG0150	PurM	Phosphoribosylaminoimidazole (AIR) synthetase	AG-410-O02_00910	1
CACFJT010000010.1	23459	24040	+	AG-410-O02_00912	AG-410-O02	193	OG0000035	K11175	phosphoribosylglycinamide formyltransferase 1 [EC:2.1.2.2]	COG0299	PurN	Folate-dependent phosphoribosylglycinamide formyltransferase PurN	AG-410-O02_00910	2
CACFJT010000010.1	24030	24440	-	AG-410-O02_00913	AG-410-O02	136	OG0000480	K00940	nucleoside-diphosphate kinase [EC:2.7.4.6]	COG0105	Ndk	Nucleoside diphosphate kinase	AG-410-O02_00910	3
CACFJT010000010.1	24433	25887	-	AG-410-O02_00914	AG-410-O02	484	OG0000405	K01255	leucyl aminopeptidase [EC:3.4.11.1]	COG0260	PepB	Leucyl aminopeptidase	AG-410-O02_00910	4
CACFJT010000010.1	25949	27079	+	AG-410-O02_00915	AG-410-O02	376	OG0000932	NA	NA	COG0795	LptF	Lipopolysaccharide export LptBFGC system, permease protein LptF	AG-410-O02_00910	5
CACFLX010000005.1	161	1237	-	AG-414-B08_00560	AG-414-B08	358	OG0000916	NA	NA	NA	NA	NA	AG-414-B08_00560	0
CACFLX010000005.1	1240	2265	+	AG-414-B08_00561	AG-414-B08	341	OG0000574	K01933	phosphoribosylformylglycinamidine cyclo-ligase [EC:6.3.3.1]	COG0150	PurM	Phosphoribosylaminoimidazole (AIR) synthetase	AG-414-B08_00560	1
CACFLX010000005.1	2246	2833	+	AG-414-B08_00562	AG-414-B08	195	OG0000035	K11175	phosphoribosylglycinamide formyltransferase 1 [EC:2.1.2.2]	COG0299	PurN	Folate-dependent phosphoribosylglycinamide formyltransferase PurN	AG-414-B08_00560	2
CACFLX010000005.1	2823	3233	-	AG-414-B08_00563	AG-414-B08	136	OG0000480	K00940	nucleoside-diphosphate kinase [EC:2.7.4.6]	COG0105	Ndk	Nucleoside diphosphate kinase	AG-414-B08_00560	3
CACFLX010000005.1	3226	4689	-	AG-414-B08_00564	AG-414-B08	487	OG0000405	K01255	leucyl aminopeptidase [EC:3.4.11.1]	COG0260	PepB	Leucyl aminopeptidase	AG-414-B08_00560	4
CACFLX010000005.1	4747	5868	+	AG-414-B08_00565	AG-414-B08	373	OG0000932	NA	NA	COG0795	LptF	Lipopolysaccharide export LptBFGC system, permease protein LptF	AG-414-B08_00560	5
CACFMO010000010.1	291	2081	-	AG-414-B15_00909	AG-414-B15	596	OG0000189	K01876	aspartyl-tRNA synthetase [EC:6.1.1.12]	COG0173	AspS	Aspartyl-tRNA synthetase	AG-414-B15_00911	-2
CACFMO010000010.1	2088	2756	-	AG-414-B15_00910	AG-414-B15	222	OG0000690	NA	NA	COG0593	DnaA	Chromosomal replication initiation ATPase DnaA	AG-414-B15_00911	-1
CACFMO010000010.1	2760	3812	-	AG-414-B15_00911	AG-414-B15	350	OG0000916	NA	NA	NA	NA	NA	AG-414-B15_00911	0
CACFMO010000010.1	3837	4865	+	AG-414-B15_00912	AG-414-B15	342	OG0000574	K01933	phosphoribosylformylglycinamidine cyclo-ligase [EC:6.3.3.1]	COG0150	PurM	Phosphoribosylaminoimidazole (AIR) synthetase	AG-414-B15_00911	1
CACFMO010000010.1	4859	5422	+	AG-414-B15_00913	AG-414-B15	187	OG0000035	K11175	phosphoribosylglycinamide formyltransferase 1 [EC:2.1.2.2]	COG0299	PurN	Folate-dependent phosphoribosylglycinamide formyltransferase PurN	AG-414-B15_00911	2
CACFMO010000010.1	5419	5829	-	AG-414-B15_00914	AG-414-B15	136	OG0000480	K00940	nucleoside-diphosphate kinase [EC:2.7.4.6]	COG0105	Ndk	Nucleoside diphosphate kinase	AG-414-B15_00911	3
CACFMO010000010.1	5822	7279	-	AG-414-B15_00915	AG-414-B15	485	OG0000405	K01255	leucyl aminopeptidase [EC:3.4.11.1]	COG0260	PepB	Leucyl aminopeptidase	AG-414-B15_00911	4
CACFMO010000010.1	7433	8581	+	AG-414-B15_00916	AG-414-B15	382	OG0000932	NA	NA	COG0795	LptF	Lipopolysaccharide export LptBFGC system, permease protein LptF	AG-414-B15_00911	5
CACFOP010000001.1	17488	18018	-	AG-414-E02_00017	AG-414-E02	176	OG0000472	NA	NA	COG4765	NA	Uncharacterized conserved protein, DUF2155 domain	AG-414-E02_00022	-5
CACFOP010000001.1	17999	18367	-	AG-414-E02_00018	AG-414-E02	122	OG0000369	NA	NA	COG3761	NDUFA12	NADH:ubiquinone oxidoreductase NDUFA12 subunit (Leigh syndrome)	AG-414-E02_00022	-4
CACFOP010000001.1	18531	19385	+	AG-414-E02_00019	AG-414-E02	284	OG0000284	NA	NA	NA	NA	NA	AG-414-E02_00022	-3
CACFOP010000001.1	19389	21182	-	AG-414-E02_00020	AG-414-E02	597	OG0000189	K01876	aspartyl-tRNA synthetase [EC:6.1.1.12]	COG0173	AspS	Aspartyl-tRNA synthetase	AG-414-E02_00022	-2
CACFOP010000001.1	21203	21862	-	AG-414-E02_00021	AG-414-E02	219	OG0000690	NA	NA	COG0593	DnaA	Chromosomal replication initiation ATPase DnaA	AG-414-E02_00022	-1
CACFOP010000001.1	21855	22937	-	AG-414-E02_00022	AG-414-E02	360	OG0000916	NA	NA	COG1221	PspF	Transcriptional regulators containing sigma54-interacting ATPase domain	AG-414-E02_00022	0
CACFOP010000001.1	22953	23987	+	AG-414-E02_00023	AG-414-E02	344	OG0000574	K01933	phosphoribosylformylglycinamidine cyclo-ligase [EC:6.3.3.1]	COG0150	PurM	Phosphoribosylaminoimidazole (AIR) synthetase	AG-414-E02_00022	1
CACFOP010000001.1	23981	24544	+	AG-414-E02_00024	AG-414-E02	187	OG0000035	K11175	phosphoribosylglycinamide formyltransferase 1 [EC:2.1.2.2]	COG0299	PurN	Folate-dependent phosphoribosylglycinamide formyltransferase PurN	AG-414-E02_00022	2
CACFOP010000001.1	24549	24950	-	AG-414-E02_00025	AG-414-E02	133	OG0000480	K00940	nucleoside-diphosphate kinase [EC:2.7.4.6]	COG0105	Ndk	Nucleoside diphosphate kinase	AG-414-E02_00022	3
CACFOP010000001.1	24955	26433	-	AG-414-E02_00026	AG-414-E02	492	OG0000405	K01255	leucyl aminopeptidase [EC:3.4.11.1]	COG0260	PepB	Leucyl aminopeptidase	AG-414-E02_00022	4
CACFOP010000001.1	26508	27638	+	AG-414-E02_00027	AG-414-E02	376	OG0000932	NA	NA	COG0795	LptF	Lipopolysaccharide export LptBFGC system, permease protein LptF	AG-414-E02_00022	5
CACFVS010000010.1	35765	36898	-	AG-414-M23_00808	AG-414-M23	377	OG0000932	NA	NA	COG0795	LptF	Lipopolysaccharide export LptBFGC system, permease protein LptF	AG-414-M23_00813	-5
CACFVS010000010.1	36954	38414	+	AG-414-M23_00809	AG-414-M23	486	OG0000405	K01255	leucyl aminopeptidase [EC:3.4.11.1]	COG0260	PepB	Leucyl aminopeptidase	AG-414-M23_00813	-4
CACFVS010000010.1	38407	38817	+	AG-414-M23_00810	AG-414-M23	136	OG0000480	K00940	nucleoside-diphosphate kinase [EC:2.7.4.6]	COG0105	Ndk	Nucleoside diphosphate kinase	AG-414-M23_00813	-3
CACFVS010000010.1	38807	39391	-	AG-414-M23_00811	AG-414-M23	194	OG0000035	K11175	phosphoribosylglycinamide formyltransferase 1 [EC:2.1.2.2]	COG0299	PurN	Folate-dependent phosphoribosylglycinamide formyltransferase PurN	AG-414-M23_00813	-2
CACFVS010000010.1	39372	40394	-	AG-414-M23_00812	AG-414-M23	340	OG0000574	K01933	phosphoribosylformylglycinamidine cyclo-ligase [EC:6.3.3.1]	COG0150	PurM	Phosphoribosylaminoimidazole (AIR) synthetase	AG-414-M23_00813	-1
CACFVS010000010.1	40404	41477	+	AG-414-M23_00813	AG-414-M23	357	OG0000916	NA	NA	NA	NA	NA	AG-414-M23_00813	0
CACFVS010000010.1	41470	42132	+	AG-414-M23_00814	AG-414-M23	220	OG0000690	NA	NA	COG0593	DnaA	Chromosomal replication initiation ATPase DnaA	AG-414-M23_00813	1
CACFVS010000010.1	42133	43926	+	AG-414-M23_00815	AG-414-M23	597	OG0000189	K01876	aspartyl-tRNA synthetase [EC:6.1.1.12]	COG0173	AspS	Aspartyl-tRNA synthetase	AG-414-M23_00813	2
CACFXK010000002.1	7991	9133	-	AG-414-O09_00209	AG-414-O09	380	OG0000932	NA	NA	COG0795	LptF	Lipopolysaccharide export LptBFGC system, permease protein LptF	AG-414-O09_00214	-5
CACFXK010000002.1	9188	10624	+	AG-414-O09_00210	AG-414-O09	478	OG0000405	K01255	leucyl aminopeptidase [EC:3.4.11.1]	COG0260	PepB	Leucyl aminopeptidase	AG-414-O09_00214	-4
CACFXK010000002.1	10617	11027	+	AG-414-O09_00211	AG-414-O09	136	OG0000480	K00940	nucleoside-diphosphate kinase [EC:2.7.4.6]	COG0105	Ndk	Nucleoside diphosphate kinase	AG-414-O09_00214	-3
CACFXK010000002.1	11017	11589	-	AG-414-O09_00212	AG-414-O09	190	OG0000035	K11175	phosphoribosylglycinamide formyltransferase 1 [EC:2.1.2.2]	COG0299	PurN	Folate-dependent phosphoribosylglycinamide formyltransferase PurN	AG-414-O09_00214	-2
CACFXK010000002.1	11573	12592	-	AG-414-O09_00213	AG-414-O09	339	OG0000574	K01933	phosphoribosylformylglycinamidine cyclo-ligase [EC:6.3.3.1]	COG0150	PurM	Phosphoribosylaminoimidazole (AIR) synthetase	AG-414-O09_00214	-1
CACFXK010000002.1	12604	13680	+	AG-414-O09_00214	AG-414-O09	358	OG0000916	NA	NA	NA	NA	NA	AG-414-O09_00214	0
CACFXK010000002.1	13677	14333	+	AG-414-O09_00215	AG-414-O09	218	OG0000690	NA	NA	COG0593	DnaA	Chromosomal replication initiation ATPase DnaA	AG-414-O09_00214	1
CACFXK010000002.1	14335	16119	+	AG-414-O09_00216	AG-414-O09	594	OG0000189	K01876	aspartyl-tRNA synthetase [EC:6.1.1.12]	COG0173	AspS	Aspartyl-tRNA synthetase	AG-414-O09_00214	2
CACFXK010000002.1	16120	16944	-	AG-414-O09_00217	AG-414-O09	274	OG0000284	NA	NA	NA	NA	NA	AG-414-O09_00214	3
CACFXK010000002.1	17060	17419	+	AG-414-O09_00218	AG-414-O09	119	OG0000369	NA	NA	COG3761	NDUFA12	NADH:ubiquinone oxidoreductase NDUFA12 subunit (Leigh syndrome)	AG-414-O09_00214	4
CACFXK010000002.1	17382	17786	+	AG-414-O09_00219	AG-414-O09	134	OG0000472	NA	NA	COG4765	NA	Uncharacterized conserved protein, DUF2155 domain	AG-414-O09_00214	5
CACFXO010000002.1	59886	60290	-	AG-414-O11_00479	AG-414-O11	134	OG0000472	NA	NA	COG4765	NA	Uncharacterized conserved protein, DUF2155 domain	AG-414-O11_00484	-5
CACFXO010000002.1	60253	60612	-	AG-414-O11_00480	AG-414-O11	119	OG0000369	NA	NA	COG3761	NDUFA12	NADH:ubiquinone oxidoreductase NDUFA12 subunit (Leigh syndrome)	AG-414-O11_00484	-4
CACFXO010000002.1	60726	61565	+	AG-414-O11_00481	AG-414-O11	279	OG0000284	NA	NA	NA	NA	NA	AG-414-O11_00484	-3
CACFXO010000002.1	61569	63353	-	AG-414-O11_00482	AG-414-O11	594	OG0000189	K01876	aspartyl-tRNA synthetase [EC:6.1.1.12]	COG0173	AspS	Aspartyl-tRNA synthetase	AG-414-O11_00484	-2
CACFXO010000002.1	63354	64028	-	AG-414-O11_00483	AG-414-O11	224	OG0000690	NA	NA	COG0593	DnaA	Chromosomal replication initiation ATPase DnaA	AG-414-O11_00484	-1
CACFXO010000002.1	64013	65092	-	AG-414-O11_00484	AG-414-O11	359	OG0000916	NA	NA	NA	NA	NA	AG-414-O11_00484	0
CACFXO010000002.1	65104	66132	+	AG-414-O11_00485	AG-414-O11	342	OG0000574	K01933	phosphoribosylformylglycinamidine cyclo-ligase [EC:6.3.3.1]	COG0150	PurM	Phosphoribosylaminoimidazole (AIR) synthetase	AG-414-O11_00484	1
CACFXO010000002.1	66110	66691	+	AG-414-O11_00486	AG-414-O11	193	OG0000035	K11175	phosphoribosylglycinamide formyltransferase 1 [EC:2.1.2.2]	COG0299	PurN	Folate-dependent phosphoribosylglycinamide formyltransferase PurN	AG-414-O11_00484	2
CACFXO010000002.1	66681	67091	-	AG-414-O11_00487	AG-414-O11	136	OG0000480	K00940	nucleoside-diphosphate kinase [EC:2.7.4.6]	COG0105	Ndk	Nucleoside diphosphate kinase	AG-414-O11_00484	3
CACFXO010000002.1	67084	68538	-	AG-414-O11_00488	AG-414-O11	484	OG0000405	K01255	leucyl aminopeptidase [EC:3.4.11.1]	COG0260	PepB	Leucyl aminopeptidase	AG-414-O11_00484	4
CACFXO010000002.1	68600	69739	+	AG-414-O11_00489	AG-414-O11	379	OG0000932	NA	NA	COG0795	LptF	Lipopolysaccharide export LptBFGC system, permease protein LptF	AG-414-O11_00484	5
CACFZK010000008.1	34743	35894	-	AG-422-A21_00728	AG-422-A21	383	OG0000932	NA	NA	COG0795	LptF	Lipopolysaccharide export LptBFGC system, permease protein LptF	AG-422-A21_00733	-5
CACFZK010000008.1	36051	37508	+	AG-422-A21_00729	AG-422-A21	485	OG0000405	K01255	leucyl aminopeptidase [EC:3.4.11.1]	COG0260	PepB	Leucyl aminopeptidase	AG-422-A21_00733	-4
CACFZK010000008.1	37501	37908	+	AG-422-A21_00730	AG-422-A21	135	OG0000480	K00940	nucleoside-diphosphate kinase [EC:2.7.4.6]	COG0105	Ndk	Nucleoside diphosphate kinase	AG-422-A21_00733	-3
CACFZK010000008.1	37901	38464	-	AG-422-A21_00731	AG-422-A21	187	OG0000035	K11175	phosphoribosylglycinamide formyltransferase 1 [EC:2.1.2.2]	COG0299	PurN	Folate-dependent phosphoribosylglycinamide formyltransferase PurN	AG-422-A21_00733	-2
CACFZK010000008.1	38458	39477	-	AG-422-A21_00732	AG-422-A21	339	OG0000574	K01933	phosphoribosylformylglycinamidine cyclo-ligase [EC:6.3.3.1]	COG0150	PurM	Phosphoribosylaminoimidazole (AIR) synthetase	AG-422-A21_00733	-1
CACFZK010000008.1	39503	40552	+	AG-422-A21_00733	AG-422-A21	349	OG0000916	NA	NA	NA	NA	NA	AG-422-A21_00733	0
CACFZK010000008.1	40553	41215	+	AG-422-A21_00734	AG-422-A21	220	OG0000690	NA	NA	COG0593	DnaA	Chromosomal replication initiation ATPase DnaA	AG-422-A21_00733	1
CACFZK010000008.1	41223	43010	+	AG-422-A21_00735	AG-422-A21	595	OG0000189	K01876	aspartyl-tRNA synthetase [EC:6.1.1.12]	COG0173	AspS	Aspartyl-tRNA synthetase	AG-422-A21_00733	2
CACFZK010000008.1	43011	43847	-	AG-422-A21_00736	AG-422-A21	278	OG0000284	NA	NA	NA	NA	NA	AG-422-A21_00733	3
CACFZK010000008.1	43967	44326	+	AG-422-A21_00737	AG-422-A21	119	OG0000369	NA	NA	COG3761	NDUFA12	NADH:ubiquinone oxidoreductase NDUFA12 subunit (Leigh syndrome)	AG-422-A21_00733	4
CACFZK010000008.1	44304	44801	+	AG-422-A21_00738	AG-422-A21	165	OG0000472	NA	NA	COG4765	NA	Uncharacterized conserved protein, DUF2155 domain	AG-422-A21_00733	5
CACGAF010000002.1	79413	80531	-	AG-422-B15_00267	AG-422-B15	372	OG0000932	K07091	lipopolysaccharide export system permease protein	COG0795	LptF	Lipopolysaccharide export LptBFGC system, permease protein LptF	AG-422-B15_00272	-5
CACGAF010000002.1	80572	82098	+	AG-422-B15_00268	AG-422-B15	508	OG0000405	K01255	leucyl aminopeptidase [EC:3.4.11.1]	COG0260	PepB	Leucyl aminopeptidase	AG-422-B15_00272	-4
CACGAF010000002.1	82098	82520	+	AG-422-B15_00269	AG-422-B15	140	OG0000480	K00940	nucleoside-diphosphate kinase [EC:2.7.4.6]	COG0105	Ndk	Nucleoside diphosphate kinase	AG-422-B15_00272	-3
CACGAF010000002.1	82510	83082	-	AG-422-B15_00270	AG-422-B15	190	OG0000035	K11175	phosphoribosylglycinamide formyltransferase 1 [EC:2.1.2.2]	COG0299	PurN	Folate-dependent phosphoribosylglycinamide formyltransferase PurN	AG-422-B15_00272	-2
CACGAF010000002.1	83075	84118	-	AG-422-B15_00271	AG-422-B15	347	OG0000574	K01933	phosphoribosylformylglycinamidine cyclo-ligase [EC:6.3.3.1]	COG0150	PurM	Phosphoribosylaminoimidazole (AIR) synthetase	AG-422-B15_00272	-1
CACGAF010000002.1	84134	85213	+	AG-422-B15_00272	AG-422-B15	359	OG0000916	NA	NA	NA	NA	NA	AG-422-B15_00272	0
CACGAF010000002.1	85206	85751	+	AG-422-B15_00273	AG-422-B15	181	OG0000149	NA	NA	COG0558	PgsA	Phosphatidylglycerophosphate synthase	AG-422-B15_00272	1
CACGAF010000002.1	85752	86399	+	AG-422-B15_00274	AG-422-B15	215	OG0000690	NA	NA	COG0593	DnaA	Chromosomal replication initiation ATPase DnaA	AG-422-B15_00272	2
CACGAF010000002.1	86377	87210	-	AG-422-B15_00275	AG-422-B15	277	OG0000122	K03684	ribonuclease D [EC:3.1.13.5]	COG0349	Rnd	Ribonuclease D, nanoRNase NrnC or deoxydinuclease (diDNase)	AG-422-B15_00272	3
CACGAF010000002.1	87244	89040	+	AG-422-B15_00276	AG-422-B15	598	OG0000189	K01876	aspartyl-tRNA synthetase [EC:6.1.1.12]	COG0173	AspS	Aspartyl-tRNA synthetase	AG-422-B15_00272	4
CACGAF010000002.1	89042	89455	-	AG-422-B15_00277	AG-422-B15	137	OG0000284	NA	NA	COG1601	GCD7	Translation initiation factor 2, beta subunit (eIF-2beta)/eIF-5 N-terminal domain	AG-422-B15_00272	5
CACGAU010000004.1	92636	93043	-	AG-422-B22_00628	AG-422-B22	135	OG0000472	NA	NA	COG4765	NA	Uncharacterized conserved protein, DUF2155 domain	AG-422-B22_00633	-5
CACGAU010000004.1	93006	93365	-	AG-422-B22_00629	AG-422-B22	119	OG0000369	NA	NA	COG3761	NDUFA12	NADH:ubiquinone oxidoreductase NDUFA12 subunit (Leigh syndrome)	AG-422-B22_00633	-4
CACGAU010000004.1	93480	94304	+	AG-422-B22_00630	AG-422-B22	274	OG0000284	NA	NA	NA	NA	NA	AG-422-B22_00633	-3
CACGAU010000004.1	94306	96090	-	AG-422-B22_00631	AG-422-B22	594	OG0000189	K01876	aspartyl-tRNA synthetase [EC:6.1.1.12]	COG0173	AspS	Aspartyl-tRNA synthetase	AG-422-B22_00633	-2
CACGAU010000004.1	96091	96753	-	AG-422-B22_00632	AG-422-B22	220	OG0000690	NA	NA	COG0593	DnaA	Chromosomal replication initiation ATPase DnaA	AG-422-B22_00633	-1
CACGAU010000004.1	96740	97828	-	AG-422-B22_00633	AG-422-B22	362	OG0000916	NA	NA	NA	NA	NA	AG-422-B22_00633	0
CACGAU010000004.1	97840	98871	+	AG-422-B22_00634	AG-422-B22	343	OG0000574	K01933	phosphoribosylformylglycinamidine cyclo-ligase [EC:6.3.3.1]	COG0150	PurM	Phosphoribosylaminoimidazole (AIR) synthetase	AG-422-B22_00633	1
CACGAU010000004.1	98846	99427	+	AG-422-B22_00635	AG-422-B22	193	OG0000035	K11175	phosphoribosylglycinamide formyltransferase 1 [EC:2.1.2.2]	COG0299	PurN	Folate-dependent phosphoribosylglycinamide formyltransferase PurN	AG-422-B22_00633	2
CACGAU010000004.1	99417	99827	-	AG-422-B22_00636	AG-422-B22	136	OG0000480	K00940	nucleoside-diphosphate kinase [EC:2.7.4.6]	COG0105	Ndk	Nucleoside diphosphate kinase	AG-422-B22_00633	3
CACGAU010000004.1	99820	101274	-	AG-422-B22_00637	AG-422-B22	484	OG0000405	K01255	leucyl aminopeptidase [EC:3.4.11.1]	COG0260	PepB	Leucyl aminopeptidase	AG-422-B22_00633	4
CACGAU010000004.1	101336	102466	+	AG-422-B22_00638	AG-422-B22	376	OG0000932	NA	NA	COG0795	LptF	Lipopolysaccharide export LptBFGC system, permease protein LptF	AG-422-B22_00633	5
CACGBZ010000005.1	8958	9365	-	AG-422-C20_00867	AG-422-C20	135	OG0000472	NA	NA	COG4765	NA	Uncharacterized conserved protein, DUF2155 domain	AG-422-C20_00872	-5
CACGBZ010000005.1	9328	9687	-	AG-422-C20_00868	AG-422-C20	119	OG0000369	NA	NA	COG3761	NDUFA12	NADH:ubiquinone oxidoreductase NDUFA12 subunit (Leigh syndrome)	AG-422-C20_00872	-4
CACGBZ010000005.1	9802	10626	+	AG-422-C20_00869	AG-422-C20	274	OG0000284	NA	NA	NA	NA	NA	AG-422-C20_00872	-3
CACGBZ010000005.1	10628	12412	-	AG-422-C20_00870	AG-422-C20	594	OG0000189	K01876	aspartyl-tRNA synthetase [EC:6.1.1.12]	COG0173	AspS	Aspartyl-tRNA synthetase	AG-422-C20_00872	-2
CACGBZ010000005.1	12413	13075	-	AG-422-C20_00871	AG-422-C20	220	OG0000690	NA	NA	COG0593	DnaA	Chromosomal replication initiation ATPase DnaA	AG-422-C20_00872	-1
CACGBZ010000005.1	13062	14150	-	AG-422-C20_00872	AG-422-C20	362	OG0000916	NA	NA	NA	NA	NA	AG-422-C20_00872	0
CACGBZ010000005.1	14162	15193	+	AG-422-C20_00873	AG-422-C20	343	OG0000574	K01933	phosphoribosylformylglycinamidine cyclo-ligase [EC:6.3.3.1]	COG0150	PurM	Phosphoribosylaminoimidazole (AIR) synthetase	AG-422-C20_00872	1
CACGBZ010000005.1	15168	15749	+	AG-422-C20_00874	AG-422-C20	193	OG0000035	K11175	phosphoribosylglycinamide formyltransferase 1 [EC:2.1.2.2]	COG0299	PurN	Folate-dependent phosphoribosylglycinamide formyltransferase PurN	AG-422-C20_00872	2
CACGBZ010000005.1	15739	16149	-	AG-422-C20_00875	AG-422-C20	136	OG0000480	K00940	nucleoside-diphosphate kinase [EC:2.7.4.6]	COG0105	Ndk	Nucleoside diphosphate kinase	AG-422-C20_00872	3
CACGBZ010000005.1	16142	17596	-	AG-422-C20_00876	AG-422-C20	484	OG0000405	K01255	leucyl aminopeptidase [EC:3.4.11.1]	COG0260	PepB	Leucyl aminopeptidase	AG-422-C20_00872	4
CACGBZ010000005.1	17658	18776	+	AG-422-C20_00877	AG-422-C20	372	OG0000932	NA	NA	COG0795	LptF	Lipopolysaccharide export LptBFGC system, permease protein LptF	AG-422-C20_00872	5
CACGCK010000002.1	151978	153096	-	AG-422-C21_00712	AG-422-C21	372	OG0000932	K07091	lipopolysaccharide export system permease protein	COG0795	LptF	Lipopolysaccharide export LptBFGC system, permease protein LptF	AG-422-C21_00717	-5
CACGCK010000002.1	153137	154657	+	AG-422-C21_00713	AG-422-C21	506	OG0000405	K01255	leucyl aminopeptidase [EC:3.4.11.1]	COG0260	PepB	Leucyl aminopeptidase	AG-422-C21_00717	-4
CACGCK010000002.1	154657	155079	+	AG-422-C21_00714	AG-422-C21	140	OG0000480	K00940	nucleoside-diphosphate kinase [EC:2.7.4.6]	COG0105	Ndk	Nucleoside diphosphate kinase	AG-422-C21_00717	-3
CACGCK010000002.1	155069	155641	-	AG-422-C21_00715	AG-422-C21	190	OG0000035	K11175	phosphoribosylglycinamide formyltransferase 1 [EC:2.1.2.2]	COG0299	PurN	Folate-dependent phosphoribosylglycinamide formyltransferase PurN	AG-422-C21_00717	-2
CACGCK010000002.1	155634	156677	-	AG-422-C21_00716	AG-422-C21	347	OG0000574	K01933	phosphoribosylformylglycinamidine cyclo-ligase [EC:6.3.3.1]	COG0150	PurM	Phosphoribosylaminoimidazole (AIR) synthetase	AG-422-C21_00717	-1
CACGCK010000002.1	156693	157772	+	AG-422-C21_00717	AG-422-C21	359	OG0000916	NA	NA	NA	NA	NA	AG-422-C21_00717	0
CACGCK010000002.1	157765	158310	+	AG-422-C21_00718	AG-422-C21	181	OG0000149	NA	NA	COG0558	PgsA	Phosphatidylglycerophosphate synthase	AG-422-C21_00717	1
CACGCK010000002.1	158311	158958	+	AG-422-C21_00719	AG-422-C21	215	OG0000690	NA	NA	COG0593	DnaA	Chromosomal replication initiation ATPase DnaA	AG-422-C21_00717	2
CACGCK010000002.1	158939	159769	-	AG-422-C21_00720	AG-422-C21	276	OG0000122	K03684	ribonuclease D [EC:3.1.13.5]	COG0349	Rnd	Ribonuclease D, nanoRNase NrnC or deoxydinuclease (diDNase)	AG-422-C21_00717	3
CACGCK010000002.1	159803	161599	+	AG-422-C21_00721	AG-422-C21	598	OG0000189	K01876	aspartyl-tRNA synthetase [EC:6.1.1.12]	COG0173	AspS	Aspartyl-tRNA synthetase	AG-422-C21_00717	4
CACGCK010000002.1	161601	165185	-	AG-422-C21_00722	AG-422-C21	1194	OG0000284	K00525	ribonucleoside-diphosphate reductase alpha chain [EC:1.17.4.1]	COG0209	NrdA	Ribonucleotide reductase alpha subunit	AG-422-C21_00717	5
CACGDQ010000017.1	13	219	+	AG-422-D23_01274	AG-422-D23	68	OG0000405	NA	NA	COG0260	PepB	Leucyl aminopeptidase	AG-422-D23_01278	-4
CACGDQ010000017.1	212	622	+	AG-422-D23_01275	AG-422-D23	136	OG0000480	K00940	nucleoside-diphosphate kinase [EC:2.7.4.6]	COG0105	Ndk	Nucleoside diphosphate kinase	AG-422-D23_01278	-3
CACGDQ010000017.1	612	1193	-	AG-422-D23_01276	AG-422-D23	193	OG0000035	K11175	phosphoribosylglycinamide formyltransferase 1 [EC:2.1.2.2]	COG0299	PurN	Folate-dependent phosphoribosylglycinamide formyltransferase PurN	AG-422-D23_01278	-2
CACGDQ010000017.1	1168	2199	-	AG-422-D23_01277	AG-422-D23	343	OG0000574	K01933	phosphoribosylformylglycinamidine cyclo-ligase [EC:6.3.3.1]	COG0150	PurM	Phosphoribosylaminoimidazole (AIR) synthetase	AG-422-D23_01278	-1
CACGDQ010000017.1	2211	3299	+	AG-422-D23_01278	AG-422-D23	362	OG0000916	NA	NA	NA	NA	NA	AG-422-D23_01278	0
CACGDQ010000017.1	3286	3948	+	AG-422-D23_01279	AG-422-D23	220	OG0000690	NA	NA	COG0593	DnaA	Chromosomal replication initiation ATPase DnaA	AG-422-D23_01278	1
CACGDQ010000017.1	3949	5733	+	AG-422-D23_01280	AG-422-D23	594	OG0000189	K01876	aspartyl-tRNA synthetase [EC:6.1.1.12]	COG0173	AspS	Aspartyl-tRNA synthetase	AG-422-D23_01278	2
CACGDQ010000017.1	5735	6559	-	AG-422-D23_01281	AG-422-D23	274	OG0000284	NA	NA	NA	NA	NA	AG-422-D23_01278	3
CACGDQ010000017.1	6674	7033	+	AG-422-D23_01282	AG-422-D23	119	OG0000369	NA	NA	COG3761	NDUFA12	NADH:ubiquinone oxidoreductase NDUFA12 subunit (Leigh syndrome)	AG-422-D23_01278	4
CACGDQ010000017.1	6996	7403	+	AG-422-D23_01283	AG-422-D23	135	OG0000472	NA	NA	COG4765	NA	Uncharacterized conserved protein, DUF2155 domain	AG-422-D23_01278	5
CACGDZ010000001.1	186326	187453	-	AG-422-E09_00193	AG-422-E09	375	OG0000932	NA	NA	COG0795	LptF	Lipopolysaccharide export LptBFGC system, permease protein LptF	AG-422-E09_00198	-5
CACGDZ010000001.1	187515	188969	+	AG-422-E09_00194	AG-422-E09	484	OG0000405	K01255	leucyl aminopeptidase [EC:3.4.11.1]	COG0260	PepB	Leucyl aminopeptidase	AG-422-E09_00198	-4
CACGDZ010000001.1	188962	189372	+	AG-422-E09_00195	AG-422-E09	136	OG0000480	K00940	nucleoside-diphosphate kinase [EC:2.7.4.6]	COG0105	Ndk	Nucleoside diphosphate kinase	AG-422-E09_00198	-3
CACGDZ010000001.1	189362	189943	-	AG-422-E09_00196	AG-422-E09	193	OG0000035	K11175	phosphoribosylglycinamide formyltransferase 1 [EC:2.1.2.2]	COG0299	PurN	Folate-dependent phosphoribosylglycinamide formyltransferase PurN	AG-422-E09_00198	-2
CACGDZ010000001.1	189918	190949	-	AG-422-E09_00197	AG-422-E09	343	OG0000574	K01933	phosphoribosylformylglycinamidine cyclo-ligase [EC:6.3.3.1]	COG0150	PurM	Phosphoribosylaminoimidazole (AIR) synthetase	AG-422-E09_00198	-1
CACGDZ010000001.1	190961	192049	+	AG-422-E09_00198	AG-422-E09	362	OG0000916	NA	NA	NA	NA	NA	AG-422-E09_00198	0
CACGDZ010000001.1	192036	192698	+	AG-422-E09_00199	AG-422-E09	220	OG0000690	NA	NA	COG0593	DnaA	Chromosomal replication initiation ATPase DnaA	AG-422-E09_00198	1
CACGDZ010000001.1	192699	194483	+	AG-422-E09_00200	AG-422-E09	594	OG0000189	K01876	aspartyl-tRNA synthetase [EC:6.1.1.12]	COG0173	AspS	Aspartyl-tRNA synthetase	AG-422-E09_00198	2
CACGDZ010000001.1	194485	195312	-	AG-422-E09_00201	AG-422-E09	275	OG0000284	NA	NA	NA	NA	NA	AG-422-E09_00198	3
CACGDZ010000001.1	195427	195786	+	AG-422-E09_00202	AG-422-E09	119	OG0000369	NA	NA	COG3761	NDUFA12	NADH:ubiquinone oxidoreductase NDUFA12 subunit (Leigh syndrome)	AG-422-E09_00198	4
CACGDZ010000001.1	195749	196156	+	AG-422-E09_00203	AG-422-E09	135	OG0000472	NA	NA	COG4765	NA	Uncharacterized conserved protein, DUF2155 domain	AG-422-E09_00198	5
CACGEW010000001.1	115719	116840	-	AG-422-F15_00123	AG-422-F15	373	OG0000932	NA	NA	COG0795	LptF	Lipopolysaccharide export LptBFGC system, permease protein LptF	AG-422-F15_00128	-5
CACGEW010000001.1	116973	118430	+	AG-422-F15_00124	AG-422-F15	485	OG0000405	K01255	leucyl aminopeptidase [EC:3.4.11.1]	COG0260	PepB	Leucyl aminopeptidase	AG-422-F15_00128	-4
CACGEW010000001.1	118423	118833	+	AG-422-F15_00125	AG-422-F15	136	OG0000480	K00940	nucleoside-diphosphate kinase [EC:2.7.4.6]	COG0105	Ndk	Nucleoside diphosphate kinase	AG-422-F15_00128	-3
CACGEW010000001.1	118830	119393	-	AG-422-F15_00126	AG-422-F15	187	OG0000035	K11175	phosphoribosylglycinamide formyltransferase 1 [EC:2.1.2.2]	COG0299	PurN	Folate-dependent phosphoribosylglycinamide formyltransferase PurN	AG-422-F15_00128	-2
CACGEW010000001.1	119387	120415	-	AG-422-F15_00127	AG-422-F15	342	OG0000574	K01933	phosphoribosylformylglycinamidine cyclo-ligase [EC:6.3.3.1]	COG0150	PurM	Phosphoribosylaminoimidazole (AIR) synthetase	AG-422-F15_00128	-1
CACGEW010000001.1	120439	121485	+	AG-422-F15_00128	AG-422-F15	348	OG0000916	NA	NA	NA	NA	NA	AG-422-F15_00128	0
CACGEW010000001.1	121487	122143	+	AG-422-F15_00129	AG-422-F15	218	OG0000690	NA	NA	COG0593	DnaA	Chromosomal replication initiation ATPase DnaA	AG-422-F15_00128	1
CACGEW010000001.1	122140	123930	+	AG-422-F15_00130	AG-422-F15	596	OG0000189	K01876	aspartyl-tRNA synthetase [EC:6.1.1.12]	COG0173	AspS	Aspartyl-tRNA synthetase	AG-422-F15_00128	2
CACGEW010000001.1	123927	124745	-	AG-422-F15_00131	AG-422-F15	272	OG0000284	NA	NA	NA	NA	NA	AG-422-F15_00128	3
CACGEW010000001.1	124846	125196	+	AG-422-F15_00132	AG-422-F15	116	OG0000369	NA	NA	COG3761	NDUFA12	NADH:ubiquinone oxidoreductase NDUFA12 subunit (Leigh syndrome)	AG-422-F15_00128	4
CACGEW010000001.1	125180	125689	+	AG-422-F15_00133	AG-422-F15	169	OG0000472	NA	NA	COG4765	NA	Uncharacterized conserved protein, DUF2155 domain	AG-422-F15_00128	5
CACGKL010000003.1	28524	29546	-	AG-422-K17_00399	AG-422-K17	340	OG0000932	NA	NA	COG0795	LptF	Lipopolysaccharide export LptBFGC system, permease protein LptF	AG-422-K17_00404	-5
CACGKL010000003.1	29681	31135	+	AG-422-K17_00400	AG-422-K17	484	OG0000405	K01255	leucyl aminopeptidase [EC:3.4.11.1]	COG0260	PepB	Leucyl aminopeptidase	AG-422-K17_00404	-4
CACGKL010000003.1	31128	31538	+	AG-422-K17_00401	AG-422-K17	136	OG0000480	K00940	nucleoside-diphosphate kinase [EC:2.7.4.6]	COG0105	Ndk	Nucleoside diphosphate kinase	AG-422-K17_00404	-3
CACGKL010000003.1	31535	32098	-	AG-422-K17_00402	AG-422-K17	187	OG0000035	K11175	phosphoribosylglycinamide formyltransferase 1 [EC:2.1.2.2]	COG0299	PurN	Folate-dependent phosphoribosylglycinamide formyltransferase PurN	AG-422-K17_00404	-2
CACGKL010000003.1	32092	33111	-	AG-422-K17_00403	AG-422-K17	339	OG0000574	K01933	phosphoribosylformylglycinamidine cyclo-ligase [EC:6.3.3.1]	COG0150	PurM	Phosphoribosylaminoimidazole (AIR) synthetase	AG-422-K17_00404	-1
CACGKL010000003.1	33136	34179	+	AG-422-K17_00404	AG-422-K17	347	OG0000916	NA	NA	NA	NA	NA	AG-422-K17_00404	0
CACGKL010000003.1	34158	34838	+	AG-422-K17_00405	AG-422-K17	226	OG0000690	NA	NA	COG0593	DnaA	Chromosomal replication initiation ATPase DnaA	AG-422-K17_00404	1
CACGKL010000003.1	34831	36618	+	AG-422-K17_00406	AG-422-K17	595	OG0000189	K01876	aspartyl-tRNA synthetase [EC:6.1.1.12]	COG0173	AspS	Aspartyl-tRNA synthetase	AG-422-K17_00404	2
CACGKL010000003.1	36615	37433	-	AG-422-K17_00407	AG-422-K17	272	OG0000284	NA	NA	NA	NA	NA	AG-422-K17_00404	3
CACGKL010000003.1	37536	37889	+	AG-422-K17_00408	AG-422-K17	117	OG0000369	NA	NA	COG3761	NDUFA12	NADH:ubiquinone oxidoreductase NDUFA12 subunit (Leigh syndrome)	AG-422-K17_00404	4
CACGKL010000003.1	37867	38376	+	AG-422-K17_00409	AG-422-K17	169	OG0000472	NA	NA	COG4765	NA	Uncharacterized conserved protein, DUF2155 domain	AG-422-K17_00404	5
CACGMC010000006.1	32283	33425	-	AG-422-L15_01089	AG-422-L15	380	OG0000932	NA	NA	COG0795	LptF	Lipopolysaccharide export LptBFGC system, permease protein LptF	AG-422-L15_01094	-5
CACGMC010000006.1	33556	35013	+	AG-422-L15_01090	AG-422-L15	485	OG0000405	K01255	leucyl aminopeptidase [EC:3.4.11.1]	COG0260	PepB	Leucyl aminopeptidase	AG-422-L15_01094	-4
CACGMC010000006.1	35006	35419	+	AG-422-L15_01091	AG-422-L15	137	OG0000480	K00940	nucleoside-diphosphate kinase [EC:2.7.4.6]	COG0105	Ndk	Nucleoside diphosphate kinase	AG-422-L15_01094	-3
CACGMC010000006.1	35421	35978	-	AG-422-L15_01092	AG-422-L15	185	OG0000035	NA	NA	COG0299	PurN	Folate-dependent phosphoribosylglycinamide formyltransferase PurN	AG-422-L15_01094	-2
CACGMC010000006.1	35966	37000	-	AG-422-L15_01093	AG-422-L15	344	OG0000574	K01933	phosphoribosylformylglycinamidine cyclo-ligase [EC:6.3.3.1]	COG0150	PurM	Phosphoribosylaminoimidazole (AIR) synthetase	AG-422-L15_01094	-1
CACGMC010000006.1	37026	38072	+	AG-422-L15_01094	AG-422-L15	348	OG0000916	NA	NA	NA	NA	NA	AG-422-L15_01094	0
CACGMC010000006.1	38074	38730	+	AG-422-L15_01095	AG-422-L15	218	OG0000690	NA	NA	COG0593	DnaA	Chromosomal replication initiation ATPase DnaA	AG-422-L15_01094	1
CACGMC010000006.1	38723	40510	+	AG-422-L15_01096	AG-422-L15	595	OG0000189	K01876	aspartyl-tRNA synthetase [EC:6.1.1.12]	COG0173	AspS	Aspartyl-tRNA synthetase	AG-422-L15_01094	2
CACGMC010000006.1	40507	41325	-	AG-422-L15_01097	AG-422-L15	272	OG0000284	NA	NA	NA	NA	NA	AG-422-L15_01094	3
CACGMC010000006.1	41419	41775	+	AG-422-L15_01098	AG-422-L15	118	OG0000369	NA	NA	COG3761	NDUFA12	NADH:ubiquinone oxidoreductase NDUFA12 subunit (Leigh syndrome)	AG-422-L15_01094	4
CACGMC010000006.1	41756	42271	+	AG-422-L15_01099	AG-422-L15	171	OG0000472	NA	NA	COG4765	NA	Uncharacterized conserved protein, DUF2155 domain	AG-422-L15_01094	5
CACGOM010000005.1	9505	10638	-	AG-422-N14_00446	AG-422-N14	377	OG0000932	NA	NA	COG0795	LptF	Lipopolysaccharide export LptBFGC system, permease protein LptF	AG-422-N14_00451	-5
CACGOM010000005.1	10694	12136	+	AG-422-N14_00447	AG-422-N14	480	OG0000405	K01255	leucyl aminopeptidase [EC:3.4.11.1]	COG0260	PepB	Leucyl aminopeptidase	AG-422-N14_00451	-4
CACGOM010000005.1	12129	12539	+	AG-422-N14_00448	AG-422-N14	136	OG0000480	K00940	nucleoside-diphosphate kinase [EC:2.7.4.6]	COG0105	Ndk	Nucleoside diphosphate kinase	AG-422-N14_00451	-3
CACGOM010000005.1	12529	13113	-	AG-422-N14_00449	AG-422-N14	194	OG0000035	K11175	phosphoribosylglycinamide formyltransferase 1 [EC:2.1.2.2]	COG0299	PurN	Folate-dependent phosphoribosylglycinamide formyltransferase PurN	AG-422-N14_00451	-2
CACGOM010000005.1	13094	14113	-	AG-422-N14_00450	AG-422-N14	339	OG0000574	K01933	phosphoribosylformylglycinamidine cyclo-ligase [EC:6.3.3.1]	COG0150	PurM	Phosphoribosylaminoimidazole (AIR) synthetase	AG-422-N14_00451	-1
CACGOM010000005.1	14121	15194	+	AG-422-N14_00451	AG-422-N14	357	OG0000916	NA	NA	NA	NA	NA	AG-422-N14_00451	0
CACGOM010000005.1	15187	15849	+	AG-422-N14_00452	AG-422-N14	220	OG0000690	NA	NA	COG0593	DnaA	Chromosomal replication initiation ATPase DnaA	AG-422-N14_00451	1
CACGOM010000005.1	15850	17643	+	AG-422-N14_00453	AG-422-N14	597	OG0000189	K01876	aspartyl-tRNA synthetase [EC:6.1.1.12]	COG0173	AspS	Aspartyl-tRNA synthetase	AG-422-N14_00451	2
CACGOM010000005.1	17644	18471	-	AG-422-N14_00454	AG-422-N14	275	OG0000284	NA	NA	NA	NA	NA	AG-422-N14_00451	3
CACGOM010000005.1	18572	18934	+	AG-422-N14_00455	AG-422-N14	120	OG0000369	NA	NA	COG3761	NDUFA12	NADH:ubiquinone oxidoreductase NDUFA12 subunit (Leigh syndrome)	AG-422-N14_00451	4
CACGOM010000005.1	18897	19307	+	AG-422-N14_00456	AG-422-N14	136	OG0000472	NA	NA	COG4765	NA	Uncharacterized conserved protein, DUF2155 domain	AG-422-N14_00451	5
CACGON010000010.1	16040	16441	-	AG-422-N15_00929	AG-422-N15	133	OG0000472	NA	NA	COG4765	NA	Uncharacterized conserved protein, DUF2155 domain	AG-422-N15_00934	-5
CACGON010000010.1	16401	16763	-	AG-422-N15_00930	AG-422-N15	120	OG0000369	NA	NA	COG3761	NDUFA12	NADH:ubiquinone oxidoreductase NDUFA12 subunit (Leigh syndrome)	AG-422-N15_00934	-4
CACGON010000010.1	16877	17704	+	AG-422-N15_00931	AG-422-N15	275	OG0000284	NA	NA	NA	NA	NA	AG-422-N15_00934	-3
CACGON010000010.1	17705	19486	-	AG-422-N15_00932	AG-422-N15	593	OG0000189	K01876	aspartyl-tRNA synthetase [EC:6.1.1.12]	COG0173	AspS	Aspartyl-tRNA synthetase	AG-422-N15_00934	-2
CACGON010000010.1	19488	20150	-	AG-422-N15_00933	AG-422-N15	220	OG0000690	NA	NA	COG0593	DnaA	Chromosomal replication initiation ATPase DnaA	AG-422-N15_00934	-1
CACGON010000010.1	20151	21206	-	AG-422-N15_00934	AG-422-N15	351	OG0000916	NA	NA	NA	NA	NA	AG-422-N15_00934	0
CACGON010000010.1	21239	22264	+	AG-422-N15_00935	AG-422-N15	341	OG0000574	K01933	phosphoribosylformylglycinamidine cyclo-ligase [EC:6.3.3.1]	COG0150	PurM	Phosphoribosylaminoimidazole (AIR) synthetase	AG-422-N15_00934	1
CACGON010000010.1	22245	22820	+	AG-422-N15_00936	AG-422-N15	191	OG0000035	K11175	phosphoribosylglycinamide formyltransferase 1 [EC:2.1.2.2]	COG0299	PurN	Folate-dependent phosphoribosylglycinamide formyltransferase PurN	AG-422-N15_00934	2
CACGON010000010.1	22817	23227	-	AG-422-N15_00937	AG-422-N15	136	OG0000480	K00940	nucleoside-diphosphate kinase [EC:2.7.4.6]	COG0105	Ndk	Nucleoside diphosphate kinase	AG-422-N15_00934	3
CACGON010000010.1	23220	24689	-	AG-422-N15_00938	AG-422-N15	489	OG0000405	K01255	leucyl aminopeptidase [EC:3.4.11.1]	COG0260	PepB	Leucyl aminopeptidase	AG-422-N15_00934	4
CACGON010000010.1	24772	25890	+	AG-422-N15_00939	AG-422-N15	372	OG0000932	NA	NA	COG0795	LptF	Lipopolysaccharide export LptBFGC system, permease protein LptF	AG-422-N15_00934	5
CACGTJ010000001.1	136096	137214	-	AG-426-C04_00137	AG-426-C04	372	OG0000932	NA	NA	COG0795	LptF	Lipopolysaccharide export LptBFGC system, permease protein LptF	AG-426-C04_00142	-5
CACGTJ010000001.1	137272	138735	+	AG-426-C04_00138	AG-426-C04	487	OG0000405	K01255	leucyl aminopeptidase [EC:3.4.11.1]	COG0260	PepB	Leucyl aminopeptidase	AG-426-C04_00142	-4
CACGTJ010000001.1	138728	139138	+	AG-426-C04_00139	AG-426-C04	136	OG0000480	K00940	nucleoside-diphosphate kinase [EC:2.7.4.6]	COG0105	Ndk	Nucleoside diphosphate kinase	AG-426-C04_00142	-3
CACGTJ010000001.1	139128	139715	-	AG-426-C04_00140	AG-426-C04	195	OG0000035	K11175	phosphoribosylglycinamide formyltransferase 1 [EC:2.1.2.2]	COG0299	PurN	Folate-dependent phosphoribosylglycinamide formyltransferase PurN	AG-426-C04_00142	-2
CACGTJ010000001.1	139696	140721	-	AG-426-C04_00141	AG-426-C04	341	OG0000574	K01933	phosphoribosylformylglycinamidine cyclo-ligase [EC:6.3.3.1]	COG0150	PurM	Phosphoribosylaminoimidazole (AIR) synthetase	AG-426-C04_00142	-1
CACGTJ010000001.1	140724	141800	+	AG-426-C04_00142	AG-426-C04	358	OG0000916	NA	NA	NA	NA	NA	AG-426-C04_00142	0
CACGTJ010000001.1	141797	142453	+	AG-426-C04_00143	AG-426-C04	218	OG0000690	NA	NA	COG0593	DnaA	Chromosomal replication initiation ATPase DnaA	AG-426-C04_00142	1
CACGTJ010000001.1	142462	144246	+	AG-426-C04_00144	AG-426-C04	594	OG0000189	K01876	aspartyl-tRNA synthetase [EC:6.1.1.12]	COG0173	AspS	Aspartyl-tRNA synthetase	AG-426-C04_00142	2
CACGTJ010000001.1	144247	145071	-	AG-426-C04_00145	AG-426-C04	274	OG0000284	NA	NA	NA	NA	NA	AG-426-C04_00142	3
CACGTJ010000001.1	145183	145542	+	AG-426-C04_00146	AG-426-C04	119	OG0000369	NA	NA	COG3761	NDUFA12	NADH:ubiquinone oxidoreductase NDUFA12 subunit (Leigh syndrome)	AG-426-C04_00142	4
CACGTJ010000001.1	145505	145906	+	AG-426-C04_00147	AG-426-C04	133	OG0000472	NA	NA	COG4765	NA	Uncharacterized conserved protein, DUF2155 domain	AG-426-C04_00142	5
CACGUZ010000001.1	396706	397827	-	AG-426-D09_00415	AG-426-D09	373	OG0000932	NA	NA	COG0795	LptF	Lipopolysaccharide export LptBFGC system, permease protein LptF	AG-426-D09_00420	-5
CACGUZ010000001.1	397888	399342	+	AG-426-D09_00416	AG-426-D09	484	OG0000405	K01255	leucyl aminopeptidase [EC:3.4.11.1]	COG0260	PepB	Leucyl aminopeptidase	AG-426-D09_00420	-4
CACGUZ010000001.1	399335	399745	+	AG-426-D09_00417	AG-426-D09	136	OG0000480	K00940	nucleoside-diphosphate kinase [EC:2.7.4.6]	COG0105	Ndk	Nucleoside diphosphate kinase	AG-426-D09_00420	-3
CACGUZ010000001.1	399735	400316	-	AG-426-D09_00418	AG-426-D09	193	OG0000035	K11175	phosphoribosylglycinamide formyltransferase 1 [EC:2.1.2.2]	COG0299	PurN	Folate-dependent phosphoribosylglycinamide formyltransferase PurN	AG-426-D09_00420	-2
CACGUZ010000001.1	400294	401322	-	AG-426-D09_00419	AG-426-D09	342	OG0000574	K01933	phosphoribosylformylglycinamidine cyclo-ligase [EC:6.3.3.1]	COG0150	PurM	Phosphoribosylaminoimidazole (AIR) synthetase	AG-426-D09_00420	-1
CACGUZ010000001.1	401346	402407	+	AG-426-D09_00420	AG-426-D09	353	OG0000916	NA	NA	NA	NA	NA	AG-426-D09_00420	0
CACGUZ010000001.1	402404	403066	+	AG-426-D09_00421	AG-426-D09	220	OG0000690	NA	NA	COG0593	DnaA	Chromosomal replication initiation ATPase DnaA	AG-426-D09_00420	1
CACGUZ010000001.1	403067	404851	+	AG-426-D09_00422	AG-426-D09	594	OG0000189	K01876	aspartyl-tRNA synthetase [EC:6.1.1.12]	COG0173	AspS	Aspartyl-tRNA synthetase	AG-426-D09_00420	2
CACGUZ010000001.1	404852	405676	-	AG-426-D09_00423	AG-426-D09	274	OG0000284	NA	NA	NA	NA	NA	AG-426-D09_00420	3
CACGUZ010000001.1	405790	406149	+	AG-426-D09_00424	AG-426-D09	119	OG0000369	NA	NA	COG3761	NDUFA12	NADH:ubiquinone oxidoreductase NDUFA12 subunit (Leigh syndrome)	AG-426-D09_00420	4
CACGUZ010000001.1	406115	406519	+	AG-426-D09_00425	AG-426-D09	134	OG0000472	NA	NA	COG4765	NA	Uncharacterized conserved protein, DUF2155 domain	AG-426-D09_00420	5
CACGWC010000003.1	44564	44971	-	AG-426-E13_00458	AG-426-E13	135	OG0000472	NA	NA	COG4765	NA	Uncharacterized conserved protein, DUF2155 domain	AG-426-E13_00463	-5
CACGWC010000003.1	44934	45290	-	AG-426-E13_00459	AG-426-E13	118	OG0000369	NA	NA	COG3761	NDUFA12	NADH:ubiquinone oxidoreductase NDUFA12 subunit (Leigh syndrome)	AG-426-E13_00463	-4
CACGWC010000003.1	45399	46220	+	AG-426-E13_00460	AG-426-E13	273	OG0000284	NA	NA	NA	NA	NA	AG-426-E13_00463	-3
CACGWC010000003.1	46221	48002	-	AG-426-E13_00461	AG-426-E13	593	OG0000189	K01876	aspartyl-tRNA synthetase [EC:6.1.1.12]	COG0173	AspS	Aspartyl-tRNA synthetase	AG-426-E13_00463	-2
CACGWC010000003.1	47999	48658	-	AG-426-E13_00462	AG-426-E13	219	OG0000690	NA	NA	COG0593	DnaA	Chromosomal replication initiation ATPase DnaA	AG-426-E13_00463	-1
CACGWC010000003.1	48655	49731	-	AG-426-E13_00463	AG-426-E13	358	OG0000916	NA	NA	NA	NA	NA	AG-426-E13_00463	0
CACGWC010000003.1	49741	50763	+	AG-426-E13_00464	AG-426-E13	340	OG0000574	K01933	phosphoribosylformylglycinamidine cyclo-ligase [EC:6.3.3.1]	COG0150	PurM	Phosphoribosylaminoimidazole (AIR) synthetase	AG-426-E13_00463	1
CACGWC010000003.1	50744	51322	+	AG-426-E13_00465	AG-426-E13	192	OG0000035	K11175	phosphoribosylglycinamide formyltransferase 1 [EC:2.1.2.2]	COG0299	PurN	Folate-dependent phosphoribosylglycinamide formyltransferase PurN	AG-426-E13_00463	2
CACGWC010000003.1	51312	51722	-	AG-426-E13_00466	AG-426-E13	136	OG0000480	K00940	nucleoside-diphosphate kinase [EC:2.7.4.6]	COG0105	Ndk	Nucleoside diphosphate kinase	AG-426-E13_00463	3
CACGWC010000003.1	51715	53151	-	AG-426-E13_00467	AG-426-E13	478	OG0000405	K01255	leucyl aminopeptidase [EC:3.4.11.1]	COG0260	PepB	Leucyl aminopeptidase	AG-426-E13_00463	4
CACGWC010000003.1	53206	54336	+	AG-426-E13_00468	AG-426-E13	376	OG0000932	NA	NA	COG0795	LptF	Lipopolysaccharide export LptBFGC system, permease protein LptF	AG-426-E13_00463	5
CACGWU010000001.1	756870	758009	-	AG-426-E17_00796	AG-426-E17	379	OG0000932	NA	NA	NA	NA	NA	AG-426-E17_00801	-5
CACGWU010000001.1	758065	759525	+	AG-426-E17_00797	AG-426-E17	486	OG0000405	K01255	leucyl aminopeptidase [EC:3.4.11.1]	COG0260	PepB	Leucyl aminopeptidase	AG-426-E17_00801	-4
CACGWU010000001.1	759518	759928	+	AG-426-E17_00798	AG-426-E17	136	OG0000480	K00940	nucleoside-diphosphate kinase [EC:2.7.4.6]	COG0105	Ndk	Nucleoside diphosphate kinase	AG-426-E17_00801	-3
CACGWU010000001.1	759918	760508	-	AG-426-E17_00799	AG-426-E17	196	OG0000035	K11175	phosphoribosylglycinamide formyltransferase 1 [EC:2.1.2.2]	COG0299	PurN	Folate-dependent phosphoribosylglycinamide formyltransferase PurN	AG-426-E17_00801	-2
CACGWU010000001.1	760489	761514	-	AG-426-E17_00800	AG-426-E17	341	OG0000574	K01933	phosphoribosylformylglycinamidine cyclo-ligase [EC:6.3.3.1]	COG0150	PurM	Phosphoribosylaminoimidazole (AIR) synthetase	AG-426-E17_00801	-1
CACGWU010000001.1	761525	762601	+	AG-426-E17_00801	AG-426-E17	358	OG0000916	NA	NA	COG1221	PspF	Transcriptional regulators containing sigma54-interacting ATPase domain	AG-426-E17_00801	0
CACGWU010000001.1	762586	763257	+	AG-426-E17_00802	AG-426-E17	223	OG0000690	NA	NA	COG0593	DnaA	Chromosomal replication initiation ATPase DnaA	AG-426-E17_00801	1
CACGWU010000001.1	763259	765043	+	AG-426-E17_00803	AG-426-E17	594	OG0000189	K01876	aspartyl-tRNA synthetase [EC:6.1.1.12]	COG0173	AspS	Aspartyl-tRNA synthetase	AG-426-E17_00801	2
CACGWU010000001.1	765046	765873	-	AG-426-E17_00804	AG-426-E17	275	OG0000284	NA	NA	NA	NA	NA	AG-426-E17_00801	3
CACGWU010000001.1	765976	766335	+	AG-426-E17_00805	AG-426-E17	119	OG0000369	NA	NA	COG3761	NDUFA12	NADH:ubiquinone oxidoreductase NDUFA12 subunit (Leigh syndrome)	AG-426-E17_00801	4
CACGWU010000001.1	766301	766705	+	AG-426-E17_00806	AG-426-E17	134	OG0000472	NA	NA	COG4765	NA	Uncharacterized conserved protein, DUF2155 domain	AG-426-E17_00801	5
CACGXV010000001.1	247090	248235	-	AG-426-F15_00265	AG-426-F15	381	OG0000932	NA	NA	COG0795	LptF	Lipopolysaccharide export LptBFGC system, permease protein LptF	AG-426-F15_00270	-5
CACGXV010000001.1	248289	249728	+	AG-426-F15_00266	AG-426-F15	479	OG0000405	K01255	leucyl aminopeptidase [EC:3.4.11.1]	COG0260	PepB	Leucyl aminopeptidase	AG-426-F15_00270	-4
CACGXV010000001.1	249721	250131	+	AG-426-F15_00267	AG-426-F15	136	OG0000480	K00940	nucleoside-diphosphate kinase [EC:2.7.4.6]	COG0105	Ndk	Nucleoside diphosphate kinase	AG-426-F15_00270	-3
CACGXV010000001.1	250121	250699	-	AG-426-F15_00268	AG-426-F15	192	OG0000035	K11175	phosphoribosylglycinamide formyltransferase 1 [EC:2.1.2.2]	COG0299	PurN	Folate-dependent phosphoribosylglycinamide formyltransferase PurN	AG-426-F15_00270	-2
CACGXV010000001.1	250680	251702	-	AG-426-F15_00269	AG-426-F15	340	OG0000574	K01933	phosphoribosylformylglycinamidine cyclo-ligase [EC:6.3.3.1]	COG0150	PurM	Phosphoribosylaminoimidazole (AIR) synthetase	AG-426-F15_00270	-1
CACGXV010000001.1	251714	252790	+	AG-426-F15_00270	AG-426-F15	358	OG0000916	NA	NA	NA	NA	NA	AG-426-F15_00270	0
CACGXV010000001.1	252787	253443	+	AG-426-F15_00271	AG-426-F15	218	OG0000690	NA	NA	COG0593	DnaA	Chromosomal replication initiation ATPase DnaA	AG-426-F15_00270	1
CACGXV010000001.1	253445	255229	+	AG-426-F15_00272	AG-426-F15	594	OG0000189	K01876	aspartyl-tRNA synthetase [EC:6.1.1.12]	COG0173	AspS	Aspartyl-tRNA synthetase	AG-426-F15_00270	2
CACGXV010000001.1	255230	256054	-	AG-426-F15_00273	AG-426-F15	274	OG0000284	NA	NA	NA	NA	NA	AG-426-F15_00270	3
CACGXV010000001.1	256169	256528	+	AG-426-F15_00274	AG-426-F15	119	OG0000369	NA	NA	COG3761	NDUFA12	NADH:ubiquinone oxidoreductase NDUFA12 subunit (Leigh syndrome)	AG-426-F15_00270	4
CACGXV010000001.1	256491	256895	+	AG-426-F15_00275	AG-426-F15	134	OG0000472	NA	NA	COG4765	NA	Uncharacterized conserved protein, DUF2155 domain	AG-426-F15_00270	5
CACGYT010000001.1	7449	7859	-	AG-426-G09_00008	AG-426-G09	136	OG0000472	NA	NA	COG4765	NA	Uncharacterized conserved protein, DUF2155 domain	AG-426-G09_00013	-5
CACGYT010000001.1	7822	8184	-	AG-426-G09_00009	AG-426-G09	120	OG0000369	NA	NA	COG3761	NDUFA12	NADH:ubiquinone oxidoreductase NDUFA12 subunit (Leigh syndrome)	AG-426-G09_00013	-4
CACGYT010000001.1	8279	9103	+	AG-426-G09_00010	AG-426-G09	274	OG0000284	NA	NA	NA	NA	NA	AG-426-G09_00013	-3
CACGYT010000001.1	9105	10898	-	AG-426-G09_00011	AG-426-G09	597	OG0000189	K01876	aspartyl-tRNA synthetase [EC:6.1.1.12]	COG0173	AspS	Aspartyl-tRNA synthetase	AG-426-G09_00013	-2
CACGYT010000001.1	10899	11561	-	AG-426-G09_00012	AG-426-G09	220	OG0000690	NA	NA	COG0593	DnaA	Chromosomal replication initiation ATPase DnaA	AG-426-G09_00013	-1
CACGYT010000001.1	11554	12627	-	AG-426-G09_00013	AG-426-G09	357	OG0000916	NA	NA	NA	NA	NA	AG-426-G09_00013	0
CACGYT010000001.1	12634	13656	+	AG-426-G09_00014	AG-426-G09	340	OG0000574	K01933	phosphoribosylformylglycinamidine cyclo-ligase [EC:6.3.3.1]	COG0150	PurM	Phosphoribosylaminoimidazole (AIR) synthetase	AG-426-G09_00013	1
CACGYT010000001.1	13637	14221	+	AG-426-G09_00015	AG-426-G09	194	OG0000035	K11175	phosphoribosylglycinamide formyltransferase 1 [EC:2.1.2.2]	COG0299	PurN	Folate-dependent phosphoribosylglycinamide formyltransferase PurN	AG-426-G09_00013	2
CACGYT010000001.1	14211	14621	-	AG-426-G09_00016	AG-426-G09	136	OG0000480	K00940	nucleoside-diphosphate kinase [EC:2.7.4.6]	COG0105	Ndk	Nucleoside diphosphate kinase	AG-426-G09_00013	3
CACGYT010000001.1	14614	16074	-	AG-426-G09_00017	AG-426-G09	486	OG0000405	K01255	leucyl aminopeptidase [EC:3.4.11.1]	COG0260	PepB	Leucyl aminopeptidase	AG-426-G09_00013	4
CACGYT010000001.1	16130	17263	+	AG-426-G09_00018	AG-426-G09	377	OG0000932	NA	NA	COG0795	LptF	Lipopolysaccharide export LptBFGC system, permease protein LptF	AG-426-G09_00013	5
CACGZG010000001.1	50013	50369	-	AG-426-I10_00066	AG-426-I10	118	OG0000472	NA	NA	COG4765	NA	Uncharacterized conserved protein, DUF2155 domain	AG-426-I10_00071	-5
CACGZG010000001.1	50371	50730	-	AG-426-I10_00067	AG-426-I10	119	OG0000369	NA	NA	COG3761	NDUFA12	NADH:ubiquinone oxidoreductase NDUFA12 subunit (Leigh syndrome)	AG-426-I10_00071	-4
CACGZG010000001.1	50846	51667	+	AG-426-I10_00068	AG-426-I10	273	OG0000284	NA	NA	NA	NA	NA	AG-426-I10_00071	-3
CACGZG010000001.1	51668	53452	-	AG-426-I10_00069	AG-426-I10	594	OG0000189	K01876	aspartyl-tRNA synthetase [EC:6.1.1.12]	COG0173	AspS	Aspartyl-tRNA synthetase	AG-426-I10_00071	-2
CACGZG010000001.1	53453	54127	-	AG-426-I10_00070	AG-426-I10	224	OG0000690	NA	NA	COG0593	DnaA	Chromosomal replication initiation ATPase DnaA	AG-426-I10_00071	-1
CACGZG010000001.1	54112	55188	-	AG-426-I10_00071	AG-426-I10	358	OG0000916	NA	NA	NA	NA	NA	AG-426-I10_00071	0
CACGZG010000001.1	55200	56228	+	AG-426-I10_00072	AG-426-I10	342	OG0000574	K01933	phosphoribosylformylglycinamidine cyclo-ligase [EC:6.3.3.1]	COG0150	PurM	Phosphoribosylaminoimidazole (AIR) synthetase	AG-426-I10_00071	1
CACGZG010000001.1	56206	56790	+	AG-426-I10_00073	AG-426-I10	194	OG0000035	K11175	phosphoribosylglycinamide formyltransferase 1 [EC:2.1.2.2]	COG0299	PurN	Folate-dependent phosphoribosylglycinamide formyltransferase PurN	AG-426-I10_00071	2
CACGZG010000001.1	56780	57190	-	AG-426-I10_00074	AG-426-I10	136	OG0000480	K00940	nucleoside-diphosphate kinase [EC:2.7.4.6]	COG0105	Ndk	Nucleoside diphosphate kinase	AG-426-I10_00071	3
CACGZG010000001.1	57183	58649	-	AG-426-I10_00075	AG-426-I10	488	OG0000405	K01255	leucyl aminopeptidase [EC:3.4.11.1]	COG0260	PepB	Leucyl aminopeptidase	AG-426-I10_00071	4
CACGZG010000001.1	58704	59843	+	AG-426-I10_00076	AG-426-I10	379	OG0000932	NA	NA	COG0795	LptF	Lipopolysaccharide export LptBFGC system, permease protein LptF	AG-426-I10_00071	5
CACGZT010000002.1	40379	41527	-	AG-426-I15_00413	AG-426-I15	382	OG0000932	NA	NA	COG0795	LptF	Lipopolysaccharide export LptBFGC system, permease protein LptF	AG-426-I15_00418	-5
CACGZT010000002.1	41666	43123	+	AG-426-I15_00414	AG-426-I15	485	OG0000405	K01255	leucyl aminopeptidase [EC:3.4.11.1]	COG0260	PepB	Leucyl aminopeptidase	AG-426-I15_00418	-4
CACGZT010000002.1	43116	43526	+	AG-426-I15_00415	AG-426-I15	136	OG0000480	K00940	nucleoside-diphosphate kinase [EC:2.7.4.6]	COG0105	Ndk	Nucleoside diphosphate kinase	AG-426-I15_00418	-3
CACGZT010000002.1	43523	44083	-	AG-426-I15_00416	AG-426-I15	186	OG0000035	K11175	phosphoribosylglycinamide formyltransferase 1 [EC:2.1.2.2]	COG0299	PurN	Folate-dependent phosphoribosylglycinamide formyltransferase PurN	AG-426-I15_00418	-2
CACGZT010000002.1	44077	45102	-	AG-426-I15_00417	AG-426-I15	341	OG0000574	K01933	phosphoribosylformylglycinamidine cyclo-ligase [EC:6.3.3.1]	COG0150	PurM	Phosphoribosylaminoimidazole (AIR) synthetase	AG-426-I15_00418	-1
CACGZT010000002.1	45120	46175	+	AG-426-I15_00418	AG-426-I15	351	OG0000916	NA	NA	NA	NA	NA	AG-426-I15_00418	0
CACGZT010000002.1	46177	46839	+	AG-426-I15_00419	AG-426-I15	220	OG0000690	NA	NA	COG0593	DnaA	Chromosomal replication initiation ATPase DnaA	AG-426-I15_00418	1
CACGZT010000002.1	46841	48631	+	AG-426-I15_00420	AG-426-I15	596	OG0000189	K01876	aspartyl-tRNA synthetase [EC:6.1.1.12]	COG0173	AspS	Aspartyl-tRNA synthetase	AG-426-I15_00418	2
CACGZT010000002.1	48628	49464	-	AG-426-I15_00421	AG-426-I15	278	OG0000284	NA	NA	NA	NA	NA	AG-426-I15_00418	3
CACGZT010000002.1	49580	49936	+	AG-426-I15_00422	AG-426-I15	118	OG0000369	NA	NA	COG3761	NDUFA12	NADH:ubiquinone oxidoreductase NDUFA12 subunit (Leigh syndrome)	AG-426-I15_00418	4
CACGZT010000002.1	49917	50414	+	AG-426-I15_00423	AG-426-I15	165	OG0000472	NA	NA	COG4765	NA	Uncharacterized conserved protein, DUF2155 domain	AG-426-I15_00418	5
CACHAK010000009.1	37685	41269	+	AG-426-I21_01155	AG-426-I21	1194	OG0000284	K00525	ribonucleoside-diphosphate reductase alpha chain [EC:1.17.4.1]	COG0209	NrdA	Ribonucleotide reductase alpha subunit	AG-426-I21_01160	-5
CACHAK010000009.1	41271	43067	-	AG-426-I21_01156	AG-426-I21	598	OG0000189	K01876	aspartyl-tRNA synthetase [EC:6.1.1.12]	COG0173	AspS	Aspartyl-tRNA synthetase	AG-426-I21_01160	-4
CACHAK010000009.1	43101	43934	+	AG-426-I21_01157	AG-426-I21	277	OG0000122	K03684	ribonuclease D [EC:3.1.13.5]	COG0349	Rnd	Ribonuclease D, nanoRNase NrnC or deoxydinuclease (diDNase)	AG-426-I21_01160	-3
CACHAK010000009.1	43912	44559	-	AG-426-I21_01158	AG-426-I21	215	OG0000690	NA	NA	COG0593	DnaA	Chromosomal replication initiation ATPase DnaA	AG-426-I21_01160	-2
CACHAK010000009.1	44560	45105	-	AG-426-I21_01159	AG-426-I21	181	OG0000149	NA	NA	COG0558	PgsA	Phosphatidylglycerophosphate synthase	AG-426-I21_01160	-1
CACHAK010000009.1	45098	46177	-	AG-426-I21_01160	AG-426-I21	359	OG0000916	NA	NA	NA	NA	NA	AG-426-I21_01160	0
CACHAK010000009.1	46193	47227	+	AG-426-I21_01161	AG-426-I21	344	OG0000574	K01933	phosphoribosylformylglycinamidine cyclo-ligase [EC:6.3.3.1]	COG0150	PurM	Phosphoribosylaminoimidazole (AIR) synthetase	AG-426-I21_01160	1
CACHAK010000009.1	47227	47799	+	AG-426-I21_01162	AG-426-I21	190	OG0000035	K11175	phosphoribosylglycinamide formyltransferase 1 [EC:2.1.2.2]	COG0299	PurN	Folate-dependent phosphoribosylglycinamide formyltransferase PurN	AG-426-I21_01160	2
CACHAK010000009.1	47789	48211	-	AG-426-I21_01163	AG-426-I21	140	OG0000480	K00940	nucleoside-diphosphate kinase [EC:2.7.4.6]	COG0105	Ndk	Nucleoside diphosphate kinase	AG-426-I21_01160	3
CACHAK010000009.1	48211	49728	-	AG-426-I21_01164	AG-426-I21	505	OG0000405	K01255	leucyl aminopeptidase [EC:3.4.11.1]	COG0260	PepB	Leucyl aminopeptidase	AG-426-I21_01160	4
CACHAK010000009.1	49769	50887	+	AG-426-I21_01165	AG-426-I21	372	OG0000932	NA	NA	COG0795	LptF	Lipopolysaccharide export LptBFGC system, permease protein LptF	AG-426-I21_01160	5
CACHML010000006.1	25415	26566	-	AG-426-K09_00653	AG-426-K09	383	OG0000932	NA	NA	COG0795	LptF	Lipopolysaccharide export LptBFGC system, permease protein LptF	AG-426-K09_00658	-5
CACHML010000006.1	26621	28057	+	AG-426-K09_00654	AG-426-K09	478	OG0000405	K01255	leucyl aminopeptidase [EC:3.4.11.1]	COG0260	PepB	Leucyl aminopeptidase	AG-426-K09_00658	-4
CACHML010000006.1	28050	28460	+	AG-426-K09_00655	AG-426-K09	136	OG0000480	K00940	nucleoside-diphosphate kinase [EC:2.7.4.6]	COG0105	Ndk	Nucleoside diphosphate kinase	AG-426-K09_00658	-3
CACHML010000006.1	28450	29028	-	AG-426-K09_00656	AG-426-K09	192	OG0000035	K11175	phosphoribosylglycinamide formyltransferase 1 [EC:2.1.2.2]	COG0299	PurN	Folate-dependent phosphoribosylglycinamide formyltransferase PurN	AG-426-K09_00658	-2
CACHML010000006.1	29009	30031	-	AG-426-K09_00657	AG-426-K09	340	OG0000574	K01933	phosphoribosylformylglycinamidine cyclo-ligase [EC:6.3.3.1]	COG0150	PurM	Phosphoribosylaminoimidazole (AIR) synthetase	AG-426-K09_00658	-1
CACHML010000006.1	30043	31119	+	AG-426-K09_00658	AG-426-K09	358	OG0000916	NA	NA	NA	NA	NA	AG-426-K09_00658	0
CACHML010000006.1	31116	31772	+	AG-426-K09_00659	AG-426-K09	218	OG0000690	NA	NA	COG0593	DnaA	Chromosomal replication initiation ATPase DnaA	AG-426-K09_00658	1
CACHML010000006.1	31774	33558	+	AG-426-K09_00660	AG-426-K09	594	OG0000189	K01876	aspartyl-tRNA synthetase [EC:6.1.1.12]	COG0173	AspS	Aspartyl-tRNA synthetase	AG-426-K09_00658	2
CACHML010000006.1	33559	34380	-	AG-426-K09_00661	AG-426-K09	273	OG0000284	NA	NA	NA	NA	NA	AG-426-K09_00658	3
CACHML010000006.1	34496	34852	+	AG-426-K09_00662	AG-426-K09	118	OG0000369	NA	NA	COG3761	NDUFA12	NADH:ubiquinone oxidoreductase NDUFA12 subunit (Leigh syndrome)	AG-426-K09_00658	4
CACHML010000006.1	34818	35219	+	AG-426-K09_00663	AG-426-K09	133	OG0000472	NA	NA	COG4765	NA	Uncharacterized conserved protein, DUF2155 domain	AG-426-K09_00658	5
CACPHV010000001.1	7932	9059	-	AG-426-M05_00009	AG-426-M05	375	OG0000932	NA	NA	COG0795	LptF	Lipopolysaccharide export LptBFGC system, permease protein LptF	AG-426-M05_00014	-5
CACPHV010000001.1	9120	10574	+	AG-426-M05_00010	AG-426-M05	484	OG0000405	K01255	leucyl aminopeptidase [EC:3.4.11.1]	COG0260	PepB	Leucyl aminopeptidase	AG-426-M05_00014	-4
CACPHV010000001.1	10567	10977	+	AG-426-M05_00011	AG-426-M05	136	OG0000480	K00940	nucleoside-diphosphate kinase [EC:2.7.4.6]	COG0105	Ndk	Nucleoside diphosphate kinase	AG-426-M05_00014	-3
CACPHV010000001.1	10967	11548	-	AG-426-M05_00012	AG-426-M05	193	OG0000035	K11175	phosphoribosylglycinamide formyltransferase 1 [EC:2.1.2.2]	COG0299	PurN	Folate-dependent phosphoribosylglycinamide formyltransferase PurN	AG-426-M05_00014	-2
CACPHV010000001.1	11523	12554	-	AG-426-M05_00013	AG-426-M05	343	OG0000574	K01933	phosphoribosylformylglycinamidine cyclo-ligase [EC:6.3.3.1]	COG0150	PurM	Phosphoribosylaminoimidazole (AIR) synthetase	AG-426-M05_00014	-1
CACPHV010000001.1	12566	13654	+	AG-426-M05_00014	AG-426-M05	362	OG0000916	NA	NA	NA	NA	NA	AG-426-M05_00014	0
CACPHV010000001.1	13641	14303	+	AG-426-M05_00015	AG-426-M05	220	OG0000690	NA	NA	COG0593	DnaA	Chromosomal replication initiation ATPase DnaA	AG-426-M05_00014	1
CACPHV010000001.1	14352	16088	+	AG-426-M05_00016	AG-426-M05	578	OG0000189	K01876	aspartyl-tRNA synthetase [EC:6.1.1.12]	COG0173	AspS	Aspartyl-tRNA synthetase	AG-426-M05_00014	2
CACPHV010000001.1	16090	16914	-	AG-426-M05_00017	AG-426-M05	274	OG0000284	NA	NA	NA	NA	NA	AG-426-M05_00014	3
CACPHV010000001.1	17029	17388	+	AG-426-M05_00018	AG-426-M05	119	OG0000369	NA	NA	COG3761	NDUFA12	NADH:ubiquinone oxidoreductase NDUFA12 subunit (Leigh syndrome)	AG-426-M05_00014	4
CACPHV010000001.1	17351	17758	+	AG-426-M05_00019	AG-426-M05	135	OG0000472	NA	NA	COG4765	NA	Uncharacterized conserved protein, DUF2155 domain	AG-426-M05_00014	5
CACHEQ010000006.1	28613	29020	-	AG-426-M19_00893	AG-426-M19	135	OG0000472	NA	NA	COG4765	NA	Uncharacterized conserved protein, DUF2155 domain	AG-426-M19_00898	-5
CACHEQ010000006.1	28983	29339	-	AG-426-M19_00894	AG-426-M19	118	OG0000369	NA	NA	COG3761	NDUFA12	NADH:ubiquinone oxidoreductase NDUFA12 subunit (Leigh syndrome)	AG-426-M19_00898	-4
CACHEQ010000006.1	29446	30267	+	AG-426-M19_00895	AG-426-M19	273	OG0000284	NA	NA	NA	NA	NA	AG-426-M19_00898	-3
CACHEQ010000006.1	30268	32049	-	AG-426-M19_00896	AG-426-M19	593	OG0000189	K01876	aspartyl-tRNA synthetase [EC:6.1.1.12]	COG0173	AspS	Aspartyl-tRNA synthetase	AG-426-M19_00898	-2
CACHEQ010000006.1	32046	32705	-	AG-426-M19_00897	AG-426-M19	219	OG0000690	NA	NA	COG0593	DnaA	Chromosomal replication initiation ATPase DnaA	AG-426-M19_00898	-1
CACHEQ010000006.1	32702	33778	-	AG-426-M19_00898	AG-426-M19	358	OG0000916	NA	NA	NA	NA	NA	AG-426-M19_00898	0
CACHEQ010000006.1	33788	34810	+	AG-426-M19_00899	AG-426-M19	340	OG0000574	K01933	phosphoribosylformylglycinamidine cyclo-ligase [EC:6.3.3.1]	COG0150	PurM	Phosphoribosylaminoimidazole (AIR) synthetase	AG-426-M19_00898	1
CACHEQ010000006.1	34791	35369	+	AG-426-M19_00900	AG-426-M19	192	OG0000035	K11175	phosphoribosylglycinamide formyltransferase 1 [EC:2.1.2.2]	COG0299	PurN	Folate-dependent phosphoribosylglycinamide formyltransferase PurN	AG-426-M19_00898	2
CACHEQ010000006.1	35359	35769	-	AG-426-M19_00901	AG-426-M19	136	OG0000480	K00940	nucleoside-diphosphate kinase [EC:2.7.4.6]	COG0105	Ndk	Nucleoside diphosphate kinase	AG-426-M19_00898	3
CACHEQ010000006.1	35762	37195	-	AG-426-M19_00902	AG-426-M19	477	OG0000405	K01255	leucyl aminopeptidase [EC:3.4.11.1]	COG0260	PepB	Leucyl aminopeptidase	AG-426-M19_00898	4
CACHEQ010000006.1	37250	38386	+	AG-426-M19_00903	AG-426-M19	378	OG0000932	NA	NA	COG0795	LptF	Lipopolysaccharide export LptBFGC system, permease protein LptF	AG-426-M19_00898	5
CACHEU010000002.1	119739	120821	-	AG-426-O05_00529	AG-426-O05	360	OG0000932	NA	NA	COG0795	LptF	Lipopolysaccharide export LptBFGC system, permease protein LptF	AG-426-O05_00534	-5
CACHEU010000002.1	120947	122416	+	AG-426-O05_00530	AG-426-O05	489	OG0000405	K01255	leucyl aminopeptidase [EC:3.4.11.1]	COG0260	PepB	Leucyl aminopeptidase	AG-426-O05_00534	-4
CACHEU010000002.1	122421	122825	+	AG-426-O05_00531	AG-426-O05	134	OG0000480	K00940	nucleoside-diphosphate kinase [EC:2.7.4.6]	COG0105	Ndk	Nucleoside diphosphate kinase	AG-426-O05_00534	-3
CACHEU010000002.1	122822	123388	-	AG-426-O05_00532	AG-426-O05	188	OG0000035	K11175	phosphoribosylglycinamide formyltransferase 1 [EC:2.1.2.2]	COG0299	PurN	Folate-dependent phosphoribosylglycinamide formyltransferase PurN	AG-426-O05_00534	-2
CACHEU010000002.1	123382	124410	-	AG-426-O05_00533	AG-426-O05	342	OG0000574	K01933	phosphoribosylformylglycinamidine cyclo-ligase [EC:6.3.3.1]	COG0150	PurM	Phosphoribosylaminoimidazole (AIR) synthetase	AG-426-O05_00534	-1
CACHEU010000002.1	124436	125485	+	AG-426-O05_00534	AG-426-O05	349	OG0000916	NA	NA	NA	NA	NA	AG-426-O05_00534	0
CACHEU010000002.1	125487	126149	+	AG-426-O05_00535	AG-426-O05	220	OG0000690	NA	NA	COG0593	DnaA	Chromosomal replication initiation ATPase DnaA	AG-426-O05_00534	1
CACHEU010000002.1	126156	127949	+	AG-426-O05_00536	AG-426-O05	597	OG0000189	K01876	aspartyl-tRNA synthetase [EC:6.1.1.12]	COG0173	AspS	Aspartyl-tRNA synthetase	AG-426-O05_00534	2
CACHEU010000002.1	127946	128785	-	AG-426-O05_00537	AG-426-O05	279	OG0000284	NA	NA	NA	NA	NA	AG-426-O05_00534	3
CACHEU010000002.1	128904	129260	+	AG-426-O05_00538	AG-426-O05	118	OG0000369	NA	NA	COG3761	NDUFA12	NADH:ubiquinone oxidoreductase NDUFA12 subunit (Leigh syndrome)	AG-426-O05_00534	4
CACHEU010000002.1	129241	129729	+	AG-426-O05_00539	AG-426-O05	162	OG0000472	NA	NA	COG4765	NA	Uncharacterized conserved protein, DUF2155 domain	AG-426-O05_00534	5
CACHEF010000003.1	27072	27479	-	AG-426-P08_00535	AG-426-P08	135	OG0000472	NA	NA	COG4765	NA	Uncharacterized conserved protein, DUF2155 domain	AG-426-P08_00540	-5
CACHEF010000003.1	27439	27807	-	AG-426-P08_00536	AG-426-P08	122	OG0000369	NA	NA	COG3761	NDUFA12	NADH:ubiquinone oxidoreductase NDUFA12 subunit (Leigh syndrome)	AG-426-P08_00540	-4
CACHEF010000003.1	27923	28741	+	AG-426-P08_00537	AG-426-P08	272	OG0000284	NA	NA	NA	NA	NA	AG-426-P08_00540	-3
CACHEF010000003.1	28742	30529	-	AG-426-P08_00538	AG-426-P08	595	OG0000189	K01876	aspartyl-tRNA synthetase [EC:6.1.1.12]	COG0173	AspS	Aspartyl-tRNA synthetase	AG-426-P08_00540	-2
CACHEF010000003.1	30530	31192	-	AG-426-P08_00539	AG-426-P08	220	OG0000690	NA	NA	COG0593	DnaA	Chromosomal replication initiation ATPase DnaA	AG-426-P08_00540	-1
CACHEF010000003.1	31189	32250	-	AG-426-P08_00540	AG-426-P08	353	OG0000916	NA	NA	NA	NA	NA	AG-426-P08_00540	0
CACHEF010000003.1	32268	33296	+	AG-426-P08_00541	AG-426-P08	342	OG0000574	K01933	phosphoribosylformylglycinamidine cyclo-ligase [EC:6.3.3.1]	COG0150	PurM	Phosphoribosylaminoimidazole (AIR) synthetase	AG-426-P08_00540	1
CACHEF010000003.1	33274	33858	+	AG-426-P08_00542	AG-426-P08	194	OG0000035	K11175	phosphoribosylglycinamide formyltransferase 1 [EC:2.1.2.2]	COG0299	PurN	Folate-dependent phosphoribosylglycinamide formyltransferase PurN	AG-426-P08_00540	2
CACHEF010000003.1	33848	34258	-	AG-426-P08_00543	AG-426-P08	136	OG0000480	K00940	nucleoside-diphosphate kinase [EC:2.7.4.6]	COG0105	Ndk	Nucleoside diphosphate kinase	AG-426-P08_00540	3
CACHEF010000003.1	34251	35708	-	AG-426-P08_00544	AG-426-P08	485	OG0000405	K01255	leucyl aminopeptidase [EC:3.4.11.1]	COG0260	PepB	Leucyl aminopeptidase	AG-426-P08_00540	4
CACHEF010000003.1	35768	36877	+	AG-426-P08_00545	AG-426-P08	369	OG0000932	NA	NA	COG0795	LptF	Lipopolysaccharide export LptBFGC system, permease protein LptF	AG-426-P08_00540	5
CACHFM010000002.1	78333	79475	-	AG-430-A11_00309	AG-430-A11	380	OG0000932	NA	NA	COG0795	LptF	Lipopolysaccharide export LptBFGC system, permease protein LptF	AG-430-A11_00314	-5
CACHFM010000002.1	79537	80994	+	AG-430-A11_00310	AG-430-A11	485	OG0000405	K01255	leucyl aminopeptidase [EC:3.4.11.1]	COG0260	PepB	Leucyl aminopeptidase	AG-430-A11_00314	-4
CACHFM010000002.1	80987	81397	+	AG-430-A11_00311	AG-430-A11	136	OG0000480	K00940	nucleoside-diphosphate kinase [EC:2.7.4.6]	COG0105	Ndk	Nucleoside diphosphate kinase	AG-430-A11_00314	-3
CACHFM010000002.1	81387	81968	-	AG-430-A11_00312	AG-430-A11	193	OG0000035	K11175	phosphoribosylglycinamide formyltransferase 1 [EC:2.1.2.2]	COG0299	PurN	Folate-dependent phosphoribosylglycinamide formyltransferase PurN	AG-430-A11_00314	-2
CACHFM010000002.1	81946	82974	-	AG-430-A11_00313	AG-430-A11	342	OG0000574	K01933	phosphoribosylformylglycinamidine cyclo-ligase [EC:6.3.3.1]	COG0150	PurM	Phosphoribosylaminoimidazole (AIR) synthetase	AG-430-A11_00314	-1
CACHFM010000002.1	82986	84056	+	AG-430-A11_00314	AG-430-A11	356	OG0000916	NA	NA	NA	NA	NA	AG-430-A11_00314	0
CACHFM010000002.1	84041	84715	+	AG-430-A11_00315	AG-430-A11	224	OG0000690	NA	NA	COG0593	DnaA	Chromosomal replication initiation ATPase DnaA	AG-430-A11_00314	1
CACHFM010000002.1	84716	86500	+	AG-430-A11_00316	AG-430-A11	594	OG0000189	K01876	aspartyl-tRNA synthetase [EC:6.1.1.12]	COG0173	AspS	Aspartyl-tRNA synthetase	AG-430-A11_00314	2
CACHFM010000002.1	86504	87328	-	AG-430-A11_00317	AG-430-A11	274	OG0000284	NA	NA	NA	NA	NA	AG-430-A11_00314	3
CACHFM010000002.1	87446	87805	+	AG-430-A11_00318	AG-430-A11	119	OG0000369	NA	NA	COG3761	NDUFA12	NADH:ubiquinone oxidoreductase NDUFA12 subunit (Leigh syndrome)	AG-430-A11_00314	4
CACHFM010000002.1	87768	88175	+	AG-430-A11_00319	AG-430-A11	135	OG0000472	NA	NA	COG4765	NA	Uncharacterized conserved protein, DUF2155 domain	AG-430-A11_00314	5
CACHIV010000004.1	19012	20154	-	AG-430-B09_00640	AG-430-B09	380	OG0000932	NA	NA	NA	NA	NA	AG-430-B09_00645	-5
CACHIV010000004.1	20203	21666	+	AG-430-B09_00641	AG-430-B09	487	OG0000405	K01255	leucyl aminopeptidase [EC:3.4.11.1]	COG0260	PepB	Leucyl aminopeptidase	AG-430-B09_00645	-4
CACHIV010000004.1	21659	22069	+	AG-430-B09_00642	AG-430-B09	136	OG0000480	K00940	nucleoside-diphosphate kinase [EC:2.7.4.6]	COG0105	Ndk	Nucleoside diphosphate kinase	AG-430-B09_00645	-3
CACHIV010000004.1	22066	22644	-	AG-430-B09_00643	AG-430-B09	192	OG0000035	K11175	phosphoribosylglycinamide formyltransferase 1 [EC:2.1.2.2]	COG0299	PurN	Folate-dependent phosphoribosylglycinamide formyltransferase PurN	AG-430-B09_00645	-2
CACHIV010000004.1	22622	23650	-	AG-430-B09_00644	AG-430-B09	342	OG0000574	K01933	phosphoribosylformylglycinamidine cyclo-ligase [EC:6.3.3.1]	COG0150	PurM	Phosphoribosylaminoimidazole (AIR) synthetase	AG-430-B09_00645	-1
CACHIV010000004.1	23662	24741	+	AG-430-B09_00645	AG-430-B09	359	OG0000916	NA	NA	NA	NA	NA	AG-430-B09_00645	0
CACHIV010000004.1	24738	25400	+	AG-430-B09_00646	AG-430-B09	220	OG0000690	NA	NA	COG0593	DnaA	Chromosomal replication initiation ATPase DnaA	AG-430-B09_00645	1
CACHIV010000004.1	25402	27183	+	AG-430-B09_00647	AG-430-B09	593	OG0000189	K01876	aspartyl-tRNA synthetase [EC:6.1.1.12]	COG0173	AspS	Aspartyl-tRNA synthetase	AG-430-B09_00645	2
CACHIV010000004.1	27186	28007	-	AG-430-B09_00648	AG-430-B09	273	OG0000284	NA	NA	NA	NA	NA	AG-430-B09_00645	3
CACHIV010000004.1	28122	28481	+	AG-430-B09_00649	AG-430-B09	119	OG0000369	NA	NA	COG3761	NDUFA12	NADH:ubiquinone oxidoreductase NDUFA12 subunit (Leigh syndrome)	AG-430-B09_00645	4
CACHIV010000004.1	28441	28845	+	AG-430-B09_00650	AG-430-B09	134	OG0000472	NA	NA	COG4765	NA	Uncharacterized conserved protein, DUF2155 domain	AG-430-B09_00645	5
CACHIY010000001.1	142412	142816	-	AG-430-E20_00157	AG-430-E20	134	OG0000472	NA	NA	COG4765	NA	Uncharacterized conserved protein, DUF2155 domain	AG-430-E20_00162	-5
CACHIY010000001.1	142779	143138	-	AG-430-E20_00158	AG-430-E20	119	OG0000369	NA	NA	COG3761	NDUFA12	NADH:ubiquinone oxidoreductase NDUFA12 subunit (Leigh syndrome)	AG-430-E20_00162	-4
CACHIY010000001.1	143252	144076	+	AG-430-E20_00159	AG-430-E20	274	OG0000284	NA	NA	NA	NA	NA	AG-430-E20_00162	-3
CACHIY010000001.1	144080	145864	-	AG-430-E20_00160	AG-430-E20	594	OG0000189	K01876	aspartyl-tRNA synthetase [EC:6.1.1.12]	COG0173	AspS	Aspartyl-tRNA synthetase	AG-430-E20_00162	-2
CACHIY010000001.1	145865	146539	-	AG-430-E20_00161	AG-430-E20	224	OG0000690	NA	NA	COG0593	DnaA	Chromosomal replication initiation ATPase DnaA	AG-430-E20_00162	-1
CACHIY010000001.1	146524	147603	-	AG-430-E20_00162	AG-430-E20	359	OG0000916	NA	NA	NA	NA	NA	AG-430-E20_00162	0
CACHIY010000001.1	147615	148643	+	AG-430-E20_00163	AG-430-E20	342	OG0000574	K01933	phosphoribosylformylglycinamidine cyclo-ligase [EC:6.3.3.1]	COG0150	PurM	Phosphoribosylaminoimidazole (AIR) synthetase	AG-430-E20_00162	1
CACHIY010000001.1	148621	149202	+	AG-430-E20_00164	AG-430-E20	193	OG0000035	K11175	phosphoribosylglycinamide formyltransferase 1 [EC:2.1.2.2]	COG0299	PurN	Folate-dependent phosphoribosylglycinamide formyltransferase PurN	AG-430-E20_00162	2
CACHIY010000001.1	149192	149602	-	AG-430-E20_00165	AG-430-E20	136	OG0000480	K00940	nucleoside-diphosphate kinase [EC:2.7.4.6]	COG0105	Ndk	Nucleoside diphosphate kinase	AG-430-E20_00162	3
CACHIY010000001.1	149595	151049	-	AG-430-E20_00166	AG-430-E20	484	OG0000405	K01255	leucyl aminopeptidase [EC:3.4.11.1]	COG0260	PepB	Leucyl aminopeptidase	AG-430-E20_00162	4
CACHIY010000001.1	151110	152255	+	AG-430-E20_00167	AG-430-E20	381	OG0000932	NA	NA	COG0795	LptF	Lipopolysaccharide export LptBFGC system, permease protein LptF	AG-430-E20_00162	5
CACHPL010000002.1	131430	132599	-	AG-430-F03_00713	AG-430-F03	389	OG0000932	NA	NA	COG0795	LptF	Lipopolysaccharide export LptBFGC system, permease protein LptF	AG-430-F03_00718	-5
CACHPL010000002.1	132752	134209	+	AG-430-F03_00714	AG-430-F03	485	OG0000405	K01255	leucyl aminopeptidase [EC:3.4.11.1]	COG0260	PepB	Leucyl aminopeptidase	AG-430-F03_00718	-4
CACHPL010000002.1	134202	134612	+	AG-430-F03_00715	AG-430-F03	136	OG0000480	K00940	nucleoside-diphosphate kinase [EC:2.7.4.6]	COG0105	Ndk	Nucleoside diphosphate kinase	AG-430-F03_00718	-3
CACHPL010000002.1	134609	135172	-	AG-430-F03_00716	AG-430-F03	187	OG0000035	K11175	phosphoribosylglycinamide formyltransferase 1 [EC:2.1.2.2]	COG0299	PurN	Folate-dependent phosphoribosylglycinamide formyltransferase PurN	AG-430-F03_00718	-2
CACHPL010000002.1	135166	136194	-	AG-430-F03_00717	AG-430-F03	342	OG0000574	K01933	phosphoribosylformylglycinamidine cyclo-ligase [EC:6.3.3.1]	COG0150	PurM	Phosphoribosylaminoimidazole (AIR) synthetase	AG-430-F03_00718	-1
CACHPL010000002.1	136220	137269	+	AG-430-F03_00718	AG-430-F03	349	OG0000916	NA	NA	NA	NA	NA	AG-430-F03_00718	0
CACHPL010000002.1	137271	137936	+	AG-430-F03_00719	AG-430-F03	221	OG0000690	NA	NA	COG0593	DnaA	Chromosomal replication initiation ATPase DnaA	AG-430-F03_00718	1
CACHPL010000002.1	137945	139732	+	AG-430-F03_00720	AG-430-F03	595	OG0000189	K01876	aspartyl-tRNA synthetase [EC:6.1.1.12]	COG0173	AspS	Aspartyl-tRNA synthetase	AG-430-F03_00718	2
CACHPL010000002.1	139733	140563	-	AG-430-F03_00721	AG-430-F03	276	OG0000284	NA	NA	NA	NA	NA	AG-430-F03_00718	3
CACHPL010000002.1	140682	141041	+	AG-430-F03_00722	AG-430-F03	119	OG0000369	NA	NA	COG3761	NDUFA12	NADH:ubiquinone oxidoreductase NDUFA12 subunit (Leigh syndrome)	AG-430-F03_00718	4
CACHPL010000002.1	141022	141522	+	AG-430-F03_00723	AG-430-F03	166	OG0000472	NA	NA	COG4765	NA	Uncharacterized conserved protein, DUF2155 domain	AG-430-F03_00718	5
CACHLM010000003.1	133028	134170	-	AG-430-F16_00836	AG-430-F16	380	OG0000932	NA	NA	COG0795	LptF	Lipopolysaccharide export LptBFGC system, permease protein LptF	AG-430-F16_00841	-5
CACHLM010000003.1	134227	135687	+	AG-430-F16_00837	AG-430-F16	486	OG0000405	K01255	leucyl aminopeptidase [EC:3.4.11.1]	COG0260	PepB	Leucyl aminopeptidase	AG-430-F16_00841	-4
CACHLM010000003.1	135680	136090	+	AG-430-F16_00838	AG-430-F16	136	OG0000480	K00940	nucleoside-diphosphate kinase [EC:2.7.4.6]	COG0105	Ndk	Nucleoside diphosphate kinase	AG-430-F16_00841	-3
CACHLM010000003.1	136080	136649	-	AG-430-F16_00839	AG-430-F16	189	OG0000035	K11175	phosphoribosylglycinamide formyltransferase 1 [EC:2.1.2.2]	COG0299	PurN	Folate-dependent phosphoribosylglycinamide formyltransferase PurN	AG-430-F16_00841	-2
CACHLM010000003.1	136651	137676	-	AG-430-F16_00840	AG-430-F16	341	OG0000574	K01933	phosphoribosylformylglycinamidine cyclo-ligase [EC:6.3.3.1]	COG0150	PurM	Phosphoribosylaminoimidazole (AIR) synthetase	AG-430-F16_00841	-1
CACHLM010000003.1	137685	138761	+	AG-430-F16_00841	AG-430-F16	358	OG0000916	NA	NA	NA	NA	NA	AG-430-F16_00841	0
CACHLM010000003.1	138746	139426	+	AG-430-F16_00842	AG-430-F16	226	OG0000690	NA	NA	COG0593	DnaA	Chromosomal replication initiation ATPase DnaA	AG-430-F16_00841	1
CACHLM010000003.1	139423	141210	+	AG-430-F16_00843	AG-430-F16	595	OG0000189	K01876	aspartyl-tRNA synthetase [EC:6.1.1.12]	COG0173	AspS	Aspartyl-tRNA synthetase	AG-430-F16_00841	2
CACHLM010000003.1	141211	142041	-	AG-430-F16_00844	AG-430-F16	276	OG0000284	NA	NA	NA	NA	NA	AG-430-F16_00841	3
CACHLM010000003.1	142152	142508	+	AG-430-F16_00845	AG-430-F16	118	OG0000369	NA	NA	COG3761	NDUFA12	NADH:ubiquinone oxidoreductase NDUFA12 subunit (Leigh syndrome)	AG-430-F16_00841	4
CACHLM010000003.1	142543	142875	+	AG-430-F16_00846	AG-430-F16	110	OG0000472	NA	NA	COG4765	NA	Uncharacterized conserved protein, DUF2155 domain	AG-430-F16_00841	5
CACHSC010000006.1	12439	13560	-	AG-430-G11_00716	AG-430-G11	373	OG0000932	NA	NA	COG0795	LptF	Lipopolysaccharide export LptBFGC system, permease protein LptF	AG-430-G11_00721	-5
CACHSC010000006.1	13645	15114	+	AG-430-G11_00717	AG-430-G11	489	OG0000405	K01255	leucyl aminopeptidase [EC:3.4.11.1]	COG0260	PepB	Leucyl aminopeptidase	AG-430-G11_00721	-4
CACHSC010000006.1	15107	15517	+	AG-430-G11_00718	AG-430-G11	136	OG0000480	K00940	nucleoside-diphosphate kinase [EC:2.7.4.6]	COG0105	Ndk	Nucleoside diphosphate kinase	AG-430-G11_00721	-3
CACHSC010000006.1	15514	16086	-	AG-430-G11_00719	AG-430-G11	190	OG0000035	K11175	phosphoribosylglycinamide formyltransferase 1 [EC:2.1.2.2]	COG0299	PurN	Folate-dependent phosphoribosylglycinamide formyltransferase PurN	AG-430-G11_00721	-2
CACHSC010000006.1	16067	17086	-	AG-430-G11_00720	AG-430-G11	339	OG0000574	K01933	phosphoribosylformylglycinamidine cyclo-ligase [EC:6.3.3.1]	COG0150	PurM	Phosphoribosylaminoimidazole (AIR) synthetase	AG-430-G11_00721	-1
CACHSC010000006.1	17098	18174	+	AG-430-G11_00721	AG-430-G11	358	OG0000916	NA	NA	NA	NA	NA	AG-430-G11_00721	0
CACHSC010000006.1	18188	18850	+	AG-430-G11_00722	AG-430-G11	220	OG0000690	NA	NA	COG0593	DnaA	Chromosomal replication initiation ATPase DnaA	AG-430-G11_00721	1
CACHSC010000006.1	18852	20633	+	AG-430-G11_00723	AG-430-G11	593	OG0000189	K01876	aspartyl-tRNA synthetase [EC:6.1.1.12]	COG0173	AspS	Aspartyl-tRNA synthetase	AG-430-G11_00721	2
CACHSC010000006.1	20635	21474	-	AG-430-G11_00724	AG-430-G11	279	OG0000284	NA	NA	NA	NA	NA	AG-430-G11_00721	3
CACHSC010000006.1	21581	21943	+	AG-430-G11_00725	AG-430-G11	120	OG0000369	NA	NA	COG3761	NDUFA12	NADH:ubiquinone oxidoreductase NDUFA12 subunit (Leigh syndrome)	AG-430-G11_00721	4
CACHSC010000006.1	21906	22307	+	AG-430-G11_00726	AG-430-G11	133	OG0000472	NA	NA	COG4765	NA	Uncharacterized conserved protein, DUF2155 domain	AG-430-G11_00721	5
CACHQX010000001.1	123286	123687	-	AG-430-J04_00138	AG-430-J04	133	OG0000472	NA	NA	COG4765	NA	Uncharacterized conserved protein, DUF2155 domain	AG-430-J04_00143	-5
CACHQX010000001.1	123653	124099	-	AG-430-J04_00139	AG-430-J04	148	OG0000369	NA	NA	COG3761	NDUFA12	NADH:ubiquinone oxidoreductase NDUFA12 subunit (Leigh syndrome)	AG-430-J04_00143	-4
CACHQX010000001.1	124119	124946	+	AG-430-J04_00140	AG-430-J04	275	OG0000284	NA	NA	NA	NA	NA	AG-430-J04_00143	-3
CACHQX010000001.1	124947	126734	-	AG-430-J04_00141	AG-430-J04	595	OG0000189	K01876	aspartyl-tRNA synthetase [EC:6.1.1.12]	COG0173	AspS	Aspartyl-tRNA synthetase	AG-430-J04_00143	-2
CACHQX010000001.1	126731	127411	-	AG-430-J04_00142	AG-430-J04	226	OG0000690	NA	NA	COG0593	DnaA	Chromosomal replication initiation ATPase DnaA	AG-430-J04_00143	-1
CACHQX010000001.1	127396	128472	-	AG-430-J04_00143	AG-430-J04	358	OG0000916	NA	NA	NA	NA	NA	AG-430-J04_00143	0
CACHQX010000001.1	128481	129506	+	AG-430-J04_00144	AG-430-J04	341	OG0000574	K01933	phosphoribosylformylglycinamidine cyclo-ligase [EC:6.3.3.1]	COG0150	PurM	Phosphoribosylaminoimidazole (AIR) synthetase	AG-430-J04_00143	1
CACHQX010000001.1	129508	130077	+	AG-430-J04_00145	AG-430-J04	189	OG0000035	K11175	phosphoribosylglycinamide formyltransferase 1 [EC:2.1.2.2]	COG0299	PurN	Folate-dependent phosphoribosylglycinamide formyltransferase PurN	AG-430-J04_00143	2
CACHQX010000001.1	130067	130477	-	AG-430-J04_00146	AG-430-J04	136	OG0000480	K00940	nucleoside-diphosphate kinase [EC:2.7.4.6]	COG0105	Ndk	Nucleoside diphosphate kinase	AG-430-J04_00143	3
CACHQX010000001.1	130470	131930	-	AG-430-J04_00147	AG-430-J04	486	OG0000405	K01255	leucyl aminopeptidase [EC:3.4.11.1]	COG0260	PepB	Leucyl aminopeptidase	AG-430-J04_00143	4
CACHQX010000001.1	131987	133132	+	AG-430-J04_00148	AG-430-J04	381	OG0000932	NA	NA	COG0795	LptF	Lipopolysaccharide export LptBFGC system, permease protein LptF	AG-430-J04_00143	5
CACHVT010000016.1	24	1103	-	AG-430-K07_00929	AG-430-K07	359	OG0000916	NA	NA	NA	NA	NA	AG-430-K07_00929	0
CACHVT010000016.1	1115	2143	+	AG-430-K07_00930	AG-430-K07	342	OG0000574	K01933	phosphoribosylformylglycinamidine cyclo-ligase [EC:6.3.3.1]	COG0150	PurM	Phosphoribosylaminoimidazole (AIR) synthetase	AG-430-K07_00929	1
CACHVT010000016.1	2121	2699	+	AG-430-K07_00931	AG-430-K07	192	OG0000035	K11175	phosphoribosylglycinamide formyltransferase 1 [EC:2.1.2.2]	COG0299	PurN	Folate-dependent phosphoribosylglycinamide formyltransferase PurN	AG-430-K07_00929	2
CACHVT010000016.1	2696	3106	-	AG-430-K07_00932	AG-430-K07	136	OG0000480	K00940	nucleoside-diphosphate kinase [EC:2.7.4.6]	COG0105	Ndk	Nucleoside diphosphate kinase	AG-430-K07_00929	3
CACHVT010000016.1	3099	4562	-	AG-430-K07_00933	AG-430-K07	487	OG0000405	K01255	leucyl aminopeptidase [EC:3.4.11.1]	COG0260	PepB	Leucyl aminopeptidase	AG-430-K07_00929	4
CACHVT010000016.1	4685	5761	+	AG-430-K07_00934	AG-430-K07	358	OG0000932	NA	NA	COG0795	LptF	Lipopolysaccharide export LptBFGC system, permease protein LptF	AG-430-K07_00929	5
CACPJJ010000012.1	27871	28998	-	AG-439-B12_00919	AG-439-B12	375	OG0000932	NA	NA	COG0795	LptF	Lipopolysaccharide export LptBFGC system, permease protein LptF	AG-439-B12_00924	-5
CACPJJ010000012.1	29056	30519	+	AG-439-B12_00920	AG-439-B12	487	OG0000405	K01255	leucyl aminopeptidase [EC:3.4.11.1]	COG0260	PepB	Leucyl aminopeptidase	AG-439-B12_00924	-4
CACPJJ010000012.1	30512	30922	+	AG-439-B12_00921	AG-439-B12	136	OG0000480	K00940	nucleoside-diphosphate kinase [EC:2.7.4.6]	COG0105	Ndk	Nucleoside diphosphate kinase	AG-439-B12_00924	-3
CACPJJ010000012.1	30912	31499	-	AG-439-B12_00922	AG-439-B12	195	OG0000035	K11175	phosphoribosylglycinamide formyltransferase 1 [EC:2.1.2.2]	COG0299	PurN	Folate-dependent phosphoribosylglycinamide formyltransferase PurN	AG-439-B12_00924	-2
CACPJJ010000012.1	31480	32505	-	AG-439-B12_00923	AG-439-B12	341	OG0000574	K01933	phosphoribosylformylglycinamidine cyclo-ligase [EC:6.3.3.1]	COG0150	PurM	Phosphoribosylaminoimidazole (AIR) synthetase	AG-439-B12_00924	-1
CACPJJ010000012.1	32508	33584	+	AG-439-B12_00924	AG-439-B12	358	OG0000916	NA	NA	NA	NA	NA	AG-439-B12_00924	0
CACPJJ010000012.1	33581	34237	+	AG-439-B12_00925	AG-439-B12	218	OG0000690	NA	NA	COG0593	DnaA	Chromosomal replication initiation ATPase DnaA	AG-439-B12_00924	1
CACPJJ010000012.1	34246	36030	+	AG-439-B12_00926	AG-439-B12	594	OG0000189	K01876	aspartyl-tRNA synthetase [EC:6.1.1.12]	COG0173	AspS	Aspartyl-tRNA synthetase	AG-439-B12_00924	2
CACPJJ010000012.1	36031	36864	-	AG-439-B12_00927	AG-439-B12	277	OG0000284	NA	NA	NA	NA	NA	AG-439-B12_00924	3
CACPJJ010000012.1	36977	37339	+	AG-439-B12_00928	AG-439-B12	120	OG0000369	NA	NA	COG3761	NDUFA12	NADH:ubiquinone oxidoreductase NDUFA12 subunit (Leigh syndrome)	AG-439-B12_00924	4
CACPJJ010000012.1	37299	37691	+	AG-439-B12_00929	AG-439-B12	130	OG0000472	NA	NA	COG4765	NA	Uncharacterized conserved protein, DUF2155 domain	AG-439-B12_00924	5
CACIRD010000001.1	25892	27013	-	AG-439-C18_00026	AG-439-C18	373	OG0000932	NA	NA	COG0795	LptF	Lipopolysaccharide export LptBFGC system, permease protein LptF	AG-439-C18_00031	-5
CACIRD010000001.1	27097	28566	+	AG-439-C18_00027	AG-439-C18	489	OG0000405	K01255	leucyl aminopeptidase [EC:3.4.11.1]	COG0260	PepB	Leucyl aminopeptidase	AG-439-C18_00031	-4
CACIRD010000001.1	28559	28969	+	AG-439-C18_00028	AG-439-C18	136	OG0000480	K00940	nucleoside-diphosphate kinase [EC:2.7.4.6]	COG0105	Ndk	Nucleoside diphosphate kinase	AG-439-C18_00031	-3
CACIRD010000001.1	28959	29531	-	AG-439-C18_00029	AG-439-C18	190	OG0000035	K11175	phosphoribosylglycinamide formyltransferase 1 [EC:2.1.2.2]	COG0299	PurN	Folate-dependent phosphoribosylglycinamide formyltransferase PurN	AG-439-C18_00031	-2
CACIRD010000001.1	29525	30550	-	AG-439-C18_00030	AG-439-C18	341	OG0000574	K01933	phosphoribosylformylglycinamidine cyclo-ligase [EC:6.3.3.1]	COG0150	PurM	Phosphoribosylaminoimidazole (AIR) synthetase	AG-439-C18_00031	-1
CACIRD010000001.1	30562	31638	+	AG-439-C18_00031	AG-439-C18	358	OG0000916	NA	NA	NA	NA	NA	AG-439-C18_00031	0
CACIRD010000001.1	31640	32302	+	AG-439-C18_00032	AG-439-C18	220	OG0000690	NA	NA	COG0593	DnaA	Chromosomal replication initiation ATPase DnaA	AG-439-C18_00031	1
CACIRD010000001.1	32303	34084	+	AG-439-C18_00033	AG-439-C18	593	OG0000189	K01876	aspartyl-tRNA synthetase [EC:6.1.1.12]	COG0173	AspS	Aspartyl-tRNA synthetase	AG-439-C18_00031	2
CACIRD010000001.1	34088	34927	-	AG-439-C18_00034	AG-439-C18	279	OG0000284	NA	NA	NA	NA	NA	AG-439-C18_00031	3
CACIRD010000001.1	35031	35393	+	AG-439-C18_00035	AG-439-C18	120	OG0000369	NA	NA	COG3761	NDUFA12	NADH:ubiquinone oxidoreductase NDUFA12 subunit (Leigh syndrome)	AG-439-C18_00031	4
CACIRD010000001.1	35353	35763	+	AG-439-C18_00036	AG-439-C18	136	OG0000472	NA	NA	COG4765	NA	Uncharacterized conserved protein, DUF2155 domain	AG-439-C18_00031	5
CACIQL010000012.1	16826	17944	-	AG-439-D15_00945	AG-439-D15	372	OG0000932	K07091	lipopolysaccharide export system permease protein	COG0795	LptF	Lipopolysaccharide export LptBFGC system, permease protein LptF	AG-439-D15_00950	-5
CACIQL010000012.1	17985	19505	+	AG-439-D15_00946	AG-439-D15	506	OG0000405	K01255	leucyl aminopeptidase [EC:3.4.11.1]	COG0260	PepB	Leucyl aminopeptidase	AG-439-D15_00950	-4
CACIQL010000012.1	19505	19927	+	AG-439-D15_00947	AG-439-D15	140	OG0000480	K00940	nucleoside-diphosphate kinase [EC:2.7.4.6]	COG0105	Ndk	Nucleoside diphosphate kinase	AG-439-D15_00950	-3
CACIQL010000012.1	19917	20489	-	AG-439-D15_00948	AG-439-D15	190	OG0000035	K11175	phosphoribosylglycinamide formyltransferase 1 [EC:2.1.2.2]	COG0299	PurN	Folate-dependent phosphoribosylglycinamide formyltransferase PurN	AG-439-D15_00950	-2
CACIQL010000012.1	20482	21525	-	AG-439-D15_00949	AG-439-D15	347	OG0000574	K01933	phosphoribosylformylglycinamidine cyclo-ligase [EC:6.3.3.1]	COG0150	PurM	Phosphoribosylaminoimidazole (AIR) synthetase	AG-439-D15_00950	-1
CACIQL010000012.1	21541	22620	+	AG-439-D15_00950	AG-439-D15	359	OG0000916	NA	NA	NA	NA	NA	AG-439-D15_00950	0
CACIQL010000012.1	22613	23158	+	AG-439-D15_00951	AG-439-D15	181	OG0000149	NA	NA	COG0558	PgsA	Phosphatidylglycerophosphate synthase	AG-439-D15_00950	1
CACIQL010000012.1	23159	23806	+	AG-439-D15_00952	AG-439-D15	215	OG0000690	NA	NA	COG0593	DnaA	Chromosomal replication initiation ATPase DnaA	AG-439-D15_00950	2
CACIQL010000012.1	23784	24617	-	AG-439-D15_00953	AG-439-D15	277	OG0000122	K03684	ribonuclease D [EC:3.1.13.5]	COG0349	Rnd	Ribonuclease D, nanoRNase NrnC or deoxydinuclease (diDNase)	AG-439-D15_00950	3
CACIQL010000012.1	24651	26447	+	AG-439-D15_00954	AG-439-D15	598	OG0000189	K01876	aspartyl-tRNA synthetase [EC:6.1.1.12]	COG0173	AspS	Aspartyl-tRNA synthetase	AG-439-D15_00950	4
CACIQL010000012.1	26449	30033	-	AG-439-D15_00955	AG-439-D15	1194	OG0000284	K00525	ribonucleoside-diphosphate reductase alpha chain [EC:1.17.4.1]	COG0209	NrdA	Ribonucleotide reductase alpha subunit	AG-439-D15_00950	5
CACIUK010000021.1	907	2019	-	AG-439-E23_01078	AG-439-E23	370	OG0000932	NA	NA	COG0795	LptF	Lipopolysaccharide export LptBFGC system, permease protein LptF	AG-439-E23_01083	-5
CACIUK010000021.1	2077	3540	+	AG-439-E23_01079	AG-439-E23	487	OG0000405	K01255	leucyl aminopeptidase [EC:3.4.11.1]	COG0260	PepB	Leucyl aminopeptidase	AG-439-E23_01083	-4
CACIUK010000021.1	3533	3943	+	AG-439-E23_01080	AG-439-E23	136	OG0000480	K00940	nucleoside-diphosphate kinase [EC:2.7.4.6]	COG0105	Ndk	Nucleoside diphosphate kinase	AG-439-E23_01083	-3
CACIUK010000021.1	3933	4520	-	AG-439-E23_01081	AG-439-E23	195	OG0000035	K11175	phosphoribosylglycinamide formyltransferase 1 [EC:2.1.2.2]	COG0299	PurN	Folate-dependent phosphoribosylglycinamide formyltransferase PurN	AG-439-E23_01083	-2
CACIUK010000021.1	4501	5526	-	AG-439-E23_01082	AG-439-E23	341	OG0000574	K01933	phosphoribosylformylglycinamidine cyclo-ligase [EC:6.3.3.1]	COG0150	PurM	Phosphoribosylaminoimidazole (AIR) synthetase	AG-439-E23_01083	-1
CACIUK010000021.1	5529	6605	+	AG-439-E23_01083	AG-439-E23	358	OG0000916	NA	NA	NA	NA	NA	AG-439-E23_01083	0
CACIUK010000021.1	6602	7234	+	AG-439-E23_01084	AG-439-E23	210	OG0000690	NA	NA	COG0593	DnaA	Chromosomal replication initiation ATPase DnaA	AG-439-E23_01083	1
CACIUK010000021.1	7266	9050	+	AG-439-E23_01085	AG-439-E23	594	OG0000189	K01876	aspartyl-tRNA synthetase [EC:6.1.1.12]	COG0173	AspS	Aspartyl-tRNA synthetase	AG-439-E23_01083	2
CACIUK010000021.1	9051	9890	-	AG-439-E23_01086	AG-439-E23	279	OG0000284	NA	NA	NA	NA	NA	AG-439-E23_01083	3
CACIUK010000021.1	10003	10362	+	AG-439-E23_01087	AG-439-E23	119	OG0000369	NA	NA	COG3761	NDUFA12	NADH:ubiquinone oxidoreductase NDUFA12 subunit (Leigh syndrome)	AG-439-E23_01083	4
CACIUK010000021.1	10325	10720	+	AG-439-E23_01088	AG-439-E23	131	OG0000472	NA	NA	COG4765	NA	Uncharacterized conserved protein, DUF2155 domain	AG-439-E23_01083	5
CACPLW010000004.1	52183	52593	-	AG-439-O15_00468	AG-439-O15	136	OG0000472	NA	NA	COG4765	NA	Uncharacterized conserved protein, DUF2155 domain	AG-439-O15_00473	-5
CACPLW010000004.1	52556	52918	-	AG-439-O15_00469	AG-439-O15	120	OG0000369	NA	NA	COG3761	NDUFA12	NADH:ubiquinone oxidoreductase NDUFA12 subunit (Leigh syndrome)	AG-439-O15_00473	-4
CACPLW010000004.1	53014	53838	+	AG-439-O15_00470	AG-439-O15	274	OG0000284	NA	NA	NA	NA	NA	AG-439-O15_00473	-3
CACPLW010000004.1	53840	55633	-	AG-439-O15_00471	AG-439-O15	597	OG0000189	K01876	aspartyl-tRNA synthetase [EC:6.1.1.12]	COG0173	AspS	Aspartyl-tRNA synthetase	AG-439-O15_00473	-2
CACPLW010000004.1	55634	56296	-	AG-439-O15_00472	AG-439-O15	220	OG0000690	NA	NA	COG0593	DnaA	Chromosomal replication initiation ATPase DnaA	AG-439-O15_00473	-1
CACPLW010000004.1	56289	57362	-	AG-439-O15_00473	AG-439-O15	357	OG0000916	NA	NA	NA	NA	NA	AG-439-O15_00473	0
CACPLW010000004.1	57372	58394	+	AG-439-O15_00474	AG-439-O15	340	OG0000574	K01933	phosphoribosylformylglycinamidine cyclo-ligase [EC:6.3.3.1]	COG0150	PurM	Phosphoribosylaminoimidazole (AIR) synthetase	AG-439-O15_00473	1
CACPLW010000004.1	58375	58953	+	AG-439-O15_00475	AG-439-O15	192	OG0000035	K11175	phosphoribosylglycinamide formyltransferase 1 [EC:2.1.2.2]	COG0299	PurN	Folate-dependent phosphoribosylglycinamide formyltransferase PurN	AG-439-O15_00473	2
CACPLW010000004.1	58950	59360	-	AG-439-O15_00476	AG-439-O15	136	OG0000480	K00940	nucleoside-diphosphate kinase [EC:2.7.4.6]	COG0105	Ndk	Nucleoside diphosphate kinase	AG-439-O15_00473	3
CACPLW010000004.1	59353	60816	-	AG-439-O15_00477	AG-439-O15	487	OG0000405	K01255	leucyl aminopeptidase [EC:3.4.11.1]	COG0260	PepB	Leucyl aminopeptidase	AG-439-O15_00473	4
CACPLW010000004.1	60872	62005	+	AG-439-O15_00478	AG-439-O15	377	OG0000932	NA	NA	COG0795	LptF	Lipopolysaccharide export LptBFGC system, permease protein LptF	AG-439-O15_00473	5
CACJDV010000007.1	44115	45239	-	AG-447-B22_00696	AG-447-B22	374	OG0000932	NA	NA	COG0795	LptF	Lipopolysaccharide export LptBFGC system, permease protein LptF	AG-447-B22_00701	-5
CACJDV010000007.1	45299	46753	+	AG-447-B22_00697	AG-447-B22	484	OG0000405	K01255	leucyl aminopeptidase [EC:3.4.11.1]	COG0260	PepB	Leucyl aminopeptidase	AG-447-B22_00701	-4
CACJDV010000007.1	46746	47156	+	AG-447-B22_00698	AG-447-B22	136	OG0000480	K00940	nucleoside-diphosphate kinase [EC:2.7.4.6]	COG0105	Ndk	Nucleoside diphosphate kinase	AG-447-B22_00701	-3
CACJDV010000007.1	47146	47727	-	AG-447-B22_00699	AG-447-B22	193	OG0000035	K11175	phosphoribosylglycinamide formyltransferase 1 [EC:2.1.2.2]	COG0299	PurN	Folate-dependent phosphoribosylglycinamide formyltransferase PurN	AG-447-B22_00701	-2
CACJDV010000007.1	47702	48733	-	AG-447-B22_00700	AG-447-B22	343	OG0000574	K01933	phosphoribosylformylglycinamidine cyclo-ligase [EC:6.3.3.1]	COG0150	PurM	Phosphoribosylaminoimidazole (AIR) synthetase	AG-447-B22_00701	-1
CACJDV010000007.1	48756	49817	+	AG-447-B22_00701	AG-447-B22	353	OG0000916	NA	NA	NA	NA	NA	AG-447-B22_00701	0
CACJDV010000007.1	49814	50071	+	AG-447-B22_00702	AG-447-B22	85	OG0000690	NA	NA	COG0593	DnaA	Chromosomal replication initiation ATPase DnaA	AG-447-B22_00701	1
CACJDV010000007.1	49956	50729	-	AG-447-B22_00703	AG-447-B22	257	OG0000189	K01876	aspartyl-tRNA synthetase [EC:6.1.1.12]	COG0173	AspS	Aspartyl-tRNA synthetase	AG-447-B22_00701	2
CACJEG010000014.1	4782	5906	-	AG-447-C08_01265	AG-447-C08	374	OG0000932	NA	NA	COG0795	LptF	Lipopolysaccharide export LptBFGC system, permease protein LptF	AG-447-C08_01270	-5
CACJEG010000014.1	5967	7421	+	AG-447-C08_01266	AG-447-C08	484	OG0000405	K01255	leucyl aminopeptidase [EC:3.4.11.1]	COG0260	PepB	Leucyl aminopeptidase	AG-447-C08_01270	-4
CACJEG010000014.1	7414	7824	+	AG-447-C08_01267	AG-447-C08	136	OG0000480	K00940	nucleoside-diphosphate kinase [EC:2.7.4.6]	COG0105	Ndk	Nucleoside diphosphate kinase	AG-447-C08_01270	-3
CACJEG010000014.1	7814	8395	-	AG-447-C08_01268	AG-447-C08	193	OG0000035	K11175	phosphoribosylglycinamide formyltransferase 1 [EC:2.1.2.2]	COG0299	PurN	Folate-dependent phosphoribosylglycinamide formyltransferase PurN	AG-447-C08_01270	-2
CACJEG010000014.1	8370	9401	-	AG-447-C08_01269	AG-447-C08	343	OG0000574	K01933	phosphoribosylformylglycinamidine cyclo-ligase [EC:6.3.3.1]	COG0150	PurM	Phosphoribosylaminoimidazole (AIR) synthetase	AG-447-C08_01270	-1
CACJEG010000014.1	9413	10501	+	AG-447-C08_01270	AG-447-C08	362	OG0000916	NA	NA	NA	NA	NA	AG-447-C08_01270	0
CACJEG010000014.1	10488	11150	+	AG-447-C08_01271	AG-447-C08	220	OG0000690	NA	NA	COG0593	DnaA	Chromosomal replication initiation ATPase DnaA	AG-447-C08_01270	1
CACJEG010000014.1	11151	12935	+	AG-447-C08_01272	AG-447-C08	594	OG0000189	K01876	aspartyl-tRNA synthetase [EC:6.1.1.12]	COG0173	AspS	Aspartyl-tRNA synthetase	AG-447-C08_01270	2
CACJEG010000014.1	12937	13761	-	AG-447-C08_01273	AG-447-C08	274	OG0000284	NA	NA	NA	NA	NA	AG-447-C08_01270	3
CACJEG010000014.1	13876	14235	+	AG-447-C08_01274	AG-447-C08	119	OG0000369	NA	NA	COG3761	NDUFA12	NADH:ubiquinone oxidoreductase NDUFA12 subunit (Leigh syndrome)	AG-447-C08_01270	4
CACJEG010000014.1	14198	14605	+	AG-447-C08_01275	AG-447-C08	135	OG0000472	NA	NA	COG4765	NA	Uncharacterized conserved protein, DUF2155 domain	AG-447-C08_01270	5
CACJJV010000005.1	53331	53735	-	AG-447-F10_00562	AG-447-F10	134	OG0000472	NA	NA	COG4765	NA	Uncharacterized conserved protein, DUF2155 domain	AG-447-F10_00567	-5
CACJJV010000005.1	53701	54060	-	AG-447-F10_00563	AG-447-F10	119	OG0000369	NA	NA	COG3761	NDUFA12	NADH:ubiquinone oxidoreductase NDUFA12 subunit (Leigh syndrome)	AG-447-F10_00567	-4
CACJJV010000005.1	54174	54998	+	AG-447-F10_00564	AG-447-F10	274	OG0000284	NA	NA	NA	NA	NA	AG-447-F10_00567	-3
CACJJV010000005.1	54999	56783	-	AG-447-F10_00565	AG-447-F10	594	OG0000189	K01876	aspartyl-tRNA synthetase [EC:6.1.1.12]	COG0173	AspS	Aspartyl-tRNA synthetase	AG-447-F10_00567	-2
CACJJV010000005.1	56784	57446	-	AG-447-F10_00566	AG-447-F10	220	OG0000690	NA	NA	COG0593	DnaA	Chromosomal replication initiation ATPase DnaA	AG-447-F10_00567	-1
CACJJV010000005.1	57443	58504	-	AG-447-F10_00567	AG-447-F10	353	OG0000916	NA	NA	NA	NA	NA	AG-447-F10_00567	0
CACJJV010000005.1	58528	59556	+	AG-447-F10_00568	AG-447-F10	342	OG0000574	K01933	phosphoribosylformylglycinamidine cyclo-ligase [EC:6.3.3.1]	COG0150	PurM	Phosphoribosylaminoimidazole (AIR) synthetase	AG-447-F10_00567	1
CACJJV010000005.1	59534	60109	+	AG-447-F10_00569	AG-447-F10	191	OG0000035	K11175	phosphoribosylglycinamide formyltransferase 1 [EC:2.1.2.2]	COG0299	PurN	Folate-dependent phosphoribosylglycinamide formyltransferase PurN	AG-447-F10_00567	2
CACJJV010000005.1	60106	60516	-	AG-447-F10_00570	AG-447-F10	136	OG0000480	K00940	nucleoside-diphosphate kinase [EC:2.7.4.6]	COG0105	Ndk	Nucleoside diphosphate kinase	AG-447-F10_00567	3
CACJJV010000005.1	60509	61963	-	AG-447-F10_00571	AG-447-F10	484	OG0000405	K01255	leucyl aminopeptidase [EC:3.4.11.1]	COG0260	PepB	Leucyl aminopeptidase	AG-447-F10_00567	4
CACJJV010000005.1	62024	63148	+	AG-447-F10_00572	AG-447-F10	374	OG0000932	NA	NA	COG0795	LptF	Lipopolysaccharide export LptBFGC system, permease protein LptF	AG-447-F10_00567	5
CACJLJ010000001.1	317531	318673	-	AG-447-K09_00324	AG-447-K09	380	OG0000932	NA	NA	COG0795	LptF	Lipopolysaccharide export LptBFGC system, permease protein LptF	AG-447-K09_00329	-5
CACJLJ010000001.1	318756	320222	+	AG-447-K09_00325	AG-447-K09	488	OG0000405	K01255	leucyl aminopeptidase [EC:3.4.11.1]	COG0260	PepB	Leucyl aminopeptidase	AG-447-K09_00329	-4
CACJLJ010000001.1	320215	320625	+	AG-447-K09_00326	AG-447-K09	136	OG0000480	K00940	nucleoside-diphosphate kinase [EC:2.7.4.6]	COG0105	Ndk	Nucleoside diphosphate kinase	AG-447-K09_00329	-3
CACJLJ010000001.1	320615	321199	-	AG-447-K09_00327	AG-447-K09	194	OG0000035	K11175	phosphoribosylglycinamide formyltransferase 1 [EC:2.1.2.2]	COG0299	PurN	Folate-dependent phosphoribosylglycinamide formyltransferase PurN	AG-447-K09_00329	-2
CACJLJ010000001.1	321180	322205	-	AG-447-K09_00328	AG-447-K09	341	OG0000574	K01933	phosphoribosylformylglycinamidine cyclo-ligase [EC:6.3.3.1]	COG0150	PurM	Phosphoribosylaminoimidazole (AIR) synthetase	AG-447-K09_00329	-1
CACJLJ010000001.1	322217	323296	+	AG-447-K09_00329	AG-447-K09	359	OG0000916	NA	NA	NA	NA	NA	AG-447-K09_00329	0
CACJLJ010000001.1	323293	323952	+	AG-447-K09_00330	AG-447-K09	219	OG0000690	NA	NA	COG0593	DnaA	Chromosomal replication initiation ATPase DnaA	AG-447-K09_00329	1
CACJLJ010000001.1	323953	325737	+	AG-447-K09_00331	AG-447-K09	594	OG0000189	K01876	aspartyl-tRNA synthetase [EC:6.1.1.12]	COG0173	AspS	Aspartyl-tRNA synthetase	AG-447-K09_00329	2
CACJLJ010000001.1	325739	326560	-	AG-447-K09_00332	AG-447-K09	273	OG0000284	NA	NA	NA	NA	NA	AG-447-K09_00329	3
CACJLJ010000001.1	326676	327038	+	AG-447-K09_00333	AG-447-K09	120	OG0000369	NA	NA	COG3761	NDUFA12	NADH:ubiquinone oxidoreductase NDUFA12 subunit (Leigh syndrome)	AG-447-K09_00329	4
CACJLJ010000001.1	327001	327408	+	AG-447-K09_00334	AG-447-K09	135	OG0000472	NA	NA	COG4765	NA	Uncharacterized conserved protein, DUF2155 domain	AG-447-K09_00329	5
CACJNJ010000003.1	3717	4847	-	AG-447-K11_00323	AG-447-K11	376	OG0000932	NA	NA	COG0795	LptF	Lipopolysaccharide export LptBFGC system, permease protein LptF	AG-447-K11_00328	-5
CACJNJ010000003.1	4908	6362	+	AG-447-K11_00324	AG-447-K11	484	OG0000405	K01255	leucyl aminopeptidase [EC:3.4.11.1]	COG0260	PepB	Leucyl aminopeptidase	AG-447-K11_00328	-4
CACJNJ010000003.1	6355	6765	+	AG-447-K11_00325	AG-447-K11	136	OG0000480	K00940	nucleoside-diphosphate kinase [EC:2.7.4.6]	COG0105	Ndk	Nucleoside diphosphate kinase	AG-447-K11_00328	-3
CACJNJ010000003.1	6755	7336	-	AG-447-K11_00326	AG-447-K11	193	OG0000035	K11175	phosphoribosylglycinamide formyltransferase 1 [EC:2.1.2.2]	COG0299	PurN	Folate-dependent phosphoribosylglycinamide formyltransferase PurN	AG-447-K11_00328	-2
CACJNJ010000003.1	7311	8342	-	AG-447-K11_00327	AG-447-K11	343	OG0000574	K01933	phosphoribosylformylglycinamidine cyclo-ligase [EC:6.3.3.1]	COG0150	PurM	Phosphoribosylaminoimidazole (AIR) synthetase	AG-447-K11_00328	-1
CACJNJ010000003.1	8354	9433	+	AG-447-K11_00328	AG-447-K11	359	OG0000916	NA	NA	NA	NA	NA	AG-447-K11_00328	0
CACJNJ010000003.1	9430	10092	+	AG-447-K11_00329	AG-447-K11	220	OG0000690	NA	NA	COG0593	DnaA	Chromosomal replication initiation ATPase DnaA	AG-447-K11_00328	1
CACJNJ010000003.1	10093	11877	+	AG-447-K11_00330	AG-447-K11	594	OG0000189	K01876	aspartyl-tRNA synthetase [EC:6.1.1.12]	COG0173	AspS	Aspartyl-tRNA synthetase	AG-447-K11_00328	2
CACJNJ010000003.1	11880	12695	-	AG-447-K11_00331	AG-447-K11	271	OG0000284	NA	NA	NA	NA	NA	AG-447-K11_00328	3
CACJNJ010000003.1	12810	13169	+	AG-447-K11_00332	AG-447-K11	119	OG0000369	NA	NA	COG3761	NDUFA12	NADH:ubiquinone oxidoreductase NDUFA12 subunit (Leigh syndrome)	AG-447-K11_00328	4
CACJNJ010000003.1	13132	13533	+	AG-447-K11_00333	AG-447-K11	133	OG0000472	NA	NA	COG4765	NA	Uncharacterized conserved protein, DUF2155 domain	AG-447-K11_00328	5
CACJMB010000001.1	1052	2506	+	AG-447-L03_00001	AG-447-L03	484	OG0000405	K01255	leucyl aminopeptidase [EC:3.4.11.1]	COG0260	PepB	Leucyl aminopeptidase	AG-447-L03_00005	-4
CACJMB010000001.1	2499	2909	+	AG-447-L03_00002	AG-447-L03	136	OG0000480	K00940	nucleoside-diphosphate kinase [EC:2.7.4.6]	COG0105	Ndk	Nucleoside diphosphate kinase	AG-447-L03_00005	-3
CACJMB010000001.1	2899	3480	-	AG-447-L03_00003	AG-447-L03	193	OG0000035	K11175	phosphoribosylglycinamide formyltransferase 1 [EC:2.1.2.2]	COG0299	PurN	Folate-dependent phosphoribosylglycinamide formyltransferase PurN	AG-447-L03_00005	-2
CACJMB010000001.1	3455	4486	-	AG-447-L03_00004	AG-447-L03	343	OG0000574	K01933	phosphoribosylformylglycinamidine cyclo-ligase [EC:6.3.3.1]	COG0150	PurM	Phosphoribosylaminoimidazole (AIR) synthetase	AG-447-L03_00005	-1
CACJMB010000001.1	4498	5586	+	AG-447-L03_00005	AG-447-L03	362	OG0000916	NA	NA	NA	NA	NA	AG-447-L03_00005	0
CACJMB010000001.1	5573	6235	+	AG-447-L03_00006	AG-447-L03	220	OG0000690	NA	NA	COG0593	DnaA	Chromosomal replication initiation ATPase DnaA	AG-447-L03_00005	1
CACJMB010000001.1	6236	8020	+	AG-447-L03_00007	AG-447-L03	594	OG0000189	K01876	aspartyl-tRNA synthetase [EC:6.1.1.12]	COG0173	AspS	Aspartyl-tRNA synthetase	AG-447-L03_00005	2
CACJMB010000001.1	8022	8846	-	AG-447-L03_00008	AG-447-L03	274	OG0000284	NA	NA	NA	NA	NA	AG-447-L03_00005	3
CACJMB010000001.1	8961	9320	+	AG-447-L03_00009	AG-447-L03	119	OG0000369	NA	NA	COG3761	NDUFA12	NADH:ubiquinone oxidoreductase NDUFA12 subunit (Leigh syndrome)	AG-447-L03_00005	4
CACJMB010000001.1	9283	9690	+	AG-447-L03_00010	AG-447-L03	135	OG0000472	NA	NA	COG4765	NA	Uncharacterized conserved protein, DUF2155 domain	AG-447-L03_00005	5
CACPOX010000006.1	7152	8291	-	AG-447-L10_00577	AG-447-L10	379	OG0000932	NA	NA	COG0795	LptF	Lipopolysaccharide export LptBFGC system, permease protein LptF	AG-447-L10_00582	-5
CACPOX010000006.1	8353	9807	+	AG-447-L10_00578	AG-447-L10	484	OG0000405	K01255	leucyl aminopeptidase [EC:3.4.11.1]	COG0260	PepB	Leucyl aminopeptidase	AG-447-L10_00582	-4
CACPOX010000006.1	9800	10210	+	AG-447-L10_00579	AG-447-L10	136	OG0000480	K00940	nucleoside-diphosphate kinase [EC:2.7.4.6]	COG0105	Ndk	Nucleoside diphosphate kinase	AG-447-L10_00582	-3
CACPOX010000006.1	10200	10781	-	AG-447-L10_00580	AG-447-L10	193	OG0000035	K11175	phosphoribosylglycinamide formyltransferase 1 [EC:2.1.2.2]	COG0299	PurN	Folate-dependent phosphoribosylglycinamide formyltransferase PurN	AG-447-L10_00582	-2
CACPOX010000006.1	10759	11787	-	AG-447-L10_00581	AG-447-L10	342	OG0000574	K01933	phosphoribosylformylglycinamidine cyclo-ligase [EC:6.3.3.1]	COG0150	PurM	Phosphoribosylaminoimidazole (AIR) synthetase	AG-447-L10_00582	-1
CACPOX010000006.1	11799	12887	+	AG-447-L10_00582	AG-447-L10	362	OG0000916	NA	NA	NA	NA	NA	AG-447-L10_00582	0
CACPOX010000006.1	12874	13536	+	AG-447-L10_00583	AG-447-L10	220	OG0000690	NA	NA	COG0593	DnaA	Chromosomal replication initiation ATPase DnaA	AG-447-L10_00582	1
CACPOX010000006.1	13537	15321	+	AG-447-L10_00584	AG-447-L10	594	OG0000189	K01876	aspartyl-tRNA synthetase [EC:6.1.1.12]	COG0173	AspS	Aspartyl-tRNA synthetase	AG-447-L10_00582	2
CACPOX010000006.1	15324	16148	-	AG-447-L10_00585	AG-447-L10	274	OG0000284	NA	NA	NA	NA	NA	AG-447-L10_00582	3
CACPOX010000006.1	16262	16621	+	AG-447-L10_00586	AG-447-L10	119	OG0000369	NA	NA	COG3761	NDUFA12	NADH:ubiquinone oxidoreductase NDUFA12 subunit (Leigh syndrome)	AG-447-L10_00582	4
CACPOX010000006.1	16584	16991	+	AG-447-L10_00587	AG-447-L10	135	OG0000472	NA	NA	COG4765	NA	Uncharacterized conserved protein, DUF2155 domain	AG-447-L10_00582	5
CACJOA010000001.1	34265	34666	-	AG-447-L14_00035	AG-447-L14	133	OG0000472	NA	NA	COG4765	NA	Uncharacterized conserved protein, DUF2155 domain	AG-447-L14_00040	-5
CACJOA010000001.1	34629	34988	-	AG-447-L14_00036	AG-447-L14	119	OG0000369	NA	NA	COG3761	NDUFA12	NADH:ubiquinone oxidoreductase NDUFA12 subunit (Leigh syndrome)	AG-447-L14_00040	-4
CACJOA010000001.1	35103	35924	+	AG-447-L14_00037	AG-447-L14	273	OG0000284	NA	NA	NA	NA	NA	AG-447-L14_00040	-3
CACJOA010000001.1	35926	37677	-	AG-447-L14_00038	AG-447-L14	583	OG0000189	K01876	aspartyl-tRNA synthetase [EC:6.1.1.12]	COG0173	AspS	Aspartyl-tRNA synthetase	AG-447-L14_00040	-2
CACJOA010000001.1	37711	38373	-	AG-447-L14_00039	AG-447-L14	220	OG0000690	NA	NA	COG0593	DnaA	Chromosomal replication initiation ATPase DnaA	AG-447-L14_00040	-1
CACJOA010000001.1	38370	39449	-	AG-447-L14_00040	AG-447-L14	359	OG0000916	NA	NA	NA	NA	NA	AG-447-L14_00040	0
CACJOA010000001.1	39461	40489	+	AG-447-L14_00041	AG-447-L14	342	OG0000574	K01933	phosphoribosylformylglycinamidine cyclo-ligase [EC:6.3.3.1]	COG0150	PurM	Phosphoribosylaminoimidazole (AIR) synthetase	AG-447-L14_00040	1
CACJOA010000001.1	40470	41048	+	AG-447-L14_00042	AG-447-L14	192	OG0000035	K11175	phosphoribosylglycinamide formyltransferase 1 [EC:2.1.2.2]	COG0299	PurN	Folate-dependent phosphoribosylglycinamide formyltransferase PurN	AG-447-L14_00040	2
CACJOA010000001.1	41038	41448	-	AG-447-L14_00043	AG-447-L14	136	OG0000480	K00940	nucleoside-diphosphate kinase [EC:2.7.4.6]	COG0105	Ndk	Nucleoside diphosphate kinase	AG-447-L14_00040	3
CACJOA010000001.1	41441	42898	-	AG-447-L14_00044	AG-447-L14	485	OG0000405	K01255	leucyl aminopeptidase [EC:3.4.11.1]	COG0260	PepB	Leucyl aminopeptidase	AG-447-L14_00040	4
CACJOA010000001.1	43008	44138	+	AG-447-L14_00045	AG-447-L14	376	OG0000932	NA	NA	COG0795	LptF	Lipopolysaccharide export LptBFGC system, permease protein LptF	AG-447-L14_00040	5
CACJQI010000015.1	1378	2514	-	AG-447-M05_01356	AG-447-M05	378	OG0000932	NA	NA	COG0795	LptF	Lipopolysaccharide export LptBFGC system, permease protein LptF	AG-447-M05_01361	-5
CACJQI010000015.1	2576	4033	+	AG-447-M05_01357	AG-447-M05	485	OG0000405	K01255	leucyl aminopeptidase [EC:3.4.11.1]	COG0260	PepB	Leucyl aminopeptidase	AG-447-M05_01361	-4
CACJQI010000015.1	4020	4436	+	AG-447-M05_01358	AG-447-M05	138	OG0000480	K00940	nucleoside-diphosphate kinase [EC:2.7.4.6]	COG0105	Ndk	Nucleoside diphosphate kinase	AG-447-M05_01361	-3
CACJQI010000015.1	4426	5004	-	AG-447-M05_01359	AG-447-M05	192	OG0000035	K11175	phosphoribosylglycinamide formyltransferase 1 [EC:2.1.2.2]	COG0299	PurN	Folate-dependent phosphoribosylglycinamide formyltransferase PurN	AG-447-M05_01361	-2
CACJQI010000015.1	4982	6010	-	AG-447-M05_01360	AG-447-M05	342	OG0000574	K01933	phosphoribosylformylglycinamidine cyclo-ligase [EC:6.3.3.1]	COG0150	PurM	Phosphoribosylaminoimidazole (AIR) synthetase	AG-447-M05_01361	-1
CACJQI010000015.1	6022	7101	+	AG-447-M05_01361	AG-447-M05	359	OG0000916	NA	NA	NA	NA	NA	AG-447-M05_01361	0
CACJQI010000015.1	7098	7760	+	AG-447-M05_01362	AG-447-M05	220	OG0000690	NA	NA	COG0593	DnaA	Chromosomal replication initiation ATPase DnaA	AG-447-M05_01361	1
CACJQI010000015.1	7761	9545	+	AG-447-M05_01363	AG-447-M05	594	OG0000189	K01876	aspartyl-tRNA synthetase [EC:6.1.1.12]	COG0173	AspS	Aspartyl-tRNA synthetase	AG-447-M05_01361	2
CACJQI010000015.1	9550	10374	-	AG-447-M05_01364	AG-447-M05	274	OG0000284	NA	NA	NA	NA	NA	AG-447-M05_01361	3
CACJQI010000015.1	10490	10849	+	AG-447-M05_01365	AG-447-M05	119	OG0000369	NA	NA	COG3761	NDUFA12	NADH:ubiquinone oxidoreductase NDUFA12 subunit (Leigh syndrome)	AG-447-M05_01361	4
CACJQI010000015.1	10812	11219	+	AG-447-M05_01366	AG-447-M05	135	OG0000472	NA	NA	COG4765	NA	Uncharacterized conserved protein, DUF2155 domain	AG-447-M05_01361	5
CACJQD010000002.1	61	468	-	AG-447-M10_00268	AG-447-M10	135	OG0000472	NA	NA	COG4765	NA	Uncharacterized conserved protein, DUF2155 domain	AG-447-M10_00273	-5
CACJQD010000002.1	431	790	-	AG-447-M10_00269	AG-447-M10	119	OG0000369	NA	NA	COG3761	NDUFA12	NADH:ubiquinone oxidoreductase NDUFA12 subunit (Leigh syndrome)	AG-447-M10_00273	-4
CACJQD010000002.1	905	1735	+	AG-447-M10_00270	AG-447-M10	276	OG0000284	NA	NA	NA	NA	NA	AG-447-M10_00273	-3
CACJQD010000002.1	1737	3521	-	AG-447-M10_00271	AG-447-M10	594	OG0000189	K01876	aspartyl-tRNA synthetase [EC:6.1.1.12]	COG0173	AspS	Aspartyl-tRNA synthetase	AG-447-M10_00273	-2
CACJQD010000002.1	3522	4184	-	AG-447-M10_00272	AG-447-M10	220	OG0000690	NA	NA	COG0593	DnaA	Chromosomal replication initiation ATPase DnaA	AG-447-M10_00273	-1
CACJQD010000002.1	4171	5259	-	AG-447-M10_00273	AG-447-M10	362	OG0000916	NA	NA	NA	NA	NA	AG-447-M10_00273	0
CACJQD010000002.1	5271	6299	+	AG-447-M10_00274	AG-447-M10	342	OG0000574	K01933	phosphoribosylformylglycinamidine cyclo-ligase [EC:6.3.3.1]	COG0150	PurM	Phosphoribosylaminoimidazole (AIR) synthetase	AG-447-M10_00273	1
CACJQD010000002.1	6277	6858	+	AG-447-M10_00275	AG-447-M10	193	OG0000035	K11175	phosphoribosylglycinamide formyltransferase 1 [EC:2.1.2.2]	COG0299	PurN	Folate-dependent phosphoribosylglycinamide formyltransferase PurN	AG-447-M10_00273	2
CACJQD010000002.1	6848	7258	-	AG-447-M10_00276	AG-447-M10	136	OG0000480	K00940	nucleoside-diphosphate kinase [EC:2.7.4.6]	COG0105	Ndk	Nucleoside diphosphate kinase	AG-447-M10_00273	3
CACJQD010000002.1	7251	8705	-	AG-447-M10_00277	AG-447-M10	484	OG0000405	K01255	leucyl aminopeptidase [EC:3.4.11.1]	COG0260	PepB	Leucyl aminopeptidase	AG-447-M10_00273	4
CACJQD010000002.1	8763	9869	+	AG-447-M10_00278	AG-447-M10	368	OG0000932	NA	NA	COG0795	LptF	Lipopolysaccharide export LptBFGC system, permease protein LptF	AG-447-M10_00273	5
CACJOY010000010.1	3671	4783	-	AG-447-N08_01158	AG-447-N08	370	OG0000932	NA	NA	COG0795	LptF	Lipopolysaccharide export LptBFGC system, permease protein LptF	AG-447-N08_01163	-5
CACJOY010000010.1	4843	6300	+	AG-447-N08_01159	AG-447-N08	485	OG0000405	K01255	leucyl aminopeptidase [EC:3.4.11.1]	COG0260	PepB	Leucyl aminopeptidase	AG-447-N08_01163	-4
CACJOY010000010.1	6293	6703	+	AG-447-N08_01160	AG-447-N08	136	OG0000480	K00940	nucleoside-diphosphate kinase [EC:2.7.4.6]	COG0105	Ndk	Nucleoside diphosphate kinase	AG-447-N08_01163	-3
CACJOY010000010.1	6693	7271	-	AG-447-N08_01161	AG-447-N08	192	OG0000035	K11175	phosphoribosylglycinamide formyltransferase 1 [EC:2.1.2.2]	COG0299	PurN	Folate-dependent phosphoribosylglycinamide formyltransferase PurN	AG-447-N08_01163	-2
CACJOY010000010.1	7249	8277	-	AG-447-N08_01162	AG-447-N08	342	OG0000574	K01933	phosphoribosylformylglycinamidine cyclo-ligase [EC:6.3.3.1]	COG0150	PurM	Phosphoribosylaminoimidazole (AIR) synthetase	AG-447-N08_01163	-1
CACJOY010000010.1	8289	9368	+	AG-447-N08_01163	AG-447-N08	359	OG0000916	NA	NA	NA	NA	NA	AG-447-N08_01163	0
CACJOY010000010.1	9365	10027	+	AG-447-N08_01164	AG-447-N08	220	OG0000690	NA	NA	COG0593	DnaA	Chromosomal replication initiation ATPase DnaA	AG-447-N08_01163	1
CACJOY010000010.1	10028	11812	+	AG-447-N08_01165	AG-447-N08	594	OG0000189	K01876	aspartyl-tRNA synthetase [EC:6.1.1.12]	COG0173	AspS	Aspartyl-tRNA synthetase	AG-447-N08_01163	2
CACJOY010000010.1	11814	12644	-	AG-447-N08_01166	AG-447-N08	276	OG0000284	NA	NA	NA	NA	NA	AG-447-N08_01163	3
CACJOY010000010.1	12759	13118	+	AG-447-N08_01167	AG-447-N08	119	OG0000369	NA	NA	COG3761	NDUFA12	NADH:ubiquinone oxidoreductase NDUFA12 subunit (Leigh syndrome)	AG-447-N08_01163	4
CACJOY010000010.1	13081	13482	+	AG-447-N08_01168	AG-447-N08	133	OG0000472	NA	NA	COG4765	NA	Uncharacterized conserved protein, DUF2155 domain	AG-447-N08_01163	5
CACJPF010000008.1	42148	42546	-	AG-447-N18_00835	AG-447-N18	132	OG0000472	NA	NA	COG4765	NA	Uncharacterized conserved protein, DUF2155 domain	AG-447-N18_00840	-5
CACJPF010000008.1	42509	42868	-	AG-447-N18_00836	AG-447-N18	119	OG0000369	NA	NA	COG3761	NDUFA12	NADH:ubiquinone oxidoreductase NDUFA12 subunit (Leigh syndrome)	AG-447-N18_00840	-4
CACJPF010000008.1	42987	43811	+	AG-447-N18_00837	AG-447-N18	274	OG0000284	NA	NA	NA	NA	NA	AG-447-N18_00840	-3
CACJPF010000008.1	43813	45591	-	AG-447-N18_00838	AG-447-N18	592	OG0000189	K01876	aspartyl-tRNA synthetase [EC:6.1.1.12]	COG0173	AspS	Aspartyl-tRNA synthetase	AG-447-N18_00840	-2
CACJPF010000008.1	45592	46266	-	AG-447-N18_00839	AG-447-N18	224	OG0000690	NA	NA	COG0593	DnaA	Chromosomal replication initiation ATPase DnaA	AG-447-N18_00840	-1
CACJPF010000008.1	46251	47327	-	AG-447-N18_00840	AG-447-N18	358	OG0000916	NA	NA	NA	NA	NA	AG-447-N18_00840	0
CACJPF010000008.1	47339	48367	+	AG-447-N18_00841	AG-447-N18	342	OG0000574	K01933	phosphoribosylformylglycinamidine cyclo-ligase [EC:6.3.3.1]	COG0150	PurM	Phosphoribosylaminoimidazole (AIR) synthetase	AG-447-N18_00840	1
CACJPF010000008.1	48345	48929	+	AG-447-N18_00842	AG-447-N18	194	OG0000035	K11175	phosphoribosylglycinamide formyltransferase 1 [EC:2.1.2.2]	COG0299	PurN	Folate-dependent phosphoribosylglycinamide formyltransferase PurN	AG-447-N18_00840	2
CACJPF010000008.1	48919	49329	-	AG-447-N18_00843	AG-447-N18	136	OG0000480	K00940	nucleoside-diphosphate kinase [EC:2.7.4.6]	COG0105	Ndk	Nucleoside diphosphate kinase	AG-447-N18_00840	3
CACJPF010000008.1	49322	50791	-	AG-447-N18_00844	AG-447-N18	489	OG0000405	K01255	leucyl aminopeptidase [EC:3.4.11.1]	COG0260	PepB	Leucyl aminopeptidase	AG-447-N18_00840	4
CACJPF010000008.1	50874	52010	+	AG-447-N18_00845	AG-447-N18	378	OG0000932	NA	NA	COG0795	LptF	Lipopolysaccharide export LptBFGC system, permease protein LptF	AG-447-N18_00840	5
CACPPS010000003.1	21405	21812	-	AG-447-N21_00327	AG-447-N21	135	OG0000472	NA	NA	COG4765	NA	Uncharacterized conserved protein, DUF2155 domain	AG-447-N21_00332	-5
CACPPS010000003.1	21775	22134	-	AG-447-N21_00328	AG-447-N21	119	OG0000369	NA	NA	COG3761	NDUFA12	NADH:ubiquinone oxidoreductase NDUFA12 subunit (Leigh syndrome)	AG-447-N21_00332	-4
CACPPS010000003.1	22246	23079	+	AG-447-N21_00329	AG-447-N21	277	OG0000284	NA	NA	NA	NA	NA	AG-447-N21_00332	-3
CACPPS010000003.1	23080	24864	-	AG-447-N21_00330	AG-447-N21	594	OG0000189	K01876	aspartyl-tRNA synthetase [EC:6.1.1.12]	COG0173	AspS	Aspartyl-tRNA synthetase	AG-447-N21_00332	-2
CACPPS010000003.1	24866	25522	-	AG-447-N21_00331	AG-447-N21	218	OG0000690	NA	NA	COG0593	DnaA	Chromosomal replication initiation ATPase DnaA	AG-447-N21_00332	-1
CACPPS010000003.1	25519	26595	-	AG-447-N21_00332	AG-447-N21	358	OG0000916	NA	NA	NA	NA	NA	AG-447-N21_00332	0
CACPPS010000003.1	26607	27629	+	AG-447-N21_00333	AG-447-N21	340	OG0000574	K01933	phosphoribosylformylglycinamidine cyclo-ligase [EC:6.3.3.1]	COG0150	PurM	Phosphoribosylaminoimidazole (AIR) synthetase	AG-447-N21_00332	1
CACPPS010000003.1	27610	28194	+	AG-447-N21_00334	AG-447-N21	194	OG0000035	K11175	phosphoribosylglycinamide formyltransferase 1 [EC:2.1.2.2]	COG0299	PurN	Folate-dependent phosphoribosylglycinamide formyltransferase PurN	AG-447-N21_00332	2
CACPPS010000003.1	28184	28594	-	AG-447-N21_00335	AG-447-N21	136	OG0000480	K00940	nucleoside-diphosphate kinase [EC:2.7.4.6]	COG0105	Ndk	Nucleoside diphosphate kinase	AG-447-N21_00332	3
CACPPS010000003.1	28587	30023	-	AG-447-N21_00336	AG-447-N21	478	OG0000405	K01255	leucyl aminopeptidase [EC:3.4.11.1]	COG0260	PepB	Leucyl aminopeptidase	AG-447-N21_00332	4
CACPPS010000003.1	30078	31196	+	AG-447-N21_00337	AG-447-N21	372	OG0000932	NA	NA	COG0795	LptF	Lipopolysaccharide export LptBFGC system, permease protein LptF	AG-447-N21_00332	5
CACJVT010000001.1	60396	61517	-	AG-447-P22_00064	AG-447-P22	373	OG0000932	NA	NA	COG0795	LptF	Lipopolysaccharide export LptBFGC system, permease protein LptF	AG-447-P22_00069	-5
CACJVT010000001.1	61578	63032	+	AG-447-P22_00065	AG-447-P22	484	OG0000405	K01255	leucyl aminopeptidase [EC:3.4.11.1]	COG0260	PepB	Leucyl aminopeptidase	AG-447-P22_00069	-4
CACJVT010000001.1	63025	63435	+	AG-447-P22_00066	AG-447-P22	136	OG0000480	K00940	nucleoside-diphosphate kinase [EC:2.7.4.6]	COG0105	Ndk	Nucleoside diphosphate kinase	AG-447-P22_00069	-3
CACJVT010000001.1	63425	64003	-	AG-447-P22_00067	AG-447-P22	192	OG0000035	K11175	phosphoribosylglycinamide formyltransferase 1 [EC:2.1.2.2]	COG0299	PurN	Folate-dependent phosphoribosylglycinamide formyltransferase PurN	AG-447-P22_00069	-2
CACJVT010000001.1	63981	65009	-	AG-447-P22_00068	AG-447-P22	342	OG0000574	K01933	phosphoribosylformylglycinamidine cyclo-ligase [EC:6.3.3.1]	COG0150	PurM	Phosphoribosylaminoimidazole (AIR) synthetase	AG-447-P22_00069	-1
CACJVT010000001.1	65033	66094	+	AG-447-P22_00069	AG-447-P22	353	OG0000916	NA	NA	NA	NA	NA	AG-447-P22_00069	0
CACJVT010000001.1	66091	66753	+	AG-447-P22_00070	AG-447-P22	220	OG0000690	NA	NA	COG0593	DnaA	Chromosomal replication initiation ATPase DnaA	AG-447-P22_00069	1
CACJVT010000001.1	66754	68538	+	AG-447-P22_00071	AG-447-P22	594	OG0000189	K01876	aspartyl-tRNA synthetase [EC:6.1.1.12]	COG0173	AspS	Aspartyl-tRNA synthetase	AG-447-P22_00069	2
CACJVT010000001.1	68539	69363	-	AG-447-P22_00072	AG-447-P22	274	OG0000284	NA	NA	NA	NA	NA	AG-447-P22_00069	3
CACJVT010000001.1	69476	69835	+	AG-447-P22_00073	AG-447-P22	119	OG0000369	NA	NA	COG3761	NDUFA12	NADH:ubiquinone oxidoreductase NDUFA12 subunit (Leigh syndrome)	AG-447-P22_00069	4
CACJVT010000001.1	69801	70205	+	AG-447-P22_00074	AG-447-P22	134	OG0000472	NA	NA	COG4765	NA	Uncharacterized conserved protein, DUF2155 domain	AG-447-P22_00069	5
CACKAJ010000001.1	137460	137960	-	AG-453-G04_00140	AG-453-G04	166	OG0000472	NA	NA	COG4765	NA	Uncharacterized conserved protein, DUF2155 domain	AG-453-G04_00145	-5
CACKAJ010000001.1	137944	138294	-	AG-453-G04_00141	AG-453-G04	116	OG0000369	NA	NA	COG3761	NDUFA12	NADH:ubiquinone oxidoreductase NDUFA12 subunit (Leigh syndrome)	AG-453-G04_00145	-4
CACKAJ010000001.1	138394	139212	+	AG-453-G04_00142	AG-453-G04	272	OG0000284	NA	NA	NA	NA	NA	AG-453-G04_00145	-3
CACKAJ010000001.1	139209	140996	-	AG-453-G04_00143	AG-453-G04	595	OG0000189	K01876	aspartyl-tRNA synthetase [EC:6.1.1.12]	COG0173	AspS	Aspartyl-tRNA synthetase	AG-453-G04_00145	-2
CACKAJ010000001.1	140993	141649	-	AG-453-G04_00144	AG-453-G04	218	OG0000690	NA	NA	COG0593	DnaA	Chromosomal replication initiation ATPase DnaA	AG-453-G04_00145	-1
CACKAJ010000001.1	141652	142698	-	AG-453-G04_00145	AG-453-G04	348	OG0000916	NA	NA	NA	NA	NA	AG-453-G04_00145	0
CACKAJ010000001.1	142723	143751	+	AG-453-G04_00146	AG-453-G04	342	OG0000574	K01933	phosphoribosylformylglycinamidine cyclo-ligase [EC:6.3.3.1]	COG0150	PurM	Phosphoribosylaminoimidazole (AIR) synthetase	AG-453-G04_00145	1
CACKAJ010000001.1	143745	144308	+	AG-453-G04_00147	AG-453-G04	187	OG0000035	K11175	phosphoribosylglycinamide formyltransferase 1 [EC:2.1.2.2]	COG0299	PurN	Folate-dependent phosphoribosylglycinamide formyltransferase PurN	AG-453-G04_00145	2
CACKAJ010000001.1	144305	144715	-	AG-453-G04_00148	AG-453-G04	136	OG0000480	K00940	nucleoside-diphosphate kinase [EC:2.7.4.6]	COG0105	Ndk	Nucleoside diphosphate kinase	AG-453-G04_00145	3
CACKAJ010000001.1	144708	146165	-	AG-453-G04_00149	AG-453-G04	485	OG0000405	K01255	leucyl aminopeptidase [EC:3.4.11.1]	COG0260	PepB	Leucyl aminopeptidase	AG-453-G04_00145	4
CACKAJ010000001.1	146298	147422	+	AG-453-G04_00150	AG-453-G04	374	OG0000932	NA	NA	COG0795	LptF	Lipopolysaccharide export LptBFGC system, permease protein LptF	AG-453-G04_00145	5
CACKFV010000002.1	64521	64922	-	AG-453-K22_00266	AG-453-K22	133	OG0000472	NA	NA	COG4765	NA	Uncharacterized conserved protein, DUF2155 domain	AG-453-K22_00271	-5
CACKFV010000002.1	64888	65244	-	AG-453-K22_00267	AG-453-K22	118	OG0000369	NA	NA	COG3761	NDUFA12	NADH:ubiquinone oxidoreductase NDUFA12 subunit (Leigh syndrome)	AG-453-K22_00271	-4
CACKFV010000002.1	65355	66185	+	AG-453-K22_00268	AG-453-K22	276	OG0000284	NA	NA	NA	NA	NA	AG-453-K22_00271	-3
CACKFV010000002.1	66186	67973	-	AG-453-K22_00269	AG-453-K22	595	OG0000189	K01876	aspartyl-tRNA synthetase [EC:6.1.1.12]	COG0173	AspS	Aspartyl-tRNA synthetase	AG-453-K22_00271	-2
CACKFV010000002.1	67970	68650	-	AG-453-K22_00270	AG-453-K22	226	OG0000690	NA	NA	COG0593	DnaA	Chromosomal replication initiation ATPase DnaA	AG-453-K22_00271	-1
CACKFV010000002.1	68635	69711	-	AG-453-K22_00271	AG-453-K22	358	OG0000916	NA	NA	NA	NA	NA	AG-453-K22_00271	0
CACKFV010000002.1	69720	70745	+	AG-453-K22_00272	AG-453-K22	341	OG0000574	K01933	phosphoribosylformylglycinamidine cyclo-ligase [EC:6.3.3.1]	COG0150	PurM	Phosphoribosylaminoimidazole (AIR) synthetase	AG-453-K22_00271	1
CACKFV010000002.1	70747	71316	+	AG-453-K22_00273	AG-453-K22	189	OG0000035	K11175	phosphoribosylglycinamide formyltransferase 1 [EC:2.1.2.2]	COG0299	PurN	Folate-dependent phosphoribosylglycinamide formyltransferase PurN	AG-453-K22_00271	2
CACKFV010000002.1	71306	71716	-	AG-453-K22_00274	AG-453-K22	136	OG0000480	K00940	nucleoside-diphosphate kinase [EC:2.7.4.6]	COG0105	Ndk	Nucleoside diphosphate kinase	AG-453-K22_00271	3
CACKFV010000002.1	71709	73169	-	AG-453-K22_00275	AG-453-K22	486	OG0000405	K01255	leucyl aminopeptidase [EC:3.4.11.1]	COG0260	PepB	Leucyl aminopeptidase	AG-453-K22_00271	4
CACKFV010000002.1	73226	74371	+	AG-453-K22_00276	AG-453-K22	381	OG0000932	NA	NA	COG0795	LptF	Lipopolysaccharide export LptBFGC system, permease protein LptF	AG-453-K22_00271	5
CACKOH010000014.1	16921	17325	-	AG-457-B14_00964	AG-457-B14	134	OG0000472	NA	NA	COG4765	NA	Uncharacterized conserved protein, DUF2155 domain	AG-457-B14_00969	-5
CACKOH010000014.1	17288	17647	-	AG-457-B14_00965	AG-457-B14	119	OG0000369	NA	NA	COG3761	NDUFA12	NADH:ubiquinone oxidoreductase NDUFA12 subunit (Leigh syndrome)	AG-457-B14_00969	-4
CACKOH010000014.1	17761	18585	+	AG-457-B14_00966	AG-457-B14	274	OG0000284	NA	NA	NA	NA	NA	AG-457-B14_00969	-3
CACKOH010000014.1	18588	20372	-	AG-457-B14_00967	AG-457-B14	594	OG0000189	K01876	aspartyl-tRNA synthetase [EC:6.1.1.12]	COG0173	AspS	Aspartyl-tRNA synthetase	AG-457-B14_00969	-2
CACKOH010000014.1	20373	21047	-	AG-457-B14_00968	AG-457-B14	224	OG0000690	NA	NA	COG0593	DnaA	Chromosomal replication initiation ATPase DnaA	AG-457-B14_00969	-1
CACKOH010000014.1	21032	22111	-	AG-457-B14_00969	AG-457-B14	359	OG0000916	NA	NA	NA	NA	NA	AG-457-B14_00969	0
CACKOH010000014.1	22123	23151	+	AG-457-B14_00970	AG-457-B14	342	OG0000574	K01933	phosphoribosylformylglycinamidine cyclo-ligase [EC:6.3.3.1]	COG0150	PurM	Phosphoribosylaminoimidazole (AIR) synthetase	AG-457-B14_00969	1
CACKOH010000014.1	23129	23710	+	AG-457-B14_00971	AG-457-B14	193	OG0000035	K11175	phosphoribosylglycinamide formyltransferase 1 [EC:2.1.2.2]	COG0299	PurN	Folate-dependent phosphoribosylglycinamide formyltransferase PurN	AG-457-B14_00969	2
CACKOH010000014.1	23700	24110	-	AG-457-B14_00972	AG-457-B14	136	OG0000480	K00940	nucleoside-diphosphate kinase [EC:2.7.4.6]	COG0105	Ndk	Nucleoside diphosphate kinase	AG-457-B14_00969	3
CACKOH010000014.1	24103	25557	-	AG-457-B14_00973	AG-457-B14	484	OG0000405	K01255	leucyl aminopeptidase [EC:3.4.11.1]	COG0260	PepB	Leucyl aminopeptidase	AG-457-B14_00969	4
CACKWR010000024.1	86	3568	+	AG-457-M14_01136	AG-457-M14	1160	OG0000284	K00525	ribonucleoside-diphosphate reductase alpha chain [EC:1.17.4.1]	COG0209	NrdA	Ribonucleotide reductase alpha subunit	AG-457-M14_01141	-5
CACKWR010000024.1	3565	5364	-	AG-457-M14_01137	AG-457-M14	599	OG0000189	K01876	aspartyl-tRNA synthetase [EC:6.1.1.12]	COG0173	AspS	Aspartyl-tRNA synthetase	AG-457-M14_01141	-4
CACKWR010000024.1	5399	6235	+	AG-457-M14_01138	AG-457-M14	278	OG0000122	K03684	ribonuclease D [EC:3.1.13.5]	COG0349	Rnd	Ribonuclease D, nanoRNase NrnC or deoxydinuclease (diDNase)	AG-457-M14_01141	-3
CACKWR010000024.1	6212	6862	-	AG-457-M14_01139	AG-457-M14	216	OG0000690	NA	NA	COG0593	DnaA	Chromosomal replication initiation ATPase DnaA	AG-457-M14_01141	-2
CACKWR010000024.1	6867	7409	-	AG-457-M14_01140	AG-457-M14	180	OG0000149	NA	NA	COG0558	PgsA	Phosphatidylglycerophosphate synthase	AG-457-M14_01141	-1
CACKWR010000024.1	7409	8509	-	AG-457-M14_01141	AG-457-M14	366	OG0000916	NA	NA	NA	NA	NA	AG-457-M14_01141	0
CACLBB010000009.1	24970	26097	-	AG-461-E04_00806	AG-461-E04	375	OG0000932	NA	NA	COG0795	LptF	Lipopolysaccharide export LptBFGC system, permease protein LptF	AG-461-E04_00811	-5
CACLBB010000009.1	26235	27692	+	AG-461-E04_00807	AG-461-E04	485	OG0000405	K01255	leucyl aminopeptidase [EC:3.4.11.1]	COG0260	PepB	Leucyl aminopeptidase	AG-461-E04_00811	-4
CACLBB010000009.1	27685	28095	+	AG-461-E04_00808	AG-461-E04	136	OG0000480	K00940	nucleoside-diphosphate kinase [EC:2.7.4.6]	COG0105	Ndk	Nucleoside diphosphate kinase	AG-461-E04_00811	-3
CACLBB010000009.1	28092	28655	-	AG-461-E04_00809	AG-461-E04	187	OG0000035	K11175	phosphoribosylglycinamide formyltransferase 1 [EC:2.1.2.2]	COG0299	PurN	Folate-dependent phosphoribosylglycinamide formyltransferase PurN	AG-461-E04_00811	-2
CACLBB010000009.1	28649	29677	-	AG-461-E04_00810	AG-461-E04	342	OG0000574	K01933	phosphoribosylformylglycinamidine cyclo-ligase [EC:6.3.3.1]	COG0150	PurM	Phosphoribosylaminoimidazole (AIR) synthetase	AG-461-E04_00811	-1
CACLBB010000009.1	29703	30749	+	AG-461-E04_00811	AG-461-E04	348	OG0000916	NA	NA	NA	NA	NA	AG-461-E04_00811	0
CACLBB010000009.1	30728	31408	+	AG-461-E04_00812	AG-461-E04	226	OG0000690	NA	NA	COG0593	DnaA	Chromosomal replication initiation ATPase DnaA	AG-461-E04_00811	1
CACLBB010000009.1	31401	33185	+	AG-461-E04_00813	AG-461-E04	594	OG0000189	K01876	aspartyl-tRNA synthetase [EC:6.1.1.12]	COG0173	AspS	Aspartyl-tRNA synthetase	AG-461-E04_00811	2
CACLBB010000009.1	33182	34003	-	AG-461-E04_00814	AG-461-E04	273	OG0000284	NA	NA	NA	NA	NA	AG-461-E04_00811	3
CACLBB010000009.1	34430	34951	+	AG-461-E04_00815	AG-461-E04	173	OG0000472	NA	NA	COG4765	NA	Uncharacterized conserved protein, DUF2155 domain	AG-461-E04_00811	4
CACLBB010000009.1	34948	36285	-	AG-461-E04_00816	AG-461-E04	445	OG0000126	NA	NA	COG4770	PccA	Acetyl/propionyl-CoA carboxylase, alpha subunit	AG-461-E04_00811	5
CACLEJ010000001.1	853	1821	+	AG-461-L09_00001	AG-461-L09	322	OG0000056	NA	NA	COG2089	SpsE	Sialic acid synthase SpsE, contains C-terminal SAF domain	AG-461-L09_00006	-5
CACLEJ010000001.1	1823	2797	+	AG-461-L09_00002	AG-461-L09	324	OG0002171	NA	NA	NA	NA	NA	AG-461-L09_00006	-4
CACLEJ010000001.1	2787	4085	+	AG-461-L09_00003	AG-461-L09	432	OG0000031	NA	NA	COG0677	WecC	UDP-N-acetyl-D-mannosaminuronate dehydrogenase	AG-461-L09_00006	-3
CACLEJ010000001.1	4066	4758	+	AG-461-L09_00004	AG-461-L09	230	OG0001063	NA	NA	COG1083	NeuA	CMP-N-acetylneuraminic acid synthetase, NeuA/PseF family	AG-461-L09_00006	-2
CACLEJ010000001.1	4765	6246	+	AG-461-L09_00005	AG-461-L09	493	OG0001416	NA	NA	NA	NA	NA	AG-461-L09_00006	-1
CACLEJ010000001.1	6239	6448	+	AG-461-L09_00006	AG-461-L09	69	OG0000916	NA	NA	NA	NA	NA	AG-461-L09_00006	0
CACLEJ010000001.1	6511	7467	+	AG-461-L09_00007	AG-461-L09	318	OG0000020	NA	NA	COG0451	WcaG	Nucleoside-diphosphate-sugar epimerase	AG-461-L09_00006	1
CACLEJ010000001.1	7467	8027	+	AG-461-L09_00008	AG-461-L09	186	OG0002820	NA	NA	COG2755	TesA	Lysophospholipase L1 or related esterase. Includes spore coat protein LipC/YcsK	AG-461-L09_00006	2
CACLEJ010000001.1	8024	8437	+	AG-461-L09_00009	AG-461-L09	137	OG0001274	NA	NA	NA	NA	NA	AG-461-L09_00006	3
CACLEJ010000001.1	8451	9569	+	AG-461-L09_00010	AG-461-L09	372	OG0001211	NA	NA	COG0381	WecB	UDP-N-acetylglucosamine 2-epimerase	AG-461-L09_00006	4
CACLEJ010000001.1	9562	9774	+	AG-461-L09_00011	AG-461-L09	70	OG0001488	NA	NA	NA	NA	NA	AG-461-L09_00006	5
CACLFM010000003.1	30550	31680	-	AG-461-M18_00406	AG-461-M18	376	OG0000932	NA	NA	COG0795	LptF	Lipopolysaccharide export LptBFGC system, permease protein LptF	AG-461-M18_00411	-5
CACLFM010000003.1	31735	33189	+	AG-461-M18_00407	AG-461-M18	484	OG0000405	K01255	leucyl aminopeptidase [EC:3.4.11.1]	COG0260	PepB	Leucyl aminopeptidase	AG-461-M18_00411	-4
CACLFM010000003.1	33191	33592	+	AG-461-M18_00408	AG-461-M18	133	OG0000480	K00940	nucleoside-diphosphate kinase [EC:2.7.4.6]	COG0105	Ndk	Nucleoside diphosphate kinase	AG-461-M18_00411	-3
CACLFM010000003.1	33582	34166	-	AG-461-M18_00409	AG-461-M18	194	OG0000035	K11175	phosphoribosylglycinamide formyltransferase 1 [EC:2.1.2.2]	COG0299	PurN	Folate-dependent phosphoribosylglycinamide formyltransferase PurN	AG-461-M18_00411	-2
CACLFM010000003.1	34147	35175	-	AG-461-M18_00410	AG-461-M18	342	OG0000574	K01933	phosphoribosylformylglycinamidine cyclo-ligase [EC:6.3.3.1]	COG0150	PurM	Phosphoribosylaminoimidazole (AIR) synthetase	AG-461-M18_00411	-1
CACLFM010000003.1	35186	36262	+	AG-461-M18_00411	AG-461-M18	358	OG0000916	NA	NA	NA	NA	NA	AG-461-M18_00411	0
CACLFM010000003.1	36247	36936	+	AG-461-M18_00412	AG-461-M18	229	OG0000690	NA	NA	COG0593	DnaA	Chromosomal replication initiation ATPase DnaA	AG-461-M18_00411	1
CACLFM010000003.1	36923	38710	+	AG-461-M18_00413	AG-461-M18	595	OG0000189	K01876	aspartyl-tRNA synthetase [EC:6.1.1.12]	COG0173	AspS	Aspartyl-tRNA synthetase	AG-461-M18_00411	2
CACLFM010000003.1	38711	39544	-	AG-461-M18_00414	AG-461-M18	277	OG0000284	NA	NA	NA	NA	NA	AG-461-M18_00411	3
CACLFM010000003.1	39651	40010	+	AG-461-M18_00415	AG-461-M18	119	OG0000369	NA	NA	COG3761	NDUFA12	NADH:ubiquinone oxidoreductase NDUFA12 subunit (Leigh syndrome)	AG-461-M18_00411	4
CACLFM010000003.1	39976	40380	+	AG-461-M18_00416	AG-461-M18	134	OG0000472	NA	NA	COG4765	NA	Uncharacterized conserved protein, DUF2155 domain	AG-461-M18_00411	5
CACLHF010000006.1	74378	75475	-	AG-461-P14_00714	AG-461-P14	365	OG0000932	NA	NA	COG0795	LptF	Lipopolysaccharide export LptBFGC system, permease protein LptF	AG-461-P14_00719	-5
CACLHF010000006.1	75520	77022	+	AG-461-P14_00715	AG-461-P14	500	OG0000405	K01255	leucyl aminopeptidase [EC:3.4.11.1]	COG0260	PepB	Leucyl aminopeptidase	AG-461-P14_00719	-4
CACLHF010000006.1	77025	77447	+	AG-461-P14_00716	AG-461-P14	140	OG0000480	K00940	nucleoside-diphosphate kinase [EC:2.7.4.6]	COG0105	Ndk	Nucleoside diphosphate kinase	AG-461-P14_00719	-3
CACLHF010000006.1	77451	78017	-	AG-461-P14_00717	AG-461-P14	188	OG0000035	K11175	phosphoribosylglycinamide formyltransferase 1 [EC:2.1.2.2]	COG0299	PurN	Folate-dependent phosphoribosylglycinamide formyltransferase PurN	AG-461-P14_00719	-2
CACLHF010000006.1	78014	79066	-	AG-461-P14_00718	AG-461-P14	350	OG0000574	K01933	phosphoribosylformylglycinamidine cyclo-ligase [EC:6.3.3.1]	COG0150	PurM	Phosphoribosylaminoimidazole (AIR) synthetase	AG-461-P14_00719	-1
CACLHF010000006.1	79101	80165	+	AG-461-P14_00719	AG-461-P14	354	OG0000916	NA	NA	NA	NA	NA	AG-461-P14_00719	0
CACLHF010000006.1	80165	80707	+	AG-461-P14_00720	AG-461-P14	180	OG0000149	NA	NA	COG0558	PgsA	Phosphatidylglycerophosphate synthase	AG-461-P14_00719	1
CACLHF010000006.1	80712	81362	+	AG-461-P14_00721	AG-461-P14	216	OG0000690	NA	NA	COG0593	DnaA	Chromosomal replication initiation ATPase DnaA	AG-461-P14_00719	2
CACLHF010000006.1	81339	82175	-	AG-461-P14_00722	AG-461-P14	278	OG0000122	K03684	ribonuclease D [EC:3.1.13.5]	COG0349	Rnd	Ribonuclease D, nanoRNase NrnC or deoxydinuclease (diDNase)	AG-461-P14_00719	3
CACLHF010000006.1	82210	84009	+	AG-461-P14_00723	AG-461-P14	599	OG0000189	K01876	aspartyl-tRNA synthetase [EC:6.1.1.12]	COG0173	AspS	Aspartyl-tRNA synthetase	AG-461-P14_00719	4
CACLHF010000006.1	84006	85211	-	AG-461-P14_00724	AG-461-P14	401	OG0000284	NA	NA	COG0209	NrdA	Ribonucleotide reductase alpha subunit	AG-461-P14_00719	5
CACLNT010000001.1	17231	17644	-	AG-464-P13_00017	AG-464-P13	137	OG0000472	NA	NA	COG4765	NA	Uncharacterized conserved protein, DUF2155 domain	AG-464-P13_00022	-5
CACLNT010000001.1	17607	17966	-	AG-464-P13_00018	AG-464-P13	119	OG0000369	NA	NA	COG3761	NDUFA12	NADH:ubiquinone oxidoreductase NDUFA12 subunit (Leigh syndrome)	AG-464-P13_00022	-4
CACLNT010000001.1	18082	18906	+	AG-464-P13_00019	AG-464-P13	274	OG0000284	NA	NA	NA	NA	NA	AG-464-P13_00022	-3
CACLNT010000001.1	18909	20693	-	AG-464-P13_00020	AG-464-P13	594	OG0000189	K01876	aspartyl-tRNA synthetase [EC:6.1.1.12]	COG0173	AspS	Aspartyl-tRNA synthetase	AG-464-P13_00022	-2
CACLNT010000001.1	20695	21357	-	AG-464-P13_00021	AG-464-P13	220	OG0000690	NA	NA	COG0593	DnaA	Chromosomal replication initiation ATPase DnaA	AG-464-P13_00022	-1
CACLNT010000001.1	21354	22433	-	AG-464-P13_00022	AG-464-P13	359	OG0000916	NA	NA	NA	NA	NA	AG-464-P13_00022	0
CACLNT010000001.1	22445	23473	+	AG-464-P13_00023	AG-464-P13	342	OG0000574	K01933	phosphoribosylformylglycinamidine cyclo-ligase [EC:6.3.3.1]	COG0150	PurM	Phosphoribosylaminoimidazole (AIR) synthetase	AG-464-P13_00022	1
CACLNT010000001.1	23451	24029	+	AG-464-P13_00024	AG-464-P13	192	OG0000035	K11175	phosphoribosylglycinamide formyltransferase 1 [EC:2.1.2.2]	COG0299	PurN	Folate-dependent phosphoribosylglycinamide formyltransferase PurN	AG-464-P13_00022	2
CACLNT010000001.1	24026	24436	-	AG-464-P13_00025	AG-464-P13	136	OG0000480	K00940	nucleoside-diphosphate kinase [EC:2.7.4.6]	COG0105	Ndk	Nucleoside diphosphate kinase	AG-464-P13_00022	3
CACLNT010000001.1	24429	25880	-	AG-464-P13_00026	AG-464-P13	483	OG0000405	K01255	leucyl aminopeptidase [EC:3.4.11.1]	COG0260	PepB	Leucyl aminopeptidase	AG-464-P13_00022	4
CACLNT010000001.1	26048	27175	+	AG-464-P13_00027	AG-464-P13	375	OG0000932	NA	NA	COG0795	LptF	Lipopolysaccharide export LptBFGC system, permease protein LptF	AG-464-P13_00022	5
CACLQB010000004.1	100978	102114	-	AG-470-D02_00526	AG-470-D02	378	OG0000932	NA	NA	COG0795	LptF	Lipopolysaccharide export LptBFGC system, permease protein LptF	AG-470-D02_00531	-5
CACLQB010000004.1	102157	103629	+	AG-470-D02_00527	AG-470-D02	490	OG0000405	K01255	leucyl aminopeptidase [EC:3.4.11.1]	COG0260	PepB	Leucyl aminopeptidase	AG-470-D02_00531	-4
CACLQB010000004.1	103622	104032	+	AG-470-D02_00528	AG-470-D02	136	OG0000480	K00940	nucleoside-diphosphate kinase [EC:2.7.4.6]	COG0105	Ndk	Nucleoside diphosphate kinase	AG-470-D02_00531	-3
CACLQB010000004.1	104022	104603	-	AG-470-D02_00529	AG-470-D02	193	OG0000035	K11175	phosphoribosylglycinamide formyltransferase 1 [EC:2.1.2.2]	COG0299	PurN	Folate-dependent phosphoribosylglycinamide formyltransferase PurN	AG-470-D02_00531	-2
CACLQB010000004.1	104581	105609	-	AG-470-D02_00530	AG-470-D02	342	OG0000574	K01933	phosphoribosylformylglycinamidine cyclo-ligase [EC:6.3.3.1]	COG0150	PurM	Phosphoribosylaminoimidazole (AIR) synthetase	AG-470-D02_00531	-1
CACLQB010000004.1	105621	106700	+	AG-470-D02_00531	AG-470-D02	359	OG0000916	NA	NA	NA	NA	NA	AG-470-D02_00531	0
CACLQB010000004.1	106685	107359	+	AG-470-D02_00532	AG-470-D02	224	OG0000690	NA	NA	COG0593	DnaA	Chromosomal replication initiation ATPase DnaA	AG-470-D02_00531	1
CACLQB010000004.1	107360	109144	+	AG-470-D02_00533	AG-470-D02	594	OG0000189	K01876	aspartyl-tRNA synthetase [EC:6.1.1.12]	COG0173	AspS	Aspartyl-tRNA synthetase	AG-470-D02_00531	2
CACLQB010000004.1	109148	109972	-	AG-470-D02_00534	AG-470-D02	274	OG0000284	NA	NA	NA	NA	NA	AG-470-D02_00531	3
CACLQB010000004.1	110087	110446	+	AG-470-D02_00535	AG-470-D02	119	OG0000369	NA	NA	COG3761	NDUFA12	NADH:ubiquinone oxidoreductase NDUFA12 subunit (Leigh syndrome)	AG-470-D02_00531	4
CACLQB010000004.1	110409	110813	+	AG-470-D02_00536	AG-470-D02	134	OG0000472	NA	NA	COG4765	NA	Uncharacterized conserved protein, DUF2155 domain	AG-470-D02_00531	5
CACLZL010000001.1	190253	191395	-	AG-891-A05_00197	AG-891-A05	380	OG0000932	NA	NA	COG0795	LptF	Lipopolysaccharide export LptBFGC system, permease protein LptF	AG-891-A05_00202	-5
CACLZL010000001.1	191457	192911	+	AG-891-A05_00198	AG-891-A05	484	OG0000405	K01255	leucyl aminopeptidase [EC:3.4.11.1]	COG0260	PepB	Leucyl aminopeptidase	AG-891-A05_00202	-4
CACLZL010000001.1	192904	193314	+	AG-891-A05_00199	AG-891-A05	136	OG0000480	K00940	nucleoside-diphosphate kinase [EC:2.7.4.6]	COG0105	Ndk	Nucleoside diphosphate kinase	AG-891-A05_00202	-3
CACLZL010000001.1	193304	193885	-	AG-891-A05_00200	AG-891-A05	193	OG0000035	K11175	phosphoribosylglycinamide formyltransferase 1 [EC:2.1.2.2]	COG0299	PurN	Folate-dependent phosphoribosylglycinamide formyltransferase PurN	AG-891-A05_00202	-2
CACLZL010000001.1	193863	194891	-	AG-891-A05_00201	AG-891-A05	342	OG0000574	K01933	phosphoribosylformylglycinamidine cyclo-ligase [EC:6.3.3.1]	COG0150	PurM	Phosphoribosylaminoimidazole (AIR) synthetase	AG-891-A05_00202	-1
CACLZL010000001.1	194903	195991	+	AG-891-A05_00202	AG-891-A05	362	OG0000916	NA	NA	NA	NA	NA	AG-891-A05_00202	0
CACLZL010000001.1	195978	196640	+	AG-891-A05_00203	AG-891-A05	220	OG0000690	NA	NA	COG0593	DnaA	Chromosomal replication initiation ATPase DnaA	AG-891-A05_00202	1
CACLZL010000001.1	196641	198425	+	AG-891-A05_00204	AG-891-A05	594	OG0000189	K01876	aspartyl-tRNA synthetase [EC:6.1.1.12]	COG0173	AspS	Aspartyl-tRNA synthetase	AG-891-A05_00202	2
CACLZL010000001.1	198427	199251	-	AG-891-A05_00205	AG-891-A05	274	OG0000284	NA	NA	NA	NA	NA	AG-891-A05_00202	3
CACLZL010000001.1	199366	199725	+	AG-891-A05_00206	AG-891-A05	119	OG0000369	NA	NA	COG3761	NDUFA12	NADH:ubiquinone oxidoreductase NDUFA12 subunit (Leigh syndrome)	AG-891-A05_00202	4
CACLZL010000001.1	199688	200095	+	AG-891-A05_00207	AG-891-A05	135	OG0000472	NA	NA	COG4765	NA	Uncharacterized conserved protein, DUF2155 domain	AG-891-A05_00202	5
CACMEG010000006.1	32993	33397	-	AG-891-E06_01040	AG-891-E06	134	OG0000472	NA	NA	COG4765	NA	Uncharacterized conserved protein, DUF2155 domain	AG-891-E06_01045	-5
CACMEG010000006.1	33363	33722	-	AG-891-E06_01041	AG-891-E06	119	OG0000369	NA	NA	COG3761	NDUFA12	NADH:ubiquinone oxidoreductase NDUFA12 subunit (Leigh syndrome)	AG-891-E06_01045	-4
CACMEG010000006.1	33826	34653	+	AG-891-E06_01042	AG-891-E06	275	OG0000284	NA	NA	NA	NA	NA	AG-891-E06_01045	-3
CACMEG010000006.1	34656	36440	-	AG-891-E06_01043	AG-891-E06	594	OG0000189	K01876	aspartyl-tRNA synthetase [EC:6.1.1.12]	COG0173	AspS	Aspartyl-tRNA synthetase	AG-891-E06_01045	-2
CACMEG010000006.1	36442	37113	-	AG-891-E06_01044	AG-891-E06	223	OG0000690	NA	NA	COG0593	DnaA	Chromosomal replication initiation ATPase DnaA	AG-891-E06_01045	-1
CACMEG010000006.1	37098	38174	-	AG-891-E06_01045	AG-891-E06	358	OG0000916	NA	NA	COG1221	PspF	Transcriptional regulators containing sigma54-interacting ATPase domain	AG-891-E06_01045	0
CACMEG010000006.1	38185	39210	+	AG-891-E06_01046	AG-891-E06	341	OG0000574	K01933	phosphoribosylformylglycinamidine cyclo-ligase [EC:6.3.3.1]	COG0150	PurM	Phosphoribosylaminoimidazole (AIR) synthetase	AG-891-E06_01045	1
CACMEG010000006.1	39191	39781	+	AG-891-E06_01047	AG-891-E06	196	OG0000035	K11175	phosphoribosylglycinamide formyltransferase 1 [EC:2.1.2.2]	COG0299	PurN	Folate-dependent phosphoribosylglycinamide formyltransferase PurN	AG-891-E06_01045	2
CACMEG010000006.1	39771	40181	-	AG-891-E06_01048	AG-891-E06	136	OG0000480	K00940	nucleoside-diphosphate kinase [EC:2.7.4.6]	COG0105	Ndk	Nucleoside diphosphate kinase	AG-891-E06_01045	3
CACMEG010000006.1	40174	40935	-	AG-891-E06_01049	AG-891-E06	253	OG0000405	NA	NA	COG0260	PepB	Leucyl aminopeptidase	AG-891-E06_01045	4
CACMGO010000005.1	53760	54161	-	AG-891-G02_00788	AG-891-G02	133	OG0000472	NA	NA	COG4765	NA	Uncharacterized conserved protein, DUF2155 domain	AG-891-G02_00793	-5
CACMGO010000005.1	54124	54483	-	AG-891-G02_00789	AG-891-G02	119	OG0000369	NA	NA	COG3761	NDUFA12	NADH:ubiquinone oxidoreductase NDUFA12 subunit (Leigh syndrome)	AG-891-G02_00793	-4
CACMGO010000005.1	54595	55410	+	AG-891-G02_00790	AG-891-G02	271	OG0000284	NA	NA	NA	NA	NA	AG-891-G02_00793	-3
CACMGO010000005.1	55413	57197	-	AG-891-G02_00791	AG-891-G02	594	OG0000189	K01876	aspartyl-tRNA synthetase [EC:6.1.1.12]	COG0173	AspS	Aspartyl-tRNA synthetase	AG-891-G02_00793	-2
CACMGO010000005.1	57198	57860	-	AG-891-G02_00792	AG-891-G02	220	OG0000690	NA	NA	COG0593	DnaA	Chromosomal replication initiation ATPase DnaA	AG-891-G02_00793	-1
CACMGO010000005.1	57857	58936	-	AG-891-G02_00793	AG-891-G02	359	OG0000916	NA	NA	NA	NA	NA	AG-891-G02_00793	0
CACMGO010000005.1	58948	59979	+	AG-891-G02_00794	AG-891-G02	343	OG0000574	K01933	phosphoribosylformylglycinamidine cyclo-ligase [EC:6.3.3.1]	COG0150	PurM	Phosphoribosylaminoimidazole (AIR) synthetase	AG-891-G02_00793	1
CACMGO010000005.1	59954	60535	+	AG-891-G02_00795	AG-891-G02	193	OG0000035	K11175	phosphoribosylglycinamide formyltransferase 1 [EC:2.1.2.2]	COG0299	PurN	Folate-dependent phosphoribosylglycinamide formyltransferase PurN	AG-891-G02_00793	2
CACMGO010000005.1	60525	60935	-	AG-891-G02_00796	AG-891-G02	136	OG0000480	K00940	nucleoside-diphosphate kinase [EC:2.7.4.6]	COG0105	Ndk	Nucleoside diphosphate kinase	AG-891-G02_00793	3
CACMGO010000005.1	60928	62382	-	AG-891-G02_00797	AG-891-G02	484	OG0000405	K01255	leucyl aminopeptidase [EC:3.4.11.1]	COG0260	PepB	Leucyl aminopeptidase	AG-891-G02_00793	4
CACMGO010000005.1	62443	63579	+	AG-891-G02_00798	AG-891-G02	378	OG0000932	NA	NA	COG0795	LptF	Lipopolysaccharide export LptBFGC system, permease protein LptF	AG-891-G02_00793	5
CACMIH010000015.1	1200	2333	-	AG-891-I18_01454	AG-891-I18	377	OG0001211	K01791	UDP-N-acetylglucosamine 2-epimerase (non-hydrolysing) [EC:5.1.3.14]	COG0381	WecB	UDP-N-acetylglucosamine 2-epimerase	AG-891-I18_01457	-3
CACMIH010000015.1	2333	3445	-	AG-891-I18_01455	AG-891-I18	370	OG0000010	NA	NA	COG0438	RfaB	Lipopolysaccharide 1,6-galactosyltransferase, GT1 family	AG-891-I18_01457	-2
CACMIH010000015.1	3549	4568	+	AG-891-I18_01456	AG-891-I18	339	OG0000019	NA	NA	COG0472	Rfe	UDP-N-acetylmuramyl pentapeptide phosphotransferase/UDP-N-acetylglucosamine-1-phosphate transferase/archaeal AglH	AG-891-I18_01457	-1
CACMIH010000015.1	4574	5509	+	AG-891-I18_01457	AG-891-I18	311	OG0000916	NA	NA	NA	NA	NA	AG-891-I18_01457	0
CACMIH010000015.1	5424	6434	-	AG-891-I18_01458	AG-891-I18	336	OG0001412	NA	NA	COG1215	BcsA	Glycosyltransferase, catalytic subunit of cellulose synthase and poly-beta-1,6-N-acetylglucosamine synthase	AG-891-I18_01457	1
CACMIH010000015.1	6456	7592	-	AG-891-I18_01459	AG-891-I18	378	OG0000010	NA	NA	COG0438	RfaB	Lipopolysaccharide 1,6-galactosyltransferase, GT1 family	AG-891-I18_01457	2
CACMIH010000015.1	7609	8085	-	AG-891-I18_01460	AG-891-I18	158	OG0002048	NA	NA	NA	NA	NA	AG-891-I18_01457	3
CACMIV010000002.1	278777	282361	+	AG-891-J04_01000	AG-891-J04	1194	OG0000284	K00525	ribonucleoside-diphosphate reductase alpha chain [EC:1.17.4.1]	COG0209	NrdA	Ribonucleotide reductase alpha subunit	AG-891-J04_01005	-5
CACMIV010000002.1	282363	284159	-	AG-891-J04_01001	AG-891-J04	598	OG0000189	K01876	aspartyl-tRNA synthetase [EC:6.1.1.12]	COG0173	AspS	Aspartyl-tRNA synthetase	AG-891-J04_01005	-4
CACMIV010000002.1	284193	285026	+	AG-891-J04_01002	AG-891-J04	277	OG0000122	K03684	ribonuclease D [EC:3.1.13.5]	COG0349	Rnd	Ribonuclease D, nanoRNase NrnC or deoxydinuclease (diDNase)	AG-891-J04_01005	-3
CACMIV010000002.1	285004	285651	-	AG-891-J04_01003	AG-891-J04	215	OG0000690	NA	NA	COG0593	DnaA	Chromosomal replication initiation ATPase DnaA	AG-891-J04_01005	-2
CACMIV010000002.1	285652	286197	-	AG-891-J04_01004	AG-891-J04	181	OG0000149	NA	NA	COG0558	PgsA	Phosphatidylglycerophosphate synthase	AG-891-J04_01005	-1
CACMIV010000002.1	286190	287269	-	AG-891-J04_01005	AG-891-J04	359	OG0000916	NA	NA	NA	NA	NA	AG-891-J04_01005	0
CACMIV010000002.1	287285	288328	+	AG-891-J04_01006	AG-891-J04	347	OG0000574	K01933	phosphoribosylformylglycinamidine cyclo-ligase [EC:6.3.3.1]	COG0150	PurM	Phosphoribosylaminoimidazole (AIR) synthetase	AG-891-J04_01005	1
CACMIV010000002.1	288321	288893	+	AG-891-J04_01007	AG-891-J04	190	OG0000035	K11175	phosphoribosylglycinamide formyltransferase 1 [EC:2.1.2.2]	COG0299	PurN	Folate-dependent phosphoribosylglycinamide formyltransferase PurN	AG-891-J04_01005	2
CACMIV010000002.1	288883	289305	-	AG-891-J04_01008	AG-891-J04	140	OG0000480	K00940	nucleoside-diphosphate kinase [EC:2.7.4.6]	COG0105	Ndk	Nucleoside diphosphate kinase	AG-891-J04_01005	3
CACMIV010000002.1	289305	290825	-	AG-891-J04_01009	AG-891-J04	506	OG0000405	K01255	leucyl aminopeptidase [EC:3.4.11.1]	COG0260	PepB	Leucyl aminopeptidase	AG-891-J04_01005	4
CACMIV010000002.1	290866	291984	+	AG-891-J04_01010	AG-891-J04	372	OG0000932	NA	NA	COG0795	LptF	Lipopolysaccharide export LptBFGC system, permease protein LptF	AG-891-J04_01005	5
CACMIX010000002.1	90315	91457	-	AG-891-J07_00618	AG-891-J07	380	OG0000932	NA	NA	COG0795	LptF	Lipopolysaccharide export LptBFGC system, permease protein LptF	AG-891-J07_00623	-5
CACMIX010000002.1	91518	92972	+	AG-891-J07_00619	AG-891-J07	484	OG0000405	K01255	leucyl aminopeptidase [EC:3.4.11.1]	COG0260	PepB	Leucyl aminopeptidase	AG-891-J07_00623	-4
CACMIX010000002.1	92965	93375	+	AG-891-J07_00620	AG-891-J07	136	OG0000480	K00940	nucleoside-diphosphate kinase [EC:2.7.4.6]	COG0105	Ndk	Nucleoside diphosphate kinase	AG-891-J07_00623	-3
CACMIX010000002.1	93365	93946	-	AG-891-J07_00621	AG-891-J07	193	OG0000035	K11175	phosphoribosylglycinamide formyltransferase 1 [EC:2.1.2.2]	COG0299	PurN	Folate-dependent phosphoribosylglycinamide formyltransferase PurN	AG-891-J07_00623	-2
CACMIX010000002.1	93924	94952	-	AG-891-J07_00622	AG-891-J07	342	OG0000574	K01933	phosphoribosylformylglycinamidine cyclo-ligase [EC:6.3.3.1]	COG0150	PurM	Phosphoribosylaminoimidazole (AIR) synthetase	AG-891-J07_00623	-1
CACMIX010000002.1	94964	96043	+	AG-891-J07_00623	AG-891-J07	359	OG0000916	NA	NA	NA	NA	NA	AG-891-J07_00623	0
CACMIX010000002.1	96040	96702	+	AG-891-J07_00624	AG-891-J07	220	OG0000690	NA	NA	COG0593	DnaA	Chromosomal replication initiation ATPase DnaA	AG-891-J07_00623	1
CACMIX010000002.1	96703	98487	+	AG-891-J07_00625	AG-891-J07	594	OG0000189	K01876	aspartyl-tRNA synthetase [EC:6.1.1.12]	COG0173	AspS	Aspartyl-tRNA synthetase	AG-891-J07_00623	2
CACMIX010000002.1	98490	99314	-	AG-891-J07_00626	AG-891-J07	274	OG0000284	NA	NA	NA	NA	NA	AG-891-J07_00623	3
CACMIX010000002.1	99427	99786	+	AG-891-J07_00627	AG-891-J07	119	OG0000369	NA	NA	COG3761	NDUFA12	NADH:ubiquinone oxidoreductase NDUFA12 subunit (Leigh syndrome)	AG-891-J07_00623	4
CACMIX010000002.1	99749	100153	+	AG-891-J07_00628	AG-891-J07	134	OG0000472	NA	NA	COG4765	NA	Uncharacterized conserved protein, DUF2155 domain	AG-891-J07_00623	5
CACMRC010000002.1	20717	21841	-	AG-892-A22_00260	AG-892-A22	374	OG0000932	NA	NA	COG0795	LptF	Lipopolysaccharide export LptBFGC system, permease protein LptF	AG-892-A22_00265	-5
CACMRC010000002.1	21903	23357	+	AG-892-A22_00261	AG-892-A22	484	OG0000405	K01255	leucyl aminopeptidase [EC:3.4.11.1]	COG0260	PepB	Leucyl aminopeptidase	AG-892-A22_00265	-4
CACMRC010000002.1	23350	23760	+	AG-892-A22_00262	AG-892-A22	136	OG0000480	K00940	nucleoside-diphosphate kinase [EC:2.7.4.6]	COG0105	Ndk	Nucleoside diphosphate kinase	AG-892-A22_00265	-3
CACMRC010000002.1	23750	24331	-	AG-892-A22_00263	AG-892-A22	193	OG0000035	K11175	phosphoribosylglycinamide formyltransferase 1 [EC:2.1.2.2]	COG0299	PurN	Folate-dependent phosphoribosylglycinamide formyltransferase PurN	AG-892-A22_00265	-2
CACMRC010000002.1	24306	25337	-	AG-892-A22_00264	AG-892-A22	343	OG0000574	K01933	phosphoribosylformylglycinamidine cyclo-ligase [EC:6.3.3.1]	COG0150	PurM	Phosphoribosylaminoimidazole (AIR) synthetase	AG-892-A22_00265	-1
CACMRC010000002.1	25349	26437	+	AG-892-A22_00265	AG-892-A22	362	OG0000916	NA	NA	NA	NA	NA	AG-892-A22_00265	0
CACMRC010000002.1	26424	27086	+	AG-892-A22_00266	AG-892-A22	220	OG0000690	NA	NA	COG0593	DnaA	Chromosomal replication initiation ATPase DnaA	AG-892-A22_00265	1
CACMRC010000002.1	27087	28871	+	AG-892-A22_00267	AG-892-A22	594	OG0000189	K01876	aspartyl-tRNA synthetase [EC:6.1.1.12]	COG0173	AspS	Aspartyl-tRNA synthetase	AG-892-A22_00265	2
CACMRC010000002.1	28873	29697	-	AG-892-A22_00268	AG-892-A22	274	OG0000284	NA	NA	NA	NA	NA	AG-892-A22_00265	3
CACMRC010000002.1	29813	30172	+	AG-892-A22_00269	AG-892-A22	119	OG0000369	NA	NA	COG3761	NDUFA12	NADH:ubiquinone oxidoreductase NDUFA12 subunit (Leigh syndrome)	AG-892-A22_00265	4
CACMRC010000002.1	30135	30542	+	AG-892-A22_00270	AG-892-A22	135	OG0000472	NA	NA	COG4765	NA	Uncharacterized conserved protein, DUF2155 domain	AG-892-A22_00265	5
CACMSB010000005.1	50545	51675	-	AG-892-B11_01179	AG-892-B11	376	OG0000932	NA	NA	COG0795	LptF	Lipopolysaccharide export LptBFGC system, permease protein LptF	AG-892-B11_01184	-5
CACMSB010000005.1	51730	53166	+	AG-892-B11_01180	AG-892-B11	478	OG0000405	K01255	leucyl aminopeptidase [EC:3.4.11.1]	COG0260	PepB	Leucyl aminopeptidase	AG-892-B11_01184	-4
CACMSB010000005.1	53159	53569	+	AG-892-B11_01181	AG-892-B11	136	OG0000480	K00940	nucleoside-diphosphate kinase [EC:2.7.4.6]	COG0105	Ndk	Nucleoside diphosphate kinase	AG-892-B11_01184	-3
CACMSB010000005.1	53559	54137	-	AG-892-B11_01182	AG-892-B11	192	OG0000035	K11175	phosphoribosylglycinamide formyltransferase 1 [EC:2.1.2.2]	COG0299	PurN	Folate-dependent phosphoribosylglycinamide formyltransferase PurN	AG-892-B11_01184	-2
CACMSB010000005.1	54118	55140	-	AG-892-B11_01183	AG-892-B11	340	OG0000574	K01933	phosphoribosylformylglycinamidine cyclo-ligase [EC:6.3.3.1]	COG0150	PurM	Phosphoribosylaminoimidazole (AIR) synthetase	AG-892-B11_01184	-1
CACMSB010000005.1	55150	56226	+	AG-892-B11_01184	AG-892-B11	358	OG0000916	NA	NA	NA	NA	NA	AG-892-B11_01184	0
CACMSB010000005.1	56223	56882	+	AG-892-B11_01185	AG-892-B11	219	OG0000690	NA	NA	COG0593	DnaA	Chromosomal replication initiation ATPase DnaA	AG-892-B11_01184	1
CACMSB010000005.1	56879	58660	+	AG-892-B11_01186	AG-892-B11	593	OG0000189	K01876	aspartyl-tRNA synthetase [EC:6.1.1.12]	COG0173	AspS	Aspartyl-tRNA synthetase	AG-892-B11_01184	2
CACMSB010000005.1	58661	59482	-	AG-892-B11_01187	AG-892-B11	273	OG0000284	NA	NA	NA	NA	NA	AG-892-B11_01184	3
CACMSB010000005.1	59591	59947	+	AG-892-B11_01188	AG-892-B11	118	OG0000369	NA	NA	COG3761	NDUFA12	NADH:ubiquinone oxidoreductase NDUFA12 subunit (Leigh syndrome)	AG-892-B11_01184	4
CACMSB010000005.1	59910	60317	+	AG-892-B11_01189	AG-892-B11	135	OG0000472	NA	NA	COG4765	NA	Uncharacterized conserved protein, DUF2155 domain	AG-892-B11_01184	5
CACMTO010000003.1	91613	91990	-	AG-892-C18_00566	AG-892-C18	125	OG0000472	NA	NA	COG4765	NA	Uncharacterized conserved protein, DUF2155 domain	AG-892-C18_00571	-5
CACMTO010000003.1	91978	92337	-	AG-892-C18_00567	AG-892-C18	119	OG0000369	NA	NA	COG3761	NDUFA12	NADH:ubiquinone oxidoreductase NDUFA12 subunit (Leigh syndrome)	AG-892-C18_00571	-4
CACMTO010000003.1	92452	93276	+	AG-892-C18_00568	AG-892-C18	274	OG0000284	NA	NA	NA	NA	NA	AG-892-C18_00571	-3
CACMTO010000003.1	93278	95062	-	AG-892-C18_00569	AG-892-C18	594	OG0000189	K01876	aspartyl-tRNA synthetase [EC:6.1.1.12]	COG0173	AspS	Aspartyl-tRNA synthetase	AG-892-C18_00571	-2
CACMTO010000003.1	95062	95724	-	AG-892-C18_00570	AG-892-C18	220	OG0000690	NA	NA	COG0593	DnaA	Chromosomal replication initiation ATPase DnaA	AG-892-C18_00571	-1
CACMTO010000003.1	95721	96800	-	AG-892-C18_00571	AG-892-C18	359	OG0000916	NA	NA	NA	NA	NA	AG-892-C18_00571	0
CACMTO010000003.1	96812	97843	+	AG-892-C18_00572	AG-892-C18	343	OG0000574	K01933	phosphoribosylformylglycinamidine cyclo-ligase [EC:6.3.3.1]	COG0150	PurM	Phosphoribosylaminoimidazole (AIR) synthetase	AG-892-C18_00571	1
CACMTO010000003.1	97818	98402	+	AG-892-C18_00573	AG-892-C18	194	OG0000035	K11175	phosphoribosylglycinamide formyltransferase 1 [EC:2.1.2.2]	COG0299	PurN	Folate-dependent phosphoribosylglycinamide formyltransferase PurN	AG-892-C18_00571	2
CACMTO010000003.1	98392	98802	-	AG-892-C18_00574	AG-892-C18	136	OG0000480	K00940	nucleoside-diphosphate kinase [EC:2.7.4.6]	COG0105	Ndk	Nucleoside diphosphate kinase	AG-892-C18_00571	3
CACMTO010000003.1	98795	100252	-	AG-892-C18_00575	AG-892-C18	485	OG0000405	K01255	leucyl aminopeptidase [EC:3.4.11.1]	COG0260	PepB	Leucyl aminopeptidase	AG-892-C18_00571	4
CACMTO010000003.1	100363	101493	+	AG-892-C18_00576	AG-892-C18	376	OG0000932	NA	NA	COG0795	LptF	Lipopolysaccharide export LptBFGC system, permease protein LptF	AG-892-C18_00571	5
CACMVC010000007.1	31345	32493	-	AG-892-E08_01258	AG-892-E08	382	OG0000932	NA	NA	COG0795	LptF	Lipopolysaccharide export LptBFGC system, permease protein LptF	AG-892-E08_01263	-5
CACMVC010000007.1	32500	34008	+	AG-892-E08_01259	AG-892-E08	502	OG0000405	K01255	leucyl aminopeptidase [EC:3.4.11.1]	COG0260	PepB	Leucyl aminopeptidase	AG-892-E08_01263	-4
CACMVC010000007.1	34001	34411	+	AG-892-E08_01260	AG-892-E08	136	OG0000480	K00940	nucleoside-diphosphate kinase [EC:2.7.4.6]	COG0105	Ndk	Nucleoside diphosphate kinase	AG-892-E08_01263	-3
CACMVC010000007.1	34401	34982	-	AG-892-E08_01261	AG-892-E08	193	OG0000035	K11175	phosphoribosylglycinamide formyltransferase 1 [EC:2.1.2.2]	COG0299	PurN	Folate-dependent phosphoribosylglycinamide formyltransferase PurN	AG-892-E08_01263	-2
CACMVC010000007.1	34960	35988	-	AG-892-E08_01262	AG-892-E08	342	OG0000574	K01933	phosphoribosylformylglycinamidine cyclo-ligase [EC:6.3.3.1]	COG0150	PurM	Phosphoribosylaminoimidazole (AIR) synthetase	AG-892-E08_01263	-1
CACMVC010000007.1	36000	37079	+	AG-892-E08_01263	AG-892-E08	359	OG0000916	NA	NA	NA	NA	NA	AG-892-E08_01263	0
CACMVC010000007.1	37064	37738	+	AG-892-E08_01264	AG-892-E08	224	OG0000690	NA	NA	COG0593	DnaA	Chromosomal replication initiation ATPase DnaA	AG-892-E08_01263	1
CACMVC010000007.1	37739	39523	+	AG-892-E08_01265	AG-892-E08	594	OG0000189	K01876	aspartyl-tRNA synthetase [EC:6.1.1.12]	COG0173	AspS	Aspartyl-tRNA synthetase	AG-892-E08_01263	2
CACMVC010000007.1	39527	40351	-	AG-892-E08_01266	AG-892-E08	274	OG0000284	NA	NA	NA	NA	NA	AG-892-E08_01263	3
CACMVC010000007.1	40465	40824	+	AG-892-E08_01267	AG-892-E08	119	OG0000369	NA	NA	COG3761	NDUFA12	NADH:ubiquinone oxidoreductase NDUFA12 subunit (Leigh syndrome)	AG-892-E08_01263	4
CACMVC010000007.1	40787	41191	+	AG-892-E08_01268	AG-892-E08	134	OG0000472	NA	NA	COG4765	NA	Uncharacterized conserved protein, DUF2155 domain	AG-892-E08_01263	5
CACMWB010000010.1	30074	31207	-	AG-892-F02_01027	AG-892-F02	377	OG0000932	NA	NA	COG0795	LptF	Lipopolysaccharide export LptBFGC system, permease protein LptF	AG-892-F02_01032	-5
CACMWB010000010.1	31269	32723	+	AG-892-F02_01028	AG-892-F02	484	OG0000405	K01255	leucyl aminopeptidase [EC:3.4.11.1]	COG0260	PepB	Leucyl aminopeptidase	AG-892-F02_01032	-4
CACMWB010000010.1	32716	33126	+	AG-892-F02_01029	AG-892-F02	136	OG0000480	K00940	nucleoside-diphosphate kinase [EC:2.7.4.6]	COG0105	Ndk	Nucleoside diphosphate kinase	AG-892-F02_01032	-3
CACMWB010000010.1	33116	33697	-	AG-892-F02_01030	AG-892-F02	193	OG0000035	K11175	phosphoribosylglycinamide formyltransferase 1 [EC:2.1.2.2]	COG0299	PurN	Folate-dependent phosphoribosylglycinamide formyltransferase PurN	AG-892-F02_01032	-2
CACMWB010000010.1	33672	34703	-	AG-892-F02_01031	AG-892-F02	343	OG0000574	K01933	phosphoribosylformylglycinamidine cyclo-ligase [EC:6.3.3.1]	COG0150	PurM	Phosphoribosylaminoimidazole (AIR) synthetase	AG-892-F02_01032	-1
CACMWB010000010.1	34715	35803	+	AG-892-F02_01032	AG-892-F02	362	OG0000916	NA	NA	NA	NA	NA	AG-892-F02_01032	0
CACMWB010000010.1	35790	36452	+	AG-892-F02_01033	AG-892-F02	220	OG0000690	NA	NA	COG0593	DnaA	Chromosomal replication initiation ATPase DnaA	AG-892-F02_01032	1
CACMWB010000010.1	36453	38237	+	AG-892-F02_01034	AG-892-F02	594	OG0000189	K01876	aspartyl-tRNA synthetase [EC:6.1.1.12]	COG0173	AspS	Aspartyl-tRNA synthetase	AG-892-F02_01032	2
CACMWB010000010.1	38239	39063	-	AG-892-F02_01035	AG-892-F02	274	OG0000284	NA	NA	NA	NA	NA	AG-892-F02_01032	3
CACMWB010000010.1	39178	39537	+	AG-892-F02_01036	AG-892-F02	119	OG0000369	NA	NA	COG3761	NDUFA12	NADH:ubiquinone oxidoreductase NDUFA12 subunit (Leigh syndrome)	AG-892-F02_01032	4
CACMWB010000010.1	39500	39907	+	AG-892-F02_01037	AG-892-F02	135	OG0000472	NA	NA	COG4765	NA	Uncharacterized conserved protein, DUF2155 domain	AG-892-F02_01032	5
CACMWQ010000006.1	3706	4836	-	AG-892-F15_01319	AG-892-F15	376	OG0000932	NA	NA	COG0795	LptF	Lipopolysaccharide export LptBFGC system, permease protein LptF	AG-892-F15_01324	-5
CACMWQ010000006.1	4891	6327	+	AG-892-F15_01320	AG-892-F15	478	OG0000405	K01255	leucyl aminopeptidase [EC:3.4.11.1]	COG0260	PepB	Leucyl aminopeptidase	AG-892-F15_01324	-4
CACMWQ010000006.1	6320	6730	+	AG-892-F15_01321	AG-892-F15	136	OG0000480	K00940	nucleoside-diphosphate kinase [EC:2.7.4.6]	COG0105	Ndk	Nucleoside diphosphate kinase	AG-892-F15_01324	-3
CACMWQ010000006.1	6696	7298	-	AG-892-F15_01322	AG-892-F15	200	OG0000035	K11175	phosphoribosylglycinamide formyltransferase 1 [EC:2.1.2.2]	COG0299	PurN	Folate-dependent phosphoribosylglycinamide formyltransferase PurN	AG-892-F15_01324	-2
CACMWQ010000006.1	7279	8301	-	AG-892-F15_01323	AG-892-F15	340	OG0000574	K01933	phosphoribosylformylglycinamidine cyclo-ligase [EC:6.3.3.1]	COG0150	PurM	Phosphoribosylaminoimidazole (AIR) synthetase	AG-892-F15_01324	-1
CACMWQ010000006.1	8311	9387	+	AG-892-F15_01324	AG-892-F15	358	OG0000916	NA	NA	NA	NA	NA	AG-892-F15_01324	0
CACMWQ010000006.1	9384	10043	+	AG-892-F15_01325	AG-892-F15	219	OG0000690	NA	NA	COG0593	DnaA	Chromosomal replication initiation ATPase DnaA	AG-892-F15_01324	1
CACMWQ010000006.1	10040	11821	+	AG-892-F15_01326	AG-892-F15	593	OG0000189	K01876	aspartyl-tRNA synthetase [EC:6.1.1.12]	COG0173	AspS	Aspartyl-tRNA synthetase	AG-892-F15_01324	2
CACMWQ010000006.1	11822	12643	-	AG-892-F15_01327	AG-892-F15	273	OG0000284	NA	NA	NA	NA	NA	AG-892-F15_01324	3
CACMWQ010000006.1	12752	13108	+	AG-892-F15_01328	AG-892-F15	118	OG0000369	NA	NA	COG3761	NDUFA12	NADH:ubiquinone oxidoreductase NDUFA12 subunit (Leigh syndrome)	AG-892-F15_01324	4
CACMWQ010000006.1	13071	13478	+	AG-892-F15_01329	AG-892-F15	135	OG0000472	NA	NA	COG4765	NA	Uncharacterized conserved protein, DUF2155 domain	AG-892-F15_01324	5
CACNBC010000001.1	68365	68745	-	AG-892-K09_00075	AG-892-K09	126	OG0000472	NA	NA	COG4765	NA	Uncharacterized conserved protein, DUF2155 domain	AG-892-K09_00080	-5
CACNBC010000001.1	68733	69092	-	AG-892-K09_00076	AG-892-K09	119	OG0000369	NA	NA	COG3761	NDUFA12	NADH:ubiquinone oxidoreductase NDUFA12 subunit (Leigh syndrome)	AG-892-K09_00080	-4
CACNBC010000001.1	69201	70025	+	AG-892-K09_00077	AG-892-K09	274	OG0000284	NA	NA	NA	NA	NA	AG-892-K09_00080	-3
CACNBC010000001.1	70026	71807	-	AG-892-K09_00078	AG-892-K09	593	OG0000189	K01876	aspartyl-tRNA synthetase [EC:6.1.1.12]	COG0173	AspS	Aspartyl-tRNA synthetase	AG-892-K09_00080	-2
CACNBC010000001.1	71794	72468	-	AG-892-K09_00079	AG-892-K09	224	OG0000690	NA	NA	COG0593	DnaA	Chromosomal replication initiation ATPase DnaA	AG-892-K09_00080	-1
CACNBC010000001.1	72458	73531	-	AG-892-K09_00080	AG-892-K09	357	OG0000916	NA	NA	NA	NA	NA	AG-892-K09_00080	0
CACNBC010000001.1	73542	74570	+	AG-892-K09_00081	AG-892-K09	342	OG0000574	K01933	phosphoribosylformylglycinamidine cyclo-ligase [EC:6.3.3.1]	COG0150	PurM	Phosphoribosylaminoimidazole (AIR) synthetase	AG-892-K09_00080	1
CACNBC010000001.1	74548	75129	+	AG-892-K09_00082	AG-892-K09	193	OG0000035	K11175	phosphoribosylglycinamide formyltransferase 1 [EC:2.1.2.2]	COG0299	PurN	Folate-dependent phosphoribosylglycinamide formyltransferase PurN	AG-892-K09_00080	2
CACNBC010000001.1	75119	75529	-	AG-892-K09_00083	AG-892-K09	136	OG0000480	K00940	nucleoside-diphosphate kinase [EC:2.7.4.6]	COG0105	Ndk	Nucleoside diphosphate kinase	AG-892-K09_00080	3
CACNBC010000001.1	75522	77036	-	AG-892-K09_00084	AG-892-K09	504	OG0000405	K01255	leucyl aminopeptidase [EC:3.4.11.1]	COG0260	PepB	Leucyl aminopeptidase	AG-892-K09_00080	4
CACNBC010000001.1	77043	78185	+	AG-892-K09_00085	AG-892-K09	380	OG0000932	NA	NA	COG0795	LptF	Lipopolysaccharide export LptBFGC system, permease protein LptF	AG-892-K09_00080	5
CACNCD010000007.1	40867	42018	-	AG-892-L05_00761	AG-892-L05	383	OG0000932	NA	NA	COG0795	LptF	Lipopolysaccharide export LptBFGC system, permease protein LptF	AG-892-L05_00766	-5
CACNCD010000007.1	42066	43529	+	AG-892-L05_00762	AG-892-L05	487	OG0000405	K01255	leucyl aminopeptidase [EC:3.4.11.1]	COG0260	PepB	Leucyl aminopeptidase	AG-892-L05_00766	-4
CACNCD010000007.1	43522	43932	+	AG-892-L05_00763	AG-892-L05	136	OG0000480	K00940	nucleoside-diphosphate kinase [EC:2.7.4.6]	COG0105	Ndk	Nucleoside diphosphate kinase	AG-892-L05_00766	-3
CACNCD010000007.1	43933	44511	-	AG-892-L05_00764	AG-892-L05	192	OG0000035	K11175	phosphoribosylglycinamide formyltransferase 1 [EC:2.1.2.2]	COG0299	PurN	Folate-dependent phosphoribosylglycinamide formyltransferase PurN	AG-892-L05_00766	-2
CACNCD010000007.1	44489	45517	-	AG-892-L05_00765	AG-892-L05	342	OG0000574	K01933	phosphoribosylformylglycinamidine cyclo-ligase [EC:6.3.3.1]	COG0150	PurM	Phosphoribosylaminoimidazole (AIR) synthetase	AG-892-L05_00766	-1
CACNCD010000007.1	45529	46608	+	AG-892-L05_00766	AG-892-L05	359	OG0000916	NA	NA	NA	NA	NA	AG-892-L05_00766	0
CACNCD010000007.1	46605	47267	+	AG-892-L05_00767	AG-892-L05	220	OG0000690	NA	NA	COG0593	DnaA	Chromosomal replication initiation ATPase DnaA	AG-892-L05_00766	1
CACNCD010000007.1	47269	49050	+	AG-892-L05_00768	AG-892-L05	593	OG0000189	K01876	aspartyl-tRNA synthetase [EC:6.1.1.12]	COG0173	AspS	Aspartyl-tRNA synthetase	AG-892-L05_00766	2
CACNCD010000007.1	49052	49888	-	AG-892-L05_00769	AG-892-L05	278	OG0000284	NA	NA	NA	NA	NA	AG-892-L05_00766	3
CACNCD010000007.1	50002	50361	+	AG-892-L05_00770	AG-892-L05	119	OG0000369	NA	NA	COG3761	NDUFA12	NADH:ubiquinone oxidoreductase NDUFA12 subunit (Leigh syndrome)	AG-892-L05_00766	4
CACNCD010000007.1	50321	50734	+	AG-892-L05_00771	AG-892-L05	137	OG0000472	NA	NA	COG4765	NA	Uncharacterized conserved protein, DUF2155 domain	AG-892-L05_00766	5
CACNCV010000002.1	168482	172066	+	AG-892-M06_00692	AG-892-M06	1194	OG0000284	K00525	ribonucleoside-diphosphate reductase alpha chain [EC:1.17.4.1]	COG0209	NrdA	Ribonucleotide reductase alpha subunit	AG-892-M06_00697	-5
CACNCV010000002.1	172068	173864	-	AG-892-M06_00693	AG-892-M06	598	OG0000189	K01876	aspartyl-tRNA synthetase [EC:6.1.1.12]	COG0173	AspS	Aspartyl-tRNA synthetase	AG-892-M06_00697	-4
CACNCV010000002.1	173898	174731	+	AG-892-M06_00694	AG-892-M06	277	OG0000122	K03684	ribonuclease D [EC:3.1.13.5]	COG0349	Rnd	Ribonuclease D, nanoRNase NrnC or deoxydinuclease (diDNase)	AG-892-M06_00697	-3
CACNCV010000002.1	174709	175356	-	AG-892-M06_00695	AG-892-M06	215	OG0000690	NA	NA	COG0593	DnaA	Chromosomal replication initiation ATPase DnaA	AG-892-M06_00697	-2
CACNCV010000002.1	175357	175902	-	AG-892-M06_00696	AG-892-M06	181	OG0000149	NA	NA	COG0558	PgsA	Phosphatidylglycerophosphate synthase	AG-892-M06_00697	-1
CACNCV010000002.1	175895	176974	-	AG-892-M06_00697	AG-892-M06	359	OG0000916	NA	NA	NA	NA	NA	AG-892-M06_00697	0
CACNCV010000002.1	176990	178033	+	AG-892-M06_00698	AG-892-M06	347	OG0000574	K01933	phosphoribosylformylglycinamidine cyclo-ligase [EC:6.3.3.1]	COG0150	PurM	Phosphoribosylaminoimidazole (AIR) synthetase	AG-892-M06_00697	1
CACNCV010000002.1	178026	178598	+	AG-892-M06_00699	AG-892-M06	190	OG0000035	K11175	phosphoribosylglycinamide formyltransferase 1 [EC:2.1.2.2]	COG0299	PurN	Folate-dependent phosphoribosylglycinamide formyltransferase PurN	AG-892-M06_00697	2
CACNCV010000002.1	178588	179010	-	AG-892-M06_00700	AG-892-M06	140	OG0000480	K00940	nucleoside-diphosphate kinase [EC:2.7.4.6]	COG0105	Ndk	Nucleoside diphosphate kinase	AG-892-M06_00697	3
CACNCV010000002.1	179010	180530	-	AG-892-M06_00701	AG-892-M06	506	OG0000405	K01255	leucyl aminopeptidase [EC:3.4.11.1]	COG0260	PepB	Leucyl aminopeptidase	AG-892-M06_00697	4
CACNCV010000002.1	180571	181689	+	AG-892-M06_00702	AG-892-M06	372	OG0000932	K07091	lipopolysaccharide export system permease protein	COG0795	LptF	Lipopolysaccharide export LptBFGC system, permease protein LptF	AG-892-M06_00697	5
CACNLV010000001.1	371603	372745	-	AG-893-F11_00378	AG-893-F11	380	OG0000932	NA	NA	COG0795	LptF	Lipopolysaccharide export LptBFGC system, permease protein LptF	AG-893-F11_00383	-5
CACNLV010000001.1	372829	374286	+	AG-893-F11_00379	AG-893-F11	485	OG0000405	K01255	leucyl aminopeptidase [EC:3.4.11.1]	COG0260	PepB	Leucyl aminopeptidase	AG-893-F11_00383	-4
CACNLV010000001.1	374279	374689	+	AG-893-F11_00380	AG-893-F11	136	OG0000480	K00940	nucleoside-diphosphate kinase [EC:2.7.4.6]	COG0105	Ndk	Nucleoside diphosphate kinase	AG-893-F11_00383	-3
CACNLV010000001.1	374679	375263	-	AG-893-F11_00381	AG-893-F11	194	OG0000035	K11175	phosphoribosylglycinamide formyltransferase 1 [EC:2.1.2.2]	COG0299	PurN	Folate-dependent phosphoribosylglycinamide formyltransferase PurN	AG-893-F11_00383	-2
CACNLV010000001.1	375241	376269	-	AG-893-F11_00382	AG-893-F11	342	OG0000574	K01933	phosphoribosylformylglycinamidine cyclo-ligase [EC:6.3.3.1]	COG0150	PurM	Phosphoribosylaminoimidazole (AIR) synthetase	AG-893-F11_00383	-1
CACNLV010000001.1	376281	377360	+	AG-893-F11_00383	AG-893-F11	359	OG0000916	NA	NA	NA	NA	NA	AG-893-F11_00383	0
CACNLV010000001.1	377362	378024	+	AG-893-F11_00384	AG-893-F11	220	OG0000690	NA	NA	COG0593	DnaA	Chromosomal replication initiation ATPase DnaA	AG-893-F11_00383	1
CACNLV010000001.1	378025	379809	+	AG-893-F11_00385	AG-893-F11	594	OG0000189	K01876	aspartyl-tRNA synthetase [EC:6.1.1.12]	COG0173	AspS	Aspartyl-tRNA synthetase	AG-893-F11_00383	2
CACNLV010000001.1	379810	380634	-	AG-893-F11_00386	AG-893-F11	274	OG0000284	NA	NA	NA	NA	NA	AG-893-F11_00383	3
CACNLV010000001.1	380749	381108	+	AG-893-F11_00387	AG-893-F11	119	OG0000369	NA	NA	COG3761	NDUFA12	NADH:ubiquinone oxidoreductase NDUFA12 subunit (Leigh syndrome)	AG-893-F11_00383	4
CACNLV010000001.1	381071	381478	+	AG-893-F11_00388	AG-893-F11	135	OG0000472	NA	NA	COG4765	NA	Uncharacterized conserved protein, DUF2155 domain	AG-893-F11_00383	5
CACNOT010000003.1	71773	72177	-	AG-893-I20_00739	AG-893-I20	134	OG0000472	NA	NA	COG4765	NA	Uncharacterized conserved protein, DUF2155 domain	AG-893-I20_00744	-5
CACNOT010000003.1	72143	72502	-	AG-893-I20_00740	AG-893-I20	119	OG0000369	NA	NA	COG3761	NDUFA12	NADH:ubiquinone oxidoreductase NDUFA12 subunit (Leigh syndrome)	AG-893-I20_00744	-4
CACNOT010000003.1	72616	73440	+	AG-893-I20_00741	AG-893-I20	274	OG0000284	NA	NA	NA	NA	NA	AG-893-I20_00744	-3
CACNOT010000003.1	73441	75225	-	AG-893-I20_00742	AG-893-I20	594	OG0000189	K01876	aspartyl-tRNA synthetase [EC:6.1.1.12]	COG0173	AspS	Aspartyl-tRNA synthetase	AG-893-I20_00744	-2
CACNOT010000003.1	75226	75888	-	AG-893-I20_00743	AG-893-I20	220	OG0000690	NA	NA	COG0593	DnaA	Chromosomal replication initiation ATPase DnaA	AG-893-I20_00744	-1
CACNOT010000003.1	75885	76946	-	AG-893-I20_00744	AG-893-I20	353	OG0000916	NA	NA	NA	NA	NA	AG-893-I20_00744	0
CACNOT010000003.1	76970	77998	+	AG-893-I20_00745	AG-893-I20	342	OG0000574	K01933	phosphoribosylformylglycinamidine cyclo-ligase [EC:6.3.3.1]	COG0150	PurM	Phosphoribosylaminoimidazole (AIR) synthetase	AG-893-I20_00744	1
CACNOT010000003.1	77976	78557	+	AG-893-I20_00746	AG-893-I20	193	OG0000035	K11175	phosphoribosylglycinamide formyltransferase 1 [EC:2.1.2.2]	COG0299	PurN	Folate-dependent phosphoribosylglycinamide formyltransferase PurN	AG-893-I20_00744	2
CACNOT010000003.1	78547	78957	-	AG-893-I20_00747	AG-893-I20	136	OG0000480	K00940	nucleoside-diphosphate kinase [EC:2.7.4.6]	COG0105	Ndk	Nucleoside diphosphate kinase	AG-893-I20_00744	3
CACNOT010000003.1	78950	80404	-	AG-893-I20_00748	AG-893-I20	484	OG0000405	K01255	leucyl aminopeptidase [EC:3.4.11.1]	COG0260	PepB	Leucyl aminopeptidase	AG-893-I20_00744	4
CACNOT010000003.1	80464	81588	+	AG-893-I20_00749	AG-893-I20	374	OG0000932	NA	NA	COG0795	LptF	Lipopolysaccharide export LptBFGC system, permease protein LptF	AG-893-I20_00744	5
CACNPC010000002.1	89272	90405	-	AG-893-J08_00436	AG-893-J08	377	OG0000932	NA	NA	NA	NA	NA	AG-893-J08_00441	-5
CACNPC010000002.1	90460	91896	+	AG-893-J08_00437	AG-893-J08	478	OG0000405	K01255	leucyl aminopeptidase [EC:3.4.11.1]	COG0260	PepB	Leucyl aminopeptidase	AG-893-J08_00441	-4
CACNPC010000002.1	91889	92299	+	AG-893-J08_00438	AG-893-J08	136	OG0000480	K00940	nucleoside-diphosphate kinase [EC:2.7.4.6]	COG0105	Ndk	Nucleoside diphosphate kinase	AG-893-J08_00441	-3
CACNPC010000002.1	92289	92867	-	AG-893-J08_00439	AG-893-J08	192	OG0000035	K11175	phosphoribosylglycinamide formyltransferase 1 [EC:2.1.2.2]	COG0299	PurN	Folate-dependent phosphoribosylglycinamide formyltransferase PurN	AG-893-J08_00441	-2
CACNPC010000002.1	92848	93873	-	AG-893-J08_00440	AG-893-J08	341	OG0000574	K01933	phosphoribosylformylglycinamidine cyclo-ligase [EC:6.3.3.1]	COG0150	PurM	Phosphoribosylaminoimidazole (AIR) synthetase	AG-893-J08_00441	-1
CACNPC010000002.1	93883	94959	+	AG-893-J08_00441	AG-893-J08	358	OG0000916	NA	NA	NA	NA	NA	AG-893-J08_00441	0
CACNPC010000002.1	94956	95615	+	AG-893-J08_00442	AG-893-J08	219	OG0000690	NA	NA	COG0593	DnaA	Chromosomal replication initiation ATPase DnaA	AG-893-J08_00441	1
CACNPC010000002.1	95612	97393	+	AG-893-J08_00443	AG-893-J08	593	OG0000189	K01876	aspartyl-tRNA synthetase [EC:6.1.1.12]	COG0173	AspS	Aspartyl-tRNA synthetase	AG-893-J08_00441	2
CACNPC010000002.1	97394	98215	-	AG-893-J08_00444	AG-893-J08	273	OG0000284	NA	NA	NA	NA	NA	AG-893-J08_00441	3
CACNPC010000002.1	98323	98679	+	AG-893-J08_00445	AG-893-J08	118	OG0000369	NA	NA	COG3761	NDUFA12	NADH:ubiquinone oxidoreductase NDUFA12 subunit (Leigh syndrome)	AG-893-J08_00441	4
CACNPC010000002.1	98642	99049	+	AG-893-J08_00446	AG-893-J08	135	OG0000472	NA	NA	COG4765	NA	Uncharacterized conserved protein, DUF2155 domain	AG-893-J08_00441	5
CACNQD010000002.1	71416	71820	-	AG-893-K09_00425	AG-893-K09	134	OG0000472	NA	NA	COG4765	NA	Uncharacterized conserved protein, DUF2155 domain	AG-893-K09_00430	-5
CACNQD010000002.1	71786	72145	-	AG-893-K09_00426	AG-893-K09	119	OG0000369	NA	NA	COG3761	NDUFA12	NADH:ubiquinone oxidoreductase NDUFA12 subunit (Leigh syndrome)	AG-893-K09_00430	-4
CACNQD010000002.1	72250	73083	+	AG-893-K09_00427	AG-893-K09	277	OG0000284	NA	NA	NA	NA	NA	AG-893-K09_00430	-3
CACNQD010000002.1	73084	74871	-	AG-893-K09_00428	AG-893-K09	595	OG0000189	K01876	aspartyl-tRNA synthetase [EC:6.1.1.12]	COG0173	AspS	Aspartyl-tRNA synthetase	AG-893-K09_00430	-2
CACNQD010000002.1	74873	75547	-	AG-893-K09_00429	AG-893-K09	224	OG0000690	NA	NA	COG0593	DnaA	Chromosomal replication initiation ATPase DnaA	AG-893-K09_00430	-1
CACNQD010000002.1	75532	76608	-	AG-893-K09_00430	AG-893-K09	358	OG0000916	NA	NA	NA	NA	NA	AG-893-K09_00430	0
CACNQD010000002.1	76620	77648	+	AG-893-K09_00431	AG-893-K09	342	OG0000574	K01933	phosphoribosylformylglycinamidine cyclo-ligase [EC:6.3.3.1]	COG0150	PurM	Phosphoribosylaminoimidazole (AIR) synthetase	AG-893-K09_00430	1
CACNQD010000002.1	77629	78213	+	AG-893-K09_00432	AG-893-K09	194	OG0000035	K11175	phosphoribosylglycinamide formyltransferase 1 [EC:2.1.2.2]	COG0299	PurN	Folate-dependent phosphoribosylglycinamide formyltransferase PurN	AG-893-K09_00430	2
CACNQD010000002.1	78203	78604	-	AG-893-K09_00433	AG-893-K09	133	OG0000480	K00940	nucleoside-diphosphate kinase [EC:2.7.4.6]	COG0105	Ndk	Nucleoside diphosphate kinase	AG-893-K09_00430	3
CACNQD010000002.1	78606	80060	-	AG-893-K09_00434	AG-893-K09	484	OG0000405	K01255	leucyl aminopeptidase [EC:3.4.11.1]	COG0260	PepB	Leucyl aminopeptidase	AG-893-K09_00430	4
CACNQD010000002.1	80115	81245	+	AG-893-K09_00435	AG-893-K09	376	OG0000932	NA	NA	COG0795	LptF	Lipopolysaccharide export LptBFGC system, permease protein LptF	AG-893-K09_00430	5
CACNRC010000002.1	235991	236395	-	AG-893-L07_00676	AG-893-L07	134	OG0000472	NA	NA	COG4765	NA	Uncharacterized conserved protein, DUF2155 domain	AG-893-L07_00681	-5
CACNRC010000002.1	236358	236717	-	AG-893-L07_00677	AG-893-L07	119	OG0000369	NA	NA	COG3761	NDUFA12	NADH:ubiquinone oxidoreductase NDUFA12 subunit (Leigh syndrome)	AG-893-L07_00681	-4
CACNRC010000002.1	236834	237658	+	AG-893-L07_00678	AG-893-L07	274	OG0000284	NA	NA	NA	NA	NA	AG-893-L07_00681	-3
CACNRC010000002.1	237659	239443	-	AG-893-L07_00679	AG-893-L07	594	OG0000189	K01876	aspartyl-tRNA synthetase [EC:6.1.1.12]	COG0173	AspS	Aspartyl-tRNA synthetase	AG-893-L07_00681	-2
CACNRC010000002.1	239445	240101	-	AG-893-L07_00680	AG-893-L07	218	OG0000690	NA	NA	COG0593	DnaA	Chromosomal replication initiation ATPase DnaA	AG-893-L07_00681	-1
CACNRC010000002.1	240098	241174	-	AG-893-L07_00681	AG-893-L07	358	OG0000916	NA	NA	NA	NA	NA	AG-893-L07_00681	0
CACNRC010000002.1	241186	242208	+	AG-893-L07_00682	AG-893-L07	340	OG0000574	K01933	phosphoribosylformylglycinamidine cyclo-ligase [EC:6.3.3.1]	COG0150	PurM	Phosphoribosylaminoimidazole (AIR) synthetase	AG-893-L07_00681	1
CACNRC010000002.1	242189	242761	+	AG-893-L07_00683	AG-893-L07	190	OG0000035	K11175	phosphoribosylglycinamide formyltransferase 1 [EC:2.1.2.2]	COG0299	PurN	Folate-dependent phosphoribosylglycinamide formyltransferase PurN	AG-893-L07_00681	2
CACNRC010000002.1	242751	243161	-	AG-893-L07_00684	AG-893-L07	136	OG0000480	K00940	nucleoside-diphosphate kinase [EC:2.7.4.6]	COG0105	Ndk	Nucleoside diphosphate kinase	AG-893-L07_00681	3
CACNRC010000002.1	243154	244590	-	AG-893-L07_00685	AG-893-L07	478	OG0000405	K01255	leucyl aminopeptidase [EC:3.4.11.1]	COG0260	PepB	Leucyl aminopeptidase	AG-893-L07_00681	4
CACNRC010000002.1	244645	245793	+	AG-893-L07_00686	AG-893-L07	382	OG0000932	NA	NA	COG0795	LptF	Lipopolysaccharide export LptBFGC system, permease protein LptF	AG-893-L07_00681	5
CACNRV010000004.1	46270	46674	-	AG-893-L13_00605	AG-893-L13	134	OG0000472	NA	NA	COG4765	NA	Uncharacterized conserved protein, DUF2155 domain	AG-893-L13_00610	-5
CACNRV010000004.1	46637	46996	-	AG-893-L13_00606	AG-893-L13	119	OG0000369	NA	NA	COG3761	NDUFA12	NADH:ubiquinone oxidoreductase NDUFA12 subunit (Leigh syndrome)	AG-893-L13_00610	-4
CACNRV010000004.1	47101	47943	+	AG-893-L13_00607	AG-893-L13	280	OG0000284	NA	NA	NA	NA	NA	AG-893-L13_00610	-3
CACNRV010000004.1	47948	49729	-	AG-893-L13_00608	AG-893-L13	593	OG0000189	K01876	aspartyl-tRNA synthetase [EC:6.1.1.12]	COG0173	AspS	Aspartyl-tRNA synthetase	AG-893-L13_00610	-2
CACNRV010000004.1	49736	50392	-	AG-893-L13_00609	AG-893-L13	218	OG0000690	NA	NA	COG0593	DnaA	Chromosomal replication initiation ATPase DnaA	AG-893-L13_00610	-1
CACNRV010000004.1	50389	51414	-	AG-893-L13_00610	AG-893-L13	341	OG0000916	NA	NA	NA	NA	NA	AG-893-L13_00610	0
CACNRV010000004.1	51473	52504	+	AG-893-L13_00611	AG-893-L13	343	OG0000574	K01933	phosphoribosylformylglycinamidine cyclo-ligase [EC:6.3.3.1]	COG0150	PurM	Phosphoribosylaminoimidazole (AIR) synthetase	AG-893-L13_00610	1
CACNRV010000004.1	52479	53060	+	AG-893-L13_00612	AG-893-L13	193	OG0000035	K11175	phosphoribosylglycinamide formyltransferase 1 [EC:2.1.2.2]	COG0299	PurN	Folate-dependent phosphoribosylglycinamide formyltransferase PurN	AG-893-L13_00610	2
CACNRV010000004.1	53050	53460	-	AG-893-L13_00613	AG-893-L13	136	OG0000480	K00940	nucleoside-diphosphate kinase [EC:2.7.4.6]	COG0105	Ndk	Nucleoside diphosphate kinase	AG-893-L13_00610	3
CACNRV010000004.1	53453	54901	-	AG-893-L13_00614	AG-893-L13	482	OG0000405	K01255	leucyl aminopeptidase [EC:3.4.11.1]	COG0260	PepB	Leucyl aminopeptidase	AG-893-L13_00610	4
CACNRV010000004.1	54961	56073	+	AG-893-L13_00615	AG-893-L13	370	OG0000932	NA	NA	COG0795	LptF	Lipopolysaccharide export LptBFGC system, permease protein LptF	AG-893-L13_00610	5
CACNSH010000002.1	114197	117781	+	AG-893-M03_00467	AG-893-M03	1194	OG0000284	K00525	ribonucleoside-diphosphate reductase alpha chain [EC:1.17.4.1]	COG0209	NrdA	Ribonucleotide reductase alpha subunit	AG-893-M03_00472	-5
CACNSH010000002.1	117783	119579	-	AG-893-M03_00468	AG-893-M03	598	OG0000189	K01876	aspartyl-tRNA synthetase [EC:6.1.1.12]	COG0173	AspS	Aspartyl-tRNA synthetase	AG-893-M03_00472	-4
CACNSH010000002.1	119613	120446	+	AG-893-M03_00469	AG-893-M03	277	OG0000122	K03684	ribonuclease D [EC:3.1.13.5]	COG0349	Rnd	Ribonuclease D, nanoRNase NrnC or deoxydinuclease (diDNase)	AG-893-M03_00472	-3
CACNSH010000002.1	120424	121071	-	AG-893-M03_00470	AG-893-M03	215	OG0000690	NA	NA	COG0593	DnaA	Chromosomal replication initiation ATPase DnaA	AG-893-M03_00472	-2
CACNSH010000002.1	121072	121617	-	AG-893-M03_00471	AG-893-M03	181	OG0000149	NA	NA	COG0558	PgsA	Phosphatidylglycerophosphate synthase	AG-893-M03_00472	-1
CACNSH010000002.1	121610	122689	-	AG-893-M03_00472	AG-893-M03	359	OG0000916	NA	NA	NA	NA	NA	AG-893-M03_00472	0
CACNSH010000002.1	122705	123745	+	AG-893-M03_00473	AG-893-M03	346	OG0000574	K01933	phosphoribosylformylglycinamidine cyclo-ligase [EC:6.3.3.1]	COG0150	PurM	Phosphoribosylaminoimidazole (AIR) synthetase	AG-893-M03_00472	1
CACNSH010000002.1	123738	124310	+	AG-893-M03_00474	AG-893-M03	190	OG0000035	K11175	phosphoribosylglycinamide formyltransferase 1 [EC:2.1.2.2]	COG0299	PurN	Folate-dependent phosphoribosylglycinamide formyltransferase PurN	AG-893-M03_00472	2
CACNSH010000002.1	124300	124722	-	AG-893-M03_00475	AG-893-M03	140	OG0000480	K00940	nucleoside-diphosphate kinase [EC:2.7.4.6]	COG0105	Ndk	Nucleoside diphosphate kinase	AG-893-M03_00472	3
CACNSH010000002.1	124722	126242	-	AG-893-M03_00476	AG-893-M03	506	OG0000405	K01255	leucyl aminopeptidase [EC:3.4.11.1]	COG0260	PepB	Leucyl aminopeptidase	AG-893-M03_00472	4
CACNSH010000002.1	126283	127392	+	AG-893-M03_00477	AG-893-M03	369	OG0000932	K07091	lipopolysaccharide export system permease protein	COG0795	LptF	Lipopolysaccharide export LptBFGC system, permease protein LptF	AG-893-M03_00472	5
CACNTH010000011.1	9250	9657	-	AG-893-M22_01302	AG-893-M22	135	OG0000472	NA	NA	COG4765	NA	Uncharacterized conserved protein, DUF2155 domain	AG-893-M22_01307	-5
CACNTH010000011.1	9620	9976	-	AG-893-M22_01303	AG-893-M22	118	OG0000369	NA	NA	COG3761	NDUFA12	NADH:ubiquinone oxidoreductase NDUFA12 subunit (Leigh syndrome)	AG-893-M22_01307	-4
CACNTH010000011.1	10085	10906	+	AG-893-M22_01304	AG-893-M22	273	OG0000284	NA	NA	NA	NA	NA	AG-893-M22_01307	-3
CACNTH010000011.1	10907	12688	-	AG-893-M22_01305	AG-893-M22	593	OG0000189	K01876	aspartyl-tRNA synthetase [EC:6.1.1.12]	COG0173	AspS	Aspartyl-tRNA synthetase	AG-893-M22_01307	-2
CACNTH010000011.1	12685	13344	-	AG-893-M22_01306	AG-893-M22	219	OG0000690	NA	NA	COG0593	DnaA	Chromosomal replication initiation ATPase DnaA	AG-893-M22_01307	-1
CACNTH010000011.1	13341	14417	-	AG-893-M22_01307	AG-893-M22	358	OG0000916	NA	NA	NA	NA	NA	AG-893-M22_01307	0
CACNTH010000011.1	14427	15449	+	AG-893-M22_01308	AG-893-M22	340	OG0000574	K01933	phosphoribosylformylglycinamidine cyclo-ligase [EC:6.3.3.1]	COG0150	PurM	Phosphoribosylaminoimidazole (AIR) synthetase	AG-893-M22_01307	1
CACNTH010000011.1	15430	16008	+	AG-893-M22_01309	AG-893-M22	192	OG0000035	K11175	phosphoribosylglycinamide formyltransferase 1 [EC:2.1.2.2]	COG0299	PurN	Folate-dependent phosphoribosylglycinamide formyltransferase PurN	AG-893-M22_01307	2
CACNTH010000011.1	15998	16408	-	AG-893-M22_01310	AG-893-M22	136	OG0000480	K00940	nucleoside-diphosphate kinase [EC:2.7.4.6]	COG0105	Ndk	Nucleoside diphosphate kinase	AG-893-M22_01307	3
CACNTH010000011.1	16401	17837	-	AG-893-M22_01311	AG-893-M22	478	OG0000405	K01255	leucyl aminopeptidase [EC:3.4.11.1]	COG0260	PepB	Leucyl aminopeptidase	AG-893-M22_01307	4
CACNTH010000011.1	17892	19025	+	AG-893-M22_01312	AG-893-M22	377	OG0000932	NA	NA	COG0795	LptF	Lipopolysaccharide export LptBFGC system, permease protein LptF	AG-893-M22_01307	5
CACNTW010000009.1	31376	31783	-	AG-893-N07_01038	AG-893-N07	135	OG0000472	NA	NA	COG4765	NA	Uncharacterized conserved protein, DUF2155 domain	AG-893-N07_01043	-5
CACNTW010000009.1	31746	32102	-	AG-893-N07_01039	AG-893-N07	118	OG0000369	NA	NA	COG3761	NDUFA12	NADH:ubiquinone oxidoreductase NDUFA12 subunit (Leigh syndrome)	AG-893-N07_01043	-4
CACNTW010000009.1	32211	33032	+	AG-893-N07_01040	AG-893-N07	273	OG0000284	NA	NA	NA	NA	NA	AG-893-N07_01043	-3
CACNTW010000009.1	33033	34814	-	AG-893-N07_01041	AG-893-N07	593	OG0000189	K01876	aspartyl-tRNA synthetase [EC:6.1.1.12]	COG0173	AspS	Aspartyl-tRNA synthetase	AG-893-N07_01043	-2
CACNTW010000009.1	34811	35470	-	AG-893-N07_01042	AG-893-N07	219	OG0000690	NA	NA	COG0593	DnaA	Chromosomal replication initiation ATPase DnaA	AG-893-N07_01043	-1
CACNTW010000009.1	35467	36543	-	AG-893-N07_01043	AG-893-N07	358	OG0000916	NA	NA	NA	NA	NA	AG-893-N07_01043	0
CACNTW010000009.1	36553	37575	+	AG-893-N07_01044	AG-893-N07	340	OG0000574	K01933	phosphoribosylformylglycinamidine cyclo-ligase [EC:6.3.3.1]	COG0150	PurM	Phosphoribosylaminoimidazole (AIR) synthetase	AG-893-N07_01043	1
CACNTW010000009.1	37556	38134	+	AG-893-N07_01045	AG-893-N07	192	OG0000035	K11175	phosphoribosylglycinamide formyltransferase 1 [EC:2.1.2.2]	COG0299	PurN	Folate-dependent phosphoribosylglycinamide formyltransferase PurN	AG-893-N07_01043	2
CACNTW010000009.1	38124	38534	-	AG-893-N07_01046	AG-893-N07	136	OG0000480	K00940	nucleoside-diphosphate kinase [EC:2.7.4.6]	COG0105	Ndk	Nucleoside diphosphate kinase	AG-893-N07_01043	3
CACNTW010000009.1	38527	39963	-	AG-893-N07_01047	AG-893-N07	478	OG0000405	K01255	leucyl aminopeptidase [EC:3.4.11.1]	COG0260	PepB	Leucyl aminopeptidase	AG-893-N07_01043	4
CACNTW010000009.1	40018	41148	+	AG-893-N07_01048	AG-893-N07	376	OG0000932	NA	NA	COG0795	LptF	Lipopolysaccharide export LptBFGC system, permease protein LptF	AG-893-N07_01043	5
CACNVN010000002.1	57515	57919	-	AG-893-P02_00300	AG-893-P02	134	OG0000472	NA	NA	COG4765	NA	Uncharacterized conserved protein, DUF2155 domain	AG-893-P02_00305	-5
CACNVN010000002.1	57882	58241	-	AG-893-P02_00301	AG-893-P02	119	OG0000369	NA	NA	COG3761	NDUFA12	NADH:ubiquinone oxidoreductase NDUFA12 subunit (Leigh syndrome)	AG-893-P02_00305	-4
CACNVN010000002.1	58346	59188	+	AG-893-P02_00302	AG-893-P02	280	OG0000284	NA	NA	NA	NA	NA	AG-893-P02_00305	-3
CACNVN010000002.1	59195	60976	-	AG-893-P02_00303	AG-893-P02	593	OG0000189	K01876	aspartyl-tRNA synthetase [EC:6.1.1.12]	COG0173	AspS	Aspartyl-tRNA synthetase	AG-893-P02_00305	-2
CACNVN010000002.1	60983	61639	-	AG-893-P02_00304	AG-893-P02	218	OG0000690	NA	NA	COG0593	DnaA	Chromosomal replication initiation ATPase DnaA	AG-893-P02_00305	-1
CACNVN010000002.1	61636	62601	-	AG-893-P02_00305	AG-893-P02	321	OG0000916	NA	NA	NA	NA	NA	AG-893-P02_00305	0
CACNVN010000002.1	62720	63751	+	AG-893-P02_00306	AG-893-P02	343	OG0000574	K01933	phosphoribosylformylglycinamidine cyclo-ligase [EC:6.3.3.1]	COG0150	PurM	Phosphoribosylaminoimidazole (AIR) synthetase	AG-893-P02_00305	1
CACNVN010000002.1	63726	64307	+	AG-893-P02_00307	AG-893-P02	193	OG0000035	K11175	phosphoribosylglycinamide formyltransferase 1 [EC:2.1.2.2]	COG0299	PurN	Folate-dependent phosphoribosylglycinamide formyltransferase PurN	AG-893-P02_00305	2
CACNVN010000002.1	64297	64707	-	AG-893-P02_00308	AG-893-P02	136	OG0000480	K00940	nucleoside-diphosphate kinase [EC:2.7.4.6]	COG0105	Ndk	Nucleoside diphosphate kinase	AG-893-P02_00305	3
CACNVN010000002.1	64700	66148	-	AG-893-P02_00309	AG-893-P02	482	OG0000405	K01255	leucyl aminopeptidase [EC:3.4.11.1]	COG0260	PepB	Leucyl aminopeptidase	AG-893-P02_00305	4
CACNVN010000002.1	66207	67319	+	AG-893-P02_00310	AG-893-P02	370	OG0000932	NA	NA	COG0795	LptF	Lipopolysaccharide export LptBFGC system, permease protein LptF	AG-893-P02_00305	5
CACNVR010000015.1	47	865	+	AG-893-P10_00981	AG-893-P10	272	OG0000405	K01255	leucyl aminopeptidase [EC:3.4.11.1]	COG0260	PepB	Leucyl aminopeptidase	AG-893-P10_00985	-4
CACNVR010000015.1	858	1268	+	AG-893-P10_00982	AG-893-P10	136	OG0000480	K00940	nucleoside-diphosphate kinase [EC:2.7.4.6]	COG0105	Ndk	Nucleoside diphosphate kinase	AG-893-P10_00985	-3
CACNVR010000015.1	1258	1839	-	AG-893-P10_00983	AG-893-P10	193	OG0000035	K11175	phosphoribosylglycinamide formyltransferase 1 [EC:2.1.2.2]	COG0299	PurN	Folate-dependent phosphoribosylglycinamide formyltransferase PurN	AG-893-P10_00985	-2
CACNVR010000015.1	1817	2845	-	AG-893-P10_00984	AG-893-P10	342	OG0000574	K01933	phosphoribosylformylglycinamidine cyclo-ligase [EC:6.3.3.1]	COG0150	PurM	Phosphoribosylaminoimidazole (AIR) synthetase	AG-893-P10_00985	-1
CACNVR010000015.1	2857	3936	+	AG-893-P10_00985	AG-893-P10	359	OG0000916	NA	NA	NA	NA	NA	AG-893-P10_00985	0
CACNVR010000015.1	3921	4595	+	AG-893-P10_00986	AG-893-P10	224	OG0000690	NA	NA	COG0593	DnaA	Chromosomal replication initiation ATPase DnaA	AG-893-P10_00985	1
CACNVR010000015.1	4596	6380	+	AG-893-P10_00987	AG-893-P10	594	OG0000189	K01876	aspartyl-tRNA synthetase [EC:6.1.1.12]	COG0173	AspS	Aspartyl-tRNA synthetase	AG-893-P10_00985	2
CACNVR010000015.1	6382	7203	-	AG-893-P10_00988	AG-893-P10	273	OG0000284	NA	NA	NA	NA	NA	AG-893-P10_00985	3
CACNVR010000015.1	7317	7676	+	AG-893-P10_00989	AG-893-P10	119	OG0000369	NA	NA	COG3761	NDUFA12	NADH:ubiquinone oxidoreductase NDUFA12 subunit (Leigh syndrome)	AG-893-P10_00985	4
CACNVR010000015.1	7639	8031	+	AG-893-P10_00990	AG-893-P10	130	OG0000472	NA	NA	COG4765	NA	Uncharacterized conserved protein, DUF2155 domain	AG-893-P10_00985	5
CABYDS010000001.1	11721	12851	-	AG-894-A03_00014	AG-894-A03	376	OG0000932	NA	NA	COG0795	LptF	Lipopolysaccharide export LptBFGC system, permease protein LptF	AG-894-A03_00019	-5
CABYDS010000001.1	12906	14342	+	AG-894-A03_00015	AG-894-A03	478	OG0000405	K01255	leucyl aminopeptidase [EC:3.4.11.1]	COG0260	PepB	Leucyl aminopeptidase	AG-894-A03_00019	-4
CABYDS010000001.1	14335	14745	+	AG-894-A03_00016	AG-894-A03	136	OG0000480	K00940	nucleoside-diphosphate kinase [EC:2.7.4.6]	COG0105	Ndk	Nucleoside diphosphate kinase	AG-894-A03_00019	-3
CABYDS010000001.1	14735	15313	-	AG-894-A03_00017	AG-894-A03	192	OG0000035	K11175	phosphoribosylglycinamide formyltransferase 1 [EC:2.1.2.2]	COG0299	PurN	Folate-dependent phosphoribosylglycinamide formyltransferase PurN	AG-894-A03_00019	-2
CABYDS010000001.1	15294	16316	-	AG-894-A03_00018	AG-894-A03	340	OG0000574	K01933	phosphoribosylformylglycinamidine cyclo-ligase [EC:6.3.3.1]	COG0150	PurM	Phosphoribosylaminoimidazole (AIR) synthetase	AG-894-A03_00019	-1
CABYDS010000001.1	16326	17402	+	AG-894-A03_00019	AG-894-A03	358	OG0000916	NA	NA	NA	NA	NA	AG-894-A03_00019	0
CABYDS010000001.1	17399	18058	+	AG-894-A03_00020	AG-894-A03	219	OG0000690	NA	NA	COG0593	DnaA	Chromosomal replication initiation ATPase DnaA	AG-894-A03_00019	1
CABYDS010000001.1	18055	19836	+	AG-894-A03_00021	AG-894-A03	593	OG0000189	K01876	aspartyl-tRNA synthetase [EC:6.1.1.12]	COG0173	AspS	Aspartyl-tRNA synthetase	AG-894-A03_00019	2
CABYDS010000001.1	19837	20658	-	AG-894-A03_00022	AG-894-A03	273	OG0000284	NA	NA	NA	NA	NA	AG-894-A03_00019	3
CABYDS010000001.1	20764	21120	+	AG-894-A03_00023	AG-894-A03	118	OG0000369	NA	NA	COG3761	NDUFA12	NADH:ubiquinone oxidoreductase NDUFA12 subunit (Leigh syndrome)	AG-894-A03_00019	4
CABYDS010000001.1	21083	21490	+	AG-894-A03_00024	AG-894-A03	135	OG0000472	NA	NA	COG4765	NA	Uncharacterized conserved protein, DUF2155 domain	AG-894-A03_00019	5
CABYDZ010000005.1	4142	7735	+	AG-894-A11_00782	AG-894-A11	1197	OG0000284	K00525	ribonucleoside-diphosphate reductase alpha chain [EC:1.17.4.1]	COG0209	NrdA	Ribonucleotide reductase alpha subunit	AG-894-A11_00787	-5
CABYDZ010000005.1	7732	9531	-	AG-894-A11_00783	AG-894-A11	599	OG0000189	K01876	aspartyl-tRNA synthetase [EC:6.1.1.12]	COG0173	AspS	Aspartyl-tRNA synthetase	AG-894-A11_00787	-4
CABYDZ010000005.1	9565	10407	+	AG-894-A11_00784	AG-894-A11	280	OG0000122	NA	NA	COG0349	Rnd	Ribonuclease D, nanoRNase NrnC or deoxydinuclease (diDNase)	AG-894-A11_00787	-3
CABYDZ010000005.1	10376	11029	-	AG-894-A11_00785	AG-894-A11	217	OG0000690	NA	NA	COG0593	DnaA	Chromosomal replication initiation ATPase DnaA	AG-894-A11_00787	-2
CABYDZ010000005.1	11030	11575	-	AG-894-A11_00786	AG-894-A11	181	OG0000149	NA	NA	COG0558	PgsA	Phosphatidylglycerophosphate synthase	AG-894-A11_00787	-1
CABYDZ010000005.1	11568	12644	-	AG-894-A11_00787	AG-894-A11	358	OG0000916	NA	NA	NA	NA	NA	AG-894-A11_00787	0
CABYDZ010000005.1	12660	13706	+	AG-894-A11_00788	AG-894-A11	348	OG0000574	K01933	phosphoribosylformylglycinamidine cyclo-ligase [EC:6.3.3.1]	COG0150	PurM	Phosphoribosylaminoimidazole (AIR) synthetase	AG-894-A11_00787	1
CABYDZ010000005.1	13699	14271	+	AG-894-A11_00789	AG-894-A11	190	OG0000035	K11175	phosphoribosylglycinamide formyltransferase 1 [EC:2.1.2.2]	COG0299	PurN	Folate-dependent phosphoribosylglycinamide formyltransferase PurN	AG-894-A11_00787	2
CABYDZ010000005.1	14261	14683	-	AG-894-A11_00790	AG-894-A11	140	OG0000480	K00940	nucleoside-diphosphate kinase [EC:2.7.4.6]	COG0105	Ndk	Nucleoside diphosphate kinase	AG-894-A11_00787	3
CABYDZ010000005.1	14683	16194	-	AG-894-A11_00791	AG-894-A11	503	OG0000405	K01255	leucyl aminopeptidase [EC:3.4.11.1]	COG0260	PepB	Leucyl aminopeptidase	AG-894-A11_00787	4
CABYDZ010000005.1	16235	17350	+	AG-894-A11_00792	AG-894-A11	371	OG0000932	NA	NA	COG0795	LptF	Lipopolysaccharide export LptBFGC system, permease protein LptF	AG-894-A11_00787	5
CABYFB010000012.1	145	267	+	AG-894-B06_01199	AG-894-B06	40	OG0000916	NA	NA	NA	NA	NA	AG-894-B06_01199	0
CABYFB010000012.1	264	923	+	AG-894-B06_01200	AG-894-B06	219	OG0000690	NA	NA	COG0593	DnaA	Chromosomal replication initiation ATPase DnaA	AG-894-B06_01199	1
CABYFB010000012.1	920	2701	+	AG-894-B06_01201	AG-894-B06	593	OG0000189	K01876	aspartyl-tRNA synthetase [EC:6.1.1.12]	COG0173	AspS	Aspartyl-tRNA synthetase	AG-894-B06_01199	2
CABYFB010000012.1	2702	3523	-	AG-894-B06_01202	AG-894-B06	273	OG0000284	NA	NA	NA	NA	NA	AG-894-B06_01199	3
CABYFB010000012.1	3632	3988	+	AG-894-B06_01203	AG-894-B06	118	OG0000369	NA	NA	COG3761	NDUFA12	NADH:ubiquinone oxidoreductase NDUFA12 subunit (Leigh syndrome)	AG-894-B06_01199	4
CABYFB010000012.1	3951	4358	+	AG-894-B06_01204	AG-894-B06	135	OG0000472	NA	NA	COG4765	NA	Uncharacterized conserved protein, DUF2155 domain	AG-894-B06_01199	5
CABYGC010000003.1	106360	107478	-	AG-894-C14_00834	AG-894-C14	372	OG0000932	NA	NA	COG0795	LptF	Lipopolysaccharide export LptBFGC system, permease protein LptF	AG-894-C14_00839	-5
CABYGC010000003.1	107540	108994	+	AG-894-C14_00835	AG-894-C14	484	OG0000405	K01255	leucyl aminopeptidase [EC:3.4.11.1]	COG0260	PepB	Leucyl aminopeptidase	AG-894-C14_00839	-4
CABYGC010000003.1	108987	109391	+	AG-894-C14_00836	AG-894-C14	134	OG0000480	K00940	nucleoside-diphosphate kinase [EC:2.7.4.6]	COG0105	Ndk	Nucleoside diphosphate kinase	AG-894-C14_00839	-3
CABYGC010000003.1	109388	109969	-	AG-894-C14_00837	AG-894-C14	193	OG0000035	K11175	phosphoribosylglycinamide formyltransferase 1 [EC:2.1.2.2]	COG0299	PurN	Folate-dependent phosphoribosylglycinamide formyltransferase PurN	AG-894-C14_00839	-2
CABYGC010000003.1	109947	110975	-	AG-894-C14_00838	AG-894-C14	342	OG0000574	K01933	phosphoribosylformylglycinamidine cyclo-ligase [EC:6.3.3.1]	COG0150	PurM	Phosphoribosylaminoimidazole (AIR) synthetase	AG-894-C14_00839	-1
CABYGC010000003.1	110987	112066	+	AG-894-C14_00839	AG-894-C14	359	OG0000916	NA	NA	NA	NA	NA	AG-894-C14_00839	0
CABYGC010000003.1	112051	112725	+	AG-894-C14_00840	AG-894-C14	224	OG0000690	NA	NA	COG0593	DnaA	Chromosomal replication initiation ATPase DnaA	AG-894-C14_00839	1
CABYGC010000003.1	112726	114510	+	AG-894-C14_00841	AG-894-C14	594	OG0000189	K01876	aspartyl-tRNA synthetase [EC:6.1.1.12]	COG0173	AspS	Aspartyl-tRNA synthetase	AG-894-C14_00839	2
CABYGC010000003.1	114514	115338	-	AG-894-C14_00842	AG-894-C14	274	OG0000284	NA	NA	NA	NA	NA	AG-894-C14_00839	3
CABYGC010000003.1	115452	115811	+	AG-894-C14_00843	AG-894-C14	119	OG0000369	NA	NA	COG3761	NDUFA12	NADH:ubiquinone oxidoreductase NDUFA12 subunit (Leigh syndrome)	AG-894-C14_00839	4
CABYGC010000003.1	115774	116178	+	AG-894-C14_00844	AG-894-C14	134	OG0000472	NA	NA	COG4765	NA	Uncharacterized conserved protein, DUF2155 domain	AG-894-C14_00839	5
CABYID010000015.1	97	219	+	AG-894-E10_01264	AG-894-E10	40	OG0000916	NA	NA	NA	NA	NA	AG-894-E10_01264	0
CABYID010000015.1	216	875	+	AG-894-E10_01265	AG-894-E10	219	OG0000690	NA	NA	COG0593	DnaA	Chromosomal replication initiation ATPase DnaA	AG-894-E10_01264	1
CABYID010000015.1	872	2653	+	AG-894-E10_01266	AG-894-E10	593	OG0000189	K01876	aspartyl-tRNA synthetase [EC:6.1.1.12]	COG0173	AspS	Aspartyl-tRNA synthetase	AG-894-E10_01264	2
CABYID010000015.1	2654	3475	-	AG-894-E10_01267	AG-894-E10	273	OG0000284	NA	NA	NA	NA	NA	AG-894-E10_01264	3
CABYID010000015.1	3584	3940	+	AG-894-E10_01268	AG-894-E10	118	OG0000369	NA	NA	COG3761	NDUFA12	NADH:ubiquinone oxidoreductase NDUFA12 subunit (Leigh syndrome)	AG-894-E10_01264	4
CABYID010000015.1	3903	4310	+	AG-894-E10_01269	AG-894-E10	135	OG0000472	NA	NA	COG4765	NA	Uncharacterized conserved protein, DUF2155 domain	AG-894-E10_01264	5
CABYIW010000005.1	57826	58233	-	AG-894-F15_00790	AG-894-F15	135	OG0000472	NA	NA	COG4765	NA	Uncharacterized conserved protein, DUF2155 domain	AG-894-F15_00795	-5
CABYIW010000005.1	58196	58552	-	AG-894-F15_00791	AG-894-F15	118	OG0000369	NA	NA	COG3761	NDUFA12	NADH:ubiquinone oxidoreductase NDUFA12 subunit (Leigh syndrome)	AG-894-F15_00795	-4
CABYIW010000005.1	58661	59482	+	AG-894-F15_00792	AG-894-F15	273	OG0000284	NA	NA	NA	NA	NA	AG-894-F15_00795	-3
CABYIW010000005.1	59483	61264	-	AG-894-F15_00793	AG-894-F15	593	OG0000189	K01876	aspartyl-tRNA synthetase [EC:6.1.1.12]	COG0173	AspS	Aspartyl-tRNA synthetase	AG-894-F15_00795	-2
CABYIW010000005.1	61261	61920	-	AG-894-F15_00794	AG-894-F15	219	OG0000690	NA	NA	COG0593	DnaA	Chromosomal replication initiation ATPase DnaA	AG-894-F15_00795	-1
CABYIW010000005.1	61917	62993	-	AG-894-F15_00795	AG-894-F15	358	OG0000916	NA	NA	NA	NA	NA	AG-894-F15_00795	0
CABYIW010000005.1	63003	64025	+	AG-894-F15_00796	AG-894-F15	340	OG0000574	K01933	phosphoribosylformylglycinamidine cyclo-ligase [EC:6.3.3.1]	COG0150	PurM	Phosphoribosylaminoimidazole (AIR) synthetase	AG-894-F15_00795	1
CABYIW010000005.1	64006	64584	+	AG-894-F15_00797	AG-894-F15	192	OG0000035	K11175	phosphoribosylglycinamide formyltransferase 1 [EC:2.1.2.2]	COG0299	PurN	Folate-dependent phosphoribosylglycinamide formyltransferase PurN	AG-894-F15_00795	2
CABYIW010000005.1	64574	64984	-	AG-894-F15_00798	AG-894-F15	136	OG0000480	K00940	nucleoside-diphosphate kinase [EC:2.7.4.6]	COG0105	Ndk	Nucleoside diphosphate kinase	AG-894-F15_00795	3
CABYIW010000005.1	64977	66413	-	AG-894-F15_00799	AG-894-F15	478	OG0000405	K01255	leucyl aminopeptidase [EC:3.4.11.1]	COG0260	PepB	Leucyl aminopeptidase	AG-894-F15_00795	4
CABYIW010000005.1	66468	67598	+	AG-894-F15_00800	AG-894-F15	376	OG0000932	NA	NA	COG0795	LptF	Lipopolysaccharide export LptBFGC system, permease protein LptF	AG-894-F15_00795	5
CABYNS010000007.1	47	1501	+	AG-894-K14_00937	AG-894-K14	484	OG0000405	K01255	leucyl aminopeptidase [EC:3.4.11.1]	COG0260	PepB	Leucyl aminopeptidase	AG-894-K14_00941	-4
CABYNS010000007.1	1494	1904	+	AG-894-K14_00938	AG-894-K14	136	OG0000480	K00940	nucleoside-diphosphate kinase [EC:2.7.4.6]	COG0105	Ndk	Nucleoside diphosphate kinase	AG-894-K14_00941	-3
CABYNS010000007.1	1958	2356	-	AG-894-K14_00939	AG-894-K14	132	OG0000035	NA	NA	COG0299	PurN	Folate-dependent phosphoribosylglycinamide formyltransferase PurN	AG-894-K14_00941	-2
CABYNS010000007.1	2455	3483	-	AG-894-K14_00940	AG-894-K14	342	OG0000574	K01933	phosphoribosylformylglycinamidine cyclo-ligase [EC:6.3.3.1]	COG0150	PurM	Phosphoribosylaminoimidazole (AIR) synthetase	AG-894-K14_00941	-1
CABYNS010000007.1	3667	4569	+	AG-894-K14_00941	AG-894-K14	300	OG0000916	NA	NA	NA	NA	NA	AG-894-K14_00941	0
CABYNS010000007.1	4566	5228	+	AG-894-K14_00942	AG-894-K14	220	OG0000690	NA	NA	COG0593	DnaA	Chromosomal replication initiation ATPase DnaA	AG-894-K14_00941	1
CABYNS010000007.1	5229	7013	+	AG-894-K14_00943	AG-894-K14	594	OG0000189	K01876	aspartyl-tRNA synthetase [EC:6.1.1.12]	COG0173	AspS	Aspartyl-tRNA synthetase	AG-894-K14_00941	2
CABYNS010000007.1	7014	7838	-	AG-894-K14_00944	AG-894-K14	274	OG0000284	NA	NA	NA	NA	NA	AG-894-K14_00941	3
CABYNS010000007.1	7950	8309	+	AG-894-K14_00945	AG-894-K14	119	OG0000369	NA	NA	COG3761	NDUFA12	NADH:ubiquinone oxidoreductase NDUFA12 subunit (Leigh syndrome)	AG-894-K14_00941	4
CABYNS010000007.1	8275	8679	+	AG-894-K14_00946	AG-894-K14	134	OG0000472	NA	NA	COG4765	NA	Uncharacterized conserved protein, DUF2155 domain	AG-894-K14_00941	5
CABYNY010000005.1	54738	55145	-	AG-894-K15_00594	AG-894-K15	135	OG0000472	NA	NA	COG4765	NA	Uncharacterized conserved protein, DUF2155 domain	AG-894-K15_00599	-5
CABYNY010000005.1	55108	55467	-	AG-894-K15_00595	AG-894-K15	119	OG0000369	NA	NA	COG3761	NDUFA12	NADH:ubiquinone oxidoreductase NDUFA12 subunit (Leigh syndrome)	AG-894-K15_00599	-4
CABYNY010000005.1	55580	56404	+	AG-894-K15_00596	AG-894-K15	274	OG0000284	NA	NA	NA	NA	NA	AG-894-K15_00599	-3
CABYNY010000005.1	56405	58189	-	AG-894-K15_00597	AG-894-K15	594	OG0000189	K01876	aspartyl-tRNA synthetase [EC:6.1.1.12]	COG0173	AspS	Aspartyl-tRNA synthetase	AG-894-K15_00599	-2
CABYNY010000005.1	58190	58852	-	AG-894-K15_00598	AG-894-K15	220	OG0000690	NA	NA	COG0593	DnaA	Chromosomal replication initiation ATPase DnaA	AG-894-K15_00599	-1
CABYNY010000005.1	58854	59933	-	AG-894-K15_00599	AG-894-K15	359	OG0000916	NA	NA	NA	NA	NA	AG-894-K15_00599	0
CABYNY010000005.1	59945	60973	+	AG-894-K15_00600	AG-894-K15	342	OG0000574	K01933	phosphoribosylformylglycinamidine cyclo-ligase [EC:6.3.3.1]	COG0150	PurM	Phosphoribosylaminoimidazole (AIR) synthetase	AG-894-K15_00599	1
CABYNY010000005.1	60927	61535	+	AG-894-K15_00601	AG-894-K15	202	OG0000035	K11175	phosphoribosylglycinamide formyltransferase 1 [EC:2.1.2.2]	COG0299	PurN	Folate-dependent phosphoribosylglycinamide formyltransferase PurN	AG-894-K15_00599	2
CABYNY010000005.1	61525	61935	-	AG-894-K15_00602	AG-894-K15	136	OG0000480	K00940	nucleoside-diphosphate kinase [EC:2.7.4.6]	COG0105	Ndk	Nucleoside diphosphate kinase	AG-894-K15_00599	3
CABYNY010000005.1	61928	63382	-	AG-894-K15_00603	AG-894-K15	484	OG0000405	K01255	leucyl aminopeptidase [EC:3.4.11.1]	COG0260	PepB	Leucyl aminopeptidase	AG-894-K15_00599	4
CABYOW010000001.1	591212	591613	-	AG-894-L13_00665	AG-894-L13	133	OG0000472	NA	NA	COG4765	NA	Uncharacterized conserved protein, DUF2155 domain	AG-894-L13_00670	-5
CABYOW010000001.1	591582	591941	-	AG-894-L13_00666	AG-894-L13	119	OG0000369	NA	NA	COG3761	NDUFA12	NADH:ubiquinone oxidoreductase NDUFA12 subunit (Leigh syndrome)	AG-894-L13_00670	-4
CABYOW010000001.1	592053	592877	+	AG-894-L13_00667	AG-894-L13	274	OG0000284	NA	NA	NA	NA	NA	AG-894-L13_00670	-3
CABYOW010000001.1	592878	594662	-	AG-894-L13_00668	AG-894-L13	594	OG0000189	K01876	aspartyl-tRNA synthetase [EC:6.1.1.12]	COG0173	AspS	Aspartyl-tRNA synthetase	AG-894-L13_00670	-2
CABYOW010000001.1	594663	595325	-	AG-894-L13_00669	AG-894-L13	220	OG0000690	NA	NA	COG0593	DnaA	Chromosomal replication initiation ATPase DnaA	AG-894-L13_00670	-1
CABYOW010000001.1	595327	596406	-	AG-894-L13_00670	AG-894-L13	359	OG0000916	NA	NA	NA	NA	NA	AG-894-L13_00670	0
CABYOW010000001.1	596418	597446	+	AG-894-L13_00671	AG-894-L13	342	OG0000574	K01933	phosphoribosylformylglycinamidine cyclo-ligase [EC:6.3.3.1]	COG0150	PurM	Phosphoribosylaminoimidazole (AIR) synthetase	AG-894-L13_00670	1
CABYOW010000001.1	597424	598008	+	AG-894-L13_00672	AG-894-L13	194	OG0000035	K11175	phosphoribosylglycinamide formyltransferase 1 [EC:2.1.2.2]	COG0299	PurN	Folate-dependent phosphoribosylglycinamide formyltransferase PurN	AG-894-L13_00670	2
CABYOW010000001.1	597998	598408	-	AG-894-L13_00673	AG-894-L13	136	OG0000480	K00940	nucleoside-diphosphate kinase [EC:2.7.4.6]	COG0105	Ndk	Nucleoside diphosphate kinase	AG-894-L13_00670	3
CABYOW010000001.1	598401	599858	-	AG-894-L13_00674	AG-894-L13	485	OG0000405	K01255	leucyl aminopeptidase [EC:3.4.11.1]	COG0260	PepB	Leucyl aminopeptidase	AG-894-L13_00670	4
CABYOW010000001.1	599941	601083	+	AG-894-L13_00675	AG-894-L13	380	OG0000932	NA	NA	COG0795	LptF	Lipopolysaccharide export LptBFGC system, permease protein LptF	AG-894-L13_00670	5
CABYOT010000007.1	25715	26863	-	AG-894-L17_00877	AG-894-L17	382	OG0000932	NA	NA	COG0795	LptF	Lipopolysaccharide export LptBFGC system, permease protein LptF	AG-894-L17_00882	-5
CABYOT010000007.1	26919	28355	+	AG-894-L17_00878	AG-894-L17	478	OG0000405	K01255	leucyl aminopeptidase [EC:3.4.11.1]	COG0260	PepB	Leucyl aminopeptidase	AG-894-L17_00882	-4
CABYOT010000007.1	28348	28758	+	AG-894-L17_00879	AG-894-L17	136	OG0000480	K00940	nucleoside-diphosphate kinase [EC:2.7.4.6]	COG0105	Ndk	Nucleoside diphosphate kinase	AG-894-L17_00882	-3
CABYOT010000007.1	28748	29320	-	AG-894-L17_00880	AG-894-L17	190	OG0000035	K11175	phosphoribosylglycinamide formyltransferase 1 [EC:2.1.2.2]	COG0299	PurN	Folate-dependent phosphoribosylglycinamide formyltransferase PurN	AG-894-L17_00882	-2
CABYOT010000007.1	29301	30323	-	AG-894-L17_00881	AG-894-L17	340	OG0000574	K01933	phosphoribosylformylglycinamidine cyclo-ligase [EC:6.3.3.1]	COG0150	PurM	Phosphoribosylaminoimidazole (AIR) synthetase	AG-894-L17_00882	-1
CABYOT010000007.1	30335	31411	+	AG-894-L17_00882	AG-894-L17	358	OG0000916	NA	NA	NA	NA	NA	AG-894-L17_00882	0
CABYOT010000007.1	31408	32064	+	AG-894-L17_00883	AG-894-L17	218	OG0000690	NA	NA	COG0593	DnaA	Chromosomal replication initiation ATPase DnaA	AG-894-L17_00882	1
CABYOT010000007.1	32066	33850	+	AG-894-L17_00884	AG-894-L17	594	OG0000189	K01876	aspartyl-tRNA synthetase [EC:6.1.1.12]	COG0173	AspS	Aspartyl-tRNA synthetase	AG-894-L17_00882	2
CABYOT010000007.1	33851	34675	-	AG-894-L17_00885	AG-894-L17	274	OG0000284	NA	NA	NA	NA	NA	AG-894-L17_00882	3
CABYOT010000007.1	34792	35151	+	AG-894-L17_00886	AG-894-L17	119	OG0000369	NA	NA	COG3761	NDUFA12	NADH:ubiquinone oxidoreductase NDUFA12 subunit (Leigh syndrome)	AG-894-L17_00882	4
CABYOT010000007.1	35114	35518	+	AG-894-L17_00887	AG-894-L17	134	OG0000472	NA	NA	COG4765	NA	Uncharacterized conserved protein, DUF2155 domain	AG-894-L17_00882	5
CABYPJ010000002.1	27636	28043	-	AG-894-L19_00224	AG-894-L19	135	OG0000472	NA	NA	COG4765	NA	Uncharacterized conserved protein, DUF2155 domain	AG-894-L19_00229	-5
CABYPJ010000002.1	28006	28362	-	AG-894-L19_00225	AG-894-L19	118	OG0000369	NA	NA	COG3761	NDUFA12	NADH:ubiquinone oxidoreductase NDUFA12 subunit (Leigh syndrome)	AG-894-L19_00229	-4
CABYPJ010000002.1	28470	29291	+	AG-894-L19_00226	AG-894-L19	273	OG0000284	NA	NA	NA	NA	NA	AG-894-L19_00229	-3
CABYPJ010000002.1	29292	31073	-	AG-894-L19_00227	AG-894-L19	593	OG0000189	K01876	aspartyl-tRNA synthetase [EC:6.1.1.12]	COG0173	AspS	Aspartyl-tRNA synthetase	AG-894-L19_00229	-2
CABYPJ010000002.1	31070	31729	-	AG-894-L19_00228	AG-894-L19	219	OG0000690	NA	NA	COG0593	DnaA	Chromosomal replication initiation ATPase DnaA	AG-894-L19_00229	-1
CABYPJ010000002.1	31726	32802	-	AG-894-L19_00229	AG-894-L19	358	OG0000916	NA	NA	COG3292	NA	Periplasmic ligand-binding sensor domain	AG-894-L19_00229	0
CABYPJ010000002.1	32812	33834	+	AG-894-L19_00230	AG-894-L19	340	OG0000574	K01933	phosphoribosylformylglycinamidine cyclo-ligase [EC:6.3.3.1]	COG0150	PurM	Phosphoribosylaminoimidazole (AIR) synthetase	AG-894-L19_00229	1
CABYPJ010000002.1	33815	34393	+	AG-894-L19_00231	AG-894-L19	192	OG0000035	K11175	phosphoribosylglycinamide formyltransferase 1 [EC:2.1.2.2]	COG0299	PurN	Folate-dependent phosphoribosylglycinamide formyltransferase PurN	AG-894-L19_00229	2
CABYPJ010000002.1	34383	34793	-	AG-894-L19_00232	AG-894-L19	136	OG0000480	K00940	nucleoside-diphosphate kinase [EC:2.7.4.6]	COG0105	Ndk	Nucleoside diphosphate kinase	AG-894-L19_00229	3
CABYPJ010000002.1	34808	36244	-	AG-894-L19_00233	AG-894-L19	478	OG0000405	K01255	leucyl aminopeptidase [EC:3.4.11.1]	COG0260	PepB	Leucyl aminopeptidase	AG-894-L19_00229	4
CABYPJ010000002.1	36299	37429	+	AG-894-L19_00234	AG-894-L19	376	OG0000932	NA	NA	COG0795	LptF	Lipopolysaccharide export LptBFGC system, permease protein LptF	AG-894-L19_00229	5
CABYZG010000003.1	112584	116168	+	AG-895-F07_00780	AG-895-F07	1194	OG0000284	K00525	ribonucleoside-diphosphate reductase alpha chain [EC:1.17.4.1]	COG0209	NrdA	Ribonucleotide reductase alpha subunit	AG-895-F07_00785	-5
CABYZG010000003.1	116170	117966	-	AG-895-F07_00781	AG-895-F07	598	OG0000189	K01876	aspartyl-tRNA synthetase [EC:6.1.1.12]	COG0173	AspS	Aspartyl-tRNA synthetase	AG-895-F07_00785	-4
CABYZG010000003.1	118000	118833	+	AG-895-F07_00782	AG-895-F07	277	OG0000122	K03684	ribonuclease D [EC:3.1.13.5]	COG0349	Rnd	Ribonuclease D, nanoRNase NrnC or deoxydinuclease (diDNase)	AG-895-F07_00785	-3
CABYZG010000003.1	118811	119458	-	AG-895-F07_00783	AG-895-F07	215	OG0000690	NA	NA	COG0593	DnaA	Chromosomal replication initiation ATPase DnaA	AG-895-F07_00785	-2
CABYZG010000003.1	119459	120004	-	AG-895-F07_00784	AG-895-F07	181	OG0000149	NA	NA	COG0558	PgsA	Phosphatidylglycerophosphate synthase	AG-895-F07_00785	-1
CABYZG010000003.1	119997	121076	-	AG-895-F07_00785	AG-895-F07	359	OG0000916	NA	NA	NA	NA	NA	AG-895-F07_00785	0
CABYZG010000003.1	121092	122135	+	AG-895-F07_00786	AG-895-F07	347	OG0000574	K01933	phosphoribosylformylglycinamidine cyclo-ligase [EC:6.3.3.1]	COG0150	PurM	Phosphoribosylaminoimidazole (AIR) synthetase	AG-895-F07_00785	1
CABYZG010000003.1	122128	122700	+	AG-895-F07_00787	AG-895-F07	190	OG0000035	K11175	phosphoribosylglycinamide formyltransferase 1 [EC:2.1.2.2]	COG0299	PurN	Folate-dependent phosphoribosylglycinamide formyltransferase PurN	AG-895-F07_00785	2
CABYZG010000003.1	122690	123112	-	AG-895-F07_00788	AG-895-F07	140	OG0000480	K00940	nucleoside-diphosphate kinase [EC:2.7.4.6]	COG0105	Ndk	Nucleoside diphosphate kinase	AG-895-F07_00785	3
CABYZG010000003.1	123112	124632	-	AG-895-F07_00789	AG-895-F07	506	OG0000405	K01255	leucyl aminopeptidase [EC:3.4.11.1]	COG0260	PepB	Leucyl aminopeptidase	AG-895-F07_00785	4
CABYZG010000003.1	124673	125791	+	AG-895-F07_00790	AG-895-F07	372	OG0000932	K07091	lipopolysaccharide export system permease protein	COG0795	LptF	Lipopolysaccharide export LptBFGC system, permease protein LptF	AG-895-F07_00785	5
CABYZT010000003.1	9265	9672	-	AG-895-F17_00572	AG-895-F17	135	OG0000472	NA	NA	COG4765	NA	Uncharacterized conserved protein, DUF2155 domain	AG-895-F17_00577	-5
CABYZT010000003.1	9635	9994	-	AG-895-F17_00573	AG-895-F17	119	OG0000369	NA	NA	COG3761	NDUFA12	NADH:ubiquinone oxidoreductase NDUFA12 subunit (Leigh syndrome)	AG-895-F17_00577	-4
CABYZT010000003.1	10109	10933	+	AG-895-F17_00574	AG-895-F17	274	OG0000284	NA	NA	NA	NA	NA	AG-895-F17_00577	-3
CABYZT010000003.1	10935	12719	-	AG-895-F17_00575	AG-895-F17	594	OG0000189	K01876	aspartyl-tRNA synthetase [EC:6.1.1.12]	COG0173	AspS	Aspartyl-tRNA synthetase	AG-895-F17_00577	-2
CABYZT010000003.1	12720	13382	-	AG-895-F17_00576	AG-895-F17	220	OG0000690	NA	NA	COG0593	DnaA	Chromosomal replication initiation ATPase DnaA	AG-895-F17_00577	-1
CABYZT010000003.1	13369	14457	-	AG-895-F17_00577	AG-895-F17	362	OG0000916	NA	NA	NA	NA	NA	AG-895-F17_00577	0
CABYZT010000003.1	14469	15500	+	AG-895-F17_00578	AG-895-F17	343	OG0000574	K01933	phosphoribosylformylglycinamidine cyclo-ligase [EC:6.3.3.1]	COG0150	PurM	Phosphoribosylaminoimidazole (AIR) synthetase	AG-895-F17_00577	1
CABYZT010000003.1	15475	16056	+	AG-895-F17_00579	AG-895-F17	193	OG0000035	K11175	phosphoribosylglycinamide formyltransferase 1 [EC:2.1.2.2]	COG0299	PurN	Folate-dependent phosphoribosylglycinamide formyltransferase PurN	AG-895-F17_00577	2
CABYZT010000003.1	16046	16456	-	AG-895-F17_00580	AG-895-F17	136	OG0000480	K00940	nucleoside-diphosphate kinase [EC:2.7.4.6]	COG0105	Ndk	Nucleoside diphosphate kinase	AG-895-F17_00577	3
CABYZT010000003.1	16449	17903	-	AG-895-F17_00581	AG-895-F17	484	OG0000405	K01255	leucyl aminopeptidase [EC:3.4.11.1]	COG0260	PepB	Leucyl aminopeptidase	AG-895-F17_00577	4
CABYZT010000003.1	17964	19094	+	AG-895-F17_00582	AG-895-F17	376	OG0000932	NA	NA	COG0795	LptF	Lipopolysaccharide export LptBFGC system, permease protein LptF	AG-895-F17_00577	5
CABZAK010000004.1	76414	76797	-	AG-895-G15_00778	AG-895-G15	127	OG0000472	NA	NA	COG4765	NA	Uncharacterized conserved protein, DUF2155 domain	AG-895-G15_00783	-5
CABZAK010000004.1	76785	77144	-	AG-895-G15_00779	AG-895-G15	119	OG0000369	NA	NA	COG3761	NDUFA12	NADH:ubiquinone oxidoreductase NDUFA12 subunit (Leigh syndrome)	AG-895-G15_00783	-4
CABZAK010000004.1	77243	78064	+	AG-895-G15_00780	AG-895-G15	273	OG0000284	NA	NA	NA	NA	NA	AG-895-G15_00783	-3
CABZAK010000004.1	78065	79846	-	AG-895-G15_00781	AG-895-G15	593	OG0000189	K01876	aspartyl-tRNA synthetase [EC:6.1.1.12]	COG0173	AspS	Aspartyl-tRNA synthetase	AG-895-G15_00783	-2
CABZAK010000004.1	79839	80507	-	AG-895-G15_00782	AG-895-G15	222	OG0000690	NA	NA	COG0593	DnaA	Chromosomal replication initiation ATPase DnaA	AG-895-G15_00783	-1
CABZAK010000004.1	80497	80658	-	AG-895-G15_00783	AG-895-G15	53	OG0000916	NA	NA	NA	NA	NA	AG-895-G15_00783	0
CABZCX010000005.1	14014	15156	-	AG-895-J19_00897	AG-895-J19	380	OG0000932	NA	NA	COG0795	LptF	Lipopolysaccharide export LptBFGC system, permease protein LptF	AG-895-J19_00902	-5
CABZCX010000005.1	15239	16696	+	AG-895-J19_00898	AG-895-J19	485	OG0000405	K01255	leucyl aminopeptidase [EC:3.4.11.1]	COG0260	PepB	Leucyl aminopeptidase	AG-895-J19_00902	-4
CABZCX010000005.1	16689	17099	+	AG-895-J19_00899	AG-895-J19	136	OG0000480	K00940	nucleoside-diphosphate kinase [EC:2.7.4.6]	COG0105	Ndk	Nucleoside diphosphate kinase	AG-895-J19_00902	-3
CABZCX010000005.1	17089	17673	-	AG-895-J19_00900	AG-895-J19	194	OG0000035	K11175	phosphoribosylglycinamide formyltransferase 1 [EC:2.1.2.2]	COG0299	PurN	Folate-dependent phosphoribosylglycinamide formyltransferase PurN	AG-895-J19_00902	-2
CABZCX010000005.1	17651	18679	-	AG-895-J19_00901	AG-895-J19	342	OG0000574	K01933	phosphoribosylformylglycinamidine cyclo-ligase [EC:6.3.3.1]	COG0150	PurM	Phosphoribosylaminoimidazole (AIR) synthetase	AG-895-J19_00902	-1
CABZCX010000005.1	18691	19770	+	AG-895-J19_00902	AG-895-J19	359	OG0000916	NA	NA	NA	NA	NA	AG-895-J19_00902	0
CABZCX010000005.1	19772	20434	+	AG-895-J19_00903	AG-895-J19	220	OG0000690	NA	NA	COG0593	DnaA	Chromosomal replication initiation ATPase DnaA	AG-895-J19_00902	1
CABZCX010000005.1	20435	22219	+	AG-895-J19_00904	AG-895-J19	594	OG0000189	K01876	aspartyl-tRNA synthetase [EC:6.1.1.12]	COG0173	AspS	Aspartyl-tRNA synthetase	AG-895-J19_00902	2
CABZCX010000005.1	22220	23044	-	AG-895-J19_00905	AG-895-J19	274	OG0000284	NA	NA	NA	NA	NA	AG-895-J19_00902	3
CABZCX010000005.1	23156	23515	+	AG-895-J19_00906	AG-895-J19	119	OG0000369	NA	NA	COG3761	NDUFA12	NADH:ubiquinone oxidoreductase NDUFA12 subunit (Leigh syndrome)	AG-895-J19_00902	4
CABZCX010000005.1	23484	23885	+	AG-895-J19_00907	AG-895-J19	133	OG0000472	NA	NA	COG4765	NA	Uncharacterized conserved protein, DUF2155 domain	AG-895-J19_00902	5
CABZDR010000003.1	74149	74556	-	AG-895-K10_00948	AG-895-K10	135	OG0000472	NA	NA	COG4765	NA	Uncharacterized conserved protein, DUF2155 domain	AG-895-K10_00953	-5
CABZDR010000003.1	74519	74878	-	AG-895-K10_00949	AG-895-K10	119	OG0000369	NA	NA	COG3761	NDUFA12	NADH:ubiquinone oxidoreductase NDUFA12 subunit (Leigh syndrome)	AG-895-K10_00953	-4
CABZDR010000003.1	74995	75816	+	AG-895-K10_00950	AG-895-K10	273	OG0000284	NA	NA	NA	NA	NA	AG-895-K10_00953	-3
CABZDR010000003.1	75818	77602	-	AG-895-K10_00951	AG-895-K10	594	OG0000189	K01876	aspartyl-tRNA synthetase [EC:6.1.1.12]	COG0173	AspS	Aspartyl-tRNA synthetase	AG-895-K10_00953	-2
CABZDR010000003.1	77603	78265	-	AG-895-K10_00952	AG-895-K10	220	OG0000690	NA	NA	COG0593	DnaA	Chromosomal replication initiation ATPase DnaA	AG-895-K10_00953	-1
CABZDR010000003.1	78262	79329	-	AG-895-K10_00953	AG-895-K10	355	OG0000916	NA	NA	NA	NA	NA	AG-895-K10_00953	0
CABZDR010000003.1	79344	80369	+	AG-895-K10_00954	AG-895-K10	341	OG0000574	K01933	phosphoribosylformylglycinamidine cyclo-ligase [EC:6.3.3.1]	COG0150	PurM	Phosphoribosylaminoimidazole (AIR) synthetase	AG-895-K10_00953	1
CABZDR010000003.1	80311	80928	+	AG-895-K10_00955	AG-895-K10	205	OG0000035	K11175	phosphoribosylglycinamide formyltransferase 1 [EC:2.1.2.2]	COG0299	PurN	Folate-dependent phosphoribosylglycinamide formyltransferase PurN	AG-895-K10_00953	2
CABZDR010000003.1	80918	81328	-	AG-895-K10_00956	AG-895-K10	136	OG0000480	K00940	nucleoside-diphosphate kinase [EC:2.7.4.6]	COG0105	Ndk	Nucleoside diphosphate kinase	AG-895-K10_00953	3
CABZDR010000003.1	81321	82778	-	AG-895-K10_00957	AG-895-K10	485	OG0000405	K01255	leucyl aminopeptidase [EC:3.4.11.1]	COG0260	PepB	Leucyl aminopeptidase	AG-895-K10_00953	4
CABZDR010000003.1	82892	84013	+	AG-895-K10_00958	AG-895-K10	373	OG0000932	NA	NA	COG0795	LptF	Lipopolysaccharide export LptBFGC system, permease protein LptF	AG-895-K10_00953	5
CABZIW010000005.1	26076	27194	-	AG-896-A02_00988	AG-896-A02	372	OG0000932	K07091	lipopolysaccharide export system permease protein	COG0795	LptF	Lipopolysaccharide export LptBFGC system, permease protein LptF	AG-896-A02_00993	-5
CABZIW010000005.1	27235	28761	+	AG-896-A02_00989	AG-896-A02	508	OG0000405	K01255	leucyl aminopeptidase [EC:3.4.11.1]	COG0260	PepB	Leucyl aminopeptidase	AG-896-A02_00993	-4
CABZIW010000005.1	28761	29183	+	AG-896-A02_00990	AG-896-A02	140	OG0000480	K00940	nucleoside-diphosphate kinase [EC:2.7.4.6]	COG0105	Ndk	Nucleoside diphosphate kinase	AG-896-A02_00993	-3
CABZIW010000005.1	29173	29745	-	AG-896-A02_00991	AG-896-A02	190	OG0000035	K11175	phosphoribosylglycinamide formyltransferase 1 [EC:2.1.2.2]	COG0299	PurN	Folate-dependent phosphoribosylglycinamide formyltransferase PurN	AG-896-A02_00993	-2
CABZIW010000005.1	29738	30781	-	AG-896-A02_00992	AG-896-A02	347	OG0000574	K01933	phosphoribosylformylglycinamidine cyclo-ligase [EC:6.3.3.1]	COG0150	PurM	Phosphoribosylaminoimidazole (AIR) synthetase	AG-896-A02_00993	-1
CABZIW010000005.1	30797	31876	+	AG-896-A02_00993	AG-896-A02	359	OG0000916	NA	NA	NA	NA	NA	AG-896-A02_00993	0
CABZIW010000005.1	31869	32414	+	AG-896-A02_00994	AG-896-A02	181	OG0000149	NA	NA	COG0558	PgsA	Phosphatidylglycerophosphate synthase	AG-896-A02_00993	1
CABZIW010000005.1	32415	33062	+	AG-896-A02_00995	AG-896-A02	215	OG0000690	NA	NA	COG0593	DnaA	Chromosomal replication initiation ATPase DnaA	AG-896-A02_00993	2
CABZIW010000005.1	33040	33873	-	AG-896-A02_00996	AG-896-A02	277	OG0000122	K03684	ribonuclease D [EC:3.1.13.5]	COG0349	Rnd	Ribonuclease D, nanoRNase NrnC or deoxydinuclease (diDNase)	AG-896-A02_00993	3
CABZIW010000005.1	33907	35703	+	AG-896-A02_00997	AG-896-A02	598	OG0000189	K01876	aspartyl-tRNA synthetase [EC:6.1.1.12]	COG0173	AspS	Aspartyl-tRNA synthetase	AG-896-A02_00993	4
CABZIW010000005.1	35705	39289	-	AG-896-A02_00998	AG-896-A02	1194	OG0000284	K00525	ribonucleoside-diphosphate reductase alpha chain [EC:1.17.4.1]	COG0209	NrdA	Ribonucleotide reductase alpha subunit	AG-896-A02_00993	5
CABZLS010000014.1	3941	4348	-	AG-896-C18_01039	AG-896-C18	135	OG0000472	NA	NA	COG4765	NA	Uncharacterized conserved protein, DUF2155 domain	AG-896-C18_01044	-5
CABZLS010000014.1	4311	4670	-	AG-896-C18_01040	AG-896-C18	119	OG0000369	NA	NA	COG3761	NDUFA12	NADH:ubiquinone oxidoreductase NDUFA12 subunit (Leigh syndrome)	AG-896-C18_01044	-4
CABZLS010000014.1	4783	5601	+	AG-896-C18_01041	AG-896-C18	272	OG0000284	NA	NA	NA	NA	NA	AG-896-C18_01044	-3
CABZLS010000014.1	5603	7384	-	AG-896-C18_01042	AG-896-C18	593	OG0000189	K01876	aspartyl-tRNA synthetase [EC:6.1.1.12]	COG0173	AspS	Aspartyl-tRNA synthetase	AG-896-C18_01044	-2
CABZLS010000014.1	7385	8059	-	AG-896-C18_01043	AG-896-C18	224	OG0000690	NA	NA	COG0593	DnaA	Chromosomal replication initiation ATPase DnaA	AG-896-C18_01044	-1
CABZLS010000014.1	8044	9072	-	AG-896-C18_01044	AG-896-C18	342	OG0000916	NA	NA	NA	NA	NA	AG-896-C18_01044	0
CABZLS010000014.1	9132	10160	+	AG-896-C18_01045	AG-896-C18	342	OG0000574	K01933	phosphoribosylformylglycinamidine cyclo-ligase [EC:6.3.3.1]	COG0150	PurM	Phosphoribosylaminoimidazole (AIR) synthetase	AG-896-C18_01044	1
CABZLS010000014.1	10138	10722	+	AG-896-C18_01046	AG-896-C18	194	OG0000035	K11175	phosphoribosylglycinamide formyltransferase 1 [EC:2.1.2.2]	COG0299	PurN	Folate-dependent phosphoribosylglycinamide formyltransferase PurN	AG-896-C18_01044	2
CABZLS010000014.1	10712	11122	-	AG-896-C18_01047	AG-896-C18	136	OG0000480	K00940	nucleoside-diphosphate kinase [EC:2.7.4.6]	COG0105	Ndk	Nucleoside diphosphate kinase	AG-896-C18_01044	3
CABZLS010000014.1	11115	12584	-	AG-896-C18_01048	AG-896-C18	489	OG0000405	K01255	leucyl aminopeptidase [EC:3.4.11.1]	COG0260	PepB	Leucyl aminopeptidase	AG-896-C18_01044	4
CABZLS010000014.1	12667	13818	+	AG-896-C18_01049	AG-896-C18	383	OG0000932	NA	NA	COG0795	LptF	Lipopolysaccharide export LptBFGC system, permease protein LptF	AG-896-C18_01044	5
CABZOF010000002.1	217310	218455	-	AG-896-F06_00814	AG-896-F06	381	OG0000932	NA	NA	COG0795	LptF	Lipopolysaccharide export LptBFGC system, permease protein LptF	AG-896-F06_00819	-5
CABZOF010000002.1	218510	219946	+	AG-896-F06_00815	AG-896-F06	478	OG0000405	K01255	leucyl aminopeptidase [EC:3.4.11.1]	COG0260	PepB	Leucyl aminopeptidase	AG-896-F06_00819	-4
CABZOF010000002.1	219939	220349	+	AG-896-F06_00816	AG-896-F06	136	OG0000480	K00940	nucleoside-diphosphate kinase [EC:2.7.4.6]	COG0105	Ndk	Nucleoside diphosphate kinase	AG-896-F06_00819	-3
CABZOF010000002.1	220339	220911	-	AG-896-F06_00817	AG-896-F06	190	OG0000035	K11175	phosphoribosylglycinamide formyltransferase 1 [EC:2.1.2.2]	COG0299	PurN	Folate-dependent phosphoribosylglycinamide formyltransferase PurN	AG-896-F06_00819	-2
CABZOF010000002.1	220892	221914	-	AG-896-F06_00818	AG-896-F06	340	OG0000574	K01933	phosphoribosylformylglycinamidine cyclo-ligase [EC:6.3.3.1]	COG0150	PurM	Phosphoribosylaminoimidazole (AIR) synthetase	AG-896-F06_00819	-1
CABZOF010000002.1	221926	223002	+	AG-896-F06_00819	AG-896-F06	358	OG0000916	NA	NA	NA	NA	NA	AG-896-F06_00819	0
CABZOF010000002.1	222999	223655	+	AG-896-F06_00820	AG-896-F06	218	OG0000690	NA	NA	COG0593	DnaA	Chromosomal replication initiation ATPase DnaA	AG-896-F06_00819	1
CABZOF010000002.1	223657	225441	+	AG-896-F06_00821	AG-896-F06	594	OG0000189	K01876	aspartyl-tRNA synthetase [EC:6.1.1.12]	COG0173	AspS	Aspartyl-tRNA synthetase	AG-896-F06_00819	2
CABZOF010000002.1	225442	226266	-	AG-896-F06_00822	AG-896-F06	274	OG0000284	NA	NA	NA	NA	NA	AG-896-F06_00819	3
CABZOF010000002.1	226383	226742	+	AG-896-F06_00823	AG-896-F06	119	OG0000369	NA	NA	COG3761	NDUFA12	NADH:ubiquinone oxidoreductase NDUFA12 subunit (Leigh syndrome)	AG-896-F06_00819	4
CABZOF010000002.1	226705	227109	+	AG-896-F06_00824	AG-896-F06	134	OG0000472	NA	NA	COG4765	NA	Uncharacterized conserved protein, DUF2155 domain	AG-896-F06_00819	5
CABZTB010000015.1	244	1320	-	AG-896-K10_01157	AG-896-K10	358	OG0000916	NA	NA	NA	NA	NA	AG-896-K10_01157	0
CABZTB010000015.1	1332	2360	+	AG-896-K10_01158	AG-896-K10	342	OG0000574	K01933	phosphoribosylformylglycinamidine cyclo-ligase [EC:6.3.3.1]	COG0150	PurM	Phosphoribosylaminoimidazole (AIR) synthetase	AG-896-K10_01157	1
CABZTB010000015.1	2338	2922	+	AG-896-K10_01159	AG-896-K10	194	OG0000035	K11175	phosphoribosylglycinamide formyltransferase 1 [EC:2.1.2.2]	COG0299	PurN	Folate-dependent phosphoribosylglycinamide formyltransferase PurN	AG-896-K10_01157	2
CABZTB010000015.1	2912	3322	-	AG-896-K10_01160	AG-896-K10	136	OG0000480	K00940	nucleoside-diphosphate kinase [EC:2.7.4.6]	COG0105	Ndk	Nucleoside diphosphate kinase	AG-896-K10_01157	3
CABZTB010000015.1	3315	4574	-	AG-896-K10_01161	AG-896-K10	419	OG0000405	K01255	leucyl aminopeptidase [EC:3.4.11.1]	COG0260	PepB	Leucyl aminopeptidase	AG-896-K10_01157	4
CABZUL010000001.1	78	1394	+	AG-896-L20_00001	AG-896-L20	438	OG0000405	K01255	leucyl aminopeptidase [EC:3.4.11.1]	COG0260	PepB	Leucyl aminopeptidase	AG-896-L20_00005	-4
CABZUL010000001.1	1387	1797	+	AG-896-L20_00002	AG-896-L20	136	OG0000480	K00940	nucleoside-diphosphate kinase [EC:2.7.4.6]	COG0105	Ndk	Nucleoside diphosphate kinase	AG-896-L20_00005	-3
CABZUL010000001.1	1787	2368	-	AG-896-L20_00003	AG-896-L20	193	OG0000035	K11175	phosphoribosylglycinamide formyltransferase 1 [EC:2.1.2.2]	COG0299	PurN	Folate-dependent phosphoribosylglycinamide formyltransferase PurN	AG-896-L20_00005	-2
CABZUL010000001.1	2346	3374	-	AG-896-L20_00004	AG-896-L20	342	OG0000574	K01933	phosphoribosylformylglycinamidine cyclo-ligase [EC:6.3.3.1]	COG0150	PurM	Phosphoribosylaminoimidazole (AIR) synthetase	AG-896-L20_00005	-1
CABZUL010000001.1	3398	4459	+	AG-896-L20_00005	AG-896-L20	353	OG0000916	NA	NA	NA	NA	NA	AG-896-L20_00005	0
CABZUL010000001.1	4456	5118	+	AG-896-L20_00006	AG-896-L20	220	OG0000690	NA	NA	COG0593	DnaA	Chromosomal replication initiation ATPase DnaA	AG-896-L20_00005	1
CABZUL010000001.1	5119	6903	+	AG-896-L20_00007	AG-896-L20	594	OG0000189	K01876	aspartyl-tRNA synthetase [EC:6.1.1.12]	COG0173	AspS	Aspartyl-tRNA synthetase	AG-896-L20_00005	2
CABZUL010000001.1	6949	8328	-	AG-896-L20_00008	AG-896-L20	459	OG0001129	NA	NA	COG2755	TesA	Lysophospholipase L1 or related esterase. Includes spore coat protein LipC/YcsK	AG-896-L20_00005	3
CABZUL010000001.1	8573	9400	-	AG-896-L20_00009	AG-896-L20	275	OG0000284	NA	NA	NA	NA	NA	AG-896-L20_00005	4
CABZUL010000001.1	9514	9873	+	AG-896-L20_00010	AG-896-L20	119	OG0000369	NA	NA	COG3761	NDUFA12	NADH:ubiquinone oxidoreductase NDUFA12 subunit (Leigh syndrome)	AG-896-L20_00005	5
CABZXO010000004.1	99810	100934	-	AG-896-O18_00648	AG-896-O18	374	OG0000932	NA	NA	COG0795	LptF	Lipopolysaccharide export LptBFGC system, permease protein LptF	AG-896-O18_00653	-5
CABZXO010000004.1	100995	102449	+	AG-896-O18_00649	AG-896-O18	484	OG0000405	K01255	leucyl aminopeptidase [EC:3.4.11.1]	COG0260	PepB	Leucyl aminopeptidase	AG-896-O18_00653	-4
CABZXO010000004.1	102442	102852	+	AG-896-O18_00650	AG-896-O18	136	OG0000480	K00940	nucleoside-diphosphate kinase [EC:2.7.4.6]	COG0105	Ndk	Nucleoside diphosphate kinase	AG-896-O18_00653	-3
CABZXO010000004.1	102842	103423	-	AG-896-O18_00651	AG-896-O18	193	OG0000035	K11175	phosphoribosylglycinamide formyltransferase 1 [EC:2.1.2.2]	COG0299	PurN	Folate-dependent phosphoribosylglycinamide formyltransferase PurN	AG-896-O18_00653	-2
CABZXO010000004.1	103392	104429	-	AG-896-O18_00652	AG-896-O18	345	OG0000574	K01933	phosphoribosylformylglycinamidine cyclo-ligase [EC:6.3.3.1]	COG0150	PurM	Phosphoribosylaminoimidazole (AIR) synthetase	AG-896-O18_00653	-1
CABZXO010000004.1	104441	105529	+	AG-896-O18_00653	AG-896-O18	362	OG0000916	NA	NA	NA	NA	NA	AG-896-O18_00653	0
CABZXO010000004.1	105516	106178	+	AG-896-O18_00654	AG-896-O18	220	OG0000690	NA	NA	COG0593	DnaA	Chromosomal replication initiation ATPase DnaA	AG-896-O18_00653	1
CABZXO010000004.1	106179	107966	+	AG-896-O18_00655	AG-896-O18	595	OG0000189	K01876	aspartyl-tRNA synthetase [EC:6.1.1.12]	COG0173	AspS	Aspartyl-tRNA synthetase	AG-896-O18_00653	2
CABZXO010000004.1	107970	108797	-	AG-896-O18_00656	AG-896-O18	275	OG0000284	NA	NA	NA	NA	NA	AG-896-O18_00653	3
CABZXO010000004.1	108910	109269	+	AG-896-O18_00657	AG-896-O18	119	OG0000369	NA	NA	COG3761	NDUFA12	NADH:ubiquinone oxidoreductase NDUFA12 subunit (Leigh syndrome)	AG-896-O18_00653	4
CABZXO010000004.1	109232	109639	+	AG-896-O18_00658	AG-896-O18	135	OG0000472	NA	NA	COG4765	NA	Uncharacterized conserved protein, DUF2155 domain	AG-896-O18_00653	5
CACADE010000001.1	245444	246574	-	AG-897-G09_00258	AG-897-G09	376	OG0000932	NA	NA	COG0795	LptF	Lipopolysaccharide export LptBFGC system, permease protein LptF	AG-897-G09_00263	-5
CACADE010000001.1	246629	248065	+	AG-897-G09_00259	AG-897-G09	478	OG0000405	K01255	leucyl aminopeptidase [EC:3.4.11.1]	COG0260	PepB	Leucyl aminopeptidase	AG-897-G09_00263	-4
CACADE010000001.1	248058	248468	+	AG-897-G09_00260	AG-897-G09	136	OG0000480	K00940	nucleoside-diphosphate kinase [EC:2.7.4.6]	COG0105	Ndk	Nucleoside diphosphate kinase	AG-897-G09_00263	-3
CACADE010000001.1	248458	249036	-	AG-897-G09_00261	AG-897-G09	192	OG0000035	K11175	phosphoribosylglycinamide formyltransferase 1 [EC:2.1.2.2]	COG0299	PurN	Folate-dependent phosphoribosylglycinamide formyltransferase PurN	AG-897-G09_00263	-2
CACADE010000001.1	249017	250039	-	AG-897-G09_00262	AG-897-G09	340	OG0000574	K01933	phosphoribosylformylglycinamidine cyclo-ligase [EC:6.3.3.1]	COG0150	PurM	Phosphoribosylaminoimidazole (AIR) synthetase	AG-897-G09_00263	-1
CACADE010000001.1	250049	251125	+	AG-897-G09_00263	AG-897-G09	358	OG0000916	NA	NA	NA	NA	NA	AG-897-G09_00263	0
CACADE010000001.1	251122	251781	+	AG-897-G09_00264	AG-897-G09	219	OG0000690	NA	NA	COG0593	DnaA	Chromosomal replication initiation ATPase DnaA	AG-897-G09_00263	1
CACADE010000001.1	251778	253559	+	AG-897-G09_00265	AG-897-G09	593	OG0000189	K01876	aspartyl-tRNA synthetase [EC:6.1.1.12]	COG0173	AspS	Aspartyl-tRNA synthetase	AG-897-G09_00263	2
CACADE010000001.1	253560	254381	-	AG-897-G09_00266	AG-897-G09	273	OG0000284	NA	NA	NA	NA	NA	AG-897-G09_00263	3
CACADE010000001.1	254486	254842	+	AG-897-G09_00267	AG-897-G09	118	OG0000369	NA	NA	COG3761	NDUFA12	NADH:ubiquinone oxidoreductase NDUFA12 subunit (Leigh syndrome)	AG-897-G09_00263	4
CACADE010000001.1	254805	255212	+	AG-897-G09_00268	AG-897-G09	135	OG0000472	NA	NA	COG4765	NA	Uncharacterized conserved protein, DUF2155 domain	AG-897-G09_00263	5
CACAFC010000011.1	14855	15979	-	AG-897-G15_01016	AG-897-G15	374	OG0000932	NA	NA	COG0795	LptF	Lipopolysaccharide export LptBFGC system, permease protein LptF	AG-897-G15_01021	-5
CACAFC010000011.1	16040	17494	+	AG-897-G15_01017	AG-897-G15	484	OG0000405	K01255	leucyl aminopeptidase [EC:3.4.11.1]	COG0260	PepB	Leucyl aminopeptidase	AG-897-G15_01021	-4
CACAFC010000011.1	17487	17897	+	AG-897-G15_01018	AG-897-G15	136	OG0000480	K00940	nucleoside-diphosphate kinase [EC:2.7.4.6]	COG0105	Ndk	Nucleoside diphosphate kinase	AG-897-G15_01021	-3
CACAFC010000011.1	17887	18468	-	AG-897-G15_01019	AG-897-G15	193	OG0000035	K11175	phosphoribosylglycinamide formyltransferase 1 [EC:2.1.2.2]	COG0299	PurN	Folate-dependent phosphoribosylglycinamide formyltransferase PurN	AG-897-G15_01021	-2
CACAFC010000011.1	18446	19474	-	AG-897-G15_01020	AG-897-G15	342	OG0000574	K01933	phosphoribosylformylglycinamidine cyclo-ligase [EC:6.3.3.1]	COG0150	PurM	Phosphoribosylaminoimidazole (AIR) synthetase	AG-897-G15_01021	-1
CACAFC010000011.1	19498	20559	+	AG-897-G15_01021	AG-897-G15	353	OG0000916	NA	NA	NA	NA	NA	AG-897-G15_01021	0
CACAFC010000011.1	20556	21218	+	AG-897-G15_01022	AG-897-G15	220	OG0000690	NA	NA	COG0593	DnaA	Chromosomal replication initiation ATPase DnaA	AG-897-G15_01021	1
CACAFC010000011.1	21219	23003	+	AG-897-G15_01023	AG-897-G15	594	OG0000189	K01876	aspartyl-tRNA synthetase [EC:6.1.1.12]	COG0173	AspS	Aspartyl-tRNA synthetase	AG-897-G15_01021	2
CACAFC010000011.1	23004	23828	-	AG-897-G15_01024	AG-897-G15	274	OG0000284	NA	NA	NA	NA	NA	AG-897-G15_01021	3
CACAFC010000011.1	23943	24302	+	AG-897-G15_01025	AG-897-G15	119	OG0000369	NA	NA	COG3761	NDUFA12	NADH:ubiquinone oxidoreductase NDUFA12 subunit (Leigh syndrome)	AG-897-G15_01021	4
CACAFC010000011.1	24268	24672	+	AG-897-G15_01026	AG-897-G15	134	OG0000472	NA	NA	COG4765	NA	Uncharacterized conserved protein, DUF2155 domain	AG-897-G15_01021	5
CACARD010000014.1	340	462	+	AG-898-G21_01105	AG-898-G21	40	OG0000916	NA	NA	NA	NA	NA	AG-898-G21_01105	0
CACARD010000014.1	459	1118	+	AG-898-G21_01106	AG-898-G21	219	OG0000690	NA	NA	COG0593	DnaA	Chromosomal replication initiation ATPase DnaA	AG-898-G21_01105	1
CACARD010000014.1	1115	2896	+	AG-898-G21_01107	AG-898-G21	593	OG0000189	K01876	aspartyl-tRNA synthetase [EC:6.1.1.12]	COG0173	AspS	Aspartyl-tRNA synthetase	AG-898-G21_01105	2
CACARD010000014.1	2897	3718	-	AG-898-G21_01108	AG-898-G21	273	OG0000284	NA	NA	NA	NA	NA	AG-898-G21_01105	3
CACARD010000014.1	3827	4183	+	AG-898-G21_01109	AG-898-G21	118	OG0000369	NA	NA	COG3761	NDUFA12	NADH:ubiquinone oxidoreductase NDUFA12 subunit (Leigh syndrome)	AG-898-G21_01105	4
CACARD010000014.1	4146	4553	+	AG-898-G21_01110	AG-898-G21	135	OG0000472	NA	NA	COG4765	NA	Uncharacterized conserved protein, DUF2155 domain	AG-898-G21_01105	5
CACAZW010000008.1	28712	29119	-	AG-899-A06_00874	AG-899-A06	135	OG0000472	NA	NA	COG4765	NA	Uncharacterized conserved protein, DUF2155 domain	AG-899-A06_00879	-5
CACAZW010000008.1	29082	29438	-	AG-899-A06_00875	AG-899-A06	118	OG0000369	NA	NA	COG3761	NDUFA12	NADH:ubiquinone oxidoreductase NDUFA12 subunit (Leigh syndrome)	AG-899-A06_00879	-4
CACAZW010000008.1	29547	30368	+	AG-899-A06_00876	AG-899-A06	273	OG0000284	NA	NA	NA	NA	NA	AG-899-A06_00879	-3
CACAZW010000008.1	30369	32150	-	AG-899-A06_00877	AG-899-A06	593	OG0000189	K01876	aspartyl-tRNA synthetase [EC:6.1.1.12]	COG0173	AspS	Aspartyl-tRNA synthetase	AG-899-A06_00879	-2
CACAZW010000008.1	32147	32806	-	AG-899-A06_00878	AG-899-A06	219	OG0000690	NA	NA	COG0593	DnaA	Chromosomal replication initiation ATPase DnaA	AG-899-A06_00879	-1
CACAZW010000008.1	32803	33879	-	AG-899-A06_00879	AG-899-A06	358	OG0000916	NA	NA	NA	NA	NA	AG-899-A06_00879	0
CACAZW010000008.1	33889	34911	+	AG-899-A06_00880	AG-899-A06	340	OG0000574	K01933	phosphoribosylformylglycinamidine cyclo-ligase [EC:6.3.3.1]	COG0150	PurM	Phosphoribosylaminoimidazole (AIR) synthetase	AG-899-A06_00879	1
CACAZW010000008.1	34892	35470	+	AG-899-A06_00881	AG-899-A06	192	OG0000035	K11175	phosphoribosylglycinamide formyltransferase 1 [EC:2.1.2.2]	COG0299	PurN	Folate-dependent phosphoribosylglycinamide formyltransferase PurN	AG-899-A06_00879	2
CACAZW010000008.1	35460	35870	-	AG-899-A06_00882	AG-899-A06	136	OG0000480	K00940	nucleoside-diphosphate kinase [EC:2.7.4.6]	COG0105	Ndk	Nucleoside diphosphate kinase	AG-899-A06_00879	3
CACAZW010000008.1	35863	37299	-	AG-899-A06_00883	AG-899-A06	478	OG0000405	K01255	leucyl aminopeptidase [EC:3.4.11.1]	COG0260	PepB	Leucyl aminopeptidase	AG-899-A06_00879	4
CACAZW010000008.1	37354	38490	+	AG-899-A06_00884	AG-899-A06	378	OG0000932	NA	NA	NA	NA	NA	AG-899-A06_00879	5
CACBCM010000029.1	198	497	+	AG-899-D19_01282	AG-899-D19	99	OG0000405	NA	NA	COG0260	PepB	Leucyl aminopeptidase	AG-899-D19_01286	-4
CACBCM010000029.1	490	900	+	AG-899-D19_01283	AG-899-D19	136	OG0000480	K00940	nucleoside-diphosphate kinase [EC:2.7.4.6]	COG0105	Ndk	Nucleoside diphosphate kinase	AG-899-D19_01286	-3
CACBCM010000029.1	890	1477	-	AG-899-D19_01284	AG-899-D19	195	OG0000035	K11175	phosphoribosylglycinamide formyltransferase 1 [EC:2.1.2.2]	COG0299	PurN	Folate-dependent phosphoribosylglycinamide formyltransferase PurN	AG-899-D19_01286	-2
CACBCM010000029.1	1458	2480	-	AG-899-D19_01285	AG-899-D19	340	OG0000574	K01933	phosphoribosylformylglycinamidine cyclo-ligase [EC:6.3.3.1]	COG0150	PurM	Phosphoribosylaminoimidazole (AIR) synthetase	AG-899-D19_01286	-1
CACBCM010000029.1	2493	3566	+	AG-899-D19_01286	AG-899-D19	357	OG0000916	NA	NA	NA	NA	NA	AG-899-D19_01286	0
CACBDA010000003.1	121029	122483	+	AG-899-E14_00691	AG-899-E14	484	OG0000405	K01255	leucyl aminopeptidase [EC:3.4.11.1]	COG0260	PepB	Leucyl aminopeptidase	AG-899-E14_00696	-5
CACBDA010000003.1	122476	122886	+	AG-899-E14_00692	AG-899-E14	136	OG0000480	K00940	nucleoside-diphosphate kinase [EC:2.7.4.6]	COG0105	Ndk	Nucleoside diphosphate kinase	AG-899-E14_00696	-4
CACBDA010000003.1	122883	123317	-	AG-899-E14_00693	AG-899-E14	144	OG0000035	NA	NA	COG0299	PurN	Folate-dependent phosphoribosylglycinamide formyltransferase PurN	AG-899-E14_00696	-3
CACBDA010000003.1	123256	123447	-	AG-899-E14_00694	AG-899-E14	63	OG0000035	NA	NA	COG0299	PurN	Folate-dependent phosphoribosylglycinamide formyltransferase PurN	AG-899-E14_00696	-2
CACBDA010000003.1	123441	124460	-	AG-899-E14_00695	AG-899-E14	339	OG0000574	K01933	phosphoribosylformylglycinamidine cyclo-ligase [EC:6.3.3.1]	COG0150	PurM	Phosphoribosylaminoimidazole (AIR) synthetase	AG-899-E14_00696	-1
CACBDA010000003.1	124493	125539	+	AG-899-E14_00696	AG-899-E14	348	OG0000916	NA	NA	NA	NA	NA	AG-899-E14_00696	0
CACBDA010000003.1	125539	125691	+	AG-899-E14_00697	AG-899-E14	50	OG0000690	NA	NA	NA	NA	NA	AG-899-E14_00696	1
CACBDA010000003.1	125716	126192	+	AG-899-E14_00698	AG-899-E14	158	OG0000690	NA	NA	COG0593	DnaA	Chromosomal replication initiation ATPase DnaA	AG-899-E14_00696	2
CACBDA010000003.1	126193	127995	+	AG-899-E14_00699	AG-899-E14	600	OG0000189	K01876	aspartyl-tRNA synthetase [EC:6.1.1.12]	COG0173	AspS	Aspartyl-tRNA synthetase	AG-899-E14_00696	3
CACBDA010000003.1	127978	128799	-	AG-899-E14_00700	AG-899-E14	273	OG0000284	NA	NA	NA	NA	NA	AG-899-E14_00696	4
CACBDA010000003.1	128903	129232	+	AG-899-E14_00701	AG-899-E14	109	OG0000369	NA	NA	COG3761	NDUFA12	NADH:ubiquinone oxidoreductase NDUFA12 subunit (Leigh syndrome)	AG-899-E14_00696	5
CACBFJ010000001.1	66021	66422	-	AG-899-G02_00073	AG-899-G02	133	OG0000472	NA	NA	COG4765	NA	Uncharacterized conserved protein, DUF2155 domain	AG-899-G02_00078	-5
CACBFJ010000001.1	66391	66750	-	AG-899-G02_00074	AG-899-G02	119	OG0000369	NA	NA	COG3761	NDUFA12	NADH:ubiquinone oxidoreductase NDUFA12 subunit (Leigh syndrome)	AG-899-G02_00078	-4
CACBFJ010000001.1	66863	67687	+	AG-899-G02_00075	AG-899-G02	274	OG0000284	NA	NA	NA	NA	NA	AG-899-G02_00078	-3
CACBFJ010000001.1	67688	69472	-	AG-899-G02_00076	AG-899-G02	594	OG0000189	K01876	aspartyl-tRNA synthetase [EC:6.1.1.12]	COG0173	AspS	Aspartyl-tRNA synthetase	AG-899-G02_00078	-2
CACBFJ010000001.1	69473	70135	-	AG-899-G02_00077	AG-899-G02	220	OG0000690	NA	NA	COG0593	DnaA	Chromosomal replication initiation ATPase DnaA	AG-899-G02_00078	-1
CACBFJ010000001.1	70137	71216	-	AG-899-G02_00078	AG-899-G02	359	OG0000916	NA	NA	NA	NA	NA	AG-899-G02_00078	0
CACBFJ010000001.1	71228	72256	+	AG-899-G02_00079	AG-899-G02	342	OG0000574	K01933	phosphoribosylformylglycinamidine cyclo-ligase [EC:6.3.3.1]	COG0150	PurM	Phosphoribosylaminoimidazole (AIR) synthetase	AG-899-G02_00078	1
CACBFJ010000001.1	72210	72815	+	AG-899-G02_00080	AG-899-G02	201	OG0000035	K11175	phosphoribosylglycinamide formyltransferase 1 [EC:2.1.2.2]	COG0299	PurN	Folate-dependent phosphoribosylglycinamide formyltransferase PurN	AG-899-G02_00078	2
CACBFJ010000001.1	72805	73215	-	AG-899-G02_00081	AG-899-G02	136	OG0000480	K00940	nucleoside-diphosphate kinase [EC:2.7.4.6]	COG0105	Ndk	Nucleoside diphosphate kinase	AG-899-G02_00078	3
CACBFJ010000001.1	73208	74662	-	AG-899-G02_00082	AG-899-G02	484	OG0000405	K01255	leucyl aminopeptidase [EC:3.4.11.1]	COG0260	PepB	Leucyl aminopeptidase	AG-899-G02_00078	4
CACBFJ010000001.1	74745	75899	+	AG-899-G02_00083	AG-899-G02	384	OG0000932	NA	NA	COG0795	LptF	Lipopolysaccharide export LptBFGC system, permease protein LptF	AG-899-G02_00078	5
CACBHY010000003.1	159824	160228	-	AG-899-J02_00715	AG-899-J02	134	OG0000472	NA	NA	COG4765	NA	Uncharacterized conserved protein, DUF2155 domain	AG-899-J02_00720	-5
CACBHY010000003.1	160191	160550	-	AG-899-J02_00716	AG-899-J02	119	OG0000369	NA	NA	COG3761	NDUFA12	NADH:ubiquinone oxidoreductase NDUFA12 subunit (Leigh syndrome)	AG-899-J02_00720	-4
CACBHY010000003.1	160664	161488	+	AG-899-J02_00717	AG-899-J02	274	OG0000284	NA	NA	NA	NA	NA	AG-899-J02_00720	-3
CACBHY010000003.1	161492	163276	-	AG-899-J02_00718	AG-899-J02	594	OG0000189	K01876	aspartyl-tRNA synthetase [EC:6.1.1.12]	COG0173	AspS	Aspartyl-tRNA synthetase	AG-899-J02_00720	-2
CACBHY010000003.1	163277	163951	-	AG-899-J02_00719	AG-899-J02	224	OG0000690	NA	NA	COG0593	DnaA	Chromosomal replication initiation ATPase DnaA	AG-899-J02_00720	-1
CACBHY010000003.1	163936	165015	-	AG-899-J02_00720	AG-899-J02	359	OG0000916	NA	NA	NA	NA	NA	AG-899-J02_00720	0
CACBHY010000003.1	165027	166055	+	AG-899-J02_00721	AG-899-J02	342	OG0000574	K01933	phosphoribosylformylglycinamidine cyclo-ligase [EC:6.3.3.1]	COG0150	PurM	Phosphoribosylaminoimidazole (AIR) synthetase	AG-899-J02_00720	1
CACBHY010000003.1	166012	166614	+	AG-899-J02_00722	AG-899-J02	200	OG0000035	K11175	phosphoribosylglycinamide formyltransferase 1 [EC:2.1.2.2]	COG0299	PurN	Folate-dependent phosphoribosylglycinamide formyltransferase PurN	AG-899-J02_00720	2
CACBHY010000003.1	166604	167014	-	AG-899-J02_00723	AG-899-J02	136	OG0000480	K00940	nucleoside-diphosphate kinase [EC:2.7.4.6]	COG0105	Ndk	Nucleoside diphosphate kinase	AG-899-J02_00720	3
CACBHY010000003.1	167007	168461	-	AG-899-J02_00724	AG-899-J02	484	OG0000405	K01255	leucyl aminopeptidase [EC:3.4.11.1]	COG0260	PepB	Leucyl aminopeptidase	AG-899-J02_00720	4
CACBHY010000003.1	168520	169629	+	AG-899-J02_00725	AG-899-J02	369	OG0000932	NA	NA	COG0795	LptF	Lipopolysaccharide export LptBFGC system, permease protein LptF	AG-899-J02_00720	5
CACBIY010000001.1	135098	135505	-	AG-899-J23_00150	AG-899-J23	135	OG0000472	NA	NA	COG4765	NA	Uncharacterized conserved protein, DUF2155 domain	AG-899-J23_00155	-5
CACBIY010000001.1	135471	135830	-	AG-899-J23_00151	AG-899-J23	119	OG0000369	NA	NA	COG3761	NDUFA12	NADH:ubiquinone oxidoreductase NDUFA12 subunit (Leigh syndrome)	AG-899-J23_00155	-4
CACBIY010000001.1	135944	136768	+	AG-899-J23_00152	AG-899-J23	274	OG0000284	NA	NA	NA	NA	NA	AG-899-J23_00155	-3
CACBIY010000001.1	136769	138553	-	AG-899-J23_00153	AG-899-J23	594	OG0000189	K01876	aspartyl-tRNA synthetase [EC:6.1.1.12]	COG0173	AspS	Aspartyl-tRNA synthetase	AG-899-J23_00155	-2
CACBIY010000001.1	138554	139216	-	AG-899-J23_00154	AG-899-J23	220	OG0000690	NA	NA	COG0593	DnaA	Chromosomal replication initiation ATPase DnaA	AG-899-J23_00155	-1
CACBIY010000001.1	139213	140274	-	AG-899-J23_00155	AG-899-J23	353	OG0000916	NA	NA	NA	NA	NA	AG-899-J23_00155	0
CACBIY010000001.1	140298	141326	+	AG-899-J23_00156	AG-899-J23	342	OG0000574	K01933	phosphoribosylformylglycinamidine cyclo-ligase [EC:6.3.3.1]	COG0150	PurM	Phosphoribosylaminoimidazole (AIR) synthetase	AG-899-J23_00155	1
CACBIY010000001.1	141304	141885	+	AG-899-J23_00157	AG-899-J23	193	OG0000035	K11175	phosphoribosylglycinamide formyltransferase 1 [EC:2.1.2.2]	COG0299	PurN	Folate-dependent phosphoribosylglycinamide formyltransferase PurN	AG-899-J23_00155	2
CACBIY010000001.1	141875	142285	-	AG-899-J23_00158	AG-899-J23	136	OG0000480	K00940	nucleoside-diphosphate kinase [EC:2.7.4.6]	COG0105	Ndk	Nucleoside diphosphate kinase	AG-899-J23_00155	3
CACBIY010000001.1	142278	143732	-	AG-899-J23_00159	AG-899-J23	484	OG0000405	K01255	leucyl aminopeptidase [EC:3.4.11.1]	COG0260	PepB	Leucyl aminopeptidase	AG-899-J23_00155	4
CACBIY010000001.1	143793	144917	+	AG-899-J23_00160	AG-899-J23	374	OG0000932	NA	NA	COG0795	LptF	Lipopolysaccharide export LptBFGC system, permease protein LptF	AG-899-J23_00155	5
CACBLI010000002.1	98979	99386	-	AG-899-M07_00279	AG-899-M07	135	OG0000472	NA	NA	COG4765	NA	Uncharacterized conserved protein, DUF2155 domain	AG-899-M07_00284	-5
CACBLI010000002.1	99349	99708	-	AG-899-M07_00280	AG-899-M07	119	OG0000369	NA	NA	COG3761	NDUFA12	NADH:ubiquinone oxidoreductase NDUFA12 subunit (Leigh syndrome)	AG-899-M07_00284	-4
CACBLI010000002.1	99824	100645	+	AG-899-M07_00281	AG-899-M07	273	OG0000284	NA	NA	NA	NA	NA	AG-899-M07_00284	-3
CACBLI010000002.1	100647	102425	-	AG-899-M07_00282	AG-899-M07	592	OG0000189	K01876	aspartyl-tRNA synthetase [EC:6.1.1.12]	COG0173	AspS	Aspartyl-tRNA synthetase	AG-899-M07_00284	-2
CACBLI010000002.1	102426	103088	-	AG-899-M07_00283	AG-899-M07	220	OG0000690	NA	NA	COG0593	DnaA	Chromosomal replication initiation ATPase DnaA	AG-899-M07_00284	-1
CACBLI010000002.1	103085	104152	-	AG-899-M07_00284	AG-899-M07	355	OG0000916	NA	NA	NA	NA	NA	AG-899-M07_00284	0
CACBLI010000002.1	104167	105195	+	AG-899-M07_00285	AG-899-M07	342	OG0000574	K01933	phosphoribosylformylglycinamidine cyclo-ligase [EC:6.3.3.1]	COG0150	PurM	Phosphoribosylaminoimidazole (AIR) synthetase	AG-899-M07_00284	1
CACBLI010000002.1	105173	105754	+	AG-899-M07_00286	AG-899-M07	193	OG0000035	K11175	phosphoribosylglycinamide formyltransferase 1 [EC:2.1.2.2]	COG0299	PurN	Folate-dependent phosphoribosylglycinamide formyltransferase PurN	AG-899-M07_00284	2
CACBLI010000002.1	105744	106154	-	AG-899-M07_00287	AG-899-M07	136	OG0000480	K00940	nucleoside-diphosphate kinase [EC:2.7.4.6]	COG0105	Ndk	Nucleoside diphosphate kinase	AG-899-M07_00284	3
CACBLI010000002.1	106147	107604	-	AG-899-M07_00288	AG-899-M07	485	OG0000405	K01255	leucyl aminopeptidase [EC:3.4.11.1]	COG0260	PepB	Leucyl aminopeptidase	AG-899-M07_00284	4
CACBLI010000002.1	107697	108839	+	AG-899-M07_00289	AG-899-M07	380	OG0000932	NA	NA	COG0795	LptF	Lipopolysaccharide export LptBFGC system, permease protein LptF	AG-899-M07_00284	5
CACBMN010000001.1	11193	12305	-	AG-899-M19_00013	AG-899-M19	370	OG0000932	NA	NA	COG0795	LptF	Lipopolysaccharide export LptBFGC system, permease protein LptF	AG-899-M19_00018	-5
CACBMN010000001.1	12365	13813	+	AG-899-M19_00014	AG-899-M19	482	OG0000405	K01255	leucyl aminopeptidase [EC:3.4.11.1]	COG0260	PepB	Leucyl aminopeptidase	AG-899-M19_00018	-4
CACBMN010000001.1	13806	14216	+	AG-899-M19_00015	AG-899-M19	136	OG0000480	K00940	nucleoside-diphosphate kinase [EC:2.7.4.6]	COG0105	Ndk	Nucleoside diphosphate kinase	AG-899-M19_00018	-3
CACBMN010000001.1	14206	14787	-	AG-899-M19_00016	AG-899-M19	193	OG0000035	K11175	phosphoribosylglycinamide formyltransferase 1 [EC:2.1.2.2]	COG0299	PurN	Folate-dependent phosphoribosylglycinamide formyltransferase PurN	AG-899-M19_00018	-2
CACBMN010000001.1	14762	15793	-	AG-899-M19_00017	AG-899-M19	343	OG0000574	K01933	phosphoribosylformylglycinamidine cyclo-ligase [EC:6.3.3.1]	COG0150	PurM	Phosphoribosylaminoimidazole (AIR) synthetase	AG-899-M19_00018	-1
CACBMN010000001.1	15858	16877	+	AG-899-M19_00018	AG-899-M19	339	OG0000916	NA	NA	NA	NA	NA	AG-899-M19_00018	0
CACBMN010000001.1	16874	17530	+	AG-899-M19_00019	AG-899-M19	218	OG0000690	NA	NA	COG0593	DnaA	Chromosomal replication initiation ATPase DnaA	AG-899-M19_00018	1
CACBMN010000001.1	17537	19318	+	AG-899-M19_00020	AG-899-M19	593	OG0000189	K01876	aspartyl-tRNA synthetase [EC:6.1.1.12]	COG0173	AspS	Aspartyl-tRNA synthetase	AG-899-M19_00018	2
CACBMN010000001.1	19326	20168	-	AG-899-M19_00021	AG-899-M19	280	OG0000284	NA	NA	NA	NA	NA	AG-899-M19_00018	3
CACBMN010000001.1	20275	20634	+	AG-899-M19_00022	AG-899-M19	119	OG0000369	NA	NA	COG3761	NDUFA12	NADH:ubiquinone oxidoreductase NDUFA12 subunit (Leigh syndrome)	AG-899-M19_00018	4
CACBMN010000001.1	20597	21001	+	AG-899-M19_00023	AG-899-M19	134	OG0000472	NA	NA	COG4765	NA	Uncharacterized conserved protein, DUF2155 domain	AG-899-M19_00018	5
CACBNI010000015.1	2176	2580	-	AG-899-N21_01142	AG-899-N21	134	OG0000472	NA	NA	COG4765	NA	Uncharacterized conserved protein, DUF2155 domain	AG-899-N21_01147	-5
CACBNI010000015.1	2543	2902	-	AG-899-N21_01143	AG-899-N21	119	OG0000369	NA	NA	COG3761	NDUFA12	NADH:ubiquinone oxidoreductase NDUFA12 subunit (Leigh syndrome)	AG-899-N21_01147	-4
CACBNI010000015.1	3016	3840	+	AG-899-N21_01144	AG-899-N21	274	OG0000284	NA	NA	NA	NA	NA	AG-899-N21_01147	-3
CACBNI010000015.1	3844	5628	-	AG-899-N21_01145	AG-899-N21	594	OG0000189	K01876	aspartyl-tRNA synthetase [EC:6.1.1.12]	COG0173	AspS	Aspartyl-tRNA synthetase	AG-899-N21_01147	-2
CACBNI010000015.1	5629	6303	-	AG-899-N21_01146	AG-899-N21	224	OG0000690	NA	NA	COG0593	DnaA	Chromosomal replication initiation ATPase DnaA	AG-899-N21_01147	-1
CACBNI010000015.1	6288	7367	-	AG-899-N21_01147	AG-899-N21	359	OG0000916	NA	NA	NA	NA	NA	AG-899-N21_01147	0
CACBNI010000015.1	7379	8407	+	AG-899-N21_01148	AG-899-N21	342	OG0000574	K01933	phosphoribosylformylglycinamidine cyclo-ligase [EC:6.3.3.1]	COG0150	PurM	Phosphoribosylaminoimidazole (AIR) synthetase	AG-899-N21_01147	1
CACBNI010000015.1	8385	8966	+	AG-899-N21_01149	AG-899-N21	193	OG0000035	K11175	phosphoribosylglycinamide formyltransferase 1 [EC:2.1.2.2]	COG0299	PurN	Folate-dependent phosphoribosylglycinamide formyltransferase PurN	AG-899-N21_01147	2
CACBNI010000015.1	8956	9366	-	AG-899-N21_01150	AG-899-N21	136	OG0000480	K00940	nucleoside-diphosphate kinase [EC:2.7.4.6]	COG0105	Ndk	Nucleoside diphosphate kinase	AG-899-N21_01147	3
CACBNI010000015.1	9359	10867	-	AG-899-N21_01151	AG-899-N21	502	OG0000405	K01255	leucyl aminopeptidase [EC:3.4.11.1]	COG0260	PepB	Leucyl aminopeptidase	AG-899-N21_01147	4
CACBNI010000015.1	10874	12022	+	AG-899-N21_01152	AG-899-N21	382	OG0000932	NA	NA	COG0795	LptF	Lipopolysaccharide export LptBFGC system, permease protein LptF	AG-899-N21_01147	5
CACBNN010000003.1	24120	25238	-	AG-899-O02_00342	AG-899-O02	372	OG0000932	NA	NA	COG0795	LptF	Lipopolysaccharide export LptBFGC system, permease protein LptF	AG-899-O02_00347	-5
CACBNN010000003.1	25279	26799	+	AG-899-O02_00343	AG-899-O02	506	OG0000405	K01255	leucyl aminopeptidase [EC:3.4.11.1]	COG0260	PepB	Leucyl aminopeptidase	AG-899-O02_00347	-4
CACBNN010000003.1	26799	27221	+	AG-899-O02_00344	AG-899-O02	140	OG0000480	K00940	nucleoside-diphosphate kinase [EC:2.7.4.6]	COG0105	Ndk	Nucleoside diphosphate kinase	AG-899-O02_00347	-3
CACBNN010000003.1	27211	27783	-	AG-899-O02_00345	AG-899-O02	190	OG0000035	K11175	phosphoribosylglycinamide formyltransferase 1 [EC:2.1.2.2]	COG0299	PurN	Folate-dependent phosphoribosylglycinamide formyltransferase PurN	AG-899-O02_00347	-2
CACBNN010000003.1	27776	28819	-	AG-899-O02_00346	AG-899-O02	347	OG0000574	K01933	phosphoribosylformylglycinamidine cyclo-ligase [EC:6.3.3.1]	COG0150	PurM	Phosphoribosylaminoimidazole (AIR) synthetase	AG-899-O02_00347	-1
CACBNN010000003.1	28835	29914	+	AG-899-O02_00347	AG-899-O02	359	OG0000916	NA	NA	NA	NA	NA	AG-899-O02_00347	0
CACBNN010000003.1	29907	30452	+	AG-899-O02_00348	AG-899-O02	181	OG0000149	NA	NA	COG0558	PgsA	Phosphatidylglycerophosphate synthase	AG-899-O02_00347	1
CACBNN010000003.1	30453	31100	+	AG-899-O02_00349	AG-899-O02	215	OG0000690	NA	NA	COG0593	DnaA	Chromosomal replication initiation ATPase DnaA	AG-899-O02_00347	2
CACBNN010000003.1	31078	31911	-	AG-899-O02_00350	AG-899-O02	277	OG0000122	K03684	ribonuclease D [EC:3.1.13.5]	COG0349	Rnd	Ribonuclease D, nanoRNase NrnC or deoxydinuclease (diDNase)	AG-899-O02_00347	3
CACBNN010000003.1	31945	33741	+	AG-899-O02_00351	AG-899-O02	598	OG0000189	K01876	aspartyl-tRNA synthetase [EC:6.1.1.12]	COG0173	AspS	Aspartyl-tRNA synthetase	AG-899-O02_00347	4
CACBNN010000003.1	33743	37327	-	AG-899-O02_00352	AG-899-O02	1194	OG0000284	K00525	ribonucleoside-diphosphate reductase alpha chain [EC:1.17.4.1]	COG0209	NrdA	Ribonucleotide reductase alpha subunit	AG-899-O02_00347	5
CACBYP010000005.1	17942	18349	-	AG-900-I13_00801	AG-900-I13	135	OG0000472	NA	NA	COG4765	NA	Uncharacterized conserved protein, DUF2155 domain	AG-900-I13_00806	-5
CACBYP010000005.1	18312	18668	-	AG-900-I13_00802	AG-900-I13	118	OG0000369	NA	NA	COG3761	NDUFA12	NADH:ubiquinone oxidoreductase NDUFA12 subunit (Leigh syndrome)	AG-900-I13_00806	-4
CACBYP010000005.1	18777	19598	+	AG-900-I13_00803	AG-900-I13	273	OG0000284	NA	NA	NA	NA	NA	AG-900-I13_00806	-3
CACBYP010000005.1	19599	21380	-	AG-900-I13_00804	AG-900-I13	593	OG0000189	K01876	aspartyl-tRNA synthetase [EC:6.1.1.12]	COG0173	AspS	Aspartyl-tRNA synthetase	AG-900-I13_00806	-2
CACBYP010000005.1	21377	22036	-	AG-900-I13_00805	AG-900-I13	219	OG0000690	NA	NA	COG0593	DnaA	Chromosomal replication initiation ATPase DnaA	AG-900-I13_00806	-1
CACBYP010000005.1	22033	23109	-	AG-900-I13_00806	AG-900-I13	358	OG0000916	NA	NA	NA	NA	NA	AG-900-I13_00806	0
CACBYP010000005.1	23119	24141	+	AG-900-I13_00807	AG-900-I13	340	OG0000574	K01933	phosphoribosylformylglycinamidine cyclo-ligase [EC:6.3.3.1]	COG0150	PurM	Phosphoribosylaminoimidazole (AIR) synthetase	AG-900-I13_00806	1
CACBYP010000005.1	24122	24700	+	AG-900-I13_00808	AG-900-I13	192	OG0000035	K11175	phosphoribosylglycinamide formyltransferase 1 [EC:2.1.2.2]	COG0299	PurN	Folate-dependent phosphoribosylglycinamide formyltransferase PurN	AG-900-I13_00806	2
CACBYP010000005.1	24690	25100	-	AG-900-I13_00809	AG-900-I13	136	OG0000480	K00940	nucleoside-diphosphate kinase [EC:2.7.4.6]	COG0105	Ndk	Nucleoside diphosphate kinase	AG-900-I13_00806	3
CACBYP010000005.1	25093	26532	-	AG-900-I13_00810	AG-900-I13	479	OG0000405	K01255	leucyl aminopeptidase [EC:3.4.11.1]	COG0260	PepB	Leucyl aminopeptidase	AG-900-I13_00806	4
CACBYP010000005.1	26587	27717	+	AG-900-I13_00811	AG-900-I13	376	OG0000932	NA	NA	COG0795	LptF	Lipopolysaccharide export LptBFGC system, permease protein LptF	AG-900-I13_00806	5
CACBYV010000005.1	3601	4731	-	AG-900-I19_00608	AG-900-I19	376	OG0000932	NA	NA	COG0795	LptF	Lipopolysaccharide export LptBFGC system, permease protein LptF	AG-900-I19_00613	-5
CACBYV010000005.1	4786	6222	+	AG-900-I19_00609	AG-900-I19	478	OG0000405	K01255	leucyl aminopeptidase [EC:3.4.11.1]	COG0260	PepB	Leucyl aminopeptidase	AG-900-I19_00613	-4
CACBYV010000005.1	6215	6625	+	AG-900-I19_00610	AG-900-I19	136	OG0000480	K00940	nucleoside-diphosphate kinase [EC:2.7.4.6]	COG0105	Ndk	Nucleoside diphosphate kinase	AG-900-I19_00613	-3
CACBYV010000005.1	6615	7193	-	AG-900-I19_00611	AG-900-I19	192	OG0000035	K11175	phosphoribosylglycinamide formyltransferase 1 [EC:2.1.2.2]	COG0299	PurN	Folate-dependent phosphoribosylglycinamide formyltransferase PurN	AG-900-I19_00613	-2
CACBYV010000005.1	7174	8196	-	AG-900-I19_00612	AG-900-I19	340	OG0000574	K01933	phosphoribosylformylglycinamidine cyclo-ligase [EC:6.3.3.1]	COG0150	PurM	Phosphoribosylaminoimidazole (AIR) synthetase	AG-900-I19_00613	-1
CACBYV010000005.1	8206	9282	+	AG-900-I19_00613	AG-900-I19	358	OG0000916	NA	NA	NA	NA	NA	AG-900-I19_00613	0
CACBYV010000005.1	9279	9938	+	AG-900-I19_00614	AG-900-I19	219	OG0000690	NA	NA	COG0593	DnaA	Chromosomal replication initiation ATPase DnaA	AG-900-I19_00613	1
CACBYV010000005.1	9935	11716	+	AG-900-I19_00615	AG-900-I19	593	OG0000189	K01876	aspartyl-tRNA synthetase [EC:6.1.1.12]	COG0173	AspS	Aspartyl-tRNA synthetase	AG-900-I19_00613	2
CACBYV010000005.1	11717	12538	-	AG-900-I19_00616	AG-900-I19	273	OG0000284	NA	NA	NA	NA	NA	AG-900-I19_00613	3
CACBYV010000005.1	12645	12995	+	AG-900-I19_00617	AG-900-I19	116	OG0000369	NA	NA	COG3761	NDUFA12	NADH:ubiquinone oxidoreductase NDUFA12 subunit (Leigh syndrome)	AG-900-I19_00613	4
CACBYV010000005.1	12958	13365	+	AG-900-I19_00618	AG-900-I19	135	OG0000472	NA	NA	COG4765	NA	Uncharacterized conserved protein, DUF2155 domain	AG-900-I19_00613	5
CACCBF010000003.1	133854	134996	-	AG-900-K21_00604	AG-900-K21	380	OG0000932	NA	NA	COG0795	LptF	Lipopolysaccharide export LptBFGC system, permease protein LptF	AG-900-K21_00609	-5
CACCBF010000003.1	135079	136533	+	AG-900-K21_00605	AG-900-K21	484	OG0000405	K01255	leucyl aminopeptidase [EC:3.4.11.1]	COG0260	PepB	Leucyl aminopeptidase	AG-900-K21_00609	-4
CACCBF010000003.1	136526	136936	+	AG-900-K21_00606	AG-900-K21	136	OG0000480	K00940	nucleoside-diphosphate kinase [EC:2.7.4.6]	COG0105	Ndk	Nucleoside diphosphate kinase	AG-900-K21_00609	-3
CACCBF010000003.1	136926	137507	-	AG-900-K21_00607	AG-900-K21	193	OG0000035	K11175	phosphoribosylglycinamide formyltransferase 1 [EC:2.1.2.2]	COG0299	PurN	Folate-dependent phosphoribosylglycinamide formyltransferase PurN	AG-900-K21_00609	-2
CACCBF010000003.1	137485	138513	-	AG-900-K21_00608	AG-900-K21	342	OG0000574	K01933	phosphoribosylformylglycinamidine cyclo-ligase [EC:6.3.3.1]	COG0150	PurM	Phosphoribosylaminoimidazole (AIR) synthetase	AG-900-K21_00609	-1
CACCBF010000003.1	138525	139604	+	AG-900-K21_00609	AG-900-K21	359	OG0000916	NA	NA	NA	NA	NA	AG-900-K21_00609	0
CACCBF010000003.1	139615	140268	+	AG-900-K21_00610	AG-900-K21	217	OG0000690	NA	NA	COG0593	DnaA	Chromosomal replication initiation ATPase DnaA	AG-900-K21_00609	1
CACCBF010000003.1	140269	142053	+	AG-900-K21_00611	AG-900-K21	594	OG0000189	K01876	aspartyl-tRNA synthetase [EC:6.1.1.12]	COG0173	AspS	Aspartyl-tRNA synthetase	AG-900-K21_00609	2
CACCBF010000003.1	142054	142878	-	AG-900-K21_00612	AG-900-K21	274	OG0000284	NA	NA	NA	NA	NA	AG-900-K21_00609	3
CACCBF010000003.1	142993	143352	+	AG-900-K21_00613	AG-900-K21	119	OG0000369	NA	NA	COG3761	NDUFA12	NADH:ubiquinone oxidoreductase NDUFA12 subunit (Leigh syndrome)	AG-900-K21_00609	4
CACCBF010000003.1	143321	143722	+	AG-900-K21_00614	AG-900-K21	133	OG0000472	NA	NA	COG4765	NA	Uncharacterized conserved protein, DUF2155 domain	AG-900-K21_00609	5
CACCCN010000004.1	65069	66166	-	AG-900-M14_00812	AG-900-M14	365	OG0000932	NA	NA	COG0795	LptF	Lipopolysaccharide export LptBFGC system, permease protein LptF	AG-900-M14_00817	-5
CACCCN010000004.1	66212	67714	+	AG-900-M14_00813	AG-900-M14	500	OG0000405	K01255	leucyl aminopeptidase [EC:3.4.11.1]	COG0260	PepB	Leucyl aminopeptidase	AG-900-M14_00817	-4
CACCCN010000004.1	67717	68139	+	AG-900-M14_00814	AG-900-M14	140	OG0000480	K00940	nucleoside-diphosphate kinase [EC:2.7.4.6]	COG0105	Ndk	Nucleoside diphosphate kinase	AG-900-M14_00817	-3
CACCCN010000004.1	68143	68709	-	AG-900-M14_00815	AG-900-M14	188	OG0000035	K11175	phosphoribosylglycinamide formyltransferase 1 [EC:2.1.2.2]	COG0299	PurN	Folate-dependent phosphoribosylglycinamide formyltransferase PurN	AG-900-M14_00817	-2
CACCCN010000004.1	68706	69758	-	AG-900-M14_00816	AG-900-M14	350	OG0000574	K01933	phosphoribosylformylglycinamidine cyclo-ligase [EC:6.3.3.1]	COG0150	PurM	Phosphoribosylaminoimidazole (AIR) synthetase	AG-900-M14_00817	-1
CACCCN010000004.1	69793	70857	+	AG-900-M14_00817	AG-900-M14	354	OG0000916	NA	NA	NA	NA	NA	AG-900-M14_00817	0
CACCCN010000004.1	70857	71399	+	AG-900-M14_00818	AG-900-M14	180	OG0000149	NA	NA	COG0558	PgsA	Phosphatidylglycerophosphate synthase	AG-900-M14_00817	1
CACCND010000006.1	100	1062	+	AG-901-G03_00856	AG-901-G03	320	OG0000405	K01255	leucyl aminopeptidase [EC:3.4.11.1]	COG0260	PepB	Leucyl aminopeptidase	AG-901-G03_00860	-4
CACCND010000006.1	1062	1484	+	AG-901-G03_00857	AG-901-G03	140	OG0000480	K00940	nucleoside-diphosphate kinase [EC:2.7.4.6]	COG0105	Ndk	Nucleoside diphosphate kinase	AG-901-G03_00860	-3
CACCND010000006.1	1474	2046	-	AG-901-G03_00858	AG-901-G03	190	OG0000035	K11175	phosphoribosylglycinamide formyltransferase 1 [EC:2.1.2.2]	COG0299	PurN	Folate-dependent phosphoribosylglycinamide formyltransferase PurN	AG-901-G03_00860	-2
CACCND010000006.1	2039	3082	-	AG-901-G03_00859	AG-901-G03	347	OG0000574	K01933	phosphoribosylformylglycinamidine cyclo-ligase [EC:6.3.3.1]	COG0150	PurM	Phosphoribosylaminoimidazole (AIR) synthetase	AG-901-G03_00860	-1
CACCND010000006.1	3098	4180	+	AG-901-G03_00860	AG-901-G03	360	OG0000916	NA	NA	NA	NA	NA	AG-901-G03_00860	0
CACCND010000006.1	4170	4715	+	AG-901-G03_00861	AG-901-G03	181	OG0000149	NA	NA	COG0558	PgsA	Phosphatidylglycerophosphate synthase	AG-901-G03_00860	1
CACCND010000006.1	4720	5376	+	AG-901-G03_00862	AG-901-G03	218	OG0000690	NA	NA	COG0593	DnaA	Chromosomal replication initiation ATPase DnaA	AG-901-G03_00860	2
CACCND010000006.1	5348	6178	-	AG-901-G03_00863	AG-901-G03	276	OG0000122	K03684	ribonuclease D [EC:3.1.13.5]	COG0349	Rnd	Ribonuclease D, nanoRNase NrnC or deoxydinuclease (diDNase)	AG-901-G03_00860	3
CACCND010000006.1	6212	8008	+	AG-901-G03_00864	AG-901-G03	598	OG0000189	K01876	aspartyl-tRNA synthetase [EC:6.1.1.12]	COG0173	AspS	Aspartyl-tRNA synthetase	AG-901-G03_00860	4
CACCND010000006.1	8010	11594	-	AG-901-G03_00865	AG-901-G03	1194	OG0000284	K00525	ribonucleoside-diphosphate reductase alpha chain [EC:1.17.4.1]	COG0209	NrdA	Ribonucleotide reductase alpha subunit	AG-901-G03_00860	5
CACCOB010000001.1	299709	300857	-	AG-901-I06_00308	AG-901-I06	382	OG0000932	NA	NA	COG0795	LptF	Lipopolysaccharide export LptBFGC system, permease protein LptF	AG-901-I06_00313	-5
CACCOB010000001.1	300912	302351	+	AG-901-I06_00309	AG-901-I06	479	OG0000405	K01255	leucyl aminopeptidase [EC:3.4.11.1]	COG0260	PepB	Leucyl aminopeptidase	AG-901-I06_00313	-4
CACCOB010000001.1	302344	302754	+	AG-901-I06_00310	AG-901-I06	136	OG0000480	K00940	nucleoside-diphosphate kinase [EC:2.7.4.6]	COG0105	Ndk	Nucleoside diphosphate kinase	AG-901-I06_00313	-3
CACCOB010000001.1	302744	303322	-	AG-901-I06_00311	AG-901-I06	192	OG0000035	K11175	phosphoribosylglycinamide formyltransferase 1 [EC:2.1.2.2]	COG0299	PurN	Folate-dependent phosphoribosylglycinamide formyltransferase PurN	AG-901-I06_00313	-2
CACCOB010000001.1	303303	304325	-	AG-901-I06_00312	AG-901-I06	340	OG0000574	K01933	phosphoribosylformylglycinamidine cyclo-ligase [EC:6.3.3.1]	COG0150	PurM	Phosphoribosylaminoimidazole (AIR) synthetase	AG-901-I06_00313	-1
CACCOB010000001.1	304337	305413	+	AG-901-I06_00313	AG-901-I06	358	OG0000916	NA	NA	NA	NA	NA	AG-901-I06_00313	0
CACCOB010000001.1	305410	306066	+	AG-901-I06_00314	AG-901-I06	218	OG0000690	NA	NA	COG0593	DnaA	Chromosomal replication initiation ATPase DnaA	AG-901-I06_00313	1
CACCOB010000001.1	306068	307852	+	AG-901-I06_00315	AG-901-I06	594	OG0000189	K01876	aspartyl-tRNA synthetase [EC:6.1.1.12]	COG0173	AspS	Aspartyl-tRNA synthetase	AG-901-I06_00313	2
CACCOB010000001.1	307856	308677	-	AG-901-I06_00316	AG-901-I06	273	OG0000284	NA	NA	NA	NA	NA	AG-901-I06_00313	3
CACCOB010000001.1	308794	309153	+	AG-901-I06_00317	AG-901-I06	119	OG0000369	NA	NA	COG3761	NDUFA12	NADH:ubiquinone oxidoreductase NDUFA12 subunit (Leigh syndrome)	AG-901-I06_00313	4
CACCOB010000001.1	309116	309520	+	AG-901-I06_00318	AG-901-I06	134	OG0000472	NA	NA	COG4765	NA	Uncharacterized conserved protein, DUF2155 domain	AG-901-I06_00313	5
CACCXN010000002.1	3658	4794	-	AG-903-C11_00262	AG-903-C11	378	OG0000932	NA	NA	COG0795	LptF	Lipopolysaccharide export LptBFGC system, permease protein LptF	AG-903-C11_00267	-5
CACCXN010000002.1	4849	6285	+	AG-903-C11_00263	AG-903-C11	478	OG0000405	K01255	leucyl aminopeptidase [EC:3.4.11.1]	COG0260	PepB	Leucyl aminopeptidase	AG-903-C11_00267	-4
CACCXN010000002.1	6278	6688	+	AG-903-C11_00264	AG-903-C11	136	OG0000480	K00940	nucleoside-diphosphate kinase [EC:2.7.4.6]	COG0105	Ndk	Nucleoside diphosphate kinase	AG-903-C11_00267	-3
CACCXN010000002.1	6678	7256	-	AG-903-C11_00265	AG-903-C11	192	OG0000035	K11175	phosphoribosylglycinamide formyltransferase 1 [EC:2.1.2.2]	COG0299	PurN	Folate-dependent phosphoribosylglycinamide formyltransferase PurN	AG-903-C11_00267	-2
CACCXN010000002.1	7237	8259	-	AG-903-C11_00266	AG-903-C11	340	OG0000574	K01933	phosphoribosylformylglycinamidine cyclo-ligase [EC:6.3.3.1]	COG0150	PurM	Phosphoribosylaminoimidazole (AIR) synthetase	AG-903-C11_00267	-1
CACCXN010000002.1	8474	9346	+	AG-903-C11_00267	AG-903-C11	290	OG0000916	NA	NA	NA	NA	NA	AG-903-C11_00267	0
CACCXN010000002.1	9343	10002	+	AG-903-C11_00268	AG-903-C11	219	OG0000690	NA	NA	COG0593	DnaA	Chromosomal replication initiation ATPase DnaA	AG-903-C11_00267	1
CACCXN010000002.1	9999	11780	+	AG-903-C11_00269	AG-903-C11	593	OG0000189	K01876	aspartyl-tRNA synthetase [EC:6.1.1.12]	COG0173	AspS	Aspartyl-tRNA synthetase	AG-903-C11_00267	2
CACCXN010000002.1	11781	12602	-	AG-903-C11_00270	AG-903-C11	273	OG0000284	NA	NA	NA	NA	NA	AG-903-C11_00267	3
CACCXN010000002.1	12711	13067	+	AG-903-C11_00271	AG-903-C11	118	OG0000369	NA	NA	COG3761	NDUFA12	NADH:ubiquinone oxidoreductase NDUFA12 subunit (Leigh syndrome)	AG-903-C11_00267	4
CACCXN010000002.1	13030	13437	+	AG-903-C11_00272	AG-903-C11	135	OG0000472	NA	NA	COG4765	NA	Uncharacterized conserved protein, DUF2155 domain	AG-903-C11_00267	5
CACCXO010000002.1	93676	94821	-	AG-903-D02_00392	AG-903-D02	381	OG0000932	NA	NA	COG0795	LptF	Lipopolysaccharide export LptBFGC system, permease protein LptF	AG-903-D02_00397	-5
CACCXO010000002.1	94882	96336	+	AG-903-D02_00393	AG-903-D02	484	OG0000405	K01255	leucyl aminopeptidase [EC:3.4.11.1]	COG0260	PepB	Leucyl aminopeptidase	AG-903-D02_00397	-4
CACCXO010000002.1	96329	96739	+	AG-903-D02_00394	AG-903-D02	136	OG0000480	K00940	nucleoside-diphosphate kinase [EC:2.7.4.6]	COG0105	Ndk	Nucleoside diphosphate kinase	AG-903-D02_00397	-3
CACCXO010000002.1	96729	97310	-	AG-903-D02_00395	AG-903-D02	193	OG0000035	K11175	phosphoribosylglycinamide formyltransferase 1 [EC:2.1.2.2]	COG0299	PurN	Folate-dependent phosphoribosylglycinamide formyltransferase PurN	AG-903-D02_00397	-2
CACCXO010000002.1	97288	98316	-	AG-903-D02_00396	AG-903-D02	342	OG0000574	K01933	phosphoribosylformylglycinamidine cyclo-ligase [EC:6.3.3.1]	COG0150	PurM	Phosphoribosylaminoimidazole (AIR) synthetase	AG-903-D02_00397	-1
CACCXO010000002.1	98328	99407	+	AG-903-D02_00397	AG-903-D02	359	OG0000916	NA	NA	NA	NA	NA	AG-903-D02_00397	0
CACCXO010000002.1	99392	100066	+	AG-903-D02_00398	AG-903-D02	224	OG0000690	NA	NA	COG0593	DnaA	Chromosomal replication initiation ATPase DnaA	AG-903-D02_00397	1
CACCXO010000002.1	100067	101851	+	AG-903-D02_00399	AG-903-D02	594	OG0000189	K01876	aspartyl-tRNA synthetase [EC:6.1.1.12]	COG0173	AspS	Aspartyl-tRNA synthetase	AG-903-D02_00397	2
CACCXO010000002.1	101855	102679	-	AG-903-D02_00400	AG-903-D02	274	OG0000284	NA	NA	NA	NA	NA	AG-903-D02_00397	3
CACCXO010000002.1	102793	103152	+	AG-903-D02_00401	AG-903-D02	119	OG0000369	NA	NA	COG3761	NDUFA12	NADH:ubiquinone oxidoreductase NDUFA12 subunit (Leigh syndrome)	AG-903-D02_00397	4
CACCXO010000002.1	103115	103519	+	AG-903-D02_00402	AG-903-D02	134	OG0000472	NA	NA	COG4765	NA	Uncharacterized conserved protein, DUF2155 domain	AG-903-D02_00397	5
CACDEB010000002.1	230701	231102	-	AG-903-K07_00766	AG-903-K07	133	OG0000472	NA	NA	COG4765	NA	Uncharacterized conserved protein, DUF2155 domain	AG-903-K07_00771	-5
CACDEB010000002.1	231068	231424	-	AG-903-K07_00767	AG-903-K07	118	OG0000369	NA	NA	COG3761	NDUFA12	NADH:ubiquinone oxidoreductase NDUFA12 subunit (Leigh syndrome)	AG-903-K07_00771	-4
CACDEB010000002.1	231534	232364	+	AG-903-K07_00768	AG-903-K07	276	OG0000284	NA	NA	NA	NA	NA	AG-903-K07_00771	-3
CACDEB010000002.1	232365	234152	-	AG-903-K07_00769	AG-903-K07	595	OG0000189	K01876	aspartyl-tRNA synthetase [EC:6.1.1.12]	COG0173	AspS	Aspartyl-tRNA synthetase	AG-903-K07_00771	-2
CACDEB010000002.1	234149	234829	-	AG-903-K07_00770	AG-903-K07	226	OG0000690	NA	NA	COG0593	DnaA	Chromosomal replication initiation ATPase DnaA	AG-903-K07_00771	-1
CACDEB010000002.1	234814	235890	-	AG-903-K07_00771	AG-903-K07	358	OG0000916	NA	NA	NA	NA	NA	AG-903-K07_00771	0
CACDEB010000002.1	235899	236924	+	AG-903-K07_00772	AG-903-K07	341	OG0000574	K01933	phosphoribosylformylglycinamidine cyclo-ligase [EC:6.3.3.1]	COG0150	PurM	Phosphoribosylaminoimidazole (AIR) synthetase	AG-903-K07_00771	1
CACDEB010000002.1	236926	237495	+	AG-903-K07_00773	AG-903-K07	189	OG0000035	K11175	phosphoribosylglycinamide formyltransferase 1 [EC:2.1.2.2]	COG0299	PurN	Folate-dependent phosphoribosylglycinamide formyltransferase PurN	AG-903-K07_00771	2
CACDEB010000002.1	237485	237895	-	AG-903-K07_00774	AG-903-K07	136	OG0000480	K00940	nucleoside-diphosphate kinase [EC:2.7.4.6]	COG0105	Ndk	Nucleoside diphosphate kinase	AG-903-K07_00771	3
CACDEB010000002.1	237888	239360	-	AG-903-K07_00775	AG-903-K07	490	OG0000405	K01255	leucyl aminopeptidase [EC:3.4.11.1]	COG0260	PepB	Leucyl aminopeptidase	AG-903-K07_00771	4
CACDEB010000002.1	239417	240559	+	AG-903-K07_00776	AG-903-K07	380	OG0000932	NA	NA	COG0795	LptF	Lipopolysaccharide export LptBFGC system, permease protein LptF	AG-903-K07_00771	5
CACDFI010000007.1	35312	36460	-	AG-903-L07_01155	AG-903-L07	382	OG0000932	NA	NA	COG0795	LptF	Lipopolysaccharide export LptBFGC system, permease protein LptF	AG-903-L07_01160	-5
CACDFI010000007.1	36515	37951	+	AG-903-L07_01156	AG-903-L07	478	OG0000405	K01255	leucyl aminopeptidase [EC:3.4.11.1]	COG0260	PepB	Leucyl aminopeptidase	AG-903-L07_01160	-4
CACDFI010000007.1	37944	38354	+	AG-903-L07_01157	AG-903-L07	136	OG0000480	K00940	nucleoside-diphosphate kinase [EC:2.7.4.6]	COG0105	Ndk	Nucleoside diphosphate kinase	AG-903-L07_01160	-3
CACDFI010000007.1	38344	38922	-	AG-903-L07_01158	AG-903-L07	192	OG0000035	K11175	phosphoribosylglycinamide formyltransferase 1 [EC:2.1.2.2]	COG0299	PurN	Folate-dependent phosphoribosylglycinamide formyltransferase PurN	AG-903-L07_01160	-2
CACDFI010000007.1	38903	39925	-	AG-903-L07_01159	AG-903-L07	340	OG0000574	K01933	phosphoribosylformylglycinamidine cyclo-ligase [EC:6.3.3.1]	COG0150	PurM	Phosphoribosylaminoimidazole (AIR) synthetase	AG-903-L07_01160	-1
CACDFI010000007.1	39937	41013	+	AG-903-L07_01160	AG-903-L07	358	OG0000916	NA	NA	NA	NA	NA	AG-903-L07_01160	0
CACDFI010000007.1	41010	41666	+	AG-903-L07_01161	AG-903-L07	218	OG0000690	NA	NA	COG0593	DnaA	Chromosomal replication initiation ATPase DnaA	AG-903-L07_01160	1
CACDFI010000007.1	41668	43452	+	AG-903-L07_01162	AG-903-L07	594	OG0000189	K01876	aspartyl-tRNA synthetase [EC:6.1.1.12]	COG0173	AspS	Aspartyl-tRNA synthetase	AG-903-L07_01160	2
CACDFI010000007.1	43453	44277	-	AG-903-L07_01163	AG-903-L07	274	OG0000284	NA	NA	NA	NA	NA	AG-903-L07_01160	3
CACDFI010000007.1	44395	44754	+	AG-903-L07_01164	AG-903-L07	119	OG0000369	NA	NA	COG3761	NDUFA12	NADH:ubiquinone oxidoreductase NDUFA12 subunit (Leigh syndrome)	AG-903-L07_01160	4
CACDFI010000007.1	44717	45121	+	AG-903-L07_01165	AG-903-L07	134	OG0000472	NA	NA	COG4765	NA	Uncharacterized conserved protein, DUF2155 domain	AG-903-L07_01160	5
CACDGO010000003.1	2120	2647	-	AG-903-M21_00541	AG-903-M21	175	OG0000472	NA	NA	COG4765	NA	Uncharacterized conserved protein, DUF2155 domain	AG-903-M21_00546	-5
CACDGO010000003.1	2613	2966	-	AG-903-M21_00542	AG-903-M21	117	OG0000369	NA	NA	COG3761	NDUFA12	NADH:ubiquinone oxidoreductase NDUFA12 subunit (Leigh syndrome)	AG-903-M21_00546	-4
CACDGO010000003.1	3066	3884	+	AG-903-M21_00543	AG-903-M21	272	OG0000284	NA	NA	NA	NA	NA	AG-903-M21_00546	-3
CACDGO010000003.1	3881	5671	-	AG-903-M21_00544	AG-903-M21	596	OG0000189	K01876	aspartyl-tRNA synthetase [EC:6.1.1.12]	COG0173	AspS	Aspartyl-tRNA synthetase	AG-903-M21_00546	-2
CACDGO010000003.1	5671	6327	-	AG-903-M21_00545	AG-903-M21	218	OG0000690	NA	NA	COG0593	DnaA	Chromosomal replication initiation ATPase DnaA	AG-903-M21_00546	-1
CACDGO010000003.1	6324	7373	-	AG-903-M21_00546	AG-903-M21	349	OG0000916	NA	NA	NA	NA	NA	AG-903-M21_00546	0
CACDGO010000003.1	7398	8426	+	AG-903-M21_00547	AG-903-M21	342	OG0000574	K01933	phosphoribosylformylglycinamidine cyclo-ligase [EC:6.3.3.1]	COG0150	PurM	Phosphoribosylaminoimidazole (AIR) synthetase	AG-903-M21_00546	1
CACDGO010000003.1	8420	8983	+	AG-903-M21_00548	AG-903-M21	187	OG0000035	K11175	phosphoribosylglycinamide formyltransferase 1 [EC:2.1.2.2]	COG0299	PurN	Folate-dependent phosphoribosylglycinamide formyltransferase PurN	AG-903-M21_00546	2
CACDGO010000003.1	8980	9390	-	AG-903-M21_00549	AG-903-M21	136	OG0000480	K00940	nucleoside-diphosphate kinase [EC:2.7.4.6]	COG0105	Ndk	Nucleoside diphosphate kinase	AG-903-M21_00546	3
CACDGO010000003.1	9383	10840	-	AG-903-M21_00550	AG-903-M21	485	OG0000405	K01255	leucyl aminopeptidase [EC:3.4.11.1]	COG0260	PepB	Leucyl aminopeptidase	AG-903-M21_00546	4
CACDGO010000003.1	10971	12095	+	AG-903-M21_00551	AG-903-M21	374	OG0000932	NA	NA	COG0795	LptF	Lipopolysaccharide export LptBFGC system, permease protein LptF	AG-903-M21_00546	5
CACDIC010000002.1	79079	80215	-	AG-903-O08_00253	AG-903-O08	378	OG0000932	NA	NA	COG0795	LptF	Lipopolysaccharide export LptBFGC system, permease protein LptF	AG-903-O08_00258	-5
CACDIC010000002.1	80298	81767	+	AG-903-O08_00254	AG-903-O08	489	OG0000405	K01255	leucyl aminopeptidase [EC:3.4.11.1]	COG0260	PepB	Leucyl aminopeptidase	AG-903-O08_00258	-4
CACDIC010000002.1	81760	82170	+	AG-903-O08_00255	AG-903-O08	136	OG0000480	K00940	nucleoside-diphosphate kinase [EC:2.7.4.6]	COG0105	Ndk	Nucleoside diphosphate kinase	AG-903-O08_00258	-3
CACDIC010000002.1	82160	82744	-	AG-903-O08_00256	AG-903-O08	194	OG0000035	K11175	phosphoribosylglycinamide formyltransferase 1 [EC:2.1.2.2]	COG0299	PurN	Folate-dependent phosphoribosylglycinamide formyltransferase PurN	AG-903-O08_00258	-2
CACDIC010000002.1	82722	83750	-	AG-903-O08_00257	AG-903-O08	342	OG0000574	K01933	phosphoribosylformylglycinamidine cyclo-ligase [EC:6.3.3.1]	COG0150	PurM	Phosphoribosylaminoimidazole (AIR) synthetase	AG-903-O08_00258	-1
CACDIC010000002.1	83762	84838	+	AG-903-O08_00258	AG-903-O08	358	OG0000916	NA	NA	NA	NA	NA	AG-903-O08_00258	0
CACDIC010000002.1	84823	85497	+	AG-903-O08_00259	AG-903-O08	224	OG0000690	NA	NA	COG0593	DnaA	Chromosomal replication initiation ATPase DnaA	AG-903-O08_00258	1
CACDIC010000002.1	85498	87276	+	AG-903-O08_00260	AG-903-O08	592	OG0000189	K01876	aspartyl-tRNA synthetase [EC:6.1.1.12]	COG0173	AspS	Aspartyl-tRNA synthetase	AG-903-O08_00258	2
CACDIC010000002.1	87278	88099	-	AG-903-O08_00261	AG-903-O08	273	OG0000284	NA	NA	NA	NA	NA	AG-903-O08_00258	3
CACDIC010000002.1	88125	88580	+	AG-903-O08_00262	AG-903-O08	151	OG0000369	NA	NA	COG3761	NDUFA12	NADH:ubiquinone oxidoreductase NDUFA12 subunit (Leigh syndrome)	AG-903-O08_00258	4
CACDIC010000002.1	88537	88935	+	AG-903-O08_00263	AG-903-O08	132	OG0000472	NA	NA	COG4765	NA	Uncharacterized conserved protein, DUF2155 domain	AG-903-O08_00258	5
CACDPZ010000004.1	16776	17291	-	AG-904-F11_00383	AG-904-F11	171	OG0000472	NA	NA	COG4765	NA	Uncharacterized conserved protein, DUF2155 domain	AG-904-F11_00388	-5
CACDPZ010000004.1	17272	17628	-	AG-904-F11_00384	AG-904-F11	118	OG0000369	NA	NA	COG3761	NDUFA12	NADH:ubiquinone oxidoreductase NDUFA12 subunit (Leigh syndrome)	AG-904-F11_00388	-4
CACDPZ010000004.1	17719	18537	+	AG-904-F11_00385	AG-904-F11	272	OG0000284	NA	NA	NA	NA	NA	AG-904-F11_00388	-3
CACDPZ010000004.1	18534	20318	-	AG-904-F11_00386	AG-904-F11	594	OG0000189	K01876	aspartyl-tRNA synthetase [EC:6.1.1.12]	COG0173	AspS	Aspartyl-tRNA synthetase	AG-904-F11_00388	-2
CACDPZ010000004.1	20311	20967	-	AG-904-F11_00387	AG-904-F11	218	OG0000690	NA	NA	COG0593	DnaA	Chromosomal replication initiation ATPase DnaA	AG-904-F11_00388	-1
CACDPZ010000004.1	20969	22015	-	AG-904-F11_00388	AG-904-F11	348	OG0000916	NA	NA	NA	NA	NA	AG-904-F11_00388	0
CACDPZ010000004.1	22041	23054	+	AG-904-F11_00389	AG-904-F11	337	OG0000574	K01933	phosphoribosylformylglycinamidine cyclo-ligase [EC:6.3.3.1]	COG0150	PurM	Phosphoribosylaminoimidazole (AIR) synthetase	AG-904-F11_00388	1
CACDPZ010000004.1	23048	23605	+	AG-904-F11_00390	AG-904-F11	185	OG0000035	K11175	phosphoribosylglycinamide formyltransferase 1 [EC:2.1.2.2]	COG0299	PurN	Folate-dependent phosphoribosylglycinamide formyltransferase PurN	AG-904-F11_00388	2
CACDPZ010000004.1	23606	24019	-	AG-904-F11_00391	AG-904-F11	137	OG0000480	K00940	nucleoside-diphosphate kinase [EC:2.7.4.6]	COG0105	Ndk	Nucleoside diphosphate kinase	AG-904-F11_00388	3
CACDPZ010000004.1	24012	25469	-	AG-904-F11_00392	AG-904-F11	485	OG0000405	K01255	leucyl aminopeptidase [EC:3.4.11.1]	COG0260	PepB	Leucyl aminopeptidase	AG-904-F11_00388	4
CACDPZ010000004.1	25598	26740	+	AG-904-F11_00393	AG-904-F11	380	OG0000932	NA	NA	COG0795	LptF	Lipopolysaccharide export LptBFGC system, permease protein LptF	AG-904-F11_00388	5
CACDQH010000003.1	9700	10881	-	AG-904-F17_00709	AG-904-F17	393	OG0000932	NA	NA	COG0795	LptF	Lipopolysaccharide export LptBFGC system, permease protein LptF	AG-904-F17_00714	-5
CACDQH010000003.1	10907	12361	+	AG-904-F17_00710	AG-904-F17	484	OG0000405	K01255	leucyl aminopeptidase [EC:3.4.11.1]	COG0260	PepB	Leucyl aminopeptidase	AG-904-F17_00714	-4
CACDQH010000003.1	12354	12764	+	AG-904-F17_00711	AG-904-F17	136	OG0000480	K00940	nucleoside-diphosphate kinase [EC:2.7.4.6]	COG0105	Ndk	Nucleoside diphosphate kinase	AG-904-F17_00714	-3
CACDQH010000003.1	12754	13335	-	AG-904-F17_00712	AG-904-F17	193	OG0000035	K11175	phosphoribosylglycinamide formyltransferase 1 [EC:2.1.2.2]	COG0299	PurN	Folate-dependent phosphoribosylglycinamide formyltransferase PurN	AG-904-F17_00714	-2
CACDQH010000003.1	13313	14341	-	AG-904-F17_00713	AG-904-F17	342	OG0000574	K01933	phosphoribosylformylglycinamidine cyclo-ligase [EC:6.3.3.1]	COG0150	PurM	Phosphoribosylaminoimidazole (AIR) synthetase	AG-904-F17_00714	-1
CACDQH010000003.1	14353	15432	+	AG-904-F17_00714	AG-904-F17	359	OG0000916	NA	NA	NA	NA	NA	AG-904-F17_00714	0
CACDQH010000003.1	15417	16091	+	AG-904-F17_00715	AG-904-F17	224	OG0000690	NA	NA	COG0593	DnaA	Chromosomal replication initiation ATPase DnaA	AG-904-F17_00714	1
CACDQH010000003.1	16092	17876	+	AG-904-F17_00716	AG-904-F17	594	OG0000189	K01876	aspartyl-tRNA synthetase [EC:6.1.1.12]	COG0173	AspS	Aspartyl-tRNA synthetase	AG-904-F17_00714	2
CACDQH010000003.1	17880	18704	-	AG-904-F17_00717	AG-904-F17	274	OG0000284	NA	NA	NA	NA	NA	AG-904-F17_00714	3
CACDQH010000003.1	18818	19177	+	AG-904-F17_00718	AG-904-F17	119	OG0000369	NA	NA	COG3761	NDUFA12	NADH:ubiquinone oxidoreductase NDUFA12 subunit (Leigh syndrome)	AG-904-F17_00714	4
CACDQH010000003.1	19140	19544	+	AG-904-F17_00719	AG-904-F17	134	OG0000472	NA	NA	COG4765	NA	Uncharacterized conserved protein, DUF2155 domain	AG-904-F17_00714	5
CACDSY010000001.1	96337	96741	-	AG-904-K03_00104	AG-904-K03	134	OG0000472	NA	NA	COG4765	NA	Uncharacterized conserved protein, DUF2155 domain	AG-904-K03_00109	-5
CACDSY010000001.1	96704	97063	-	AG-904-K03_00105	AG-904-K03	119	OG0000369	NA	NA	COG3761	NDUFA12	NADH:ubiquinone oxidoreductase NDUFA12 subunit (Leigh syndrome)	AG-904-K03_00109	-4
CACDSY010000001.1	97180	98004	+	AG-904-K03_00106	AG-904-K03	274	OG0000284	NA	NA	NA	NA	NA	AG-904-K03_00109	-3
CACDSY010000001.1	98005	99789	-	AG-904-K03_00107	AG-904-K03	594	OG0000189	K01876	aspartyl-tRNA synthetase [EC:6.1.1.12]	COG0173	AspS	Aspartyl-tRNA synthetase	AG-904-K03_00109	-2
CACDSY010000001.1	99791	100447	-	AG-904-K03_00108	AG-904-K03	218	OG0000690	NA	NA	COG0593	DnaA	Chromosomal replication initiation ATPase DnaA	AG-904-K03_00109	-1
CACDSY010000001.1	100444	101520	-	AG-904-K03_00109	AG-904-K03	358	OG0000916	NA	NA	NA	NA	NA	AG-904-K03_00109	0
CACDSY010000001.1	101532	102554	+	AG-904-K03_00110	AG-904-K03	340	OG0000574	K01933	phosphoribosylformylglycinamidine cyclo-ligase [EC:6.3.3.1]	COG0150	PurM	Phosphoribosylaminoimidazole (AIR) synthetase	AG-904-K03_00109	1
CACDSY010000001.1	102535	103107	+	AG-904-K03_00111	AG-904-K03	190	OG0000035	K11175	phosphoribosylglycinamide formyltransferase 1 [EC:2.1.2.2]	COG0299	PurN	Folate-dependent phosphoribosylglycinamide formyltransferase PurN	AG-904-K03_00109	2
CACDSY010000001.1	103097	103507	-	AG-904-K03_00112	AG-904-K03	136	OG0000480	K00940	nucleoside-diphosphate kinase [EC:2.7.4.6]	COG0105	Ndk	Nucleoside diphosphate kinase	AG-904-K03_00109	3
CACDSY010000001.1	103500	104936	-	AG-904-K03_00113	AG-904-K03	478	OG0000405	K01255	leucyl aminopeptidase [EC:3.4.11.1]	COG0260	PepB	Leucyl aminopeptidase	AG-904-K03_00109	4
CACDSY010000001.1	104991	106139	+	AG-904-K03_00114	AG-904-K03	382	OG0000932	NA	NA	COG0795	LptF	Lipopolysaccharide export LptBFGC system, permease protein LptF	AG-904-K03_00109	5
CACEDC010000005.1	10961	14545	+	AG-905-D16_00903	AG-905-D16	1194	OG0000284	K00525	ribonucleoside-diphosphate reductase alpha chain [EC:1.17.4.1]	COG0209	NrdA	Ribonucleotide reductase alpha subunit	AG-905-D16_00908	-5
CACEDC010000005.1	14547	16343	-	AG-905-D16_00904	AG-905-D16	598	OG0000189	K01876	aspartyl-tRNA synthetase [EC:6.1.1.12]	COG0173	AspS	Aspartyl-tRNA synthetase	AG-905-D16_00908	-4
CACEDC010000005.1	16377	17210	+	AG-905-D16_00905	AG-905-D16	277	OG0000122	K03684	ribonuclease D [EC:3.1.13.5]	COG0349	Rnd	Ribonuclease D, nanoRNase NrnC or deoxydinuclease (diDNase)	AG-905-D16_00908	-3
CACEDC010000005.1	17188	17835	-	AG-905-D16_00906	AG-905-D16	215	OG0000690	NA	NA	COG0593	DnaA	Chromosomal replication initiation ATPase DnaA	AG-905-D16_00908	-2
CACEDC010000005.1	17836	18381	-	AG-905-D16_00907	AG-905-D16	181	OG0000149	NA	NA	COG0558	PgsA	Phosphatidylglycerophosphate synthase	AG-905-D16_00908	-1
CACEDC010000005.1	18374	19453	-	AG-905-D16_00908	AG-905-D16	359	OG0000916	NA	NA	NA	NA	NA	AG-905-D16_00908	0
CACEDC010000005.1	19469	20512	+	AG-905-D16_00909	AG-905-D16	347	OG0000574	K01933	phosphoribosylformylglycinamidine cyclo-ligase [EC:6.3.3.1]	COG0150	PurM	Phosphoribosylaminoimidazole (AIR) synthetase	AG-905-D16_00908	1
CACEDC010000005.1	20505	21077	+	AG-905-D16_00910	AG-905-D16	190	OG0000035	K11175	phosphoribosylglycinamide formyltransferase 1 [EC:2.1.2.2]	COG0299	PurN	Folate-dependent phosphoribosylglycinamide formyltransferase PurN	AG-905-D16_00908	2
CACEDC010000005.1	21067	21489	-	AG-905-D16_00911	AG-905-D16	140	OG0000480	K00940	nucleoside-diphosphate kinase [EC:2.7.4.6]	COG0105	Ndk	Nucleoside diphosphate kinase	AG-905-D16_00908	3
CACEDC010000005.1	21489	23009	-	AG-905-D16_00912	AG-905-D16	506	OG0000405	K01255	leucyl aminopeptidase [EC:3.4.11.1]	COG0260	PepB	Leucyl aminopeptidase	AG-905-D16_00908	4
CACEDC010000005.1	23050	24168	+	AG-905-D16_00913	AG-905-D16	372	OG0000932	NA	NA	COG0795	LptF	Lipopolysaccharide export LptBFGC system, permease protein LptF	AG-905-D16_00908	5
CACEDX010000005.1	57751	58149	-	AG-905-E10_00553	AG-905-E10	132	OG0000472	NA	NA	COG4765	NA	Uncharacterized conserved protein, DUF2155 domain	AG-905-E10_00558	-5
CACEDX010000005.1	58112	58471	-	AG-905-E10_00554	AG-905-E10	119	OG0000369	NA	NA	COG3761	NDUFA12	NADH:ubiquinone oxidoreductase NDUFA12 subunit (Leigh syndrome)	AG-905-E10_00558	-4
CACEDX010000005.1	58589	59413	+	AG-905-E10_00555	AG-905-E10	274	OG0000284	NA	NA	NA	NA	NA	AG-905-E10_00558	-3
CACEDX010000005.1	59415	61193	-	AG-905-E10_00556	AG-905-E10	592	OG0000189	K01876	aspartyl-tRNA synthetase [EC:6.1.1.12]	COG0173	AspS	Aspartyl-tRNA synthetase	AG-905-E10_00558	-2
CACEDX010000005.1	61194	61868	-	AG-905-E10_00557	AG-905-E10	224	OG0000690	NA	NA	COG0593	DnaA	Chromosomal replication initiation ATPase DnaA	AG-905-E10_00558	-1
CACEDX010000005.1	61853	62929	-	AG-905-E10_00558	AG-905-E10	358	OG0000916	NA	NA	NA	NA	NA	AG-905-E10_00558	0
CACEDX010000005.1	62941	63969	+	AG-905-E10_00559	AG-905-E10	342	OG0000574	K01933	phosphoribosylformylglycinamidine cyclo-ligase [EC:6.3.3.1]	COG0150	PurM	Phosphoribosylaminoimidazole (AIR) synthetase	AG-905-E10_00558	1
CACEDX010000005.1	63947	64531	+	AG-905-E10_00560	AG-905-E10	194	OG0000035	K11175	phosphoribosylglycinamide formyltransferase 1 [EC:2.1.2.2]	COG0299	PurN	Folate-dependent phosphoribosylglycinamide formyltransferase PurN	AG-905-E10_00558	2
CACEDX010000005.1	64521	64931	-	AG-905-E10_00561	AG-905-E10	136	OG0000480	K00940	nucleoside-diphosphate kinase [EC:2.7.4.6]	COG0105	Ndk	Nucleoside diphosphate kinase	AG-905-E10_00558	3
CACEDX010000005.1	64924	66393	-	AG-905-E10_00562	AG-905-E10	489	OG0000405	K01255	leucyl aminopeptidase [EC:3.4.11.1]	COG0260	PepB	Leucyl aminopeptidase	AG-905-E10_00558	4
CACEDX010000005.1	66476	67612	+	AG-905-E10_00563	AG-905-E10	378	OG0000932	NA	NA	COG0795	LptF	Lipopolysaccharide export LptBFGC system, permease protein LptF	AG-905-E10_00558	5
CACEDU010000007.1	45	290	+	AG-905-E11_00970	AG-905-E11	81	OG0000916	NA	NA	NA	NA	NA	AG-905-E11_00970	0
CACEDU010000007.1	287	943	+	AG-905-E11_00971	AG-905-E11	218	OG0000690	NA	NA	COG0593	DnaA	Chromosomal replication initiation ATPase DnaA	AG-905-E11_00970	1
CACEDU010000007.1	945	2729	+	AG-905-E11_00972	AG-905-E11	594	OG0000189	K01876	aspartyl-tRNA synthetase [EC:6.1.1.12]	COG0173	AspS	Aspartyl-tRNA synthetase	AG-905-E11_00970	2
CACEDU010000007.1	2730	3554	-	AG-905-E11_00973	AG-905-E11	274	OG0000284	NA	NA	NA	NA	NA	AG-905-E11_00970	3
CACEDU010000007.1	3672	4031	+	AG-905-E11_00974	AG-905-E11	119	OG0000369	NA	NA	COG3761	NDUFA12	NADH:ubiquinone oxidoreductase NDUFA12 subunit (Leigh syndrome)	AG-905-E11_00970	4
CACEDU010000007.1	3994	4398	+	AG-905-E11_00975	AG-905-E11	134	OG0000472	NA	NA	COG4765	NA	Uncharacterized conserved protein, DUF2155 domain	AG-905-E11_00970	5
CACEFR010000003.1	54422	55558	-	AG-905-G04_00467	AG-905-G04	378	OG0000932	NA	NA	COG0795	LptF	Lipopolysaccharide export LptBFGC system, permease protein LptF	AG-905-G04_00472	-5
CACEFR010000003.1	55639	57108	+	AG-905-G04_00468	AG-905-G04	489	OG0000405	K01255	leucyl aminopeptidase [EC:3.4.11.1]	COG0260	PepB	Leucyl aminopeptidase	AG-905-G04_00472	-4
CACEFR010000003.1	57101	57511	+	AG-905-G04_00469	AG-905-G04	136	OG0000480	K00940	nucleoside-diphosphate kinase [EC:2.7.4.6]	COG0105	Ndk	Nucleoside diphosphate kinase	AG-905-G04_00472	-3
CACEFR010000003.1	57501	58085	-	AG-905-G04_00470	AG-905-G04	194	OG0000035	K11175	phosphoribosylglycinamide formyltransferase 1 [EC:2.1.2.2]	COG0299	PurN	Folate-dependent phosphoribosylglycinamide formyltransferase PurN	AG-905-G04_00472	-2
CACEFR010000003.1	58063	59091	-	AG-905-G04_00471	AG-905-G04	342	OG0000574	K01933	phosphoribosylformylglycinamidine cyclo-ligase [EC:6.3.3.1]	COG0150	PurM	Phosphoribosylaminoimidazole (AIR) synthetase	AG-905-G04_00472	-1
CACEFR010000003.1	59103	60179	+	AG-905-G04_00472	AG-905-G04	358	OG0000916	NA	NA	NA	NA	NA	AG-905-G04_00472	0
CACEFR010000003.1	60164	60838	+	AG-905-G04_00473	AG-905-G04	224	OG0000690	NA	NA	COG0593	DnaA	Chromosomal replication initiation ATPase DnaA	AG-905-G04_00472	1
CACEFR010000003.1	60839	62617	+	AG-905-G04_00474	AG-905-G04	592	OG0000189	K01876	aspartyl-tRNA synthetase [EC:6.1.1.12]	COG0173	AspS	Aspartyl-tRNA synthetase	AG-905-G04_00472	2
CACEFR010000003.1	62619	63443	-	AG-905-G04_00475	AG-905-G04	274	OG0000284	NA	NA	NA	NA	NA	AG-905-G04_00472	3
CACEFR010000003.1	63561	63920	+	AG-905-G04_00476	AG-905-G04	119	OG0000369	NA	NA	COG3761	NDUFA12	NADH:ubiquinone oxidoreductase NDUFA12 subunit (Leigh syndrome)	AG-905-G04_00472	4
CACEFR010000003.1	63883	64281	+	AG-905-G04_00477	AG-905-G04	132	OG0000472	NA	NA	COG4765	NA	Uncharacterized conserved protein, DUF2155 domain	AG-905-G04_00472	5
CACEKE010000001.1	245579	245983	-	AG-905-M05_00291	AG-905-M05	134	OG0000472	NA	NA	COG4765	NA	Uncharacterized conserved protein, DUF2155 domain	AG-905-M05_00296	-5
CACEKE010000001.1	245946	246305	-	AG-905-M05_00292	AG-905-M05	119	OG0000369	NA	NA	COG3761	NDUFA12	NADH:ubiquinone oxidoreductase NDUFA12 subunit (Leigh syndrome)	AG-905-M05_00296	-4
CACEKE010000001.1	246411	247253	+	AG-905-M05_00293	AG-905-M05	280	OG0000284	NA	NA	NA	NA	NA	AG-905-M05_00296	-3
CACEKE010000001.1	247260	249041	-	AG-905-M05_00294	AG-905-M05	593	OG0000189	K01876	aspartyl-tRNA synthetase [EC:6.1.1.12]	COG0173	AspS	Aspartyl-tRNA synthetase	AG-905-M05_00296	-2
CACEKE010000001.1	249048	249704	-	AG-905-M05_00295	AG-905-M05	218	OG0000690	NA	NA	COG0593	DnaA	Chromosomal replication initiation ATPase DnaA	AG-905-M05_00296	-1
CACEKE010000001.1	249701	250726	-	AG-905-M05_00296	AG-905-M05	341	OG0000916	NA	NA	NA	NA	NA	AG-905-M05_00296	0
CACEKE010000001.1	250785	251816	+	AG-905-M05_00297	AG-905-M05	343	OG0000574	K01933	phosphoribosylformylglycinamidine cyclo-ligase [EC:6.3.3.1]	COG0150	PurM	Phosphoribosylaminoimidazole (AIR) synthetase	AG-905-M05_00296	1
CACEKE010000001.1	251791	252372	+	AG-905-M05_00298	AG-905-M05	193	OG0000035	K11175	phosphoribosylglycinamide formyltransferase 1 [EC:2.1.2.2]	COG0299	PurN	Folate-dependent phosphoribosylglycinamide formyltransferase PurN	AG-905-M05_00296	2
CACEKE010000001.1	252362	252772	-	AG-905-M05_00299	AG-905-M05	136	OG0000480	K00940	nucleoside-diphosphate kinase [EC:2.7.4.6]	COG0105	Ndk	Nucleoside diphosphate kinase	AG-905-M05_00296	3
CACEKE010000001.1	252765	254213	-	AG-905-M05_00300	AG-905-M05	482	OG0000405	K01255	leucyl aminopeptidase [EC:3.4.11.1]	COG0260	PepB	Leucyl aminopeptidase	AG-905-M05_00296	4
CACEKE010000001.1	254274	255386	+	AG-905-M05_00301	AG-905-M05	370	OG0000932	NA	NA	COG0795	LptF	Lipopolysaccharide export LptBFGC system, permease protein LptF	AG-905-M05_00296	5
CACEMI010000016.1	4218	5366	-	AG-905-O08_01154	AG-905-O08	382	OG0000932	NA	NA	COG0795	LptF	Lipopolysaccharide export LptBFGC system, permease protein LptF	AG-905-O08_01159	-5
CACEMI010000016.1	5422	6858	+	AG-905-O08_01155	AG-905-O08	478	OG0000405	K01255	leucyl aminopeptidase [EC:3.4.11.1]	COG0260	PepB	Leucyl aminopeptidase	AG-905-O08_01159	-4
CACEMI010000016.1	6851	7261	+	AG-905-O08_01156	AG-905-O08	136	OG0000480	K00940	nucleoside-diphosphate kinase [EC:2.7.4.6]	COG0105	Ndk	Nucleoside diphosphate kinase	AG-905-O08_01159	-3
CACEMI010000016.1	7251	7823	-	AG-905-O08_01157	AG-905-O08	190	OG0000035	K11175	phosphoribosylglycinamide formyltransferase 1 [EC:2.1.2.2]	COG0299	PurN	Folate-dependent phosphoribosylglycinamide formyltransferase PurN	AG-905-O08_01159	-2
CACEMI010000016.1	7804	8826	-	AG-905-O08_01158	AG-905-O08	340	OG0000574	K01933	phosphoribosylformylglycinamidine cyclo-ligase [EC:6.3.3.1]	COG0150	PurM	Phosphoribosylaminoimidazole (AIR) synthetase	AG-905-O08_01159	-1
CACEMI010000016.1	8838	9914	+	AG-905-O08_01159	AG-905-O08	358	OG0000916	NA	NA	NA	NA	NA	AG-905-O08_01159	0
CACEMI010000016.1	9911	10567	+	AG-905-O08_01160	AG-905-O08	218	OG0000690	NA	NA	COG0593	DnaA	Chromosomal replication initiation ATPase DnaA	AG-905-O08_01159	1
CACEMI010000016.1	10569	12353	+	AG-905-O08_01161	AG-905-O08	594	OG0000189	K01876	aspartyl-tRNA synthetase [EC:6.1.1.12]	COG0173	AspS	Aspartyl-tRNA synthetase	AG-905-O08_01159	2
CACEMI010000016.1	12354	13178	-	AG-905-O08_01162	AG-905-O08	274	OG0000284	NA	NA	NA	NA	NA	AG-905-O08_01159	3
CACEMI010000016.1	13295	13654	+	AG-905-O08_01163	AG-905-O08	119	OG0000369	NA	NA	COG3761	NDUFA12	NADH:ubiquinone oxidoreductase NDUFA12 subunit (Leigh syndrome)	AG-905-O08_01159	4
CACEMI010000016.1	13617	14021	+	AG-905-O08_01164	AG-905-O08	134	OG0000472	NA	NA	COG4765	NA	Uncharacterized conserved protein, DUF2155 domain	AG-905-O08_01159	5
CACEQG010000001.1	255678	256802	-	AG-907-C04_00260	AG-907-C04	374	OG0000932	NA	NA	COG0795	LptF	Lipopolysaccharide export LptBFGC system, permease protein LptF	AG-907-C04_00265	-5
CACEQG010000001.1	256863	258317	+	AG-907-C04_00261	AG-907-C04	484	OG0000405	K01255	leucyl aminopeptidase [EC:3.4.11.1]	COG0260	PepB	Leucyl aminopeptidase	AG-907-C04_00265	-4
CACEQG010000001.1	258310	258720	+	AG-907-C04_00262	AG-907-C04	136	OG0000480	K00940	nucleoside-diphosphate kinase [EC:2.7.4.6]	COG0105	Ndk	Nucleoside diphosphate kinase	AG-907-C04_00265	-3
CACEQG010000001.1	258717	259292	-	AG-907-C04_00263	AG-907-C04	191	OG0000035	K11175	phosphoribosylglycinamide formyltransferase 1 [EC:2.1.2.2]	COG0299	PurN	Folate-dependent phosphoribosylglycinamide formyltransferase PurN	AG-907-C04_00265	-2
CACEQG010000001.1	259270	260298	-	AG-907-C04_00264	AG-907-C04	342	OG0000574	K01933	phosphoribosylformylglycinamidine cyclo-ligase [EC:6.3.3.1]	COG0150	PurM	Phosphoribosylaminoimidazole (AIR) synthetase	AG-907-C04_00265	-1
CACEQG010000001.1	260322	261383	+	AG-907-C04_00265	AG-907-C04	353	OG0000916	NA	NA	NA	NA	NA	AG-907-C04_00265	0
CACEQG010000001.1	261380	262042	+	AG-907-C04_00266	AG-907-C04	220	OG0000690	NA	NA	COG0593	DnaA	Chromosomal replication initiation ATPase DnaA	AG-907-C04_00265	1
CACEQG010000001.1	262043	263827	+	AG-907-C04_00267	AG-907-C04	594	OG0000189	K01876	aspartyl-tRNA synthetase [EC:6.1.1.12]	COG0173	AspS	Aspartyl-tRNA synthetase	AG-907-C04_00265	2
CACEQG010000001.1	263828	264652	-	AG-907-C04_00268	AG-907-C04	274	OG0000284	NA	NA	NA	NA	NA	AG-907-C04_00265	3
CACEQG010000001.1	264766	265125	+	AG-907-C04_00269	AG-907-C04	119	OG0000369	NA	NA	COG3761	NDUFA12	NADH:ubiquinone oxidoreductase NDUFA12 subunit (Leigh syndrome)	AG-907-C04_00265	4
CACEQG010000001.1	265091	265495	+	AG-907-C04_00270	AG-907-C04	134	OG0000472	NA	NA	COG4765	NA	Uncharacterized conserved protein, DUF2155 domain	AG-907-C04_00265	5
CACESO010000002.1	8131	9276	-	AG-907-E04_00206	AG-907-E04	381	OG0000932	NA	NA	COG0795	LptF	Lipopolysaccharide export LptBFGC system, permease protein LptF	AG-907-E04_00211	-5
CACESO010000002.1	9333	10793	+	AG-907-E04_00207	AG-907-E04	486	OG0000405	K01255	leucyl aminopeptidase [EC:3.4.11.1]	COG0260	PepB	Leucyl aminopeptidase	AG-907-E04_00211	-4
CACESO010000002.1	10786	11196	+	AG-907-E04_00208	AG-907-E04	136	OG0000480	K00940	nucleoside-diphosphate kinase [EC:2.7.4.6]	COG0105	Ndk	Nucleoside diphosphate kinase	AG-907-E04_00211	-3
CACESO010000002.1	11186	11755	-	AG-907-E04_00209	AG-907-E04	189	OG0000035	K11175	phosphoribosylglycinamide formyltransferase 1 [EC:2.1.2.2]	COG0299	PurN	Folate-dependent phosphoribosylglycinamide formyltransferase PurN	AG-907-E04_00211	-2
CACESO010000002.1	11757	12782	-	AG-907-E04_00210	AG-907-E04	341	OG0000574	K01933	phosphoribosylformylglycinamidine cyclo-ligase [EC:6.3.3.1]	COG0150	PurM	Phosphoribosylaminoimidazole (AIR) synthetase	AG-907-E04_00211	-1
CACESO010000002.1	12791	13867	+	AG-907-E04_00211	AG-907-E04	358	OG0000916	NA	NA	NA	NA	NA	AG-907-E04_00211	0
CACESO010000002.1	13852	14532	+	AG-907-E04_00212	AG-907-E04	226	OG0000690	NA	NA	COG0593	DnaA	Chromosomal replication initiation ATPase DnaA	AG-907-E04_00211	1
CACESO010000002.1	14529	16316	+	AG-907-E04_00213	AG-907-E04	595	OG0000189	K01876	aspartyl-tRNA synthetase [EC:6.1.1.12]	COG0173	AspS	Aspartyl-tRNA synthetase	AG-907-E04_00211	2
CACESO010000002.1	16317	17147	-	AG-907-E04_00214	AG-907-E04	276	OG0000284	NA	NA	NA	NA	NA	AG-907-E04_00211	3
CACESO010000002.1	17261	17617	+	AG-907-E04_00215	AG-907-E04	118	OG0000369	NA	NA	COG3761	NDUFA12	NADH:ubiquinone oxidoreductase NDUFA12 subunit (Leigh syndrome)	AG-907-E04_00211	4
CACESO010000002.1	17583	17984	+	AG-907-E04_00216	AG-907-E04	133	OG0000472	NA	NA	COG4765	NA	Uncharacterized conserved protein, DUF2155 domain	AG-907-E04_00211	5
CACETY010000007.1	49216	50364	-	AG-907-F09_00758	AG-907-F09	382	OG0000932	NA	NA	COG0795	LptF	Lipopolysaccharide export LptBFGC system, permease protein LptF	AG-907-F09_00763	-5
CACETY010000007.1	50420	51856	+	AG-907-F09_00759	AG-907-F09	478	OG0000405	K01255	leucyl aminopeptidase [EC:3.4.11.1]	COG0260	PepB	Leucyl aminopeptidase	AG-907-F09_00763	-4
CACETY010000007.1	51849	52259	+	AG-907-F09_00760	AG-907-F09	136	OG0000480	K00940	nucleoside-diphosphate kinase [EC:2.7.4.6]	COG0105	Ndk	Nucleoside diphosphate kinase	AG-907-F09_00763	-3
CACETY010000007.1	52249	52827	-	AG-907-F09_00761	AG-907-F09	192	OG0000035	K11175	phosphoribosylglycinamide formyltransferase 1 [EC:2.1.2.2]	COG0299	PurN	Folate-dependent phosphoribosylglycinamide formyltransferase PurN	AG-907-F09_00763	-2
CACETY010000007.1	52808	53830	-	AG-907-F09_00762	AG-907-F09	340	OG0000574	K01933	phosphoribosylformylglycinamidine cyclo-ligase [EC:6.3.3.1]	COG0150	PurM	Phosphoribosylaminoimidazole (AIR) synthetase	AG-907-F09_00763	-1
CACETY010000007.1	53842	54918	+	AG-907-F09_00763	AG-907-F09	358	OG0000916	NA	NA	NA	NA	NA	AG-907-F09_00763	0
CACETY010000007.1	54915	55571	+	AG-907-F09_00764	AG-907-F09	218	OG0000690	NA	NA	COG0593	DnaA	Chromosomal replication initiation ATPase DnaA	AG-907-F09_00763	1
CACETY010000007.1	55573	57357	+	AG-907-F09_00765	AG-907-F09	594	OG0000189	K01876	aspartyl-tRNA synthetase [EC:6.1.1.12]	COG0173	AspS	Aspartyl-tRNA synthetase	AG-907-F09_00763	2
CACETY010000007.1	57358	58182	-	AG-907-F09_00766	AG-907-F09	274	OG0000284	NA	NA	NA	NA	NA	AG-907-F09_00763	3
CACETY010000007.1	58299	58658	+	AG-907-F09_00767	AG-907-F09	119	OG0000369	NA	NA	COG3761	NDUFA12	NADH:ubiquinone oxidoreductase NDUFA12 subunit (Leigh syndrome)	AG-907-F09_00763	4
CACETY010000007.1	58621	59025	+	AG-907-F09_00768	AG-907-F09	134	OG0000472	NA	NA	COG4765	NA	Uncharacterized conserved protein, DUF2155 domain	AG-907-F09_00763	5
CACFLJ010000018.1	4658	5062	-	AG-908-F18_01210	AG-908-F18	134	OG0000472	NA	NA	COG4765	NA	Uncharacterized conserved protein, DUF2155 domain	AG-908-F18_01215	-5
CACFLJ010000018.1	5025	5384	-	AG-908-F18_01211	AG-908-F18	119	OG0000369	NA	NA	COG3761	NDUFA12	NADH:ubiquinone oxidoreductase NDUFA12 subunit (Leigh syndrome)	AG-908-F18_01215	-4
CACFLJ010000018.1	5501	6325	+	AG-908-F18_01212	AG-908-F18	274	OG0000284	NA	NA	NA	NA	NA	AG-908-F18_01215	-3
CACFLJ010000018.1	6326	8110	-	AG-908-F18_01213	AG-908-F18	594	OG0000189	K01876	aspartyl-tRNA synthetase [EC:6.1.1.12]	COG0173	AspS	Aspartyl-tRNA synthetase	AG-908-F18_01215	-2
CACFLJ010000018.1	8112	8768	-	AG-908-F18_01214	AG-908-F18	218	OG0000690	NA	NA	COG0593	DnaA	Chromosomal replication initiation ATPase DnaA	AG-908-F18_01215	-1
CACFLJ010000018.1	8765	9010	-	AG-908-F18_01215	AG-908-F18	81	OG0000916	NA	NA	NA	NA	NA	AG-908-F18_01215	0
CACFLK010000009.1	8943	9344	-	AG-908-F20_01033	AG-908-F20	133	OG0000472	NA	NA	COG4765	NA	Uncharacterized conserved protein, DUF2155 domain	AG-908-F20_01038	-5
CACFLK010000009.1	9313	9672	-	AG-908-F20_01034	AG-908-F20	119	OG0000369	NA	NA	COG3761	NDUFA12	NADH:ubiquinone oxidoreductase NDUFA12 subunit (Leigh syndrome)	AG-908-F20_01038	-4
CACFLK010000009.1	9787	10611	+	AG-908-F20_01035	AG-908-F20	274	OG0000284	NA	NA	NA	NA	NA	AG-908-F20_01038	-3
CACFLK010000009.1	10612	12396	-	AG-908-F20_01036	AG-908-F20	594	OG0000189	K01876	aspartyl-tRNA synthetase [EC:6.1.1.12]	COG0173	AspS	Aspartyl-tRNA synthetase	AG-908-F20_01038	-2
CACFLK010000009.1	12397	13050	-	AG-908-F20_01037	AG-908-F20	217	OG0000690	NA	NA	COG0593	DnaA	Chromosomal replication initiation ATPase DnaA	AG-908-F20_01038	-1
CACFLK010000009.1	13061	14140	-	AG-908-F20_01038	AG-908-F20	359	OG0000916	NA	NA	NA	NA	NA	AG-908-F20_01038	0
CACFLK010000009.1	14152	15180	+	AG-908-F20_01039	AG-908-F20	342	OG0000574	K01933	phosphoribosylformylglycinamidine cyclo-ligase [EC:6.3.3.1]	COG0150	PurM	Phosphoribosylaminoimidazole (AIR) synthetase	AG-908-F20_01038	1
CACFLK010000009.1	15134	15739	+	AG-908-F20_01040	AG-908-F20	201	OG0000035	K11175	phosphoribosylglycinamide formyltransferase 1 [EC:2.1.2.2]	COG0299	PurN	Folate-dependent phosphoribosylglycinamide formyltransferase PurN	AG-908-F20_01038	2
CACFLK010000009.1	15729	16139	-	AG-908-F20_01041	AG-908-F20	136	OG0000480	K00940	nucleoside-diphosphate kinase [EC:2.7.4.6]	COG0105	Ndk	Nucleoside diphosphate kinase	AG-908-F20_01038	3
CACFLK010000009.1	16132	17586	-	AG-908-F20_01042	AG-908-F20	484	OG0000405	K01255	leucyl aminopeptidase [EC:3.4.11.1]	COG0260	PepB	Leucyl aminopeptidase	AG-908-F20_01038	4
CACFLK010000009.1	17962	18141	-	AG-908-F20_01043	AG-908-F20	59	NA	NA	NA	NA	NA	NA	AG-908-F20_01038	5
CACFPI010000001.1	125118	126248	-	AG-908-L09_00126	AG-908-L09	376	OG0000932	NA	NA	COG0795	LptF	Lipopolysaccharide export LptBFGC system, permease protein LptF	AG-908-L09_00131	-5
CACFPI010000001.1	126303	127739	+	AG-908-L09_00127	AG-908-L09	478	OG0000405	K01255	leucyl aminopeptidase [EC:3.4.11.1]	COG0260	PepB	Leucyl aminopeptidase	AG-908-L09_00131	-4
CACFPI010000001.1	127732	128142	+	AG-908-L09_00128	AG-908-L09	136	OG0000480	K00940	nucleoside-diphosphate kinase [EC:2.7.4.6]	COG0105	Ndk	Nucleoside diphosphate kinase	AG-908-L09_00131	-3
CACFPI010000001.1	128132	128710	-	AG-908-L09_00129	AG-908-L09	192	OG0000035	K11175	phosphoribosylglycinamide formyltransferase 1 [EC:2.1.2.2]	COG0299	PurN	Folate-dependent phosphoribosylglycinamide formyltransferase PurN	AG-908-L09_00131	-2
CACFPI010000001.1	128691	129713	-	AG-908-L09_00130	AG-908-L09	340	OG0000574	K01933	phosphoribosylformylglycinamidine cyclo-ligase [EC:6.3.3.1]	COG0150	PurM	Phosphoribosylaminoimidazole (AIR) synthetase	AG-908-L09_00131	-1
CACFPI010000001.1	129723	130799	+	AG-908-L09_00131	AG-908-L09	358	OG0000916	NA	NA	NA	NA	NA	AG-908-L09_00131	0
CACFPI010000001.1	130796	131455	+	AG-908-L09_00132	AG-908-L09	219	OG0000690	NA	NA	COG0593	DnaA	Chromosomal replication initiation ATPase DnaA	AG-908-L09_00131	1
CACFPI010000001.1	131452	133233	+	AG-908-L09_00133	AG-908-L09	593	OG0000189	K01876	aspartyl-tRNA synthetase [EC:6.1.1.12]	COG0173	AspS	Aspartyl-tRNA synthetase	AG-908-L09_00131	2
CACFPI010000001.1	133234	134055	-	AG-908-L09_00134	AG-908-L09	273	OG0000284	NA	NA	NA	NA	NA	AG-908-L09_00131	3
CACFPI010000001.1	134164	134520	+	AG-908-L09_00135	AG-908-L09	118	OG0000369	NA	NA	COG3761	NDUFA12	NADH:ubiquinone oxidoreductase NDUFA12 subunit (Leigh syndrome)	AG-908-L09_00131	4
CACFPI010000001.1	134483	134890	+	AG-908-L09_00136	AG-908-L09	135	OG0000472	NA	NA	COG4765	NA	Uncharacterized conserved protein, DUF2155 domain	AG-908-L09_00131	5
CACFUR010000001.1	144135	144548	-	AG-909-A17_00153	AG-909-A17	137	OG0000472	NA	NA	COG4765	NA	Uncharacterized conserved protein, DUF2155 domain	AG-909-A17_00158	-5
CACFUR010000001.1	144505	144864	-	AG-909-A17_00154	AG-909-A17	119	OG0000369	NA	NA	COG3761	NDUFA12	NADH:ubiquinone oxidoreductase NDUFA12 subunit (Leigh syndrome)	AG-909-A17_00158	-4
CACFUR010000001.1	144964	145797	+	AG-909-A17_00155	AG-909-A17	277	OG0000284	NA	NA	NA	NA	NA	AG-909-A17_00158	-3
CACFUR010000001.1	145798	147585	-	AG-909-A17_00156	AG-909-A17	595	OG0000189	K01876	aspartyl-tRNA synthetase [EC:6.1.1.12]	COG0173	AspS	Aspartyl-tRNA synthetase	AG-909-A17_00158	-2
CACFUR010000001.1	147572	148261	-	AG-909-A17_00157	AG-909-A17	229	OG0000690	NA	NA	COG0593	DnaA	Chromosomal replication initiation ATPase DnaA	AG-909-A17_00158	-1
CACFUR010000001.1	148246	149322	-	AG-909-A17_00158	AG-909-A17	358	OG0000916	NA	NA	NA	NA	NA	AG-909-A17_00158	0
CACFUR010000001.1	149334	150374	+	AG-909-A17_00159	AG-909-A17	346	OG0000574	K01933	phosphoribosylformylglycinamidine cyclo-ligase [EC:6.3.3.1]	COG0150	PurM	Phosphoribosylaminoimidazole (AIR) synthetase	AG-909-A17_00158	1
CACFUR010000001.1	150343	150927	+	AG-909-A17_00160	AG-909-A17	194	OG0000035	K11175	phosphoribosylglycinamide formyltransferase 1 [EC:2.1.2.2]	COG0299	PurN	Folate-dependent phosphoribosylglycinamide formyltransferase PurN	AG-909-A17_00158	2
CACFUR010000001.1	150917	151318	-	AG-909-A17_00161	AG-909-A17	133	OG0000480	K00940	nucleoside-diphosphate kinase [EC:2.7.4.6]	COG0105	Ndk	Nucleoside diphosphate kinase	AG-909-A17_00158	3
CACFUR010000001.1	151321	152775	-	AG-909-A17_00162	AG-909-A17	484	OG0000405	K01255	leucyl aminopeptidase [EC:3.4.11.1]	COG0260	PepB	Leucyl aminopeptidase	AG-909-A17_00158	4
CACFUR010000001.1	152830	153951	+	AG-909-A17_00163	AG-909-A17	373	OG0000932	NA	NA	COG0795	LptF	Lipopolysaccharide export LptBFGC system, permease protein LptF	AG-909-A17_00158	5
CACFZE010000002.1	74948	75355	-	AG-909-F14_00411	AG-909-F14	135	OG0000472	NA	NA	COG4765	NA	Uncharacterized conserved protein, DUF2155 domain	AG-909-F14_00416	-5
CACFZE010000002.1	75318	75674	-	AG-909-F14_00412	AG-909-F14	118	OG0000369	NA	NA	COG3761	NDUFA12	NADH:ubiquinone oxidoreductase NDUFA12 subunit (Leigh syndrome)	AG-909-F14_00416	-4
CACFZE010000002.1	75783	76604	+	AG-909-F14_00413	AG-909-F14	273	OG0000284	NA	NA	NA	NA	NA	AG-909-F14_00416	-3
CACFZE010000002.1	76605	78386	-	AG-909-F14_00414	AG-909-F14	593	OG0000189	K01876	aspartyl-tRNA synthetase [EC:6.1.1.12]	COG0173	AspS	Aspartyl-tRNA synthetase	AG-909-F14_00416	-2
CACFZE010000002.1	78383	79042	-	AG-909-F14_00415	AG-909-F14	219	OG0000690	NA	NA	COG0593	DnaA	Chromosomal replication initiation ATPase DnaA	AG-909-F14_00416	-1
CACFZE010000002.1	79039	80115	-	AG-909-F14_00416	AG-909-F14	358	OG0000916	NA	NA	NA	NA	NA	AG-909-F14_00416	0
CACFZE010000002.1	80125	81147	+	AG-909-F14_00417	AG-909-F14	340	OG0000574	K01933	phosphoribosylformylglycinamidine cyclo-ligase [EC:6.3.3.1]	COG0150	PurM	Phosphoribosylaminoimidazole (AIR) synthetase	AG-909-F14_00416	1
CACFZE010000002.1	81128	81706	+	AG-909-F14_00418	AG-909-F14	192	OG0000035	K11175	phosphoribosylglycinamide formyltransferase 1 [EC:2.1.2.2]	COG0299	PurN	Folate-dependent phosphoribosylglycinamide formyltransferase PurN	AG-909-F14_00416	2
CACFZE010000002.1	81696	82106	-	AG-909-F14_00419	AG-909-F14	136	OG0000480	K00940	nucleoside-diphosphate kinase [EC:2.7.4.6]	COG0105	Ndk	Nucleoside diphosphate kinase	AG-909-F14_00416	3
CACFZE010000002.1	82099	83535	-	AG-909-F14_00420	AG-909-F14	478	OG0000405	K01255	leucyl aminopeptidase [EC:3.4.11.1]	COG0260	PepB	Leucyl aminopeptidase	AG-909-F14_00416	4
CACFZE010000002.1	83590	84720	+	AG-909-F14_00421	AG-909-F14	376	OG0000932	NA	NA	COG0795	LptF	Lipopolysaccharide export LptBFGC system, permease protein LptF	AG-909-F14_00416	5
CACGAG010000002.1	123572	127156	+	AG-909-G09_00326	AG-909-G09	1194	OG0000284	K00525	ribonucleoside-diphosphate reductase alpha chain [EC:1.17.4.1]	COG0209	NrdA	Ribonucleotide reductase alpha subunit	AG-909-G09_00331	-5
CACGAG010000002.1	127158	128954	-	AG-909-G09_00327	AG-909-G09	598	OG0000189	K01876	aspartyl-tRNA synthetase [EC:6.1.1.12]	COG0173	AspS	Aspartyl-tRNA synthetase	AG-909-G09_00331	-4
CACGAG010000002.1	128988	129821	+	AG-909-G09_00328	AG-909-G09	277	OG0000122	K03684	ribonuclease D [EC:3.1.13.5]	COG0349	Rnd	Ribonuclease D, nanoRNase NrnC or deoxydinuclease (diDNase)	AG-909-G09_00331	-3
CACGAG010000002.1	129799	130446	-	AG-909-G09_00329	AG-909-G09	215	OG0000690	NA	NA	COG0593	DnaA	Chromosomal replication initiation ATPase DnaA	AG-909-G09_00331	-2
CACGAG010000002.1	130447	130992	-	AG-909-G09_00330	AG-909-G09	181	OG0000149	NA	NA	COG0558	PgsA	Phosphatidylglycerophosphate synthase	AG-909-G09_00331	-1
CACGAG010000002.1	130985	132064	-	AG-909-G09_00331	AG-909-G09	359	OG0000916	NA	NA	NA	NA	NA	AG-909-G09_00331	0
CACGAG010000002.1	132080	133123	+	AG-909-G09_00332	AG-909-G09	347	OG0000574	K01933	phosphoribosylformylglycinamidine cyclo-ligase [EC:6.3.3.1]	COG0150	PurM	Phosphoribosylaminoimidazole (AIR) synthetase	AG-909-G09_00331	1
CACGAG010000002.1	133116	133688	+	AG-909-G09_00333	AG-909-G09	190	OG0000035	K11175	phosphoribosylglycinamide formyltransferase 1 [EC:2.1.2.2]	COG0299	PurN	Folate-dependent phosphoribosylglycinamide formyltransferase PurN	AG-909-G09_00331	2
CACGAG010000002.1	133678	134100	-	AG-909-G09_00334	AG-909-G09	140	OG0000480	K00940	nucleoside-diphosphate kinase [EC:2.7.4.6]	COG0105	Ndk	Nucleoside diphosphate kinase	AG-909-G09_00331	3
CACGAG010000002.1	134100	135620	-	AG-909-G09_00335	AG-909-G09	506	OG0000405	K01255	leucyl aminopeptidase [EC:3.4.11.1]	COG0260	PepB	Leucyl aminopeptidase	AG-909-G09_00331	4
CACGAG010000002.1	135661	136779	+	AG-909-G09_00336	AG-909-G09	372	OG0000932	K07091	lipopolysaccharide export system permease protein	COG0795	LptF	Lipopolysaccharide export LptBFGC system, permease protein LptF	AG-909-G09_00331	5
CACGBV010000007.1	8613	9017	-	AG-909-J05_00662	AG-909-J05	134	OG0000472	NA	NA	COG4765	NA	Uncharacterized conserved protein, DUF2155 domain	AG-909-J05_00667	-5
CACGBV010000007.1	8983	9342	-	AG-909-J05_00663	AG-909-J05	119	OG0000369	NA	NA	COG3761	NDUFA12	NADH:ubiquinone oxidoreductase NDUFA12 subunit (Leigh syndrome)	AG-909-J05_00667	-4
CACGBV010000007.1	9456	10280	+	AG-909-J05_00664	AG-909-J05	274	OG0000284	NA	NA	NA	NA	NA	AG-909-J05_00667	-3
CACGBV010000007.1	10281	12065	-	AG-909-J05_00665	AG-909-J05	594	OG0000189	K01876	aspartyl-tRNA synthetase [EC:6.1.1.12]	COG0173	AspS	Aspartyl-tRNA synthetase	AG-909-J05_00667	-2
CACGBV010000007.1	12066	12728	-	AG-909-J05_00666	AG-909-J05	220	OG0000690	NA	NA	COG0593	DnaA	Chromosomal replication initiation ATPase DnaA	AG-909-J05_00667	-1
CACGBV010000007.1	12725	13786	-	AG-909-J05_00667	AG-909-J05	353	OG0000916	NA	NA	NA	NA	NA	AG-909-J05_00667	0
CACGBV010000007.1	13810	14838	+	AG-909-J05_00668	AG-909-J05	342	OG0000574	K01933	phosphoribosylformylglycinamidine cyclo-ligase [EC:6.3.3.1]	COG0150	PurM	Phosphoribosylaminoimidazole (AIR) synthetase	AG-909-J05_00667	1
CACGBV010000007.1	14816	15397	+	AG-909-J05_00669	AG-909-J05	193	OG0000035	K11175	phosphoribosylglycinamide formyltransferase 1 [EC:2.1.2.2]	COG0299	PurN	Folate-dependent phosphoribosylglycinamide formyltransferase PurN	AG-909-J05_00667	2
CACGBV010000007.1	15387	15797	-	AG-909-J05_00670	AG-909-J05	136	OG0000480	K00940	nucleoside-diphosphate kinase [EC:2.7.4.6]	COG0105	Ndk	Nucleoside diphosphate kinase	AG-909-J05_00667	3
CACGBV010000007.1	15790	17244	-	AG-909-J05_00671	AG-909-J05	484	OG0000405	K01255	leucyl aminopeptidase [EC:3.4.11.1]	COG0260	PepB	Leucyl aminopeptidase	AG-909-J05_00667	4
CACGBV010000007.1	17305	18429	+	AG-909-J05_00672	AG-909-J05	374	OG0000932	NA	NA	COG0795	LptF	Lipopolysaccharide export LptBFGC system, permease protein LptF	AG-909-J05_00667	5
CACGPY010000008.1	6837	7958	-	AG-910-G11_00722	AG-910-G11	373	OG0000932	NA	NA	COG0795	LptF	Lipopolysaccharide export LptBFGC system, permease protein LptF	AG-910-G11_00727	-5
CACGPY010000008.1	8096	9553	+	AG-910-G11_00723	AG-910-G11	485	OG0000405	K01255	leucyl aminopeptidase [EC:3.4.11.1]	COG0260	PepB	Leucyl aminopeptidase	AG-910-G11_00727	-4
CACGPY010000008.1	9546	9956	+	AG-910-G11_00724	AG-910-G11	136	OG0000480	K00940	nucleoside-diphosphate kinase [EC:2.7.4.6]	COG0105	Ndk	Nucleoside diphosphate kinase	AG-910-G11_00727	-3
CACGPY010000008.1	9953	10516	-	AG-910-G11_00725	AG-910-G11	187	OG0000035	K11175	phosphoribosylglycinamide formyltransferase 1 [EC:2.1.2.2]	COG0299	PurN	Folate-dependent phosphoribosylglycinamide formyltransferase PurN	AG-910-G11_00727	-2
CACGPY010000008.1	10510	11538	-	AG-910-G11_00726	AG-910-G11	342	OG0000574	K01933	phosphoribosylformylglycinamidine cyclo-ligase [EC:6.3.3.1]	COG0150	PurM	Phosphoribosylaminoimidazole (AIR) synthetase	AG-910-G11_00727	-1
CACGPY010000008.1	11562	12605	+	AG-910-G11_00727	AG-910-G11	347	OG0000916	NA	NA	NA	NA	NA	AG-910-G11_00727	0
CACGPY010000008.1	12584	13264	+	AG-910-G11_00728	AG-910-G11	226	OG0000690	NA	NA	COG0593	DnaA	Chromosomal replication initiation ATPase DnaA	AG-910-G11_00727	1
CACGPY010000008.1	13261	15048	+	AG-910-G11_00729	AG-910-G11	595	OG0000189	K01876	aspartyl-tRNA synthetase [EC:6.1.1.12]	COG0173	AspS	Aspartyl-tRNA synthetase	AG-910-G11_00727	2
CACGPY010000008.1	15045	15863	-	AG-910-G11_00730	AG-910-G11	272	OG0000284	NA	NA	NA	NA	NA	AG-910-G11_00727	3
CACGPY010000008.1	15962	16312	+	AG-910-G11_00731	AG-910-G11	116	OG0000369	NA	NA	COG3761	NDUFA12	NADH:ubiquinone oxidoreductase NDUFA12 subunit (Leigh syndrome)	AG-910-G11_00727	4
CACGPY010000008.1	16296	16799	+	AG-910-G11_00732	AG-910-G11	167	OG0000472	NA	NA	COG4765	NA	Uncharacterized conserved protein, DUF2155 domain	AG-910-G11_00727	5
CACHCK010000001.1	288734	289849	-	AG-911-E02_00298	AG-911-E02	371	OG0000932	K07091	lipopolysaccharide export system permease protein	COG0795	LptF	Lipopolysaccharide export LptBFGC system, permease protein LptF	AG-911-E02_00303	-5
CACHCK010000001.1	289890	291404	+	AG-911-E02_00299	AG-911-E02	504	OG0000405	K01255	leucyl aminopeptidase [EC:3.4.11.1]	COG0260	PepB	Leucyl aminopeptidase	AG-911-E02_00303	-4
CACHCK010000001.1	291404	291826	+	AG-911-E02_00300	AG-911-E02	140	OG0000480	K00940	nucleoside-diphosphate kinase [EC:2.7.4.6]	COG0105	Ndk	Nucleoside diphosphate kinase	AG-911-E02_00303	-3
CACHCK010000001.1	291816	292388	-	AG-911-E02_00301	AG-911-E02	190	OG0000035	K11175	phosphoribosylglycinamide formyltransferase 1 [EC:2.1.2.2]	COG0299	PurN	Folate-dependent phosphoribosylglycinamide formyltransferase PurN	AG-911-E02_00303	-2
CACHCK010000001.1	292381	293424	-	AG-911-E02_00302	AG-911-E02	347	OG0000574	K01933	phosphoribosylformylglycinamidine cyclo-ligase [EC:6.3.3.1]	COG0150	PurM	Phosphoribosylaminoimidazole (AIR) synthetase	AG-911-E02_00303	-1
CACHCK010000001.1	293440	294519	+	AG-911-E02_00303	AG-911-E02	359	OG0000916	NA	NA	NA	NA	NA	AG-911-E02_00303	0
CACHCK010000001.1	294512	295057	+	AG-911-E02_00304	AG-911-E02	181	OG0000149	NA	NA	COG0558	PgsA	Phosphatidylglycerophosphate synthase	AG-911-E02_00303	1
CACHCK010000001.1	295058	295705	+	AG-911-E02_00305	AG-911-E02	215	OG0000690	NA	NA	COG0593	DnaA	Chromosomal replication initiation ATPase DnaA	AG-911-E02_00303	2
CACHCK010000001.1	295683	296516	-	AG-911-E02_00306	AG-911-E02	277	OG0000122	K03684	ribonuclease D [EC:3.1.13.5]	COG0349	Rnd	Ribonuclease D, nanoRNase NrnC or deoxydinuclease (diDNase)	AG-911-E02_00303	3
CACHCK010000001.1	296550	298346	+	AG-911-E02_00307	AG-911-E02	598	OG0000189	K01876	aspartyl-tRNA synthetase [EC:6.1.1.12]	COG0173	AspS	Aspartyl-tRNA synthetase	AG-911-E02_00303	4
CACHCK010000001.1	298348	301932	-	AG-911-E02_00308	AG-911-E02	1194	OG0000284	K00525	ribonucleoside-diphosphate reductase alpha chain [EC:1.17.4.1]	COG0209	NrdA	Ribonucleotide reductase alpha subunit	AG-911-E02_00303	5
CACHCA010000001.1	77566	77970	-	AG-911-E04_00090	AG-911-E04	134	OG0000472	NA	NA	COG4765	NA	Uncharacterized conserved protein, DUF2155 domain	AG-911-E04_00095	-5
CACHCA010000001.1	77936	78295	-	AG-911-E04_00091	AG-911-E04	119	OG0000369	NA	NA	COG3761	NDUFA12	NADH:ubiquinone oxidoreductase NDUFA12 subunit (Leigh syndrome)	AG-911-E04_00095	-4
CACHCA010000001.1	78410	79234	+	AG-911-E04_00092	AG-911-E04	274	OG0000284	NA	NA	NA	NA	NA	AG-911-E04_00095	-3
CACHCA010000001.1	79235	81019	-	AG-911-E04_00093	AG-911-E04	594	OG0000189	K01876	aspartyl-tRNA synthetase [EC:6.1.1.12]	COG0173	AspS	Aspartyl-tRNA synthetase	AG-911-E04_00095	-2
CACHCA010000001.1	81020	81682	-	AG-911-E04_00094	AG-911-E04	220	OG0000690	NA	NA	COG0593	DnaA	Chromosomal replication initiation ATPase DnaA	AG-911-E04_00095	-1
CACHCA010000001.1	81679	82740	-	AG-911-E04_00095	AG-911-E04	353	OG0000916	NA	NA	NA	NA	NA	AG-911-E04_00095	0
CACHCA010000001.1	82764	83792	+	AG-911-E04_00096	AG-911-E04	342	OG0000574	K01933	phosphoribosylformylglycinamidine cyclo-ligase [EC:6.3.3.1]	COG0150	PurM	Phosphoribosylaminoimidazole (AIR) synthetase	AG-911-E04_00095	1
CACHCA010000001.1	83770	84351	+	AG-911-E04_00097	AG-911-E04	193	OG0000035	K11175	phosphoribosylglycinamide formyltransferase 1 [EC:2.1.2.2]	COG0299	PurN	Folate-dependent phosphoribosylglycinamide formyltransferase PurN	AG-911-E04_00095	2
CACHCA010000001.1	84341	84751	-	AG-911-E04_00098	AG-911-E04	136	OG0000480	K00940	nucleoside-diphosphate kinase [EC:2.7.4.6]	COG0105	Ndk	Nucleoside diphosphate kinase	AG-911-E04_00095	3
CACHCA010000001.1	84744	86198	-	AG-911-E04_00099	AG-911-E04	484	OG0000405	K01255	leucyl aminopeptidase [EC:3.4.11.1]	COG0260	PepB	Leucyl aminopeptidase	AG-911-E04_00095	4
CACHCA010000001.1	86258	87382	+	AG-911-E04_00100	AG-911-E04	374	OG0000932	NA	NA	COG0795	LptF	Lipopolysaccharide export LptBFGC system, permease protein LptF	AG-911-E04_00095	5
CACHEO010000002.1	76407	76811	-	AG-911-G03_00353	AG-911-G03	134	OG0000472	NA	NA	COG4765	NA	Uncharacterized conserved protein, DUF2155 domain	AG-911-G03_00358	-5
CACHEO010000002.1	76774	77133	-	AG-911-G03_00354	AG-911-G03	119	OG0000369	NA	NA	COG3761	NDUFA12	NADH:ubiquinone oxidoreductase NDUFA12 subunit (Leigh syndrome)	AG-911-G03_00358	-4
CACHEO010000002.1	77247	78071	+	AG-911-G03_00355	AG-911-G03	274	OG0000284	NA	NA	NA	NA	NA	AG-911-G03_00358	-3
CACHEO010000002.1	78075	79859	-	AG-911-G03_00356	AG-911-G03	594	OG0000189	K01876	aspartyl-tRNA synthetase [EC:6.1.1.12]	COG0173	AspS	Aspartyl-tRNA synthetase	AG-911-G03_00358	-2
CACHEO010000002.1	79860	80534	-	AG-911-G03_00357	AG-911-G03	224	OG0000690	NA	NA	COG0593	DnaA	Chromosomal replication initiation ATPase DnaA	AG-911-G03_00358	-1
CACHEO010000002.1	80519	81598	-	AG-911-G03_00358	AG-911-G03	359	OG0000916	NA	NA	NA	NA	NA	AG-911-G03_00358	0
CACHEO010000002.1	81610	82638	+	AG-911-G03_00359	AG-911-G03	342	OG0000574	K01933	phosphoribosylformylglycinamidine cyclo-ligase [EC:6.3.3.1]	COG0150	PurM	Phosphoribosylaminoimidazole (AIR) synthetase	AG-911-G03_00358	1
CACHEO010000002.1	82616	83197	+	AG-911-G03_00360	AG-911-G03	193	OG0000035	K11175	phosphoribosylglycinamide formyltransferase 1 [EC:2.1.2.2]	COG0299	PurN	Folate-dependent phosphoribosylglycinamide formyltransferase PurN	AG-911-G03_00358	2
CACHEO010000002.1	83187	83597	-	AG-911-G03_00361	AG-911-G03	136	OG0000480	K00940	nucleoside-diphosphate kinase [EC:2.7.4.6]	COG0105	Ndk	Nucleoside diphosphate kinase	AG-911-G03_00358	3
CACHEO010000002.1	83590	85044	-	AG-911-G03_00362	AG-911-G03	484	OG0000405	K01255	leucyl aminopeptidase [EC:3.4.11.1]	COG0260	PepB	Leucyl aminopeptidase	AG-911-G03_00358	4
CACHEO010000002.1	85105	86244	+	AG-911-G03_00363	AG-911-G03	379	OG0000932	NA	NA	COG0795	LptF	Lipopolysaccharide export LptBFGC system, permease protein LptF	AG-911-G03_00358	5
CACHFP010000004.1	61809	62309	-	AG-911-G13_00668	AG-911-G13	166	OG0000472	NA	NA	COG4765	NA	Uncharacterized conserved protein, DUF2155 domain	AG-911-G13_00673	-5
CACHFP010000004.1	62293	62640	-	AG-911-G13_00669	AG-911-G13	115	OG0000369	NA	NA	COG3761	NDUFA12	NADH:ubiquinone oxidoreductase NDUFA12 subunit (Leigh syndrome)	AG-911-G13_00673	-4
CACHFP010000004.1	62743	63564	+	AG-911-G13_00670	AG-911-G13	273	OG0000284	NA	NA	NA	NA	NA	AG-911-G13_00673	-3
CACHFP010000004.1	63561	65348	-	AG-911-G13_00671	AG-911-G13	595	OG0000189	K01876	aspartyl-tRNA synthetase [EC:6.1.1.12]	COG0173	AspS	Aspartyl-tRNA synthetase	AG-911-G13_00673	-2
CACHFP010000004.1	65341	65997	-	AG-911-G13_00672	AG-911-G13	218	OG0000690	NA	NA	COG0593	DnaA	Chromosomal replication initiation ATPase DnaA	AG-911-G13_00673	-1
CACHFP010000004.1	65997	67040	-	AG-911-G13_00673	AG-911-G13	347	OG0000916	NA	NA	NA	NA	NA	AG-911-G13_00673	0
CACHFP010000004.1	67064	68092	+	AG-911-G13_00674	AG-911-G13	342	OG0000574	K01933	phosphoribosylformylglycinamidine cyclo-ligase [EC:6.3.3.1]	COG0150	PurM	Phosphoribosylaminoimidazole (AIR) synthetase	AG-911-G13_00673	1
CACHFP010000004.1	68086	68649	+	AG-911-G13_00675	AG-911-G13	187	OG0000035	K11175	phosphoribosylglycinamide formyltransferase 1 [EC:2.1.2.2]	COG0299	PurN	Folate-dependent phosphoribosylglycinamide formyltransferase PurN	AG-911-G13_00673	2
CACHFP010000004.1	68646	69056	-	AG-911-G13_00676	AG-911-G13	136	OG0000480	K00940	nucleoside-diphosphate kinase [EC:2.7.4.6]	COG0105	Ndk	Nucleoside diphosphate kinase	AG-911-G13_00673	3
CACHFP010000004.1	69049	70503	-	AG-911-G13_00677	AG-911-G13	484	OG0000405	K01255	leucyl aminopeptidase [EC:3.4.11.1]	COG0260	PepB	Leucyl aminopeptidase	AG-911-G13_00673	4
CACHFP010000004.1	70639	71763	+	AG-911-G13_00678	AG-911-G13	374	OG0000932	NA	NA	COG0795	LptF	Lipopolysaccharide export LptBFGC system, permease protein LptF	AG-911-G13_00673	5
CACHJZ010000004.1	9497	9898	-	AG-911-N14_00696	AG-911-N14	133	OG0000472	NA	NA	COG4765	NA	Uncharacterized conserved protein, DUF2155 domain	AG-911-N14_00701	-5
CACHJZ010000004.1	9861	10223	-	AG-911-N14_00697	AG-911-N14	120	OG0000369	NA	NA	COG3761	NDUFA12	NADH:ubiquinone oxidoreductase NDUFA12 subunit (Leigh syndrome)	AG-911-N14_00701	-4
CACHJZ010000004.1	10329	11171	+	AG-911-N14_00698	AG-911-N14	280	OG0000284	NA	NA	NA	NA	NA	AG-911-N14_00701	-3
CACHJZ010000004.1	11173	12954	-	AG-911-N14_00699	AG-911-N14	593	OG0000189	K01876	aspartyl-tRNA synthetase [EC:6.1.1.12]	COG0173	AspS	Aspartyl-tRNA synthetase	AG-911-N14_00701	-2
CACHJZ010000004.1	12947	13618	-	AG-911-N14_00700	AG-911-N14	223	OG0000690	NA	NA	COG0593	DnaA	Chromosomal replication initiation ATPase DnaA	AG-911-N14_00701	-1
CACHJZ010000004.1	13620	14696	-	AG-911-N14_00701	AG-911-N14	358	OG0000916	NA	NA	NA	NA	NA	AG-911-N14_00701	0
CACHJZ010000004.1	14708	15727	+	AG-911-N14_00702	AG-911-N14	339	OG0000574	K01933	phosphoribosylformylglycinamidine cyclo-ligase [EC:6.3.3.1]	COG0150	PurM	Phosphoribosylaminoimidazole (AIR) synthetase	AG-911-N14_00701	1
CACHJZ010000004.1	15708	16283	+	AG-911-N14_00703	AG-911-N14	191	OG0000035	K11175	phosphoribosylglycinamide formyltransferase 1 [EC:2.1.2.2]	COG0299	PurN	Folate-dependent phosphoribosylglycinamide formyltransferase PurN	AG-911-N14_00701	2
CACHJZ010000004.1	16280	16690	-	AG-911-N14_00704	AG-911-N14	136	OG0000480	K00940	nucleoside-diphosphate kinase [EC:2.7.4.6]	COG0105	Ndk	Nucleoside diphosphate kinase	AG-911-N14_00701	3
CACHJZ010000004.1	16683	18152	-	AG-911-N14_00705	AG-911-N14	489	OG0000405	K01255	leucyl aminopeptidase [EC:3.4.11.1]	COG0260	PepB	Leucyl aminopeptidase	AG-911-N14_00701	4
CACHJZ010000004.1	18238	19359	+	AG-911-N14_00706	AG-911-N14	373	OG0000932	NA	NA	COG0795	LptF	Lipopolysaccharide export LptBFGC system, permease protein LptF	AG-911-N14_00701	5
CACHLB010000007.1	39693	40100	-	AG-912-A14_00751	AG-912-A14	135	OG0000472	NA	NA	COG4765	NA	Uncharacterized conserved protein, DUF2155 domain	AG-912-A14_00756	-5
CACHLB010000007.1	40063	40419	-	AG-912-A14_00752	AG-912-A14	118	OG0000369	NA	NA	COG3761	NDUFA12	NADH:ubiquinone oxidoreductase NDUFA12 subunit (Leigh syndrome)	AG-912-A14_00756	-4
CACHLB010000007.1	40528	41349	+	AG-912-A14_00753	AG-912-A14	273	OG0000284	NA	NA	NA	NA	NA	AG-912-A14_00756	-3
CACHLB010000007.1	41350	43131	-	AG-912-A14_00754	AG-912-A14	593	OG0000189	K01876	aspartyl-tRNA synthetase [EC:6.1.1.12]	COG0173	AspS	Aspartyl-tRNA synthetase	AG-912-A14_00756	-2
CACHLB010000007.1	43128	43787	-	AG-912-A14_00755	AG-912-A14	219	OG0000690	NA	NA	COG0593	DnaA	Chromosomal replication initiation ATPase DnaA	AG-912-A14_00756	-1
CACHLB010000007.1	43784	44860	-	AG-912-A14_00756	AG-912-A14	358	OG0000916	NA	NA	NA	NA	NA	AG-912-A14_00756	0
CACHLB010000007.1	44870	45892	+	AG-912-A14_00757	AG-912-A14	340	OG0000574	K01933	phosphoribosylformylglycinamidine cyclo-ligase [EC:6.3.3.1]	COG0150	PurM	Phosphoribosylaminoimidazole (AIR) synthetase	AG-912-A14_00756	1
CACHLB010000007.1	45873	46451	+	AG-912-A14_00758	AG-912-A14	192	OG0000035	K11175	phosphoribosylglycinamide formyltransferase 1 [EC:2.1.2.2]	COG0299	PurN	Folate-dependent phosphoribosylglycinamide formyltransferase PurN	AG-912-A14_00756	2
CACHLB010000007.1	46441	46851	-	AG-912-A14_00759	AG-912-A14	136	OG0000480	K00940	nucleoside-diphosphate kinase [EC:2.7.4.6]	COG0105	Ndk	Nucleoside diphosphate kinase	AG-912-A14_00756	3
CACHLB010000007.1	46844	48280	-	AG-912-A14_00760	AG-912-A14	478	OG0000405	K01255	leucyl aminopeptidase [EC:3.4.11.1]	COG0260	PepB	Leucyl aminopeptidase	AG-912-A14_00756	4
CACHLB010000007.1	48335	49465	+	AG-912-A14_00761	AG-912-A14	376	OG0000932	NA	NA	COG0795	LptF	Lipopolysaccharide export LptBFGC system, permease protein LptF	AG-912-A14_00756	5
CACHSE010000005.1	55328	56470	-	AG-912-C08_00748	AG-912-C08	380	OG0000932	NA	NA	COG0795	LptF	Lipopolysaccharide export LptBFGC system, permease protein LptF	AG-912-C08_00753	-5
CACHSE010000005.1	56552	58009	+	AG-912-C08_00749	AG-912-C08	485	OG0000405	K01255	leucyl aminopeptidase [EC:3.4.11.1]	COG0260	PepB	Leucyl aminopeptidase	AG-912-C08_00753	-4
CACHSE010000005.1	58002	58412	+	AG-912-C08_00750	AG-912-C08	136	OG0000480	K00940	nucleoside-diphosphate kinase [EC:2.7.4.6]	COG0105	Ndk	Nucleoside diphosphate kinase	AG-912-C08_00753	-3
CACHSE010000005.1	58402	58971	-	AG-912-C08_00751	AG-912-C08	189	OG0000035	K11175	phosphoribosylglycinamide formyltransferase 1 [EC:2.1.2.2]	COG0299	PurN	Folate-dependent phosphoribosylglycinamide formyltransferase PurN	AG-912-C08_00753	-2
CACHSE010000005.1	58962	59990	-	AG-912-C08_00752	AG-912-C08	342	OG0000574	K01933	phosphoribosylformylglycinamidine cyclo-ligase [EC:6.3.3.1]	COG0150	PurM	Phosphoribosylaminoimidazole (AIR) synthetase	AG-912-C08_00753	-1
CACHSE010000005.1	60002	61081	+	AG-912-C08_00753	AG-912-C08	359	OG0000916	NA	NA	NA	NA	NA	AG-912-C08_00753	0
CACHSE010000005.1	61083	61745	+	AG-912-C08_00754	AG-912-C08	220	OG0000690	NA	NA	COG0593	DnaA	Chromosomal replication initiation ATPase DnaA	AG-912-C08_00753	1
CACHSE010000005.1	61746	63530	+	AG-912-C08_00755	AG-912-C08	594	OG0000189	K01876	aspartyl-tRNA synthetase [EC:6.1.1.12]	COG0173	AspS	Aspartyl-tRNA synthetase	AG-912-C08_00753	2
CACHSE010000005.1	63531	64355	-	AG-912-C08_00756	AG-912-C08	274	OG0000284	NA	NA	NA	NA	NA	AG-912-C08_00753	3
CACHSE010000005.1	64471	64830	+	AG-912-C08_00757	AG-912-C08	119	OG0000369	NA	NA	COG3761	NDUFA12	NADH:ubiquinone oxidoreductase NDUFA12 subunit (Leigh syndrome)	AG-912-C08_00753	4
CACHSE010000005.1	64799	65200	+	AG-912-C08_00758	AG-912-C08	133	OG0000472	NA	NA	COG4765	NA	Uncharacterized conserved protein, DUF2155 domain	AG-912-C08_00753	5
CACHRI010000003.1	82709	83851	-	AG-912-D10_00563	AG-912-D10	380	OG0000932	NA	NA	COG0795	LptF	Lipopolysaccharide export LptBFGC system, permease protein LptF	AG-912-D10_00568	-5
CACHRI010000003.1	83984	85441	+	AG-912-D10_00564	AG-912-D10	485	OG0000405	K01255	leucyl aminopeptidase [EC:3.4.11.1]	COG0260	PepB	Leucyl aminopeptidase	AG-912-D10_00568	-4
CACHRI010000003.1	85434	85841	+	AG-912-D10_00565	AG-912-D10	135	OG0000480	K00940	nucleoside-diphosphate kinase [EC:2.7.4.6]	COG0105	Ndk	Nucleoside diphosphate kinase	AG-912-D10_00568	-3
CACHRI010000003.1	85846	86403	-	AG-912-D10_00566	AG-912-D10	185	OG0000035	K11175	phosphoribosylglycinamide formyltransferase 1 [EC:2.1.2.2]	COG0299	PurN	Folate-dependent phosphoribosylglycinamide formyltransferase PurN	AG-912-D10_00568	-2
CACHRI010000003.1	86397	87425	-	AG-912-D10_00567	AG-912-D10	342	OG0000574	K01933	phosphoribosylformylglycinamidine cyclo-ligase [EC:6.3.3.1]	COG0150	PurM	Phosphoribosylaminoimidazole (AIR) synthetase	AG-912-D10_00568	-1
CACHRI010000003.1	87450	88490	+	AG-912-D10_00568	AG-912-D10	346	OG0000916	NA	NA	NA	NA	NA	AG-912-D10_00568	0
CACHRI010000003.1	88492	89148	+	AG-912-D10_00569	AG-912-D10	218	OG0000690	NA	NA	COG0593	DnaA	Chromosomal replication initiation ATPase DnaA	AG-912-D10_00568	1
CACHRI010000003.1	89141	90928	+	AG-912-D10_00570	AG-912-D10	595	OG0000189	K01876	aspartyl-tRNA synthetase [EC:6.1.1.12]	COG0173	AspS	Aspartyl-tRNA synthetase	AG-912-D10_00568	2
CACHRI010000003.1	90925	91743	-	AG-912-D10_00571	AG-912-D10	272	OG0000284	NA	NA	NA	NA	NA	AG-912-D10_00568	3
CACHRI010000003.1	91790	92191	+	AG-912-D10_00572	AG-912-D10	133	OG0000369	NA	NA	COG3761	NDUFA12	NADH:ubiquinone oxidoreductase NDUFA12 subunit (Leigh syndrome)	AG-912-D10_00568	4
CACHRI010000003.1	92172	92684	+	AG-912-D10_00573	AG-912-D10	170	OG0000472	NA	NA	COG4765	NA	Uncharacterized conserved protein, DUF2155 domain	AG-912-D10_00568	5
CACHUT010000001.1	141200	141604	-	AG-912-F16_00155	AG-912-F16	134	OG0000472	NA	NA	COG4765	NA	Uncharacterized conserved protein, DUF2155 domain	AG-912-F16_00160	-5
CACHUT010000001.1	141567	141926	-	AG-912-F16_00156	AG-912-F16	119	OG0000369	NA	NA	COG3761	NDUFA12	NADH:ubiquinone oxidoreductase NDUFA12 subunit (Leigh syndrome)	AG-912-F16_00160	-4
CACHUT010000001.1	142040	142864	+	AG-912-F16_00157	AG-912-F16	274	OG0000284	NA	NA	NA	NA	NA	AG-912-F16_00160	-3
CACHUT010000001.1	142868	144652	-	AG-912-F16_00158	AG-912-F16	594	OG0000189	K01876	aspartyl-tRNA synthetase [EC:6.1.1.12]	COG0173	AspS	Aspartyl-tRNA synthetase	AG-912-F16_00160	-2
CACHUT010000001.1	144653	145327	-	AG-912-F16_00159	AG-912-F16	224	OG0000690	NA	NA	COG0593	DnaA	Chromosomal replication initiation ATPase DnaA	AG-912-F16_00160	-1
CACHUT010000001.1	145312	146391	-	AG-912-F16_00160	AG-912-F16	359	OG0000916	NA	NA	NA	NA	NA	AG-912-F16_00160	0
CACHUT010000001.1	146403	147431	+	AG-912-F16_00161	AG-912-F16	342	OG0000574	K01933	phosphoribosylformylglycinamidine cyclo-ligase [EC:6.3.3.1]	COG0150	PurM	Phosphoribosylaminoimidazole (AIR) synthetase	AG-912-F16_00160	1
CACHUT010000001.1	147409	147990	+	AG-912-F16_00162	AG-912-F16	193	OG0000035	K11175	phosphoribosylglycinamide formyltransferase 1 [EC:2.1.2.2]	COG0299	PurN	Folate-dependent phosphoribosylglycinamide formyltransferase PurN	AG-912-F16_00160	2
CACHUT010000001.1	147980	148390	-	AG-912-F16_00163	AG-912-F16	136	OG0000480	K00940	nucleoside-diphosphate kinase [EC:2.7.4.6]	COG0105	Ndk	Nucleoside diphosphate kinase	AG-912-F16_00160	3
CACHUT010000001.1	148383	149837	-	AG-912-F16_00164	AG-912-F16	484	OG0000405	K01255	leucyl aminopeptidase [EC:3.4.11.1]	COG0260	PepB	Leucyl aminopeptidase	AG-912-F16_00160	4
CACHUT010000001.1	149898	151043	+	AG-912-F16_00165	AG-912-F16	381	OG0000932	NA	NA	COG0795	LptF	Lipopolysaccharide export LptBFGC system, permease protein LptF	AG-912-F16_00160	5
CACPIF010000006.1	1363	2469	-	AG-912-L11_00890	AG-912-L11	368	OG0000932	NA	NA	COG0795	LptF	Lipopolysaccharide export LptBFGC system, permease protein LptF	AG-912-L11_00895	-5
CACPIF010000006.1	2529	3983	+	AG-912-L11_00891	AG-912-L11	484	OG0000405	K01255	leucyl aminopeptidase [EC:3.4.11.1]	COG0260	PepB	Leucyl aminopeptidase	AG-912-L11_00895	-4
CACPIF010000006.1	3976	4386	+	AG-912-L11_00892	AG-912-L11	136	OG0000480	K00940	nucleoside-diphosphate kinase [EC:2.7.4.6]	COG0105	Ndk	Nucleoside diphosphate kinase	AG-912-L11_00895	-3
CACPIF010000006.1	4376	4957	-	AG-912-L11_00893	AG-912-L11	193	OG0000035	K11175	phosphoribosylglycinamide formyltransferase 1 [EC:2.1.2.2]	COG0299	PurN	Folate-dependent phosphoribosylglycinamide formyltransferase PurN	AG-912-L11_00895	-2
CACPIF010000006.1	4932	5963	-	AG-912-L11_00894	AG-912-L11	343	OG0000574	K01933	phosphoribosylformylglycinamidine cyclo-ligase [EC:6.3.3.1]	COG0150	PurM	Phosphoribosylaminoimidazole (AIR) synthetase	AG-912-L11_00895	-1
CACPIF010000006.1	5975	7063	+	AG-912-L11_00895	AG-912-L11	362	OG0000916	NA	NA	NA	NA	NA	AG-912-L11_00895	0
CACPIF010000006.1	7050	7712	+	AG-912-L11_00896	AG-912-L11	220	OG0000690	NA	NA	COG0593	DnaA	Chromosomal replication initiation ATPase DnaA	AG-912-L11_00895	1
CACPIF010000006.1	7713	9497	+	AG-912-L11_00897	AG-912-L11	594	OG0000189	K01876	aspartyl-tRNA synthetase [EC:6.1.1.12]	COG0173	AspS	Aspartyl-tRNA synthetase	AG-912-L11_00895	2
CACPIF010000006.1	9499	10323	-	AG-912-L11_00898	AG-912-L11	274	OG0000284	NA	NA	NA	NA	NA	AG-912-L11_00895	3
CACPIF010000006.1	10437	10796	+	AG-912-L11_00899	AG-912-L11	119	OG0000369	NA	NA	COG3761	NDUFA12	NADH:ubiquinone oxidoreductase NDUFA12 subunit (Leigh syndrome)	AG-912-L11_00895	4
CACPIF010000006.1	10759	11166	+	AG-912-L11_00900	AG-912-L11	135	OG0000472	NA	NA	COG4765	NA	Uncharacterized conserved protein, DUF2155 domain	AG-912-L11_00895	5
CACICB010000001.1	188986	189489	-	AG-912-P19_00195	AG-912-P19	167	OG0000472	NA	NA	COG4765	NA	Uncharacterized conserved protein, DUF2155 domain	AG-912-P19_00200	-5
CACICB010000001.1	189473	189823	-	AG-912-P19_00196	AG-912-P19	116	OG0000369	NA	NA	COG3761	NDUFA12	NADH:ubiquinone oxidoreductase NDUFA12 subunit (Leigh syndrome)	AG-912-P19_00200	-4
CACICB010000001.1	189924	190730	+	AG-912-P19_00197	AG-912-P19	268	OG0000284	NA	NA	NA	NA	NA	AG-912-P19_00200	-3
CACICB010000001.1	190727	192514	-	AG-912-P19_00198	AG-912-P19	595	OG0000189	K01876	aspartyl-tRNA synthetase [EC:6.1.1.12]	COG0173	AspS	Aspartyl-tRNA synthetase	AG-912-P19_00200	-2
CACICB010000001.1	192511	193167	-	AG-912-P19_00199	AG-912-P19	218	OG0000690	NA	NA	COG0593	DnaA	Chromosomal replication initiation ATPase DnaA	AG-912-P19_00200	-1
CACICB010000001.1	193164	194210	-	AG-912-P19_00200	AG-912-P19	348	OG0000916	NA	NA	NA	NA	NA	AG-912-P19_00200	0
CACICB010000001.1	194236	195264	+	AG-912-P19_00201	AG-912-P19	342	OG0000574	K01933	phosphoribosylformylglycinamidine cyclo-ligase [EC:6.3.3.1]	COG0150	PurM	Phosphoribosylaminoimidazole (AIR) synthetase	AG-912-P19_00200	1
CACICB010000001.1	195258	195821	+	AG-912-P19_00202	AG-912-P19	187	OG0000035	K11175	phosphoribosylglycinamide formyltransferase 1 [EC:2.1.2.2]	COG0299	PurN	Folate-dependent phosphoribosylglycinamide formyltransferase PurN	AG-912-P19_00200	2
CACICB010000001.1	195818	196228	-	AG-912-P19_00203	AG-912-P19	136	OG0000480	K00940	nucleoside-diphosphate kinase [EC:2.7.4.6]	COG0105	Ndk	Nucleoside diphosphate kinase	AG-912-P19_00200	3
CACICB010000001.1	196221	197681	-	AG-912-P19_00204	AG-912-P19	486	OG0000405	K01255	leucyl aminopeptidase [EC:3.4.11.1]	COG0260	PepB	Leucyl aminopeptidase	AG-912-P19_00200	4
CACICB010000001.1	197788	198939	+	AG-912-P19_00205	AG-912-P19	383	OG0000932	NA	NA	COG0795	LptF	Lipopolysaccharide export LptBFGC system, permease protein LptF	AG-912-P19_00200	5
CACIEE010000002.1	107340	108482	-	AG-913-A04_00498	AG-913-A04	380	OG0000932	NA	NA	COG0795	LptF	Lipopolysaccharide export LptBFGC system, permease protein LptF	AG-913-A04_00503	-5
CACIEE010000002.1	108543	109997	+	AG-913-A04_00499	AG-913-A04	484	OG0000405	K01255	leucyl aminopeptidase [EC:3.4.11.1]	COG0260	PepB	Leucyl aminopeptidase	AG-913-A04_00503	-4
CACIEE010000002.1	109990	110400	+	AG-913-A04_00500	AG-913-A04	136	OG0000480	K00940	nucleoside-diphosphate kinase [EC:2.7.4.6]	COG0105	Ndk	Nucleoside diphosphate kinase	AG-913-A04_00503	-3
CACIEE010000002.1	110390	110971	-	AG-913-A04_00501	AG-913-A04	193	OG0000035	K11175	phosphoribosylglycinamide formyltransferase 1 [EC:2.1.2.2]	COG0299	PurN	Folate-dependent phosphoribosylglycinamide formyltransferase PurN	AG-913-A04_00503	-2
CACIEE010000002.1	110949	111977	-	AG-913-A04_00502	AG-913-A04	342	OG0000574	K01933	phosphoribosylformylglycinamidine cyclo-ligase [EC:6.3.3.1]	COG0150	PurM	Phosphoribosylaminoimidazole (AIR) synthetase	AG-913-A04_00503	-1
CACIEE010000002.1	111989	113068	+	AG-913-A04_00503	AG-913-A04	359	OG0000916	NA	NA	NA	NA	NA	AG-913-A04_00503	0
CACIEE010000002.1	113053	113727	+	AG-913-A04_00504	AG-913-A04	224	OG0000690	NA	NA	COG0593	DnaA	Chromosomal replication initiation ATPase DnaA	AG-913-A04_00503	1
CACIEE010000002.1	113728	115512	+	AG-913-A04_00505	AG-913-A04	594	OG0000189	K01876	aspartyl-tRNA synthetase [EC:6.1.1.12]	COG0173	AspS	Aspartyl-tRNA synthetase	AG-913-A04_00503	2
CACIEE010000002.1	115516	116340	-	AG-913-A04_00506	AG-913-A04	274	OG0000284	NA	NA	NA	NA	NA	AG-913-A04_00503	3
CACIEE010000002.1	116454	116813	+	AG-913-A04_00507	AG-913-A04	119	OG0000369	NA	NA	COG3761	NDUFA12	NADH:ubiquinone oxidoreductase NDUFA12 subunit (Leigh syndrome)	AG-913-A04_00503	4
CACIEE010000002.1	116776	117180	+	AG-913-A04_00508	AG-913-A04	134	OG0000472	NA	NA	COG4765	NA	Uncharacterized conserved protein, DUF2155 domain	AG-913-A04_00503	5
CACIEO010000002.1	121487	122611	-	AG-913-C02_00431	AG-913-C02	374	OG0000932	NA	NA	COG0795	LptF	Lipopolysaccharide export LptBFGC system, permease protein LptF	AG-913-C02_00436	-5
CACIEO010000002.1	122695	124164	+	AG-913-C02_00432	AG-913-C02	489	OG0000405	K01255	leucyl aminopeptidase [EC:3.4.11.1]	COG0260	PepB	Leucyl aminopeptidase	AG-913-C02_00436	-4
CACIEO010000002.1	124157	124567	+	AG-913-C02_00433	AG-913-C02	136	OG0000480	K00940	nucleoside-diphosphate kinase [EC:2.7.4.6]	COG0105	Ndk	Nucleoside diphosphate kinase	AG-913-C02_00436	-3
CACIEO010000002.1	124564	125139	-	AG-913-C02_00434	AG-913-C02	191	OG0000035	K11175	phosphoribosylglycinamide formyltransferase 1 [EC:2.1.2.2]	COG0299	PurN	Folate-dependent phosphoribosylglycinamide formyltransferase PurN	AG-913-C02_00436	-2
CACIEO010000002.1	125120	126139	-	AG-913-C02_00435	AG-913-C02	339	OG0000574	K01933	phosphoribosylformylglycinamidine cyclo-ligase [EC:6.3.3.1]	COG0150	PurM	Phosphoribosylaminoimidazole (AIR) synthetase	AG-913-C02_00436	-1
CACIEO010000002.1	126151	127227	+	AG-913-C02_00436	AG-913-C02	358	OG0000916	NA	NA	NA	NA	NA	AG-913-C02_00436	0
CACIEO010000002.1	127233	127895	+	AG-913-C02_00437	AG-913-C02	220	OG0000690	NA	NA	COG0593	DnaA	Chromosomal replication initiation ATPase DnaA	AG-913-C02_00436	1
CACIEO010000002.1	127897	129678	+	AG-913-C02_00438	AG-913-C02	593	OG0000189	K01876	aspartyl-tRNA synthetase [EC:6.1.1.12]	COG0173	AspS	Aspartyl-tRNA synthetase	AG-913-C02_00436	2
CACIEO010000002.1	129680	130516	-	AG-913-C02_00439	AG-913-C02	278	OG0000284	NA	NA	NA	NA	NA	AG-913-C02_00436	3
CACIEO010000002.1	130622	130984	+	AG-913-C02_00440	AG-913-C02	120	OG0000369	NA	NA	COG3761	NDUFA12	NADH:ubiquinone oxidoreductase NDUFA12 subunit (Leigh syndrome)	AG-913-C02_00436	4
CACIEO010000002.1	130947	131351	+	AG-913-C02_00441	AG-913-C02	134	OG0000472	NA	NA	COG4765	NA	Uncharacterized conserved protein, DUF2155 domain	AG-913-C02_00436	5
CACIEM010000005.1	90512	90916	-	AG-913-C03_00926	AG-913-C03	134	OG0000472	NA	NA	COG4765	NA	Uncharacterized conserved protein, DUF2155 domain	AG-913-C03_00931	-5
CACIEM010000005.1	90879	91238	-	AG-913-C03_00927	AG-913-C03	119	OG0000369	NA	NA	COG3761	NDUFA12	NADH:ubiquinone oxidoreductase NDUFA12 subunit (Leigh syndrome)	AG-913-C03_00931	-4
CACIEM010000005.1	91352	92191	+	AG-913-C03_00928	AG-913-C03	279	OG0000284	NA	NA	NA	NA	NA	AG-913-C03_00931	-3
CACIEM010000005.1	92195	93979	-	AG-913-C03_00929	AG-913-C03	594	OG0000189	K01876	aspartyl-tRNA synthetase [EC:6.1.1.12]	COG0173	AspS	Aspartyl-tRNA synthetase	AG-913-C03_00931	-2
CACIEM010000005.1	93980	94654	-	AG-913-C03_00930	AG-913-C03	224	OG0000690	NA	NA	COG0593	DnaA	Chromosomal replication initiation ATPase DnaA	AG-913-C03_00931	-1
CACIEM010000005.1	94639	95718	-	AG-913-C03_00931	AG-913-C03	359	OG0000916	NA	NA	NA	NA	NA	AG-913-C03_00931	0
CACIEM010000005.1	95730	96758	+	AG-913-C03_00932	AG-913-C03	342	OG0000574	K01933	phosphoribosylformylglycinamidine cyclo-ligase [EC:6.3.3.1]	COG0150	PurM	Phosphoribosylaminoimidazole (AIR) synthetase	AG-913-C03_00931	1
CACIEM010000005.1	96736	97317	+	AG-913-C03_00933	AG-913-C03	193	OG0000035	K11175	phosphoribosylglycinamide formyltransferase 1 [EC:2.1.2.2]	COG0299	PurN	Folate-dependent phosphoribosylglycinamide formyltransferase PurN	AG-913-C03_00931	2
CACIEM010000005.1	97307	97717	-	AG-913-C03_00934	AG-913-C03	136	OG0000480	K00940	nucleoside-diphosphate kinase [EC:2.7.4.6]	COG0105	Ndk	Nucleoside diphosphate kinase	AG-913-C03_00931	3
CACIEM010000005.1	97710	99164	-	AG-913-C03_00935	AG-913-C03	484	OG0000405	K01255	leucyl aminopeptidase [EC:3.4.11.1]	COG0260	PepB	Leucyl aminopeptidase	AG-913-C03_00931	4
CACIEM010000005.1	99226	100365	+	AG-913-C03_00936	AG-913-C03	379	OG0000932	NA	NA	COG0795	LptF	Lipopolysaccharide export LptBFGC system, permease protein LptF	AG-913-C03_00931	5
CACIKZ010000003.1	9782	10189	-	AG-913-F03_00427	AG-913-F03	135	OG0000472	NA	NA	COG4765	NA	Uncharacterized conserved protein, DUF2155 domain	AG-913-F03_00432	-5
CACIKZ010000003.1	10152	10511	-	AG-913-F03_00428	AG-913-F03	119	OG0000369	NA	NA	COG3761	NDUFA12	NADH:ubiquinone oxidoreductase NDUFA12 subunit (Leigh syndrome)	AG-913-F03_00432	-4
CACIKZ010000003.1	10627	11451	+	AG-913-F03_00429	AG-913-F03	274	OG0000284	NA	NA	NA	NA	NA	AG-913-F03_00432	-3
CACIKZ010000003.1	11453	13237	-	AG-913-F03_00430	AG-913-F03	594	OG0000189	K01876	aspartyl-tRNA synthetase [EC:6.1.1.12]	COG0173	AspS	Aspartyl-tRNA synthetase	AG-913-F03_00432	-2
CACIKZ010000003.1	13238	13900	-	AG-913-F03_00431	AG-913-F03	220	OG0000690	NA	NA	COG0593	DnaA	Chromosomal replication initiation ATPase DnaA	AG-913-F03_00432	-1
CACIKZ010000003.1	13887	14975	-	AG-913-F03_00432	AG-913-F03	362	OG0000916	NA	NA	NA	NA	NA	AG-913-F03_00432	0
CACIKZ010000003.1	14987	16012	+	AG-913-F03_00433	AG-913-F03	341	OG0000574	K01933	phosphoribosylformylglycinamidine cyclo-ligase [EC:6.3.3.1]	COG0150	PurM	Phosphoribosylaminoimidazole (AIR) synthetase	AG-913-F03_00432	1
CACIKZ010000003.1	15993	16571	+	AG-913-F03_00434	AG-913-F03	192	OG0000035	K11175	phosphoribosylglycinamide formyltransferase 1 [EC:2.1.2.2]	COG0299	PurN	Folate-dependent phosphoribosylglycinamide formyltransferase PurN	AG-913-F03_00432	2
CACIKZ010000003.1	16561	16971	-	AG-913-F03_00435	AG-913-F03	136	OG0000480	K00940	nucleoside-diphosphate kinase [EC:2.7.4.6]	COG0105	Ndk	Nucleoside diphosphate kinase	AG-913-F03_00432	3
CACIKZ010000003.1	16964	18385	-	AG-913-F03_00436	AG-913-F03	473	OG0000405	K01255	leucyl aminopeptidase [EC:3.4.11.1]	COG0260	PepB	Leucyl aminopeptidase	AG-913-F03_00432	4
CACIKZ010000003.1	18480	19628	+	AG-913-F03_00437	AG-913-F03	382	OG0000932	NA	NA	COG0795	LptF	Lipopolysaccharide export LptBFGC system, permease protein LptF	AG-913-F03_00432	5
CACILH010000004.1	48100	48636	-	AG-913-I06_00893	AG-913-I06	178	OG0000472	NA	NA	COG4765	NA	Uncharacterized conserved protein, DUF2155 domain	AG-913-I06_00898	-5
CACILH010000004.1	48596	48955	-	AG-913-I06_00894	AG-913-I06	119	OG0000369	NA	NA	COG3761	NDUFA12	NADH:ubiquinone oxidoreductase NDUFA12 subunit (Leigh syndrome)	AG-913-I06_00898	-4
CACILH010000004.1	49058	49876	+	AG-913-I06_00895	AG-913-I06	272	OG0000284	NA	NA	NA	NA	NA	AG-913-I06_00898	-3
CACILH010000004.1	49873	51660	-	AG-913-I06_00896	AG-913-I06	595	OG0000189	K01876	aspartyl-tRNA synthetase [EC:6.1.1.12]	COG0173	AspS	Aspartyl-tRNA synthetase	AG-913-I06_00898	-2
CACILH010000004.1	51657	52313	-	AG-913-I06_00897	AG-913-I06	218	OG0000690	NA	NA	COG0593	DnaA	Chromosomal replication initiation ATPase DnaA	AG-913-I06_00898	-1
CACILH010000004.1	52313	53344	-	AG-913-I06_00898	AG-913-I06	343	OG0000916	NA	NA	NA	NA	NA	AG-913-I06_00898	0
CACILH010000004.1	53377	54396	+	AG-913-I06_00899	AG-913-I06	339	OG0000574	K01933	phosphoribosylformylglycinamidine cyclo-ligase [EC:6.3.3.1]	COG0150	PurM	Phosphoribosylaminoimidazole (AIR) synthetase	AG-913-I06_00898	1
CACILH010000004.1	54390	54953	+	AG-913-I06_00900	AG-913-I06	187	OG0000035	K11175	phosphoribosylglycinamide formyltransferase 1 [EC:2.1.2.2]	COG0299	PurN	Folate-dependent phosphoribosylglycinamide formyltransferase PurN	AG-913-I06_00898	2
CACILH010000004.1	54950	55360	-	AG-913-I06_00901	AG-913-I06	136	OG0000480	K00940	nucleoside-diphosphate kinase [EC:2.7.4.6]	COG0105	Ndk	Nucleoside diphosphate kinase	AG-913-I06_00898	3
CACILH010000004.1	55353	56810	-	AG-913-I06_00902	AG-913-I06	485	OG0000405	K01255	leucyl aminopeptidase [EC:3.4.11.1]	COG0260	PepB	Leucyl aminopeptidase	AG-913-I06_00898	4
CACILH010000004.1	56947	58086	+	AG-913-I06_00903	AG-913-I06	379	OG0000932	NA	NA	COG0795	LptF	Lipopolysaccharide export LptBFGC system, permease protein LptF	AG-913-I06_00898	5
CACILR010000001.1	254417	254824	-	AG-913-I09_00272	AG-913-I09	135	OG0000472	NA	NA	COG4765	NA	Uncharacterized conserved protein, DUF2155 domain	AG-913-I09_00277	-5
CACILR010000001.1	254787	255143	-	AG-913-I09_00273	AG-913-I09	118	OG0000369	NA	NA	COG3761	NDUFA12	NADH:ubiquinone oxidoreductase NDUFA12 subunit (Leigh syndrome)	AG-913-I09_00277	-4
CACILR010000001.1	255252	256073	+	AG-913-I09_00274	AG-913-I09	273	OG0000284	NA	NA	NA	NA	NA	AG-913-I09_00277	-3
CACILR010000001.1	256074	257855	-	AG-913-I09_00275	AG-913-I09	593	OG0000189	K01876	aspartyl-tRNA synthetase [EC:6.1.1.12]	COG0173	AspS	Aspartyl-tRNA synthetase	AG-913-I09_00277	-2
CACILR010000001.1	257852	258511	-	AG-913-I09_00276	AG-913-I09	219	OG0000690	NA	NA	COG0593	DnaA	Chromosomal replication initiation ATPase DnaA	AG-913-I09_00277	-1
CACILR010000001.1	258508	259584	-	AG-913-I09_00277	AG-913-I09	358	OG0000916	NA	NA	NA	NA	NA	AG-913-I09_00277	0
CACILR010000001.1	259594	260616	+	AG-913-I09_00278	AG-913-I09	340	OG0000574	K01933	phosphoribosylformylglycinamidine cyclo-ligase [EC:6.3.3.1]	COG0150	PurM	Phosphoribosylaminoimidazole (AIR) synthetase	AG-913-I09_00277	1
CACILR010000001.1	260603	261175	+	AG-913-I09_00279	AG-913-I09	190	OG0000035	K11175	phosphoribosylglycinamide formyltransferase 1 [EC:2.1.2.2]	COG0299	PurN	Folate-dependent phosphoribosylglycinamide formyltransferase PurN	AG-913-I09_00277	2
CACILR010000001.1	261165	261575	-	AG-913-I09_00280	AG-913-I09	136	OG0000480	K00940	nucleoside-diphosphate kinase [EC:2.7.4.6]	COG0105	Ndk	Nucleoside diphosphate kinase	AG-913-I09_00277	3
CACILR010000001.1	261568	263004	-	AG-913-I09_00281	AG-913-I09	478	OG0000405	K01255	leucyl aminopeptidase [EC:3.4.11.1]	COG0260	PepB	Leucyl aminopeptidase	AG-913-I09_00277	4
CACILR010000001.1	263059	264189	+	AG-913-I09_00282	AG-913-I09	376	OG0000932	NA	NA	COG0795	LptF	Lipopolysaccharide export LptBFGC system, permease protein LptF	AG-913-I09_00277	5
CACILM010000005.1	31942	33096	-	AG-913-I14_00854	AG-913-I14	384	OG0000932	NA	NA	COG0795	LptF	Lipopolysaccharide export LptBFGC system, permease protein LptF	AG-913-I14_00859	-5
CACILM010000005.1	33197	34651	+	AG-913-I14_00855	AG-913-I14	484	OG0000405	K01255	leucyl aminopeptidase [EC:3.4.11.1]	COG0260	PepB	Leucyl aminopeptidase	AG-913-I14_00859	-4
CACILM010000005.1	34644	35054	+	AG-913-I14_00856	AG-913-I14	136	OG0000480	K00940	nucleoside-diphosphate kinase [EC:2.7.4.6]	COG0105	Ndk	Nucleoside diphosphate kinase	AG-913-I14_00859	-3
CACILM010000005.1	35044	35610	-	AG-913-I14_00857	AG-913-I14	188	OG0000035	K11175	phosphoribosylglycinamide formyltransferase 1 [EC:2.1.2.2]	COG0299	PurN	Folate-dependent phosphoribosylglycinamide formyltransferase PurN	AG-913-I14_00859	-2
CACILM010000005.1	35604	36632	-	AG-913-I14_00858	AG-913-I14	342	OG0000574	K01933	phosphoribosylformylglycinamidine cyclo-ligase [EC:6.3.3.1]	COG0150	PurM	Phosphoribosylaminoimidazole (AIR) synthetase	AG-913-I14_00859	-1
CACILM010000005.1	36656	37705	+	AG-913-I14_00859	AG-913-I14	349	OG0000916	NA	NA	NA	NA	NA	AG-913-I14_00859	0
CACILM010000005.1	37708	38367	+	AG-913-I14_00860	AG-913-I14	219	OG0000690	NA	NA	COG0593	DnaA	Chromosomal replication initiation ATPase DnaA	AG-913-I14_00859	1
CACILM010000005.1	38364	40151	+	AG-913-I14_00861	AG-913-I14	595	OG0000189	K01876	aspartyl-tRNA synthetase [EC:6.1.1.12]	COG0173	AspS	Aspartyl-tRNA synthetase	AG-913-I14_00859	2
CACILM010000005.1	40148	40966	-	AG-913-I14_00862	AG-913-I14	272	OG0000284	NA	NA	NA	NA	NA	AG-913-I14_00859	3
CACILM010000005.1	41066	41413	+	AG-913-I14_00863	AG-913-I14	115	OG0000369	NA	NA	COG3761	NDUFA12	NADH:ubiquinone oxidoreductase NDUFA12 subunit (Leigh syndrome)	AG-913-I14_00859	4
CACILM010000005.1	41382	41903	+	AG-913-I14_00864	AG-913-I14	173	OG0000472	NA	NA	COG4765	NA	Uncharacterized conserved protein, DUF2155 domain	AG-913-I14_00859	5
CACIMN010000001.1	65960	66367	-	AG-913-L03_00072	AG-913-L03	135	OG0000472	NA	NA	COG4765	NA	Uncharacterized conserved protein, DUF2155 domain	AG-913-L03_00077	-5
CACIMN010000001.1	66330	66689	-	AG-913-L03_00073	AG-913-L03	119	OG0000369	NA	NA	COG3761	NDUFA12	NADH:ubiquinone oxidoreductase NDUFA12 subunit (Leigh syndrome)	AG-913-L03_00077	-4
CACIMN010000001.1	66803	67627	+	AG-913-L03_00074	AG-913-L03	274	OG0000284	NA	NA	NA	NA	NA	AG-913-L03_00077	-3
CACIMN010000001.1	67629	69413	-	AG-913-L03_00075	AG-913-L03	594	OG0000189	K01876	aspartyl-tRNA synthetase [EC:6.1.1.12]	COG0173	AspS	Aspartyl-tRNA synthetase	AG-913-L03_00077	-2
CACIMN010000001.1	69414	70076	-	AG-913-L03_00076	AG-913-L03	220	OG0000690	NA	NA	COG0593	DnaA	Chromosomal replication initiation ATPase DnaA	AG-913-L03_00077	-1
CACIMN010000001.1	70063	71136	-	AG-913-L03_00077	AG-913-L03	357	OG0000916	NA	NA	NA	NA	NA	AG-913-L03_00077	0
CACIMN010000001.1	71148	72179	+	AG-913-L03_00078	AG-913-L03	343	OG0000574	K01933	phosphoribosylformylglycinamidine cyclo-ligase [EC:6.3.3.1]	COG0150	PurM	Phosphoribosylaminoimidazole (AIR) synthetase	AG-913-L03_00077	1
CACIMN010000001.1	72154	72735	+	AG-913-L03_00079	AG-913-L03	193	OG0000035	K11175	phosphoribosylglycinamide formyltransferase 1 [EC:2.1.2.2]	COG0299	PurN	Folate-dependent phosphoribosylglycinamide formyltransferase PurN	AG-913-L03_00077	2
CACIMN010000001.1	72725	73135	-	AG-913-L03_00080	AG-913-L03	136	OG0000480	K00940	nucleoside-diphosphate kinase [EC:2.7.4.6]	COG0105	Ndk	Nucleoside diphosphate kinase	AG-913-L03_00077	3
CACIMN010000001.1	73128	74582	-	AG-913-L03_00081	AG-913-L03	484	OG0000405	K01255	leucyl aminopeptidase [EC:3.4.11.1]	COG0260	PepB	Leucyl aminopeptidase	AG-913-L03_00077	4
CACIMN010000001.1	74644	75783	+	AG-913-L03_00082	AG-913-L03	379	OG0000932	NA	NA	NA	NA	NA	AG-913-L03_00077	5
CACINR010000006.1	64246	65385	-	AG-913-M13_00815	AG-913-M13	379	OG0000932	NA	NA	COG0795	LptF	Lipopolysaccharide export LptBFGC system, permease protein LptF	AG-913-M13_00820	-5
CACINR010000006.1	65447	66901	+	AG-913-M13_00816	AG-913-M13	484	OG0000405	K01255	leucyl aminopeptidase [EC:3.4.11.1]	COG0260	PepB	Leucyl aminopeptidase	AG-913-M13_00820	-4
CACINR010000006.1	66894	67304	+	AG-913-M13_00817	AG-913-M13	136	OG0000480	K00940	nucleoside-diphosphate kinase [EC:2.7.4.6]	COG0105	Ndk	Nucleoside diphosphate kinase	AG-913-M13_00820	-3
CACINR010000006.1	67294	67875	-	AG-913-M13_00818	AG-913-M13	193	OG0000035	K11175	phosphoribosylglycinamide formyltransferase 1 [EC:2.1.2.2]	COG0299	PurN	Folate-dependent phosphoribosylglycinamide formyltransferase PurN	AG-913-M13_00820	-2
CACINR010000006.1	67850	68881	-	AG-913-M13_00819	AG-913-M13	343	OG0000574	K01933	phosphoribosylformylglycinamidine cyclo-ligase [EC:6.3.3.1]	COG0150	PurM	Phosphoribosylaminoimidazole (AIR) synthetase	AG-913-M13_00820	-1
CACINR010000006.1	68893	69981	+	AG-913-M13_00820	AG-913-M13	362	OG0000916	NA	NA	NA	NA	NA	AG-913-M13_00820	0
CACINR010000006.1	69968	70630	+	AG-913-M13_00821	AG-913-M13	220	OG0000690	NA	NA	COG0593	DnaA	Chromosomal replication initiation ATPase DnaA	AG-913-M13_00820	1
CACINR010000006.1	70631	72415	+	AG-913-M13_00822	AG-913-M13	594	OG0000189	K01876	aspartyl-tRNA synthetase [EC:6.1.1.12]	COG0173	AspS	Aspartyl-tRNA synthetase	AG-913-M13_00820	2
CACINR010000006.1	72417	73241	-	AG-913-M13_00823	AG-913-M13	274	OG0000284	NA	NA	NA	NA	NA	AG-913-M13_00820	3
CACINR010000006.1	73356	73715	+	AG-913-M13_00824	AG-913-M13	119	OG0000369	NA	NA	COG3761	NDUFA12	NADH:ubiquinone oxidoreductase NDUFA12 subunit (Leigh syndrome)	AG-913-M13_00820	4
CACINR010000006.1	73678	74085	+	AG-913-M13_00825	AG-913-M13	135	OG0000472	NA	NA	COG4765	NA	Uncharacterized conserved protein, DUF2155 domain	AG-913-M13_00820	5
CACIOQ010000018.1	1206	2336	-	AG-913-N09_01096	AG-913-N09	376	OG0000932	NA	NA	COG0795	LptF	Lipopolysaccharide export LptBFGC system, permease protein LptF	AG-913-N09_01101	-5
CACIOQ010000018.1	2391	3827	+	AG-913-N09_01097	AG-913-N09	478	OG0000405	K01255	leucyl aminopeptidase [EC:3.4.11.1]	COG0260	PepB	Leucyl aminopeptidase	AG-913-N09_01101	-4
CACIOQ010000018.1	3820	4230	+	AG-913-N09_01098	AG-913-N09	136	OG0000480	K00940	nucleoside-diphosphate kinase [EC:2.7.4.6]	COG0105	Ndk	Nucleoside diphosphate kinase	AG-913-N09_01101	-3
CACIOQ010000018.1	4220	4798	-	AG-913-N09_01099	AG-913-N09	192	OG0000035	K11175	phosphoribosylglycinamide formyltransferase 1 [EC:2.1.2.2]	COG0299	PurN	Folate-dependent phosphoribosylglycinamide formyltransferase PurN	AG-913-N09_01101	-2
CACIOQ010000018.1	4779	5801	-	AG-913-N09_01100	AG-913-N09	340	OG0000574	K01933	phosphoribosylformylglycinamidine cyclo-ligase [EC:6.3.3.1]	COG0150	PurM	Phosphoribosylaminoimidazole (AIR) synthetase	AG-913-N09_01101	-1
CACIOQ010000018.1	5811	6887	+	AG-913-N09_01101	AG-913-N09	358	OG0000916	NA	NA	NA	NA	NA	AG-913-N09_01101	0
CACIOQ010000018.1	6884	7543	+	AG-913-N09_01102	AG-913-N09	219	OG0000690	NA	NA	COG0593	DnaA	Chromosomal replication initiation ATPase DnaA	AG-913-N09_01101	1
CACIOQ010000018.1	7540	9321	+	AG-913-N09_01103	AG-913-N09	593	OG0000189	K01876	aspartyl-tRNA synthetase [EC:6.1.1.12]	COG0173	AspS	Aspartyl-tRNA synthetase	AG-913-N09_01101	2
CACIOQ010000018.1	9322	10143	-	AG-913-N09_01104	AG-913-N09	273	OG0000284	NA	NA	NA	NA	NA	AG-913-N09_01101	3
CACIOQ010000018.1	10252	10608	+	AG-913-N09_01105	AG-913-N09	118	OG0000369	NA	NA	COG3761	NDUFA12	NADH:ubiquinone oxidoreductase NDUFA12 subunit (Leigh syndrome)	AG-913-N09_01101	4
CACIOQ010000018.1	10571	10978	+	AG-913-N09_01106	AG-913-N09	135	OG0000472	NA	NA	COG4765	NA	Uncharacterized conserved protein, DUF2155 domain	AG-913-N09_01101	5
CACPKK010000008.1	74145	74549	-	AG-913-O18_00998	AG-913-O18	134	OG0000472	NA	NA	COG4765	NA	Uncharacterized conserved protein, DUF2155 domain	AG-913-O18_01003	-5
CACPKK010000008.1	74512	74871	-	AG-913-O18_00999	AG-913-O18	119	OG0000369	NA	NA	COG3761	NDUFA12	NADH:ubiquinone oxidoreductase NDUFA12 subunit (Leigh syndrome)	AG-913-O18_01003	-4
CACPKK010000008.1	74989	75813	+	AG-913-O18_01000	AG-913-O18	274	OG0000284	NA	NA	NA	NA	NA	AG-913-O18_01003	-3
CACPKK010000008.1	75814	77598	-	AG-913-O18_01001	AG-913-O18	594	OG0000189	K01876	aspartyl-tRNA synthetase [EC:6.1.1.12]	COG0173	AspS	Aspartyl-tRNA synthetase	AG-913-O18_01003	-2
CACPKK010000008.1	77600	78256	-	AG-913-O18_01002	AG-913-O18	218	OG0000690	NA	NA	COG0593	DnaA	Chromosomal replication initiation ATPase DnaA	AG-913-O18_01003	-1
CACPKK010000008.1	78253	78498	-	AG-913-O18_01003	AG-913-O18	81	OG0000916	NA	NA	NA	NA	NA	AG-913-O18_01003	0
CACPLO010000010.1	15670	16797	-	AG-914-I16_00943	AG-914-I16	375	OG0000932	NA	NA	COG0795	LptF	Lipopolysaccharide export LptBFGC system, permease protein LptF	AG-914-I16_00948	-5
CACPLO010000010.1	16931	18388	+	AG-914-I16_00944	AG-914-I16	485	OG0000405	K01255	leucyl aminopeptidase [EC:3.4.11.1]	COG0260	PepB	Leucyl aminopeptidase	AG-914-I16_00948	-4
CACPLO010000010.1	18381	18791	+	AG-914-I16_00945	AG-914-I16	136	OG0000480	K00940	nucleoside-diphosphate kinase [EC:2.7.4.6]	COG0105	Ndk	Nucleoside diphosphate kinase	AG-914-I16_00948	-3
CACPLO010000010.1	18788	19351	-	AG-914-I16_00946	AG-914-I16	187	OG0000035	K11175	phosphoribosylglycinamide formyltransferase 1 [EC:2.1.2.2]	COG0299	PurN	Folate-dependent phosphoribosylglycinamide formyltransferase PurN	AG-914-I16_00948	-2
CACPLO010000010.1	19345	20352	-	AG-914-I16_00947	AG-914-I16	335	OG0000574	K01933	phosphoribosylformylglycinamidine cyclo-ligase [EC:6.3.3.1]	COG0150	PurM	Phosphoribosylaminoimidazole (AIR) synthetase	AG-914-I16_00948	-1
CACPLO010000010.1	20384	21424	+	AG-914-I16_00948	AG-914-I16	346	OG0000916	NA	NA	NA	NA	NA	AG-914-I16_00948	0
CACPLO010000010.1	21424	22080	+	AG-914-I16_00949	AG-914-I16	218	OG0000690	NA	NA	COG0593	DnaA	Chromosomal replication initiation ATPase DnaA	AG-914-I16_00948	1
CACPLO010000010.1	22077	23864	+	AG-914-I16_00950	AG-914-I16	595	OG0000189	K01876	aspartyl-tRNA synthetase [EC:6.1.1.12]	COG0173	AspS	Aspartyl-tRNA synthetase	AG-914-I16_00948	2
CACPLO010000010.1	23861	24676	-	AG-914-I16_00951	AG-914-I16	271	OG0000284	NA	NA	NA	NA	NA	AG-914-I16_00948	3
CACPLO010000010.1	24774	25121	+	AG-914-I16_00952	AG-914-I16	115	OG0000369	NA	NA	COG3761	NDUFA12	NADH:ubiquinone oxidoreductase NDUFA12 subunit (Leigh syndrome)	AG-914-I16_00948	4
CACPLO010000010.1	25105	25608	+	AG-914-I16_00953	AG-914-I16	167	OG0000472	NA	NA	COG4765	NA	Uncharacterized conserved protein, DUF2155 domain	AG-914-I16_00948	5
CACIWZ010000001.1	136471	137598	-	AG-914-J05_00141	AG-914-J05	375	OG0000932	NA	NA	COG0795	LptF	Lipopolysaccharide export LptBFGC system, permease protein LptF	AG-914-J05_00146	-5
CACIWZ010000001.1	137732	139189	+	AG-914-J05_00142	AG-914-J05	485	OG0000405	K01255	leucyl aminopeptidase [EC:3.4.11.1]	COG0260	PepB	Leucyl aminopeptidase	AG-914-J05_00146	-4
CACIWZ010000001.1	139182	139592	+	AG-914-J05_00143	AG-914-J05	136	OG0000480	K00940	nucleoside-diphosphate kinase [EC:2.7.4.6]	COG0105	Ndk	Nucleoside diphosphate kinase	AG-914-J05_00146	-3
CACIWZ010000001.1	139589	140152	-	AG-914-J05_00144	AG-914-J05	187	OG0000035	K11175	phosphoribosylglycinamide formyltransferase 1 [EC:2.1.2.2]	COG0299	PurN	Folate-dependent phosphoribosylglycinamide formyltransferase PurN	AG-914-J05_00146	-2
CACIWZ010000001.1	140146	141174	-	AG-914-J05_00145	AG-914-J05	342	OG0000574	K01933	phosphoribosylformylglycinamidine cyclo-ligase [EC:6.3.3.1]	COG0150	PurM	Phosphoribosylaminoimidazole (AIR) synthetase	AG-914-J05_00146	-1
CACIWZ010000001.1	141199	142248	+	AG-914-J05_00146	AG-914-J05	349	OG0000916	NA	NA	NA	NA	NA	AG-914-J05_00146	0
CACIWZ010000001.1	142245	142901	+	AG-914-J05_00147	AG-914-J05	218	OG0000690	NA	NA	COG0593	DnaA	Chromosomal replication initiation ATPase DnaA	AG-914-J05_00146	1
CACIWZ010000001.1	142898	144685	+	AG-914-J05_00148	AG-914-J05	595	OG0000189	K01876	aspartyl-tRNA synthetase [EC:6.1.1.12]	COG0173	AspS	Aspartyl-tRNA synthetase	AG-914-J05_00146	2
CACIWZ010000001.1	144682	145500	-	AG-914-J05_00149	AG-914-J05	272	OG0000284	NA	NA	NA	NA	NA	AG-914-J05_00146	3
CACIWZ010000001.1	145599	145952	+	AG-914-J05_00150	AG-914-J05	117	OG0000369	NA	NA	COG3761	NDUFA12	NADH:ubiquinone oxidoreductase NDUFA12 subunit (Leigh syndrome)	AG-914-J05_00146	4
CACIWZ010000001.1	145921	146454	+	AG-914-J05_00151	AG-914-J05	177	OG0000472	NA	NA	COG4765	NA	Uncharacterized conserved protein, DUF2155 domain	AG-914-J05_00146	5
CACIZB010000013.1	9471	9878	-	AG-914-L04_00936	AG-914-L04	135	OG0000472	NA	NA	COG4765	NA	Uncharacterized conserved protein, DUF2155 domain	AG-914-L04_00941	-5
CACIZB010000013.1	9841	10200	-	AG-914-L04_00937	AG-914-L04	119	OG0000369	NA	NA	COG3761	NDUFA12	NADH:ubiquinone oxidoreductase NDUFA12 subunit (Leigh syndrome)	AG-914-L04_00941	-4
CACIZB010000013.1	10313	11137	+	AG-914-L04_00938	AG-914-L04	274	OG0000284	NA	NA	NA	NA	NA	AG-914-L04_00941	-3
CACIZB010000013.1	11139	12923	-	AG-914-L04_00939	AG-914-L04	594	OG0000189	K01876	aspartyl-tRNA synthetase [EC:6.1.1.12]	COG0173	AspS	Aspartyl-tRNA synthetase	AG-914-L04_00941	-2
CACIZB010000013.1	12924	13586	-	AG-914-L04_00940	AG-914-L04	220	OG0000690	NA	NA	COG0593	DnaA	Chromosomal replication initiation ATPase DnaA	AG-914-L04_00941	-1
CACIZB010000013.1	13583	14662	-	AG-914-L04_00941	AG-914-L04	359	OG0000916	NA	NA	NA	NA	NA	AG-914-L04_00941	0
CACIZB010000013.1	14674	15702	+	AG-914-L04_00942	AG-914-L04	342	OG0000574	K01933	phosphoribosylformylglycinamidine cyclo-ligase [EC:6.3.3.1]	COG0150	PurM	Phosphoribosylaminoimidazole (AIR) synthetase	AG-914-L04_00941	1
CACIZB010000013.1	15680	16261	+	AG-914-L04_00943	AG-914-L04	193	OG0000035	K11175	phosphoribosylglycinamide formyltransferase 1 [EC:2.1.2.2]	COG0299	PurN	Folate-dependent phosphoribosylglycinamide formyltransferase PurN	AG-914-L04_00941	2
CACIZB010000013.1	16251	16661	-	AG-914-L04_00944	AG-914-L04	136	OG0000480	K00940	nucleoside-diphosphate kinase [EC:2.7.4.6]	COG0105	Ndk	Nucleoside diphosphate kinase	AG-914-L04_00941	3
CACIZB010000013.1	16654	17901	-	AG-914-L04_00945	AG-914-L04	415	OG0000405	K01255	leucyl aminopeptidase [EC:3.4.11.1]	COG0260	PepB	Leucyl aminopeptidase	AG-914-L04_00941	4
CACPMO010000010.1	3161	3562	-	AG-914-L20_01146	AG-914-L20	133	OG0000472	NA	NA	COG4765	NA	Uncharacterized conserved protein, DUF2155 domain	AG-914-L20_01151	-5
CACPMO010000010.1	3525	3887	-	AG-914-L20_01147	AG-914-L20	120	OG0000369	NA	NA	COG3761	NDUFA12	NADH:ubiquinone oxidoreductase NDUFA12 subunit (Leigh syndrome)	AG-914-L20_01151	-4
CACPMO010000010.1	3993	4832	+	AG-914-L20_01148	AG-914-L20	279	OG0000284	NA	NA	NA	NA	NA	AG-914-L20_01151	-3
CACPMO010000010.1	4834	6615	-	AG-914-L20_01149	AG-914-L20	593	OG0000189	K01876	aspartyl-tRNA synthetase [EC:6.1.1.12]	COG0173	AspS	Aspartyl-tRNA synthetase	AG-914-L20_01151	-2
CACPMO010000010.1	6620	7279	-	AG-914-L20_01150	AG-914-L20	219	OG0000690	NA	NA	COG0593	DnaA	Chromosomal replication initiation ATPase DnaA	AG-914-L20_01151	-1
CACPMO010000010.1	7282	8358	-	AG-914-L20_01151	AG-914-L20	358	OG0000916	NA	NA	NA	NA	NA	AG-914-L20_01151	0
CACPMO010000010.1	8370	9389	+	AG-914-L20_01152	AG-914-L20	339	OG0000574	K01933	phosphoribosylformylglycinamidine cyclo-ligase [EC:6.3.3.1]	COG0150	PurM	Phosphoribosylaminoimidazole (AIR) synthetase	AG-914-L20_01151	1
CACPMO010000010.1	9370	9945	+	AG-914-L20_01153	AG-914-L20	191	OG0000035	K11175	phosphoribosylglycinamide formyltransferase 1 [EC:2.1.2.2]	COG0299	PurN	Folate-dependent phosphoribosylglycinamide formyltransferase PurN	AG-914-L20_01151	2
CACPMO010000010.1	9942	10352	-	AG-914-L20_01154	AG-914-L20	136	OG0000480	K00940	nucleoside-diphosphate kinase [EC:2.7.4.6]	COG0105	Ndk	Nucleoside diphosphate kinase	AG-914-L20_01151	3
CACPMO010000010.1	10345	11808	-	AG-914-L20_01155	AG-914-L20	487	OG0000405	K01255	leucyl aminopeptidase [EC:3.4.11.1]	COG0260	PepB	Leucyl aminopeptidase	AG-914-L20_01151	4
CACPMO010000010.1	11893	13014	+	AG-914-L20_01156	AG-914-L20	373	OG0000932	NA	NA	COG0795	LptF	Lipopolysaccharide export LptBFGC system, permease protein LptF	AG-914-L20_01151	5
CACJCF010000007.1	16353	16853	-	AG-914-N11_00966	AG-914-N11	166	OG0000472	NA	NA	COG4765	NA	Uncharacterized conserved protein, DUF2155 domain	AG-914-N11_00971	-5
CACJCF010000007.1	16837	17184	-	AG-914-N11_00967	AG-914-N11	115	OG0000369	NA	NA	COG3761	NDUFA12	NADH:ubiquinone oxidoreductase NDUFA12 subunit (Leigh syndrome)	AG-914-N11_00971	-4
CACJCF010000007.1	17290	18114	+	AG-914-N11_00968	AG-914-N11	274	OG0000284	NA	NA	NA	NA	NA	AG-914-N11_00971	-3
CACJCF010000007.1	18111	19898	-	AG-914-N11_00969	AG-914-N11	595	OG0000189	K01876	aspartyl-tRNA synthetase [EC:6.1.1.12]	COG0173	AspS	Aspartyl-tRNA synthetase	AG-914-N11_00971	-2
CACJCF010000007.1	19895	20569	-	AG-914-N11_00970	AG-914-N11	224	OG0000690	NA	NA	COG0593	DnaA	Chromosomal replication initiation ATPase DnaA	AG-914-N11_00971	-1
CACJCF010000007.1	20548	21591	-	AG-914-N11_00971	AG-914-N11	347	OG0000916	NA	NA	NA	NA	NA	AG-914-N11_00971	0
CACJCF010000007.1	21616	22644	+	AG-914-N11_00972	AG-914-N11	342	OG0000574	K01933	phosphoribosylformylglycinamidine cyclo-ligase [EC:6.3.3.1]	COG0150	PurM	Phosphoribosylaminoimidazole (AIR) synthetase	AG-914-N11_00971	1
CACJCF010000007.1	22638	23201	+	AG-914-N11_00973	AG-914-N11	187	OG0000035	K11175	phosphoribosylglycinamide formyltransferase 1 [EC:2.1.2.2]	COG0299	PurN	Folate-dependent phosphoribosylglycinamide formyltransferase PurN	AG-914-N11_00971	2
CACJCF010000007.1	23198	23608	-	AG-914-N11_00974	AG-914-N11	136	OG0000480	K00940	nucleoside-diphosphate kinase [EC:2.7.4.6]	COG0105	Ndk	Nucleoside diphosphate kinase	AG-914-N11_00971	3
CACJCF010000007.1	23601	25058	-	AG-914-N11_00975	AG-914-N11	485	OG0000405	K01255	leucyl aminopeptidase [EC:3.4.11.1]	COG0260	PepB	Leucyl aminopeptidase	AG-914-N11_00971	4
CACJCF010000007.1	25160	26308	+	AG-914-N11_00976	AG-914-N11	382	OG0000932	NA	NA	COG0795	LptF	Lipopolysaccharide export LptBFGC system, permease protein LptF	AG-914-N11_00971	5
CACJFQ010000003.1	3884	5023	-	AG-914-P23_00534	AG-914-P23	379	OG0000932	NA	NA	COG0795	LptF	Lipopolysaccharide export LptBFGC system, permease protein LptF	AG-914-P23_00539	-5
CACJFQ010000003.1	5085	6539	+	AG-914-P23_00535	AG-914-P23	484	OG0000405	K01255	leucyl aminopeptidase [EC:3.4.11.1]	COG0260	PepB	Leucyl aminopeptidase	AG-914-P23_00539	-4
CACJFQ010000003.1	6532	6942	+	AG-914-P23_00536	AG-914-P23	136	OG0000480	K00940	nucleoside-diphosphate kinase [EC:2.7.4.6]	COG0105	Ndk	Nucleoside diphosphate kinase	AG-914-P23_00539	-3
CACJFQ010000003.1	6932	7513	-	AG-914-P23_00537	AG-914-P23	193	OG0000035	K11175	phosphoribosylglycinamide formyltransferase 1 [EC:2.1.2.2]	COG0299	PurN	Folate-dependent phosphoribosylglycinamide formyltransferase PurN	AG-914-P23_00539	-2
CACJFQ010000003.1	7491	8519	-	AG-914-P23_00538	AG-914-P23	342	OG0000574	K01933	phosphoribosylformylglycinamidine cyclo-ligase [EC:6.3.3.1]	COG0150	PurM	Phosphoribosylaminoimidazole (AIR) synthetase	AG-914-P23_00539	-1
CACJFQ010000003.1	8531	9610	+	AG-914-P23_00539	AG-914-P23	359	OG0000916	NA	NA	NA	NA	NA	AG-914-P23_00539	0
CACJFQ010000003.1	9595	10269	+	AG-914-P23_00540	AG-914-P23	224	OG0000690	NA	NA	COG0593	DnaA	Chromosomal replication initiation ATPase DnaA	AG-914-P23_00539	1
CACJFQ010000003.1	10270	12054	+	AG-914-P23_00541	AG-914-P23	594	OG0000189	K01876	aspartyl-tRNA synthetase [EC:6.1.1.12]	COG0173	AspS	Aspartyl-tRNA synthetase	AG-914-P23_00539	2
CACJFQ010000003.1	12058	12882	-	AG-914-P23_00542	AG-914-P23	274	OG0000284	NA	NA	NA	NA	NA	AG-914-P23_00539	3
CACJFQ010000003.1	12995	13354	+	AG-914-P23_00543	AG-914-P23	119	OG0000369	NA	NA	COG3761	NDUFA12	NADH:ubiquinone oxidoreductase NDUFA12 subunit (Leigh syndrome)	AG-914-P23_00539	4
CACJFQ010000003.1	13317	13721	+	AG-914-P23_00544	AG-914-P23	134	OG0000472	NA	NA	COG4765	NA	Uncharacterized conserved protein, DUF2155 domain	AG-914-P23_00539	5
CACJNI010000011.1	8961	9368	-	AG-915-G14_01231	AG-915-G14	135	OG0000472	NA	NA	COG4765	NA	Uncharacterized conserved protein, DUF2155 domain	AG-915-G14_01236	-5
CACJNI010000011.1	9331	9687	-	AG-915-G14_01232	AG-915-G14	118	OG0000369	NA	NA	COG3761	NDUFA12	NADH:ubiquinone oxidoreductase NDUFA12 subunit (Leigh syndrome)	AG-915-G14_01236	-4
CACJNI010000011.1	9796	10617	+	AG-915-G14_01233	AG-915-G14	273	OG0000284	NA	NA	NA	NA	NA	AG-915-G14_01236	-3
CACJNI010000011.1	10618	12399	-	AG-915-G14_01234	AG-915-G14	593	OG0000189	K01876	aspartyl-tRNA synthetase [EC:6.1.1.12]	COG0173	AspS	Aspartyl-tRNA synthetase	AG-915-G14_01236	-2
CACJNI010000011.1	12396	13055	-	AG-915-G14_01235	AG-915-G14	219	OG0000690	NA	NA	COG0593	DnaA	Chromosomal replication initiation ATPase DnaA	AG-915-G14_01236	-1
CACJNI010000011.1	13052	14128	-	AG-915-G14_01236	AG-915-G14	358	OG0000916	NA	NA	NA	NA	NA	AG-915-G14_01236	0
CACJNI010000011.1	14138	15160	+	AG-915-G14_01237	AG-915-G14	340	OG0000574	K01933	phosphoribosylformylglycinamidine cyclo-ligase [EC:6.3.3.1]	COG0150	PurM	Phosphoribosylaminoimidazole (AIR) synthetase	AG-915-G14_01236	1
CACJNI010000011.1	15154	15720	+	AG-915-G14_01238	AG-915-G14	188	OG0000035	K11175	phosphoribosylglycinamide formyltransferase 1 [EC:2.1.2.2]	COG0299	PurN	Folate-dependent phosphoribosylglycinamide formyltransferase PurN	AG-915-G14_01236	2
CACJNI010000011.1	15710	16120	-	AG-915-G14_01239	AG-915-G14	136	OG0000480	K00940	nucleoside-diphosphate kinase [EC:2.7.4.6]	COG0105	Ndk	Nucleoside diphosphate kinase	AG-915-G14_01236	3
CACJNI010000011.1	16113	17549	-	AG-915-G14_01240	AG-915-G14	478	OG0000405	K01255	leucyl aminopeptidase [EC:3.4.11.1]	COG0260	PepB	Leucyl aminopeptidase	AG-915-G14_01236	4
CACJNI010000011.1	17604	18734	+	AG-915-G14_01241	AG-915-G14	376	OG0000932	NA	NA	COG0795	LptF	Lipopolysaccharide export LptBFGC system, permease protein LptF	AG-915-G14_01236	5
CACJMX010000001.1	570757	571938	-	AG-915-K13_00609	AG-915-K13	393	OG0000932	NA	NA	COG0795	LptF	Lipopolysaccharide export LptBFGC system, permease protein LptF	AG-915-K13_00614	-5
CACJMX010000001.1	571964	573418	+	AG-915-K13_00610	AG-915-K13	484	OG0000405	K01255	leucyl aminopeptidase [EC:3.4.11.1]	COG0260	PepB	Leucyl aminopeptidase	AG-915-K13_00614	-4
CACJMX010000001.1	573411	573821	+	AG-915-K13_00611	AG-915-K13	136	OG0000480	K00940	nucleoside-diphosphate kinase [EC:2.7.4.6]	COG0105	Ndk	Nucleoside diphosphate kinase	AG-915-K13_00614	-3
CACJMX010000001.1	573811	574392	-	AG-915-K13_00612	AG-915-K13	193	OG0000035	K11175	phosphoribosylglycinamide formyltransferase 1 [EC:2.1.2.2]	COG0299	PurN	Folate-dependent phosphoribosylglycinamide formyltransferase PurN	AG-915-K13_00614	-2
CACJMX010000001.1	574370	575398	-	AG-915-K13_00613	AG-915-K13	342	OG0000574	K01933	phosphoribosylformylglycinamidine cyclo-ligase [EC:6.3.3.1]	COG0150	PurM	Phosphoribosylaminoimidazole (AIR) synthetase	AG-915-K13_00614	-1
CACJMX010000001.1	575410	576489	+	AG-915-K13_00614	AG-915-K13	359	OG0000916	NA	NA	NA	NA	NA	AG-915-K13_00614	0
CACJMX010000001.1	576474	577148	+	AG-915-K13_00615	AG-915-K13	224	OG0000690	NA	NA	COG0593	DnaA	Chromosomal replication initiation ATPase DnaA	AG-915-K13_00614	1
CACJMX010000001.1	577149	578933	+	AG-915-K13_00616	AG-915-K13	594	OG0000189	K01876	aspartyl-tRNA synthetase [EC:6.1.1.12]	COG0173	AspS	Aspartyl-tRNA synthetase	AG-915-K13_00614	2
CACJMX010000001.1	578937	579761	-	AG-915-K13_00617	AG-915-K13	274	OG0000284	NA	NA	NA	NA	NA	AG-915-K13_00614	3
CACJMX010000001.1	579875	580234	+	AG-915-K13_00618	AG-915-K13	119	OG0000369	NA	NA	COG3761	NDUFA12	NADH:ubiquinone oxidoreductase NDUFA12 subunit (Leigh syndrome)	AG-915-K13_00614	4
CACJMX010000001.1	580197	580601	+	AG-915-K13_00619	AG-915-K13	134	OG0000472	NA	NA	COG4765	NA	Uncharacterized conserved protein, DUF2155 domain	AG-915-K13_00614	5
CACJUF010000002.1	19436	19795	-	AG-916-A16_00247	AG-916-A16	119	OG0000369	NA	NA	COG3761	NDUFA12	NADH:ubiquinone oxidoreductase NDUFA12 subunit (Leigh syndrome)	AG-916-A16_00252	-5
CACJUF010000002.1	19909	20736	+	AG-916-A16_00248	AG-916-A16	275	OG0000284	NA	NA	NA	NA	NA	AG-916-A16_00252	-4
CACJUF010000002.1	20981	22360	+	AG-916-A16_00249	AG-916-A16	459	OG0001129	NA	NA	COG2755	TesA	Lysophospholipase L1 or related esterase. Includes spore coat protein LipC/YcsK	AG-916-A16_00252	-3
CACJUF010000002.1	22406	24190	-	AG-916-A16_00250	AG-916-A16	594	OG0000189	K01876	aspartyl-tRNA synthetase [EC:6.1.1.12]	COG0173	AspS	Aspartyl-tRNA synthetase	AG-916-A16_00252	-2
CACJUF010000002.1	24191	24853	-	AG-916-A16_00251	AG-916-A16	220	OG0000690	NA	NA	COG0593	DnaA	Chromosomal replication initiation ATPase DnaA	AG-916-A16_00252	-1
CACJUF010000002.1	24850	25911	-	AG-916-A16_00252	AG-916-A16	353	OG0000916	NA	NA	NA	NA	NA	AG-916-A16_00252	0
CACJUF010000002.1	25935	26963	+	AG-916-A16_00253	AG-916-A16	342	OG0000574	K01933	phosphoribosylformylglycinamidine cyclo-ligase [EC:6.3.3.1]	COG0150	PurM	Phosphoribosylaminoimidazole (AIR) synthetase	AG-916-A16_00252	1
CACJUF010000002.1	26941	27522	+	AG-916-A16_00254	AG-916-A16	193	OG0000035	K11175	phosphoribosylglycinamide formyltransferase 1 [EC:2.1.2.2]	COG0299	PurN	Folate-dependent phosphoribosylglycinamide formyltransferase PurN	AG-916-A16_00252	2
CACJUF010000002.1	27512	27922	-	AG-916-A16_00255	AG-916-A16	136	OG0000480	K00940	nucleoside-diphosphate kinase [EC:2.7.4.6]	COG0105	Ndk	Nucleoside diphosphate kinase	AG-916-A16_00252	3
CACJUF010000002.1	27915	29369	-	AG-916-A16_00256	AG-916-A16	484	OG0000405	K01255	leucyl aminopeptidase [EC:3.4.11.1]	COG0260	PepB	Leucyl aminopeptidase	AG-916-A16_00252	4
CACJUF010000002.1	29430	30554	+	AG-916-A16_00257	AG-916-A16	374	OG0000932	NA	NA	COG0795	LptF	Lipopolysaccharide export LptBFGC system, permease protein LptF	AG-916-A16_00252	5
CACPQM010000003.1	161276	161677	-	AG-916-B15_00561	AG-916-B15	133	OG0000472	NA	NA	COG4765	NA	Uncharacterized conserved protein, DUF2155 domain	AG-916-B15_00566	-5
CACPQM010000003.1	161640	161999	-	AG-916-B15_00562	AG-916-B15	119	OG0000369	NA	NA	COG3761	NDUFA12	NADH:ubiquinone oxidoreductase NDUFA12 subunit (Leigh syndrome)	AG-916-B15_00566	-4
CACPQM010000003.1	162116	162940	+	AG-916-B15_00563	AG-916-B15	274	OG0000284	NA	NA	NA	NA	NA	AG-916-B15_00566	-3
CACPQM010000003.1	162941	164725	-	AG-916-B15_00564	AG-916-B15	594	OG0000189	K01876	aspartyl-tRNA synthetase [EC:6.1.1.12]	COG0173	AspS	Aspartyl-tRNA synthetase	AG-916-B15_00566	-2
CACPQM010000003.1	164727	165383	-	AG-916-B15_00565	AG-916-B15	218	OG0000690	NA	NA	COG0593	DnaA	Chromosomal replication initiation ATPase DnaA	AG-916-B15_00566	-1
CACPQM010000003.1	165380	165625	-	AG-916-B15_00566	AG-916-B15	81	OG0000916	NA	NA	NA	NA	NA	AG-916-B15_00566	0
CACJUZ010000001.1	5551	6693	-	AG-916-D16_00005	AG-916-D16	380	OG0000932	NA	NA	COG0795	LptF	Lipopolysaccharide export LptBFGC system, permease protein LptF	AG-916-D16_00010	-5
CACJUZ010000001.1	6824	8278	+	AG-916-D16_00006	AG-916-D16	484	OG0000405	K01255	leucyl aminopeptidase [EC:3.4.11.1]	COG0260	PepB	Leucyl aminopeptidase	AG-916-D16_00010	-4
CACJUZ010000001.1	8271	8681	+	AG-916-D16_00007	AG-916-D16	136	OG0000480	K00940	nucleoside-diphosphate kinase [EC:2.7.4.6]	COG0105	Ndk	Nucleoside diphosphate kinase	AG-916-D16_00010	-3
CACJUZ010000001.1	8683	9240	-	AG-916-D16_00008	AG-916-D16	185	OG0000035	NA	NA	COG0299	PurN	Folate-dependent phosphoribosylglycinamide formyltransferase PurN	AG-916-D16_00010	-2
CACJUZ010000001.1	9234	10262	-	AG-916-D16_00009	AG-916-D16	342	OG0000574	K01933	phosphoribosylformylglycinamidine cyclo-ligase [EC:6.3.3.1]	COG0150	PurM	Phosphoribosylaminoimidazole (AIR) synthetase	AG-916-D16_00010	-1
CACJUZ010000001.1	10288	11331	+	AG-916-D16_00010	AG-916-D16	347	OG0000916	NA	NA	NA	NA	NA	AG-916-D16_00010	0
CACJUZ010000001.1	11333	11989	+	AG-916-D16_00011	AG-916-D16	218	OG0000690	NA	NA	COG0593	DnaA	Chromosomal replication initiation ATPase DnaA	AG-916-D16_00010	1
CACJUZ010000001.1	11982	13769	+	AG-916-D16_00012	AG-916-D16	595	OG0000189	K01876	aspartyl-tRNA synthetase [EC:6.1.1.12]	COG0173	AspS	Aspartyl-tRNA synthetase	AG-916-D16_00010	2
CACJUZ010000001.1	13766	14584	-	AG-916-D16_00013	AG-916-D16	272	OG0000284	NA	NA	NA	NA	NA	AG-916-D16_00010	3
CACJUZ010000001.1	14677	15033	+	AG-916-D16_00014	AG-916-D16	118	OG0000369	NA	NA	COG3761	NDUFA12	NADH:ubiquinone oxidoreductase NDUFA12 subunit (Leigh syndrome)	AG-916-D16_00010	4
CACJUZ010000001.1	15014	15526	+	AG-916-D16_00015	AG-916-D16	170	OG0000472	NA	NA	COG4765	NA	Uncharacterized conserved protein, DUF2155 domain	AG-916-D16_00010	5
CACJWN010000008.1	17211	18362	-	AG-916-E17_00825	AG-916-E17	383	OG0000932	NA	NA	COG0795	LptF	Lipopolysaccharide export LptBFGC system, permease protein LptF	AG-916-E17_00830	-5
CACJWN010000008.1	18467	19927	+	AG-916-E17_00826	AG-916-E17	486	OG0000405	K01255	leucyl aminopeptidase [EC:3.4.11.1]	COG0260	PepB	Leucyl aminopeptidase	AG-916-E17_00830	-4
CACJWN010000008.1	19920	20330	+	AG-916-E17_00827	AG-916-E17	136	OG0000480	K00940	nucleoside-diphosphate kinase [EC:2.7.4.6]	COG0105	Ndk	Nucleoside diphosphate kinase	AG-916-E17_00830	-3
CACJWN010000008.1	20327	20890	-	AG-916-E17_00828	AG-916-E17	187	OG0000035	K11175	phosphoribosylglycinamide formyltransferase 1 [EC:2.1.2.2]	COG0299	PurN	Folate-dependent phosphoribosylglycinamide formyltransferase PurN	AG-916-E17_00830	-2
CACJWN010000008.1	20884	21912	-	AG-916-E17_00829	AG-916-E17	342	OG0000574	K01933	phosphoribosylformylglycinamidine cyclo-ligase [EC:6.3.3.1]	COG0150	PurM	Phosphoribosylaminoimidazole (AIR) synthetase	AG-916-E17_00830	-1
CACJWN010000008.1	21938	22984	+	AG-916-E17_00830	AG-916-E17	348	OG0000916	NA	NA	NA	NA	NA	AG-916-E17_00830	0
CACJWN010000008.1	22981	23637	+	AG-916-E17_00831	AG-916-E17	218	OG0000690	NA	NA	COG0593	DnaA	Chromosomal replication initiation ATPase DnaA	AG-916-E17_00830	1
CACJWN010000008.1	23634	25421	+	AG-916-E17_00832	AG-916-E17	595	OG0000189	K01876	aspartyl-tRNA synthetase [EC:6.1.1.12]	COG0173	AspS	Aspartyl-tRNA synthetase	AG-916-E17_00830	2
CACJWN010000008.1	25418	26224	-	AG-916-E17_00833	AG-916-E17	268	OG0000284	NA	NA	NA	NA	NA	AG-916-E17_00830	3
CACJWN010000008.1	26325	26675	+	AG-916-E17_00834	AG-916-E17	116	OG0000369	NA	NA	COG3761	NDUFA12	NADH:ubiquinone oxidoreductase NDUFA12 subunit (Leigh syndrome)	AG-916-E17_00830	4
CACJWN010000008.1	26659	27159	+	AG-916-E17_00835	AG-916-E17	166	OG0000472	NA	NA	COG4765	NA	Uncharacterized conserved protein, DUF2155 domain	AG-916-E17_00830	5
CACJZK010000001.1	193947	195077	-	AG-916-G03_00218	AG-916-G03	376	OG0000932	NA	NA	NA	NA	NA	AG-916-G03_00223	-5
CACJZK010000001.1	195218	196675	+	AG-916-G03_00219	AG-916-G03	485	OG0000405	K01255	leucyl aminopeptidase [EC:3.4.11.1]	COG0260	PepB	Leucyl aminopeptidase	AG-916-G03_00223	-4
CACJZK010000001.1	196679	197080	+	AG-916-G03_00220	AG-916-G03	133	OG0000480	K00940	nucleoside-diphosphate kinase [EC:2.7.4.6]	COG0105	Ndk	Nucleoside diphosphate kinase	AG-916-G03_00223	-3
CACJZK010000001.1	197077	197640	-	AG-916-G03_00221	AG-916-G03	187	OG0000035	K11175	phosphoribosylglycinamide formyltransferase 1 [EC:2.1.2.2]	COG0299	PurN	Folate-dependent phosphoribosylglycinamide formyltransferase PurN	AG-916-G03_00223	-2
CACJZK010000001.1	197634	198662	-	AG-916-G03_00222	AG-916-G03	342	OG0000574	K01933	phosphoribosylformylglycinamidine cyclo-ligase [EC:6.3.3.1]	COG0150	PurM	Phosphoribosylaminoimidazole (AIR) synthetase	AG-916-G03_00223	-1
CACJZK010000001.1	198688	199743	+	AG-916-G03_00223	AG-916-G03	351	OG0000916	NA	NA	NA	NA	NA	AG-916-G03_00223	0
CACJZK010000001.1	199722	200393	+	AG-916-G03_00224	AG-916-G03	223	OG0000690	NA	NA	COG0593	DnaA	Chromosomal replication initiation ATPase DnaA	AG-916-G03_00223	1
CACJZK010000001.1	200390	202189	+	AG-916-G03_00225	AG-916-G03	599	OG0000189	K01876	aspartyl-tRNA synthetase [EC:6.1.1.12]	COG0173	AspS	Aspartyl-tRNA synthetase	AG-916-G03_00223	2
CACJZK010000001.1	202179	203006	-	AG-916-G03_00226	AG-916-G03	275	OG0000284	NA	NA	NA	NA	NA	AG-916-G03_00223	3
CACJZK010000001.1	203112	203468	+	AG-916-G03_00227	AG-916-G03	118	OG0000369	NA	NA	COG3761	NDUFA12	NADH:ubiquinone oxidoreductase NDUFA12 subunit (Leigh syndrome)	AG-916-G03_00223	4
CACJZK010000001.1	203449	203958	+	AG-916-G03_00228	AG-916-G03	169	OG0000472	NA	NA	COG4765	NA	Uncharacterized conserved protein, DUF2155 domain	AG-916-G03_00223	5
CACJXK010000001.1	343301	344449	-	AG-916-G09_00361	AG-916-G09	382	OG0000932	NA	NA	COG0795	LptF	Lipopolysaccharide export LptBFGC system, permease protein LptF	AG-916-G09_00366	-5
CACJXK010000001.1	344504	345940	+	AG-916-G09_00362	AG-916-G09	478	OG0000405	K01255	leucyl aminopeptidase [EC:3.4.11.1]	COG0260	PepB	Leucyl aminopeptidase	AG-916-G09_00366	-4
CACJXK010000001.1	345933	346343	+	AG-916-G09_00363	AG-916-G09	136	OG0000480	K00940	nucleoside-diphosphate kinase [EC:2.7.4.6]	COG0105	Ndk	Nucleoside diphosphate kinase	AG-916-G09_00366	-3
CACJXK010000001.1	346333	346905	-	AG-916-G09_00364	AG-916-G09	190	OG0000035	K11175	phosphoribosylglycinamide formyltransferase 1 [EC:2.1.2.2]	COG0299	PurN	Folate-dependent phosphoribosylglycinamide formyltransferase PurN	AG-916-G09_00366	-2
CACJXK010000001.1	346886	347908	-	AG-916-G09_00365	AG-916-G09	340	OG0000574	K01933	phosphoribosylformylglycinamidine cyclo-ligase [EC:6.3.3.1]	COG0150	PurM	Phosphoribosylaminoimidazole (AIR) synthetase	AG-916-G09_00366	-1
CACJXK010000001.1	347920	348996	+	AG-916-G09_00366	AG-916-G09	358	OG0000916	NA	NA	NA	NA	NA	AG-916-G09_00366	0
CACJXK010000001.1	348993	349649	+	AG-916-G09_00367	AG-916-G09	218	OG0000690	NA	NA	COG0593	DnaA	Chromosomal replication initiation ATPase DnaA	AG-916-G09_00366	1
CACJXK010000001.1	349651	351435	+	AG-916-G09_00368	AG-916-G09	594	OG0000189	K01876	aspartyl-tRNA synthetase [EC:6.1.1.12]	COG0173	AspS	Aspartyl-tRNA synthetase	AG-916-G09_00366	2
CACJXK010000001.1	351436	352260	-	AG-916-G09_00369	AG-916-G09	274	OG0000284	NA	NA	NA	NA	NA	AG-916-G09_00366	3
CACJXK010000001.1	352375	352734	+	AG-916-G09_00370	AG-916-G09	119	OG0000369	NA	NA	COG3761	NDUFA12	NADH:ubiquinone oxidoreductase NDUFA12 subunit (Leigh syndrome)	AG-916-G09_00366	4
CACJXK010000001.1	352697	353101	+	AG-916-G09_00371	AG-916-G09	134	OG0000472	NA	NA	COG4765	NA	Uncharacterized conserved protein, DUF2155 domain	AG-916-G09_00366	5
CACJZJ010000004.1	4587	5630	-	AG-916-G19_00890	AG-916-G19	347	OG0000932	NA	NA	COG0795	LptF	Lipopolysaccharide export LptBFGC system, permease protein LptF	AG-916-G19_00895	-5
CACJZJ010000004.1	5691	7148	+	AG-916-G19_00891	AG-916-G19	485	OG0000405	K01255	leucyl aminopeptidase [EC:3.4.11.1]	COG0260	PepB	Leucyl aminopeptidase	AG-916-G19_00895	-4
CACJZJ010000004.1	7141	7545	+	AG-916-G19_00892	AG-916-G19	134	OG0000480	K00940	nucleoside-diphosphate kinase [EC:2.7.4.6]	COG0105	Ndk	Nucleoside diphosphate kinase	AG-916-G19_00895	-3
CACJZJ010000004.1	7549	8127	-	AG-916-G19_00893	AG-916-G19	192	OG0000035	K11175	phosphoribosylglycinamide formyltransferase 1 [EC:2.1.2.2]	COG0299	PurN	Folate-dependent phosphoribosylglycinamide formyltransferase PurN	AG-916-G19_00895	-2
CACJZJ010000004.1	8105	9133	-	AG-916-G19_00894	AG-916-G19	342	OG0000574	K01933	phosphoribosylformylglycinamidine cyclo-ligase [EC:6.3.3.1]	COG0150	PurM	Phosphoribosylaminoimidazole (AIR) synthetase	AG-916-G19_00895	-1
CACJZJ010000004.1	9145	10224	+	AG-916-G19_00895	AG-916-G19	359	OG0000916	NA	NA	NA	NA	NA	AG-916-G19_00895	0
CACJZJ010000004.1	10209	10883	+	AG-916-G19_00896	AG-916-G19	224	OG0000690	NA	NA	COG0593	DnaA	Chromosomal replication initiation ATPase DnaA	AG-916-G19_00895	1
CACJZJ010000004.1	10884	12668	+	AG-916-G19_00897	AG-916-G19	594	OG0000189	K01876	aspartyl-tRNA synthetase [EC:6.1.1.12]	COG0173	AspS	Aspartyl-tRNA synthetase	AG-916-G19_00895	2
CACJZJ010000004.1	12670	13494	-	AG-916-G19_00898	AG-916-G19	274	OG0000284	NA	NA	NA	NA	NA	AG-916-G19_00895	3
CACJZJ010000004.1	13609	13968	+	AG-916-G19_00899	AG-916-G19	119	OG0000369	NA	NA	COG3761	NDUFA12	NADH:ubiquinone oxidoreductase NDUFA12 subunit (Leigh syndrome)	AG-916-G19_00895	4
CACJZJ010000004.1	13931	14332	+	AG-916-G19_00900	AG-916-G19	133	OG0000472	NA	NA	COG4765	NA	Uncharacterized conserved protein, DUF2155 domain	AG-916-G19_00895	5
CACKAB010000001.1	101982	103103	-	AG-916-J11_00106	AG-916-J11	373	OG0000932	NA	NA	COG0795	LptF	Lipopolysaccharide export LptBFGC system, permease protein LptF	AG-916-J11_00111	-5
CACKAB010000001.1	103187	104656	+	AG-916-J11_00107	AG-916-J11	489	OG0000405	K01255	leucyl aminopeptidase [EC:3.4.11.1]	COG0260	PepB	Leucyl aminopeptidase	AG-916-J11_00111	-4
CACKAB010000001.1	104649	105059	+	AG-916-J11_00108	AG-916-J11	136	OG0000480	K00940	nucleoside-diphosphate kinase [EC:2.7.4.6]	COG0105	Ndk	Nucleoside diphosphate kinase	AG-916-J11_00111	-3
CACKAB010000001.1	105056	105631	-	AG-916-J11_00109	AG-916-J11	191	OG0000035	K11175	phosphoribosylglycinamide formyltransferase 1 [EC:2.1.2.2]	COG0299	PurN	Folate-dependent phosphoribosylglycinamide formyltransferase PurN	AG-916-J11_00111	-2
CACKAB010000001.1	105612	106631	-	AG-916-J11_00110	AG-916-J11	339	OG0000574	K01933	phosphoribosylformylglycinamidine cyclo-ligase [EC:6.3.3.1]	COG0150	PurM	Phosphoribosylaminoimidazole (AIR) synthetase	AG-916-J11_00111	-1
CACKAB010000001.1	106643	107731	+	AG-916-J11_00111	AG-916-J11	362	OG0000916	NA	NA	NA	NA	NA	AG-916-J11_00111	0
CACKAB010000001.1	107724	108383	+	AG-916-J11_00112	AG-916-J11	219	OG0000690	NA	NA	COG0593	DnaA	Chromosomal replication initiation ATPase DnaA	AG-916-J11_00111	1
CACKAB010000001.1	108385	110166	+	AG-916-J11_00113	AG-916-J11	593	OG0000189	K01876	aspartyl-tRNA synthetase [EC:6.1.1.12]	COG0173	AspS	Aspartyl-tRNA synthetase	AG-916-J11_00111	2
CACKAB010000001.1	110168	111010	-	AG-916-J11_00114	AG-916-J11	280	OG0000284	NA	NA	NA	NA	NA	AG-916-J11_00111	3
CACKAB010000001.1	111115	111477	+	AG-916-J11_00115	AG-916-J11	120	OG0000369	NA	NA	COG3761	NDUFA12	NADH:ubiquinone oxidoreductase NDUFA12 subunit (Leigh syndrome)	AG-916-J11_00111	4
CACKAB010000001.1	111440	111838	+	AG-916-J11_00116	AG-916-J11	132	OG0000472	NA	NA	COG4765	NA	Uncharacterized conserved protein, DUF2155 domain	AG-916-J11_00111	5
CACKFZ010000013.1	13452	13856	-	AG-916-M15_00927	AG-916-M15	134	OG0000472	NA	NA	COG4765	NA	Uncharacterized conserved protein, DUF2155 domain	AG-916-M15_00932	-5
CACKFZ010000013.1	13819	14178	-	AG-916-M15_00928	AG-916-M15	119	OG0000369	NA	NA	COG3761	NDUFA12	NADH:ubiquinone oxidoreductase NDUFA12 subunit (Leigh syndrome)	AG-916-M15_00932	-4
CACKFZ010000013.1	14292	15116	+	AG-916-M15_00929	AG-916-M15	274	OG0000284	NA	NA	NA	NA	NA	AG-916-M15_00932	-3
CACKFZ010000013.1	15120	16904	-	AG-916-M15_00930	AG-916-M15	594	OG0000189	K01876	aspartyl-tRNA synthetase [EC:6.1.1.12]	COG0173	AspS	Aspartyl-tRNA synthetase	AG-916-M15_00932	-2
CACKFZ010000013.1	16905	17579	-	AG-916-M15_00931	AG-916-M15	224	OG0000690	NA	NA	COG0593	DnaA	Chromosomal replication initiation ATPase DnaA	AG-916-M15_00932	-1
CACKFZ010000013.1	17564	18643	-	AG-916-M15_00932	AG-916-M15	359	OG0000916	NA	NA	NA	NA	NA	AG-916-M15_00932	0
CACKFZ010000013.1	18655	19683	+	AG-916-M15_00933	AG-916-M15	342	OG0000574	K01933	phosphoribosylformylglycinamidine cyclo-ligase [EC:6.3.3.1]	COG0150	PurM	Phosphoribosylaminoimidazole (AIR) synthetase	AG-916-M15_00932	1
CACKFZ010000013.1	19661	20242	+	AG-916-M15_00934	AG-916-M15	193	OG0000035	K11175	phosphoribosylglycinamide formyltransferase 1 [EC:2.1.2.2]	COG0299	PurN	Folate-dependent phosphoribosylglycinamide formyltransferase PurN	AG-916-M15_00932	2
CACKFZ010000013.1	20239	20643	-	AG-916-M15_00935	AG-916-M15	134	OG0000480	K00940	nucleoside-diphosphate kinase [EC:2.7.4.6]	COG0105	Ndk	Nucleoside diphosphate kinase	AG-916-M15_00932	3
CACKFZ010000013.1	20636	22090	-	AG-916-M15_00936	AG-916-M15	484	OG0000405	K01255	leucyl aminopeptidase [EC:3.4.11.1]	COG0260	PepB	Leucyl aminopeptidase	AG-916-M15_00932	4
CACKFZ010000013.1	22152	23285	+	AG-916-M15_00937	AG-916-M15	377	OG0000932	NA	NA	COG0795	LptF	Lipopolysaccharide export LptBFGC system, permease protein LptF	AG-916-M15_00932	5
CACKFA010000013.1	4679	5797	-	AG-916-N14_01255	AG-916-N14	372	OG0000932	NA	NA	COG0795	LptF	Lipopolysaccharide export LptBFGC system, permease protein LptF	AG-916-N14_01260	-5
CACKFA010000013.1	5859	7313	+	AG-916-N14_01256	AG-916-N14	484	OG0000405	K01255	leucyl aminopeptidase [EC:3.4.11.1]	COG0260	PepB	Leucyl aminopeptidase	AG-916-N14_01260	-4
CACKFA010000013.1	7306	7716	+	AG-916-N14_01257	AG-916-N14	136	OG0000480	K00940	nucleoside-diphosphate kinase [EC:2.7.4.6]	COG0105	Ndk	Nucleoside diphosphate kinase	AG-916-N14_01260	-3
CACKFA010000013.1	7706	8287	-	AG-916-N14_01258	AG-916-N14	193	OG0000035	K11175	phosphoribosylglycinamide formyltransferase 1 [EC:2.1.2.2]	COG0299	PurN	Folate-dependent phosphoribosylglycinamide formyltransferase PurN	AG-916-N14_01260	-2
CACKFA010000013.1	8256	9293	-	AG-916-N14_01259	AG-916-N14	345	OG0000574	K01933	phosphoribosylformylglycinamidine cyclo-ligase [EC:6.3.3.1]	COG0150	PurM	Phosphoribosylaminoimidazole (AIR) synthetase	AG-916-N14_01260	-1
CACKFA010000013.1	9305	10393	+	AG-916-N14_01260	AG-916-N14	362	OG0000916	NA	NA	NA	NA	NA	AG-916-N14_01260	0
CACKFA010000013.1	10380	11042	+	AG-916-N14_01261	AG-916-N14	220	OG0000690	NA	NA	COG0593	DnaA	Chromosomal replication initiation ATPase DnaA	AG-916-N14_01260	1
CACKFA010000013.1	11043	12827	+	AG-916-N14_01262	AG-916-N14	594	OG0000189	K01876	aspartyl-tRNA synthetase [EC:6.1.1.12]	COG0173	AspS	Aspartyl-tRNA synthetase	AG-916-N14_01260	2
CACKFA010000013.1	12829	13653	-	AG-916-N14_01263	AG-916-N14	274	OG0000284	NA	NA	NA	NA	NA	AG-916-N14_01260	3
CACKFA010000013.1	13767	14126	+	AG-916-N14_01264	AG-916-N14	119	OG0000369	NA	NA	COG3761	NDUFA12	NADH:ubiquinone oxidoreductase NDUFA12 subunit (Leigh syndrome)	AG-916-N14_01260	4
CACKFA010000013.1	14089	14496	+	AG-916-N14_01265	AG-916-N14	135	OG0000472	NA	NA	COG4765	NA	Uncharacterized conserved protein, DUF2155 domain	AG-916-N14_01260	5
CACKGF010000001.1	375789	376190	-	AG-916-O13_00432	AG-916-O13	133	OG0000472	NA	NA	COG4765	NA	Uncharacterized conserved protein, DUF2155 domain	AG-916-O13_00437	-5
CACKGF010000001.1	376156	376512	-	AG-916-O13_00433	AG-916-O13	118	OG0000369	NA	NA	COG3761	NDUFA12	NADH:ubiquinone oxidoreductase NDUFA12 subunit (Leigh syndrome)	AG-916-O13_00437	-4
CACKGF010000001.1	376623	377453	+	AG-916-O13_00434	AG-916-O13	276	OG0000284	NA	NA	NA	NA	NA	AG-916-O13_00437	-3
CACKGF010000001.1	377454	379241	-	AG-916-O13_00435	AG-916-O13	595	OG0000189	K01876	aspartyl-tRNA synthetase [EC:6.1.1.12]	COG0173	AspS	Aspartyl-tRNA synthetase	AG-916-O13_00437	-2
CACKGF010000001.1	379238	379918	-	AG-916-O13_00436	AG-916-O13	226	OG0000690	NA	NA	COG0593	DnaA	Chromosomal replication initiation ATPase DnaA	AG-916-O13_00437	-1
CACKGF010000001.1	379903	380979	-	AG-916-O13_00437	AG-916-O13	358	OG0000916	NA	NA	NA	NA	NA	AG-916-O13_00437	0
CACKGF010000001.1	380988	382013	+	AG-916-O13_00438	AG-916-O13	341	OG0000574	K01933	phosphoribosylformylglycinamidine cyclo-ligase [EC:6.3.3.1]	COG0150	PurM	Phosphoribosylaminoimidazole (AIR) synthetase	AG-916-O13_00437	1
CACKGF010000001.1	382015	382584	+	AG-916-O13_00439	AG-916-O13	189	OG0000035	K11175	phosphoribosylglycinamide formyltransferase 1 [EC:2.1.2.2]	COG0299	PurN	Folate-dependent phosphoribosylglycinamide formyltransferase PurN	AG-916-O13_00437	2
CACKGF010000001.1	382574	382984	-	AG-916-O13_00440	AG-916-O13	136	OG0000480	K00940	nucleoside-diphosphate kinase [EC:2.7.4.6]	COG0105	Ndk	Nucleoside diphosphate kinase	AG-916-O13_00437	3
CACKGF010000001.1	382977	384437	-	AG-916-O13_00441	AG-916-O13	486	OG0000405	K01255	leucyl aminopeptidase [EC:3.4.11.1]	COG0260	PepB	Leucyl aminopeptidase	AG-916-O13_00437	4
CACKGF010000001.1	384494	385639	+	AG-916-O13_00442	AG-916-O13	381	OG0000932	NA	NA	COG0795	LptF	Lipopolysaccharide export LptBFGC system, permease protein LptF	AG-916-O13_00437	5
CACKGK010000018.1	5621	6025	-	AG-916-O20_01186	AG-916-O20	134	OG0000472	NA	NA	COG4765	NA	Uncharacterized conserved protein, DUF2155 domain	AG-916-O20_01191	-5
CACKGK010000018.1	5988	6347	-	AG-916-O20_01187	AG-916-O20	119	OG0000369	NA	NA	COG3761	NDUFA12	NADH:ubiquinone oxidoreductase NDUFA12 subunit (Leigh syndrome)	AG-916-O20_01191	-4
CACKGK010000018.1	6463	7290	+	AG-916-O20_01188	AG-916-O20	275	OG0000284	NA	NA	NA	NA	NA	AG-916-O20_01191	-3
CACKGK010000018.1	7291	9075	-	AG-916-O20_01189	AG-916-O20	594	OG0000189	K01876	aspartyl-tRNA synthetase [EC:6.1.1.12]	COG0173	AspS	Aspartyl-tRNA synthetase	AG-916-O20_01191	-2
CACKGK010000018.1	9077	9733	-	AG-916-O20_01190	AG-916-O20	218	OG0000690	NA	NA	COG0593	DnaA	Chromosomal replication initiation ATPase DnaA	AG-916-O20_01191	-1
CACKGK010000018.1	9730	9939	-	AG-916-O20_01191	AG-916-O20	69	OG0000916	NA	NA	NA	NA	NA	AG-916-O20_01191	0
CACKKI010000009.1	27648	28787	-	AG-917-C08_01145	AG-917-C08	379	OG0000932	NA	NA	COG0795	LptF	Lipopolysaccharide export LptBFGC system, permease protein LptF	AG-917-C08_01150	-5
CACKKI010000009.1	28849	30303	+	AG-917-C08_01146	AG-917-C08	484	OG0000405	K01255	leucyl aminopeptidase [EC:3.4.11.1]	COG0260	PepB	Leucyl aminopeptidase	AG-917-C08_01150	-4
CACKKI010000009.1	30296	30706	+	AG-917-C08_01147	AG-917-C08	136	OG0000480	K00940	nucleoside-diphosphate kinase [EC:2.7.4.6]	COG0105	Ndk	Nucleoside diphosphate kinase	AG-917-C08_01150	-3
CACKKI010000009.1	30696	31277	-	AG-917-C08_01148	AG-917-C08	193	OG0000035	K11175	phosphoribosylglycinamide formyltransferase 1 [EC:2.1.2.2]	COG0299	PurN	Folate-dependent phosphoribosylglycinamide formyltransferase PurN	AG-917-C08_01150	-2
CACKKI010000009.1	31255	32283	-	AG-917-C08_01149	AG-917-C08	342	OG0000574	K01933	phosphoribosylformylglycinamidine cyclo-ligase [EC:6.3.3.1]	COG0150	PurM	Phosphoribosylaminoimidazole (AIR) synthetase	AG-917-C08_01150	-1
CACKKI010000009.1	32295	33374	+	AG-917-C08_01150	AG-917-C08	359	OG0000916	NA	NA	NA	NA	NA	AG-917-C08_01150	0
CACKKI010000009.1	33359	34033	+	AG-917-C08_01151	AG-917-C08	224	OG0000690	NA	NA	COG0593	DnaA	Chromosomal replication initiation ATPase DnaA	AG-917-C08_01150	1
CACKKI010000009.1	34034	35818	+	AG-917-C08_01152	AG-917-C08	594	OG0000189	K01876	aspartyl-tRNA synthetase [EC:6.1.1.12]	COG0173	AspS	Aspartyl-tRNA synthetase	AG-917-C08_01150	2
CACKKI010000009.1	35822	36661	-	AG-917-C08_01153	AG-917-C08	279	OG0000284	NA	NA	NA	NA	NA	AG-917-C08_01150	3
CACKKI010000009.1	36776	37135	+	AG-917-C08_01154	AG-917-C08	119	OG0000369	NA	NA	COG3761	NDUFA12	NADH:ubiquinone oxidoreductase NDUFA12 subunit (Leigh syndrome)	AG-917-C08_01150	4
CACKKI010000009.1	37098	37502	+	AG-917-C08_01155	AG-917-C08	134	OG0000472	NA	NA	COG4765	NA	Uncharacterized conserved protein, DUF2155 domain	AG-917-C08_01150	5
CACKKP010000008.1	1121	2260	-	AG-917-C11_00687	AG-917-C11	379	OG0000932	NA	NA	COG0795	LptF	Lipopolysaccharide export LptBFGC system, permease protein LptF	AG-917-C11_00692	-5
CACKKP010000008.1	2322	3776	+	AG-917-C11_00688	AG-917-C11	484	OG0000405	K01255	leucyl aminopeptidase [EC:3.4.11.1]	COG0260	PepB	Leucyl aminopeptidase	AG-917-C11_00692	-4
CACKKP010000008.1	3769	4179	+	AG-917-C11_00689	AG-917-C11	136	OG0000480	K00940	nucleoside-diphosphate kinase [EC:2.7.4.6]	COG0105	Ndk	Nucleoside diphosphate kinase	AG-917-C11_00692	-3
CACKKP010000008.1	4169	4750	-	AG-917-C11_00690	AG-917-C11	193	OG0000035	K11175	phosphoribosylglycinamide formyltransferase 1 [EC:2.1.2.2]	COG0299	PurN	Folate-dependent phosphoribosylglycinamide formyltransferase PurN	AG-917-C11_00692	-2
CACKKP010000008.1	4728	5756	-	AG-917-C11_00691	AG-917-C11	342	OG0000574	K01933	phosphoribosylformylglycinamidine cyclo-ligase [EC:6.3.3.1]	COG0150	PurM	Phosphoribosylaminoimidazole (AIR) synthetase	AG-917-C11_00692	-1
CACKKP010000008.1	5768	6847	+	AG-917-C11_00692	AG-917-C11	359	OG0000916	NA	NA	NA	NA	NA	AG-917-C11_00692	0
CACKKP010000008.1	6832	7506	+	AG-917-C11_00693	AG-917-C11	224	OG0000690	NA	NA	COG0593	DnaA	Chromosomal replication initiation ATPase DnaA	AG-917-C11_00692	1
CACKKP010000008.1	7507	9291	+	AG-917-C11_00694	AG-917-C11	594	OG0000189	K01876	aspartyl-tRNA synthetase [EC:6.1.1.12]	COG0173	AspS	Aspartyl-tRNA synthetase	AG-917-C11_00692	2
CACKKP010000008.1	9295	10119	-	AG-917-C11_00695	AG-917-C11	274	OG0000284	NA	NA	NA	NA	NA	AG-917-C11_00692	3
CACKKP010000008.1	10233	10592	+	AG-917-C11_00696	AG-917-C11	119	OG0000369	NA	NA	COG3761	NDUFA12	NADH:ubiquinone oxidoreductase NDUFA12 subunit (Leigh syndrome)	AG-917-C11_00692	4
CACKKP010000008.1	10555	10959	+	AG-917-C11_00697	AG-917-C11	134	OG0000472	NA	NA	COG4765	NA	Uncharacterized conserved protein, DUF2155 domain	AG-917-C11_00692	5
CACKLD010000009.1	17079	17486	-	AG-917-D03_01049	AG-917-D03	135	OG0000472	NA	NA	COG4765	NA	Uncharacterized conserved protein, DUF2155 domain	AG-917-D03_01054	-5
CACKLD010000009.1	17449	17805	-	AG-917-D03_01050	AG-917-D03	118	OG0000369	NA	NA	COG3761	NDUFA12	NADH:ubiquinone oxidoreductase NDUFA12 subunit (Leigh syndrome)	AG-917-D03_01054	-4
CACKLD010000009.1	17914	18735	+	AG-917-D03_01051	AG-917-D03	273	OG0000284	NA	NA	NA	NA	NA	AG-917-D03_01054	-3
CACKLD010000009.1	18736	20517	-	AG-917-D03_01052	AG-917-D03	593	OG0000189	K01876	aspartyl-tRNA synthetase [EC:6.1.1.12]	COG0173	AspS	Aspartyl-tRNA synthetase	AG-917-D03_01054	-2
CACKLD010000009.1	20514	21173	-	AG-917-D03_01053	AG-917-D03	219	OG0000690	NA	NA	COG0593	DnaA	Chromosomal replication initiation ATPase DnaA	AG-917-D03_01054	-1
CACKLD010000009.1	21170	22246	-	AG-917-D03_01054	AG-917-D03	358	OG0000916	NA	NA	NA	NA	NA	AG-917-D03_01054	0
CACKLD010000009.1	22256	23278	+	AG-917-D03_01055	AG-917-D03	340	OG0000574	K01933	phosphoribosylformylglycinamidine cyclo-ligase [EC:6.3.3.1]	COG0150	PurM	Phosphoribosylaminoimidazole (AIR) synthetase	AG-917-D03_01054	1
CACKLD010000009.1	23259	23837	+	AG-917-D03_01056	AG-917-D03	192	OG0000035	K11175	phosphoribosylglycinamide formyltransferase 1 [EC:2.1.2.2]	COG0299	PurN	Folate-dependent phosphoribosylglycinamide formyltransferase PurN	AG-917-D03_01054	2
CACKLD010000009.1	23827	24237	-	AG-917-D03_01057	AG-917-D03	136	OG0000480	K00940	nucleoside-diphosphate kinase [EC:2.7.4.6]	COG0105	Ndk	Nucleoside diphosphate kinase	AG-917-D03_01054	3
CACKLD010000009.1	24230	25666	-	AG-917-D03_01058	AG-917-D03	478	OG0000405	K01255	leucyl aminopeptidase [EC:3.4.11.1]	COG0260	PepB	Leucyl aminopeptidase	AG-917-D03_01054	4
CACKLD010000009.1	25721	26851	+	AG-917-D03_01059	AG-917-D03	376	OG0000932	NA	NA	COG0795	LptF	Lipopolysaccharide export LptBFGC system, permease protein LptF	AG-917-D03_01054	5
CACKLO010000005.1	23813	24931	-	AG-917-D09_00495	AG-917-D09	372	OG0000932	NA	NA	COG0795	LptF	Lipopolysaccharide export LptBFGC system, permease protein LptF	AG-917-D09_00500	-5
CACKLO010000005.1	24986	26410	+	AG-917-D09_00496	AG-917-D09	474	OG0000405	K01255	leucyl aminopeptidase [EC:3.4.11.1]	COG0260	PepB	Leucyl aminopeptidase	AG-917-D09_00500	-4
CACKLO010000005.1	26403	26813	+	AG-917-D09_00497	AG-917-D09	136	OG0000480	K00940	nucleoside-diphosphate kinase [EC:2.7.4.6]	COG0105	Ndk	Nucleoside diphosphate kinase	AG-917-D09_00500	-3
CACKLO010000005.1	26803	27390	-	AG-917-D09_00498	AG-917-D09	195	OG0000035	K11175	phosphoribosylglycinamide formyltransferase 1 [EC:2.1.2.2]	COG0299	PurN	Folate-dependent phosphoribosylglycinamide formyltransferase PurN	AG-917-D09_00500	-2
CACKLO010000005.1	27371	28393	-	AG-917-D09_00499	AG-917-D09	340	OG0000574	K01933	phosphoribosylformylglycinamidine cyclo-ligase [EC:6.3.3.1]	COG0150	PurM	Phosphoribosylaminoimidazole (AIR) synthetase	AG-917-D09_00500	-1
CACKLO010000005.1	28406	29479	+	AG-917-D09_00500	AG-917-D09	357	OG0000916	NA	NA	NA	NA	NA	AG-917-D09_00500	0
CACKLO010000005.1	29476	30132	+	AG-917-D09_00501	AG-917-D09	218	OG0000690	NA	NA	COG0593	DnaA	Chromosomal replication initiation ATPase DnaA	AG-917-D09_00500	1
CACKLO010000005.1	30134	31918	+	AG-917-D09_00502	AG-917-D09	594	OG0000189	K01876	aspartyl-tRNA synthetase [EC:6.1.1.12]	COG0173	AspS	Aspartyl-tRNA synthetase	AG-917-D09_00500	2
CACKLO010000005.1	31919	32752	-	AG-917-D09_00503	AG-917-D09	277	OG0000284	NA	NA	NA	NA	NA	AG-917-D09_00500	3
CACKLO010000005.1	32861	33220	+	AG-917-D09_00504	AG-917-D09	119	OG0000369	NA	NA	COG3761	NDUFA12	NADH:ubiquinone oxidoreductase NDUFA12 subunit (Leigh syndrome)	AG-917-D09_00500	4
CACKLO010000005.1	33183	33590	+	AG-917-D09_00505	AG-917-D09	135	OG0000472	NA	NA	COG4765	NA	Uncharacterized conserved protein, DUF2155 domain	AG-917-D09_00500	5
CACKLR010000017.1	325	1761	+	AG-917-D14_01065	AG-917-D14	478	OG0000405	K01255	leucyl aminopeptidase [EC:3.4.11.1]	COG0260	PepB	Leucyl aminopeptidase	AG-917-D14_01069	-4
CACKLR010000017.1	1754	2164	+	AG-917-D14_01066	AG-917-D14	136	OG0000480	K00940	nucleoside-diphosphate kinase [EC:2.7.4.6]	COG0105	Ndk	Nucleoside diphosphate kinase	AG-917-D14_01069	-3
CACKLR010000017.1	2154	2732	-	AG-917-D14_01067	AG-917-D14	192	OG0000035	K11175	phosphoribosylglycinamide formyltransferase 1 [EC:2.1.2.2]	COG0299	PurN	Folate-dependent phosphoribosylglycinamide formyltransferase PurN	AG-917-D14_01069	-2
CACKLR010000017.1	2713	3735	-	AG-917-D14_01068	AG-917-D14	340	OG0000574	K01933	phosphoribosylformylglycinamidine cyclo-ligase [EC:6.3.3.1]	COG0150	PurM	Phosphoribosylaminoimidazole (AIR) synthetase	AG-917-D14_01069	-1
CACKLR010000017.1	3745	4821	+	AG-917-D14_01069	AG-917-D14	358	OG0000916	NA	NA	NA	NA	NA	AG-917-D14_01069	0
CACKLR010000017.1	4818	5477	+	AG-917-D14_01070	AG-917-D14	219	OG0000690	NA	NA	COG0593	DnaA	Chromosomal replication initiation ATPase DnaA	AG-917-D14_01069	1
CACKLR010000017.1	5474	7255	+	AG-917-D14_01071	AG-917-D14	593	OG0000189	K01876	aspartyl-tRNA synthetase [EC:6.1.1.12]	COG0173	AspS	Aspartyl-tRNA synthetase	AG-917-D14_01069	2
CACKLR010000017.1	7256	8077	-	AG-917-D14_01072	AG-917-D14	273	OG0000284	NA	NA	NA	NA	NA	AG-917-D14_01069	3
CACKLR010000017.1	8186	8542	+	AG-917-D14_01073	AG-917-D14	118	OG0000369	NA	NA	COG3761	NDUFA12	NADH:ubiquinone oxidoreductase NDUFA12 subunit (Leigh syndrome)	AG-917-D14_01069	4
CACKLR010000017.1	8505	8912	+	AG-917-D14_01074	AG-917-D14	135	OG0000472	NA	NA	COG4765	NA	Uncharacterized conserved protein, DUF2155 domain	AG-917-D14_01069	5
CACKMB010000015.1	8174	8581	-	AG-917-D23_01262	AG-917-D23	135	OG0000472	NA	NA	COG4765	NA	Uncharacterized conserved protein, DUF2155 domain	AG-917-D23_01267	-5
CACKMB010000015.1	8544	8990	-	AG-917-D23_01263	AG-917-D23	148	OG0000369	NA	NA	COG3761	NDUFA12	NADH:ubiquinone oxidoreductase NDUFA12 subunit (Leigh syndrome)	AG-917-D23_01267	-4
CACKMB010000015.1	9009	9830	+	AG-917-D23_01264	AG-917-D23	273	OG0000284	NA	NA	NA	NA	NA	AG-917-D23_01267	-3
CACKMB010000015.1	9831	11612	-	AG-917-D23_01265	AG-917-D23	593	OG0000189	K01876	aspartyl-tRNA synthetase [EC:6.1.1.12]	COG0173	AspS	Aspartyl-tRNA synthetase	AG-917-D23_01267	-2
CACKMB010000015.1	11609	12268	-	AG-917-D23_01266	AG-917-D23	219	OG0000690	NA	NA	COG0593	DnaA	Chromosomal replication initiation ATPase DnaA	AG-917-D23_01267	-1
CACKMB010000015.1	12265	13341	-	AG-917-D23_01267	AG-917-D23	358	OG0000916	NA	NA	NA	NA	NA	AG-917-D23_01267	0
CACKMB010000015.1	13332	13631	-	AG-917-D23_01268	AG-917-D23	99	NA	NA	NA	NA	NA	NA	AG-917-D23_01267	1
CACKMS010000001.1	95182	96300	-	AG-917-E05_00104	AG-917-E05	372	OG0000932	NA	NA	COG0795	LptF	Lipopolysaccharide export LptBFGC system, permease protein LptF	AG-917-E05_00109	-5
CACKMS010000001.1	96355	97779	+	AG-917-E05_00105	AG-917-E05	474	OG0000405	K01255	leucyl aminopeptidase [EC:3.4.11.1]	COG0260	PepB	Leucyl aminopeptidase	AG-917-E05_00109	-4
CACKMS010000001.1	97772	98182	+	AG-917-E05_00106	AG-917-E05	136	OG0000480	K00940	nucleoside-diphosphate kinase [EC:2.7.4.6]	COG0105	Ndk	Nucleoside diphosphate kinase	AG-917-E05_00109	-3
CACKMS010000001.1	98179	98757	-	AG-917-E05_00107	AG-917-E05	192	OG0000035	K11175	phosphoribosylglycinamide formyltransferase 1 [EC:2.1.2.2]	COG0299	PurN	Folate-dependent phosphoribosylglycinamide formyltransferase PurN	AG-917-E05_00109	-2
CACKMS010000001.1	98738	99760	-	AG-917-E05_00108	AG-917-E05	340	OG0000574	K01933	phosphoribosylformylglycinamidine cyclo-ligase [EC:6.3.3.1]	COG0150	PurM	Phosphoribosylaminoimidazole (AIR) synthetase	AG-917-E05_00109	-1
CACKMS010000001.1	99773	100846	+	AG-917-E05_00109	AG-917-E05	357	OG0000916	NA	NA	NA	NA	NA	AG-917-E05_00109	0
CACKMS010000001.1	100843	101499	+	AG-917-E05_00110	AG-917-E05	218	OG0000690	NA	NA	COG0593	DnaA	Chromosomal replication initiation ATPase DnaA	AG-917-E05_00109	1
CACKMS010000001.1	101501	103285	+	AG-917-E05_00111	AG-917-E05	594	OG0000189	K01876	aspartyl-tRNA synthetase [EC:6.1.1.12]	COG0173	AspS	Aspartyl-tRNA synthetase	AG-917-E05_00109	2
CACKMS010000001.1	103286	104116	-	AG-917-E05_00112	AG-917-E05	276	OG0000284	NA	NA	NA	NA	NA	AG-917-E05_00109	3
CACKMS010000001.1	104225	104584	+	AG-917-E05_00113	AG-917-E05	119	OG0000369	NA	NA	COG3761	NDUFA12	NADH:ubiquinone oxidoreductase NDUFA12 subunit (Leigh syndrome)	AG-917-E05_00109	4
CACKMS010000001.1	104547	104954	+	AG-917-E05_00114	AG-917-E05	135	OG0000472	NA	NA	COG4765	NA	Uncharacterized conserved protein, DUF2155 domain	AG-917-E05_00109	5
CACKMU010000005.1	1781	2902	-	AG-917-E14_00465	AG-917-E14	373	OG0000932	NA	NA	COG0795	LptF	Lipopolysaccharide export LptBFGC system, permease protein LptF	AG-917-E14_00470	-5
CACKMU010000005.1	3039	4496	+	AG-917-E14_00466	AG-917-E14	485	OG0000405	K01255	leucyl aminopeptidase [EC:3.4.11.1]	COG0260	PepB	Leucyl aminopeptidase	AG-917-E14_00470	-4
CACKMU010000005.1	4489	4899	+	AG-917-E14_00467	AG-917-E14	136	OG0000480	K00940	nucleoside-diphosphate kinase [EC:2.7.4.6]	COG0105	Ndk	Nucleoside diphosphate kinase	AG-917-E14_00470	-3
CACKMU010000005.1	4896	5459	-	AG-917-E14_00468	AG-917-E14	187	OG0000035	K11175	phosphoribosylglycinamide formyltransferase 1 [EC:2.1.2.2]	COG0299	PurN	Folate-dependent phosphoribosylglycinamide formyltransferase PurN	AG-917-E14_00470	-2
CACKMU010000005.1	5447	6472	-	AG-917-E14_00469	AG-917-E14	341	OG0000574	K01933	phosphoribosylformylglycinamidine cyclo-ligase [EC:6.3.3.1]	COG0150	PurM	Phosphoribosylaminoimidazole (AIR) synthetase	AG-917-E14_00470	-1
CACKMU010000005.1	6505	7548	+	AG-917-E14_00470	AG-917-E14	347	OG0000916	NA	NA	NA	NA	NA	AG-917-E14_00470	0
CACKMU010000005.1	7527	8207	+	AG-917-E14_00471	AG-917-E14	226	OG0000690	NA	NA	COG0593	DnaA	Chromosomal replication initiation ATPase DnaA	AG-917-E14_00470	1
CACKMU010000005.1	8204	9997	+	AG-917-E14_00472	AG-917-E14	597	OG0000189	K01876	aspartyl-tRNA synthetase [EC:6.1.1.12]	COG0173	AspS	Aspartyl-tRNA synthetase	AG-917-E14_00470	2
CACKMU010000005.1	9994	10815	-	AG-917-E14_00473	AG-917-E14	273	OG0000284	NA	NA	NA	NA	NA	AG-917-E14_00470	3
CACKMU010000005.1	10895	11269	+	AG-917-E14_00474	AG-917-E14	124	OG0000369	NA	NA	COG3761	NDUFA12	NADH:ubiquinone oxidoreductase NDUFA12 subunit (Leigh syndrome)	AG-917-E14_00470	4
CACKMU010000005.1	11253	11765	+	AG-917-E14_00475	AG-917-E14	170	OG0000472	NA	NA	COG4765	NA	Uncharacterized conserved protein, DUF2155 domain	AG-917-E14_00470	5
CACKNV010000001.1	310918	311421	-	AG-917-F18_00351	AG-917-F18	167	OG0000472	NA	NA	COG4765	NA	Uncharacterized conserved protein, DUF2155 domain	AG-917-F18_00356	-5
CACKNV010000001.1	311405	311779	-	AG-917-F18_00352	AG-917-F18	124	OG0000369	NA	NA	COG3761	NDUFA12	NADH:ubiquinone oxidoreductase NDUFA12 subunit (Leigh syndrome)	AG-917-F18_00356	-4
CACKNV010000001.1	311856	312671	+	AG-917-F18_00353	AG-917-F18	271	OG0000284	NA	NA	NA	NA	NA	AG-917-F18_00356	-3
CACKNV010000001.1	312668	314455	-	AG-917-F18_00354	AG-917-F18	595	OG0000189	K01876	aspartyl-tRNA synthetase [EC:6.1.1.12]	COG0173	AspS	Aspartyl-tRNA synthetase	AG-917-F18_00356	-2
CACKNV010000001.1	314452	315108	-	AG-917-F18_00355	AG-917-F18	218	OG0000690	NA	NA	COG0593	DnaA	Chromosomal replication initiation ATPase DnaA	AG-917-F18_00356	-1
CACKNV010000001.1	315112	316158	-	AG-917-F18_00356	AG-917-F18	348	OG0000916	NA	NA	NA	NA	NA	AG-917-F18_00356	0
CACKNV010000001.1	316183	317211	+	AG-917-F18_00357	AG-917-F18	342	OG0000574	K01933	phosphoribosylformylglycinamidine cyclo-ligase [EC:6.3.3.1]	COG0150	PurM	Phosphoribosylaminoimidazole (AIR) synthetase	AG-917-F18_00356	1
CACKNV010000001.1	317205	317768	+	AG-917-F18_00358	AG-917-F18	187	OG0000035	K11175	phosphoribosylglycinamide formyltransferase 1 [EC:2.1.2.2]	COG0299	PurN	Folate-dependent phosphoribosylglycinamide formyltransferase PurN	AG-917-F18_00356	2
CACKNV010000001.1	317765	318175	-	AG-917-F18_00359	AG-917-F18	136	OG0000480	K00940	nucleoside-diphosphate kinase [EC:2.7.4.6]	COG0105	Ndk	Nucleoside diphosphate kinase	AG-917-F18_00356	3
CACKNV010000001.1	318168	319625	-	AG-917-F18_00360	AG-917-F18	485	OG0000405	K01255	leucyl aminopeptidase [EC:3.4.11.1]	COG0260	PepB	Leucyl aminopeptidase	AG-917-F18_00356	4
CACKNV010000001.1	319756	320880	+	AG-917-F18_00361	AG-917-F18	374	OG0000932	NA	NA	COG0795	LptF	Lipopolysaccharide export LptBFGC system, permease protein LptF	AG-917-F18_00356	5
CACKQD010000001.1	342587	343720	-	AG-917-I17_00341	AG-917-I17	377	OG0000932	NA	NA	COG0795	LptF	Lipopolysaccharide export LptBFGC system, permease protein LptF	AG-917-I17_00346	-5
CACKQD010000001.1	343782	345236	+	AG-917-I17_00342	AG-917-I17	484	OG0000405	K01255	leucyl aminopeptidase [EC:3.4.11.1]	COG0260	PepB	Leucyl aminopeptidase	AG-917-I17_00346	-4
CACKQD010000001.1	345229	345633	+	AG-917-I17_00343	AG-917-I17	134	OG0000480	K00940	nucleoside-diphosphate kinase [EC:2.7.4.6]	COG0105	Ndk	Nucleoside diphosphate kinase	AG-917-I17_00346	-3
CACKQD010000001.1	345630	346211	-	AG-917-I17_00344	AG-917-I17	193	OG0000035	K11175	phosphoribosylglycinamide formyltransferase 1 [EC:2.1.2.2]	COG0299	PurN	Folate-dependent phosphoribosylglycinamide formyltransferase PurN	AG-917-I17_00346	-2
CACKQD010000001.1	346189	347217	-	AG-917-I17_00345	AG-917-I17	342	OG0000574	K01933	phosphoribosylformylglycinamidine cyclo-ligase [EC:6.3.3.1]	COG0150	PurM	Phosphoribosylaminoimidazole (AIR) synthetase	AG-917-I17_00346	-1
CACKQD010000001.1	347229	348308	+	AG-917-I17_00346	AG-917-I17	359	OG0000916	NA	NA	NA	NA	NA	AG-917-I17_00346	0
CACKQD010000001.1	348293	348967	+	AG-917-I17_00347	AG-917-I17	224	OG0000690	NA	NA	COG0593	DnaA	Chromosomal replication initiation ATPase DnaA	AG-917-I17_00346	1
CACKQD010000001.1	348968	350752	+	AG-917-I17_00348	AG-917-I17	594	OG0000189	K01876	aspartyl-tRNA synthetase [EC:6.1.1.12]	COG0173	AspS	Aspartyl-tRNA synthetase	AG-917-I17_00346	2
CACKQD010000001.1	350756	351580	-	AG-917-I17_00349	AG-917-I17	274	OG0000284	NA	NA	NA	NA	NA	AG-917-I17_00346	3
CACKQD010000001.1	351694	352053	+	AG-917-I17_00350	AG-917-I17	119	OG0000369	NA	NA	COG3761	NDUFA12	NADH:ubiquinone oxidoreductase NDUFA12 subunit (Leigh syndrome)	AG-917-I17_00346	4
CACKQD010000001.1	352016	352420	+	AG-917-I17_00351	AG-917-I17	134	OG0000472	NA	NA	COG4765	NA	Uncharacterized conserved protein, DUF2155 domain	AG-917-I17_00346	5
CACKQQ010000010.1	47	211	+	AG-917-J06_01011	AG-917-J06	54	OG0000916	NA	NA	NA	NA	NA	AG-917-J06_01011	0
CACKQQ010000010.1	198	860	+	AG-917-J06_01012	AG-917-J06	220	OG0000690	NA	NA	COG0593	DnaA	Chromosomal replication initiation ATPase DnaA	AG-917-J06_01011	1
CACKQQ010000010.1	861	2645	+	AG-917-J06_01013	AG-917-J06	594	OG0000189	K01876	aspartyl-tRNA synthetase [EC:6.1.1.12]	COG0173	AspS	Aspartyl-tRNA synthetase	AG-917-J06_01011	2
CACKQQ010000010.1	2647	3477	-	AG-917-J06_01014	AG-917-J06	276	OG0000284	NA	NA	NA	NA	NA	AG-917-J06_01011	3
CACKQQ010000010.1	3592	3951	+	AG-917-J06_01015	AG-917-J06	119	OG0000369	NA	NA	COG3761	NDUFA12	NADH:ubiquinone oxidoreductase NDUFA12 subunit (Leigh syndrome)	AG-917-J06_01011	4
CACKQQ010000010.1	3914	4321	+	AG-917-J06_01016	AG-917-J06	135	OG0000472	NA	NA	COG4765	NA	Uncharacterized conserved protein, DUF2155 domain	AG-917-J06_01011	5
CACLTL010000001.1	85324	86484	-	AG-917-K20_00088	AG-917-K20	386	OG0000932	NA	NA	COG0795	LptF	Lipopolysaccharide export LptBFGC system, permease protein LptF	AG-917-K20_00093	-5
CACLTL010000001.1	86578	88035	+	AG-917-K20_00089	AG-917-K20	485	OG0000405	K01255	leucyl aminopeptidase [EC:3.4.11.1]	COG0260	PepB	Leucyl aminopeptidase	AG-917-K20_00093	-4
CACLTL010000001.1	88028	88438	+	AG-917-K20_00090	AG-917-K20	136	OG0000480	K00940	nucleoside-diphosphate kinase [EC:2.7.4.6]	COG0105	Ndk	Nucleoside diphosphate kinase	AG-917-K20_00093	-3
CACLTL010000001.1	88435	88998	-	AG-917-K20_00091	AG-917-K20	187	OG0000035	K11175	phosphoribosylglycinamide formyltransferase 1 [EC:2.1.2.2]	COG0299	PurN	Folate-dependent phosphoribosylglycinamide formyltransferase PurN	AG-917-K20_00093	-2
CACLTL010000001.1	88992	90020	-	AG-917-K20_00092	AG-917-K20	342	OG0000574	K01933	phosphoribosylformylglycinamidine cyclo-ligase [EC:6.3.3.1]	COG0150	PurM	Phosphoribosylaminoimidazole (AIR) synthetase	AG-917-K20_00093	-1
CACLTL010000001.1	90044	91090	+	AG-917-K20_00093	AG-917-K20	348	OG0000916	NA	NA	NA	NA	NA	AG-917-K20_00093	0
CACLTL010000001.1	91069	91749	+	AG-917-K20_00094	AG-917-K20	226	OG0000690	NA	NA	COG0593	DnaA	Chromosomal replication initiation ATPase DnaA	AG-917-K20_00093	1
CACLTL010000001.1	91746	93533	+	AG-917-K20_00095	AG-917-K20	595	OG0000189	K01876	aspartyl-tRNA synthetase [EC:6.1.1.12]	COG0173	AspS	Aspartyl-tRNA synthetase	AG-917-K20_00093	2
CACLTL010000001.1	93530	94348	-	AG-917-K20_00096	AG-917-K20	272	OG0000284	NA	NA	NA	NA	NA	AG-917-K20_00093	3
CACLTL010000001.1	94424	94798	+	AG-917-K20_00097	AG-917-K20	124	OG0000369	NA	NA	COG3761	NDUFA12	NADH:ubiquinone oxidoreductase NDUFA12 subunit (Leigh syndrome)	AG-917-K20_00093	4
CACLTL010000001.1	94782	95285	+	AG-917-K20_00098	AG-917-K20	167	OG0000472	NA	NA	COG4765	NA	Uncharacterized conserved protein, DUF2155 domain	AG-917-K20_00093	5
CACLVA010000003.1	102945	104084	-	AG-917-M15_00461	AG-917-M15	379	OG0000932	NA	NA	NA	NA	NA	AG-917-M15_00466	-5
CACLVA010000003.1	104139	105593	+	AG-917-M15_00462	AG-917-M15	484	OG0000405	K01255	leucyl aminopeptidase [EC:3.4.11.1]	COG0260	PepB	Leucyl aminopeptidase	AG-917-M15_00466	-4
CACLVA010000003.1	105595	105996	+	AG-917-M15_00463	AG-917-M15	133	OG0000480	K00940	nucleoside-diphosphate kinase [EC:2.7.4.6]	COG0105	Ndk	Nucleoside diphosphate kinase	AG-917-M15_00466	-3
CACLVA010000003.1	105986	106573	-	AG-917-M15_00464	AG-917-M15	195	OG0000035	K11175	phosphoribosylglycinamide formyltransferase 1 [EC:2.1.2.2]	COG0299	PurN	Folate-dependent phosphoribosylglycinamide formyltransferase PurN	AG-917-M15_00466	-2
CACLVA010000003.1	106554	107582	-	AG-917-M15_00465	AG-917-M15	342	OG0000574	K01933	phosphoribosylformylglycinamidine cyclo-ligase [EC:6.3.3.1]	COG0150	PurM	Phosphoribosylaminoimidazole (AIR) synthetase	AG-917-M15_00466	-1
CACLVA010000003.1	107594	108670	+	AG-917-M15_00466	AG-917-M15	358	OG0000916	NA	NA	NA	NA	NA	AG-917-M15_00466	0
CACLVA010000003.1	108655	109338	+	AG-917-M15_00467	AG-917-M15	227	OG0000690	NA	NA	COG0593	DnaA	Chromosomal replication initiation ATPase DnaA	AG-917-M15_00466	1
CACLVA010000003.1	109331	111118	+	AG-917-M15_00468	AG-917-M15	595	OG0000189	K01876	aspartyl-tRNA synthetase [EC:6.1.1.12]	COG0173	AspS	Aspartyl-tRNA synthetase	AG-917-M15_00466	2
CACLVA010000003.1	111119	111943	-	AG-917-M15_00469	AG-917-M15	274	OG0000284	NA	NA	NA	NA	NA	AG-917-M15_00466	3
CACLVA010000003.1	112050	112409	+	AG-917-M15_00470	AG-917-M15	119	OG0000369	NA	NA	COG3761	NDUFA12	NADH:ubiquinone oxidoreductase NDUFA12 subunit (Leigh syndrome)	AG-917-M15_00466	4
CACLVA010000003.1	112375	112776	+	AG-917-M15_00471	AG-917-M15	133	OG0000472	NA	NA	COG4765	NA	Uncharacterized conserved protein, DUF2155 domain	AG-917-M15_00466	5
CACLVR010000015.1	16640	17044	-	AG-917-M22_00987	AG-917-M22	134	OG0000472	NA	NA	COG4765	NA	Uncharacterized conserved protein, DUF2155 domain	AG-917-M22_00992	-5
CACLVR010000015.1	17007	17366	-	AG-917-M22_00988	AG-917-M22	119	OG0000369	NA	NA	COG3761	NDUFA12	NADH:ubiquinone oxidoreductase NDUFA12 subunit (Leigh syndrome)	AG-917-M22_00992	-4
CACLVR010000015.1	17480	18304	+	AG-917-M22_00989	AG-917-M22	274	OG0000284	NA	NA	NA	NA	NA	AG-917-M22_00992	-3
CACLVR010000015.1	18308	20092	-	AG-917-M22_00990	AG-917-M22	594	OG0000189	K01876	aspartyl-tRNA synthetase [EC:6.1.1.12]	COG0173	AspS	Aspartyl-tRNA synthetase	AG-917-M22_00992	-2
CACLVR010000015.1	20093	20767	-	AG-917-M22_00991	AG-917-M22	224	OG0000690	NA	NA	COG0593	DnaA	Chromosomal replication initiation ATPase DnaA	AG-917-M22_00992	-1
CACLVR010000015.1	20752	21831	-	AG-917-M22_00992	AG-917-M22	359	OG0000916	NA	NA	NA	NA	NA	AG-917-M22_00992	0
CACLVR010000015.1	21843	22871	+	AG-917-M22_00993	AG-917-M22	342	OG0000574	K01933	phosphoribosylformylglycinamidine cyclo-ligase [EC:6.3.3.1]	COG0150	PurM	Phosphoribosylaminoimidazole (AIR) synthetase	AG-917-M22_00992	1
CACLVR010000015.1	22849	23430	+	AG-917-M22_00994	AG-917-M22	193	OG0000035	K11175	phosphoribosylglycinamide formyltransferase 1 [EC:2.1.2.2]	COG0299	PurN	Folate-dependent phosphoribosylglycinamide formyltransferase PurN	AG-917-M22_00992	2
CACLVR010000015.1	23420	23830	-	AG-917-M22_00995	AG-917-M22	136	OG0000480	K00940	nucleoside-diphosphate kinase [EC:2.7.4.6]	COG0105	Ndk	Nucleoside diphosphate kinase	AG-917-M22_00992	3
CACLVR010000015.1	23823	25292	-	AG-917-M22_00996	AG-917-M22	489	OG0000405	K01255	leucyl aminopeptidase [EC:3.4.11.1]	COG0260	PepB	Leucyl aminopeptidase	AG-917-M22_00992	4
CACLXR010000001.1	91515	92651	-	AG-917-O20_00108	AG-917-O20	378	OG0000932	NA	NA	COG0795	LptF	Lipopolysaccharide export LptBFGC system, permease protein LptF	AG-917-O20_00113	-5
CACLXR010000001.1	92734	94203	+	AG-917-O20_00109	AG-917-O20	489	OG0000405	K01255	leucyl aminopeptidase [EC:3.4.11.1]	COG0260	PepB	Leucyl aminopeptidase	AG-917-O20_00113	-4
CACLXR010000001.1	94196	94606	+	AG-917-O20_00110	AG-917-O20	136	OG0000480	K00940	nucleoside-diphosphate kinase [EC:2.7.4.6]	COG0105	Ndk	Nucleoside diphosphate kinase	AG-917-O20_00113	-3
CACLXR010000001.1	94596	95180	-	AG-917-O20_00111	AG-917-O20	194	OG0000035	K11175	phosphoribosylglycinamide formyltransferase 1 [EC:2.1.2.2]	COG0299	PurN	Folate-dependent phosphoribosylglycinamide formyltransferase PurN	AG-917-O20_00113	-2
CACLXR010000001.1	95158	96186	-	AG-917-O20_00112	AG-917-O20	342	OG0000574	K01933	phosphoribosylformylglycinamidine cyclo-ligase [EC:6.3.3.1]	COG0150	PurM	Phosphoribosylaminoimidazole (AIR) synthetase	AG-917-O20_00113	-1
CACLXR010000001.1	96198	97274	+	AG-917-O20_00113	AG-917-O20	358	OG0000916	NA	NA	NA	NA	NA	AG-917-O20_00113	0
CACLXR010000001.1	97271	97933	+	AG-917-O20_00114	AG-917-O20	220	OG0000690	NA	NA	COG0593	DnaA	Chromosomal replication initiation ATPase DnaA	AG-917-O20_00113	1
CACLXR010000001.1	97934	99712	+	AG-917-O20_00115	AG-917-O20	592	OG0000189	K01876	aspartyl-tRNA synthetase [EC:6.1.1.12]	COG0173	AspS	Aspartyl-tRNA synthetase	AG-917-O20_00113	2
CACLXR010000001.1	99714	100538	-	AG-917-O20_00116	AG-917-O20	274	OG0000284	NA	NA	NA	NA	NA	AG-917-O20_00113	3
CACLXR010000001.1	100658	101017	+	AG-917-O20_00117	AG-917-O20	119	OG0000369	NA	NA	COG3761	NDUFA12	NADH:ubiquinone oxidoreductase NDUFA12 subunit (Leigh syndrome)	AG-917-O20_00113	4
CACLXR010000001.1	100980	101378	+	AG-917-O20_00118	AG-917-O20	132	OG0000472	NA	NA	COG4765	NA	Uncharacterized conserved protein, DUF2155 domain	AG-917-O20_00113	5
CACLYY010000006.1	51249	52397	-	AG-918-B06_00867	AG-918-B06	382	OG0000932	NA	NA	COG0795	LptF	Lipopolysaccharide export LptBFGC system, permease protein LptF	AG-918-B06_00872	-5
CACLYY010000006.1	52453	53889	+	AG-918-B06_00868	AG-918-B06	478	OG0000405	K01255	leucyl aminopeptidase [EC:3.4.11.1]	COG0260	PepB	Leucyl aminopeptidase	AG-918-B06_00872	-4
CACLYY010000006.1	53882	54292	+	AG-918-B06_00869	AG-918-B06	136	OG0000480	K00940	nucleoside-diphosphate kinase [EC:2.7.4.6]	COG0105	Ndk	Nucleoside diphosphate kinase	AG-918-B06_00872	-3
CACLYY010000006.1	54282	54854	-	AG-918-B06_00870	AG-918-B06	190	OG0000035	K11175	phosphoribosylglycinamide formyltransferase 1 [EC:2.1.2.2]	COG0299	PurN	Folate-dependent phosphoribosylglycinamide formyltransferase PurN	AG-918-B06_00872	-2
CACLYY010000006.1	54835	55857	-	AG-918-B06_00871	AG-918-B06	340	OG0000574	K01933	phosphoribosylformylglycinamidine cyclo-ligase [EC:6.3.3.1]	COG0150	PurM	Phosphoribosylaminoimidazole (AIR) synthetase	AG-918-B06_00872	-1
CACLYY010000006.1	55869	56945	+	AG-918-B06_00872	AG-918-B06	358	OG0000916	NA	NA	NA	NA	NA	AG-918-B06_00872	0
CACLYY010000006.1	56942	57607	+	AG-918-B06_00873	AG-918-B06	221	OG0000690	NA	NA	COG0593	DnaA	Chromosomal replication initiation ATPase DnaA	AG-918-B06_00872	1
CACLYY010000006.1	57600	59384	+	AG-918-B06_00874	AG-918-B06	594	OG0000189	K01876	aspartyl-tRNA synthetase [EC:6.1.1.12]	COG0173	AspS	Aspartyl-tRNA synthetase	AG-918-B06_00872	2
CACLYY010000006.1	59385	60209	-	AG-918-B06_00875	AG-918-B06	274	OG0000284	NA	NA	NA	NA	NA	AG-918-B06_00872	3
CACLYY010000006.1	60326	60685	+	AG-918-B06_00876	AG-918-B06	119	OG0000369	NA	NA	COG3761	NDUFA12	NADH:ubiquinone oxidoreductase NDUFA12 subunit (Leigh syndrome)	AG-918-B06_00872	4
CACLYY010000006.1	60648	61052	+	AG-918-B06_00877	AG-918-B06	134	OG0000472	NA	NA	COG4765	NA	Uncharacterized conserved protein, DUF2155 domain	AG-918-B06_00872	5
CACMAX010000011.1	9186	9593	-	AG-918-E02_01242	AG-918-E02	135	OG0000472	NA	NA	COG4765	NA	Uncharacterized conserved protein, DUF2155 domain	AG-918-E02_01247	-5
CACMAX010000011.1	9556	9912	-	AG-918-E02_01243	AG-918-E02	118	OG0000369	NA	NA	COG3761	NDUFA12	NADH:ubiquinone oxidoreductase NDUFA12 subunit (Leigh syndrome)	AG-918-E02_01247	-4
CACMAX010000011.1	10019	10840	+	AG-918-E02_01244	AG-918-E02	273	OG0000284	NA	NA	NA	NA	NA	AG-918-E02_01247	-3
CACMAX010000011.1	10841	12622	-	AG-918-E02_01245	AG-918-E02	593	OG0000189	K01876	aspartyl-tRNA synthetase [EC:6.1.1.12]	COG0173	AspS	Aspartyl-tRNA synthetase	AG-918-E02_01247	-2
CACMAX010000011.1	12619	13278	-	AG-918-E02_01246	AG-918-E02	219	OG0000690	NA	NA	COG0593	DnaA	Chromosomal replication initiation ATPase DnaA	AG-918-E02_01247	-1
CACMAX010000011.1	13275	13397	-	AG-918-E02_01247	AG-918-E02	40	OG0000916	NA	NA	NA	NA	NA	AG-918-E02_01247	0
CACMDB010000005.1	39166	40302	-	AG-918-G06_00982	AG-918-G06	378	OG0000932	NA	NA	COG0795	LptF	Lipopolysaccharide export LptBFGC system, permease protein LptF	AG-918-G06_00987	-5
CACMDB010000005.1	40385	41854	+	AG-918-G06_00983	AG-918-G06	489	OG0000405	K01255	leucyl aminopeptidase [EC:3.4.11.1]	COG0260	PepB	Leucyl aminopeptidase	AG-918-G06_00987	-4
CACMDB010000005.1	41847	42257	+	AG-918-G06_00984	AG-918-G06	136	OG0000480	K00940	nucleoside-diphosphate kinase [EC:2.7.4.6]	COG0105	Ndk	Nucleoside diphosphate kinase	AG-918-G06_00987	-3
CACMDB010000005.1	42247	42831	-	AG-918-G06_00985	AG-918-G06	194	OG0000035	K11175	phosphoribosylglycinamide formyltransferase 1 [EC:2.1.2.2]	COG0299	PurN	Folate-dependent phosphoribosylglycinamide formyltransferase PurN	AG-918-G06_00987	-2
CACMDB010000005.1	42809	43837	-	AG-918-G06_00986	AG-918-G06	342	OG0000574	K01933	phosphoribosylformylglycinamidine cyclo-ligase [EC:6.3.3.1]	COG0150	PurM	Phosphoribosylaminoimidazole (AIR) synthetase	AG-918-G06_00987	-1
CACMDB010000005.1	43849	44925	+	AG-918-G06_00987	AG-918-G06	358	OG0000916	NA	NA	NA	NA	NA	AG-918-G06_00987	0
CACMDB010000005.1	44922	45584	+	AG-918-G06_00988	AG-918-G06	220	OG0000690	NA	NA	COG0593	DnaA	Chromosomal replication initiation ATPase DnaA	AG-918-G06_00987	1
CACMDB010000005.1	45585	47363	+	AG-918-G06_00989	AG-918-G06	592	OG0000189	K01876	aspartyl-tRNA synthetase [EC:6.1.1.12]	COG0173	AspS	Aspartyl-tRNA synthetase	AG-918-G06_00987	2
CACMDB010000005.1	47365	48174	-	AG-918-G06_00990	AG-918-G06	269	OG0000284	NA	NA	NA	NA	NA	AG-918-G06_00987	3
CACMDB010000005.1	48294	48653	+	AG-918-G06_00991	AG-918-G06	119	OG0000369	NA	NA	COG3761	NDUFA12	NADH:ubiquinone oxidoreductase NDUFA12 subunit (Leigh syndrome)	AG-918-G06_00987	4
CACMDB010000005.1	48616	49014	+	AG-918-G06_00992	AG-918-G06	132	OG0000472	NA	NA	COG4765	NA	Uncharacterized conserved protein, DUF2155 domain	AG-918-G06_00987	5
CACMDH010000005.1	62407	63525	-	AG-918-G15_00777	AG-918-G15	372	OG0000932	NA	NA	COG0795	LptF	Lipopolysaccharide export LptBFGC system, permease protein LptF	AG-918-G15_00782	-5
CACMDH010000005.1	63580	65004	+	AG-918-G15_00778	AG-918-G15	474	OG0000405	K01255	leucyl aminopeptidase [EC:3.4.11.1]	COG0260	PepB	Leucyl aminopeptidase	AG-918-G15_00782	-4
CACMDH010000005.1	64997	65407	+	AG-918-G15_00779	AG-918-G15	136	OG0000480	K00940	nucleoside-diphosphate kinase [EC:2.7.4.6]	COG0105	Ndk	Nucleoside diphosphate kinase	AG-918-G15_00782	-3
CACMDH010000005.1	65384	65983	-	AG-918-G15_00780	AG-918-G15	199	OG0000035	K11175	phosphoribosylglycinamide formyltransferase 1 [EC:2.1.2.2]	COG0299	PurN	Folate-dependent phosphoribosylglycinamide formyltransferase PurN	AG-918-G15_00782	-2
CACMDH010000005.1	65964	66986	-	AG-918-G15_00781	AG-918-G15	340	OG0000574	K01933	phosphoribosylformylglycinamidine cyclo-ligase [EC:6.3.3.1]	COG0150	PurM	Phosphoribosylaminoimidazole (AIR) synthetase	AG-918-G15_00782	-1
CACMDH010000005.1	66999	68072	+	AG-918-G15_00782	AG-918-G15	357	OG0000916	NA	NA	NA	NA	NA	AG-918-G15_00782	0
CACMDH010000005.1	68069	68725	+	AG-918-G15_00783	AG-918-G15	218	OG0000690	NA	NA	COG0593	DnaA	Chromosomal replication initiation ATPase DnaA	AG-918-G15_00782	1
CACMDH010000005.1	68727	70511	+	AG-918-G15_00784	AG-918-G15	594	OG0000189	K01876	aspartyl-tRNA synthetase [EC:6.1.1.12]	COG0173	AspS	Aspartyl-tRNA synthetase	AG-918-G15_00782	2
CACMDH010000005.1	70512	71342	-	AG-918-G15_00785	AG-918-G15	276	OG0000284	NA	NA	NA	NA	NA	AG-918-G15_00782	3
CACMDH010000005.1	71450	71809	+	AG-918-G15_00786	AG-918-G15	119	OG0000369	NA	NA	COG3761	NDUFA12	NADH:ubiquinone oxidoreductase NDUFA12 subunit (Leigh syndrome)	AG-918-G15_00782	4
CACMDH010000005.1	71772	72179	+	AG-918-G15_00787	AG-918-G15	135	OG0000472	NA	NA	COG4765	NA	Uncharacterized conserved protein, DUF2155 domain	AG-918-G15_00782	5
CACMGQ010000008.1	54216	55358	-	AG-918-L07_01143	AG-918-L07	380	OG0000932	NA	NA	COG0795	LptF	Lipopolysaccharide export LptBFGC system, permease protein LptF	AG-918-L07_01148	-5
CACMGQ010000008.1	55419	56873	+	AG-918-L07_01144	AG-918-L07	484	OG0000405	K01255	leucyl aminopeptidase [EC:3.4.11.1]	COG0260	PepB	Leucyl aminopeptidase	AG-918-L07_01148	-4
CACMGQ010000008.1	56866	57276	+	AG-918-L07_01145	AG-918-L07	136	OG0000480	K00940	nucleoside-diphosphate kinase [EC:2.7.4.6]	COG0105	Ndk	Nucleoside diphosphate kinase	AG-918-L07_01148	-3
CACMGQ010000008.1	57266	57847	-	AG-918-L07_01146	AG-918-L07	193	OG0000035	K11175	phosphoribosylglycinamide formyltransferase 1 [EC:2.1.2.2]	COG0299	PurN	Folate-dependent phosphoribosylglycinamide formyltransferase PurN	AG-918-L07_01148	-2
CACMGQ010000008.1	57825	58853	-	AG-918-L07_01147	AG-918-L07	342	OG0000574	K01933	phosphoribosylformylglycinamidine cyclo-ligase [EC:6.3.3.1]	COG0150	PurM	Phosphoribosylaminoimidazole (AIR) synthetase	AG-918-L07_01148	-1
CACMGQ010000008.1	58865	59944	+	AG-918-L07_01148	AG-918-L07	359	OG0000916	NA	NA	NA	NA	NA	AG-918-L07_01148	0
CACMGQ010000008.1	59929	60603	+	AG-918-L07_01149	AG-918-L07	224	OG0000690	NA	NA	COG0593	DnaA	Chromosomal replication initiation ATPase DnaA	AG-918-L07_01148	1
CACMGQ010000008.1	60604	62388	+	AG-918-L07_01150	AG-918-L07	594	OG0000189	K01876	aspartyl-tRNA synthetase [EC:6.1.1.12]	COG0173	AspS	Aspartyl-tRNA synthetase	AG-918-L07_01148	2
CACMGQ010000008.1	62392	63216	-	AG-918-L07_01151	AG-918-L07	274	OG0000284	NA	NA	NA	NA	NA	AG-918-L07_01148	3
CACMGQ010000008.1	63330	63689	+	AG-918-L07_01152	AG-918-L07	119	OG0000369	NA	NA	COG3761	NDUFA12	NADH:ubiquinone oxidoreductase NDUFA12 subunit (Leigh syndrome)	AG-918-L07_01148	4
CACMHD010000003.1	64420	64824	-	AG-918-L21_00323	AG-918-L21	134	OG0000472	NA	NA	COG4765	NA	Uncharacterized conserved protein, DUF2155 domain	AG-918-L21_00328	-5
CACMHD010000003.1	64787	65146	-	AG-918-L21_00324	AG-918-L21	119	OG0000369	NA	NA	COG3761	NDUFA12	NADH:ubiquinone oxidoreductase NDUFA12 subunit (Leigh syndrome)	AG-918-L21_00328	-4
CACMHD010000003.1	65260	66084	+	AG-918-L21_00325	AG-918-L21	274	OG0000284	NA	NA	NA	NA	NA	AG-918-L21_00328	-3
CACMHD010000003.1	66088	67872	-	AG-918-L21_00326	AG-918-L21	594	OG0000189	K01876	aspartyl-tRNA synthetase [EC:6.1.1.12]	COG0173	AspS	Aspartyl-tRNA synthetase	AG-918-L21_00328	-2
CACMHD010000003.1	67873	68547	-	AG-918-L21_00327	AG-918-L21	224	OG0000690	NA	NA	COG0593	DnaA	Chromosomal replication initiation ATPase DnaA	AG-918-L21_00328	-1
CACMHD010000003.1	68532	69611	-	AG-918-L21_00328	AG-918-L21	359	OG0000916	NA	NA	NA	NA	NA	AG-918-L21_00328	0
CACMHD010000003.1	69623	70651	+	AG-918-L21_00329	AG-918-L21	342	OG0000574	K01933	phosphoribosylformylglycinamidine cyclo-ligase [EC:6.3.3.1]	COG0150	PurM	Phosphoribosylaminoimidazole (AIR) synthetase	AG-918-L21_00328	1
CACMHD010000003.1	70629	71210	+	AG-918-L21_00330	AG-918-L21	193	OG0000035	K11175	phosphoribosylglycinamide formyltransferase 1 [EC:2.1.2.2]	COG0299	PurN	Folate-dependent phosphoribosylglycinamide formyltransferase PurN	AG-918-L21_00328	2
CACMHD010000003.1	71207	71611	-	AG-918-L21_00331	AG-918-L21	134	OG0000480	K00940	nucleoside-diphosphate kinase [EC:2.7.4.6]	COG0105	Ndk	Nucleoside diphosphate kinase	AG-918-L21_00328	3
CACMHD010000003.1	71604	73058	-	AG-918-L21_00332	AG-918-L21	484	OG0000405	K01255	leucyl aminopeptidase [EC:3.4.11.1]	COG0260	PepB	Leucyl aminopeptidase	AG-918-L21_00328	4
CACMHD010000003.1	73120	74238	+	AG-918-L21_00333	AG-918-L21	372	OG0000932	NA	NA	COG0795	LptF	Lipopolysaccharide export LptBFGC system, permease protein LptF	AG-918-L21_00328	5
CACMHW010000006.1	8976	9494	-	AG-918-M15_00731	AG-918-M15	172	OG0000472	NA	NA	COG4765	NA	Uncharacterized conserved protein, DUF2155 domain	AG-918-M15_00736	-5
CACMHW010000006.1	9478	9831	-	AG-918-M15_00732	AG-918-M15	117	OG0000369	NA	NA	COG3761	NDUFA12	NADH:ubiquinone oxidoreductase NDUFA12 subunit (Leigh syndrome)	AG-918-M15_00736	-4
CACMHW010000006.1	9933	10751	+	AG-918-M15_00733	AG-918-M15	272	OG0000284	NA	NA	NA	NA	NA	AG-918-M15_00736	-3
CACMHW010000006.1	10748	12535	-	AG-918-M15_00734	AG-918-M15	595	OG0000189	K01876	aspartyl-tRNA synthetase [EC:6.1.1.12]	COG0173	AspS	Aspartyl-tRNA synthetase	AG-918-M15_00736	-2
CACMHW010000006.1	12532	13188	-	AG-918-M15_00735	AG-918-M15	218	OG0000690	NA	NA	COG0593	DnaA	Chromosomal replication initiation ATPase DnaA	AG-918-M15_00736	-1
CACMHW010000006.1	13185	14234	-	AG-918-M15_00736	AG-918-M15	349	OG0000916	NA	NA	NA	NA	NA	AG-918-M15_00736	0
CACMHW010000006.1	14268	15287	+	AG-918-M15_00737	AG-918-M15	339	OG0000574	K01933	phosphoribosylformylglycinamidine cyclo-ligase [EC:6.3.3.1]	COG0150	PurM	Phosphoribosylaminoimidazole (AIR) synthetase	AG-918-M15_00736	1
CACMHW010000006.1	15281	15844	+	AG-918-M15_00738	AG-918-M15	187	OG0000035	K11175	phosphoribosylglycinamide formyltransferase 1 [EC:2.1.2.2]	COG0299	PurN	Folate-dependent phosphoribosylglycinamide formyltransferase PurN	AG-918-M15_00736	2
CACMHW010000006.1	15841	16251	-	AG-918-M15_00739	AG-918-M15	136	OG0000480	K00940	nucleoside-diphosphate kinase [EC:2.7.4.6]	COG0105	Ndk	Nucleoside diphosphate kinase	AG-918-M15_00736	3
CACMHW010000006.1	16244	17701	-	AG-918-M15_00740	AG-918-M15	485	OG0000405	K01255	leucyl aminopeptidase [EC:3.4.11.1]	COG0260	PepB	Leucyl aminopeptidase	AG-918-M15_00736	4
CACMHW010000006.1	17835	18962	+	AG-918-M15_00741	AG-918-M15	375	OG0000932	NA	NA	COG0795	LptF	Lipopolysaccharide export LptBFGC system, permease protein LptF	AG-918-M15_00736	5
CACMJB010000003.1	49786	50907	-	AG-918-N23_00394	AG-918-N23	373	OG0000932	NA	NA	COG0795	LptF	Lipopolysaccharide export LptBFGC system, permease protein LptF	AG-918-N23_00399	-5
CACMJB010000003.1	51059	52516	+	AG-918-N23_00395	AG-918-N23	485	OG0000405	K01255	leucyl aminopeptidase [EC:3.4.11.1]	COG0260	PepB	Leucyl aminopeptidase	AG-918-N23_00399	-4
CACMJB010000003.1	52509	52919	+	AG-918-N23_00396	AG-918-N23	136	OG0000480	K00940	nucleoside-diphosphate kinase [EC:2.7.4.6]	COG0105	Ndk	Nucleoside diphosphate kinase	AG-918-N23_00399	-3
CACMJB010000003.1	52920	53483	-	AG-918-N23_00397	AG-918-N23	187	OG0000035	K11175	phosphoribosylglycinamide formyltransferase 1 [EC:2.1.2.2]	COG0299	PurN	Folate-dependent phosphoribosylglycinamide formyltransferase PurN	AG-918-N23_00399	-2
CACMJB010000003.1	53477	54505	-	AG-918-N23_00398	AG-918-N23	342	OG0000574	K01933	phosphoribosylformylglycinamidine cyclo-ligase [EC:6.3.3.1]	COG0150	PurM	Phosphoribosylaminoimidazole (AIR) synthetase	AG-918-N23_00399	-1
CACMJB010000003.1	54526	55566	+	AG-918-N23_00399	AG-918-N23	346	OG0000916	NA	NA	NA	NA	NA	AG-918-N23_00399	0
CACMJB010000003.1	55568	56224	+	AG-918-N23_00400	AG-918-N23	218	OG0000690	NA	NA	COG0593	DnaA	Chromosomal replication initiation ATPase DnaA	AG-918-N23_00399	1
CACMJB010000003.1	56221	58005	+	AG-918-N23_00401	AG-918-N23	594	OG0000189	K01876	aspartyl-tRNA synthetase [EC:6.1.1.12]	COG0173	AspS	Aspartyl-tRNA synthetase	AG-918-N23_00399	2
CACMJB010000003.1	58002	58823	-	AG-918-N23_00402	AG-918-N23	273	OG0000284	NA	NA	NA	NA	NA	AG-918-N23_00399	3
CACMJB010000003.1	58920	59270	+	AG-918-N23_00403	AG-918-N23	116	OG0000369	NA	NA	COG3761	NDUFA12	NADH:ubiquinone oxidoreductase NDUFA12 subunit (Leigh syndrome)	AG-918-N23_00399	4
CACMJB010000003.1	59254	59748	+	AG-918-N23_00404	AG-918-N23	164	OG0000472	NA	NA	COG4765	NA	Uncharacterized conserved protein, DUF2155 domain	AG-918-N23_00399	5
CACMLV010000001.1	269230	269628	-	AG-919-C02_00305	AG-919-C02	132	OG0000472	NA	NA	COG4765	NA	Uncharacterized conserved protein, DUF2155 domain	AG-919-C02_00310	-5
CACMLV010000001.1	269591	269950	-	AG-919-C02_00306	AG-919-C02	119	OG0000369	NA	NA	COG3761	NDUFA12	NADH:ubiquinone oxidoreductase NDUFA12 subunit (Leigh syndrome)	AG-919-C02_00310	-4
CACMLV010000001.1	270070	270894	+	AG-919-C02_00307	AG-919-C02	274	OG0000284	NA	NA	NA	NA	NA	AG-919-C02_00310	-3
CACMLV010000001.1	270896	272674	-	AG-919-C02_00308	AG-919-C02	592	OG0000189	K01876	aspartyl-tRNA synthetase [EC:6.1.1.12]	COG0173	AspS	Aspartyl-tRNA synthetase	AG-919-C02_00310	-2
CACMLV010000001.1	272675	273349	-	AG-919-C02_00309	AG-919-C02	224	OG0000690	NA	NA	COG0593	DnaA	Chromosomal replication initiation ATPase DnaA	AG-919-C02_00310	-1
CACMLV010000001.1	273334	274410	-	AG-919-C02_00310	AG-919-C02	358	OG0000916	NA	NA	NA	NA	NA	AG-919-C02_00310	0
CACMLV010000001.1	274422	275450	+	AG-919-C02_00311	AG-919-C02	342	OG0000574	K01933	phosphoribosylformylglycinamidine cyclo-ligase [EC:6.3.3.1]	COG0150	PurM	Phosphoribosylaminoimidazole (AIR) synthetase	AG-919-C02_00310	1
CACMLV010000001.1	275428	276012	+	AG-919-C02_00312	AG-919-C02	194	OG0000035	K11175	phosphoribosylglycinamide formyltransferase 1 [EC:2.1.2.2]	COG0299	PurN	Folate-dependent phosphoribosylglycinamide formyltransferase PurN	AG-919-C02_00310	2
CACMLV010000001.1	276002	276412	-	AG-919-C02_00313	AG-919-C02	136	OG0000480	K00940	nucleoside-diphosphate kinase [EC:2.7.4.6]	COG0105	Ndk	Nucleoside diphosphate kinase	AG-919-C02_00310	3
CACMLV010000001.1	276405	276611	-	AG-919-C02_00314	AG-919-C02	68	NA	NA	NA	COG0260	PepB	Leucyl aminopeptidase	AG-919-C02_00310	4
CACMLV010000001.1	276613	277875	-	AG-919-C02_00315	AG-919-C02	420	OG0000405	K01255	leucyl aminopeptidase [EC:3.4.11.1]	COG0260	PepB	Leucyl aminopeptidase	AG-919-C02_00310	5
CACMOQ010000006.1	9746	10153	-	AG-919-F03_00741	AG-919-F03	135	OG0000472	NA	NA	COG4765	NA	Uncharacterized conserved protein, DUF2155 domain	AG-919-F03_00746	-5
CACMOQ010000006.1	10116	10475	-	AG-919-F03_00742	AG-919-F03	119	OG0000369	NA	NA	COG3761	NDUFA12	NADH:ubiquinone oxidoreductase NDUFA12 subunit (Leigh syndrome)	AG-919-F03_00746	-4
CACMOQ010000006.1	10588	11409	+	AG-919-F03_00743	AG-919-F03	273	OG0000284	NA	NA	NA	NA	NA	AG-919-F03_00746	-3
CACMOQ010000006.1	11411	13189	-	AG-919-F03_00744	AG-919-F03	592	OG0000189	K01876	aspartyl-tRNA synthetase [EC:6.1.1.12]	COG0173	AspS	Aspartyl-tRNA synthetase	AG-919-F03_00746	-2
CACMOQ010000006.1	13190	13852	-	AG-919-F03_00745	AG-919-F03	220	OG0000690	NA	NA	COG0593	DnaA	Chromosomal replication initiation ATPase DnaA	AG-919-F03_00746	-1
CACMOQ010000006.1	13849	14382	-	AG-919-F03_00746	AG-919-F03	177	OG0000916	NA	NA	NA	NA	NA	AG-919-F03_00746	0
CACMOQ010000006.1	14539	14916	-	AG-919-F03_00747	AG-919-F03	125	OG0000916	NA	NA	NA	NA	NA	AG-919-F03_00746	1
CACMOQ010000006.1	14931	15959	+	AG-919-F03_00748	AG-919-F03	342	OG0000574	K01933	phosphoribosylformylglycinamidine cyclo-ligase [EC:6.3.3.1]	COG0150	PurM	Phosphoribosylaminoimidazole (AIR) synthetase	AG-919-F03_00746	2
CACMOQ010000006.1	15937	16515	+	AG-919-F03_00749	AG-919-F03	192	OG0000035	K11175	phosphoribosylglycinamide formyltransferase 1 [EC:2.1.2.2]	COG0299	PurN	Folate-dependent phosphoribosylglycinamide formyltransferase PurN	AG-919-F03_00746	3
CACMOQ010000006.1	16505	16915	-	AG-919-F03_00750	AG-919-F03	136	OG0000480	K00940	nucleoside-diphosphate kinase [EC:2.7.4.6]	COG0105	Ndk	Nucleoside diphosphate kinase	AG-919-F03_00746	4
CACMOQ010000006.1	16908	18365	-	AG-919-F03_00751	AG-919-F03	485	OG0000405	K01255	leucyl aminopeptidase [EC:3.4.11.1]	COG0260	PepB	Leucyl aminopeptidase	AG-919-F03_00746	5
CACMOQ010000006.1	10116	10475	-	AG-919-F03_00742	AG-919-F03	119	OG0000369	NA	NA	COG3761	NDUFA12	NADH:ubiquinone oxidoreductase NDUFA12 subunit (Leigh syndrome)	AG-919-F03_00747	-5
CACMOQ010000006.1	10588	11409	+	AG-919-F03_00743	AG-919-F03	273	OG0000284	NA	NA	NA	NA	NA	AG-919-F03_00747	-4
CACMOQ010000006.1	11411	13189	-	AG-919-F03_00744	AG-919-F03	592	OG0000189	K01876	aspartyl-tRNA synthetase [EC:6.1.1.12]	COG0173	AspS	Aspartyl-tRNA synthetase	AG-919-F03_00747	-3
CACMOQ010000006.1	13190	13852	-	AG-919-F03_00745	AG-919-F03	220	OG0000690	NA	NA	COG0593	DnaA	Chromosomal replication initiation ATPase DnaA	AG-919-F03_00747	-2
CACMOQ010000006.1	13849	14382	-	AG-919-F03_00746	AG-919-F03	177	OG0000916	NA	NA	NA	NA	NA	AG-919-F03_00747	-1
CACMOQ010000006.1	14539	14916	-	AG-919-F03_00747	AG-919-F03	125	OG0000916	NA	NA	NA	NA	NA	AG-919-F03_00747	0
CACMOQ010000006.1	14931	15959	+	AG-919-F03_00748	AG-919-F03	342	OG0000574	K01933	phosphoribosylformylglycinamidine cyclo-ligase [EC:6.3.3.1]	COG0150	PurM	Phosphoribosylaminoimidazole (AIR) synthetase	AG-919-F03_00747	1
CACMOQ010000006.1	15937	16515	+	AG-919-F03_00749	AG-919-F03	192	OG0000035	K11175	phosphoribosylglycinamide formyltransferase 1 [EC:2.1.2.2]	COG0299	PurN	Folate-dependent phosphoribosylglycinamide formyltransferase PurN	AG-919-F03_00747	2
CACMOQ010000006.1	16505	16915	-	AG-919-F03_00750	AG-919-F03	136	OG0000480	K00940	nucleoside-diphosphate kinase [EC:2.7.4.6]	COG0105	Ndk	Nucleoside diphosphate kinase	AG-919-F03_00747	3
CACMOQ010000006.1	16908	18365	-	AG-919-F03_00751	AG-919-F03	485	OG0000405	K01255	leucyl aminopeptidase [EC:3.4.11.1]	COG0260	PepB	Leucyl aminopeptidase	AG-919-F03_00747	4
CACMOQ010000006.1	18479	19600	+	AG-919-F03_00752	AG-919-F03	373	OG0000932	NA	NA	COG0795	LptF	Lipopolysaccharide export LptBFGC system, permease protein LptF	AG-919-F03_00747	5
CACMQA010000004.1	61238	61759	-	AG-919-F21_00823	AG-919-F21	173	OG0000472	NA	NA	COG4765	NA	Uncharacterized conserved protein, DUF2155 domain	AG-919-F21_00828	-5
CACMQA010000004.1	61725	62069	-	AG-919-F21_00824	AG-919-F21	114	OG0000369	NA	NA	COG3761	NDUFA12	NADH:ubiquinone oxidoreductase NDUFA12 subunit (Leigh syndrome)	AG-919-F21_00828	-4
CACMQA010000004.1	62176	62994	+	AG-919-F21_00825	AG-919-F21	272	OG0000284	NA	NA	NA	NA	NA	AG-919-F21_00828	-3
CACMQA010000004.1	62984	64777	-	AG-919-F21_00826	AG-919-F21	597	OG0000189	K01876	aspartyl-tRNA synthetase [EC:6.1.1.12]	COG0173	AspS	Aspartyl-tRNA synthetase	AG-919-F21_00828	-2
CACMQA010000004.1	64774	65430	-	AG-919-F21_00827	AG-919-F21	218	OG0000690	NA	NA	COG0593	DnaA	Chromosomal replication initiation ATPase DnaA	AG-919-F21_00828	-1
CACMQA010000004.1	65434	66480	-	AG-919-F21_00828	AG-919-F21	348	OG0000916	NA	NA	NA	NA	NA	AG-919-F21_00828	0
CACMQA010000004.1	66505	67533	+	AG-919-F21_00829	AG-919-F21	342	OG0000574	K01933	phosphoribosylformylglycinamidine cyclo-ligase [EC:6.3.3.1]	COG0150	PurM	Phosphoribosylaminoimidazole (AIR) synthetase	AG-919-F21_00828	1
CACMQA010000004.1	67527	68090	+	AG-919-F21_00830	AG-919-F21	187	OG0000035	K11175	phosphoribosylglycinamide formyltransferase 1 [EC:2.1.2.2]	COG0299	PurN	Folate-dependent phosphoribosylglycinamide formyltransferase PurN	AG-919-F21_00828	2
CACMQA010000004.1	68087	68494	-	AG-919-F21_00831	AG-919-F21	135	OG0000480	K00940	nucleoside-diphosphate kinase [EC:2.7.4.6]	COG0105	Ndk	Nucleoside diphosphate kinase	AG-919-F21_00828	3
CACMQA010000004.1	68487	69944	-	AG-919-F21_00832	AG-919-F21	485	OG0000405	K01255	leucyl aminopeptidase [EC:3.4.11.1]	COG0260	PepB	Leucyl aminopeptidase	AG-919-F21_00828	4
CACMQA010000004.1	70032	71189	+	AG-919-F21_00833	AG-919-F21	385	OG0000932	NA	NA	COG0795	LptF	Lipopolysaccharide export LptBFGC system, permease protein LptF	AG-919-F21_00828	5
CACMRM010000002.1	92588	93787	-	AG-919-I13_00364	AG-919-I13	399	OG0000932	NA	NA	COG0795	LptF	Lipopolysaccharide export LptBFGC system, permease protein LptF	AG-919-I13_00369	-5
CACMRM010000002.1	93847	95304	+	AG-919-I13_00365	AG-919-I13	485	OG0000405	K01255	leucyl aminopeptidase [EC:3.4.11.1]	COG0260	PepB	Leucyl aminopeptidase	AG-919-I13_00369	-4
CACMRM010000002.1	95297	95707	+	AG-919-I13_00366	AG-919-I13	136	OG0000480	K00940	nucleoside-diphosphate kinase [EC:2.7.4.6]	COG0105	Ndk	Nucleoside diphosphate kinase	AG-919-I13_00369	-3
CACMRM010000002.1	95704	96267	-	AG-919-I13_00367	AG-919-I13	187	OG0000035	K11175	phosphoribosylglycinamide formyltransferase 1 [EC:2.1.2.2]	COG0299	PurN	Folate-dependent phosphoribosylglycinamide formyltransferase PurN	AG-919-I13_00369	-2
CACMRM010000002.1	96261	97289	-	AG-919-I13_00368	AG-919-I13	342	OG0000574	K01933	phosphoribosylformylglycinamidine cyclo-ligase [EC:6.3.3.1]	COG0150	PurM	Phosphoribosylaminoimidazole (AIR) synthetase	AG-919-I13_00369	-1
CACMRM010000002.1	97315	98349	+	AG-919-I13_00369	AG-919-I13	344	OG0000916	NA	NA	NA	NA	NA	AG-919-I13_00369	0
CACMRM010000002.1	98346	99002	+	AG-919-I13_00370	AG-919-I13	218	OG0000690	NA	NA	COG0593	DnaA	Chromosomal replication initiation ATPase DnaA	AG-919-I13_00369	1
CACMRM010000002.1	98999	100783	+	AG-919-I13_00371	AG-919-I13	594	OG0000189	K01876	aspartyl-tRNA synthetase [EC:6.1.1.12]	COG0173	AspS	Aspartyl-tRNA synthetase	AG-919-I13_00369	2
CACMRM010000002.1	100780	101598	-	AG-919-I13_00372	AG-919-I13	272	OG0000284	NA	NA	NA	NA	NA	AG-919-I13_00369	3
CACMRM010000002.1	101699	102052	+	AG-919-I13_00373	AG-919-I13	117	OG0000369	NA	NA	COG3761	NDUFA12	NADH:ubiquinone oxidoreductase NDUFA12 subunit (Leigh syndrome)	AG-919-I13_00369	4
CACMRM010000002.1	102036	102542	+	AG-919-I13_00374	AG-919-I13	168	OG0000472	NA	NA	COG4765	NA	Uncharacterized conserved protein, DUF2155 domain	AG-919-I13_00369	5
CACMTZ010000002.1	130128	130526	-	AG-919-L02_00386	AG-919-L02	132	OG0000472	NA	NA	COG4765	NA	Uncharacterized conserved protein, DUF2155 domain	AG-919-L02_00391	-5
CACMTZ010000002.1	130489	130848	-	AG-919-L02_00387	AG-919-L02	119	OG0000369	NA	NA	COG3761	NDUFA12	NADH:ubiquinone oxidoreductase NDUFA12 subunit (Leigh syndrome)	AG-919-L02_00391	-4
CACMTZ010000002.1	130966	131790	+	AG-919-L02_00388	AG-919-L02	274	OG0000284	NA	NA	NA	NA	NA	AG-919-L02_00391	-3
CACMTZ010000002.1	131792	133570	-	AG-919-L02_00389	AG-919-L02	592	OG0000189	K01876	aspartyl-tRNA synthetase [EC:6.1.1.12]	COG0173	AspS	Aspartyl-tRNA synthetase	AG-919-L02_00391	-2
CACMTZ010000002.1	133571	134245	-	AG-919-L02_00390	AG-919-L02	224	OG0000690	NA	NA	COG0593	DnaA	Chromosomal replication initiation ATPase DnaA	AG-919-L02_00391	-1
CACMTZ010000002.1	134230	135306	-	AG-919-L02_00391	AG-919-L02	358	OG0000916	NA	NA	NA	NA	NA	AG-919-L02_00391	0
CACMTZ010000002.1	135318	136346	+	AG-919-L02_00392	AG-919-L02	342	OG0000574	K01933	phosphoribosylformylglycinamidine cyclo-ligase [EC:6.3.3.1]	COG0150	PurM	Phosphoribosylaminoimidazole (AIR) synthetase	AG-919-L02_00391	1
CACMTZ010000002.1	136324	136908	+	AG-919-L02_00393	AG-919-L02	194	OG0000035	K11175	phosphoribosylglycinamide formyltransferase 1 [EC:2.1.2.2]	COG0299	PurN	Folate-dependent phosphoribosylglycinamide formyltransferase PurN	AG-919-L02_00391	2
CACMTZ010000002.1	136898	137308	-	AG-919-L02_00394	AG-919-L02	136	OG0000480	K00940	nucleoside-diphosphate kinase [EC:2.7.4.6]	COG0105	Ndk	Nucleoside diphosphate kinase	AG-919-L02_00391	3
CACMTZ010000002.1	137301	138770	-	AG-919-L02_00395	AG-919-L02	489	OG0000405	K01255	leucyl aminopeptidase [EC:3.4.11.1]	COG0260	PepB	Leucyl aminopeptidase	AG-919-L02_00391	4
CACMTZ010000002.1	138853	139989	+	AG-919-L02_00396	AG-919-L02	378	OG0000932	NA	NA	COG0795	LptF	Lipopolysaccharide export LptBFGC system, permease protein LptF	AG-919-L02_00391	5
CACMVB010000003.1	35459	36580	-	AG-919-M05_00586	AG-919-M05	373	OG0000932	NA	NA	COG0795	LptF	Lipopolysaccharide export LptBFGC system, permease protein LptF	AG-919-M05_00591	-5
CACMVB010000003.1	36715	38172	+	AG-919-M05_00587	AG-919-M05	485	OG0000405	K01255	leucyl aminopeptidase [EC:3.4.11.1]	COG0260	PepB	Leucyl aminopeptidase	AG-919-M05_00591	-4
CACMVB010000003.1	38165	38578	+	AG-919-M05_00588	AG-919-M05	137	OG0000480	K00940	nucleoside-diphosphate kinase [EC:2.7.4.6]	COG0105	Ndk	Nucleoside diphosphate kinase	AG-919-M05_00591	-3
CACMVB010000003.1	38575	39138	-	AG-919-M05_00589	AG-919-M05	187	OG0000035	K11175	phosphoribosylglycinamide formyltransferase 1 [EC:2.1.2.2]	COG0299	PurN	Folate-dependent phosphoribosylglycinamide formyltransferase PurN	AG-919-M05_00591	-2
CACMVB010000003.1	39132	40160	-	AG-919-M05_00590	AG-919-M05	342	OG0000574	K01933	phosphoribosylformylglycinamidine cyclo-ligase [EC:6.3.3.1]	COG0150	PurM	Phosphoribosylaminoimidazole (AIR) synthetase	AG-919-M05_00591	-1
CACMVB010000003.1	40186	41232	+	AG-919-M05_00591	AG-919-M05	348	OG0000916	NA	NA	NA	NA	NA	AG-919-M05_00591	0
CACMVB010000003.1	41232	41897	+	AG-919-M05_00592	AG-919-M05	221	OG0000690	NA	NA	COG0593	DnaA	Chromosomal replication initiation ATPase DnaA	AG-919-M05_00591	1
CACMVB010000003.1	41890	43677	+	AG-919-M05_00593	AG-919-M05	595	OG0000189	K01876	aspartyl-tRNA synthetase [EC:6.1.1.12]	COG0173	AspS	Aspartyl-tRNA synthetase	AG-919-M05_00591	2
CACMVB010000003.1	43674	44495	-	AG-919-M05_00594	AG-919-M05	273	OG0000284	NA	NA	NA	NA	NA	AG-919-M05_00591	3
CACMVB010000003.1	44595	44945	+	AG-919-M05_00595	AG-919-M05	116	OG0000369	NA	NA	COG3761	NDUFA12	NADH:ubiquinone oxidoreductase NDUFA12 subunit (Leigh syndrome)	AG-919-M05_00591	4
CACMVB010000003.1	44929	45438	+	AG-919-M05_00596	AG-919-M05	169	OG0000472	NA	NA	COG4765	NA	Uncharacterized conserved protein, DUF2155 domain	AG-919-M05_00591	5
CACMWW010000033.1	18	563	-	AG-919-N17_01172	AG-919-N17	181	OG0000149	NA	NA	COG0558	PgsA	Phosphatidylglycerophosphate synthase	AG-919-N17_01173	-1
CACMWW010000033.1	556	1635	-	AG-919-N17_01173	AG-919-N17	359	OG0000916	NA	NA	NA	NA	NA	AG-919-N17_01173	0
CACMXJ010000008.1	6673	7797	-	AG-919-O02_00799	AG-919-O02	374	OG0000932	NA	NA	COG0795	LptF	Lipopolysaccharide export LptBFGC system, permease protein LptF	AG-919-O02_00804	-5
CACMXJ010000008.1	7858	9312	+	AG-919-O02_00800	AG-919-O02	484	OG0000405	K01255	leucyl aminopeptidase [EC:3.4.11.1]	COG0260	PepB	Leucyl aminopeptidase	AG-919-O02_00804	-4
CACMXJ010000008.1	9305	9715	+	AG-919-O02_00801	AG-919-O02	136	OG0000480	K00940	nucleoside-diphosphate kinase [EC:2.7.4.6]	COG0105	Ndk	Nucleoside diphosphate kinase	AG-919-O02_00804	-3
CACMXJ010000008.1	9705	10286	-	AG-919-O02_00802	AG-919-O02	193	OG0000035	K11175	phosphoribosylglycinamide formyltransferase 1 [EC:2.1.2.2]	COG0299	PurN	Folate-dependent phosphoribosylglycinamide formyltransferase PurN	AG-919-O02_00804	-2
CACMXJ010000008.1	10261	11292	-	AG-919-O02_00803	AG-919-O02	343	OG0000574	K01933	phosphoribosylformylglycinamidine cyclo-ligase [EC:6.3.3.1]	COG0150	PurM	Phosphoribosylaminoimidazole (AIR) synthetase	AG-919-O02_00804	-1
CACMXJ010000008.1	11297	12376	+	AG-919-O02_00804	AG-919-O02	359	OG0000916	NA	NA	NA	NA	NA	AG-919-O02_00804	0
CACMXJ010000008.1	12373	13035	+	AG-919-O02_00805	AG-919-O02	220	OG0000690	NA	NA	COG0593	DnaA	Chromosomal replication initiation ATPase DnaA	AG-919-O02_00804	1
CACMXJ010000008.1	13036	14820	+	AG-919-O02_00806	AG-919-O02	594	OG0000189	K01876	aspartyl-tRNA synthetase [EC:6.1.1.12]	COG0173	AspS	Aspartyl-tRNA synthetase	AG-919-O02_00804	2
CACMXJ010000008.1	14821	15645	-	AG-919-O02_00807	AG-919-O02	274	OG0000284	NA	NA	NA	NA	NA	AG-919-O02_00804	3
CACMXJ010000008.1	15756	16115	+	AG-919-O02_00808	AG-919-O02	119	OG0000369	NA	NA	COG3761	NDUFA12	NADH:ubiquinone oxidoreductase NDUFA12 subunit (Leigh syndrome)	AG-919-O02_00804	4
CACMXJ010000008.1	16081	16488	+	AG-919-O02_00809	AG-919-O02	135	OG0000472	NA	NA	COG4765	NA	Uncharacterized conserved protein, DUF2155 domain	AG-919-O02_00804	5
CACMYK010000001.1	252936	254030	-	AG-919-P09_00278	AG-919-P09	364	OG0000932	NA	NA	COG0795	LptF	Lipopolysaccharide export LptBFGC system, permease protein LptF	AG-919-P09_00283	-5
CACMYK010000001.1	254071	255588	+	AG-919-P09_00279	AG-919-P09	505	OG0000405	K01255	leucyl aminopeptidase [EC:3.4.11.1]	COG0260	PepB	Leucyl aminopeptidase	AG-919-P09_00283	-4
CACMYK010000001.1	255588	256010	+	AG-919-P09_00280	AG-919-P09	140	OG0000480	K00940	nucleoside-diphosphate kinase [EC:2.7.4.6]	COG0105	Ndk	Nucleoside diphosphate kinase	AG-919-P09_00283	-3
CACMYK010000001.1	256000	256572	-	AG-919-P09_00281	AG-919-P09	190	OG0000035	K11175	phosphoribosylglycinamide formyltransferase 1 [EC:2.1.2.2]	COG0299	PurN	Folate-dependent phosphoribosylglycinamide formyltransferase PurN	AG-919-P09_00283	-2
CACMYK010000001.1	256565	257608	-	AG-919-P09_00282	AG-919-P09	347	OG0000574	K01933	phosphoribosylformylglycinamidine cyclo-ligase [EC:6.3.3.1]	COG0150	PurM	Phosphoribosylaminoimidazole (AIR) synthetase	AG-919-P09_00283	-1
CACMYK010000001.1	257624	258706	+	AG-919-P09_00283	AG-919-P09	360	OG0000916	NA	NA	NA	NA	NA	AG-919-P09_00283	0
CACMYK010000001.1	258696	259241	+	AG-919-P09_00284	AG-919-P09	181	OG0000149	NA	NA	COG0558	PgsA	Phosphatidylglycerophosphate synthase	AG-919-P09_00283	1
CACMYK010000001.1	259246	259902	+	AG-919-P09_00285	AG-919-P09	218	OG0000690	NA	NA	COG0593	DnaA	Chromosomal replication initiation ATPase DnaA	AG-919-P09_00283	2
CACMYK010000001.1	259874	260704	-	AG-919-P09_00286	AG-919-P09	276	OG0000122	K03684	ribonuclease D [EC:3.1.13.5]	COG0349	Rnd	Ribonuclease D, nanoRNase NrnC or deoxydinuclease (diDNase)	AG-919-P09_00283	3
CACMYK010000001.1	260738	262534	+	AG-919-P09_00287	AG-919-P09	598	OG0000189	K01876	aspartyl-tRNA synthetase [EC:6.1.1.12]	COG0173	AspS	Aspartyl-tRNA synthetase	AG-919-P09_00283	4
CACMYK010000001.1	262536	266120	-	AG-919-P09_00288	AG-919-P09	1194	OG0000284	K00525	ribonucleoside-diphosphate reductase alpha chain [EC:1.17.4.1]	COG0209	NrdA	Ribonucleotide reductase alpha subunit	AG-919-P09_00283	5
CACNCB010000004.1	44751	45881	-	AG-920-D05_00668	AG-920-D05	376	OG0000932	NA	NA	COG0795	LptF	Lipopolysaccharide export LptBFGC system, permease protein LptF	AG-920-D05_00673	-5
CACNCB010000004.1	45943	47397	+	AG-920-D05_00669	AG-920-D05	484	OG0000405	K01255	leucyl aminopeptidase [EC:3.4.11.1]	COG0260	PepB	Leucyl aminopeptidase	AG-920-D05_00673	-4
CACNCB010000004.1	47390	47800	+	AG-920-D05_00670	AG-920-D05	136	OG0000480	K00940	nucleoside-diphosphate kinase [EC:2.7.4.6]	COG0105	Ndk	Nucleoside diphosphate kinase	AG-920-D05_00673	-3
CACNCB010000004.1	47790	48371	-	AG-920-D05_00671	AG-920-D05	193	OG0000035	K11175	phosphoribosylglycinamide formyltransferase 1 [EC:2.1.2.2]	COG0299	PurN	Folate-dependent phosphoribosylglycinamide formyltransferase PurN	AG-920-D05_00673	-2
CACNCB010000004.1	48346	49377	-	AG-920-D05_00672	AG-920-D05	343	OG0000574	K01933	phosphoribosylformylglycinamidine cyclo-ligase [EC:6.3.3.1]	COG0150	PurM	Phosphoribosylaminoimidazole (AIR) synthetase	AG-920-D05_00673	-1
CACNCB010000004.1	49389	50477	+	AG-920-D05_00673	AG-920-D05	362	OG0000916	NA	NA	NA	NA	NA	AG-920-D05_00673	0
CACNCB010000004.1	50464	51126	+	AG-920-D05_00674	AG-920-D05	220	OG0000690	NA	NA	COG0593	DnaA	Chromosomal replication initiation ATPase DnaA	AG-920-D05_00673	1
CACNCB010000004.1	51127	52911	+	AG-920-D05_00675	AG-920-D05	594	OG0000189	K01876	aspartyl-tRNA synthetase [EC:6.1.1.12]	COG0173	AspS	Aspartyl-tRNA synthetase	AG-920-D05_00673	2
CACNCB010000004.1	52913	53737	-	AG-920-D05_00676	AG-920-D05	274	OG0000284	NA	NA	NA	NA	NA	AG-920-D05_00673	3
CACNCB010000004.1	53851	54210	+	AG-920-D05_00677	AG-920-D05	119	OG0000369	NA	NA	COG3761	NDUFA12	NADH:ubiquinone oxidoreductase NDUFA12 subunit (Leigh syndrome)	AG-920-D05_00673	4
CACNCB010000004.1	54173	54580	+	AG-920-D05_00678	AG-920-D05	135	OG0000472	NA	NA	COG4765	NA	Uncharacterized conserved protein, DUF2155 domain	AG-920-D05_00673	5
CACNFY010000006.1	66645	67052	-	AG-920-I23_00759	AG-920-I23	135	OG0000472	NA	NA	COG4765	NA	Uncharacterized conserved protein, DUF2155 domain	AG-920-I23_00764	-5
CACNFY010000006.1	67015	67374	-	AG-920-I23_00760	AG-920-I23	119	OG0000369	NA	NA	COG3761	NDUFA12	NADH:ubiquinone oxidoreductase NDUFA12 subunit (Leigh syndrome)	AG-920-I23_00764	-4
CACNFY010000006.1	67490	68329	+	AG-920-I23_00761	AG-920-I23	279	OG0000284	NA	NA	NA	NA	NA	AG-920-I23_00764	-3
CACNFY010000006.1	68334	70121	-	AG-920-I23_00762	AG-920-I23	595	OG0000189	K01876	aspartyl-tRNA synthetase [EC:6.1.1.12]	COG0173	AspS	Aspartyl-tRNA synthetase	AG-920-I23_00764	-2
CACNFY010000006.1	70114	70785	-	AG-920-I23_00763	AG-920-I23	223	OG0000690	NA	NA	COG0593	DnaA	Chromosomal replication initiation ATPase DnaA	AG-920-I23_00764	-1
CACNFY010000006.1	70782	71657	-	AG-920-I23_00764	AG-920-I23	291	OG0000916	NA	NA	NA	NA	NA	AG-920-I23_00764	0
CACNFY010000006.1	71865	72887	+	AG-920-I23_00765	AG-920-I23	340	OG0000574	K01933	phosphoribosylformylglycinamidine cyclo-ligase [EC:6.3.3.1]	COG0150	PurM	Phosphoribosylaminoimidazole (AIR) synthetase	AG-920-I23_00764	1
CACNFY010000006.1	72881	73462	+	AG-920-I23_00766	AG-920-I23	193	OG0000035	K11175	phosphoribosylglycinamide formyltransferase 1 [EC:2.1.2.2]	COG0299	PurN	Folate-dependent phosphoribosylglycinamide formyltransferase PurN	AG-920-I23_00764	2
CACNFY010000006.1	73452	73853	-	AG-920-I23_00767	AG-920-I23	133	OG0000480	K00940	nucleoside-diphosphate kinase [EC:2.7.4.6]	COG0105	Ndk	Nucleoside diphosphate kinase	AG-920-I23_00764	3
CACNFY010000006.1	73855	74514	-	AG-920-I23_00768	AG-920-I23	219	OG0000405	NA	NA	COG0260	PepB	Leucyl aminopeptidase	AG-920-I23_00764	4
CACNGH010000001.1	171455	171859	-	AG-920-J04_00191	AG-920-J04	134	OG0000472	NA	NA	COG4765	NA	Uncharacterized conserved protein, DUF2155 domain	AG-920-J04_00196	-5
CACNGH010000001.1	171822	172181	-	AG-920-J04_00192	AG-920-J04	119	OG0000369	NA	NA	COG3761	NDUFA12	NADH:ubiquinone oxidoreductase NDUFA12 subunit (Leigh syndrome)	AG-920-J04_00196	-4
CACNGH010000001.1	172296	173120	+	AG-920-J04_00193	AG-920-J04	274	OG0000284	NA	NA	NA	NA	NA	AG-920-J04_00196	-3
CACNGH010000001.1	173124	174908	-	AG-920-J04_00194	AG-920-J04	594	OG0000189	K01876	aspartyl-tRNA synthetase [EC:6.1.1.12]	COG0173	AspS	Aspartyl-tRNA synthetase	AG-920-J04_00196	-2
CACNGH010000001.1	174909	175583	-	AG-920-J04_00195	AG-920-J04	224	OG0000690	NA	NA	COG0593	DnaA	Chromosomal replication initiation ATPase DnaA	AG-920-J04_00196	-1
CACNGH010000001.1	175568	176647	-	AG-920-J04_00196	AG-920-J04	359	OG0000916	NA	NA	NA	NA	NA	AG-920-J04_00196	0
CACNGH010000001.1	176659	177687	+	AG-920-J04_00197	AG-920-J04	342	OG0000574	K01933	phosphoribosylformylglycinamidine cyclo-ligase [EC:6.3.3.1]	COG0150	PurM	Phosphoribosylaminoimidazole (AIR) synthetase	AG-920-J04_00196	1
CACNGH010000001.1	177665	178246	+	AG-920-J04_00198	AG-920-J04	193	OG0000035	K11175	phosphoribosylglycinamide formyltransferase 1 [EC:2.1.2.2]	COG0299	PurN	Folate-dependent phosphoribosylglycinamide formyltransferase PurN	AG-920-J04_00196	2
CACNGH010000001.1	178236	178646	-	AG-920-J04_00199	AG-920-J04	136	OG0000480	K00940	nucleoside-diphosphate kinase [EC:2.7.4.6]	COG0105	Ndk	Nucleoside diphosphate kinase	AG-920-J04_00196	3
CACNGH010000001.1	178639	180093	-	AG-920-J04_00200	AG-920-J04	484	OG0000405	K01255	leucyl aminopeptidase [EC:3.4.11.1]	COG0260	PepB	Leucyl aminopeptidase	AG-920-J04_00196	4
CACNGH010000001.1	180153	181292	+	AG-920-J04_00201	AG-920-J04	379	OG0000932	NA	NA	COG0795	LptF	Lipopolysaccharide export LptBFGC system, permease protein LptF	AG-920-J04_00196	5
CACNIK010000001.1	9400	9915	-	AG-920-L07_00010	AG-920-L07	171	OG0000472	NA	NA	COG4765	NA	Uncharacterized conserved protein, DUF2155 domain	AG-920-L07_00015	-5
CACNIK010000001.1	9896	10252	-	AG-920-L07_00011	AG-920-L07	118	OG0000369	NA	NA	COG3761	NDUFA12	NADH:ubiquinone oxidoreductase NDUFA12 subunit (Leigh syndrome)	AG-920-L07_00015	-4
CACNIK010000001.1	10316	11161	+	AG-920-L07_00012	AG-920-L07	281	OG0000284	NA	NA	NA	NA	NA	AG-920-L07_00015	-3
CACNIK010000001.1	11158	12945	-	AG-920-L07_00013	AG-920-L07	595	OG0000189	K01876	aspartyl-tRNA synthetase [EC:6.1.1.12]	COG0173	AspS	Aspartyl-tRNA synthetase	AG-920-L07_00015	-2
CACNIK010000001.1	12938	13594	-	AG-920-L07_00014	AG-920-L07	218	OG0000690	NA	NA	COG0593	DnaA	Chromosomal replication initiation ATPase DnaA	AG-920-L07_00015	-1
CACNIK010000001.1	13596	14651	-	AG-920-L07_00015	AG-920-L07	351	OG0000916	NA	NA	NA	NA	NA	AG-920-L07_00015	0
CACNIK010000001.1	14677	15690	+	AG-920-L07_00016	AG-920-L07	337	OG0000574	K01933	phosphoribosylformylglycinamidine cyclo-ligase [EC:6.3.3.1]	COG0150	PurM	Phosphoribosylaminoimidazole (AIR) synthetase	AG-920-L07_00015	1
CACNIK010000001.1	15684	16241	+	AG-920-L07_00017	AG-920-L07	185	OG0000035	K11175	phosphoribosylglycinamide formyltransferase 1 [EC:2.1.2.2]	COG0299	PurN	Folate-dependent phosphoribosylglycinamide formyltransferase PurN	AG-920-L07_00015	2
CACNIK010000001.1	16243	16653	-	AG-920-L07_00018	AG-920-L07	136	OG0000480	K00940	nucleoside-diphosphate kinase [EC:2.7.4.6]	COG0105	Ndk	Nucleoside diphosphate kinase	AG-920-L07_00015	3
CACNIK010000001.1	16646	18100	-	AG-920-L07_00019	AG-920-L07	484	OG0000405	K01255	leucyl aminopeptidase [EC:3.4.11.1]	COG0260	PepB	Leucyl aminopeptidase	AG-920-L07_00015	4
CACNIK010000001.1	18231	19373	+	AG-920-L07_00020	AG-920-L07	380	OG0000932	NA	NA	COG0795	LptF	Lipopolysaccharide export LptBFGC system, permease protein LptF	AG-920-L07_00015	5
CACNJA010000001.1	151641	152759	-	AG-920-L11_00150	AG-920-L11	372	OG0000932	K07091	lipopolysaccharide export system permease protein	COG0795	LptF	Lipopolysaccharide export LptBFGC system, permease protein LptF	AG-920-L11_00155	-5
CACNJA010000001.1	152800	154326	+	AG-920-L11_00151	AG-920-L11	508	OG0000405	K01255	leucyl aminopeptidase [EC:3.4.11.1]	COG0260	PepB	Leucyl aminopeptidase	AG-920-L11_00155	-4
CACNJA010000001.1	154326	154748	+	AG-920-L11_00152	AG-920-L11	140	OG0000480	K00940	nucleoside-diphosphate kinase [EC:2.7.4.6]	COG0105	Ndk	Nucleoside diphosphate kinase	AG-920-L11_00155	-3
CACNJA010000001.1	154738	155310	-	AG-920-L11_00153	AG-920-L11	190	OG0000035	K11175	phosphoribosylglycinamide formyltransferase 1 [EC:2.1.2.2]	COG0299	PurN	Folate-dependent phosphoribosylglycinamide formyltransferase PurN	AG-920-L11_00155	-2
CACNJA010000001.1	155303	156346	-	AG-920-L11_00154	AG-920-L11	347	OG0000574	K01933	phosphoribosylformylglycinamidine cyclo-ligase [EC:6.3.3.1]	COG0150	PurM	Phosphoribosylaminoimidazole (AIR) synthetase	AG-920-L11_00155	-1
CACNJA010000001.1	156362	157441	+	AG-920-L11_00155	AG-920-L11	359	OG0000916	NA	NA	NA	NA	NA	AG-920-L11_00155	0
CACNJA010000001.1	157434	157979	+	AG-920-L11_00156	AG-920-L11	181	OG0000149	NA	NA	COG0558	PgsA	Phosphatidylglycerophosphate synthase	AG-920-L11_00155	1
CACNJA010000001.1	157980	158627	+	AG-920-L11_00157	AG-920-L11	215	OG0000690	NA	NA	COG0593	DnaA	Chromosomal replication initiation ATPase DnaA	AG-920-L11_00155	2
CACNJA010000001.1	158605	159438	-	AG-920-L11_00158	AG-920-L11	277	OG0000122	K03684	ribonuclease D [EC:3.1.13.5]	COG0349	Rnd	Ribonuclease D, nanoRNase NrnC or deoxydinuclease (diDNase)	AG-920-L11_00155	3
CACNJA010000001.1	159472	161268	+	AG-920-L11_00159	AG-920-L11	598	OG0000189	K01876	aspartyl-tRNA synthetase [EC:6.1.1.12]	COG0173	AspS	Aspartyl-tRNA synthetase	AG-920-L11_00155	4
CACNJA010000001.1	161270	164854	-	AG-920-L11_00160	AG-920-L11	1194	OG0000284	K00525	ribonucleoside-diphosphate reductase alpha chain [EC:1.17.4.1]	COG0209	NrdA	Ribonucleotide reductase alpha subunit	AG-920-L11_00155	5
CACNIT010000006.1	45973	47106	-	AG-920-L19_00815	AG-920-L19	377	OG0000932	NA	NA	COG0795	LptF	Lipopolysaccharide export LptBFGC system, permease protein LptF	AG-920-L19_00820	-5
CACNIT010000006.1	47161	48615	+	AG-920-L19_00816	AG-920-L19	484	OG0000405	K01255	leucyl aminopeptidase [EC:3.4.11.1]	COG0260	PepB	Leucyl aminopeptidase	AG-920-L19_00820	-4
CACNIT010000006.1	48617	49018	+	AG-920-L19_00817	AG-920-L19	133	OG0000480	K00940	nucleoside-diphosphate kinase [EC:2.7.4.6]	COG0105	Ndk	Nucleoside diphosphate kinase	AG-920-L19_00820	-3
CACNIT010000006.1	49008	49592	-	AG-920-L19_00818	AG-920-L19	194	OG0000035	K11175	phosphoribosylglycinamide formyltransferase 1 [EC:2.1.2.2]	COG0299	PurN	Folate-dependent phosphoribosylglycinamide formyltransferase PurN	AG-920-L19_00820	-2
CACNIT010000006.1	49573	50601	-	AG-920-L19_00819	AG-920-L19	342	OG0000574	K01933	phosphoribosylformylglycinamidine cyclo-ligase [EC:6.3.3.1]	COG0150	PurM	Phosphoribosylaminoimidazole (AIR) synthetase	AG-920-L19_00820	-1
CACNIT010000006.1	50613	51689	+	AG-920-L19_00820	AG-920-L19	358	OG0000916	NA	NA	NA	NA	NA	AG-920-L19_00820	0
CACNIT010000006.1	51674	52363	+	AG-920-L19_00821	AG-920-L19	229	OG0000690	NA	NA	COG0593	DnaA	Chromosomal replication initiation ATPase DnaA	AG-920-L19_00820	1
CACNIT010000006.1	52350	54137	+	AG-920-L19_00822	AG-920-L19	595	OG0000189	K01876	aspartyl-tRNA synthetase [EC:6.1.1.12]	COG0173	AspS	Aspartyl-tRNA synthetase	AG-920-L19_00820	2
CACNIT010000006.1	54138	54971	-	AG-920-L19_00823	AG-920-L19	277	OG0000284	NA	NA	NA	NA	NA	AG-920-L19_00820	3
CACNIT010000006.1	55076	55435	+	AG-920-L19_00824	AG-920-L19	119	OG0000369	NA	NA	COG3761	NDUFA12	NADH:ubiquinone oxidoreductase NDUFA12 subunit (Leigh syndrome)	AG-920-L19_00820	4
CACNIT010000006.1	55401	55805	+	AG-920-L19_00825	AG-920-L19	134	OG0000472	NA	NA	COG4765	NA	Uncharacterized conserved protein, DUF2155 domain	AG-920-L19_00820	5
CACNTN010000002.1	144490	145644	-	AH-287-C13_00345	AH-287-C13	384	OG0000932	NA	NA	COG0795	LptF	Lipopolysaccharide export LptBFGC system, permease protein LptF	AH-287-C13_00350	-5
CACNTN010000002.1	145659	147107	+	AH-287-C13_00346	AH-287-C13	482	OG0000405	K01255	leucyl aminopeptidase [EC:3.4.11.1]	COG0260	PepB	Leucyl aminopeptidase	AH-287-C13_00350	-4
CACNTN010000002.1	147110	147511	+	AH-287-C13_00347	AH-287-C13	133	OG0000480	K00940	nucleoside-diphosphate kinase [EC:2.7.4.6]	COG0105	Ndk	Nucleoside diphosphate kinase	AH-287-C13_00350	-3
CACNTN010000002.1	147508	148071	-	AH-287-C13_00348	AH-287-C13	187	OG0000035	K11175	phosphoribosylglycinamide formyltransferase 1 [EC:2.1.2.2]	COG0299	PurN	Folate-dependent phosphoribosylglycinamide formyltransferase PurN	AH-287-C13_00350	-2
CACNTN010000002.1	148065	149093	-	AH-287-C13_00349	AH-287-C13	342	OG0000574	K01933	phosphoribosylformylglycinamidine cyclo-ligase [EC:6.3.3.1]	COG0150	PurM	Phosphoribosylaminoimidazole (AIR) synthetase	AH-287-C13_00350	-1
CACNTN010000002.1	149118	150164	+	AH-287-C13_00350	AH-287-C13	348	OG0000916	NA	NA	NA	NA	NA	AH-287-C13_00350	0
CACNTN010000002.1	150136	150822	+	AH-287-C13_00351	AH-287-C13	228	OG0000690	NA	NA	COG0593	DnaA	Chromosomal replication initiation ATPase DnaA	AH-287-C13_00350	1
CACNTN010000002.1	150819	152606	+	AH-287-C13_00352	AH-287-C13	595	OG0000189	K01876	aspartyl-tRNA synthetase [EC:6.1.1.12]	COG0173	AspS	Aspartyl-tRNA synthetase	AH-287-C13_00350	2
CACNTN010000002.1	152603	153421	-	AH-287-C13_00353	AH-287-C13	272	OG0000284	NA	NA	NA	NA	NA	AH-287-C13_00350	3
CACNTN010000002.1	153522	153875	+	AH-287-C13_00354	AH-287-C13	117	OG0000369	NA	NA	COG3761	NDUFA12	NADH:ubiquinone oxidoreductase NDUFA12 subunit (Leigh syndrome)	AH-287-C13_00350	4
CACNTN010000002.1	153859	154362	+	AH-287-C13_00355	AH-287-C13	167	OG0000472	NA	NA	COG4765	NA	Uncharacterized conserved protein, DUF2155 domain	AH-287-C13_00350	5
CACNWC010000002.1	8887	9294	-	AH-287-E08_00180	AH-287-E08	135	OG0000472	NA	NA	COG4765	NA	Uncharacterized conserved protein, DUF2155 domain	AH-287-E08_00185	-5
CACNWC010000002.1	9257	9616	-	AH-287-E08_00181	AH-287-E08	119	OG0000369	NA	NA	COG3761	NDUFA12	NADH:ubiquinone oxidoreductase NDUFA12 subunit (Leigh syndrome)	AH-287-E08_00185	-4
CACNWC010000002.1	9733	10557	+	AH-287-E08_00182	AH-287-E08	274	OG0000284	NA	NA	NA	NA	NA	AH-287-E08_00185	-3
CACNWC010000002.1	10558	12342	-	AH-287-E08_00183	AH-287-E08	594	OG0000189	K01876	aspartyl-tRNA synthetase [EC:6.1.1.12]	COG0173	AspS	Aspartyl-tRNA synthetase	AH-287-E08_00185	-2
CACNWC010000002.1	12343	13005	-	AH-287-E08_00184	AH-287-E08	220	OG0000690	NA	NA	COG0593	DnaA	Chromosomal replication initiation ATPase DnaA	AH-287-E08_00185	-1
CACNWC010000002.1	13002	14081	-	AH-287-E08_00185	AH-287-E08	359	OG0000916	NA	NA	NA	NA	NA	AH-287-E08_00185	0
CACNWC010000002.1	14093	15121	+	AH-287-E08_00186	AH-287-E08	342	OG0000574	K01933	phosphoribosylformylglycinamidine cyclo-ligase [EC:6.3.3.1]	COG0150	PurM	Phosphoribosylaminoimidazole (AIR) synthetase	AH-287-E08_00185	1
CACNWC010000002.1	15099	15677	+	AH-287-E08_00187	AH-287-E08	192	OG0000035	K11175	phosphoribosylglycinamide formyltransferase 1 [EC:2.1.2.2]	COG0299	PurN	Folate-dependent phosphoribosylglycinamide formyltransferase PurN	AH-287-E08_00185	2
CACNWC010000002.1	15674	16084	-	AH-287-E08_00188	AH-287-E08	136	OG0000480	K00940	nucleoside-diphosphate kinase [EC:2.7.4.6]	COG0105	Ndk	Nucleoside diphosphate kinase	AH-287-E08_00185	3
CACNWC010000002.1	16077	17534	-	AH-287-E08_00189	AH-287-E08	485	OG0000405	K01255	leucyl aminopeptidase [EC:3.4.11.1]	COG0260	PepB	Leucyl aminopeptidase	AH-287-E08_00185	4
CACNWC010000002.1	17617	18762	+	AH-287-E08_00190	AH-287-E08	381	OG0000932	NA	NA	COG0795	LptF	Lipopolysaccharide export LptBFGC system, permease protein LptF	AH-287-E08_00185	5
CACNWV010000002.1	70576	71106	-	AH-287-E19_00205	AH-287-E19	176	OG0000472	NA	NA	COG4765	NA	Uncharacterized conserved protein, DUF2155 domain	AH-287-E19_00210	-5
CACNWV010000002.1	71072	71422	-	AH-287-E19_00206	AH-287-E19	116	OG0000369	NA	NA	COG3761	NDUFA12	NADH:ubiquinone oxidoreductase NDUFA12 subunit (Leigh syndrome)	AH-287-E19_00210	-4
CACNWV010000002.1	71523	72341	+	AH-287-E19_00207	AH-287-E19	272	OG0000284	NA	NA	NA	NA	NA	AH-287-E19_00210	-3
CACNWV010000002.1	72338	74128	-	AH-287-E19_00208	AH-287-E19	596	OG0000189	K01876	aspartyl-tRNA synthetase [EC:6.1.1.12]	COG0173	AspS	Aspartyl-tRNA synthetase	AH-287-E19_00210	-2
CACNWV010000002.1	74121	74804	-	AH-287-E19_00209	AH-287-E19	227	OG0000690	NA	NA	COG0593	DnaA	Chromosomal replication initiation ATPase DnaA	AH-287-E19_00210	-1
CACNWV010000002.1	74780	75832	-	AH-287-E19_00210	AH-287-E19	350	OG0000916	NA	NA	NA	NA	NA	AH-287-E19_00210	0
CACNWV010000002.1	75857	76885	+	AH-287-E19_00211	AH-287-E19	342	OG0000574	K01933	phosphoribosylformylglycinamidine cyclo-ligase [EC:6.3.3.1]	COG0150	PurM	Phosphoribosylaminoimidazole (AIR) synthetase	AH-287-E19_00210	1
CACNWV010000002.1	76879	77442	+	AH-287-E19_00212	AH-287-E19	187	OG0000035	K11175	phosphoribosylglycinamide formyltransferase 1 [EC:2.1.2.2]	COG0299	PurN	Folate-dependent phosphoribosylglycinamide formyltransferase PurN	AH-287-E19_00210	2
CACNWV010000002.1	77439	77849	-	AH-287-E19_00213	AH-287-E19	136	OG0000480	K00940	nucleoside-diphosphate kinase [EC:2.7.4.6]	COG0105	Ndk	Nucleoside diphosphate kinase	AH-287-E19_00210	3
CACNWV010000002.1	77842	79299	-	AH-287-E19_00214	AH-287-E19	485	OG0000405	K01255	leucyl aminopeptidase [EC:3.4.11.1]	COG0260	PepB	Leucyl aminopeptidase	AH-287-E19_00210	4
CACNWV010000002.1	79433	80557	+	AH-287-E19_00215	AH-287-E19	374	OG0000932	NA	NA	COG0795	LptF	Lipopolysaccharide export LptBFGC system, permease protein LptF	AH-287-E19_00210	5
CACNXQ010000002.1	102150	105734	+	AH-287-F15_00547	AH-287-F15	1194	OG0000284	K00525	ribonucleoside-diphosphate reductase alpha chain [EC:1.17.4.1]	COG0209	NrdA	Ribonucleotide reductase alpha subunit	AH-287-F15_00552	-5
CACNXQ010000002.1	105731	107530	-	AH-287-F15_00548	AH-287-F15	599	OG0000189	K01876	aspartyl-tRNA synthetase [EC:6.1.1.12]	COG0173	AspS	Aspartyl-tRNA synthetase	AH-287-F15_00552	-4
CACNXQ010000002.1	107564	108403	+	AH-287-F15_00549	AH-287-F15	279	OG0000122	NA	NA	COG0349	Rnd	Ribonuclease D, nanoRNase NrnC or deoxydinuclease (diDNase)	AH-287-F15_00552	-3
CACNXQ010000002.1	108380	109033	-	AH-287-F15_00550	AH-287-F15	217	OG0000690	NA	NA	COG0593	DnaA	Chromosomal replication initiation ATPase DnaA	AH-287-F15_00552	-2
CACNXQ010000002.1	109030	109524	-	AH-287-F15_00551	AH-287-F15	164	OG0000149	NA	NA	COG0558	PgsA	Phosphatidylglycerophosphate synthase	AH-287-F15_00552	-1
CACNXQ010000002.1	109562	110632	-	AH-287-F15_00552	AH-287-F15	356	OG0000916	NA	NA	NA	NA	NA	AH-287-F15_00552	0
CACNXQ010000002.1	110649	111692	+	AH-287-F15_00553	AH-287-F15	347	OG0000574	K01933	phosphoribosylformylglycinamidine cyclo-ligase [EC:6.3.3.1]	COG0150	PurM	Phosphoribosylaminoimidazole (AIR) synthetase	AH-287-F15_00552	1
CACNXQ010000002.1	111685	112257	+	AH-287-F15_00554	AH-287-F15	190	OG0000035	K11175	phosphoribosylglycinamide formyltransferase 1 [EC:2.1.2.2]	COG0299	PurN	Folate-dependent phosphoribosylglycinamide formyltransferase PurN	AH-287-F15_00552	2
CACNXQ010000002.1	112247	112669	-	AH-287-F15_00555	AH-287-F15	140	OG0000480	K00940	nucleoside-diphosphate kinase [EC:2.7.4.6]	COG0105	Ndk	Nucleoside diphosphate kinase	AH-287-F15_00552	3
CACNXQ010000002.1	112669	114195	-	AH-287-F15_00556	AH-287-F15	508	OG0000405	K01255	leucyl aminopeptidase [EC:3.4.11.1]	COG0260	PepB	Leucyl aminopeptidase	AH-287-F15_00552	4
CACNXQ010000002.1	114236	115360	+	AH-287-F15_00557	AH-287-F15	374	OG0000932	NA	NA	COG0795	LptF	Lipopolysaccharide export LptBFGC system, permease protein LptF	AH-287-F15_00552	5
CACNXC010000007.1	3680	4810	-	AH-287-G05_00878	AH-287-G05	376	OG0000932	NA	NA	COG0795	LptF	Lipopolysaccharide export LptBFGC system, permease protein LptF	AH-287-G05_00883	-5
CACNXC010000007.1	4893	6362	+	AH-287-G05_00879	AH-287-G05	489	OG0000405	K01255	leucyl aminopeptidase [EC:3.4.11.1]	COG0260	PepB	Leucyl aminopeptidase	AH-287-G05_00883	-4
CACNXC010000007.1	6355	6765	+	AH-287-G05_00880	AH-287-G05	136	OG0000480	K00940	nucleoside-diphosphate kinase [EC:2.7.4.6]	COG0105	Ndk	Nucleoside diphosphate kinase	AH-287-G05_00883	-3
CACNXC010000007.1	6755	7339	-	AH-287-G05_00881	AH-287-G05	194	OG0000035	K11175	phosphoribosylglycinamide formyltransferase 1 [EC:2.1.2.2]	COG0299	PurN	Folate-dependent phosphoribosylglycinamide formyltransferase PurN	AH-287-G05_00883	-2
CACNXC010000007.1	7317	8345	-	AH-287-G05_00882	AH-287-G05	342	OG0000574	K01933	phosphoribosylformylglycinamidine cyclo-ligase [EC:6.3.3.1]	COG0150	PurM	Phosphoribosylaminoimidazole (AIR) synthetase	AH-287-G05_00883	-1
CACNXC010000007.1	8358	9434	+	AH-287-G05_00883	AH-287-G05	358	OG0000916	NA	NA	NA	NA	NA	AH-287-G05_00883	0
CACNXC010000007.1	9419	10093	+	AH-287-G05_00884	AH-287-G05	224	OG0000690	NA	NA	COG0593	DnaA	Chromosomal replication initiation ATPase DnaA	AH-287-G05_00883	1
CACNXC010000007.1	10094	11872	+	AH-287-G05_00885	AH-287-G05	592	OG0000189	K01876	aspartyl-tRNA synthetase [EC:6.1.1.12]	COG0173	AspS	Aspartyl-tRNA synthetase	AH-287-G05_00883	2
CACNXC010000007.1	11874	12698	-	AH-287-G05_00886	AH-287-G05	274	OG0000284	NA	NA	NA	NA	NA	AH-287-G05_00883	3
CACNXC010000007.1	12818	13177	+	AH-287-G05_00887	AH-287-G05	119	OG0000369	NA	NA	COG3761	NDUFA12	NADH:ubiquinone oxidoreductase NDUFA12 subunit (Leigh syndrome)	AH-287-G05_00883	4
CACNXC010000007.1	13140	13538	+	AH-287-G05_00888	AH-287-G05	132	OG0000472	NA	NA	COG4765	NA	Uncharacterized conserved protein, DUF2155 domain	AH-287-G05_00883	5
CACNZK010000006.1	33907	35028	-	AH-287-J18_00607	AH-287-J18	373	OG0000932	NA	NA	COG0795	LptF	Lipopolysaccharide export LptBFGC system, permease protein LptF	AH-287-J18_00612	-5
CACNZK010000006.1	35089	36543	+	AH-287-J18_00608	AH-287-J18	484	OG0000405	K01255	leucyl aminopeptidase [EC:3.4.11.1]	COG0260	PepB	Leucyl aminopeptidase	AH-287-J18_00612	-4
CACNZK010000006.1	36536	36946	+	AH-287-J18_00609	AH-287-J18	136	OG0000480	K00940	nucleoside-diphosphate kinase [EC:2.7.4.6]	COG0105	Ndk	Nucleoside diphosphate kinase	AH-287-J18_00612	-3
CACNZK010000006.1	36936	37517	-	AH-287-J18_00610	AH-287-J18	193	OG0000035	K11175	phosphoribosylglycinamide formyltransferase 1 [EC:2.1.2.2]	COG0299	PurN	Folate-dependent phosphoribosylglycinamide formyltransferase PurN	AH-287-J18_00612	-2
CACNZK010000006.1	37495	38523	-	AH-287-J18_00611	AH-287-J18	342	OG0000574	K01933	phosphoribosylformylglycinamidine cyclo-ligase [EC:6.3.3.1]	COG0150	PurM	Phosphoribosylaminoimidazole (AIR) synthetase	AH-287-J18_00612	-1
CACNZK010000006.1	38547	39608	+	AH-287-J18_00612	AH-287-J18	353	OG0000916	NA	NA	NA	NA	NA	AH-287-J18_00612	0
CACNZK010000006.1	39605	40267	+	AH-287-J18_00613	AH-287-J18	220	OG0000690	NA	NA	COG0593	DnaA	Chromosomal replication initiation ATPase DnaA	AH-287-J18_00612	1
CACNZK010000006.1	40268	42052	+	AH-287-J18_00614	AH-287-J18	594	OG0000189	K01876	aspartyl-tRNA synthetase [EC:6.1.1.12]	COG0173	AspS	Aspartyl-tRNA synthetase	AH-287-J18_00612	2
CACNZK010000006.1	42053	42877	-	AH-287-J18_00615	AH-287-J18	274	OG0000284	NA	NA	NA	NA	NA	AH-287-J18_00612	3
CACNZK010000006.1	42992	43351	+	AH-287-J18_00616	AH-287-J18	119	OG0000369	NA	NA	COG3761	NDUFA12	NADH:ubiquinone oxidoreductase NDUFA12 subunit (Leigh syndrome)	AH-287-J18_00612	4
CACNZK010000006.1	43317	43721	+	AH-287-J18_00617	AH-287-J18	134	OG0000472	NA	NA	COG4765	NA	Uncharacterized conserved protein, DUF2155 domain	AH-287-J18_00612	5
CACOCP010000001.1	121771	122889	-	AH-287-O09_00132	AH-287-O09	372	OG0000932	NA	NA	COG0795	LptF	Lipopolysaccharide export LptBFGC system, permease protein LptF	AH-287-O09_00137	-5
CACOCP010000001.1	122944	124368	+	AH-287-O09_00133	AH-287-O09	474	OG0000405	K01255	leucyl aminopeptidase [EC:3.4.11.1]	COG0260	PepB	Leucyl aminopeptidase	AH-287-O09_00137	-4
CACOCP010000001.1	124361	124771	+	AH-287-O09_00134	AH-287-O09	136	OG0000480	K00940	nucleoside-diphosphate kinase [EC:2.7.4.6]	COG0105	Ndk	Nucleoside diphosphate kinase	AH-287-O09_00137	-3
CACOCP010000001.1	124761	125348	-	AH-287-O09_00135	AH-287-O09	195	OG0000035	K11175	phosphoribosylglycinamide formyltransferase 1 [EC:2.1.2.2]	COG0299	PurN	Folate-dependent phosphoribosylglycinamide formyltransferase PurN	AH-287-O09_00137	-2
CACOCP010000001.1	125329	126351	-	AH-287-O09_00136	AH-287-O09	340	OG0000574	K01933	phosphoribosylformylglycinamidine cyclo-ligase [EC:6.3.3.1]	COG0150	PurM	Phosphoribosylaminoimidazole (AIR) synthetase	AH-287-O09_00137	-1
CACOCP010000001.1	126364	127437	+	AH-287-O09_00137	AH-287-O09	357	OG0000916	NA	NA	NA	NA	NA	AH-287-O09_00137	0
CACOCP010000001.1	127434	128090	+	AH-287-O09_00138	AH-287-O09	218	OG0000690	NA	NA	COG0593	DnaA	Chromosomal replication initiation ATPase DnaA	AH-287-O09_00137	1
CACOCP010000001.1	128092	129876	+	AH-287-O09_00139	AH-287-O09	594	OG0000189	K01876	aspartyl-tRNA synthetase [EC:6.1.1.12]	COG0173	AspS	Aspartyl-tRNA synthetase	AH-287-O09_00137	2
CACOCP010000001.1	129877	130707	-	AH-287-O09_00140	AH-287-O09	276	OG0000284	NA	NA	NA	NA	NA	AH-287-O09_00137	3
CACOCP010000001.1	130816	131175	+	AH-287-O09_00141	AH-287-O09	119	OG0000369	NA	NA	COG3761	NDUFA12	NADH:ubiquinone oxidoreductase NDUFA12 subunit (Leigh syndrome)	AH-287-O09_00137	4
CACOCP010000001.1	131138	131545	+	AH-287-O09_00142	AH-287-O09	135	OG0000472	NA	NA	COG4765	NA	Uncharacterized conserved protein, DUF2155 domain	AH-287-O09_00137	5
CACOEF010000003.1	115689	116819	-	AH-321-A17_00551	AH-321-A17	376	OG0000932	NA	NA	COG0795	LptF	Lipopolysaccharide export LptBFGC system, permease protein LptF	AH-321-A17_00556	-5
CACOEF010000003.1	116881	118335	+	AH-321-A17_00552	AH-321-A17	484	OG0000405	K01255	leucyl aminopeptidase [EC:3.4.11.1]	COG0260	PepB	Leucyl aminopeptidase	AH-321-A17_00556	-4
CACOEF010000003.1	118328	118738	+	AH-321-A17_00553	AH-321-A17	136	OG0000480	K00940	nucleoside-diphosphate kinase [EC:2.7.4.6]	COG0105	Ndk	Nucleoside diphosphate kinase	AH-321-A17_00556	-3
CACOEF010000003.1	118728	119309	-	AH-321-A17_00554	AH-321-A17	193	OG0000035	K11175	phosphoribosylglycinamide formyltransferase 1 [EC:2.1.2.2]	COG0299	PurN	Folate-dependent phosphoribosylglycinamide formyltransferase PurN	AH-321-A17_00556	-2
CACOEF010000003.1	119287	120315	-	AH-321-A17_00555	AH-321-A17	342	OG0000574	K01933	phosphoribosylformylglycinamidine cyclo-ligase [EC:6.3.3.1]	COG0150	PurM	Phosphoribosylaminoimidazole (AIR) synthetase	AH-321-A17_00556	-1
CACOEF010000003.1	120327	121415	+	AH-321-A17_00556	AH-321-A17	362	OG0000916	NA	NA	NA	NA	NA	AH-321-A17_00556	0
CACOEF010000003.1	121402	122064	+	AH-321-A17_00557	AH-321-A17	220	OG0000690	NA	NA	COG0593	DnaA	Chromosomal replication initiation ATPase DnaA	AH-321-A17_00556	1
CACOEF010000003.1	122065	123849	+	AH-321-A17_00558	AH-321-A17	594	OG0000189	K01876	aspartyl-tRNA synthetase [EC:6.1.1.12]	COG0173	AspS	Aspartyl-tRNA synthetase	AH-321-A17_00556	2
CACOEF010000003.1	123851	124675	-	AH-321-A17_00559	AH-321-A17	274	OG0000284	NA	NA	NA	NA	NA	AH-321-A17_00556	3
CACOEF010000003.1	124788	125147	+	AH-321-A17_00560	AH-321-A17	119	OG0000369	NA	NA	COG3761	NDUFA12	NADH:ubiquinone oxidoreductase NDUFA12 subunit (Leigh syndrome)	AH-321-A17_00556	4
CACOEF010000003.1	125110	125517	+	AH-321-A17_00561	AH-321-A17	135	OG0000472	NA	NA	COG4765	NA	Uncharacterized conserved protein, DUF2155 domain	AH-321-A17_00556	5
CACOIL010000005.1	71191	71712	-	AH-321-I23_00443	AH-321-I23	173	OG0000472	NA	NA	COG4765	NA	Uncharacterized conserved protein, DUF2155 domain	AH-321-I23_00448	-5
CACOIL010000005.1	71678	72025	-	AH-321-I23_00444	AH-321-I23	115	OG0000369	NA	NA	COG3761	NDUFA12	NADH:ubiquinone oxidoreductase NDUFA12 subunit (Leigh syndrome)	AH-321-I23_00448	-4
CACOIL010000005.1	72132	72953	+	AH-321-I23_00445	AH-321-I23	273	OG0000284	NA	NA	NA	NA	NA	AH-321-I23_00448	-3
CACOIL010000005.1	72950	74737	-	AH-321-I23_00446	AH-321-I23	595	OG0000189	K01876	aspartyl-tRNA synthetase [EC:6.1.1.12]	COG0173	AspS	Aspartyl-tRNA synthetase	AH-321-I23_00448	-2
CACOIL010000005.1	74730	75392	-	AH-321-I23_00447	AH-321-I23	220	OG0000690	NA	NA	COG0593	DnaA	Chromosomal replication initiation ATPase DnaA	AH-321-I23_00448	-1
CACOIL010000005.1	75392	76438	-	AH-321-I23_00448	AH-321-I23	348	OG0000916	NA	NA	NA	NA	NA	AH-321-I23_00448	0
CACOIL010000005.1	76463	77491	+	AH-321-I23_00449	AH-321-I23	342	OG0000574	K01933	phosphoribosylformylglycinamidine cyclo-ligase [EC:6.3.3.1]	COG0150	PurM	Phosphoribosylaminoimidazole (AIR) synthetase	AH-321-I23_00448	1
CACOIL010000005.1	77485	78042	+	AH-321-I23_00450	AH-321-I23	185	OG0000035	K11175	phosphoribosylglycinamide formyltransferase 1 [EC:2.1.2.2]	COG0299	PurN	Folate-dependent phosphoribosylglycinamide formyltransferase PurN	AH-321-I23_00448	2
CACOIL010000005.1	78045	78455	-	AH-321-I23_00451	AH-321-I23	136	OG0000480	K00940	nucleoside-diphosphate kinase [EC:2.7.4.6]	COG0105	Ndk	Nucleoside diphosphate kinase	AH-321-I23_00448	3
CACOIL010000005.1	78448	78705	-	AH-321-I23_00452	AH-321-I23	85	OG0000405	NA	NA	COG0260	PepB	Leucyl aminopeptidase	AH-321-I23_00448	4
CACOKN010000003.1	105052	105450	-	AH-321-M13_00686	AH-321-M13	132	OG0000472	NA	NA	COG4765	NA	Uncharacterized conserved protein, DUF2155 domain	AH-321-M13_00691	-5
CACOKN010000003.1	105413	105772	-	AH-321-M13_00687	AH-321-M13	119	OG0000369	NA	NA	COG3761	NDUFA12	NADH:ubiquinone oxidoreductase NDUFA12 subunit (Leigh syndrome)	AH-321-M13_00691	-4
CACOKN010000003.1	105890	106714	+	AH-321-M13_00688	AH-321-M13	274	OG0000284	NA	NA	NA	NA	NA	AH-321-M13_00691	-3
CACOKN010000003.1	106716	108494	-	AH-321-M13_00689	AH-321-M13	592	OG0000189	K01876	aspartyl-tRNA synthetase [EC:6.1.1.12]	COG0173	AspS	Aspartyl-tRNA synthetase	AH-321-M13_00691	-2
CACOKN010000003.1	108495	109157	-	AH-321-M13_00690	AH-321-M13	220	OG0000690	NA	NA	COG0593	DnaA	Chromosomal replication initiation ATPase DnaA	AH-321-M13_00691	-1
CACOKN010000003.1	109154	110230	-	AH-321-M13_00691	AH-321-M13	358	OG0000916	NA	NA	NA	NA	NA	AH-321-M13_00691	0
CACOKN010000003.1	110242	111270	+	AH-321-M13_00692	AH-321-M13	342	OG0000574	K01933	phosphoribosylformylglycinamidine cyclo-ligase [EC:6.3.3.1]	COG0150	PurM	Phosphoribosylaminoimidazole (AIR) synthetase	AH-321-M13_00691	1
CACOKN010000003.1	111248	111832	+	AH-321-M13_00693	AH-321-M13	194	OG0000035	K11175	phosphoribosylglycinamide formyltransferase 1 [EC:2.1.2.2]	COG0299	PurN	Folate-dependent phosphoribosylglycinamide formyltransferase PurN	AH-321-M13_00691	2
CACOKN010000003.1	111822	112232	-	AH-321-M13_00694	AH-321-M13	136	OG0000480	K00940	nucleoside-diphosphate kinase [EC:2.7.4.6]	COG0105	Ndk	Nucleoside diphosphate kinase	AH-321-M13_00691	3
CACOKN010000003.1	112225	113694	-	AH-321-M13_00695	AH-321-M13	489	OG0000405	K01255	leucyl aminopeptidase [EC:3.4.11.1]	COG0260	PepB	Leucyl aminopeptidase	AH-321-M13_00691	4
CACOKN010000003.1	113777	114913	+	AH-321-M13_00696	AH-321-M13	378	OG0000932	NA	NA	COG0795	LptF	Lipopolysaccharide export LptBFGC system, permease protein LptF	AH-321-M13_00691	5
CACOLY010000008.1	20873	21283	-	AH-321-P04_00649	AH-321-P04	136	OG0000472	NA	NA	COG4765	NA	Uncharacterized conserved protein, DUF2155 domain	AH-321-P04_00654	-5
CACOLY010000008.1	21243	21602	-	AH-321-P04_00650	AH-321-P04	119	OG0000369	NA	NA	COG3761	NDUFA12	NADH:ubiquinone oxidoreductase NDUFA12 subunit (Leigh syndrome)	AH-321-P04_00654	-4
CACOLY010000008.1	21717	22541	+	AH-321-P04_00651	AH-321-P04	274	OG0000284	NA	NA	NA	NA	NA	AH-321-P04_00654	-3
CACOLY010000008.1	22544	24331	-	AH-321-P04_00652	AH-321-P04	595	OG0000189	K01876	aspartyl-tRNA synthetase [EC:6.1.1.12]	COG0173	AspS	Aspartyl-tRNA synthetase	AH-321-P04_00654	-2
CACOLY010000008.1	24328	24993	-	AH-321-P04_00653	AH-321-P04	221	OG0000690	NA	NA	COG0593	DnaA	Chromosomal replication initiation ATPase DnaA	AH-321-P04_00654	-1
CACOLY010000008.1	24990	26069	-	AH-321-P04_00654	AH-321-P04	359	OG0000916	NA	NA	NA	NA	NA	AH-321-P04_00654	0
CACOLY010000008.1	26081	27112	+	AH-321-P04_00655	AH-321-P04	343	OG0000574	K01933	phosphoribosylformylglycinamidine cyclo-ligase [EC:6.3.3.1]	COG0150	PurM	Phosphoribosylaminoimidazole (AIR) synthetase	AH-321-P04_00654	1
CACOLY010000008.1	27096	27665	+	AH-321-P04_00656	AH-321-P04	189	OG0000035	K11175	phosphoribosylglycinamide formyltransferase 1 [EC:2.1.2.2]	COG0299	PurN	Folate-dependent phosphoribosylglycinamide formyltransferase PurN	AH-321-P04_00654	2
CACOLY010000008.1	27662	28072	-	AH-321-P04_00657	AH-321-P04	136	OG0000480	K00940	nucleoside-diphosphate kinase [EC:2.7.4.6]	COG0105	Ndk	Nucleoside diphosphate kinase	AH-321-P04_00654	3
CACOLY010000008.1	28065	29531	-	AH-321-P04_00658	AH-321-P04	488	OG0000405	K01255	leucyl aminopeptidase [EC:3.4.11.1]	COG0260	PepB	Leucyl aminopeptidase	AH-321-P04_00654	4
CACOLY010000008.1	29543	30757	+	AH-321-P04_00659	AH-321-P04	404	OG0000932	NA	NA	COG0795	LptF	Lipopolysaccharide export LptBFGC system, permease protein LptF	AH-321-P04_00654	5
CACONH010000006.1	140	388	+	AH-324-B10_00923	AH-324-B10	82	OG0000916	NA	NA	NA	NA	NA	AH-324-B10_00923	0
CACONH010000006.1	373	1062	+	AH-324-B10_00924	AH-324-B10	229	OG0000690	NA	NA	COG0593	DnaA	Chromosomal replication initiation ATPase DnaA	AH-324-B10_00923	1
CACONH010000006.1	1049	2836	+	AH-324-B10_00925	AH-324-B10	595	OG0000189	K01876	aspartyl-tRNA synthetase [EC:6.1.1.12]	COG0173	AspS	Aspartyl-tRNA synthetase	AH-324-B10_00923	2
CACONH010000006.1	2837	3670	-	AH-324-B10_00926	AH-324-B10	277	OG0000284	NA	NA	NA	NA	NA	AH-324-B10_00923	3
CACONH010000006.1	3776	4135	+	AH-324-B10_00927	AH-324-B10	119	OG0000369	NA	NA	COG3761	NDUFA12	NADH:ubiquinone oxidoreductase NDUFA12 subunit (Leigh syndrome)	AH-324-B10_00923	4
CACONH010000006.1	4101	4505	+	AH-324-B10_00928	AH-324-B10	134	OG0000472	NA	NA	COG4765	NA	Uncharacterized conserved protein, DUF2155 domain	AH-324-B10_00923	5
CACOPB010000017.1	8998	9405	-	AH-324-F03_01252	AH-324-F03	135	OG0000472	NA	NA	COG4765	NA	Uncharacterized conserved protein, DUF2155 domain	AH-324-F03_01257	-5
CACOPB010000017.1	9368	9727	-	AH-324-F03_01253	AH-324-F03	119	OG0000369	NA	NA	COG3761	NDUFA12	NADH:ubiquinone oxidoreductase NDUFA12 subunit (Leigh syndrome)	AH-324-F03_01257	-4
CACOPB010000017.1	9845	10669	+	AH-324-F03_01254	AH-324-F03	274	OG0000284	NA	NA	NA	NA	NA	AH-324-F03_01257	-3
CACOPB010000017.1	10671	12455	-	AH-324-F03_01255	AH-324-F03	594	OG0000189	K01876	aspartyl-tRNA synthetase [EC:6.1.1.12]	COG0173	AspS	Aspartyl-tRNA synthetase	AH-324-F03_01257	-2
CACOPB010000017.1	12456	13118	-	AH-324-F03_01256	AH-324-F03	220	OG0000690	NA	NA	COG0593	DnaA	Chromosomal replication initiation ATPase DnaA	AH-324-F03_01257	-1
CACOPB010000017.1	13105	13269	-	AH-324-F03_01257	AH-324-F03	54	OG0000916	NA	NA	NA	NA	NA	AH-324-F03_01257	0
CACOQN010000004.1	88188	88595	-	AH-324-J07_00545	AH-324-J07	135	OG0000472	NA	NA	COG4765	NA	Uncharacterized conserved protein, DUF2155 domain	AH-324-J07_00550	-5
CACOQN010000004.1	88558	88917	-	AH-324-J07_00546	AH-324-J07	119	OG0000369	NA	NA	COG3761	NDUFA12	NADH:ubiquinone oxidoreductase NDUFA12 subunit (Leigh syndrome)	AH-324-J07_00550	-4
CACOQN010000004.1	89032	89856	+	AH-324-J07_00547	AH-324-J07	274	OG0000284	NA	NA	NA	NA	NA	AH-324-J07_00550	-3
CACOQN010000004.1	89859	91643	-	AH-324-J07_00548	AH-324-J07	594	OG0000189	K01876	aspartyl-tRNA synthetase [EC:6.1.1.12]	COG0173	AspS	Aspartyl-tRNA synthetase	AH-324-J07_00550	-2
CACOQN010000004.1	91644	92306	-	AH-324-J07_00549	AH-324-J07	220	OG0000690	NA	NA	COG0593	DnaA	Chromosomal replication initiation ATPase DnaA	AH-324-J07_00550	-1
CACOQN010000004.1	92293	93381	-	AH-324-J07_00550	AH-324-J07	362	OG0000916	NA	NA	NA	NA	NA	AH-324-J07_00550	0
CACOQN010000004.1	93393	94421	+	AH-324-J07_00551	AH-324-J07	342	OG0000574	K01933	phosphoribosylformylglycinamidine cyclo-ligase [EC:6.3.3.1]	COG0150	PurM	Phosphoribosylaminoimidazole (AIR) synthetase	AH-324-J07_00550	1
CACOQN010000004.1	94399	94980	+	AH-324-J07_00552	AH-324-J07	193	OG0000035	K11175	phosphoribosylglycinamide formyltransferase 1 [EC:2.1.2.2]	COG0299	PurN	Folate-dependent phosphoribosylglycinamide formyltransferase PurN	AH-324-J07_00550	2
CACOQN010000004.1	94970	95380	-	AH-324-J07_00553	AH-324-J07	136	OG0000480	K00940	nucleoside-diphosphate kinase [EC:2.7.4.6]	COG0105	Ndk	Nucleoside diphosphate kinase	AH-324-J07_00550	3
CACOQN010000004.1	95373	96827	-	AH-324-J07_00554	AH-324-J07	484	OG0000405	K01255	leucyl aminopeptidase [EC:3.4.11.1]	COG0260	PepB	Leucyl aminopeptidase	AH-324-J07_00550	4
CACOQN010000004.1	96888	98021	+	AH-324-J07_00555	AH-324-J07	377	OG0000932	NA	NA	COG0795	LptF	Lipopolysaccharide export LptBFGC system, permease protein LptF	AH-324-J07_00550	5
CACORG010000006.1	8706	9110	-	AH-324-K09_00592	AH-324-K09	134	OG0000472	NA	NA	COG4765	NA	Uncharacterized conserved protein, DUF2155 domain	AH-324-K09_00597	-5
CACORG010000006.1	9073	9432	-	AH-324-K09_00593	AH-324-K09	119	OG0000369	NA	NA	COG3761	NDUFA12	NADH:ubiquinone oxidoreductase NDUFA12 subunit (Leigh syndrome)	AH-324-K09_00597	-4
CACORG010000006.1	9541	10371	+	AH-324-K09_00594	AH-324-K09	276	OG0000284	NA	NA	NA	NA	NA	AH-324-K09_00597	-3
CACORG010000006.1	10372	12156	-	AH-324-K09_00595	AH-324-K09	594	OG0000189	K01876	aspartyl-tRNA synthetase [EC:6.1.1.12]	COG0173	AspS	Aspartyl-tRNA synthetase	AH-324-K09_00597	-2
CACORG010000006.1	12158	12814	-	AH-324-K09_00596	AH-324-K09	218	OG0000690	NA	NA	COG0593	DnaA	Chromosomal replication initiation ATPase DnaA	AH-324-K09_00597	-1
CACORG010000006.1	12811	13884	-	AH-324-K09_00597	AH-324-K09	357	OG0000916	NA	NA	NA	NA	NA	AH-324-K09_00597	0
CACORG010000006.1	13897	14919	+	AH-324-K09_00598	AH-324-K09	340	OG0000574	K01933	phosphoribosylformylglycinamidine cyclo-ligase [EC:6.3.3.1]	COG0150	PurM	Phosphoribosylaminoimidazole (AIR) synthetase	AH-324-K09_00597	1
CACORG010000006.1	14900	15487	+	AH-324-K09_00599	AH-324-K09	195	OG0000035	K11175	phosphoribosylglycinamide formyltransferase 1 [EC:2.1.2.2]	COG0299	PurN	Folate-dependent phosphoribosylglycinamide formyltransferase PurN	AH-324-K09_00597	2
CACORG010000006.1	15477	15887	-	AH-324-K09_00600	AH-324-K09	136	OG0000480	K00940	nucleoside-diphosphate kinase [EC:2.7.4.6]	COG0105	Ndk	Nucleoside diphosphate kinase	AH-324-K09_00597	3
CACORG010000006.1	15880	17304	-	AH-324-K09_00601	AH-324-K09	474	OG0000405	K01255	leucyl aminopeptidase [EC:3.4.11.1]	COG0260	PepB	Leucyl aminopeptidase	AH-324-K09_00597	4
CACORG010000006.1	17359	18477	+	AH-324-K09_00602	AH-324-K09	372	OG0000932	NA	NA	COG0795	LptF	Lipopolysaccharide export LptBFGC system, permease protein LptF	AH-324-K09_00597	5
CACOSU010000003.1	8967	9374	-	AH-324-N03_00412	AH-324-N03	135	OG0000472	NA	NA	COG4765	NA	Uncharacterized conserved protein, DUF2155 domain	AH-324-N03_00417	-5
CACOSU010000003.1	9337	9696	-	AH-324-N03_00413	AH-324-N03	119	OG0000369	NA	NA	COG3761	NDUFA12	NADH:ubiquinone oxidoreductase NDUFA12 subunit (Leigh syndrome)	AH-324-N03_00417	-4
CACOSU010000003.1	9810	10634	+	AH-324-N03_00414	AH-324-N03	274	OG0000284	NA	NA	NA	NA	NA	AH-324-N03_00417	-3
CACOSU010000003.1	10637	12421	-	AH-324-N03_00415	AH-324-N03	594	OG0000189	K01876	aspartyl-tRNA synthetase [EC:6.1.1.12]	COG0173	AspS	Aspartyl-tRNA synthetase	AH-324-N03_00417	-2
CACOSU010000003.1	12422	13084	-	AH-324-N03_00416	AH-324-N03	220	OG0000690	NA	NA	COG0593	DnaA	Chromosomal replication initiation ATPase DnaA	AH-324-N03_00417	-1
CACOSU010000003.1	13071	14159	-	AH-324-N03_00417	AH-324-N03	362	OG0000916	NA	NA	NA	NA	NA	AH-324-N03_00417	0
CACOSU010000003.1	14171	15199	+	AH-324-N03_00418	AH-324-N03	342	OG0000574	K01933	phosphoribosylformylglycinamidine cyclo-ligase [EC:6.3.3.1]	COG0150	PurM	Phosphoribosylaminoimidazole (AIR) synthetase	AH-324-N03_00417	1
CACOSU010000003.1	15177	15758	+	AH-324-N03_00419	AH-324-N03	193	OG0000035	K11175	phosphoribosylglycinamide formyltransferase 1 [EC:2.1.2.2]	COG0299	PurN	Folate-dependent phosphoribosylglycinamide formyltransferase PurN	AH-324-N03_00417	2
CACOSU010000003.1	15748	16158	-	AH-324-N03_00420	AH-324-N03	136	OG0000480	K00940	nucleoside-diphosphate kinase [EC:2.7.4.6]	COG0105	Ndk	Nucleoside diphosphate kinase	AH-324-N03_00417	3
CACOSU010000003.1	16151	17605	-	AH-324-N03_00421	AH-324-N03	484	OG0000405	K01255	leucyl aminopeptidase [EC:3.4.11.1]	COG0260	PepB	Leucyl aminopeptidase	AH-324-N03_00417	4
CACOSU010000003.1	17661	18770	+	AH-324-N03_00422	AH-324-N03	369	OG0000932	NA	NA	COG0795	LptF	Lipopolysaccharide export LptBFGC system, permease protein LptF	AH-324-N03_00417	5
NZES01000008.1	64777	67218	-	ARS1_00149	ARS1	813	OG0000746	K04744	LPS-assembly protein	COG1452	LptD	Lipopolysaccharide export system protein LptD/OstA, potential outer membrane flippase	ARS1_00154	-5
NZES01000008.1	67202	68296	-	ARS1_00150	ARS1	364	OG0000833	NA	NA	COG0795	LptF	Lipopolysaccharide export LptBFGC system, permease protein LptF	ARS1_00154	-4
NZES01000008.1	68302	69453	-	ARS1_00151	ARS1	383	OG0000932	NA	NA	COG0795	LptF	Lipopolysaccharide export LptBFGC system, permease protein LptF	ARS1_00154	-3
NZES01000008.1	69528	71006	+	ARS1_00152	ARS1	492	OG0000405	K01255	leucyl aminopeptidase [EC:3.4.11.1]	COG0260	PepB	Leucyl aminopeptidase	ARS1_00154	-2
NZES01000008.1	71011	71415	+	ARS1_00153	ARS1	134	OG0000480	K00940	nucleoside-diphosphate kinase [EC:2.7.4.6]	COG0105	Ndk	Nucleoside diphosphate kinase	ARS1_00154	-1
NZES01000008.1	71560	72642	+	ARS1_00154	ARS1	360	OG0000916	NA	NA	NA	NA	NA	ARS1_00154	0
NZES01000008.1	72635	73294	+	ARS1_00155	ARS1	219	OG0000690	NA	NA	COG0593	DnaA	Chromosomal replication initiation ATPase DnaA	ARS1_00154	1
NZES01000008.1	73315	74091	+	ARS1_00156	ARS1	258	OG0000189	K01876	aspartyl-tRNA synthetase [EC:6.1.1.12]	COG0173	AspS	Aspartyl-tRNA synthetase	ARS1_00154	2
NZES01000008.1	74165	75136	+	ARS1_00157	ARS1	323	OG0000189	K01876	aspartyl-tRNA synthetase [EC:6.1.1.12]	COG0173	AspS	Aspartyl-tRNA synthetase	ARS1_00154	3
NZES01000008.1	75114	75632	-	ARS1_00158	ARS1	172	OG0000284	NA	NA	NA	NA	NA	ARS1_00154	4
NZES01000008.1	75778	75972	-	ARS1_00159	ARS1	64	OG0000284	NA	NA	NA	NA	NA	ARS1_00154	5
LIBW01000038.1	1059	2513	+	BACL5_MAG-121015-bin10_00520	BACL5_MAG-121015-bin10	484	OG0000405	K01255	leucyl aminopeptidase [EC:3.4.11.1]	COG0260	PepB	Leucyl aminopeptidase	BACL5_MAG-121015-bin10_00524	-4
LIBW01000038.1	2506	2916	+	BACL5_MAG-121015-bin10_00521	BACL5_MAG-121015-bin10	136	OG0000480	K00940	nucleoside-diphosphate kinase [EC:2.7.4.6]	COG0105	Ndk	Nucleoside diphosphate kinase	BACL5_MAG-121015-bin10_00524	-3
LIBW01000038.1	2913	3491	-	BACL5_MAG-121015-bin10_00522	BACL5_MAG-121015-bin10	192	OG0000035	K11175	phosphoribosylglycinamide formyltransferase 1 [EC:2.1.2.2]	COG0299	PurN	Folate-dependent phosphoribosylglycinamide formyltransferase PurN	BACL5_MAG-121015-bin10_00524	-2
LIBW01000038.1	3469	4302	-	BACL5_MAG-121015-bin10_00523	BACL5_MAG-121015-bin10	277	OG0000574	K01933	phosphoribosylformylglycinamidine cyclo-ligase [EC:6.3.3.1]	COG0150	PurM	Phosphoribosylaminoimidazole (AIR) synthetase	BACL5_MAG-121015-bin10_00524	-1
LIBW01000038.1	4508	5587	+	BACL5_MAG-121015-bin10_00524	BACL5_MAG-121015-bin10	359	OG0000916	NA	NA	NA	NA	NA	BACL5_MAG-121015-bin10_00524	0
LIBW01000038.1	5572	6246	+	BACL5_MAG-121015-bin10_00525	BACL5_MAG-121015-bin10	224	OG0000690	NA	NA	COG0593	DnaA	Chromosomal replication initiation ATPase DnaA	BACL5_MAG-121015-bin10_00524	1
LIBW01000038.1	6951	7508	-	BACL5_MAG-121015-bin10_00526	BACL5_MAG-121015-bin10	185	NA	NA	NA	NA	NA	NA	BACL5_MAG-121015-bin10_00524	2
NSIJ01000016.1	14442	15581	-	Baikal-G1_00380	Baikal-G1	379	OG0000932	NA	NA	COG0795	LptF	Lipopolysaccharide export LptBFGC system, permease protein LptF	Baikal-G1_00385	-5
NSIJ01000016.1	15643	17100	+	Baikal-G1_00381	Baikal-G1	485	OG0000405	K01255	leucyl aminopeptidase [EC:3.4.11.1]	COG0260	PepB	Leucyl aminopeptidase	Baikal-G1_00385	-4
NSIJ01000016.1	17084	17503	+	Baikal-G1_00382	Baikal-G1	139	OG0000480	K00940	nucleoside-diphosphate kinase [EC:2.7.4.6]	COG0105	Ndk	Nucleoside diphosphate kinase	Baikal-G1_00385	-3
NSIJ01000016.1	17493	18077	-	Baikal-G1_00383	Baikal-G1	194	OG0000035	K11175	phosphoribosylglycinamide formyltransferase 1 [EC:2.1.2.2]	COG0299	PurN	Folate-dependent phosphoribosylglycinamide formyltransferase PurN	Baikal-G1_00385	-2
NSIJ01000016.1	18055	19083	-	Baikal-G1_00384	Baikal-G1	342	OG0000574	K01933	phosphoribosylformylglycinamidine cyclo-ligase [EC:6.3.3.1]	COG0150	PurM	Phosphoribosylaminoimidazole (AIR) synthetase	Baikal-G1_00385	-1
NSIJ01000016.1	19095	20174	+	Baikal-G1_00385	Baikal-G1	359	OG0000916	NA	NA	NA	NA	NA	Baikal-G1_00385	0
NSIJ01000016.1	20171	20833	+	Baikal-G1_00386	Baikal-G1	220	OG0000690	NA	NA	COG0593	DnaA	Chromosomal replication initiation ATPase DnaA	Baikal-G1_00385	1
NSIJ01000016.1	20834	22618	+	Baikal-G1_00387	Baikal-G1	594	OG0000189	K01876	aspartyl-tRNA synthetase [EC:6.1.1.12]	COG0173	AspS	Aspartyl-tRNA synthetase	Baikal-G1_00385	2
NSIJ01000016.1	22621	23445	-	Baikal-G1_00388	Baikal-G1	274	OG0000284	NA	NA	NA	NA	NA	Baikal-G1_00385	3
NSIJ01000016.1	23561	23917	+	Baikal-G1_00389	Baikal-G1	118	OG0000369	NA	NA	COG3761	NDUFA12	NADH:ubiquinone oxidoreductase NDUFA12 subunit (Leigh syndrome)	Baikal-G1_00385	4
NSIJ01000016.1	23880	24302	+	Baikal-G1_00390	Baikal-G1	140	OG0000472	NA	NA	COG4765	NA	Uncharacterized conserved protein, DUF2155 domain	Baikal-G1_00385	5
NYVZ01000016.1	10249	11406	-	CPC289_00905	CPC289	385	OG0000932	NA	NA	COG0795	LptF	Lipopolysaccharide export LptBFGC system, permease protein LptF	CPC289_00910	-5
NYVZ01000016.1	11500	12957	+	CPC289_00906	CPC289	485	OG0000405	K01255	leucyl aminopeptidase [EC:3.4.11.1]	COG0260	PepB	Leucyl aminopeptidase	CPC289_00910	-4
NYVZ01000016.1	12950	13360	+	CPC289_00907	CPC289	136	OG0000480	K00940	nucleoside-diphosphate kinase [EC:2.7.4.6]	COG0105	Ndk	Nucleoside diphosphate kinase	CPC289_00910	-3
NYVZ01000016.1	13357	13920	-	CPC289_00908	CPC289	187	OG0000035	K11175	phosphoribosylglycinamide formyltransferase 1 [EC:2.1.2.2]	COG0299	PurN	Folate-dependent phosphoribosylglycinamide formyltransferase PurN	CPC289_00910	-2
NYVZ01000016.1	13914	14942	-	CPC289_00909	CPC289	342	OG0000574	K01933	phosphoribosylformylglycinamidine cyclo-ligase [EC:6.3.3.1]	COG0150	PurM	Phosphoribosylaminoimidazole (AIR) synthetase	CPC289_00910	-1
NYVZ01000016.1	14966	16009	+	CPC289_00910	CPC289	347	OG0000916	NA	NA	NA	NA	NA	CPC289_00910	0
JAGFVZ010000016.1	1408	2577	-	ETNP2013_S02_SV82_300m_MAG_01_00189	ETNP2013_S02_SV82_300m_MAG_01	389	OG0000932	NA	NA	COG0795	LptF	Lipopolysaccharide export LptBFGC system, permease protein LptF	ETNP2013_S02_SV82_300m_MAG_01_00194	-5
JAGFVZ010000016.1	2639	4108	+	ETNP2013_S02_SV82_300m_MAG_01_00190	ETNP2013_S02_SV82_300m_MAG_01	489	OG0000405	K01255	leucyl aminopeptidase [EC:3.4.11.1]	COG0260	PepB	Leucyl aminopeptidase	ETNP2013_S02_SV82_300m_MAG_01_00194	-4
JAGFVZ010000016.1	4121	4528	+	ETNP2013_S02_SV82_300m_MAG_01_00191	ETNP2013_S02_SV82_300m_MAG_01	135	OG0000480	K00940	nucleoside-diphosphate kinase [EC:2.7.4.6]	COG0105	Ndk	Nucleoside diphosphate kinase	ETNP2013_S02_SV82_300m_MAG_01_00194	-3
JAGFVZ010000016.1	4521	5084	-	ETNP2013_S02_SV82_300m_MAG_01_00192	ETNP2013_S02_SV82_300m_MAG_01	187	OG0000035	K11175	phosphoribosylglycinamide formyltransferase 1 [EC:2.1.2.2]	COG0299	PurN	Folate-dependent phosphoribosylglycinamide formyltransferase PurN	ETNP2013_S02_SV82_300m_MAG_01_00194	-2
JAGFVZ010000016.1	5078	6106	-	ETNP2013_S02_SV82_300m_MAG_01_00193	ETNP2013_S02_SV82_300m_MAG_01	342	OG0000574	K01933	phosphoribosylformylglycinamidine cyclo-ligase [EC:6.3.3.1]	COG0150	PurM	Phosphoribosylaminoimidazole (AIR) synthetase	ETNP2013_S02_SV82_300m_MAG_01_00194	-1
JAGFVZ010000016.1	6132	7181	+	ETNP2013_S02_SV82_300m_MAG_01_00194	ETNP2013_S02_SV82_300m_MAG_01	349	OG0000916	NA	NA	NA	NA	NA	ETNP2013_S02_SV82_300m_MAG_01_00194	0
JAGFVZ010000016.1	7183	7848	+	ETNP2013_S02_SV82_300m_MAG_01_00195	ETNP2013_S02_SV82_300m_MAG_01	221	OG0000690	NA	NA	COG0593	DnaA	Chromosomal replication initiation ATPase DnaA	ETNP2013_S02_SV82_300m_MAG_01_00194	1
JAGFVZ010000016.1	7859	9646	+	ETNP2013_S02_SV82_300m_MAG_01_00196	ETNP2013_S02_SV82_300m_MAG_01	595	OG0000189	K01876	aspartyl-tRNA synthetase [EC:6.1.1.12]	COG0173	AspS	Aspartyl-tRNA synthetase	ETNP2013_S02_SV82_300m_MAG_01_00194	2
JAGFVZ010000016.1	9647	10495	-	ETNP2013_S02_SV82_300m_MAG_01_00197	ETNP2013_S02_SV82_300m_MAG_01	282	OG0000284	NA	NA	NA	NA	NA	ETNP2013_S02_SV82_300m_MAG_01_00194	3
JAGFVZ010000016.1	10616	10975	+	ETNP2013_S02_SV82_300m_MAG_01_00198	ETNP2013_S02_SV82_300m_MAG_01	119	OG0000369	NA	NA	COG3761	NDUFA12	NADH:ubiquinone oxidoreductase NDUFA12 subunit (Leigh syndrome)	ETNP2013_S02_SV82_300m_MAG_01_00194	4
JAGFVZ010000016.1	10956	11453	+	ETNP2013_S02_SV82_300m_MAG_01_00199	ETNP2013_S02_SV82_300m_MAG_01	165	OG0000472	NA	NA	COG4765	NA	Uncharacterized conserved protein, DUF2155 domain	ETNP2013_S02_SV82_300m_MAG_01_00194	5
CP031125.1	936152	937282	-	FZCC0015_00988	FZCC0015	376	OG0000932	NA	NA	COG0795	LptF	Lipopolysaccharide export LptBFGC system, permease protein LptF	FZCC0015_00993	-5
CP031125.1	937344	938798	+	FZCC0015_00989	FZCC0015	484	OG0000405	K01255	leucyl aminopeptidase [EC:3.4.11.1]	COG0260	PepB	Leucyl aminopeptidase	FZCC0015_00993	-4
CP031125.1	938791	939201	+	FZCC0015_00990	FZCC0015	136	OG0000480	K00940	nucleoside-diphosphate kinase [EC:2.7.4.6]	COG0105	Ndk	Nucleoside diphosphate kinase	FZCC0015_00993	-3
CP031125.1	939191	939772	-	FZCC0015_00991	FZCC0015	193	OG0000035	K11175	phosphoribosylglycinamide formyltransferase 1 [EC:2.1.2.2]	COG0299	PurN	Folate-dependent phosphoribosylglycinamide formyltransferase PurN	FZCC0015_00993	-2
CP031125.1	939747	940778	-	FZCC0015_00992	FZCC0015	343	OG0000574	K01933	phosphoribosylformylglycinamidine cyclo-ligase [EC:6.3.3.1]	COG0150	PurM	Phosphoribosylaminoimidazole (AIR) synthetase	FZCC0015_00993	-1
CP031125.1	940790	941878	+	FZCC0015_00993	FZCC0015	362	OG0000916	NA	NA	NA	NA	NA	FZCC0015_00993	0
CP031125.1	941865	942527	+	FZCC0015_00994	FZCC0015	220	OG0000690	NA	NA	COG0593	DnaA	Chromosomal replication initiation ATPase DnaA	FZCC0015_00993	1
CP031125.1	942528	944312	+	FZCC0015_00995	FZCC0015	594	OG0000189	K01876	aspartyl-tRNA synthetase [EC:6.1.1.12]	COG0173	AspS	Aspartyl-tRNA synthetase	FZCC0015_00993	2
CP031125.1	944314	945138	-	FZCC0015_00996	FZCC0015	274	OG0000284	NA	NA	NA	NA	NA	FZCC0015_00993	3
CP031125.1	945253	945612	+	FZCC0015_00997	FZCC0015	119	OG0000369	NA	NA	COG3761	NDUFA12	NADH:ubiquinone oxidoreductase NDUFA12 subunit (Leigh syndrome)	FZCC0015_00993	4
CP031125.1	945575	945982	+	FZCC0015_00998	FZCC0015	135	OG0000472	NA	NA	COG4765	NA	Uncharacterized conserved protein, DUF2155 domain	FZCC0015_00993	5
LHBX01000026.1	38781	39188	-	GOM-A1_00483	GOM-A1	135	OG0000472	NA	NA	COG4765	NA	Uncharacterized conserved protein, DUF2155 domain	GOM-A1_00488	-5
LHBX01000026.1	39151	39507	-	GOM-A1_00484	GOM-A1	118	OG0000369	NA	NA	COG3761	NDUFA12	NADH:ubiquinone oxidoreductase NDUFA12 subunit (Leigh syndrome)	GOM-A1_00488	-4
LHBX01000026.1	39616	40437	+	GOM-A1_00485	GOM-A1	273	OG0000284	NA	NA	NA	NA	NA	GOM-A1_00488	-3
LHBX01000026.1	40438	42219	-	GOM-A1_00486	GOM-A1	593	OG0000189	K01876	aspartyl-tRNA synthetase [EC:6.1.1.12]	COG0173	AspS	Aspartyl-tRNA synthetase	GOM-A1_00488	-2
LHBX01000026.1	42216	42875	-	GOM-A1_00487	GOM-A1	219	OG0000690	NA	NA	COG0593	DnaA	Chromosomal replication initiation ATPase DnaA	GOM-A1_00488	-1
LHBX01000026.1	42872	43948	-	GOM-A1_00488	GOM-A1	358	OG0000916	NA	NA	NA	NA	NA	GOM-A1_00488	0
LHBX01000026.1	43958	44980	+	GOM-A1_00489	GOM-A1	340	OG0000574	K01933	phosphoribosylformylglycinamidine cyclo-ligase [EC:6.3.3.1]	COG0150	PurM	Phosphoribosylaminoimidazole (AIR) synthetase	GOM-A1_00488	1
LHBX01000026.1	44961	45539	+	GOM-A1_00490	GOM-A1	192	OG0000035	K11175	phosphoribosylglycinamide formyltransferase 1 [EC:2.1.2.2]	COG0299	PurN	Folate-dependent phosphoribosylglycinamide formyltransferase PurN	GOM-A1_00488	2
LHBX01000026.1	45529	45939	-	GOM-A1_00491	GOM-A1	136	OG0000480	K00940	nucleoside-diphosphate kinase [EC:2.7.4.6]	COG0105	Ndk	Nucleoside diphosphate kinase	GOM-A1_00488	3
LHBX01000026.1	45932	47368	-	GOM-A1_00492	GOM-A1	478	OG0000405	K01255	leucyl aminopeptidase [EC:3.4.11.1]	COG0260	PepB	Leucyl aminopeptidase	GOM-A1_00488	4
LHBX01000026.1	47423	48553	+	GOM-A1_00493	GOM-A1	376	OG0000932	NA	NA	COG0795	LptF	Lipopolysaccharide export LptBFGC system, permease protein LptF	GOM-A1_00488	5
ATTF01000010.1	31759	32262	-	HIMB058_00622	HIMB058	167	OG0000472	NA	NA	COG4765	NA	Uncharacterized conserved protein, DUF2155 domain	HIMB058_00627	-5
ATTF01000010.1	32246	32596	-	HIMB058_00623	HIMB058	116	OG0000369	NA	NA	COG3761	NDUFA12	NADH:ubiquinone oxidoreductase NDUFA12 subunit (Leigh syndrome)	HIMB058_00627	-4
ATTF01000010.1	32696	33514	+	HIMB058_00624	HIMB058	272	OG0000284	NA	NA	NA	NA	NA	HIMB058_00627	-3
ATTF01000010.1	33511	35298	-	HIMB058_00625	HIMB058	595	OG0000189	K01876	aspartyl-tRNA synthetase [EC:6.1.1.12]	COG0173	AspS	Aspartyl-tRNA synthetase	HIMB058_00627	-2
ATTF01000010.1	35295	35972	-	HIMB058_00626	HIMB058	225	OG0000690	NA	NA	COG0593	DnaA	Chromosomal replication initiation ATPase DnaA	HIMB058_00627	-1
ATTF01000010.1	35951	36991	-	HIMB058_00627	HIMB058	346	OG0000916	NA	NA	NA	NA	NA	HIMB058_00627	0
ATTF01000010.1	37014	38042	+	HIMB058_00628	HIMB058	342	OG0000574	K01933	phosphoribosylformylglycinamidine cyclo-ligase [EC:6.3.3.1]	COG0150	PurM	Phosphoribosylaminoimidazole (AIR) synthetase	HIMB058_00627	1
AZAL01000001.1	1278668	1279804	-	HIMB083_01369	HIMB083	378	OG0000932	NA	NA	COG0795	LptF	Lipopolysaccharide export LptBFGC system, permease protein LptF	HIMB083_01374	-5
AZAL01000001.1	1279866	1281323	+	HIMB083_01370	HIMB083	485	OG0000405	K01255	leucyl aminopeptidase [EC:3.4.11.1]	COG0260	PepB	Leucyl aminopeptidase	HIMB083_01374	-4
AZAL01000001.1	1281316	1281726	+	HIMB083_01371	HIMB083	136	OG0000480	K00940	nucleoside-diphosphate kinase [EC:2.7.4.6]	COG0105	Ndk	Nucleoside diphosphate kinase	HIMB083_01374	-3
AZAL01000001.1	1281716	1282297	-	HIMB083_01372	HIMB083	193	OG0000035	K11175	phosphoribosylglycinamide formyltransferase 1 [EC:2.1.2.2]	COG0299	PurN	Folate-dependent phosphoribosylglycinamide formyltransferase PurN	HIMB083_01374	-2
AZAL01000001.1	1282275	1283303	-	HIMB083_01373	HIMB083	342	OG0000574	K01933	phosphoribosylformylglycinamidine cyclo-ligase [EC:6.3.3.1]	COG0150	PurM	Phosphoribosylaminoimidazole (AIR) synthetase	HIMB083_01374	-1
AZAL01000001.1	1283315	1284403	+	HIMB083_01374	HIMB083	362	OG0000916	NA	NA	NA	NA	NA	HIMB083_01374	0
AZAL01000001.1	1284390	1285052	+	HIMB083_01375	HIMB083	220	OG0000690	NA	NA	COG0593	DnaA	Chromosomal replication initiation ATPase DnaA	HIMB083_01374	1
AZAL01000001.1	1285053	1286837	+	HIMB083_01376	HIMB083	594	OG0000189	K01876	aspartyl-tRNA synthetase [EC:6.1.1.12]	COG0173	AspS	Aspartyl-tRNA synthetase	HIMB083_01374	2
AZAL01000001.1	1286839	1287663	-	HIMB083_01377	HIMB083	274	OG0000284	NA	NA	NA	NA	NA	HIMB083_01374	3
AZAL01000001.1	1287779	1288138	+	HIMB083_01378	HIMB083	119	OG0000369	NA	NA	COG3761	NDUFA12	NADH:ubiquinone oxidoreductase NDUFA12 subunit (Leigh syndrome)	HIMB083_01374	4
AZAL01000001.1	1288101	1288508	+	HIMB083_01379	HIMB083	135	OG0000472	NA	NA	COG4765	NA	Uncharacterized conserved protein, DUF2155 domain	HIMB083_01374	5
ADAC02000001.1	626780	627133	-	HIMB114_00685	HIMB114	117	OG0000369	NA	NA	COG3761	NDUFA12	NADH:ubiquinone oxidoreductase NDUFA12 subunit (Leigh syndrome)	HIMB114_00690	-5
ADAC02000001.1	627227	628045	+	HIMB114_00686	HIMB114	272	OG0000284	NA	NA	NA	NA	NA	HIMB114_00690	-4
ADAC02000001.1	628042	629829	-	HIMB114_00687	HIMB114	595	OG0000189	K01876	aspartyl-tRNA synthetase [EC:6.1.1.12]	COG0173	AspS	Aspartyl-tRNA synthetase	HIMB114_00690	-3
ADAC02000001.1	629880	630938	+	HIMB114_00688	HIMB114	352	OG0000122	NA	NA	COG0349	Rnd	Ribonuclease D, nanoRNase NrnC or deoxydinuclease (diDNase)	HIMB114_00690	-2
ADAC02000001.1	630922	631578	-	HIMB114_00689	HIMB114	218	OG0000690	NA	NA	COG0593	DnaA	Chromosomal replication initiation ATPase DnaA	HIMB114_00690	-1
ADAC02000001.1	631571	632578	-	HIMB114_00690	HIMB114	335	OG0000916	NA	NA	NA	NA	NA	HIMB114_00690	0
ADAC02000001.1	632603	633637	+	HIMB114_00691	HIMB114	344	OG0000574	K01933	phosphoribosylformylglycinamidine cyclo-ligase [EC:6.3.3.1]	COG0150	PurM	Phosphoribosylaminoimidazole (AIR) synthetase	HIMB114_00690	1
ADAC02000001.1	633618	634184	+	HIMB114_00692	HIMB114	188	OG0000035	K11175	phosphoribosylglycinamide formyltransferase 1 [EC:2.1.2.2]	COG0299	PurN	Folate-dependent phosphoribosylglycinamide formyltransferase PurN	HIMB114_00690	2
ADAC02000001.1	634181	634585	-	HIMB114_00693	HIMB114	134	OG0000480	K00940	nucleoside-diphosphate kinase [EC:2.7.4.6]	COG0105	Ndk	Nucleoside diphosphate kinase	HIMB114_00690	3
ADAC02000001.1	634578	636035	-	HIMB114_00694	HIMB114	485	OG0000405	K01255	leucyl aminopeptidase [EC:3.4.11.1]	COG0260	PepB	Leucyl aminopeptidase	HIMB114_00690	4
ADAC02000001.1	636063	637145	+	HIMB114_00695	HIMB114	360	OG0000932	NA	NA	COG0795	LptF	Lipopolysaccharide export LptBFGC system, permease protein LptF	HIMB114_00690	5
O147DRAFT_scaffold00001.1	1442261	1442662	-	HIMB122_01538	HIMB122	133	OG0000472	NA	NA	COG4765	NA	Uncharacterized conserved protein, DUF2155 domain	HIMB122_01543	-5
O147DRAFT_scaffold00001.1	1442625	1442984	-	HIMB122_01539	HIMB122	119	OG0000369	NA	NA	COG3761	NDUFA12	NADH:ubiquinone oxidoreductase NDUFA12 subunit (Leigh syndrome)	HIMB122_01543	-4
O147DRAFT_scaffold00001.1	1443099	1443914	+	HIMB122_01540	HIMB122	271	OG0000284	NA	NA	NA	NA	NA	HIMB122_01543	-3
O147DRAFT_scaffold00001.1	1443917	1445701	-	HIMB122_01541	HIMB122	594	OG0000189	K01876	aspartyl-tRNA synthetase [EC:6.1.1.12]	COG0173	AspS	Aspartyl-tRNA synthetase	HIMB122_01543	-2
O147DRAFT_scaffold00001.1	1445702	1446364	-	HIMB122_01542	HIMB122	220	OG0000690	NA	NA	COG0593	DnaA	Chromosomal replication initiation ATPase DnaA	HIMB122_01543	-1
O147DRAFT_scaffold00001.1	1446361	1447440	-	HIMB122_01543	HIMB122	359	OG0000916	NA	NA	NA	NA	NA	HIMB122_01543	0
O147DRAFT_scaffold00001.1	1447452	1448483	+	HIMB122_01544	HIMB122	343	OG0000574	K01933	phosphoribosylformylglycinamidine cyclo-ligase [EC:6.3.3.1]	COG0150	PurM	Phosphoribosylaminoimidazole (AIR) synthetase	HIMB122_01543	1
O147DRAFT_scaffold00001.1	1448458	1449039	+	HIMB122_01545	HIMB122	193	OG0000035	K11175	phosphoribosylglycinamide formyltransferase 1 [EC:2.1.2.2]	COG0299	PurN	Folate-dependent phosphoribosylglycinamide formyltransferase PurN	HIMB122_01543	2
O147DRAFT_scaffold00001.1	1449029	1449439	-	HIMB122_01546	HIMB122	136	OG0000480	K00940	nucleoside-diphosphate kinase [EC:2.7.4.6]	COG0105	Ndk	Nucleoside diphosphate kinase	HIMB122_01543	3
O147DRAFT_scaffold00001.1	1449432	1450898	-	HIMB122_01547	HIMB122	488	OG0000405	K01255	leucyl aminopeptidase [EC:3.4.11.1]	COG0260	PepB	Leucyl aminopeptidase	HIMB122_01543	4
O147DRAFT_scaffold00001.1	1450960	1452090	+	HIMB122_01548	HIMB122	376	OG0000932	NA	NA	COG0795	LptF	Lipopolysaccharide export LptBFGC system, permease protein LptF	HIMB122_01543	5
HIMB123-00000000009	7477	7884	-	HIMB123_00541	HIMB123	135	OG0000472	NA	NA	COG4765	NA	Uncharacterized conserved protein, DUF2155 domain	HIMB123_00546	-5
HIMB123-00000000009	7847	8206	-	HIMB123_00542	HIMB123	119	OG0000369	NA	NA	COG3761	NDUFA12	NADH:ubiquinone oxidoreductase NDUFA12 subunit (Leigh syndrome)	HIMB123_00546	-4
HIMB123-00000000009	8321	9145	+	HIMB123_00543	HIMB123	274	OG0000284	NA	NA	NA	NA	NA	HIMB123_00546	-3
HIMB123-00000000009	9147	10931	-	HIMB123_00544	HIMB123	594	OG0000189	K01876	aspartyl-tRNA synthetase [EC:6.1.1.12]	COG0173	AspS	Aspartyl-tRNA synthetase	HIMB123_00546	-2
HIMB123-00000000009	10932	11594	-	HIMB123_00545	HIMB123	220	OG0000690	NA	NA	COG0593	DnaA	Chromosomal replication initiation ATPase DnaA	HIMB123_00546	-1
HIMB123-00000000009	11581	12669	-	HIMB123_00546	HIMB123	362	OG0000916	NA	NA	NA	NA	NA	HIMB123_00546	0
HIMB123-00000000009	12681	13712	+	HIMB123_00547	HIMB123	343	OG0000574	K01933	phosphoribosylformylglycinamidine cyclo-ligase [EC:6.3.3.1]	COG0150	PurM	Phosphoribosylaminoimidazole (AIR) synthetase	HIMB123_00546	1
HIMB123-00000000009	13687	14268	+	HIMB123_00548	HIMB123	193	OG0000035	K11175	phosphoribosylglycinamide formyltransferase 1 [EC:2.1.2.2]	COG0299	PurN	Folate-dependent phosphoribosylglycinamide formyltransferase PurN	HIMB123_00546	2
HIMB123-00000000009	14258	14668	-	HIMB123_00549	HIMB123	136	OG0000480	K00940	nucleoside-diphosphate kinase [EC:2.7.4.6]	COG0105	Ndk	Nucleoside diphosphate kinase	HIMB123_00546	3
HIMB123-00000000009	14661	16115	-	HIMB123_00550	HIMB123	484	OG0000405	K01255	leucyl aminopeptidase [EC:3.4.11.1]	COG0260	PepB	Leucyl aminopeptidase	HIMB123_00546	4
HIMB123-00000000009	16177	17316	+	HIMB123_00551	HIMB123	379	OG0000932	NA	NA	COG0795	LptF	Lipopolysaccharide export LptBFGC system, permease protein LptF	HIMB123_00546	5
LT840186.1	222324	223472	-	HIMB1321_00235	HIMB1321	382	OG0000932	NA	NA	COG0795	LptF	Lipopolysaccharide export LptBFGC system, permease protein LptF	HIMB1321_00240	-5
LT840186.1	223524	224978	+	HIMB1321_00236	HIMB1321	484	OG0000405	K01255	leucyl aminopeptidase [EC:3.4.11.1]	COG0260	PepB	Leucyl aminopeptidase	HIMB1321_00240	-4
LT840186.1	224971	225381	+	HIMB1321_00237	HIMB1321	136	OG0000480	K00940	nucleoside-diphosphate kinase [EC:2.7.4.6]	COG0105	Ndk	Nucleoside diphosphate kinase	HIMB1321_00240	-3
LT840186.1	225371	225955	-	HIMB1321_00238	HIMB1321	194	OG0000035	K11175	phosphoribosylglycinamide formyltransferase 1 [EC:2.1.2.2]	COG0299	PurN	Folate-dependent phosphoribosylglycinamide formyltransferase PurN	HIMB1321_00240	-2
LT840186.1	225933	226961	-	HIMB1321_00239	HIMB1321	342	OG0000574	K01933	phosphoribosylformylglycinamidine cyclo-ligase [EC:6.3.3.1]	COG0150	PurM	Phosphoribosylaminoimidazole (AIR) synthetase	HIMB1321_00240	-1
LT840186.1	226977	228032	+	HIMB1321_00240	HIMB1321	351	OG0000916	NA	NA	NA	NA	NA	HIMB1321_00240	0
LT840186.1	228029	228691	+	HIMB1321_00241	HIMB1321	220	OG0000690	NA	NA	COG0593	DnaA	Chromosomal replication initiation ATPase DnaA	HIMB1321_00240	1
LT840186.1	228692	230479	+	HIMB1321_00242	HIMB1321	595	OG0000189	K01876	aspartyl-tRNA synthetase [EC:6.1.1.12]	COG0173	AspS	Aspartyl-tRNA synthetase	HIMB1321_00240	2
LT840186.1	230480	231301	-	HIMB1321_00243	HIMB1321	273	OG0000284	NA	NA	NA	NA	NA	HIMB1321_00240	3
LT840186.1	231416	231778	+	HIMB1321_00244	HIMB1321	120	OG0000369	NA	NA	COG3761	NDUFA12	NADH:ubiquinone oxidoreductase NDUFA12 subunit (Leigh syndrome)	HIMB1321_00240	4
LT840186.1	231741	232148	+	HIMB1321_00245	HIMB1321	135	OG0000472	NA	NA	COG4765	NA	Uncharacterized conserved protein, DUF2155 domain	HIMB1321_00240	5
HIMB1402-00000000003	208332	208730	-	HIMB1402_00842	HIMB1402	132	OG0000472	NA	NA	COG4765	NA	Uncharacterized conserved protein, DUF2155 domain	HIMB1402_00847	-5
HIMB1402-00000000003	208693	209052	-	HIMB1402_00843	HIMB1402	119	OG0000369	NA	NA	COG3761	NDUFA12	NADH:ubiquinone oxidoreductase NDUFA12 subunit (Leigh syndrome)	HIMB1402_00847	-4
HIMB1402-00000000003	209169	209993	+	HIMB1402_00844	HIMB1402	274	OG0000284	NA	NA	NA	NA	NA	HIMB1402_00847	-3
HIMB1402-00000000003	209995	211773	-	HIMB1402_00845	HIMB1402	592	OG0000189	K01876	aspartyl-tRNA synthetase [EC:6.1.1.12]	COG0173	AspS	Aspartyl-tRNA synthetase	HIMB1402_00847	-2
HIMB1402-00000000003	211774	212448	-	HIMB1402_00846	HIMB1402	224	OG0000690	NA	NA	COG0593	DnaA	Chromosomal replication initiation ATPase DnaA	HIMB1402_00847	-1
HIMB1402-00000000003	212433	213509	-	HIMB1402_00847	HIMB1402	358	OG0000916	NA	NA	NA	NA	NA	HIMB1402_00847	0
HIMB1402-00000000003	213521	214549	+	HIMB1402_00848	HIMB1402	342	OG0000574	K01933	phosphoribosylformylglycinamidine cyclo-ligase [EC:6.3.3.1]	COG0150	PurM	Phosphoribosylaminoimidazole (AIR) synthetase	HIMB1402_00847	1
HIMB1402-00000000003	214527	215111	+	HIMB1402_00849	HIMB1402	194	OG0000035	K11175	phosphoribosylglycinamide formyltransferase 1 [EC:2.1.2.2]	COG0299	PurN	Folate-dependent phosphoribosylglycinamide formyltransferase PurN	HIMB1402_00847	2
HIMB1402-00000000003	215101	215511	-	HIMB1402_00850	HIMB1402	136	OG0000480	K00940	nucleoside-diphosphate kinase [EC:2.7.4.6]	COG0105	Ndk	Nucleoside diphosphate kinase	HIMB1402_00847	3
HIMB1402-00000000003	215504	216973	-	HIMB1402_00851	HIMB1402	489	OG0000405	K01255	leucyl aminopeptidase [EC:3.4.11.1]	COG0260	PepB	Leucyl aminopeptidase	HIMB1402_00847	4
HIMB1402-00000000003	216977	217174	-	HIMB1402_00852	HIMB1402	65	OG0004341	NA	NA	NA	NA	NA	HIMB1402_00847	5
HIMB1409-00000000010	9812	10219	-	HIMB1409_01295	HIMB1409	135	OG0000472	NA	NA	COG4765	NA	Uncharacterized conserved protein, DUF2155 domain	HIMB1409_01300	-5
HIMB1409-00000000010	10182	10541	-	HIMB1409_01296	HIMB1409	119	OG0000369	NA	NA	COG3761	NDUFA12	NADH:ubiquinone oxidoreductase NDUFA12 subunit (Leigh syndrome)	HIMB1409_01300	-4
HIMB1409-00000000010	10656	11480	+	HIMB1409_01297	HIMB1409	274	OG0000284	NA	NA	NA	NA	NA	HIMB1409_01300	-3
HIMB1409-00000000010	11482	13266	-	HIMB1409_01298	HIMB1409	594	OG0000189	K01876	aspartyl-tRNA synthetase [EC:6.1.1.12]	COG0173	AspS	Aspartyl-tRNA synthetase	HIMB1409_01300	-2
HIMB1409-00000000010	13267	13929	-	HIMB1409_01299	HIMB1409	220	OG0000690	NA	NA	COG0593	DnaA	Chromosomal replication initiation ATPase DnaA	HIMB1409_01300	-1
HIMB1409-00000000010	13916	15004	-	HIMB1409_01300	HIMB1409	362	OG0000916	NA	NA	NA	NA	NA	HIMB1409_01300	0
HIMB1409-00000000010	15016	16047	+	HIMB1409_01301	HIMB1409	343	OG0000574	K01933	phosphoribosylformylglycinamidine cyclo-ligase [EC:6.3.3.1]	COG0150	PurM	Phosphoribosylaminoimidazole (AIR) synthetase	HIMB1409_01300	1
HIMB1409-00000000010	16022	16603	+	HIMB1409_01302	HIMB1409	193	OG0000035	K11175	phosphoribosylglycinamide formyltransferase 1 [EC:2.1.2.2]	COG0299	PurN	Folate-dependent phosphoribosylglycinamide formyltransferase PurN	HIMB1409_01300	2
HIMB1409-00000000010	16593	17003	-	HIMB1409_01303	HIMB1409	136	OG0000480	K00940	nucleoside-diphosphate kinase [EC:2.7.4.6]	COG0105	Ndk	Nucleoside diphosphate kinase	HIMB1409_01300	3
HIMB1409-00000000010	16996	18450	-	HIMB1409_01304	HIMB1409	484	OG0000405	K01255	leucyl aminopeptidase [EC:3.4.11.1]	COG0260	PepB	Leucyl aminopeptidase	HIMB1409_01300	4
HIMB1409-00000000010	19075	19260	-	HIMB1409_01305	HIMB1409	61	NA	NA	NA	NA	NA	NA	HIMB1409_01300	5
NZ_LAMZ01000001.1	461534	461935	-	HIMB140_00534	HIMB140	133	OG0000472	NA	NA	COG4765	NA	Uncharacterized conserved protein, DUF2155 domain	HIMB140_00539	-5
NZ_LAMZ01000001.1	461898	462257	-	HIMB140_00535	HIMB140	119	OG0000369	NA	NA	COG3761	NDUFA12	NADH:ubiquinone oxidoreductase NDUFA12 subunit (Leigh syndrome)	HIMB140_00539	-4
NZ_LAMZ01000001.1	462372	463187	+	HIMB140_00536	HIMB140	271	OG0000284	NA	NA	NA	NA	NA	HIMB140_00539	-3
NZ_LAMZ01000001.1	463190	464974	-	HIMB140_00537	HIMB140	594	OG0000189	K01876	aspartyl-tRNA synthetase [EC:6.1.1.12]	COG0173	AspS	Aspartyl-tRNA synthetase	HIMB140_00539	-2
NZ_LAMZ01000001.1	464975	465637	-	HIMB140_00538	HIMB140	220	OG0000690	NA	NA	COG0593	DnaA	Chromosomal replication initiation ATPase DnaA	HIMB140_00539	-1
NZ_LAMZ01000001.1	465634	466713	-	HIMB140_00539	HIMB140	359	OG0000916	NA	NA	NA	NA	NA	HIMB140_00539	0
NZ_LAMZ01000001.1	466725	467756	+	HIMB140_00540	HIMB140	343	OG0000574	K01933	phosphoribosylformylglycinamidine cyclo-ligase [EC:6.3.3.1]	COG0150	PurM	Phosphoribosylaminoimidazole (AIR) synthetase	HIMB140_00539	1
NZ_LAMZ01000001.1	467731	468312	+	HIMB140_00541	HIMB140	193	OG0000035	K11175	phosphoribosylglycinamide formyltransferase 1 [EC:2.1.2.2]	COG0299	PurN	Folate-dependent phosphoribosylglycinamide formyltransferase PurN	HIMB140_00539	2
NZ_LAMZ01000001.1	468302	468712	-	HIMB140_00542	HIMB140	136	OG0000480	K00940	nucleoside-diphosphate kinase [EC:2.7.4.6]	COG0105	Ndk	Nucleoside diphosphate kinase	HIMB140_00539	3
NZ_LAMZ01000001.1	468705	470156	-	HIMB140_00543	HIMB140	483	OG0000405	K01255	leucyl aminopeptidase [EC:3.4.11.1]	COG0260	PepB	Leucyl aminopeptidase	HIMB140_00539	4
NZ_LAMZ01000001.1	470216	471349	+	HIMB140_00544	HIMB140	377	OG0000932	NA	NA	COG0795	LptF	Lipopolysaccharide export LptBFGC system, permease protein LptF	HIMB140_00539	5
HIMB1412-00000000001	590455	591588	-	HIMB1412_00623	HIMB1412	377	OG0000932	NA	NA	COG0795	LptF	Lipopolysaccharide export LptBFGC system, permease protein LptF	HIMB1412_00628	-5
HIMB1412-00000000001	591649	593112	+	HIMB1412_00624	HIMB1412	487	OG0000405	K01255	leucyl aminopeptidase [EC:3.4.11.1]	COG0260	PepB	Leucyl aminopeptidase	HIMB1412_00628	-4
HIMB1412-00000000001	593105	593515	+	HIMB1412_00625	HIMB1412	136	OG0000480	K00940	nucleoside-diphosphate kinase [EC:2.7.4.6]	COG0105	Ndk	Nucleoside diphosphate kinase	HIMB1412_00628	-3
HIMB1412-00000000001	593505	594089	-	HIMB1412_00626	HIMB1412	194	OG0000035	K11175	phosphoribosylglycinamide formyltransferase 1 [EC:2.1.2.2]	COG0299	PurN	Folate-dependent phosphoribosylglycinamide formyltransferase PurN	HIMB1412_00628	-2
HIMB1412-00000000001	594067	595101	-	HIMB1412_00627	HIMB1412	344	OG0000574	K01933	phosphoribosylformylglycinamidine cyclo-ligase [EC:6.3.3.1]	COG0150	PurM	Phosphoribosylaminoimidazole (AIR) synthetase	HIMB1412_00628	-1
HIMB1412-00000000001	595112	596182	+	HIMB1412_00628	HIMB1412	356	OG0000916	NA	NA	NA	NA	NA	HIMB1412_00628	0
HIMB1412-00000000001	596179	596844	+	HIMB1412_00629	HIMB1412	221	OG0000690	NA	NA	COG0593	DnaA	Chromosomal replication initiation ATPase DnaA	HIMB1412_00628	1
HIMB1412-00000000001	596841	598625	+	HIMB1412_00630	HIMB1412	594	OG0000189	K01876	aspartyl-tRNA synthetase [EC:6.1.1.12]	COG0173	AspS	Aspartyl-tRNA synthetase	HIMB1412_00628	2
HIMB1412-00000000001	598626	599450	-	HIMB1412_00631	HIMB1412	274	OG0000284	NA	NA	NA	NA	NA	HIMB1412_00628	3
HIMB1412-00000000001	599560	599919	+	HIMB1412_00632	HIMB1412	119	OG0000369	NA	NA	COG3761	NDUFA12	NADH:ubiquinone oxidoreductase NDUFA12 subunit (Leigh syndrome)	HIMB1412_00628	4
HIMB1412-00000000001	599882	600268	+	HIMB1412_00633	HIMB1412	128	OG0000472	NA	NA	COG4765	NA	Uncharacterized conserved protein, DUF2155 domain	HIMB1412_00628	5
HIMB1413-00000000001	740788	741195	-	HIMB1413_00812	HIMB1413	135	OG0000472	NA	NA	COG4765	NA	Uncharacterized conserved protein, DUF2155 domain	HIMB1413_00817	-5
HIMB1413-00000000001	741158	741517	-	HIMB1413_00813	HIMB1413	119	OG0000369	NA	NA	COG3761	NDUFA12	NADH:ubiquinone oxidoreductase NDUFA12 subunit (Leigh syndrome)	HIMB1413_00817	-4
HIMB1413-00000000001	741632	742456	+	HIMB1413_00814	HIMB1413	274	OG0000284	NA	NA	NA	NA	NA	HIMB1413_00817	-3
HIMB1413-00000000001	742458	744242	-	HIMB1413_00815	HIMB1413	594	OG0000189	K01876	aspartyl-tRNA synthetase [EC:6.1.1.12]	COG0173	AspS	Aspartyl-tRNA synthetase	HIMB1413_00817	-2
HIMB1413-00000000001	744243	744905	-	HIMB1413_00816	HIMB1413	220	OG0000690	NA	NA	COG0593	DnaA	Chromosomal replication initiation ATPase DnaA	HIMB1413_00817	-1
HIMB1413-00000000001	744892	745980	-	HIMB1413_00817	HIMB1413	362	OG0000916	NA	NA	NA	NA	NA	HIMB1413_00817	0
HIMB1413-00000000001	745992	747020	+	HIMB1413_00818	HIMB1413	342	OG0000574	K01933	phosphoribosylformylglycinamidine cyclo-ligase [EC:6.3.3.1]	COG0150	PurM	Phosphoribosylaminoimidazole (AIR) synthetase	HIMB1413_00817	1
HIMB1413-00000000001	746998	747579	+	HIMB1413_00819	HIMB1413	193	OG0000035	K11175	phosphoribosylglycinamide formyltransferase 1 [EC:2.1.2.2]	COG0299	PurN	Folate-dependent phosphoribosylglycinamide formyltransferase PurN	HIMB1413_00817	2
HIMB1413-00000000001	747569	747979	-	HIMB1413_00820	HIMB1413	136	OG0000480	K00940	nucleoside-diphosphate kinase [EC:2.7.4.6]	COG0105	Ndk	Nucleoside diphosphate kinase	HIMB1413_00817	3
HIMB1413-00000000001	747972	749426	-	HIMB1413_00821	HIMB1413	484	OG0000405	K01255	leucyl aminopeptidase [EC:3.4.11.1]	COG0260	PepB	Leucyl aminopeptidase	HIMB1413_00817	4
HIMB1413-00000000001	749488	750630	+	HIMB1413_00822	HIMB1413	380	OG0000932	NA	NA	COG0795	LptF	Lipopolysaccharide export LptBFGC system, permease protein LptF	HIMB1413_00817	5
HIMB1420-00000000001	115818	116204	-	HIMB1420_00103	HIMB1420	128	OG0000472	NA	NA	COG4765	NA	Uncharacterized conserved protein, DUF2155 domain	HIMB1420_00108	-5
HIMB1420-00000000001	116167	116526	-	HIMB1420_00104	HIMB1420	119	OG0000369	NA	NA	COG3761	NDUFA12	NADH:ubiquinone oxidoreductase NDUFA12 subunit (Leigh syndrome)	HIMB1420_00108	-4
HIMB1420-00000000001	116631	117461	+	HIMB1420_00105	HIMB1420	276	OG0000284	NA	NA	NA	NA	NA	HIMB1420_00108	-3
HIMB1420-00000000001	117458	119245	-	HIMB1420_00106	HIMB1420	595	OG0000189	K01876	aspartyl-tRNA synthetase [EC:6.1.1.12]	COG0173	AspS	Aspartyl-tRNA synthetase	HIMB1420_00108	-2
HIMB1420-00000000001	119242	119907	-	HIMB1420_00107	HIMB1420	221	OG0000690	NA	NA	COG0593	DnaA	Chromosomal replication initiation ATPase DnaA	HIMB1420_00108	-1
HIMB1420-00000000001	119904	120968	-	HIMB1420_00108	HIMB1420	354	OG0000916	NA	NA	NA	NA	NA	HIMB1420_00108	0
HIMB1420-00000000001	120979	122013	+	HIMB1420_00109	HIMB1420	344	OG0000574	K01933	phosphoribosylformylglycinamidine cyclo-ligase [EC:6.3.3.1]	COG0150	PurM	Phosphoribosylaminoimidazole (AIR) synthetase	HIMB1420_00108	1
HIMB1420-00000000001	121991	122575	+	HIMB1420_00110	HIMB1420	194	OG0000035	K11175	phosphoribosylglycinamide formyltransferase 1 [EC:2.1.2.2]	COG0299	PurN	Folate-dependent phosphoribosylglycinamide formyltransferase PurN	HIMB1420_00108	2
HIMB1420-00000000001	122565	122975	-	HIMB1420_00111	HIMB1420	136	OG0000480	K00940	nucleoside-diphosphate kinase [EC:2.7.4.6]	COG0105	Ndk	Nucleoside diphosphate kinase	HIMB1420_00108	3
HIMB1420-00000000001	122968	124431	-	HIMB1420_00112	HIMB1420	487	OG0000405	K01255	leucyl aminopeptidase [EC:3.4.11.1]	COG0260	PepB	Leucyl aminopeptidase	HIMB1420_00108	4
HIMB1420-00000000001	124489	125628	+	HIMB1420_00113	HIMB1420	379	OG0000932	NA	NA	COG0795	LptF	Lipopolysaccharide export LptBFGC system, permease protein LptF	HIMB1420_00108	5
HIMB1427-00000000014	9337	9723	-	HIMB1427_01296	HIMB1427	128	OG0000472	NA	NA	COG4765	NA	Uncharacterized conserved protein, DUF2155 domain	HIMB1427_01301	-5
HIMB1427-00000000014	9686	10045	-	HIMB1427_01297	HIMB1427	119	OG0000369	NA	NA	COG3761	NDUFA12	NADH:ubiquinone oxidoreductase NDUFA12 subunit (Leigh syndrome)	HIMB1427_01301	-4
HIMB1427-00000000014	10154	10978	+	HIMB1427_01298	HIMB1427	274	OG0000284	NA	NA	NA	NA	NA	HIMB1427_01301	-3
HIMB1427-00000000014	10979	12763	-	HIMB1427_01299	HIMB1427	594	OG0000189	K01876	aspartyl-tRNA synthetase [EC:6.1.1.12]	COG0173	AspS	Aspartyl-tRNA synthetase	HIMB1427_01301	-2
HIMB1427-00000000014	12760	13425	-	HIMB1427_01300	HIMB1427	221	OG0000690	NA	NA	COG0593	DnaA	Chromosomal replication initiation ATPase DnaA	HIMB1427_01301	-1
HIMB1427-00000000014	13422	14492	-	HIMB1427_01301	HIMB1427	356	OG0000916	NA	NA	NA	NA	NA	HIMB1427_01301	0
HIMB1427-00000000014	14503	15537	+	HIMB1427_01302	HIMB1427	344	OG0000574	K01933	phosphoribosylformylglycinamidine cyclo-ligase [EC:6.3.3.1]	COG0150	PurM	Phosphoribosylaminoimidazole (AIR) synthetase	HIMB1427_01301	1
HIMB1427-00000000014	15515	16099	+	HIMB1427_01303	HIMB1427	194	OG0000035	K11175	phosphoribosylglycinamide formyltransferase 1 [EC:2.1.2.2]	COG0299	PurN	Folate-dependent phosphoribosylglycinamide formyltransferase PurN	HIMB1427_01301	2
HIMB1427-00000000014	16089	16499	-	HIMB1427_01304	HIMB1427	136	OG0000480	K00940	nucleoside-diphosphate kinase [EC:2.7.4.6]	COG0105	Ndk	Nucleoside diphosphate kinase	HIMB1427_01301	3
HIMB1427-00000000014	16492	17955	-	HIMB1427_01305	HIMB1427	487	OG0000405	K01255	leucyl aminopeptidase [EC:3.4.11.1]	COG0260	PepB	Leucyl aminopeptidase	HIMB1427_01301	4
HIMB1427-00000000014	17969	19144	+	HIMB1427_01306	HIMB1427	391	OG0000932	NA	NA	COG0795	LptF	Lipopolysaccharide export LptBFGC system, permease protein LptF	HIMB1427_01301	5
HIMB1430-00000000001	1369	2496	-	HIMB1430_00002	HIMB1430	375	OG0000932	NA	NA	COG0795	LptF	Lipopolysaccharide export LptBFGC system, permease protein LptF	HIMB1430_00007	-5
HIMB1430-00000000001	2558	4012	+	HIMB1430_00003	HIMB1430	484	OG0000405	K01255	leucyl aminopeptidase [EC:3.4.11.1]	COG0260	PepB	Leucyl aminopeptidase	HIMB1430_00007	-4
HIMB1430-00000000001	4005	4415	+	HIMB1430_00004	HIMB1430	136	OG0000480	K00940	nucleoside-diphosphate kinase [EC:2.7.4.6]	COG0105	Ndk	Nucleoside diphosphate kinase	HIMB1430_00007	-3
HIMB1430-00000000001	4405	4986	-	HIMB1430_00005	HIMB1430	193	OG0000035	K11175	phosphoribosylglycinamide formyltransferase 1 [EC:2.1.2.2]	COG0299	PurN	Folate-dependent phosphoribosylglycinamide formyltransferase PurN	HIMB1430_00007	-2
HIMB1430-00000000001	4961	5992	-	HIMB1430_00006	HIMB1430	343	OG0000574	K01933	phosphoribosylformylglycinamidine cyclo-ligase [EC:6.3.3.1]	COG0150	PurM	Phosphoribosylaminoimidazole (AIR) synthetase	HIMB1430_00007	-1
HIMB1430-00000000001	6004	7083	+	HIMB1430_00007	HIMB1430	359	OG0000916	NA	NA	NA	NA	NA	HIMB1430_00007	0
HIMB1430-00000000001	7080	7742	+	HIMB1430_00008	HIMB1430	220	OG0000690	NA	NA	COG0593	DnaA	Chromosomal replication initiation ATPase DnaA	HIMB1430_00007	1
HIMB1430-00000000001	7743	9527	+	HIMB1430_00009	HIMB1430	594	OG0000189	K01876	aspartyl-tRNA synthetase [EC:6.1.1.12]	COG0173	AspS	Aspartyl-tRNA synthetase	HIMB1430_00007	2
HIMB1430-00000000001	9530	10345	-	HIMB1430_00010	HIMB1430	271	OG0000284	NA	NA	NA	NA	NA	HIMB1430_00007	3
HIMB1430-00000000001	10460	10819	+	HIMB1430_00011	HIMB1430	119	OG0000369	NA	NA	COG3761	NDUFA12	NADH:ubiquinone oxidoreductase NDUFA12 subunit (Leigh syndrome)	HIMB1430_00007	4
HIMB1430-00000000001	10785	11183	+	HIMB1430_00012	HIMB1430	132	OG0000472	NA	NA	COG4765	NA	Uncharacterized conserved protein, DUF2155 domain	HIMB1430_00007	5
HIMB1436-00000000001	590651	591775	-	HIMB1436_00622	HIMB1436	374	OG0000932	NA	NA	COG0795	LptF	Lipopolysaccharide export LptBFGC system, permease protein LptF	HIMB1436_00627	-5
HIMB1436-00000000001	591835	593289	+	HIMB1436_00623	HIMB1436	484	OG0000405	K01255	leucyl aminopeptidase [EC:3.4.11.1]	COG0260	PepB	Leucyl aminopeptidase	HIMB1436_00627	-4
HIMB1436-00000000001	593282	593692	+	HIMB1436_00624	HIMB1436	136	OG0000480	K00940	nucleoside-diphosphate kinase [EC:2.7.4.6]	COG0105	Ndk	Nucleoside diphosphate kinase	HIMB1436_00627	-3
HIMB1436-00000000001	593682	594263	-	HIMB1436_00625	HIMB1436	193	OG0000035	K11175	phosphoribosylglycinamide formyltransferase 1 [EC:2.1.2.2]	COG0299	PurN	Folate-dependent phosphoribosylglycinamide formyltransferase PurN	HIMB1436_00627	-2
HIMB1436-00000000001	594241	595269	-	HIMB1436_00626	HIMB1436	342	OG0000574	K01933	phosphoribosylformylglycinamidine cyclo-ligase [EC:6.3.3.1]	COG0150	PurM	Phosphoribosylaminoimidazole (AIR) synthetase	HIMB1436_00627	-1
HIMB1436-00000000001	595292	596353	+	HIMB1436_00627	HIMB1436	353	OG0000916	NA	NA	NA	NA	NA	HIMB1436_00627	0
HIMB1436-00000000001	596350	597012	+	HIMB1436_00628	HIMB1436	220	OG0000690	NA	NA	COG0593	DnaA	Chromosomal replication initiation ATPase DnaA	HIMB1436_00627	1
HIMB1436-00000000001	597013	598797	+	HIMB1436_00629	HIMB1436	594	OG0000189	K01876	aspartyl-tRNA synthetase [EC:6.1.1.12]	COG0173	AspS	Aspartyl-tRNA synthetase	HIMB1436_00627	2
HIMB1436-00000000001	598798	599622	-	HIMB1436_00630	HIMB1436	274	OG0000284	NA	NA	NA	NA	NA	HIMB1436_00627	3
HIMB1436-00000000001	599735	600094	+	HIMB1436_00631	HIMB1436	119	OG0000369	NA	NA	COG3761	NDUFA12	NADH:ubiquinone oxidoreductase NDUFA12 subunit (Leigh syndrome)	HIMB1436_00627	4
HIMB1436-00000000001	600060	600464	+	HIMB1436_00632	HIMB1436	134	OG0000472	NA	NA	COG4765	NA	Uncharacterized conserved protein, DUF2155 domain	HIMB1436_00627	5
HIMB1437-00000000001	293845	294243	-	HIMB1437_00341	HIMB1437	132	OG0000472	NA	NA	COG4765	NA	Uncharacterized conserved protein, DUF2155 domain	HIMB1437_00346	-5
HIMB1437-00000000001	294206	294565	-	HIMB1437_00342	HIMB1437	119	OG0000369	NA	NA	COG3761	NDUFA12	NADH:ubiquinone oxidoreductase NDUFA12 subunit (Leigh syndrome)	HIMB1437_00346	-4
HIMB1437-00000000001	294685	295509	+	HIMB1437_00343	HIMB1437	274	OG0000284	NA	NA	NA	NA	NA	HIMB1437_00346	-3
HIMB1437-00000000001	295511	297289	-	HIMB1437_00344	HIMB1437	592	OG0000189	K01876	aspartyl-tRNA synthetase [EC:6.1.1.12]	COG0173	AspS	Aspartyl-tRNA synthetase	HIMB1437_00346	-2
HIMB1437-00000000001	297290	297964	-	HIMB1437_00345	HIMB1437	224	OG0000690	NA	NA	COG0593	DnaA	Chromosomal replication initiation ATPase DnaA	HIMB1437_00346	-1
HIMB1437-00000000001	297949	299025	-	HIMB1437_00346	HIMB1437	358	OG0000916	NA	NA	NA	NA	NA	HIMB1437_00346	0
HIMB1437-00000000001	299037	300065	+	HIMB1437_00347	HIMB1437	342	OG0000574	K01933	phosphoribosylformylglycinamidine cyclo-ligase [EC:6.3.3.1]	COG0150	PurM	Phosphoribosylaminoimidazole (AIR) synthetase	HIMB1437_00346	1
HIMB1437-00000000001	300043	300627	+	HIMB1437_00348	HIMB1437	194	OG0000035	K11175	phosphoribosylglycinamide formyltransferase 1 [EC:2.1.2.2]	COG0299	PurN	Folate-dependent phosphoribosylglycinamide formyltransferase PurN	HIMB1437_00346	2
HIMB1437-00000000001	300617	301027	-	HIMB1437_00349	HIMB1437	136	OG0000480	K00940	nucleoside-diphosphate kinase [EC:2.7.4.6]	COG0105	Ndk	Nucleoside diphosphate kinase	HIMB1437_00346	3
HIMB1437-00000000001	301020	302489	-	HIMB1437_00350	HIMB1437	489	OG0000405	K01255	leucyl aminopeptidase [EC:3.4.11.1]	COG0260	PepB	Leucyl aminopeptidase	HIMB1437_00346	4
HIMB1437-00000000001	302572	303702	+	HIMB1437_00351	HIMB1437	376	OG0000932	NA	NA	COG0795	LptF	Lipopolysaccharide export LptBFGC system, permease protein LptF	HIMB1437_00346	5
HIMB1444-00000000005	9882	10289	-	HIMB1444_01386	HIMB1444	135	OG0000472	NA	NA	COG4765	NA	Uncharacterized conserved protein, DUF2155 domain	HIMB1444_01391	-5
HIMB1444-00000000005	10252	10611	-	HIMB1444_01387	HIMB1444	119	OG0000369	NA	NA	COG3761	NDUFA12	NADH:ubiquinone oxidoreductase NDUFA12 subunit (Leigh syndrome)	HIMB1444_01391	-4
HIMB1444-00000000005	10726	11550	+	HIMB1444_01388	HIMB1444	274	OG0000284	NA	NA	NA	NA	NA	HIMB1444_01391	-3
HIMB1444-00000000005	11552	13336	-	HIMB1444_01389	HIMB1444	594	OG0000189	K01876	aspartyl-tRNA synthetase [EC:6.1.1.12]	COG0173	AspS	Aspartyl-tRNA synthetase	HIMB1444_01391	-2
HIMB1444-00000000005	13337	13999	-	HIMB1444_01390	HIMB1444	220	OG0000690	NA	NA	COG0593	DnaA	Chromosomal replication initiation ATPase DnaA	HIMB1444_01391	-1
HIMB1444-00000000005	13986	15074	-	HIMB1444_01391	HIMB1444	362	OG0000916	NA	NA	NA	NA	NA	HIMB1444_01391	0
HIMB1444-00000000005	15086	16117	+	HIMB1444_01392	HIMB1444	343	OG0000574	K01933	phosphoribosylformylglycinamidine cyclo-ligase [EC:6.3.3.1]	COG0150	PurM	Phosphoribosylaminoimidazole (AIR) synthetase	HIMB1444_01391	1
HIMB1444-00000000005	16092	16673	+	HIMB1444_01393	HIMB1444	193	OG0000035	K11175	phosphoribosylglycinamide formyltransferase 1 [EC:2.1.2.2]	COG0299	PurN	Folate-dependent phosphoribosylglycinamide formyltransferase PurN	HIMB1444_01391	2
HIMB1444-00000000005	16663	17073	-	HIMB1444_01394	HIMB1444	136	OG0000480	K00940	nucleoside-diphosphate kinase [EC:2.7.4.6]	COG0105	Ndk	Nucleoside diphosphate kinase	HIMB1444_01391	3
HIMB1444-00000000005	17066	18520	-	HIMB1444_01395	HIMB1444	484	OG0000405	K01255	leucyl aminopeptidase [EC:3.4.11.1]	COG0260	PepB	Leucyl aminopeptidase	HIMB1444_01391	4
HIMB1444-00000000005	18583	19722	+	HIMB1444_01396	HIMB1444	379	OG0000932	NA	NA	COG0795	LptF	Lipopolysaccharide export LptBFGC system, permease protein LptF	HIMB1444_01391	5
HIMB1456-00000000017	1349	2458	-	HIMB1456_01246	HIMB1456	369	OG0000932	NA	NA	COG0795	LptF	Lipopolysaccharide export LptBFGC system, permease protein LptF	HIMB1456_01251	-5
HIMB1456-00000000017	2519	3973	+	HIMB1456_01247	HIMB1456	484	OG0000405	K01255	leucyl aminopeptidase [EC:3.4.11.1]	COG0260	PepB	Leucyl aminopeptidase	HIMB1456_01251	-4
HIMB1456-00000000017	3966	4376	+	HIMB1456_01248	HIMB1456	136	OG0000480	K00940	nucleoside-diphosphate kinase [EC:2.7.4.6]	COG0105	Ndk	Nucleoside diphosphate kinase	HIMB1456_01251	-3
HIMB1456-00000000017	4366	4947	-	HIMB1456_01249	HIMB1456	193	OG0000035	K11175	phosphoribosylglycinamide formyltransferase 1 [EC:2.1.2.2]	COG0299	PurN	Folate-dependent phosphoribosylglycinamide formyltransferase PurN	HIMB1456_01251	-2
HIMB1456-00000000017	4922	5953	-	HIMB1456_01250	HIMB1456	343	OG0000574	K01933	phosphoribosylformylglycinamidine cyclo-ligase [EC:6.3.3.1]	COG0150	PurM	Phosphoribosylaminoimidazole (AIR) synthetase	HIMB1456_01251	-1
HIMB1456-00000000017	5965	7053	+	HIMB1456_01251	HIMB1456	362	OG0000916	NA	NA	NA	NA	NA	HIMB1456_01251	0
HIMB1456-00000000017	7040	7702	+	HIMB1456_01252	HIMB1456	220	OG0000690	NA	NA	COG0593	DnaA	Chromosomal replication initiation ATPase DnaA	HIMB1456_01251	1
HIMB1456-00000000017	7703	9487	+	HIMB1456_01253	HIMB1456	594	OG0000189	K01876	aspartyl-tRNA synthetase [EC:6.1.1.12]	COG0173	AspS	Aspartyl-tRNA synthetase	HIMB1456_01251	2
HIMB1456-00000000017	9489	10313	-	HIMB1456_01254	HIMB1456	274	OG0000284	NA	NA	NA	NA	NA	HIMB1456_01251	3
HIMB1456-00000000017	10428	10787	+	HIMB1456_01255	HIMB1456	119	OG0000369	NA	NA	COG3761	NDUFA12	NADH:ubiquinone oxidoreductase NDUFA12 subunit (Leigh syndrome)	HIMB1456_01251	4
HIMB1456-00000000017	10750	11157	+	HIMB1456_01256	HIMB1456	135	OG0000472	NA	NA	COG4765	NA	Uncharacterized conserved protein, DUF2155 domain	HIMB1456_01251	5
HIMB1483-00000000002	466250	467377	-	HIMB1483_00620	HIMB1483	375	OG0000932	NA	NA	COG0795	LptF	Lipopolysaccharide export LptBFGC system, permease protein LptF	HIMB1483_00625	-5
HIMB1483-00000000002	467461	468930	+	HIMB1483_00621	HIMB1483	489	OG0000405	K01255	leucyl aminopeptidase [EC:3.4.11.1]	COG0260	PepB	Leucyl aminopeptidase	HIMB1483_00625	-4
HIMB1483-00000000002	468923	469333	+	HIMB1483_00622	HIMB1483	136	OG0000480	K00940	nucleoside-diphosphate kinase [EC:2.7.4.6]	COG0105	Ndk	Nucleoside diphosphate kinase	HIMB1483_00625	-3
HIMB1483-00000000002	469323	469946	-	HIMB1483_00623	HIMB1483	207	OG0000035	K11175	phosphoribosylglycinamide formyltransferase 1 [EC:2.1.2.2]	COG0299	PurN	Folate-dependent phosphoribosylglycinamide formyltransferase PurN	HIMB1483_00625	-2
HIMB1483-00000000002	469885	470913	-	HIMB1483_00624	HIMB1483	342	OG0000574	K01933	phosphoribosylformylglycinamidine cyclo-ligase [EC:6.3.3.1]	COG0150	PurM	Phosphoribosylaminoimidazole (AIR) synthetase	HIMB1483_00625	-1
HIMB1483-00000000002	470925	472001	+	HIMB1483_00625	HIMB1483	358	OG0000916	NA	NA	NA	NA	NA	HIMB1483_00625	0
HIMB1483-00000000002	471986	472660	+	HIMB1483_00626	HIMB1483	224	OG0000690	NA	NA	COG0593	DnaA	Chromosomal replication initiation ATPase DnaA	HIMB1483_00625	1
HIMB1483-00000000002	472661	474445	+	HIMB1483_00627	HIMB1483	594	OG0000189	K01876	aspartyl-tRNA synthetase [EC:6.1.1.12]	COG0173	AspS	Aspartyl-tRNA synthetase	HIMB1483_00625	2
HIMB1483-00000000002	474447	475271	-	HIMB1483_00628	HIMB1483	274	OG0000284	NA	NA	NA	NA	NA	HIMB1483_00625	3
HIMB1483-00000000002	475389	475748	+	HIMB1483_00629	HIMB1483	119	OG0000369	NA	NA	COG3761	NDUFA12	NADH:ubiquinone oxidoreductase NDUFA12 subunit (Leigh syndrome)	HIMB1483_00625	4
HIMB1483-00000000002	475711	476112	+	HIMB1483_00630	HIMB1483	133	OG0000472	NA	NA	COG4765	NA	Uncharacterized conserved protein, DUF2155 domain	HIMB1483_00625	5
HIMB1485-00000000002	663525	664673	-	HIMB1485_01179	HIMB1485	382	OG0000932	NA	NA	COG0795	LptF	Lipopolysaccharide export LptBFGC system, permease protein LptF	HIMB1485_01184	-5
HIMB1485-00000000002	664735	666189	+	HIMB1485_01180	HIMB1485	484	OG0000405	K01255	leucyl aminopeptidase [EC:3.4.11.1]	COG0260	PepB	Leucyl aminopeptidase	HIMB1485_01184	-4
HIMB1485-00000000002	666182	666592	+	HIMB1485_01181	HIMB1485	136	OG0000480	K00940	nucleoside-diphosphate kinase [EC:2.7.4.6]	COG0105	Ndk	Nucleoside diphosphate kinase	HIMB1485_01184	-3
HIMB1485-00000000002	666582	667163	-	HIMB1485_01182	HIMB1485	193	OG0000035	K11175	phosphoribosylglycinamide formyltransferase 1 [EC:2.1.2.2]	COG0299	PurN	Folate-dependent phosphoribosylglycinamide formyltransferase PurN	HIMB1485_01184	-2
HIMB1485-00000000002	667138	668169	-	HIMB1485_01183	HIMB1485	343	OG0000574	K01933	phosphoribosylformylglycinamidine cyclo-ligase [EC:6.3.3.1]	COG0150	PurM	Phosphoribosylaminoimidazole (AIR) synthetase	HIMB1485_01184	-1
HIMB1485-00000000002	668181	669260	+	HIMB1485_01184	HIMB1485	359	OG0000916	NA	NA	NA	NA	NA	HIMB1485_01184	0
HIMB1485-00000000002	669257	669919	+	HIMB1485_01185	HIMB1485	220	OG0000690	NA	NA	COG0593	DnaA	Chromosomal replication initiation ATPase DnaA	HIMB1485_01184	1
HIMB1485-00000000002	669920	671704	+	HIMB1485_01186	HIMB1485	594	OG0000189	K01876	aspartyl-tRNA synthetase [EC:6.1.1.12]	COG0173	AspS	Aspartyl-tRNA synthetase	HIMB1485_01184	2
HIMB1485-00000000002	671707	672522	-	HIMB1485_01187	HIMB1485	271	OG0000284	NA	NA	NA	NA	NA	HIMB1485_01184	3
HIMB1485-00000000002	672637	672996	+	HIMB1485_01188	HIMB1485	119	OG0000369	NA	NA	COG3761	NDUFA12	NADH:ubiquinone oxidoreductase NDUFA12 subunit (Leigh syndrome)	HIMB1485_01184	4
HIMB1485-00000000002	672959	673360	+	HIMB1485_01189	HIMB1485	133	OG0000472	NA	NA	COG4765	NA	Uncharacterized conserved protein, DUF2155 domain	HIMB1485_01184	5
HIMB1488-00000000001	463563	464693	-	HIMB1488_00487	HIMB1488	376	OG0000932	NA	NA	COG0795	LptF	Lipopolysaccharide export LptBFGC system, permease protein LptF	HIMB1488_00492	-5
HIMB1488-00000000001	464754	466208	+	HIMB1488_00488	HIMB1488	484	OG0000405	K01255	leucyl aminopeptidase [EC:3.4.11.1]	COG0260	PepB	Leucyl aminopeptidase	HIMB1488_00492	-4
HIMB1488-00000000001	466201	466611	+	HIMB1488_00489	HIMB1488	136	OG0000480	K00940	nucleoside-diphosphate kinase [EC:2.7.4.6]	COG0105	Ndk	Nucleoside diphosphate kinase	HIMB1488_00492	-3
HIMB1488-00000000001	466601	467182	-	HIMB1488_00490	HIMB1488	193	OG0000035	K11175	phosphoribosylglycinamide formyltransferase 1 [EC:2.1.2.2]	COG0299	PurN	Folate-dependent phosphoribosylglycinamide formyltransferase PurN	HIMB1488_00492	-2
HIMB1488-00000000001	467157	468188	-	HIMB1488_00491	HIMB1488	343	OG0000574	K01933	phosphoribosylformylglycinamidine cyclo-ligase [EC:6.3.3.1]	COG0150	PurM	Phosphoribosylaminoimidazole (AIR) synthetase	HIMB1488_00492	-1
HIMB1488-00000000001	468200	469279	+	HIMB1488_00492	HIMB1488	359	OG0000916	NA	NA	NA	NA	NA	HIMB1488_00492	0
HIMB1488-00000000001	469276	469938	+	HIMB1488_00493	HIMB1488	220	OG0000690	NA	NA	COG0593	DnaA	Chromosomal replication initiation ATPase DnaA	HIMB1488_00492	1
HIMB1488-00000000001	469939	471723	+	HIMB1488_00494	HIMB1488	594	OG0000189	K01876	aspartyl-tRNA synthetase [EC:6.1.1.12]	COG0173	AspS	Aspartyl-tRNA synthetase	HIMB1488_00492	2
HIMB1488-00000000001	471726	472541	-	HIMB1488_00495	HIMB1488	271	OG0000284	NA	NA	NA	NA	NA	HIMB1488_00492	3
HIMB1488-00000000001	472655	473014	+	HIMB1488_00496	HIMB1488	119	OG0000369	NA	NA	COG3761	NDUFA12	NADH:ubiquinone oxidoreductase NDUFA12 subunit (Leigh syndrome)	HIMB1488_00492	4
HIMB1488-00000000001	472977	473378	+	HIMB1488_00497	HIMB1488	133	OG0000472	NA	NA	COG4765	NA	Uncharacterized conserved protein, DUF2155 domain	HIMB1488_00492	5
HIMB1490-00000000006	9302	9703	-	HIMB1490_00459	HIMB1490	133	OG0000472	NA	NA	COG4765	NA	Uncharacterized conserved protein, DUF2155 domain	HIMB1490_00464	-5
HIMB1490-00000000006	9666	10025	-	HIMB1490_00460	HIMB1490	119	OG0000369	NA	NA	COG3761	NDUFA12	NADH:ubiquinone oxidoreductase NDUFA12 subunit (Leigh syndrome)	HIMB1490_00464	-4
HIMB1490-00000000006	10140	10955	+	HIMB1490_00461	HIMB1490	271	OG0000284	NA	NA	NA	NA	NA	HIMB1490_00464	-3
HIMB1490-00000000006	10958	12742	-	HIMB1490_00462	HIMB1490	594	OG0000189	K01876	aspartyl-tRNA synthetase [EC:6.1.1.12]	COG0173	AspS	Aspartyl-tRNA synthetase	HIMB1490_00464	-2
HIMB1490-00000000006	12743	13405	-	HIMB1490_00463	HIMB1490	220	OG0000690	NA	NA	COG0593	DnaA	Chromosomal replication initiation ATPase DnaA	HIMB1490_00464	-1
HIMB1490-00000000006	13402	13827	-	HIMB1490_00464	HIMB1490	141	OG0000916	NA	NA	NA	NA	NA	HIMB1490_00464	0
HIMB1491-00000000001	1456562	1456963	-	HIMB1491_01536	HIMB1491	133	OG0000472	NA	NA	COG4765	NA	Uncharacterized conserved protein, DUF2155 domain	HIMB1491_01541	-5
HIMB1491-00000000001	1456926	1457285	-	HIMB1491_01537	HIMB1491	119	OG0000369	NA	NA	COG3761	NDUFA12	NADH:ubiquinone oxidoreductase NDUFA12 subunit (Leigh syndrome)	HIMB1491_01541	-4
HIMB1491-00000000001	1457400	1458215	+	HIMB1491_01538	HIMB1491	271	OG0000284	NA	NA	NA	NA	NA	HIMB1491_01541	-3
HIMB1491-00000000001	1458218	1460002	-	HIMB1491_01539	HIMB1491	594	OG0000189	K01876	aspartyl-tRNA synthetase [EC:6.1.1.12]	COG0173	AspS	Aspartyl-tRNA synthetase	HIMB1491_01541	-2
HIMB1491-00000000001	1460003	1460665	-	HIMB1491_01540	HIMB1491	220	OG0000690	NA	NA	COG0593	DnaA	Chromosomal replication initiation ATPase DnaA	HIMB1491_01541	-1
HIMB1491-00000000001	1460662	1461741	-	HIMB1491_01541	HIMB1491	359	OG0000916	NA	NA	NA	NA	NA	HIMB1491_01541	0
HIMB1491-00000000001	1461753	1462784	+	HIMB1491_01542	HIMB1491	343	OG0000574	K01933	phosphoribosylformylglycinamidine cyclo-ligase [EC:6.3.3.1]	COG0150	PurM	Phosphoribosylaminoimidazole (AIR) synthetase	HIMB1491_01541	1
HIMB1491-00000000001	1462759	1463340	+	HIMB1491_01543	HIMB1491	193	OG0000035	K11175	phosphoribosylglycinamide formyltransferase 1 [EC:2.1.2.2]	COG0299	PurN	Folate-dependent phosphoribosylglycinamide formyltransferase PurN	HIMB1491_01541	2
HIMB1491-00000000001	1463330	1463740	-	HIMB1491_01544	HIMB1491	136	OG0000480	K00940	nucleoside-diphosphate kinase [EC:2.7.4.6]	COG0105	Ndk	Nucleoside diphosphate kinase	HIMB1491_01541	3
HIMB1491-00000000001	1463733	1465187	-	HIMB1491_01545	HIMB1491	484	OG0000405	K01255	leucyl aminopeptidase [EC:3.4.11.1]	COG0260	PepB	Leucyl aminopeptidase	HIMB1491_01541	4
HIMB1491-00000000001	1465249	1466394	+	HIMB1491_01546	HIMB1491	381	OG0000932	NA	NA	COG0795	LptF	Lipopolysaccharide export LptBFGC system, permease protein LptF	HIMB1491_01541	5
HIMB1492-00000000047	108	509	-	HIMB1492_00667	HIMB1492	133	OG0000472	NA	NA	COG4765	NA	Uncharacterized conserved protein, DUF2155 domain	HIMB1492_00672	-5
HIMB1492-00000000047	472	831	-	HIMB1492_00668	HIMB1492	119	OG0000369	NA	NA	COG3761	NDUFA12	NADH:ubiquinone oxidoreductase NDUFA12 subunit (Leigh syndrome)	HIMB1492_00672	-4
HIMB1492-00000000047	946	1761	+	HIMB1492_00669	HIMB1492	271	OG0000284	NA	NA	NA	NA	NA	HIMB1492_00672	-3
HIMB1492-00000000047	1764	3548	-	HIMB1492_00670	HIMB1492	594	OG0000189	K01876	aspartyl-tRNA synthetase [EC:6.1.1.12]	COG0173	AspS	Aspartyl-tRNA synthetase	HIMB1492_00672	-2
HIMB1492-00000000047	3549	4211	-	HIMB1492_00671	HIMB1492	220	OG0000690	NA	NA	COG0593	DnaA	Chromosomal replication initiation ATPase DnaA	HIMB1492_00672	-1
HIMB1492-00000000047	4208	5287	-	HIMB1492_00672	HIMB1492	359	OG0000916	NA	NA	NA	NA	NA	HIMB1492_00672	0
HIMB1492-00000000047	5299	6330	+	HIMB1492_00673	HIMB1492	343	OG0000574	K01933	phosphoribosylformylglycinamidine cyclo-ligase [EC:6.3.3.1]	COG0150	PurM	Phosphoribosylaminoimidazole (AIR) synthetase	HIMB1492_00672	1
HIMB1492-00000000047	6305	6886	+	HIMB1492_00674	HIMB1492	193	OG0000035	K11175	phosphoribosylglycinamide formyltransferase 1 [EC:2.1.2.2]	COG0299	PurN	Folate-dependent phosphoribosylglycinamide formyltransferase PurN	HIMB1492_00672	2
HIMB1492-00000000047	6876	7097	-	HIMB1492_00675	HIMB1492	73	OG0000480	NA	NA	COG0105	Ndk	Nucleoside diphosphate kinase	HIMB1492_00672	3
HIMB1493-00000000001	734835	735236	-	HIMB1493_00799	HIMB1493	133	OG0000472	NA	NA	COG4765	NA	Uncharacterized conserved protein, DUF2155 domain	HIMB1493_00804	-5
HIMB1493-00000000001	735199	735558	-	HIMB1493_00800	HIMB1493	119	OG0000369	NA	NA	COG3761	NDUFA12	NADH:ubiquinone oxidoreductase NDUFA12 subunit (Leigh syndrome)	HIMB1493_00804	-4
HIMB1493-00000000001	735673	736488	+	HIMB1493_00801	HIMB1493	271	OG0000284	NA	NA	NA	NA	NA	HIMB1493_00804	-3
HIMB1493-00000000001	736491	738275	-	HIMB1493_00802	HIMB1493	594	OG0000189	K01876	aspartyl-tRNA synthetase [EC:6.1.1.12]	COG0173	AspS	Aspartyl-tRNA synthetase	HIMB1493_00804	-2
HIMB1493-00000000001	738276	738938	-	HIMB1493_00803	HIMB1493	220	OG0000690	NA	NA	COG0593	DnaA	Chromosomal replication initiation ATPase DnaA	HIMB1493_00804	-1
HIMB1493-00000000001	738935	740014	-	HIMB1493_00804	HIMB1493	359	OG0000916	NA	NA	NA	NA	NA	HIMB1493_00804	0
HIMB1493-00000000001	740026	741057	+	HIMB1493_00805	HIMB1493	343	OG0000574	K01933	phosphoribosylformylglycinamidine cyclo-ligase [EC:6.3.3.1]	COG0150	PurM	Phosphoribosylaminoimidazole (AIR) synthetase	HIMB1493_00804	1
HIMB1493-00000000001	741032	741613	+	HIMB1493_00806	HIMB1493	193	OG0000035	K11175	phosphoribosylglycinamide formyltransferase 1 [EC:2.1.2.2]	COG0299	PurN	Folate-dependent phosphoribosylglycinamide formyltransferase PurN	HIMB1493_00804	2
HIMB1493-00000000001	741603	742013	-	HIMB1493_00807	HIMB1493	136	OG0000480	K00940	nucleoside-diphosphate kinase [EC:2.7.4.6]	COG0105	Ndk	Nucleoside diphosphate kinase	HIMB1493_00804	3
HIMB1493-00000000001	742006	743460	-	HIMB1493_00808	HIMB1493	484	OG0000405	K01255	leucyl aminopeptidase [EC:3.4.11.1]	COG0260	PepB	Leucyl aminopeptidase	HIMB1493_00804	4
HIMB1493-00000000001	743522	744661	+	HIMB1493_00809	HIMB1493	379	OG0000932	NA	NA	COG0795	LptF	Lipopolysaccharide export LptBFGC system, permease protein LptF	HIMB1493_00804	5
HIMB1494-00000000001	679725	680861	-	HIMB1494_00706	HIMB1494	378	OG0000932	NA	NA	COG0795	LptF	Lipopolysaccharide export LptBFGC system, permease protein LptF	HIMB1494_00711	-5
HIMB1494-00000000001	680921	682375	+	HIMB1494_00707	HIMB1494	484	OG0000405	K01255	leucyl aminopeptidase [EC:3.4.11.1]	COG0260	PepB	Leucyl aminopeptidase	HIMB1494_00711	-4
HIMB1494-00000000001	682368	682778	+	HIMB1494_00708	HIMB1494	136	OG0000480	K00940	nucleoside-diphosphate kinase [EC:2.7.4.6]	COG0105	Ndk	Nucleoside diphosphate kinase	HIMB1494_00711	-3
HIMB1494-00000000001	682768	683349	-	HIMB1494_00709	HIMB1494	193	OG0000035	K11175	phosphoribosylglycinamide formyltransferase 1 [EC:2.1.2.2]	COG0299	PurN	Folate-dependent phosphoribosylglycinamide formyltransferase PurN	HIMB1494_00711	-2
HIMB1494-00000000001	683324	684355	-	HIMB1494_00710	HIMB1494	343	OG0000574	K01933	phosphoribosylformylglycinamidine cyclo-ligase [EC:6.3.3.1]	COG0150	PurM	Phosphoribosylaminoimidazole (AIR) synthetase	HIMB1494_00711	-1
HIMB1494-00000000001	684367	685446	+	HIMB1494_00711	HIMB1494	359	OG0000916	NA	NA	NA	NA	NA	HIMB1494_00711	0
HIMB1494-00000000001	685443	686105	+	HIMB1494_00712	HIMB1494	220	OG0000690	NA	NA	COG0593	DnaA	Chromosomal replication initiation ATPase DnaA	HIMB1494_00711	1
HIMB1494-00000000001	686106	687890	+	HIMB1494_00713	HIMB1494	594	OG0000189	K01876	aspartyl-tRNA synthetase [EC:6.1.1.12]	COG0173	AspS	Aspartyl-tRNA synthetase	HIMB1494_00711	2
HIMB1494-00000000001	687893	688708	-	HIMB1494_00714	HIMB1494	271	OG0000284	NA	NA	NA	NA	NA	HIMB1494_00711	3
HIMB1494-00000000001	688823	689182	+	HIMB1494_00715	HIMB1494	119	OG0000369	NA	NA	COG3761	NDUFA12	NADH:ubiquinone oxidoreductase NDUFA12 subunit (Leigh syndrome)	HIMB1494_00711	4
HIMB1494-00000000001	689145	689546	+	HIMB1494_00716	HIMB1494	133	OG0000472	NA	NA	COG4765	NA	Uncharacterized conserved protein, DUF2155 domain	HIMB1494_00711	5
HIMB1495-00000000001	656430	657566	-	HIMB1495_00684	HIMB1495	378	OG0000932	NA	NA	COG0795	LptF	Lipopolysaccharide export LptBFGC system, permease protein LptF	HIMB1495_00689	-5
HIMB1495-00000000001	657626	659080	+	HIMB1495_00685	HIMB1495	484	OG0000405	K01255	leucyl aminopeptidase [EC:3.4.11.1]	COG0260	PepB	Leucyl aminopeptidase	HIMB1495_00689	-4
HIMB1495-00000000001	659073	659483	+	HIMB1495_00686	HIMB1495	136	OG0000480	K00940	nucleoside-diphosphate kinase [EC:2.7.4.6]	COG0105	Ndk	Nucleoside diphosphate kinase	HIMB1495_00689	-3
HIMB1495-00000000001	659473	660054	-	HIMB1495_00687	HIMB1495	193	OG0000035	K11175	phosphoribosylglycinamide formyltransferase 1 [EC:2.1.2.2]	COG0299	PurN	Folate-dependent phosphoribosylglycinamide formyltransferase PurN	HIMB1495_00689	-2
HIMB1495-00000000001	660029	661060	-	HIMB1495_00688	HIMB1495	343	OG0000574	K01933	phosphoribosylformylglycinamidine cyclo-ligase [EC:6.3.3.1]	COG0150	PurM	Phosphoribosylaminoimidazole (AIR) synthetase	HIMB1495_00689	-1
HIMB1495-00000000001	661072	662151	+	HIMB1495_00689	HIMB1495	359	OG0000916	NA	NA	NA	NA	NA	HIMB1495_00689	0
HIMB1495-00000000001	662148	662810	+	HIMB1495_00690	HIMB1495	220	OG0000690	NA	NA	COG0593	DnaA	Chromosomal replication initiation ATPase DnaA	HIMB1495_00689	1
HIMB1495-00000000001	662811	664595	+	HIMB1495_00691	HIMB1495	594	OG0000189	K01876	aspartyl-tRNA synthetase [EC:6.1.1.12]	COG0173	AspS	Aspartyl-tRNA synthetase	HIMB1495_00689	2
HIMB1495-00000000001	664598	665413	-	HIMB1495_00692	HIMB1495	271	OG0000284	NA	NA	NA	NA	NA	HIMB1495_00689	3
HIMB1495-00000000001	665528	665887	+	HIMB1495_00693	HIMB1495	119	OG0000369	NA	NA	COG3761	NDUFA12	NADH:ubiquinone oxidoreductase NDUFA12 subunit (Leigh syndrome)	HIMB1495_00689	4
HIMB1495-00000000001	665850	666251	+	HIMB1495_00694	HIMB1495	133	OG0000472	NA	NA	COG4765	NA	Uncharacterized conserved protein, DUF2155 domain	HIMB1495_00689	5
HIMB1505-00000000002	158381	159475	-	HIMB1505_01435	HIMB1505	364	OG0000932	NA	NA	COG0795	LptF	Lipopolysaccharide export LptBFGC system, permease protein LptF	HIMB1505_01440	-5
HIMB1505-00000000002	159543	161003	+	HIMB1505_01436	HIMB1505	486	OG0000405	K01255	leucyl aminopeptidase [EC:3.4.11.1]	COG0260	PepB	Leucyl aminopeptidase	HIMB1505_01440	-4
HIMB1505-00000000002	160996	161406	+	HIMB1505_01437	HIMB1505	136	OG0000480	K00940	nucleoside-diphosphate kinase [EC:2.7.4.6]	COG0105	Ndk	Nucleoside diphosphate kinase	HIMB1505_01440	-3
HIMB1505-00000000002	161410	161994	-	HIMB1505_01438	HIMB1505	194	OG0000035	K11175	phosphoribosylglycinamide formyltransferase 1 [EC:2.1.2.2]	COG0299	PurN	Folate-dependent phosphoribosylglycinamide formyltransferase PurN	HIMB1505_01440	-2
HIMB1505-00000000002	161972	163000	-	HIMB1505_01439	HIMB1505	342	OG0000574	K01933	phosphoribosylformylglycinamidine cyclo-ligase [EC:6.3.3.1]	COG0150	PurM	Phosphoribosylaminoimidazole (AIR) synthetase	HIMB1505_01440	-1
HIMB1505-00000000002	163016	164071	+	HIMB1505_01440	HIMB1505	351	OG0000916	NA	NA	NA	NA	NA	HIMB1505_01440	0
HIMB1505-00000000002	164068	164730	+	HIMB1505_01441	HIMB1505	220	OG0000690	NA	NA	COG0593	DnaA	Chromosomal replication initiation ATPase DnaA	HIMB1505_01440	1
HIMB1505-00000000002	164731	166518	+	HIMB1505_01442	HIMB1505	595	OG0000189	K01876	aspartyl-tRNA synthetase [EC:6.1.1.12]	COG0173	AspS	Aspartyl-tRNA synthetase	HIMB1505_01440	2
HIMB1505-00000000002	166519	167340	-	HIMB1505_01443	HIMB1505	273	OG0000284	NA	NA	NA	NA	NA	HIMB1505_01440	3
HIMB1505-00000000002	167455	167820	+	HIMB1505_01444	HIMB1505	121	OG0000369	NA	NA	COG3761	NDUFA12	NADH:ubiquinone oxidoreductase NDUFA12 subunit (Leigh syndrome)	HIMB1505_01440	4
HIMB1505-00000000002	167780	168187	+	HIMB1505_01445	HIMB1505	135	OG0000472	NA	NA	COG4765	NA	Uncharacterized conserved protein, DUF2155 domain	HIMB1505_01440	5
HIMB1506-00000000001	814735	815136	-	HIMB1506_00893	HIMB1506	133	OG0000472	NA	NA	COG4765	NA	Uncharacterized conserved protein, DUF2155 domain	HIMB1506_00898	-5
HIMB1506-00000000001	815099	815458	-	HIMB1506_00894	HIMB1506	119	OG0000369	NA	NA	COG3761	NDUFA12	NADH:ubiquinone oxidoreductase NDUFA12 subunit (Leigh syndrome)	HIMB1506_00898	-4
HIMB1506-00000000001	815573	816388	+	HIMB1506_00895	HIMB1506	271	OG0000284	NA	NA	NA	NA	NA	HIMB1506_00898	-3
HIMB1506-00000000001	816391	818175	-	HIMB1506_00896	HIMB1506	594	OG0000189	K01876	aspartyl-tRNA synthetase [EC:6.1.1.12]	COG0173	AspS	Aspartyl-tRNA synthetase	HIMB1506_00898	-2
HIMB1506-00000000001	818176	818838	-	HIMB1506_00897	HIMB1506	220	OG0000690	NA	NA	COG0593	DnaA	Chromosomal replication initiation ATPase DnaA	HIMB1506_00898	-1
HIMB1506-00000000001	818835	819914	-	HIMB1506_00898	HIMB1506	359	OG0000916	NA	NA	NA	NA	NA	HIMB1506_00898	0
HIMB1506-00000000001	819926	820957	+	HIMB1506_00899	HIMB1506	343	OG0000574	K01933	phosphoribosylformylglycinamidine cyclo-ligase [EC:6.3.3.1]	COG0150	PurM	Phosphoribosylaminoimidazole (AIR) synthetase	HIMB1506_00898	1
HIMB1506-00000000001	820932	821513	+	HIMB1506_00900	HIMB1506	193	OG0000035	K11175	phosphoribosylglycinamide formyltransferase 1 [EC:2.1.2.2]	COG0299	PurN	Folate-dependent phosphoribosylglycinamide formyltransferase PurN	HIMB1506_00898	2
HIMB1506-00000000001	821503	821913	-	HIMB1506_00901	HIMB1506	136	OG0000480	K00940	nucleoside-diphosphate kinase [EC:2.7.4.6]	COG0105	Ndk	Nucleoside diphosphate kinase	HIMB1506_00898	3
HIMB1506-00000000001	821906	823360	-	HIMB1506_00902	HIMB1506	484	OG0000405	K01255	leucyl aminopeptidase [EC:3.4.11.1]	COG0260	PepB	Leucyl aminopeptidase	HIMB1506_00898	4
HIMB1506-00000000001	823422	824546	+	HIMB1506_00903	HIMB1506	374	OG0000932	NA	NA	COG0795	LptF	Lipopolysaccharide export LptBFGC system, permease protein LptF	HIMB1506_00898	5
HIMB1507-00000000001	1467657	1468058	-	HIMB1507_01562	HIMB1507	133	OG0000472	NA	NA	COG4765	NA	Uncharacterized conserved protein, DUF2155 domain	HIMB1507_01567	-5
HIMB1507-00000000001	1468021	1468380	-	HIMB1507_01563	HIMB1507	119	OG0000369	NA	NA	COG3761	NDUFA12	NADH:ubiquinone oxidoreductase NDUFA12 subunit (Leigh syndrome)	HIMB1507_01567	-4
HIMB1507-00000000001	1468495	1469310	+	HIMB1507_01564	HIMB1507	271	OG0000284	NA	NA	NA	NA	NA	HIMB1507_01567	-3
HIMB1507-00000000001	1469313	1471097	-	HIMB1507_01565	HIMB1507	594	OG0000189	K01876	aspartyl-tRNA synthetase [EC:6.1.1.12]	COG0173	AspS	Aspartyl-tRNA synthetase	HIMB1507_01567	-2
HIMB1507-00000000001	1471098	1471760	-	HIMB1507_01566	HIMB1507	220	OG0000690	NA	NA	COG0593	DnaA	Chromosomal replication initiation ATPase DnaA	HIMB1507_01567	-1
HIMB1507-00000000001	1471757	1472836	-	HIMB1507_01567	HIMB1507	359	OG0000916	NA	NA	NA	NA	NA	HIMB1507_01567	0
HIMB1507-00000000001	1472848	1473879	+	HIMB1507_01568	HIMB1507	343	OG0000574	K01933	phosphoribosylformylglycinamidine cyclo-ligase [EC:6.3.3.1]	COG0150	PurM	Phosphoribosylaminoimidazole (AIR) synthetase	HIMB1507_01567	1
HIMB1507-00000000001	1473854	1474441	+	HIMB1507_01569	HIMB1507	195	OG0000035	K11175	phosphoribosylglycinamide formyltransferase 1 [EC:2.1.2.2]	COG0299	PurN	Folate-dependent phosphoribosylglycinamide formyltransferase PurN	HIMB1507_01567	2
HIMB1507-00000000001	1474431	1474841	-	HIMB1507_01570	HIMB1507	136	OG0000480	K00940	nucleoside-diphosphate kinase [EC:2.7.4.6]	COG0105	Ndk	Nucleoside diphosphate kinase	HIMB1507_01567	3
HIMB1507-00000000001	1474834	1476294	-	HIMB1507_01571	HIMB1507	486	OG0000405	K01255	leucyl aminopeptidase [EC:3.4.11.1]	COG0260	PepB	Leucyl aminopeptidase	HIMB1507_01567	4
HIMB1507-00000000001	1476356	1477495	+	HIMB1507_01572	HIMB1507	379	OG0000932	NA	NA	COG0795	LptF	Lipopolysaccharide export LptBFGC system, permease protein LptF	HIMB1507_01567	5
HIMB1509-00000000001	632002	633147	-	HIMB1509_00652	HIMB1509	381	OG0000932	NA	NA	COG0795	LptF	Lipopolysaccharide export LptBFGC system, permease protein LptF	HIMB1509_00657	-5
HIMB1509-00000000001	633208	634662	+	HIMB1509_00653	HIMB1509	484	OG0000405	K01255	leucyl aminopeptidase [EC:3.4.11.1]	COG0260	PepB	Leucyl aminopeptidase	HIMB1509_00657	-4
HIMB1509-00000000001	634655	635065	+	HIMB1509_00654	HIMB1509	136	OG0000480	K00940	nucleoside-diphosphate kinase [EC:2.7.4.6]	COG0105	Ndk	Nucleoside diphosphate kinase	HIMB1509_00657	-3
HIMB1509-00000000001	635055	635636	-	HIMB1509_00655	HIMB1509	193	OG0000035	K11175	phosphoribosylglycinamide formyltransferase 1 [EC:2.1.2.2]	COG0299	PurN	Folate-dependent phosphoribosylglycinamide formyltransferase PurN	HIMB1509_00657	-2
HIMB1509-00000000001	635611	636642	-	HIMB1509_00656	HIMB1509	343	OG0000574	K01933	phosphoribosylformylglycinamidine cyclo-ligase [EC:6.3.3.1]	COG0150	PurM	Phosphoribosylaminoimidazole (AIR) synthetase	HIMB1509_00657	-1
HIMB1509-00000000001	636654	637733	+	HIMB1509_00657	HIMB1509	359	OG0000916	NA	NA	NA	NA	NA	HIMB1509_00657	0
HIMB1509-00000000001	637730	638392	+	HIMB1509_00658	HIMB1509	220	OG0000690	NA	NA	COG0593	DnaA	Chromosomal replication initiation ATPase DnaA	HIMB1509_00657	1
HIMB1509-00000000001	638393	640177	+	HIMB1509_00659	HIMB1509	594	OG0000189	K01876	aspartyl-tRNA synthetase [EC:6.1.1.12]	COG0173	AspS	Aspartyl-tRNA synthetase	HIMB1509_00657	2
HIMB1509-00000000001	640180	640995	-	HIMB1509_00660	HIMB1509	271	OG0000284	NA	NA	NA	NA	NA	HIMB1509_00657	3
HIMB1509-00000000001	641110	641469	+	HIMB1509_00661	HIMB1509	119	OG0000369	NA	NA	COG3761	NDUFA12	NADH:ubiquinone oxidoreductase NDUFA12 subunit (Leigh syndrome)	HIMB1509_00657	4
HIMB1509-00000000001	641432	641833	+	HIMB1509_00662	HIMB1509	133	OG0000472	NA	NA	COG4765	NA	Uncharacterized conserved protein, DUF2155 domain	HIMB1509_00657	5
HIMB1513-00000000001	1429257	1429658	-	HIMB1513_01517	HIMB1513	133	OG0000472	NA	NA	COG4765	NA	Uncharacterized conserved protein, DUF2155 domain	HIMB1513_01522	-5
HIMB1513-00000000001	1429621	1429980	-	HIMB1513_01518	HIMB1513	119	OG0000369	NA	NA	COG3761	NDUFA12	NADH:ubiquinone oxidoreductase NDUFA12 subunit (Leigh syndrome)	HIMB1513_01522	-4
HIMB1513-00000000001	1430095	1430910	+	HIMB1513_01519	HIMB1513	271	OG0000284	NA	NA	NA	NA	NA	HIMB1513_01522	-3
HIMB1513-00000000001	1430913	1432697	-	HIMB1513_01520	HIMB1513	594	OG0000189	K01876	aspartyl-tRNA synthetase [EC:6.1.1.12]	COG0173	AspS	Aspartyl-tRNA synthetase	HIMB1513_01522	-2
HIMB1513-00000000001	1432698	1433360	-	HIMB1513_01521	HIMB1513	220	OG0000690	NA	NA	COG0593	DnaA	Chromosomal replication initiation ATPase DnaA	HIMB1513_01522	-1
HIMB1513-00000000001	1433357	1434436	-	HIMB1513_01522	HIMB1513	359	OG0000916	NA	NA	NA	NA	NA	HIMB1513_01522	0
HIMB1513-00000000001	1434448	1435479	+	HIMB1513_01523	HIMB1513	343	OG0000574	K01933	phosphoribosylformylglycinamidine cyclo-ligase [EC:6.3.3.1]	COG0150	PurM	Phosphoribosylaminoimidazole (AIR) synthetase	HIMB1513_01522	1
HIMB1513-00000000001	1435454	1436035	+	HIMB1513_01524	HIMB1513	193	OG0000035	K11175	phosphoribosylglycinamide formyltransferase 1 [EC:2.1.2.2]	COG0299	PurN	Folate-dependent phosphoribosylglycinamide formyltransferase PurN	HIMB1513_01522	2
HIMB1513-00000000001	1436025	1436435	-	HIMB1513_01525	HIMB1513	136	OG0000480	K00940	nucleoside-diphosphate kinase [EC:2.7.4.6]	COG0105	Ndk	Nucleoside diphosphate kinase	HIMB1513_01522	3
HIMB1513-00000000001	1436428	1437876	-	HIMB1513_01526	HIMB1513	482	OG0000405	K01255	leucyl aminopeptidase [EC:3.4.11.1]	COG0260	PepB	Leucyl aminopeptidase	HIMB1513_01522	4
HIMB1513-00000000001	1437938	1439059	+	HIMB1513_01527	HIMB1513	373	OG0000932	NA	NA	COG0795	LptF	Lipopolysaccharide export LptBFGC system, permease protein LptF	HIMB1513_01522	5
HIMB1517-00000000002	95244	95597	-	HIMB1517_00417	HIMB1517	117	OG0000369	NA	NA	COG3761	NDUFA12	NADH:ubiquinone oxidoreductase NDUFA12 subunit (Leigh syndrome)	HIMB1517_00422	-5
HIMB1517-00000000002	95691	96509	+	HIMB1517_00418	HIMB1517	272	OG0000284	NA	NA	NA	NA	NA	HIMB1517_00422	-4
HIMB1517-00000000002	96506	98293	-	HIMB1517_00419	HIMB1517	595	OG0000189	K01876	aspartyl-tRNA synthetase [EC:6.1.1.12]	COG0173	AspS	Aspartyl-tRNA synthetase	HIMB1517_00422	-3
HIMB1517-00000000002	98344	99402	+	HIMB1517_00420	HIMB1517	352	OG0000122	NA	NA	COG0349	Rnd	Ribonuclease D, nanoRNase NrnC or deoxydinuclease (diDNase)	HIMB1517_00422	-2
HIMB1517-00000000002	99386	100042	-	HIMB1517_00421	HIMB1517	218	OG0000690	NA	NA	COG0593	DnaA	Chromosomal replication initiation ATPase DnaA	HIMB1517_00422	-1
HIMB1517-00000000002	100035	101033	-	HIMB1517_00422	HIMB1517	332	OG0000916	NA	NA	NA	NA	NA	HIMB1517_00422	0
HIMB1517-00000000002	101067	102101	+	HIMB1517_00423	HIMB1517	344	OG0000574	K01933	phosphoribosylformylglycinamidine cyclo-ligase [EC:6.3.3.1]	COG0150	PurM	Phosphoribosylaminoimidazole (AIR) synthetase	HIMB1517_00422	1
HIMB1517-00000000002	102082	102648	+	HIMB1517_00424	HIMB1517	188	OG0000035	K11175	phosphoribosylglycinamide formyltransferase 1 [EC:2.1.2.2]	COG0299	PurN	Folate-dependent phosphoribosylglycinamide formyltransferase PurN	HIMB1517_00422	2
HIMB1517-00000000002	102645	103049	-	HIMB1517_00425	HIMB1517	134	OG0000480	K00940	nucleoside-diphosphate kinase [EC:2.7.4.6]	COG0105	Ndk	Nucleoside diphosphate kinase	HIMB1517_00422	3
HIMB1517-00000000002	103042	104499	-	HIMB1517_00426	HIMB1517	485	OG0000405	K01255	leucyl aminopeptidase [EC:3.4.11.1]	COG0260	PepB	Leucyl aminopeptidase	HIMB1517_00422	4
HIMB1517-00000000002	104527	105591	+	HIMB1517_00427	HIMB1517	354	OG0000932	NA	NA	COG0795	LptF	Lipopolysaccharide export LptBFGC system, permease protein LptF	HIMB1517_00422	5
HIMB1518-00000000001	890286	890687	-	HIMB1518_00954	HIMB1518	133	OG0000472	NA	NA	COG4765	NA	Uncharacterized conserved protein, DUF2155 domain	HIMB1518_00959	-5
HIMB1518-00000000001	890650	891009	-	HIMB1518_00955	HIMB1518	119	OG0000369	NA	NA	COG3761	NDUFA12	NADH:ubiquinone oxidoreductase NDUFA12 subunit (Leigh syndrome)	HIMB1518_00959	-4
HIMB1518-00000000001	891124	891939	+	HIMB1518_00956	HIMB1518	271	OG0000284	NA	NA	NA	NA	NA	HIMB1518_00959	-3
HIMB1518-00000000001	891942	893726	-	HIMB1518_00957	HIMB1518	594	OG0000189	K01876	aspartyl-tRNA synthetase [EC:6.1.1.12]	COG0173	AspS	Aspartyl-tRNA synthetase	HIMB1518_00959	-2
HIMB1518-00000000001	893727	894389	-	HIMB1518_00958	HIMB1518	220	OG0000690	NA	NA	COG0593	DnaA	Chromosomal replication initiation ATPase DnaA	HIMB1518_00959	-1
HIMB1518-00000000001	894386	895465	-	HIMB1518_00959	HIMB1518	359	OG0000916	NA	NA	NA	NA	NA	HIMB1518_00959	0
HIMB1518-00000000001	895477	896508	+	HIMB1518_00960	HIMB1518	343	OG0000574	K01933	phosphoribosylformylglycinamidine cyclo-ligase [EC:6.3.3.1]	COG0150	PurM	Phosphoribosylaminoimidazole (AIR) synthetase	HIMB1518_00959	1
HIMB1518-00000000001	896483	897064	+	HIMB1518_00961	HIMB1518	193	OG0000035	K11175	phosphoribosylglycinamide formyltransferase 1 [EC:2.1.2.2]	COG0299	PurN	Folate-dependent phosphoribosylglycinamide formyltransferase PurN	HIMB1518_00959	2
HIMB1518-00000000001	897054	897464	-	HIMB1518_00962	HIMB1518	136	OG0000480	K00940	nucleoside-diphosphate kinase [EC:2.7.4.6]	COG0105	Ndk	Nucleoside diphosphate kinase	HIMB1518_00959	3
HIMB1518-00000000001	897457	898911	-	HIMB1518_00963	HIMB1518	484	OG0000405	K01255	leucyl aminopeptidase [EC:3.4.11.1]	COG0260	PepB	Leucyl aminopeptidase	HIMB1518_00959	4
HIMB1518-00000000001	898973	900112	+	HIMB1518_00964	HIMB1518	379	OG0000932	NA	NA	COG0795	LptF	Lipopolysaccharide export LptBFGC system, permease protein LptF	HIMB1518_00959	5
HIMB1520-00000000001	448043	448429	-	HIMB1520_00520	HIMB1520	128	OG0000472	NA	NA	COG4765	NA	Uncharacterized conserved protein, DUF2155 domain	HIMB1520_00525	-5
HIMB1520-00000000001	448392	448751	-	HIMB1520_00521	HIMB1520	119	OG0000369	NA	NA	COG3761	NDUFA12	NADH:ubiquinone oxidoreductase NDUFA12 subunit (Leigh syndrome)	HIMB1520_00525	-4
HIMB1520-00000000001	448855	449685	+	HIMB1520_00522	HIMB1520	276	OG0000284	NA	NA	NA	NA	NA	HIMB1520_00525	-3
HIMB1520-00000000001	449682	451466	-	HIMB1520_00523	HIMB1520	594	OG0000189	K01876	aspartyl-tRNA synthetase [EC:6.1.1.12]	COG0173	AspS	Aspartyl-tRNA synthetase	HIMB1520_00525	-2
HIMB1520-00000000001	451463	452128	-	HIMB1520_00524	HIMB1520	221	OG0000690	NA	NA	COG0593	DnaA	Chromosomal replication initiation ATPase DnaA	HIMB1520_00525	-1
HIMB1520-00000000001	452125	453195	-	HIMB1520_00525	HIMB1520	356	OG0000916	NA	NA	NA	NA	NA	HIMB1520_00525	0
HIMB1520-00000000001	453207	454241	+	HIMB1520_00526	HIMB1520	344	OG0000574	K01933	phosphoribosylformylglycinamidine cyclo-ligase [EC:6.3.3.1]	COG0150	PurM	Phosphoribosylaminoimidazole (AIR) synthetase	HIMB1520_00525	1
HIMB1520-00000000001	454219	454827	+	HIMB1520_00527	HIMB1520	202	OG0000035	K11175	phosphoribosylglycinamide formyltransferase 1 [EC:2.1.2.2]	COG0299	PurN	Folate-dependent phosphoribosylglycinamide formyltransferase PurN	HIMB1520_00525	2
HIMB1520-00000000001	454793	455203	-	HIMB1520_00528	HIMB1520	136	OG0000480	K00940	nucleoside-diphosphate kinase [EC:2.7.4.6]	COG0105	Ndk	Nucleoside diphosphate kinase	HIMB1520_00525	3
HIMB1520-00000000001	455196	456659	-	HIMB1520_00529	HIMB1520	487	OG0000405	K01255	leucyl aminopeptidase [EC:3.4.11.1]	COG0260	PepB	Leucyl aminopeptidase	HIMB1520_00525	4
HIMB1520-00000000001	456721	457842	+	HIMB1520_00530	HIMB1520	373	OG0000932	NA	NA	COG0795	LptF	Lipopolysaccharide export LptBFGC system, permease protein LptF	HIMB1520_00525	5
HIMB1521-00000000016	936	2384	+	HIMB1521_01388	HIMB1521	482	OG0000405	K01255	leucyl aminopeptidase [EC:3.4.11.1]	COG0260	PepB	Leucyl aminopeptidase	HIMB1521_01392	-4
HIMB1521-00000000016	2377	2787	+	HIMB1521_01389	HIMB1521	136	OG0000480	K00940	nucleoside-diphosphate kinase [EC:2.7.4.6]	COG0105	Ndk	Nucleoside diphosphate kinase	HIMB1521_01392	-3
HIMB1521-00000000016	2777	3358	-	HIMB1521_01390	HIMB1521	193	OG0000035	K11175	phosphoribosylglycinamide formyltransferase 1 [EC:2.1.2.2]	COG0299	PurN	Folate-dependent phosphoribosylglycinamide formyltransferase PurN	HIMB1521_01392	-2
HIMB1521-00000000016	3333	4364	-	HIMB1521_01391	HIMB1521	343	OG0000574	K01933	phosphoribosylformylglycinamidine cyclo-ligase [EC:6.3.3.1]	COG0150	PurM	Phosphoribosylaminoimidazole (AIR) synthetase	HIMB1521_01392	-1
HIMB1521-00000000016	4376	5455	+	HIMB1521_01392	HIMB1521	359	OG0000916	NA	NA	NA	NA	NA	HIMB1521_01392	0
HIMB1521-00000000016	5452	6114	+	HIMB1521_01393	HIMB1521	220	OG0000690	NA	NA	COG0593	DnaA	Chromosomal replication initiation ATPase DnaA	HIMB1521_01392	1
HIMB1521-00000000016	6115	7899	+	HIMB1521_01394	HIMB1521	594	OG0000189	K01876	aspartyl-tRNA synthetase [EC:6.1.1.12]	COG0173	AspS	Aspartyl-tRNA synthetase	HIMB1521_01392	2
HIMB1521-00000000016	7902	8717	-	HIMB1521_01395	HIMB1521	271	OG0000284	NA	NA	NA	NA	NA	HIMB1521_01392	3
HIMB1521-00000000016	8832	9191	+	HIMB1521_01396	HIMB1521	119	OG0000369	NA	NA	COG3761	NDUFA12	NADH:ubiquinone oxidoreductase NDUFA12 subunit (Leigh syndrome)	HIMB1521_01392	4
HIMB1521-00000000016	9154	9555	+	HIMB1521_01397	HIMB1521	133	OG0000472	NA	NA	COG4765	NA	Uncharacterized conserved protein, DUF2155 domain	HIMB1521_01392	5
HIMB1526-00000000001	526693	527835	-	HIMB1526_00540	HIMB1526	380	OG0000932	NA	NA	COG0795	LptF	Lipopolysaccharide export LptBFGC system, permease protein LptF	HIMB1526_00545	-5
HIMB1526-00000000001	527895	529349	+	HIMB1526_00541	HIMB1526	484	OG0000405	K01255	leucyl aminopeptidase [EC:3.4.11.1]	COG0260	PepB	Leucyl aminopeptidase	HIMB1526_00545	-4
HIMB1526-00000000001	529342	529752	+	HIMB1526_00542	HIMB1526	136	OG0000480	K00940	nucleoside-diphosphate kinase [EC:2.7.4.6]	COG0105	Ndk	Nucleoside diphosphate kinase	HIMB1526_00545	-3
HIMB1526-00000000001	529742	530323	-	HIMB1526_00543	HIMB1526	193	OG0000035	K11175	phosphoribosylglycinamide formyltransferase 1 [EC:2.1.2.2]	COG0299	PurN	Folate-dependent phosphoribosylglycinamide formyltransferase PurN	HIMB1526_00545	-2
HIMB1526-00000000001	530298	531329	-	HIMB1526_00544	HIMB1526	343	OG0000574	K01933	phosphoribosylformylglycinamidine cyclo-ligase [EC:6.3.3.1]	COG0150	PurM	Phosphoribosylaminoimidazole (AIR) synthetase	HIMB1526_00545	-1
HIMB1526-00000000001	531341	532420	+	HIMB1526_00545	HIMB1526	359	OG0000916	NA	NA	NA	NA	NA	HIMB1526_00545	0
HIMB1526-00000000001	532417	533079	+	HIMB1526_00546	HIMB1526	220	OG0000690	NA	NA	COG0593	DnaA	Chromosomal replication initiation ATPase DnaA	HIMB1526_00545	1
HIMB1526-00000000001	533080	534864	+	HIMB1526_00547	HIMB1526	594	OG0000189	K01876	aspartyl-tRNA synthetase [EC:6.1.1.12]	COG0173	AspS	Aspartyl-tRNA synthetase	HIMB1526_00545	2
HIMB1526-00000000001	534867	535682	-	HIMB1526_00548	HIMB1526	271	OG0000284	NA	NA	NA	NA	NA	HIMB1526_00545	3
HIMB1526-00000000001	535797	536156	+	HIMB1526_00549	HIMB1526	119	OG0000369	NA	NA	COG3761	NDUFA12	NADH:ubiquinone oxidoreductase NDUFA12 subunit (Leigh syndrome)	HIMB1526_00545	4
HIMB1526-00000000001	536119	536520	+	HIMB1526_00550	HIMB1526	133	OG0000472	NA	NA	COG4765	NA	Uncharacterized conserved protein, DUF2155 domain	HIMB1526_00545	5
HIMB1527-00000000002	1151	2620	+	HIMB1527_00608	HIMB1527	489	OG0000405	K01255	leucyl aminopeptidase [EC:3.4.11.1]	COG0260	PepB	Leucyl aminopeptidase	HIMB1527_00612	-4
HIMB1527-00000000002	2613	3023	+	HIMB1527_00609	HIMB1527	136	OG0000480	K00940	nucleoside-diphosphate kinase [EC:2.7.4.6]	COG0105	Ndk	Nucleoside diphosphate kinase	HIMB1527_00612	-3
HIMB1527-00000000002	3013	3597	-	HIMB1527_00610	HIMB1527	194	OG0000035	K11175	phosphoribosylglycinamide formyltransferase 1 [EC:2.1.2.2]	COG0299	PurN	Folate-dependent phosphoribosylglycinamide formyltransferase PurN	HIMB1527_00612	-2
HIMB1527-00000000002	3575	4600	-	HIMB1527_00611	HIMB1527	341	OG0000574	K01933	phosphoribosylformylglycinamidine cyclo-ligase [EC:6.3.3.1]	COG0150	PurM	Phosphoribosylaminoimidazole (AIR) synthetase	HIMB1527_00612	-1
HIMB1527-00000000002	4615	5670	+	HIMB1527_00612	HIMB1527	351	OG0000916	NA	NA	NA	NA	NA	HIMB1527_00612	0
HIMB1527-00000000002	5667	6329	+	HIMB1527_00613	HIMB1527	220	OG0000690	NA	NA	COG0593	DnaA	Chromosomal replication initiation ATPase DnaA	HIMB1527_00612	1
HIMB1527-00000000002	6366	8120	+	HIMB1527_00614	HIMB1527	584	OG0000189	K01876	aspartyl-tRNA synthetase [EC:6.1.1.12]	COG0173	AspS	Aspartyl-tRNA synthetase	HIMB1527_00612	2
HIMB1527-00000000002	8121	8942	-	HIMB1527_00615	HIMB1527	273	OG0000284	NA	NA	NA	NA	NA	HIMB1527_00612	3
HIMB1527-00000000002	9057	9422	+	HIMB1527_00616	HIMB1527	121	OG0000369	NA	NA	COG3761	NDUFA12	NADH:ubiquinone oxidoreductase NDUFA12 subunit (Leigh syndrome)	HIMB1527_00612	4
HIMB1527-00000000002	9382	9789	+	HIMB1527_00617	HIMB1527	135	OG0000472	NA	NA	COG4765	NA	Uncharacterized conserved protein, DUF2155 domain	HIMB1527_00612	5
HIMB1542-00000000001	755290	755691	-	HIMB1542_00833	HIMB1542	133	OG0000472	NA	NA	COG4765	NA	Uncharacterized conserved protein, DUF2155 domain	HIMB1542_00838	-5
HIMB1542-00000000001	755654	756013	-	HIMB1542_00834	HIMB1542	119	OG0000369	NA	NA	COG3761	NDUFA12	NADH:ubiquinone oxidoreductase NDUFA12 subunit (Leigh syndrome)	HIMB1542_00838	-4
HIMB1542-00000000001	756128	756943	+	HIMB1542_00835	HIMB1542	271	OG0000284	NA	NA	NA	NA	NA	HIMB1542_00838	-3
HIMB1542-00000000001	756946	758730	-	HIMB1542_00836	HIMB1542	594	OG0000189	K01876	aspartyl-tRNA synthetase [EC:6.1.1.12]	COG0173	AspS	Aspartyl-tRNA synthetase	HIMB1542_00838	-2
HIMB1542-00000000001	758731	759393	-	HIMB1542_00837	HIMB1542	220	OG0000690	NA	NA	COG0593	DnaA	Chromosomal replication initiation ATPase DnaA	HIMB1542_00838	-1
HIMB1542-00000000001	759390	760469	-	HIMB1542_00838	HIMB1542	359	OG0000916	NA	NA	NA	NA	NA	HIMB1542_00838	0
HIMB1542-00000000001	760481	761512	+	HIMB1542_00839	HIMB1542	343	OG0000574	K01933	phosphoribosylformylglycinamidine cyclo-ligase [EC:6.3.3.1]	COG0150	PurM	Phosphoribosylaminoimidazole (AIR) synthetase	HIMB1542_00838	1
HIMB1542-00000000001	761487	762068	+	HIMB1542_00840	HIMB1542	193	OG0000035	K11175	phosphoribosylglycinamide formyltransferase 1 [EC:2.1.2.2]	COG0299	PurN	Folate-dependent phosphoribosylglycinamide formyltransferase PurN	HIMB1542_00838	2
HIMB1542-00000000001	762058	762468	-	HIMB1542_00841	HIMB1542	136	OG0000480	K00940	nucleoside-diphosphate kinase [EC:2.7.4.6]	COG0105	Ndk	Nucleoside diphosphate kinase	HIMB1542_00838	3
HIMB1542-00000000001	762461	763915	-	HIMB1542_00842	HIMB1542	484	OG0000405	K01255	leucyl aminopeptidase [EC:3.4.11.1]	COG0260	PepB	Leucyl aminopeptidase	HIMB1542_00838	4
HIMB1542-00000000001	763975	765111	+	HIMB1542_00843	HIMB1542	378	OG0000932	NA	NA	COG0795	LptF	Lipopolysaccharide export LptBFGC system, permease protein LptF	HIMB1542_00838	5
HIMB1549-00000000001	791259	791666	-	HIMB1549_00855	HIMB1549	135	OG0000472	NA	NA	COG4765	NA	Uncharacterized conserved protein, DUF2155 domain	HIMB1549_00860	-5
HIMB1549-00000000001	791626	791991	-	HIMB1549_00856	HIMB1549	121	OG0000369	NA	NA	COG3761	NDUFA12	NADH:ubiquinone oxidoreductase NDUFA12 subunit (Leigh syndrome)	HIMB1549_00860	-4
HIMB1549-00000000001	792106	792927	+	HIMB1549_00857	HIMB1549	273	OG0000284	NA	NA	NA	NA	NA	HIMB1549_00860	-3
HIMB1549-00000000001	792928	794715	-	HIMB1549_00858	HIMB1549	595	OG0000189	K01876	aspartyl-tRNA synthetase [EC:6.1.1.12]	COG0173	AspS	Aspartyl-tRNA synthetase	HIMB1549_00860	-2
HIMB1549-00000000001	794716	795378	-	HIMB1549_00859	HIMB1549	220	OG0000690	NA	NA	COG0593	DnaA	Chromosomal replication initiation ATPase DnaA	HIMB1549_00860	-1
HIMB1549-00000000001	795375	796430	-	HIMB1549_00860	HIMB1549	351	OG0000916	NA	NA	NA	NA	NA	HIMB1549_00860	0
HIMB1549-00000000001	796446	797474	+	HIMB1549_00861	HIMB1549	342	OG0000574	K01933	phosphoribosylformylglycinamidine cyclo-ligase [EC:6.3.3.1]	COG0150	PurM	Phosphoribosylaminoimidazole (AIR) synthetase	HIMB1549_00860	1
HIMB1549-00000000001	797452	798036	+	HIMB1549_00862	HIMB1549	194	OG0000035	K11175	phosphoribosylglycinamide formyltransferase 1 [EC:2.1.2.2]	COG0299	PurN	Folate-dependent phosphoribosylglycinamide formyltransferase PurN	HIMB1549_00860	2
HIMB1549-00000000001	798026	798436	-	HIMB1549_00863	HIMB1549	136	OG0000480	K00940	nucleoside-diphosphate kinase [EC:2.7.4.6]	COG0105	Ndk	Nucleoside diphosphate kinase	HIMB1549_00860	3
HIMB1549-00000000001	798429	799880	-	HIMB1549_00864	HIMB1549	483	OG0000405	K01255	leucyl aminopeptidase [EC:3.4.11.1]	COG0260	PepB	Leucyl aminopeptidase	HIMB1549_00860	4
HIMB1549-00000000001	799936	801036	+	HIMB1549_00865	HIMB1549	366	OG0000932	NA	NA	COG0795	LptF	Lipopolysaccharide export LptBFGC system, permease protein LptF	HIMB1549_00860	5
HIMB1552-00000000001	77055	78197	-	HIMB1552_00076	HIMB1552	380	OG0000932	NA	NA	COG0795	LptF	Lipopolysaccharide export LptBFGC system, permease protein LptF	HIMB1552_00081	-5
HIMB1552-00000000001	78257	79711	+	HIMB1552_00077	HIMB1552	484	OG0000405	K01255	leucyl aminopeptidase [EC:3.4.11.1]	COG0260	PepB	Leucyl aminopeptidase	HIMB1552_00081	-4
HIMB1552-00000000001	79704	80114	+	HIMB1552_00078	HIMB1552	136	OG0000480	K00940	nucleoside-diphosphate kinase [EC:2.7.4.6]	COG0105	Ndk	Nucleoside diphosphate kinase	HIMB1552_00081	-3
HIMB1552-00000000001	80104	80685	-	HIMB1552_00079	HIMB1552	193	OG0000035	K11175	phosphoribosylglycinamide formyltransferase 1 [EC:2.1.2.2]	COG0299	PurN	Folate-dependent phosphoribosylglycinamide formyltransferase PurN	HIMB1552_00081	-2
HIMB1552-00000000001	80660	81691	-	HIMB1552_00080	HIMB1552	343	OG0000574	K01933	phosphoribosylformylglycinamidine cyclo-ligase [EC:6.3.3.1]	COG0150	PurM	Phosphoribosylaminoimidazole (AIR) synthetase	HIMB1552_00081	-1
HIMB1552-00000000001	81703	82782	+	HIMB1552_00081	HIMB1552	359	OG0000916	NA	NA	NA	NA	NA	HIMB1552_00081	0
HIMB1552-00000000001	82779	83441	+	HIMB1552_00082	HIMB1552	220	OG0000690	NA	NA	COG0593	DnaA	Chromosomal replication initiation ATPase DnaA	HIMB1552_00081	1
HIMB1552-00000000001	83442	85226	+	HIMB1552_00083	HIMB1552	594	OG0000189	K01876	aspartyl-tRNA synthetase [EC:6.1.1.12]	COG0173	AspS	Aspartyl-tRNA synthetase	HIMB1552_00081	2
HIMB1552-00000000001	85229	86044	-	HIMB1552_00084	HIMB1552	271	OG0000284	NA	NA	NA	NA	NA	HIMB1552_00081	3
HIMB1552-00000000001	86159	86518	+	HIMB1552_00085	HIMB1552	119	OG0000369	NA	NA	COG3761	NDUFA12	NADH:ubiquinone oxidoreductase NDUFA12 subunit (Leigh syndrome)	HIMB1552_00081	4
HIMB1552-00000000001	86481	86882	+	HIMB1552_00086	HIMB1552	133	OG0000472	NA	NA	COG4765	NA	Uncharacterized conserved protein, DUF2155 domain	HIMB1552_00081	5
HIMB1556-00000000001	1378150	1378551	-	HIMB1556_01459	HIMB1556	133	OG0000472	NA	NA	COG4765	NA	Uncharacterized conserved protein, DUF2155 domain	HIMB1556_01464	-5
HIMB1556-00000000001	1378514	1378873	-	HIMB1556_01460	HIMB1556	119	OG0000369	NA	NA	COG3761	NDUFA12	NADH:ubiquinone oxidoreductase NDUFA12 subunit (Leigh syndrome)	HIMB1556_01464	-4
HIMB1556-00000000001	1378988	1379803	+	HIMB1556_01461	HIMB1556	271	OG0000284	NA	NA	NA	NA	NA	HIMB1556_01464	-3
HIMB1556-00000000001	1379806	1381590	-	HIMB1556_01462	HIMB1556	594	OG0000189	K01876	aspartyl-tRNA synthetase [EC:6.1.1.12]	COG0173	AspS	Aspartyl-tRNA synthetase	HIMB1556_01464	-2
HIMB1556-00000000001	1381591	1382253	-	HIMB1556_01463	HIMB1556	220	OG0000690	NA	NA	COG0593	DnaA	Chromosomal replication initiation ATPase DnaA	HIMB1556_01464	-1
HIMB1556-00000000001	1382250	1383329	-	HIMB1556_01464	HIMB1556	359	OG0000916	NA	NA	NA	NA	NA	HIMB1556_01464	0
HIMB1556-00000000001	1383341	1384372	+	HIMB1556_01465	HIMB1556	343	OG0000574	K01933	phosphoribosylformylglycinamidine cyclo-ligase [EC:6.3.3.1]	COG0150	PurM	Phosphoribosylaminoimidazole (AIR) synthetase	HIMB1556_01464	1
HIMB1556-00000000001	1384347	1384928	+	HIMB1556_01466	HIMB1556	193	OG0000035	K11175	phosphoribosylglycinamide formyltransferase 1 [EC:2.1.2.2]	COG0299	PurN	Folate-dependent phosphoribosylglycinamide formyltransferase PurN	HIMB1556_01464	2
HIMB1556-00000000001	1384918	1385328	-	HIMB1556_01467	HIMB1556	136	OG0000480	K00940	nucleoside-diphosphate kinase [EC:2.7.4.6]	COG0105	Ndk	Nucleoside diphosphate kinase	HIMB1556_01464	3
HIMB1556-00000000001	1385321	1386775	-	HIMB1556_01468	HIMB1556	484	OG0000405	K01255	leucyl aminopeptidase [EC:3.4.11.1]	COG0260	PepB	Leucyl aminopeptidase	HIMB1556_01464	4
HIMB1556-00000000001	1386835	1387977	+	HIMB1556_01469	HIMB1556	380	OG0000932	NA	NA	COG0795	LptF	Lipopolysaccharide export LptBFGC system, permease protein LptF	HIMB1556_01464	5
HIMB1559-00000000001	1272	2402	-	HIMB1559_00002	HIMB1559	376	OG0000932	NA	NA	COG0795	LptF	Lipopolysaccharide export LptBFGC system, permease protein LptF	HIMB1559_00007	-5
HIMB1559-00000000001	2463	3917	+	HIMB1559_00003	HIMB1559	484	OG0000405	K01255	leucyl aminopeptidase [EC:3.4.11.1]	COG0260	PepB	Leucyl aminopeptidase	HIMB1559_00007	-4
HIMB1559-00000000001	3910	4320	+	HIMB1559_00004	HIMB1559	136	OG0000480	K00940	nucleoside-diphosphate kinase [EC:2.7.4.6]	COG0105	Ndk	Nucleoside diphosphate kinase	HIMB1559_00007	-3
HIMB1559-00000000001	4310	4891	-	HIMB1559_00005	HIMB1559	193	OG0000035	K11175	phosphoribosylglycinamide formyltransferase 1 [EC:2.1.2.2]	COG0299	PurN	Folate-dependent phosphoribosylglycinamide formyltransferase PurN	HIMB1559_00007	-2
HIMB1559-00000000001	4869	5897	-	HIMB1559_00006	HIMB1559	342	OG0000574	K01933	phosphoribosylformylglycinamidine cyclo-ligase [EC:6.3.3.1]	COG0150	PurM	Phosphoribosylaminoimidazole (AIR) synthetase	HIMB1559_00007	-1
HIMB1559-00000000001	5909	6988	+	HIMB1559_00007	HIMB1559	359	OG0000916	NA	NA	NA	NA	NA	HIMB1559_00007	0
HIMB1559-00000000001	6985	7647	+	HIMB1559_00008	HIMB1559	220	OG0000690	NA	NA	COG0593	DnaA	Chromosomal replication initiation ATPase DnaA	HIMB1559_00007	1
HIMB1559-00000000001	7648	9432	+	HIMB1559_00009	HIMB1559	594	OG0000189	K01876	aspartyl-tRNA synthetase [EC:6.1.1.12]	COG0173	AspS	Aspartyl-tRNA synthetase	HIMB1559_00007	2
HIMB1559-00000000001	9435	10250	-	HIMB1559_00010	HIMB1559	271	OG0000284	NA	NA	NA	NA	NA	HIMB1559_00007	3
HIMB1559-00000000001	10365	10724	+	HIMB1559_00011	HIMB1559	119	OG0000369	NA	NA	COG3761	NDUFA12	NADH:ubiquinone oxidoreductase NDUFA12 subunit (Leigh syndrome)	HIMB1559_00007	4
HIMB1559-00000000001	10687	11088	+	HIMB1559_00012	HIMB1559	133	OG0000472	NA	NA	COG4765	NA	Uncharacterized conserved protein, DUF2155 domain	HIMB1559_00007	5
HIMB1564-00000000001	866934	867320	-	HIMB1564_00935	HIMB1564	128	OG0000472	NA	NA	COG4765	NA	Uncharacterized conserved protein, DUF2155 domain	HIMB1564_00940	-5
HIMB1564-00000000001	867283	867642	-	HIMB1564_00936	HIMB1564	119	OG0000369	NA	NA	COG3761	NDUFA12	NADH:ubiquinone oxidoreductase NDUFA12 subunit (Leigh syndrome)	HIMB1564_00940	-4
HIMB1564-00000000001	867696	868574	+	HIMB1564_00937	HIMB1564	292	OG0000284	NA	NA	NA	NA	NA	HIMB1564_00940	-3
HIMB1564-00000000001	868575	870359	-	HIMB1564_00938	HIMB1564	594	OG0000189	K01876	aspartyl-tRNA synthetase [EC:6.1.1.12]	COG0173	AspS	Aspartyl-tRNA synthetase	HIMB1564_00940	-2
HIMB1564-00000000001	870356	871021	-	HIMB1564_00939	HIMB1564	221	OG0000690	NA	NA	COG0593	DnaA	Chromosomal replication initiation ATPase DnaA	HIMB1564_00940	-1
HIMB1564-00000000001	871018	872088	-	HIMB1564_00940	HIMB1564	356	OG0000916	NA	NA	NA	NA	NA	HIMB1564_00940	0
HIMB1564-00000000001	872099	873133	+	HIMB1564_00941	HIMB1564	344	OG0000574	K01933	phosphoribosylformylglycinamidine cyclo-ligase [EC:6.3.3.1]	COG0150	PurM	Phosphoribosylaminoimidazole (AIR) synthetase	HIMB1564_00940	1
HIMB1564-00000000001	873111	873695	+	HIMB1564_00942	HIMB1564	194	OG0000035	K11175	phosphoribosylglycinamide formyltransferase 1 [EC:2.1.2.2]	COG0299	PurN	Folate-dependent phosphoribosylglycinamide formyltransferase PurN	HIMB1564_00940	2
HIMB1564-00000000001	873685	874095	-	HIMB1564_00943	HIMB1564	136	OG0000480	K00940	nucleoside-diphosphate kinase [EC:2.7.4.6]	COG0105	Ndk	Nucleoside diphosphate kinase	HIMB1564_00940	3
HIMB1564-00000000001	874088	875551	-	HIMB1564_00944	HIMB1564	487	OG0000405	K01255	leucyl aminopeptidase [EC:3.4.11.1]	COG0260	PepB	Leucyl aminopeptidase	HIMB1564_00940	4
HIMB1564-00000000001	875612	876742	+	HIMB1564_00945	HIMB1564	376	OG0000932	NA	NA	COG0795	LptF	Lipopolysaccharide export LptBFGC system, permease protein LptF	HIMB1564_00940	5
HIMB1565-00000000001	1036315	1036668	-	HIMB1565_01146	HIMB1565	117	OG0000369	NA	NA	COG3761	NDUFA12	NADH:ubiquinone oxidoreductase NDUFA12 subunit (Leigh syndrome)	HIMB1565_01151	-5
HIMB1565-00000000001	1036762	1037580	+	HIMB1565_01147	HIMB1565	272	OG0000284	NA	NA	NA	NA	NA	HIMB1565_01151	-4
HIMB1565-00000000001	1037577	1039364	-	HIMB1565_01148	HIMB1565	595	OG0000189	K01876	aspartyl-tRNA synthetase [EC:6.1.1.12]	COG0173	AspS	Aspartyl-tRNA synthetase	HIMB1565_01151	-3
HIMB1565-00000000001	1039415	1040473	+	HIMB1565_01149	HIMB1565	352	OG0000122	NA	NA	COG0349	Rnd	Ribonuclease D, nanoRNase NrnC or deoxydinuclease (diDNase)	HIMB1565_01151	-2
HIMB1565-00000000001	1040457	1041113	-	HIMB1565_01150	HIMB1565	218	OG0000690	NA	NA	COG0593	DnaA	Chromosomal replication initiation ATPase DnaA	HIMB1565_01151	-1
HIMB1565-00000000001	1041106	1042113	-	HIMB1565_01151	HIMB1565	335	OG0000916	NA	NA	NA	NA	NA	HIMB1565_01151	0
HIMB1565-00000000001	1042138	1043172	+	HIMB1565_01152	HIMB1565	344	OG0000574	K01933	phosphoribosylformylglycinamidine cyclo-ligase [EC:6.3.3.1]	COG0150	PurM	Phosphoribosylaminoimidazole (AIR) synthetase	HIMB1565_01151	1
HIMB1565-00000000001	1043153	1043719	+	HIMB1565_01153	HIMB1565	188	OG0000035	K11175	phosphoribosylglycinamide formyltransferase 1 [EC:2.1.2.2]	COG0299	PurN	Folate-dependent phosphoribosylglycinamide formyltransferase PurN	HIMB1565_01151	2
HIMB1565-00000000001	1043716	1044120	-	HIMB1565_01154	HIMB1565	134	OG0000480	K00940	nucleoside-diphosphate kinase [EC:2.7.4.6]	COG0105	Ndk	Nucleoside diphosphate kinase	HIMB1565_01151	3
HIMB1565-00000000001	1044113	1045570	-	HIMB1565_01155	HIMB1565	485	OG0000405	K01255	leucyl aminopeptidase [EC:3.4.11.1]	COG0260	PepB	Leucyl aminopeptidase	HIMB1565_01151	4
HIMB1565-00000000001	1045598	1046680	+	HIMB1565_01156	HIMB1565	360	OG0000932	NA	NA	COG0795	LptF	Lipopolysaccharide export LptBFGC system, permease protein LptF	HIMB1565_01151	5
HIMB1573-00000000001	1434168	1434569	-	HIMB1573_01554	HIMB1573	133	OG0000472	NA	NA	COG4765	NA	Uncharacterized conserved protein, DUF2155 domain	HIMB1573_01559	-5
HIMB1573-00000000001	1434532	1434891	-	HIMB1573_01555	HIMB1573	119	OG0000369	NA	NA	COG3761	NDUFA12	NADH:ubiquinone oxidoreductase NDUFA12 subunit (Leigh syndrome)	HIMB1573_01559	-4
HIMB1573-00000000001	1435005	1435820	+	HIMB1573_01556	HIMB1573	271	OG0000284	NA	NA	NA	NA	NA	HIMB1573_01559	-3
HIMB1573-00000000001	1435823	1437607	-	HIMB1573_01557	HIMB1573	594	OG0000189	K01876	aspartyl-tRNA synthetase [EC:6.1.1.12]	COG0173	AspS	Aspartyl-tRNA synthetase	HIMB1573_01559	-2
HIMB1573-00000000001	1437608	1438270	-	HIMB1573_01558	HIMB1573	220	OG0000690	NA	NA	COG0593	DnaA	Chromosomal replication initiation ATPase DnaA	HIMB1573_01559	-1
HIMB1573-00000000001	1438267	1439346	-	HIMB1573_01559	HIMB1573	359	OG0000916	NA	NA	NA	NA	NA	HIMB1573_01559	0
HIMB1573-00000000001	1439358	1440389	+	HIMB1573_01560	HIMB1573	343	OG0000574	K01933	phosphoribosylformylglycinamidine cyclo-ligase [EC:6.3.3.1]	COG0150	PurM	Phosphoribosylaminoimidazole (AIR) synthetase	HIMB1573_01559	1
HIMB1573-00000000001	1440364	1440945	+	HIMB1573_01561	HIMB1573	193	OG0000035	K11175	phosphoribosylglycinamide formyltransferase 1 [EC:2.1.2.2]	COG0299	PurN	Folate-dependent phosphoribosylglycinamide formyltransferase PurN	HIMB1573_01559	2
HIMB1573-00000000001	1440935	1441345	-	HIMB1573_01562	HIMB1573	136	OG0000480	K00940	nucleoside-diphosphate kinase [EC:2.7.4.6]	COG0105	Ndk	Nucleoside diphosphate kinase	HIMB1573_01559	3
HIMB1573-00000000001	1441338	1442792	-	HIMB1573_01563	HIMB1573	484	OG0000405	K01255	leucyl aminopeptidase [EC:3.4.11.1]	COG0260	PepB	Leucyl aminopeptidase	HIMB1573_01559	4
HIMB1573-00000000001	1442854	1443996	+	HIMB1573_01564	HIMB1573	380	OG0000932	NA	NA	COG0795	LptF	Lipopolysaccharide export LptBFGC system, permease protein LptF	HIMB1573_01559	5
HIMB1577-00000000001	1116178	1117314	-	HIMB1577_01181	HIMB1577	378	OG0000932	NA	NA	COG0795	LptF	Lipopolysaccharide export LptBFGC system, permease protein LptF	HIMB1577_01186	-5
HIMB1577-00000000001	1117376	1118830	+	HIMB1577_01182	HIMB1577	484	OG0000405	K01255	leucyl aminopeptidase [EC:3.4.11.1]	COG0260	PepB	Leucyl aminopeptidase	HIMB1577_01186	-4
HIMB1577-00000000001	1118823	1119233	+	HIMB1577_01183	HIMB1577	136	OG0000480	K00940	nucleoside-diphosphate kinase [EC:2.7.4.6]	COG0105	Ndk	Nucleoside diphosphate kinase	HIMB1577_01186	-3
HIMB1577-00000000001	1119223	1119804	-	HIMB1577_01184	HIMB1577	193	OG0000035	K11175	phosphoribosylglycinamide formyltransferase 1 [EC:2.1.2.2]	COG0299	PurN	Folate-dependent phosphoribosylglycinamide formyltransferase PurN	HIMB1577_01186	-2
HIMB1577-00000000001	1119779	1120810	-	HIMB1577_01185	HIMB1577	343	OG0000574	K01933	phosphoribosylformylglycinamidine cyclo-ligase [EC:6.3.3.1]	COG0150	PurM	Phosphoribosylaminoimidazole (AIR) synthetase	HIMB1577_01186	-1
HIMB1577-00000000001	1120822	1121901	+	HIMB1577_01186	HIMB1577	359	OG0000916	NA	NA	NA	NA	NA	HIMB1577_01186	0
HIMB1577-00000000001	1121898	1122560	+	HIMB1577_01187	HIMB1577	220	OG0000690	NA	NA	COG0593	DnaA	Chromosomal replication initiation ATPase DnaA	HIMB1577_01186	1
HIMB1577-00000000001	1122561	1124345	+	HIMB1577_01188	HIMB1577	594	OG0000189	K01876	aspartyl-tRNA synthetase [EC:6.1.1.12]	COG0173	AspS	Aspartyl-tRNA synthetase	HIMB1577_01186	2
HIMB1577-00000000001	1124348	1125163	-	HIMB1577_01189	HIMB1577	271	OG0000284	NA	NA	NA	NA	NA	HIMB1577_01186	3
HIMB1577-00000000001	1125278	1125637	+	HIMB1577_01190	HIMB1577	119	OG0000369	NA	NA	COG3761	NDUFA12	NADH:ubiquinone oxidoreductase NDUFA12 subunit (Leigh syndrome)	HIMB1577_01186	4
HIMB1577-00000000001	1125600	1126001	+	HIMB1577_01191	HIMB1577	133	OG0000472	NA	NA	COG4765	NA	Uncharacterized conserved protein, DUF2155 domain	HIMB1577_01186	5
HIMB1587-00000000001	1472	2602	-	HIMB1587_00002	HIMB1587	376	OG0000932	NA	NA	COG0795	LptF	Lipopolysaccharide export LptBFGC system, permease protein LptF	HIMB1587_00007	-5
HIMB1587-00000000001	2663	4117	+	HIMB1587_00003	HIMB1587	484	OG0000405	K01255	leucyl aminopeptidase [EC:3.4.11.1]	COG0260	PepB	Leucyl aminopeptidase	HIMB1587_00007	-4
HIMB1587-00000000001	4110	4520	+	HIMB1587_00004	HIMB1587	136	OG0000480	K00940	nucleoside-diphosphate kinase [EC:2.7.4.6]	COG0105	Ndk	Nucleoside diphosphate kinase	HIMB1587_00007	-3
HIMB1587-00000000001	4510	5091	-	HIMB1587_00005	HIMB1587	193	OG0000035	K11175	phosphoribosylglycinamide formyltransferase 1 [EC:2.1.2.2]	COG0299	PurN	Folate-dependent phosphoribosylglycinamide formyltransferase PurN	HIMB1587_00007	-2
HIMB1587-00000000001	5069	6097	-	HIMB1587_00006	HIMB1587	342	OG0000574	K01933	phosphoribosylformylglycinamidine cyclo-ligase [EC:6.3.3.1]	COG0150	PurM	Phosphoribosylaminoimidazole (AIR) synthetase	HIMB1587_00007	-1
HIMB1587-00000000001	6109	7188	+	HIMB1587_00007	HIMB1587	359	OG0000916	NA	NA	NA	NA	NA	HIMB1587_00007	0
HIMB1587-00000000001	7185	7847	+	HIMB1587_00008	HIMB1587	220	OG0000690	NA	NA	COG0593	DnaA	Chromosomal replication initiation ATPase DnaA	HIMB1587_00007	1
HIMB1587-00000000001	7848	9632	+	HIMB1587_00009	HIMB1587	594	OG0000189	K01876	aspartyl-tRNA synthetase [EC:6.1.1.12]	COG0173	AspS	Aspartyl-tRNA synthetase	HIMB1587_00007	2
HIMB1587-00000000001	9635	10450	-	HIMB1587_00010	HIMB1587	271	OG0000284	NA	NA	NA	NA	NA	HIMB1587_00007	3
HIMB1587-00000000001	10565	10924	+	HIMB1587_00011	HIMB1587	119	OG0000369	NA	NA	COG3761	NDUFA12	NADH:ubiquinone oxidoreductase NDUFA12 subunit (Leigh syndrome)	HIMB1587_00007	4
HIMB1587-00000000001	10887	11288	+	HIMB1587_00012	HIMB1587	133	OG0000472	NA	NA	COG4765	NA	Uncharacterized conserved protein, DUF2155 domain	HIMB1587_00007	5
HIMB1593-00000000001	670285	671424	-	HIMB1593_00691	HIMB1593	379	OG0000932	NA	NA	COG0795	LptF	Lipopolysaccharide export LptBFGC system, permease protein LptF	HIMB1593_00696	-5
HIMB1593-00000000001	671484	672938	+	HIMB1593_00692	HIMB1593	484	OG0000405	K01255	leucyl aminopeptidase [EC:3.4.11.1]	COG0260	PepB	Leucyl aminopeptidase	HIMB1593_00696	-4
HIMB1593-00000000001	672931	673341	+	HIMB1593_00693	HIMB1593	136	OG0000480	K00940	nucleoside-diphosphate kinase [EC:2.7.4.6]	COG0105	Ndk	Nucleoside diphosphate kinase	HIMB1593_00696	-3
HIMB1593-00000000001	673331	673912	-	HIMB1593_00694	HIMB1593	193	OG0000035	K11175	phosphoribosylglycinamide formyltransferase 1 [EC:2.1.2.2]	COG0299	PurN	Folate-dependent phosphoribosylglycinamide formyltransferase PurN	HIMB1593_00696	-2
HIMB1593-00000000001	673887	674918	-	HIMB1593_00695	HIMB1593	343	OG0000574	K01933	phosphoribosylformylglycinamidine cyclo-ligase [EC:6.3.3.1]	COG0150	PurM	Phosphoribosylaminoimidazole (AIR) synthetase	HIMB1593_00696	-1
HIMB1593-00000000001	674930	676009	+	HIMB1593_00696	HIMB1593	359	OG0000916	NA	NA	NA	NA	NA	HIMB1593_00696	0
HIMB1593-00000000001	676006	676668	+	HIMB1593_00697	HIMB1593	220	OG0000690	NA	NA	COG0593	DnaA	Chromosomal replication initiation ATPase DnaA	HIMB1593_00696	1
HIMB1593-00000000001	676669	678453	+	HIMB1593_00698	HIMB1593	594	OG0000189	K01876	aspartyl-tRNA synthetase [EC:6.1.1.12]	COG0173	AspS	Aspartyl-tRNA synthetase	HIMB1593_00696	2
HIMB1593-00000000001	678456	679271	-	HIMB1593_00699	HIMB1593	271	OG0000284	NA	NA	NA	NA	NA	HIMB1593_00696	3
HIMB1593-00000000001	679386	679745	+	HIMB1593_00700	HIMB1593	119	OG0000369	NA	NA	COG3761	NDUFA12	NADH:ubiquinone oxidoreductase NDUFA12 subunit (Leigh syndrome)	HIMB1593_00696	4
HIMB1593-00000000001	679708	680109	+	HIMB1593_00701	HIMB1593	133	OG0000472	NA	NA	COG4765	NA	Uncharacterized conserved protein, DUF2155 domain	HIMB1593_00696	5
HIMB1597-00000000001	310853	311254	-	HIMB1597_00343	HIMB1597	133	OG0000472	NA	NA	COG4765	NA	Uncharacterized conserved protein, DUF2155 domain	HIMB1597_00348	-5
HIMB1597-00000000001	311217	311576	-	HIMB1597_00344	HIMB1597	119	OG0000369	NA	NA	COG3761	NDUFA12	NADH:ubiquinone oxidoreductase NDUFA12 subunit (Leigh syndrome)	HIMB1597_00348	-4
HIMB1597-00000000001	311691	312506	+	HIMB1597_00345	HIMB1597	271	OG0000284	NA	NA	NA	NA	NA	HIMB1597_00348	-3
HIMB1597-00000000001	312509	314293	-	HIMB1597_00346	HIMB1597	594	OG0000189	K01876	aspartyl-tRNA synthetase [EC:6.1.1.12]	COG0173	AspS	Aspartyl-tRNA synthetase	HIMB1597_00348	-2
HIMB1597-00000000001	314294	314956	-	HIMB1597_00347	HIMB1597	220	OG0000690	NA	NA	COG0593	DnaA	Chromosomal replication initiation ATPase DnaA	HIMB1597_00348	-1
HIMB1597-00000000001	314953	316032	-	HIMB1597_00348	HIMB1597	359	OG0000916	NA	NA	NA	NA	NA	HIMB1597_00348	0
HIMB1597-00000000001	316044	317072	+	HIMB1597_00349	HIMB1597	342	OG0000574	K01933	phosphoribosylformylglycinamidine cyclo-ligase [EC:6.3.3.1]	COG0150	PurM	Phosphoribosylaminoimidazole (AIR) synthetase	HIMB1597_00348	1
HIMB1597-00000000001	317050	317631	+	HIMB1597_00350	HIMB1597	193	OG0000035	K11175	phosphoribosylglycinamide formyltransferase 1 [EC:2.1.2.2]	COG0299	PurN	Folate-dependent phosphoribosylglycinamide formyltransferase PurN	HIMB1597_00348	2
HIMB1597-00000000001	317621	318031	-	HIMB1597_00351	HIMB1597	136	OG0000480	K00940	nucleoside-diphosphate kinase [EC:2.7.4.6]	COG0105	Ndk	Nucleoside diphosphate kinase	HIMB1597_00348	3
HIMB1597-00000000001	318024	319478	-	HIMB1597_00352	HIMB1597	484	OG0000405	K01255	leucyl aminopeptidase [EC:3.4.11.1]	COG0260	PepB	Leucyl aminopeptidase	HIMB1597_00348	4
HIMB1597-00000000001	319539	320669	+	HIMB1597_00353	HIMB1597	376	OG0000932	NA	NA	COG0795	LptF	Lipopolysaccharide export LptBFGC system, permease protein LptF	HIMB1597_00348	5
HIMB1611-00000000001	783372	783770	-	HIMB1611_00877	HIMB1611	132	OG0000472	NA	NA	COG4765	NA	Uncharacterized conserved protein, DUF2155 domain	HIMB1611_00882	-5
HIMB1611-00000000001	783736	784095	-	HIMB1611_00878	HIMB1611	119	OG0000369	NA	NA	COG3761	NDUFA12	NADH:ubiquinone oxidoreductase NDUFA12 subunit (Leigh syndrome)	HIMB1611_00882	-4
HIMB1611-00000000001	784210	785025	+	HIMB1611_00879	HIMB1611	271	OG0000284	NA	NA	NA	NA	NA	HIMB1611_00882	-3
HIMB1611-00000000001	785028	786812	-	HIMB1611_00880	HIMB1611	594	OG0000189	K01876	aspartyl-tRNA synthetase [EC:6.1.1.12]	COG0173	AspS	Aspartyl-tRNA synthetase	HIMB1611_00882	-2
HIMB1611-00000000001	786813	787475	-	HIMB1611_00881	HIMB1611	220	OG0000690	NA	NA	COG0593	DnaA	Chromosomal replication initiation ATPase DnaA	HIMB1611_00882	-1
HIMB1611-00000000001	787472	788551	-	HIMB1611_00882	HIMB1611	359	OG0000916	NA	NA	NA	NA	NA	HIMB1611_00882	0
HIMB1611-00000000001	788563	789594	+	HIMB1611_00883	HIMB1611	343	OG0000574	K01933	phosphoribosylformylglycinamidine cyclo-ligase [EC:6.3.3.1]	COG0150	PurM	Phosphoribosylaminoimidazole (AIR) synthetase	HIMB1611_00882	1
HIMB1611-00000000001	789569	790150	+	HIMB1611_00884	HIMB1611	193	OG0000035	K11175	phosphoribosylglycinamide formyltransferase 1 [EC:2.1.2.2]	COG0299	PurN	Folate-dependent phosphoribosylglycinamide formyltransferase PurN	HIMB1611_00882	2
HIMB1611-00000000001	790140	790550	-	HIMB1611_00885	HIMB1611	136	OG0000480	K00940	nucleoside-diphosphate kinase [EC:2.7.4.6]	COG0105	Ndk	Nucleoside diphosphate kinase	HIMB1611_00882	3
HIMB1611-00000000001	790543	791997	-	HIMB1611_00886	HIMB1611	484	OG0000405	K01255	leucyl aminopeptidase [EC:3.4.11.1]	COG0260	PepB	Leucyl aminopeptidase	HIMB1611_00882	4
HIMB1611-00000000001	792059	793186	+	HIMB1611_00887	HIMB1611	375	OG0000932	NA	NA	COG0795	LptF	Lipopolysaccharide export LptBFGC system, permease protein LptF	HIMB1611_00882	5
HIMB1623-00000000001	222592	222999	-	HIMB1623_00245	HIMB1623	135	OG0000472	NA	NA	COG4765	NA	Uncharacterized conserved protein, DUF2155 domain	HIMB1623_00250	-5
HIMB1623-00000000001	222962	223321	-	HIMB1623_00246	HIMB1623	119	OG0000369	NA	NA	COG3761	NDUFA12	NADH:ubiquinone oxidoreductase NDUFA12 subunit (Leigh syndrome)	HIMB1623_00250	-4
HIMB1623-00000000001	223434	224258	+	HIMB1623_00247	HIMB1623	274	OG0000284	NA	NA	NA	NA	NA	HIMB1623_00250	-3
HIMB1623-00000000001	224262	226046	-	HIMB1623_00248	HIMB1623	594	OG0000189	K01876	aspartyl-tRNA synthetase [EC:6.1.1.12]	COG0173	AspS	Aspartyl-tRNA synthetase	HIMB1623_00250	-2
HIMB1623-00000000001	226047	226709	-	HIMB1623_00249	HIMB1623	220	OG0000690	NA	NA	COG0593	DnaA	Chromosomal replication initiation ATPase DnaA	HIMB1623_00250	-1
HIMB1623-00000000001	226706	227785	-	HIMB1623_00250	HIMB1623	359	OG0000916	NA	NA	NA	NA	NA	HIMB1623_00250	0
HIMB1623-00000000001	227797	228825	+	HIMB1623_00251	HIMB1623	342	OG0000574	K01933	phosphoribosylformylglycinamidine cyclo-ligase [EC:6.3.3.1]	COG0150	PurM	Phosphoribosylaminoimidazole (AIR) synthetase	HIMB1623_00250	1
HIMB1623-00000000001	228803	229384	+	HIMB1623_00252	HIMB1623	193	OG0000035	K11175	phosphoribosylglycinamide formyltransferase 1 [EC:2.1.2.2]	COG0299	PurN	Folate-dependent phosphoribosylglycinamide formyltransferase PurN	HIMB1623_00250	2
HIMB1623-00000000001	229374	229784	-	HIMB1623_00253	HIMB1623	136	OG0000480	K00940	nucleoside-diphosphate kinase [EC:2.7.4.6]	COG0105	Ndk	Nucleoside diphosphate kinase	HIMB1623_00250	3
HIMB1623-00000000001	229777	231231	-	HIMB1623_00254	HIMB1623	484	OG0000405	K01255	leucyl aminopeptidase [EC:3.4.11.1]	COG0260	PepB	Leucyl aminopeptidase	HIMB1623_00250	4
HIMB1623-00000000001	231292	232413	+	HIMB1623_00255	HIMB1623	373	OG0000932	NA	NA	COG0795	LptF	Lipopolysaccharide export LptBFGC system, permease protein LptF	HIMB1623_00250	5
HIMB1631-00000000001	1466	2602	-	HIMB1631_00002	HIMB1631	378	OG0000932	NA	NA	COG0795	LptF	Lipopolysaccharide export LptBFGC system, permease protein LptF	HIMB1631_00007	-5
HIMB1631-00000000001	2664	4118	+	HIMB1631_00003	HIMB1631	484	OG0000405	K01255	leucyl aminopeptidase [EC:3.4.11.1]	COG0260	PepB	Leucyl aminopeptidase	HIMB1631_00007	-4
HIMB1631-00000000001	4111	4521	+	HIMB1631_00004	HIMB1631	136	OG0000480	K00940	nucleoside-diphosphate kinase [EC:2.7.4.6]	COG0105	Ndk	Nucleoside diphosphate kinase	HIMB1631_00007	-3
HIMB1631-00000000001	4511	5092	-	HIMB1631_00005	HIMB1631	193	OG0000035	K11175	phosphoribosylglycinamide formyltransferase 1 [EC:2.1.2.2]	COG0299	PurN	Folate-dependent phosphoribosylglycinamide formyltransferase PurN	HIMB1631_00007	-2
HIMB1631-00000000001	5067	6098	-	HIMB1631_00006	HIMB1631	343	OG0000574	K01933	phosphoribosylformylglycinamidine cyclo-ligase [EC:6.3.3.1]	COG0150	PurM	Phosphoribosylaminoimidazole (AIR) synthetase	HIMB1631_00007	-1
HIMB1631-00000000001	6110	7189	+	HIMB1631_00007	HIMB1631	359	OG0000916	NA	NA	NA	NA	NA	HIMB1631_00007	0
HIMB1631-00000000001	7186	7848	+	HIMB1631_00008	HIMB1631	220	OG0000690	NA	NA	COG0593	DnaA	Chromosomal replication initiation ATPase DnaA	HIMB1631_00007	1
HIMB1631-00000000001	7849	9633	+	HIMB1631_00009	HIMB1631	594	OG0000189	K01876	aspartyl-tRNA synthetase [EC:6.1.1.12]	COG0173	AspS	Aspartyl-tRNA synthetase	HIMB1631_00007	2
HIMB1631-00000000001	9636	10451	-	HIMB1631_00010	HIMB1631	271	OG0000284	NA	NA	NA	NA	NA	HIMB1631_00007	3
HIMB1631-00000000001	10566	10925	+	HIMB1631_00011	HIMB1631	119	OG0000369	NA	NA	COG3761	NDUFA12	NADH:ubiquinone oxidoreductase NDUFA12 subunit (Leigh syndrome)	HIMB1631_00007	4
HIMB1631-00000000001	10888	11289	+	HIMB1631_00012	HIMB1631	133	OG0000472	NA	NA	COG4765	NA	Uncharacterized conserved protein, DUF2155 domain	HIMB1631_00007	5
HIMB1636-00000000001	758395	758796	-	HIMB1636_00810	HIMB1636	133	OG0000472	NA	NA	COG4765	NA	Uncharacterized conserved protein, DUF2155 domain	HIMB1636_00815	-5
HIMB1636-00000000001	758759	759118	-	HIMB1636_00811	HIMB1636	119	OG0000369	NA	NA	COG3761	NDUFA12	NADH:ubiquinone oxidoreductase NDUFA12 subunit (Leigh syndrome)	HIMB1636_00815	-4
HIMB1636-00000000001	759233	760048	+	HIMB1636_00812	HIMB1636	271	OG0000284	NA	NA	NA	NA	NA	HIMB1636_00815	-3
HIMB1636-00000000001	760051	761835	-	HIMB1636_00813	HIMB1636	594	OG0000189	K01876	aspartyl-tRNA synthetase [EC:6.1.1.12]	COG0173	AspS	Aspartyl-tRNA synthetase	HIMB1636_00815	-2
HIMB1636-00000000001	761836	762498	-	HIMB1636_00814	HIMB1636	220	OG0000690	NA	NA	COG0593	DnaA	Chromosomal replication initiation ATPase DnaA	HIMB1636_00815	-1
HIMB1636-00000000001	762495	763574	-	HIMB1636_00815	HIMB1636	359	OG0000916	NA	NA	NA	NA	NA	HIMB1636_00815	0
HIMB1636-00000000001	763586	764617	+	HIMB1636_00816	HIMB1636	343	OG0000574	K01933	phosphoribosylformylglycinamidine cyclo-ligase [EC:6.3.3.1]	COG0150	PurM	Phosphoribosylaminoimidazole (AIR) synthetase	HIMB1636_00815	1
HIMB1636-00000000001	764592	765173	+	HIMB1636_00817	HIMB1636	193	OG0000035	K11175	phosphoribosylglycinamide formyltransferase 1 [EC:2.1.2.2]	COG0299	PurN	Folate-dependent phosphoribosylglycinamide formyltransferase PurN	HIMB1636_00815	2
HIMB1636-00000000001	765163	765573	-	HIMB1636_00818	HIMB1636	136	OG0000480	K00940	nucleoside-diphosphate kinase [EC:2.7.4.6]	COG0105	Ndk	Nucleoside diphosphate kinase	HIMB1636_00815	3
HIMB1636-00000000001	765566	767020	-	HIMB1636_00819	HIMB1636	484	OG0000405	K01255	leucyl aminopeptidase [EC:3.4.11.1]	COG0260	PepB	Leucyl aminopeptidase	HIMB1636_00815	4
HIMB1636-00000000001	767080	768222	+	HIMB1636_00820	HIMB1636	380	OG0000932	NA	NA	COG0795	LptF	Lipopolysaccharide export LptBFGC system, permease protein LptF	HIMB1636_00815	5
HIMB1641-00000000001	1351518	1351919	-	HIMB1641_01424	HIMB1641	133	OG0000472	NA	NA	COG4765	NA	Uncharacterized conserved protein, DUF2155 domain	HIMB1641_01429	-5
HIMB1641-00000000001	1351882	1352241	-	HIMB1641_01425	HIMB1641	119	OG0000369	NA	NA	COG3761	NDUFA12	NADH:ubiquinone oxidoreductase NDUFA12 subunit (Leigh syndrome)	HIMB1641_01429	-4
HIMB1641-00000000001	1352356	1353171	+	HIMB1641_01426	HIMB1641	271	OG0000284	NA	NA	NA	NA	NA	HIMB1641_01429	-3
HIMB1641-00000000001	1353174	1354958	-	HIMB1641_01427	HIMB1641	594	OG0000189	K01876	aspartyl-tRNA synthetase [EC:6.1.1.12]	COG0173	AspS	Aspartyl-tRNA synthetase	HIMB1641_01429	-2
HIMB1641-00000000001	1354959	1355621	-	HIMB1641_01428	HIMB1641	220	OG0000690	NA	NA	COG0593	DnaA	Chromosomal replication initiation ATPase DnaA	HIMB1641_01429	-1
HIMB1641-00000000001	1355618	1356697	-	HIMB1641_01429	HIMB1641	359	OG0000916	NA	NA	NA	NA	NA	HIMB1641_01429	0
HIMB1641-00000000001	1356709	1357740	+	HIMB1641_01430	HIMB1641	343	OG0000574	K01933	phosphoribosylformylglycinamidine cyclo-ligase [EC:6.3.3.1]	COG0150	PurM	Phosphoribosylaminoimidazole (AIR) synthetase	HIMB1641_01429	1
HIMB1641-00000000001	1357715	1358296	+	HIMB1641_01431	HIMB1641	193	OG0000035	K11175	phosphoribosylglycinamide formyltransferase 1 [EC:2.1.2.2]	COG0299	PurN	Folate-dependent phosphoribosylglycinamide formyltransferase PurN	HIMB1641_01429	2
HIMB1641-00000000001	1358286	1358696	-	HIMB1641_01432	HIMB1641	136	OG0000480	K00940	nucleoside-diphosphate kinase [EC:2.7.4.6]	COG0105	Ndk	Nucleoside diphosphate kinase	HIMB1641_01429	3
HIMB1641-00000000001	1358689	1360143	-	HIMB1641_01433	HIMB1641	484	OG0000405	K01255	leucyl aminopeptidase [EC:3.4.11.1]	COG0260	PepB	Leucyl aminopeptidase	HIMB1641_01429	4
HIMB1641-00000000001	1360203	1361345	+	HIMB1641_01434	HIMB1641	380	OG0000932	NA	NA	COG0795	LptF	Lipopolysaccharide export LptBFGC system, permease protein LptF	HIMB1641_01429	5
HIMB1662-00000000001	1333568	1333969	-	HIMB1662_01424	HIMB1662	133	OG0000472	NA	NA	COG4765	NA	Uncharacterized conserved protein, DUF2155 domain	HIMB1662_01429	-5
HIMB1662-00000000001	1333932	1334291	-	HIMB1662_01425	HIMB1662	119	OG0000369	NA	NA	COG3761	NDUFA12	NADH:ubiquinone oxidoreductase NDUFA12 subunit (Leigh syndrome)	HIMB1662_01429	-4
HIMB1662-00000000001	1334406	1335221	+	HIMB1662_01426	HIMB1662	271	OG0000284	NA	NA	NA	NA	NA	HIMB1662_01429	-3
HIMB1662-00000000001	1335224	1337008	-	HIMB1662_01427	HIMB1662	594	OG0000189	K01876	aspartyl-tRNA synthetase [EC:6.1.1.12]	COG0173	AspS	Aspartyl-tRNA synthetase	HIMB1662_01429	-2
HIMB1662-00000000001	1337009	1337671	-	HIMB1662_01428	HIMB1662	220	OG0000690	NA	NA	COG0593	DnaA	Chromosomal replication initiation ATPase DnaA	HIMB1662_01429	-1
HIMB1662-00000000001	1337668	1338747	-	HIMB1662_01429	HIMB1662	359	OG0000916	NA	NA	NA	NA	NA	HIMB1662_01429	0
HIMB1662-00000000001	1338759	1339790	+	HIMB1662_01430	HIMB1662	343	OG0000574	K01933	phosphoribosylformylglycinamidine cyclo-ligase [EC:6.3.3.1]	COG0150	PurM	Phosphoribosylaminoimidazole (AIR) synthetase	HIMB1662_01429	1
HIMB1662-00000000001	1339765	1340346	+	HIMB1662_01431	HIMB1662	193	OG0000035	K11175	phosphoribosylglycinamide formyltransferase 1 [EC:2.1.2.2]	COG0299	PurN	Folate-dependent phosphoribosylglycinamide formyltransferase PurN	HIMB1662_01429	2
HIMB1662-00000000001	1340336	1340746	-	HIMB1662_01432	HIMB1662	136	OG0000480	K00940	nucleoside-diphosphate kinase [EC:2.7.4.6]	COG0105	Ndk	Nucleoside diphosphate kinase	HIMB1662_01429	3
HIMB1662-00000000001	1340739	1342193	-	HIMB1662_01433	HIMB1662	484	OG0000405	K01255	leucyl aminopeptidase [EC:3.4.11.1]	COG0260	PepB	Leucyl aminopeptidase	HIMB1662_01429	4
HIMB1662-00000000001	1342253	1343395	+	HIMB1662_01434	HIMB1662	380	OG0000932	NA	NA	COG0795	LptF	Lipopolysaccharide export LptBFGC system, permease protein LptF	HIMB1662_01429	5
HIMB1685-00000000001	474091	474492	-	HIMB1685_00538	HIMB1685	133	OG0000472	NA	NA	COG4765	NA	Uncharacterized conserved protein, DUF2155 domain	HIMB1685_00543	-5
HIMB1685-00000000001	474455	474814	-	HIMB1685_00539	HIMB1685	119	OG0000369	NA	NA	COG3761	NDUFA12	NADH:ubiquinone oxidoreductase NDUFA12 subunit (Leigh syndrome)	HIMB1685_00543	-4
HIMB1685-00000000001	474929	475744	+	HIMB1685_00540	HIMB1685	271	OG0000284	NA	NA	NA	NA	NA	HIMB1685_00543	-3
HIMB1685-00000000001	475747	477531	-	HIMB1685_00541	HIMB1685	594	OG0000189	K01876	aspartyl-tRNA synthetase [EC:6.1.1.12]	COG0173	AspS	Aspartyl-tRNA synthetase	HIMB1685_00543	-2
HIMB1685-00000000001	477532	478194	-	HIMB1685_00542	HIMB1685	220	OG0000690	NA	NA	COG0593	DnaA	Chromosomal replication initiation ATPase DnaA	HIMB1685_00543	-1
HIMB1685-00000000001	478191	479270	-	HIMB1685_00543	HIMB1685	359	OG0000916	NA	NA	NA	NA	NA	HIMB1685_00543	0
HIMB1685-00000000001	479282	480313	+	HIMB1685_00544	HIMB1685	343	OG0000574	K01933	phosphoribosylformylglycinamidine cyclo-ligase [EC:6.3.3.1]	COG0150	PurM	Phosphoribosylaminoimidazole (AIR) synthetase	HIMB1685_00543	1
HIMB1685-00000000001	480288	480869	+	HIMB1685_00545	HIMB1685	193	OG0000035	K11175	phosphoribosylglycinamide formyltransferase 1 [EC:2.1.2.2]	COG0299	PurN	Folate-dependent phosphoribosylglycinamide formyltransferase PurN	HIMB1685_00543	2
HIMB1685-00000000001	480859	481269	-	HIMB1685_00546	HIMB1685	136	OG0000480	K00940	nucleoside-diphosphate kinase [EC:2.7.4.6]	COG0105	Ndk	Nucleoside diphosphate kinase	HIMB1685_00543	3
HIMB1685-00000000001	481262	482719	-	HIMB1685_00547	HIMB1685	485	OG0000405	K01255	leucyl aminopeptidase [EC:3.4.11.1]	COG0260	PepB	Leucyl aminopeptidase	HIMB1685_00543	4
HIMB1685-00000000001	482780	483913	+	HIMB1685_00548	HIMB1685	377	OG0000932	NA	NA	COG0795	LptF	Lipopolysaccharide export LptBFGC system, permease protein LptF	HIMB1685_00543	5
HIMB1695-00000000001	560600	561001	-	HIMB1695_00625	HIMB1695	133	OG0000472	NA	NA	COG4765	NA	Uncharacterized conserved protein, DUF2155 domain	HIMB1695_00630	-5
HIMB1695-00000000001	560964	561323	-	HIMB1695_00626	HIMB1695	119	OG0000369	NA	NA	COG3761	NDUFA12	NADH:ubiquinone oxidoreductase NDUFA12 subunit (Leigh syndrome)	HIMB1695_00630	-4
HIMB1695-00000000001	561438	562253	+	HIMB1695_00627	HIMB1695	271	OG0000284	NA	NA	NA	NA	NA	HIMB1695_00630	-3
HIMB1695-00000000001	562256	564040	-	HIMB1695_00628	HIMB1695	594	OG0000189	K01876	aspartyl-tRNA synthetase [EC:6.1.1.12]	COG0173	AspS	Aspartyl-tRNA synthetase	HIMB1695_00630	-2
HIMB1695-00000000001	564041	564703	-	HIMB1695_00629	HIMB1695	220	OG0000690	NA	NA	COG0593	DnaA	Chromosomal replication initiation ATPase DnaA	HIMB1695_00630	-1
HIMB1695-00000000001	564700	565779	-	HIMB1695_00630	HIMB1695	359	OG0000916	NA	NA	NA	NA	NA	HIMB1695_00630	0
HIMB1695-00000000001	565791	566822	+	HIMB1695_00631	HIMB1695	343	OG0000574	K01933	phosphoribosylformylglycinamidine cyclo-ligase [EC:6.3.3.1]	COG0150	PurM	Phosphoribosylaminoimidazole (AIR) synthetase	HIMB1695_00630	1
HIMB1695-00000000001	566797	567378	+	HIMB1695_00632	HIMB1695	193	OG0000035	K11175	phosphoribosylglycinamide formyltransferase 1 [EC:2.1.2.2]	COG0299	PurN	Folate-dependent phosphoribosylglycinamide formyltransferase PurN	HIMB1695_00630	2
HIMB1695-00000000001	567368	567778	-	HIMB1695_00633	HIMB1695	136	OG0000480	K00940	nucleoside-diphosphate kinase [EC:2.7.4.6]	COG0105	Ndk	Nucleoside diphosphate kinase	HIMB1695_00630	3
HIMB1695-00000000001	567771	569228	-	HIMB1695_00634	HIMB1695	485	OG0000405	K01255	leucyl aminopeptidase [EC:3.4.11.1]	COG0260	PepB	Leucyl aminopeptidase	HIMB1695_00630	4
HIMB1695-00000000001	569288	570424	+	HIMB1695_00635	HIMB1695	378	OG0000932	NA	NA	COG0795	LptF	Lipopolysaccharide export LptBFGC system, permease protein LptF	HIMB1695_00630	5
HIMB1701-00000000001	490152	490553	-	HIMB1701_00560	HIMB1701	133	OG0000472	NA	NA	COG4765	NA	Uncharacterized conserved protein, DUF2155 domain	HIMB1701_00565	-5
HIMB1701-00000000001	490516	490875	-	HIMB1701_00561	HIMB1701	119	OG0000369	NA	NA	COG3761	NDUFA12	NADH:ubiquinone oxidoreductase NDUFA12 subunit (Leigh syndrome)	HIMB1701_00565	-4
HIMB1701-00000000001	490990	491805	+	HIMB1701_00562	HIMB1701	271	OG0000284	NA	NA	NA	NA	NA	HIMB1701_00565	-3
HIMB1701-00000000001	491808	493592	-	HIMB1701_00563	HIMB1701	594	OG0000189	K01876	aspartyl-tRNA synthetase [EC:6.1.1.12]	COG0173	AspS	Aspartyl-tRNA synthetase	HIMB1701_00565	-2
HIMB1701-00000000001	493593	494255	-	HIMB1701_00564	HIMB1701	220	OG0000690	NA	NA	COG0593	DnaA	Chromosomal replication initiation ATPase DnaA	HIMB1701_00565	-1
HIMB1701-00000000001	494252	495331	-	HIMB1701_00565	HIMB1701	359	OG0000916	NA	NA	NA	NA	NA	HIMB1701_00565	0
HIMB1701-00000000001	495343	496374	+	HIMB1701_00566	HIMB1701	343	OG0000574	K01933	phosphoribosylformylglycinamidine cyclo-ligase [EC:6.3.3.1]	COG0150	PurM	Phosphoribosylaminoimidazole (AIR) synthetase	HIMB1701_00565	1
HIMB1701-00000000001	496349	496930	+	HIMB1701_00567	HIMB1701	193	OG0000035	K11175	phosphoribosylglycinamide formyltransferase 1 [EC:2.1.2.2]	COG0299	PurN	Folate-dependent phosphoribosylglycinamide formyltransferase PurN	HIMB1701_00565	2
HIMB1701-00000000001	496920	497336	-	HIMB1701_00568	HIMB1701	138	OG0000480	K00940	nucleoside-diphosphate kinase [EC:2.7.4.6]	COG0105	Ndk	Nucleoside diphosphate kinase	HIMB1701_00565	3
HIMB1701-00000000001	497323	498777	-	HIMB1701_00569	HIMB1701	484	OG0000405	K01255	leucyl aminopeptidase [EC:3.4.11.1]	COG0260	PepB	Leucyl aminopeptidase	HIMB1701_00565	4
HIMB1701-00000000001	498838	499989	+	HIMB1701_00570	HIMB1701	383	OG0000932	NA	NA	COG0795	LptF	Lipopolysaccharide export LptBFGC system, permease protein LptF	HIMB1701_00565	5
HIMB1702-00000000001	667074	668216	-	HIMB1702_00686	HIMB1702	380	OG0000932	NA	NA	COG0795	LptF	Lipopolysaccharide export LptBFGC system, permease protein LptF	HIMB1702_00691	-5
HIMB1702-00000000001	668276	669730	+	HIMB1702_00687	HIMB1702	484	OG0000405	K01255	leucyl aminopeptidase [EC:3.4.11.1]	COG0260	PepB	Leucyl aminopeptidase	HIMB1702_00691	-4
HIMB1702-00000000001	669723	670133	+	HIMB1702_00688	HIMB1702	136	OG0000480	K00940	nucleoside-diphosphate kinase [EC:2.7.4.6]	COG0105	Ndk	Nucleoside diphosphate kinase	HIMB1702_00691	-3
HIMB1702-00000000001	670123	670704	-	HIMB1702_00689	HIMB1702	193	OG0000035	K11175	phosphoribosylglycinamide formyltransferase 1 [EC:2.1.2.2]	COG0299	PurN	Folate-dependent phosphoribosylglycinamide formyltransferase PurN	HIMB1702_00691	-2
HIMB1702-00000000001	670679	671710	-	HIMB1702_00690	HIMB1702	343	OG0000574	K01933	phosphoribosylformylglycinamidine cyclo-ligase [EC:6.3.3.1]	COG0150	PurM	Phosphoribosylaminoimidazole (AIR) synthetase	HIMB1702_00691	-1
HIMB1702-00000000001	671722	672801	+	HIMB1702_00691	HIMB1702	359	OG0000916	NA	NA	NA	NA	NA	HIMB1702_00691	0
HIMB1702-00000000001	672798	673460	+	HIMB1702_00692	HIMB1702	220	OG0000690	NA	NA	COG0593	DnaA	Chromosomal replication initiation ATPase DnaA	HIMB1702_00691	1
HIMB1702-00000000001	673461	675245	+	HIMB1702_00693	HIMB1702	594	OG0000189	K01876	aspartyl-tRNA synthetase [EC:6.1.1.12]	COG0173	AspS	Aspartyl-tRNA synthetase	HIMB1702_00691	2
HIMB1702-00000000001	675248	676063	-	HIMB1702_00694	HIMB1702	271	OG0000284	NA	NA	NA	NA	NA	HIMB1702_00691	3
HIMB1702-00000000001	676178	676537	+	HIMB1702_00695	HIMB1702	119	OG0000369	NA	NA	COG3761	NDUFA12	NADH:ubiquinone oxidoreductase NDUFA12 subunit (Leigh syndrome)	HIMB1702_00691	4
HIMB1702-00000000001	676500	676901	+	HIMB1702_00696	HIMB1702	133	OG0000472	NA	NA	COG4765	NA	Uncharacterized conserved protein, DUF2155 domain	HIMB1702_00691	5
HIMB1709-00000000001	543434	543841	-	HIMB1709_00613	HIMB1709	135	OG0000472	NA	NA	COG4765	NA	Uncharacterized conserved protein, DUF2155 domain	HIMB1709_00618	-5
HIMB1709-00000000001	543804	544163	-	HIMB1709_00614	HIMB1709	119	OG0000369	NA	NA	COG3761	NDUFA12	NADH:ubiquinone oxidoreductase NDUFA12 subunit (Leigh syndrome)	HIMB1709_00618	-4
HIMB1709-00000000001	544277	545101	+	HIMB1709_00615	HIMB1709	274	OG0000284	NA	NA	NA	NA	NA	HIMB1709_00618	-3
HIMB1709-00000000001	545105	546829	-	HIMB1709_00616	HIMB1709	574	OG0000189	K01876	aspartyl-tRNA synthetase [EC:6.1.1.12]	COG0173	AspS	Aspartyl-tRNA synthetase	HIMB1709_00618	-2
HIMB1709-00000000001	546890	547552	-	HIMB1709_00617	HIMB1709	220	OG0000690	NA	NA	COG0593	DnaA	Chromosomal replication initiation ATPase DnaA	HIMB1709_00618	-1
HIMB1709-00000000001	547549	548628	-	HIMB1709_00618	HIMB1709	359	OG0000916	NA	NA	NA	NA	NA	HIMB1709_00618	0
HIMB1709-00000000001	548640	549668	+	HIMB1709_00619	HIMB1709	342	OG0000574	K01933	phosphoribosylformylglycinamidine cyclo-ligase [EC:6.3.3.1]	COG0150	PurM	Phosphoribosylaminoimidazole (AIR) synthetase	HIMB1709_00618	1
HIMB1709-00000000001	549646	550227	+	HIMB1709_00620	HIMB1709	193	OG0000035	K11175	phosphoribosylglycinamide formyltransferase 1 [EC:2.1.2.2]	COG0299	PurN	Folate-dependent phosphoribosylglycinamide formyltransferase PurN	HIMB1709_00618	2
HIMB1709-00000000001	550217	550627	-	HIMB1709_00621	HIMB1709	136	OG0000480	K00940	nucleoside-diphosphate kinase [EC:2.7.4.6]	COG0105	Ndk	Nucleoside diphosphate kinase	HIMB1709_00618	3
HIMB1709-00000000001	550620	552074	-	HIMB1709_00622	HIMB1709	484	OG0000405	K01255	leucyl aminopeptidase [EC:3.4.11.1]	COG0260	PepB	Leucyl aminopeptidase	HIMB1709_00618	4
HIMB1709-00000000001	552135	553256	+	HIMB1709_00623	HIMB1709	373	OG0000932	NA	NA	COG0795	LptF	Lipopolysaccharide export LptBFGC system, permease protein LptF	HIMB1709_00618	5
HIMB1710-00000000003	644036	645178	-	HIMB1710_00680	HIMB1710	380	OG0000932	NA	NA	COG0795	LptF	Lipopolysaccharide export LptBFGC system, permease protein LptF	HIMB1710_00685	-5
HIMB1710-00000000003	645238	646692	+	HIMB1710_00681	HIMB1710	484	OG0000405	K01255	leucyl aminopeptidase [EC:3.4.11.1]	COG0260	PepB	Leucyl aminopeptidase	HIMB1710_00685	-4
HIMB1710-00000000003	646685	647095	+	HIMB1710_00682	HIMB1710	136	OG0000480	K00940	nucleoside-diphosphate kinase [EC:2.7.4.6]	COG0105	Ndk	Nucleoside diphosphate kinase	HIMB1710_00685	-3
HIMB1710-00000000003	647085	647666	-	HIMB1710_00683	HIMB1710	193	OG0000035	K11175	phosphoribosylglycinamide formyltransferase 1 [EC:2.1.2.2]	COG0299	PurN	Folate-dependent phosphoribosylglycinamide formyltransferase PurN	HIMB1710_00685	-2
HIMB1710-00000000003	647641	648672	-	HIMB1710_00684	HIMB1710	343	OG0000574	K01933	phosphoribosylformylglycinamidine cyclo-ligase [EC:6.3.3.1]	COG0150	PurM	Phosphoribosylaminoimidazole (AIR) synthetase	HIMB1710_00685	-1
HIMB1710-00000000003	648684	649763	+	HIMB1710_00685	HIMB1710	359	OG0000916	NA	NA	NA	NA	NA	HIMB1710_00685	0
HIMB1710-00000000003	649760	650422	+	HIMB1710_00686	HIMB1710	220	OG0000690	NA	NA	COG0593	DnaA	Chromosomal replication initiation ATPase DnaA	HIMB1710_00685	1
HIMB1710-00000000003	650423	652207	+	HIMB1710_00687	HIMB1710	594	OG0000189	K01876	aspartyl-tRNA synthetase [EC:6.1.1.12]	COG0173	AspS	Aspartyl-tRNA synthetase	HIMB1710_00685	2
HIMB1710-00000000003	652210	653025	-	HIMB1710_00688	HIMB1710	271	OG0000284	NA	NA	NA	NA	NA	HIMB1710_00685	3
HIMB1710-00000000003	653140	653499	+	HIMB1710_00689	HIMB1710	119	OG0000369	NA	NA	COG3761	NDUFA12	NADH:ubiquinone oxidoreductase NDUFA12 subunit (Leigh syndrome)	HIMB1710_00685	4
HIMB1710-00000000003	653462	653863	+	HIMB1710_00690	HIMB1710	133	OG0000472	NA	NA	COG4765	NA	Uncharacterized conserved protein, DUF2155 domain	HIMB1710_00685	5
HIMB1723-00000000001	239579	239980	-	HIMB1723_00271	HIMB1723	133	OG0000472	NA	NA	COG4765	NA	Uncharacterized conserved protein, DUF2155 domain	HIMB1723_00276	-5
HIMB1723-00000000001	239943	240302	-	HIMB1723_00272	HIMB1723	119	OG0000369	NA	NA	COG3761	NDUFA12	NADH:ubiquinone oxidoreductase NDUFA12 subunit (Leigh syndrome)	HIMB1723_00276	-4
HIMB1723-00000000001	240417	241232	+	HIMB1723_00273	HIMB1723	271	OG0000284	NA	NA	NA	NA	NA	HIMB1723_00276	-3
HIMB1723-00000000001	241235	243019	-	HIMB1723_00274	HIMB1723	594	OG0000189	K01876	aspartyl-tRNA synthetase [EC:6.1.1.12]	COG0173	AspS	Aspartyl-tRNA synthetase	HIMB1723_00276	-2
HIMB1723-00000000001	243020	243682	-	HIMB1723_00275	HIMB1723	220	OG0000690	NA	NA	COG0593	DnaA	Chromosomal replication initiation ATPase DnaA	HIMB1723_00276	-1
HIMB1723-00000000001	243679	244758	-	HIMB1723_00276	HIMB1723	359	OG0000916	NA	NA	NA	NA	NA	HIMB1723_00276	0
HIMB1723-00000000001	244770	245801	+	HIMB1723_00277	HIMB1723	343	OG0000574	K01933	phosphoribosylformylglycinamidine cyclo-ligase [EC:6.3.3.1]	COG0150	PurM	Phosphoribosylaminoimidazole (AIR) synthetase	HIMB1723_00276	1
HIMB1723-00000000001	245776	246357	+	HIMB1723_00278	HIMB1723	193	OG0000035	K11175	phosphoribosylglycinamide formyltransferase 1 [EC:2.1.2.2]	COG0299	PurN	Folate-dependent phosphoribosylglycinamide formyltransferase PurN	HIMB1723_00276	2
HIMB1723-00000000001	246347	246757	-	HIMB1723_00279	HIMB1723	136	OG0000480	K00940	nucleoside-diphosphate kinase [EC:2.7.4.6]	COG0105	Ndk	Nucleoside diphosphate kinase	HIMB1723_00276	3
HIMB1723-00000000001	246750	248204	-	HIMB1723_00280	HIMB1723	484	OG0000405	K01255	leucyl aminopeptidase [EC:3.4.11.1]	COG0260	PepB	Leucyl aminopeptidase	HIMB1723_00276	4
HIMB1723-00000000001	248265	249404	+	HIMB1723_00281	HIMB1723	379	OG0000932	NA	NA	COG0795	LptF	Lipopolysaccharide export LptBFGC system, permease protein LptF	HIMB1723_00276	5
HIMB1746-00000000007	1103	2557	+	HIMB1746_01554	HIMB1746	484	OG0000405	K01255	leucyl aminopeptidase [EC:3.4.11.1]	COG0260	PepB	Leucyl aminopeptidase	HIMB1746_01558	-4
HIMB1746-00000000007	2550	2960	+	HIMB1746_01555	HIMB1746	136	OG0000480	K00940	nucleoside-diphosphate kinase [EC:2.7.4.6]	COG0105	Ndk	Nucleoside diphosphate kinase	HIMB1746_01558	-3
HIMB1746-00000000007	2950	3531	-	HIMB1746_01556	HIMB1746	193	OG0000035	K11175	phosphoribosylglycinamide formyltransferase 1 [EC:2.1.2.2]	COG0299	PurN	Folate-dependent phosphoribosylglycinamide formyltransferase PurN	HIMB1746_01558	-2
HIMB1746-00000000007	3506	4537	-	HIMB1746_01557	HIMB1746	343	OG0000574	K01933	phosphoribosylformylglycinamidine cyclo-ligase [EC:6.3.3.1]	COG0150	PurM	Phosphoribosylaminoimidazole (AIR) synthetase	HIMB1746_01558	-1
HIMB1746-00000000007	4549	5628	+	HIMB1746_01558	HIMB1746	359	OG0000916	NA	NA	NA	NA	NA	HIMB1746_01558	0
HIMB1746-00000000007	5625	6287	+	HIMB1746_01559	HIMB1746	220	OG0000690	NA	NA	COG0593	DnaA	Chromosomal replication initiation ATPase DnaA	HIMB1746_01558	1
HIMB1746-00000000007	6288	8072	+	HIMB1746_01560	HIMB1746	594	OG0000189	K01876	aspartyl-tRNA synthetase [EC:6.1.1.12]	COG0173	AspS	Aspartyl-tRNA synthetase	HIMB1746_01558	2
HIMB1746-00000000007	8077	8892	-	HIMB1746_01561	HIMB1746	271	OG0000284	NA	NA	NA	NA	NA	HIMB1746_01558	3
HIMB1746-00000000007	9007	9366	+	HIMB1746_01562	HIMB1746	119	OG0000369	NA	NA	COG3761	NDUFA12	NADH:ubiquinone oxidoreductase NDUFA12 subunit (Leigh syndrome)	HIMB1746_01558	4
HIMB1746-00000000007	9329	9730	+	HIMB1746_01563	HIMB1746	133	OG0000472	NA	NA	COG4765	NA	Uncharacterized conserved protein, DUF2155 domain	HIMB1746_01558	5
HIMB1748-00000000003	756942	757343	-	HIMB1748_01442	HIMB1748	133	OG0000472	NA	NA	COG4765	NA	Uncharacterized conserved protein, DUF2155 domain	HIMB1748_01447	-5
HIMB1748-00000000003	757306	757665	-	HIMB1748_01443	HIMB1748	119	OG0000369	NA	NA	COG3761	NDUFA12	NADH:ubiquinone oxidoreductase NDUFA12 subunit (Leigh syndrome)	HIMB1748_01447	-4
HIMB1748-00000000003	757780	758595	+	HIMB1748_01444	HIMB1748	271	OG0000284	NA	NA	NA	NA	NA	HIMB1748_01447	-3
HIMB1748-00000000003	758598	760382	-	HIMB1748_01445	HIMB1748	594	OG0000189	K01876	aspartyl-tRNA synthetase [EC:6.1.1.12]	COG0173	AspS	Aspartyl-tRNA synthetase	HIMB1748_01447	-2
HIMB1748-00000000003	760383	761045	-	HIMB1748_01446	HIMB1748	220	OG0000690	NA	NA	COG0593	DnaA	Chromosomal replication initiation ATPase DnaA	HIMB1748_01447	-1
HIMB1748-00000000003	761042	761269	-	HIMB1748_01447	HIMB1748	75	OG0000916	NA	NA	NA	NA	NA	HIMB1748_01447	0
HIMB1748-00000000003	761393	762121	-	HIMB1748_01448	HIMB1748	242	OG0000916	NA	NA	NA	NA	NA	HIMB1748_01447	1
HIMB1748-00000000003	762133	763164	+	HIMB1748_01449	HIMB1748	343	OG0000574	K01933	phosphoribosylformylglycinamidine cyclo-ligase [EC:6.3.3.1]	COG0150	PurM	Phosphoribosylaminoimidazole (AIR) synthetase	HIMB1748_01447	2
HIMB1748-00000000003	763139	763720	+	HIMB1748_01450	HIMB1748	193	OG0000035	K11175	phosphoribosylglycinamide formyltransferase 1 [EC:2.1.2.2]	COG0299	PurN	Folate-dependent phosphoribosylglycinamide formyltransferase PurN	HIMB1748_01447	3
HIMB1748-00000000003	763710	764120	-	HIMB1748_01451	HIMB1748	136	OG0000480	K00940	nucleoside-diphosphate kinase [EC:2.7.4.6]	COG0105	Ndk	Nucleoside diphosphate kinase	HIMB1748_01447	4
HIMB1748-00000000003	764113	765567	-	HIMB1748_01452	HIMB1748	484	OG0000405	K01255	leucyl aminopeptidase [EC:3.4.11.1]	COG0260	PepB	Leucyl aminopeptidase	HIMB1748_01447	5
HIMB1748-00000000003	757306	757665	-	HIMB1748_01443	HIMB1748	119	OG0000369	NA	NA	COG3761	NDUFA12	NADH:ubiquinone oxidoreductase NDUFA12 subunit (Leigh syndrome)	HIMB1748_01448	-5
HIMB1748-00000000003	757780	758595	+	HIMB1748_01444	HIMB1748	271	OG0000284	NA	NA	NA	NA	NA	HIMB1748_01448	-4
HIMB1748-00000000003	758598	760382	-	HIMB1748_01445	HIMB1748	594	OG0000189	K01876	aspartyl-tRNA synthetase [EC:6.1.1.12]	COG0173	AspS	Aspartyl-tRNA synthetase	HIMB1748_01448	-3
HIMB1748-00000000003	760383	761045	-	HIMB1748_01446	HIMB1748	220	OG0000690	NA	NA	COG0593	DnaA	Chromosomal replication initiation ATPase DnaA	HIMB1748_01448	-2
HIMB1748-00000000003	761042	761269	-	HIMB1748_01447	HIMB1748	75	OG0000916	NA	NA	NA	NA	NA	HIMB1748_01448	-1
HIMB1748-00000000003	761393	762121	-	HIMB1748_01448	HIMB1748	242	OG0000916	NA	NA	NA	NA	NA	HIMB1748_01448	0
HIMB1748-00000000003	762133	763164	+	HIMB1748_01449	HIMB1748	343	OG0000574	K01933	phosphoribosylformylglycinamidine cyclo-ligase [EC:6.3.3.1]	COG0150	PurM	Phosphoribosylaminoimidazole (AIR) synthetase	HIMB1748_01448	1
HIMB1748-00000000003	763139	763720	+	HIMB1748_01450	HIMB1748	193	OG0000035	K11175	phosphoribosylglycinamide formyltransferase 1 [EC:2.1.2.2]	COG0299	PurN	Folate-dependent phosphoribosylglycinamide formyltransferase PurN	HIMB1748_01448	2
HIMB1748-00000000003	763710	764120	-	HIMB1748_01451	HIMB1748	136	OG0000480	K00940	nucleoside-diphosphate kinase [EC:2.7.4.6]	COG0105	Ndk	Nucleoside diphosphate kinase	HIMB1748_01448	3
HIMB1748-00000000003	764113	765567	-	HIMB1748_01452	HIMB1748	484	OG0000405	K01255	leucyl aminopeptidase [EC:3.4.11.1]	COG0260	PepB	Leucyl aminopeptidase	HIMB1748_01448	4
HIMB1748-00000000003	765627	766769	+	HIMB1748_01453	HIMB1748	380	OG0000932	NA	NA	COG0795	LptF	Lipopolysaccharide export LptBFGC system, permease protein LptF	HIMB1748_01448	5
HIMB1758-00000000001	1447461	1447859	-	HIMB1758_01552	HIMB1758	132	OG0000472	NA	NA	COG4765	NA	Uncharacterized conserved protein, DUF2155 domain	HIMB1758_01557	-5
HIMB1758-00000000001	1447825	1448184	-	HIMB1758_01553	HIMB1758	119	OG0000369	NA	NA	COG3761	NDUFA12	NADH:ubiquinone oxidoreductase NDUFA12 subunit (Leigh syndrome)	HIMB1758_01557	-4
HIMB1758-00000000001	1448299	1449114	+	HIMB1758_01554	HIMB1758	271	OG0000284	NA	NA	NA	NA	NA	HIMB1758_01557	-3
HIMB1758-00000000001	1449117	1450901	-	HIMB1758_01555	HIMB1758	594	OG0000189	K01876	aspartyl-tRNA synthetase [EC:6.1.1.12]	COG0173	AspS	Aspartyl-tRNA synthetase	HIMB1758_01557	-2
HIMB1758-00000000001	1450902	1451564	-	HIMB1758_01556	HIMB1758	220	OG0000690	NA	NA	COG0593	DnaA	Chromosomal replication initiation ATPase DnaA	HIMB1758_01557	-1
HIMB1758-00000000001	1451561	1452640	-	HIMB1758_01557	HIMB1758	359	OG0000916	NA	NA	NA	NA	NA	HIMB1758_01557	0
HIMB1758-00000000001	1452652	1453683	+	HIMB1758_01558	HIMB1758	343	OG0000574	K01933	phosphoribosylformylglycinamidine cyclo-ligase [EC:6.3.3.1]	COG0150	PurM	Phosphoribosylaminoimidazole (AIR) synthetase	HIMB1758_01557	1
HIMB1758-00000000001	1453658	1454239	+	HIMB1758_01559	HIMB1758	193	OG0000035	K11175	phosphoribosylglycinamide formyltransferase 1 [EC:2.1.2.2]	COG0299	PurN	Folate-dependent phosphoribosylglycinamide formyltransferase PurN	HIMB1758_01557	2
HIMB1758-00000000001	1454229	1454639	-	HIMB1758_01560	HIMB1758	136	OG0000480	K00940	nucleoside-diphosphate kinase [EC:2.7.4.6]	COG0105	Ndk	Nucleoside diphosphate kinase	HIMB1758_01557	3
HIMB1758-00000000001	1454632	1456086	-	HIMB1758_01561	HIMB1758	484	OG0000405	K01255	leucyl aminopeptidase [EC:3.4.11.1]	COG0260	PepB	Leucyl aminopeptidase	HIMB1758_01557	4
HIMB1758-00000000001	1456148	1457275	+	HIMB1758_01562	HIMB1758	375	OG0000932	NA	NA	COG0795	LptF	Lipopolysaccharide export LptBFGC system, permease protein LptF	HIMB1758_01557	5
HIMB1765-00000000001	1361	2494	-	HIMB1765_00002	HIMB1765	377	OG0000932	NA	NA	COG0795	LptF	Lipopolysaccharide export LptBFGC system, permease protein LptF	HIMB1765_00007	-5
HIMB1765-00000000001	2555	4009	+	HIMB1765_00003	HIMB1765	484	OG0000405	K01255	leucyl aminopeptidase [EC:3.4.11.1]	COG0260	PepB	Leucyl aminopeptidase	HIMB1765_00007	-4
HIMB1765-00000000001	4002	4412	+	HIMB1765_00004	HIMB1765	136	OG0000480	K00940	nucleoside-diphosphate kinase [EC:2.7.4.6]	COG0105	Ndk	Nucleoside diphosphate kinase	HIMB1765_00007	-3
HIMB1765-00000000001	4402	4983	-	HIMB1765_00005	HIMB1765	193	OG0000035	K11175	phosphoribosylglycinamide formyltransferase 1 [EC:2.1.2.2]	COG0299	PurN	Folate-dependent phosphoribosylglycinamide formyltransferase PurN	HIMB1765_00007	-2
HIMB1765-00000000001	4958	5989	-	HIMB1765_00006	HIMB1765	343	OG0000574	K01933	phosphoribosylformylglycinamidine cyclo-ligase [EC:6.3.3.1]	COG0150	PurM	Phosphoribosylaminoimidazole (AIR) synthetase	HIMB1765_00007	-1
HIMB1765-00000000001	6001	7080	+	HIMB1765_00007	HIMB1765	359	OG0000916	NA	NA	NA	NA	NA	HIMB1765_00007	0
HIMB1765-00000000001	7077	7739	+	HIMB1765_00008	HIMB1765	220	OG0000690	NA	NA	COG0593	DnaA	Chromosomal replication initiation ATPase DnaA	HIMB1765_00007	1
HIMB1765-00000000001	7740	9524	+	HIMB1765_00009	HIMB1765	594	OG0000189	K01876	aspartyl-tRNA synthetase [EC:6.1.1.12]	COG0173	AspS	Aspartyl-tRNA synthetase	HIMB1765_00007	2
HIMB1765-00000000001	9527	10342	-	HIMB1765_00010	HIMB1765	271	OG0000284	NA	NA	NA	NA	NA	HIMB1765_00007	3
HIMB1765-00000000001	10456	10815	+	HIMB1765_00011	HIMB1765	119	OG0000369	NA	NA	COG3761	NDUFA12	NADH:ubiquinone oxidoreductase NDUFA12 subunit (Leigh syndrome)	HIMB1765_00007	4
HIMB1765-00000000001	10778	11179	+	HIMB1765_00012	HIMB1765	133	OG0000472	NA	NA	COG4765	NA	Uncharacterized conserved protein, DUF2155 domain	HIMB1765_00007	5
HIMB1770-00000000001	368563	368964	-	HIMB1770_00421	HIMB1770	133	OG0000472	NA	NA	COG4765	NA	Uncharacterized conserved protein, DUF2155 domain	HIMB1770_00426	-5
HIMB1770-00000000001	368927	369286	-	HIMB1770_00422	HIMB1770	119	OG0000369	NA	NA	COG3761	NDUFA12	NADH:ubiquinone oxidoreductase NDUFA12 subunit (Leigh syndrome)	HIMB1770_00426	-4
HIMB1770-00000000001	369401	370216	+	HIMB1770_00423	HIMB1770	271	OG0000284	NA	NA	NA	NA	NA	HIMB1770_00426	-3
HIMB1770-00000000001	370219	372003	-	HIMB1770_00424	HIMB1770	594	OG0000189	K01876	aspartyl-tRNA synthetase [EC:6.1.1.12]	COG0173	AspS	Aspartyl-tRNA synthetase	HIMB1770_00426	-2
HIMB1770-00000000001	372004	372666	-	HIMB1770_00425	HIMB1770	220	OG0000690	NA	NA	COG0593	DnaA	Chromosomal replication initiation ATPase DnaA	HIMB1770_00426	-1
HIMB1770-00000000001	372663	373742	-	HIMB1770_00426	HIMB1770	359	OG0000916	NA	NA	NA	NA	NA	HIMB1770_00426	0
HIMB1770-00000000001	373754	374785	+	HIMB1770_00427	HIMB1770	343	OG0000574	K01933	phosphoribosylformylglycinamidine cyclo-ligase [EC:6.3.3.1]	COG0150	PurM	Phosphoribosylaminoimidazole (AIR) synthetase	HIMB1770_00426	1
HIMB1770-00000000001	374760	375341	+	HIMB1770_00428	HIMB1770	193	OG0000035	K11175	phosphoribosylglycinamide formyltransferase 1 [EC:2.1.2.2]	COG0299	PurN	Folate-dependent phosphoribosylglycinamide formyltransferase PurN	HIMB1770_00426	2
HIMB1770-00000000001	375331	375741	-	HIMB1770_00429	HIMB1770	136	OG0000480	K00940	nucleoside-diphosphate kinase [EC:2.7.4.6]	COG0105	Ndk	Nucleoside diphosphate kinase	HIMB1770_00426	3
HIMB1770-00000000001	375734	377188	-	HIMB1770_00430	HIMB1770	484	OG0000405	K01255	leucyl aminopeptidase [EC:3.4.11.1]	COG0260	PepB	Leucyl aminopeptidase	HIMB1770_00426	4
HIMB1770-00000000001	377250	378389	+	HIMB1770_00431	HIMB1770	379	OG0000932	NA	NA	COG0795	LptF	Lipopolysaccharide export LptBFGC system, permease protein LptF	HIMB1770_00426	5
HIMB1782-00000000001	206132	206533	-	HIMB1782_00226	HIMB1782	133	OG0000472	NA	NA	COG4765	NA	Uncharacterized conserved protein, DUF2155 domain	HIMB1782_00231	-5
HIMB1782-00000000001	206496	206855	-	HIMB1782_00227	HIMB1782	119	OG0000369	NA	NA	COG3761	NDUFA12	NADH:ubiquinone oxidoreductase NDUFA12 subunit (Leigh syndrome)	HIMB1782_00231	-4
HIMB1782-00000000001	206970	207785	+	HIMB1782_00228	HIMB1782	271	OG0000284	NA	NA	NA	NA	NA	HIMB1782_00231	-3
HIMB1782-00000000001	207788	209572	-	HIMB1782_00229	HIMB1782	594	OG0000189	K01876	aspartyl-tRNA synthetase [EC:6.1.1.12]	COG0173	AspS	Aspartyl-tRNA synthetase	HIMB1782_00231	-2
HIMB1782-00000000001	209573	210235	-	HIMB1782_00230	HIMB1782	220	OG0000690	NA	NA	COG0593	DnaA	Chromosomal replication initiation ATPase DnaA	HIMB1782_00231	-1
HIMB1782-00000000001	210232	211311	-	HIMB1782_00231	HIMB1782	359	OG0000916	NA	NA	NA	NA	NA	HIMB1782_00231	0
HIMB1782-00000000001	211323	212351	+	HIMB1782_00232	HIMB1782	342	OG0000574	K01933	phosphoribosylformylglycinamidine cyclo-ligase [EC:6.3.3.1]	COG0150	PurM	Phosphoribosylaminoimidazole (AIR) synthetase	HIMB1782_00231	1
HIMB1782-00000000001	212329	212910	+	HIMB1782_00233	HIMB1782	193	OG0000035	K11175	phosphoribosylglycinamide formyltransferase 1 [EC:2.1.2.2]	COG0299	PurN	Folate-dependent phosphoribosylglycinamide formyltransferase PurN	HIMB1782_00231	2
HIMB1782-00000000001	212900	213310	-	HIMB1782_00234	HIMB1782	136	OG0000480	K00940	nucleoside-diphosphate kinase [EC:2.7.4.6]	COG0105	Ndk	Nucleoside diphosphate kinase	HIMB1782_00231	3
HIMB1782-00000000001	213303	214757	-	HIMB1782_00235	HIMB1782	484	OG0000405	K01255	leucyl aminopeptidase [EC:3.4.11.1]	COG0260	PepB	Leucyl aminopeptidase	HIMB1782_00231	4
HIMB1782-00000000001	214819	215964	+	HIMB1782_00236	HIMB1782	381	OG0000932	NA	NA	COG0795	LptF	Lipopolysaccharide export LptBFGC system, permease protein LptF	HIMB1782_00231	5
HIMB1863-00000000003	121278	121676	-	HIMB1863_00515	HIMB1863	132	OG0000472	NA	NA	COG4765	NA	Uncharacterized conserved protein, DUF2155 domain	HIMB1863_00520	-5
HIMB1863-00000000003	121639	121998	-	HIMB1863_00516	HIMB1863	119	OG0000369	NA	NA	COG3761	NDUFA12	NADH:ubiquinone oxidoreductase NDUFA12 subunit (Leigh syndrome)	HIMB1863_00520	-4
HIMB1863-00000000003	122117	122941	+	HIMB1863_00517	HIMB1863	274	OG0000284	NA	NA	NA	NA	NA	HIMB1863_00520	-3
HIMB1863-00000000003	122943	124721	-	HIMB1863_00518	HIMB1863	592	OG0000189	K01876	aspartyl-tRNA synthetase [EC:6.1.1.12]	COG0173	AspS	Aspartyl-tRNA synthetase	HIMB1863_00520	-2
HIMB1863-00000000003	124722	125396	-	HIMB1863_00519	HIMB1863	224	OG0000690	NA	NA	COG0593	DnaA	Chromosomal replication initiation ATPase DnaA	HIMB1863_00520	-1
HIMB1863-00000000003	125381	126454	-	HIMB1863_00520	HIMB1863	357	OG0000916	NA	NA	NA	NA	NA	HIMB1863_00520	0
HIMB1863-00000000003	126466	127494	+	HIMB1863_00521	HIMB1863	342	OG0000574	K01933	phosphoribosylformylglycinamidine cyclo-ligase [EC:6.3.3.1]	COG0150	PurM	Phosphoribosylaminoimidazole (AIR) synthetase	HIMB1863_00520	1
HIMB1863-00000000003	127472	128056	+	HIMB1863_00522	HIMB1863	194	OG0000035	K11175	phosphoribosylglycinamide formyltransferase 1 [EC:2.1.2.2]	COG0299	PurN	Folate-dependent phosphoribosylglycinamide formyltransferase PurN	HIMB1863_00520	2
HIMB1863-00000000003	128046	128456	-	HIMB1863_00523	HIMB1863	136	OG0000480	K00940	nucleoside-diphosphate kinase [EC:2.7.4.6]	COG0105	Ndk	Nucleoside diphosphate kinase	HIMB1863_00520	3
HIMB1863-00000000003	128449	129918	-	HIMB1863_00524	HIMB1863	489	OG0000405	K01255	leucyl aminopeptidase [EC:3.4.11.1]	COG0260	PepB	Leucyl aminopeptidase	HIMB1863_00520	4
HIMB2104-00000000006	121385	121783	-	HIMB2104_01008	HIMB2104	132	OG0000472	NA	NA	COG4765	NA	Uncharacterized conserved protein, DUF2155 domain	HIMB2104_01013	-5
HIMB2104-00000000006	121746	122105	-	HIMB2104_01009	HIMB2104	119	OG0000369	NA	NA	COG3761	NDUFA12	NADH:ubiquinone oxidoreductase NDUFA12 subunit (Leigh syndrome)	HIMB2104_01013	-4
HIMB2104-00000000006	122224	123048	+	HIMB2104_01010	HIMB2104	274	OG0000284	NA	NA	NA	NA	NA	HIMB2104_01013	-3
HIMB2104-00000000006	123050	124828	-	HIMB2104_01011	HIMB2104	592	OG0000189	K01876	aspartyl-tRNA synthetase [EC:6.1.1.12]	COG0173	AspS	Aspartyl-tRNA synthetase	HIMB2104_01013	-2
HIMB2104-00000000006	124829	125503	-	HIMB2104_01012	HIMB2104	224	OG0000690	NA	NA	COG0593	DnaA	Chromosomal replication initiation ATPase DnaA	HIMB2104_01013	-1
HIMB2104-00000000006	125488	126564	-	HIMB2104_01013	HIMB2104	358	OG0000916	NA	NA	NA	NA	NA	HIMB2104_01013	0
HIMB2104-00000000006	126576	127604	+	HIMB2104_01014	HIMB2104	342	OG0000574	K01933	phosphoribosylformylglycinamidine cyclo-ligase [EC:6.3.3.1]	COG0150	PurM	Phosphoribosylaminoimidazole (AIR) synthetase	HIMB2104_01013	1
HIMB2104-00000000006	127582	128166	+	HIMB2104_01015	HIMB2104	194	OG0000035	K11175	phosphoribosylglycinamide formyltransferase 1 [EC:2.1.2.2]	COG0299	PurN	Folate-dependent phosphoribosylglycinamide formyltransferase PurN	HIMB2104_01013	2
HIMB2104-00000000006	128156	128566	-	HIMB2104_01016	HIMB2104	136	OG0000480	K00940	nucleoside-diphosphate kinase [EC:2.7.4.6]	COG0105	Ndk	Nucleoside diphosphate kinase	HIMB2104_01013	3
HIMB2104-00000000006	128559	130028	-	HIMB2104_01017	HIMB2104	489	OG0000405	K01255	leucyl aminopeptidase [EC:3.4.11.1]	COG0260	PepB	Leucyl aminopeptidase	HIMB2104_01013	4
HIMB2104-00000000006	131058	131192	-	HIMB2104_01018	HIMB2104	44	OG0004430	NA	NA	NA	NA	NA	HIMB2104_01013	5
HIMB2187-00000000001	303338	303745	-	HIMB2187_00347	HIMB2187	135	OG0000472	NA	NA	COG4765	NA	Uncharacterized conserved protein, DUF2155 domain	HIMB2187_00352	-5
HIMB2187-00000000001	303711	304070	-	HIMB2187_00348	HIMB2187	119	OG0000369	NA	NA	COG3761	NDUFA12	NADH:ubiquinone oxidoreductase NDUFA12 subunit (Leigh syndrome)	HIMB2187_00352	-4
HIMB2187-00000000001	304184	305008	+	HIMB2187_00349	HIMB2187	274	OG0000284	NA	NA	NA	NA	NA	HIMB2187_00352	-3
HIMB2187-00000000001	305009	306793	-	HIMB2187_00350	HIMB2187	594	OG0000189	K01876	aspartyl-tRNA synthetase [EC:6.1.1.12]	COG0173	AspS	Aspartyl-tRNA synthetase	HIMB2187_00352	-2
HIMB2187-00000000001	306794	307456	-	HIMB2187_00351	HIMB2187	220	OG0000690	NA	NA	COG0593	DnaA	Chromosomal replication initiation ATPase DnaA	HIMB2187_00352	-1
HIMB2187-00000000001	307453	308514	-	HIMB2187_00352	HIMB2187	353	OG0000916	NA	NA	NA	NA	NA	HIMB2187_00352	0
HIMB2187-00000000001	308538	309569	+	HIMB2187_00353	HIMB2187	343	OG0000574	K01933	phosphoribosylformylglycinamidine cyclo-ligase [EC:6.3.3.1]	COG0150	PurM	Phosphoribosylaminoimidazole (AIR) synthetase	HIMB2187_00352	1
HIMB2187-00000000001	309544	310125	+	HIMB2187_00354	HIMB2187	193	OG0000035	K11175	phosphoribosylglycinamide formyltransferase 1 [EC:2.1.2.2]	COG0299	PurN	Folate-dependent phosphoribosylglycinamide formyltransferase PurN	HIMB2187_00352	2
HIMB2187-00000000001	310115	310525	-	HIMB2187_00355	HIMB2187	136	OG0000480	K00940	nucleoside-diphosphate kinase [EC:2.7.4.6]	COG0105	Ndk	Nucleoside diphosphate kinase	HIMB2187_00352	3
HIMB2187-00000000001	310518	311972	-	HIMB2187_00356	HIMB2187	484	OG0000405	K01255	leucyl aminopeptidase [EC:3.4.11.1]	COG0260	PepB	Leucyl aminopeptidase	HIMB2187_00352	4
HIMB2187-00000000001	312033	313154	+	HIMB2187_00357	HIMB2187	373	OG0000932	NA	NA	COG0795	LptF	Lipopolysaccharide export LptBFGC system, permease protein LptF	HIMB2187_00352	5
HIMB2200-00000000004	133126	133524	-	HIMB2200_00598	HIMB2200	132	OG0000472	NA	NA	COG4765	NA	Uncharacterized conserved protein, DUF2155 domain	HIMB2200_00603	-5
HIMB2200-00000000004	133487	133846	-	HIMB2200_00599	HIMB2200	119	OG0000369	NA	NA	COG3761	NDUFA12	NADH:ubiquinone oxidoreductase NDUFA12 subunit (Leigh syndrome)	HIMB2200_00603	-4
HIMB2200-00000000004	133966	134790	+	HIMB2200_00600	HIMB2200	274	OG0000284	NA	NA	NA	NA	NA	HIMB2200_00603	-3
HIMB2200-00000000004	134792	136570	-	HIMB2200_00601	HIMB2200	592	OG0000189	K01876	aspartyl-tRNA synthetase [EC:6.1.1.12]	COG0173	AspS	Aspartyl-tRNA synthetase	HIMB2200_00603	-2
HIMB2200-00000000004	136571	137245	-	HIMB2200_00602	HIMB2200	224	OG0000690	NA	NA	COG0593	DnaA	Chromosomal replication initiation ATPase DnaA	HIMB2200_00603	-1
HIMB2200-00000000004	137230	138306	-	HIMB2200_00603	HIMB2200	358	OG0000916	NA	NA	NA	NA	NA	HIMB2200_00603	0
HIMB2200-00000000004	138318	139346	+	HIMB2200_00604	HIMB2200	342	OG0000574	K01933	phosphoribosylformylglycinamidine cyclo-ligase [EC:6.3.3.1]	COG0150	PurM	Phosphoribosylaminoimidazole (AIR) synthetase	HIMB2200_00603	1
HIMB2200-00000000004	139324	139908	+	HIMB2200_00605	HIMB2200	194	OG0000035	K11175	phosphoribosylglycinamide formyltransferase 1 [EC:2.1.2.2]	COG0299	PurN	Folate-dependent phosphoribosylglycinamide formyltransferase PurN	HIMB2200_00603	2
HIMB2200-00000000004	139898	140308	-	HIMB2200_00606	HIMB2200	136	OG0000480	K00940	nucleoside-diphosphate kinase [EC:2.7.4.6]	COG0105	Ndk	Nucleoside diphosphate kinase	HIMB2200_00603	3
HIMB2200-00000000004	140301	141770	-	HIMB2200_00607	HIMB2200	489	OG0000405	K01255	leucyl aminopeptidase [EC:3.4.11.1]	COG0260	PepB	Leucyl aminopeptidase	HIMB2200_00603	4
HIMB2200-00000000004	142797	142931	-	HIMB2200_00608	HIMB2200	44	OG0004430	NA	NA	NA	NA	NA	HIMB2200_00603	5
HIMB2201-00000000001	112678	113820	-	HIMB2201_00116	HIMB2201	380	OG0000932	NA	NA	COG0795	LptF	Lipopolysaccharide export LptBFGC system, permease protein LptF	HIMB2201_00121	-5
HIMB2201-00000000001	113882	115336	+	HIMB2201_00117	HIMB2201	484	OG0000405	K01255	leucyl aminopeptidase [EC:3.4.11.1]	COG0260	PepB	Leucyl aminopeptidase	HIMB2201_00121	-4
HIMB2201-00000000001	115329	115739	+	HIMB2201_00118	HIMB2201	136	OG0000480	K00940	nucleoside-diphosphate kinase [EC:2.7.4.6]	COG0105	Ndk	Nucleoside diphosphate kinase	HIMB2201_00121	-3
HIMB2201-00000000001	115729	116310	-	HIMB2201_00119	HIMB2201	193	OG0000035	K11175	phosphoribosylglycinamide formyltransferase 1 [EC:2.1.2.2]	COG0299	PurN	Folate-dependent phosphoribosylglycinamide formyltransferase PurN	HIMB2201_00121	-2
HIMB2201-00000000001	116285	117316	-	HIMB2201_00120	HIMB2201	343	OG0000574	K01933	phosphoribosylformylglycinamidine cyclo-ligase [EC:6.3.3.1]	COG0150	PurM	Phosphoribosylaminoimidazole (AIR) synthetase	HIMB2201_00121	-1
HIMB2201-00000000001	117328	118416	+	HIMB2201_00121	HIMB2201	362	OG0000916	NA	NA	NA	NA	NA	HIMB2201_00121	0
HIMB2201-00000000001	118403	119065	+	HIMB2201_00122	HIMB2201	220	OG0000690	NA	NA	COG0593	DnaA	Chromosomal replication initiation ATPase DnaA	HIMB2201_00121	1
HIMB2201-00000000001	119066	120850	+	HIMB2201_00123	HIMB2201	594	OG0000189	K01876	aspartyl-tRNA synthetase [EC:6.1.1.12]	COG0173	AspS	Aspartyl-tRNA synthetase	HIMB2201_00121	2
HIMB2201-00000000001	120852	121676	-	HIMB2201_00124	HIMB2201	274	OG0000284	NA	NA	NA	NA	NA	HIMB2201_00121	3
HIMB2201-00000000001	121791	122150	+	HIMB2201_00125	HIMB2201	119	OG0000369	NA	NA	COG3761	NDUFA12	NADH:ubiquinone oxidoreductase NDUFA12 subunit (Leigh syndrome)	HIMB2201_00121	4
HIMB2201-00000000001	122113	122520	+	HIMB2201_00126	HIMB2201	135	OG0000472	NA	NA	COG4765	NA	Uncharacterized conserved protein, DUF2155 domain	HIMB2201_00121	5
HIMB2204-00000000001	226061	226459	-	HIMB2204_00253	HIMB2204	132	OG0000472	NA	NA	COG4765	NA	Uncharacterized conserved protein, DUF2155 domain	HIMB2204_00258	-5
HIMB2204-00000000001	226422	226781	-	HIMB2204_00254	HIMB2204	119	OG0000369	NA	NA	COG3761	NDUFA12	NADH:ubiquinone oxidoreductase NDUFA12 subunit (Leigh syndrome)	HIMB2204_00258	-4
HIMB2204-00000000001	226901	227725	+	HIMB2204_00255	HIMB2204	274	OG0000284	NA	NA	NA	NA	NA	HIMB2204_00258	-3
HIMB2204-00000000001	227727	229505	-	HIMB2204_00256	HIMB2204	592	OG0000189	K01876	aspartyl-tRNA synthetase [EC:6.1.1.12]	COG0173	AspS	Aspartyl-tRNA synthetase	HIMB2204_00258	-2
HIMB2204-00000000001	229506	230180	-	HIMB2204_00257	HIMB2204	224	OG0000690	NA	NA	COG0593	DnaA	Chromosomal replication initiation ATPase DnaA	HIMB2204_00258	-1
HIMB2204-00000000001	230165	231241	-	HIMB2204_00258	HIMB2204	358	OG0000916	NA	NA	NA	NA	NA	HIMB2204_00258	0
HIMB2204-00000000001	231253	232281	+	HIMB2204_00259	HIMB2204	342	OG0000574	K01933	phosphoribosylformylglycinamidine cyclo-ligase [EC:6.3.3.1]	COG0150	PurM	Phosphoribosylaminoimidazole (AIR) synthetase	HIMB2204_00258	1
HIMB2204-00000000001	232259	232843	+	HIMB2204_00260	HIMB2204	194	OG0000035	K11175	phosphoribosylglycinamide formyltransferase 1 [EC:2.1.2.2]	COG0299	PurN	Folate-dependent phosphoribosylglycinamide formyltransferase PurN	HIMB2204_00258	2
HIMB2204-00000000001	232833	233243	-	HIMB2204_00261	HIMB2204	136	OG0000480	K00940	nucleoside-diphosphate kinase [EC:2.7.4.6]	COG0105	Ndk	Nucleoside diphosphate kinase	HIMB2204_00258	3
HIMB2204-00000000001	233236	234705	-	HIMB2204_00262	HIMB2204	489	OG0000405	K01255	leucyl aminopeptidase [EC:3.4.11.1]	COG0260	PepB	Leucyl aminopeptidase	HIMB2204_00258	4
HIMB2204-00000000001	234788	235924	+	HIMB2204_00263	HIMB2204	378	OG0000932	NA	NA	COG0795	LptF	Lipopolysaccharide export LptBFGC system, permease protein LptF	HIMB2204_00258	5
HIMB2211-00000000001	770066	770467	-	HIMB2211_00844	HIMB2211	133	OG0000472	NA	NA	COG4765	NA	Uncharacterized conserved protein, DUF2155 domain	HIMB2211_00849	-5
HIMB2211-00000000001	770430	770789	-	HIMB2211_00845	HIMB2211	119	OG0000369	NA	NA	COG3761	NDUFA12	NADH:ubiquinone oxidoreductase NDUFA12 subunit (Leigh syndrome)	HIMB2211_00849	-4
HIMB2211-00000000001	770904	771719	+	HIMB2211_00846	HIMB2211	271	OG0000284	NA	NA	NA	NA	NA	HIMB2211_00849	-3
HIMB2211-00000000001	771722	773506	-	HIMB2211_00847	HIMB2211	594	OG0000189	K01876	aspartyl-tRNA synthetase [EC:6.1.1.12]	COG0173	AspS	Aspartyl-tRNA synthetase	HIMB2211_00849	-2
HIMB2211-00000000001	773507	774169	-	HIMB2211_00848	HIMB2211	220	OG0000690	NA	NA	COG0593	DnaA	Chromosomal replication initiation ATPase DnaA	HIMB2211_00849	-1
HIMB2211-00000000001	774166	775245	-	HIMB2211_00849	HIMB2211	359	OG0000916	NA	NA	NA	NA	NA	HIMB2211_00849	0
HIMB2211-00000000001	775257	776288	+	HIMB2211_00850	HIMB2211	343	OG0000574	K01933	phosphoribosylformylglycinamidine cyclo-ligase [EC:6.3.3.1]	COG0150	PurM	Phosphoribosylaminoimidazole (AIR) synthetase	HIMB2211_00849	1
HIMB2211-00000000001	776263	776844	+	HIMB2211_00851	HIMB2211	193	OG0000035	K11175	phosphoribosylglycinamide formyltransferase 1 [EC:2.1.2.2]	COG0299	PurN	Folate-dependent phosphoribosylglycinamide formyltransferase PurN	HIMB2211_00849	2
HIMB2211-00000000001	776834	777244	-	HIMB2211_00852	HIMB2211	136	OG0000480	K00940	nucleoside-diphosphate kinase [EC:2.7.4.6]	COG0105	Ndk	Nucleoside diphosphate kinase	HIMB2211_00849	3
HIMB2211-00000000001	777237	778691	-	HIMB2211_00853	HIMB2211	484	OG0000405	K01255	leucyl aminopeptidase [EC:3.4.11.1]	COG0260	PepB	Leucyl aminopeptidase	HIMB2211_00849	4
HIMB2211-00000000001	778753	779877	+	HIMB2211_00854	HIMB2211	374	OG0000932	NA	NA	COG0795	LptF	Lipopolysaccharide export LptBFGC system, permease protein LptF	HIMB2211_00849	5
HIMB2215-00000000005	18	1487	+	HIMB2215_00836	HIMB2215	489	OG0000405	K01255	leucyl aminopeptidase [EC:3.4.11.1]	COG0260	PepB	Leucyl aminopeptidase	HIMB2215_00840	-4
HIMB2215-00000000005	1480	1890	+	HIMB2215_00837	HIMB2215	136	OG0000480	K00940	nucleoside-diphosphate kinase [EC:2.7.4.6]	COG0105	Ndk	Nucleoside diphosphate kinase	HIMB2215_00840	-3
HIMB2215-00000000005	1880	2464	-	HIMB2215_00838	HIMB2215	194	OG0000035	K11175	phosphoribosylglycinamide formyltransferase 1 [EC:2.1.2.2]	COG0299	PurN	Folate-dependent phosphoribosylglycinamide formyltransferase PurN	HIMB2215_00840	-2
HIMB2215-00000000005	2442	3470	-	HIMB2215_00839	HIMB2215	342	OG0000574	K01933	phosphoribosylformylglycinamidine cyclo-ligase [EC:6.3.3.1]	COG0150	PurM	Phosphoribosylaminoimidazole (AIR) synthetase	HIMB2215_00840	-1
HIMB2215-00000000005	3482	4558	+	HIMB2215_00840	HIMB2215	358	OG0000916	NA	NA	NA	NA	NA	HIMB2215_00840	0
HIMB2215-00000000005	4543	5217	+	HIMB2215_00841	HIMB2215	224	OG0000690	NA	NA	COG0593	DnaA	Chromosomal replication initiation ATPase DnaA	HIMB2215_00840	1
HIMB2215-00000000005	5218	6996	+	HIMB2215_00842	HIMB2215	592	OG0000189	K01876	aspartyl-tRNA synthetase [EC:6.1.1.12]	COG0173	AspS	Aspartyl-tRNA synthetase	HIMB2215_00840	2
HIMB2215-00000000005	6998	7822	-	HIMB2215_00843	HIMB2215	274	OG0000284	NA	NA	NA	NA	NA	HIMB2215_00840	3
HIMB2215-00000000005	7942	8301	+	HIMB2215_00844	HIMB2215	119	OG0000369	NA	NA	COG3761	NDUFA12	NADH:ubiquinone oxidoreductase NDUFA12 subunit (Leigh syndrome)	HIMB2215_00840	4
HIMB2215-00000000005	8264	8662	+	HIMB2215_00845	HIMB2215	132	OG0000472	NA	NA	COG4765	NA	Uncharacterized conserved protein, DUF2155 domain	HIMB2215_00840	5
HIMB2226-00000000001	42930	43334	-	HIMB2226_00053	HIMB2226	134	OG0000472	NA	NA	COG4765	NA	Uncharacterized conserved protein, DUF2155 domain	HIMB2226_00058	-5
HIMB2226-00000000001	43300	43659	-	HIMB2226_00054	HIMB2226	119	OG0000369	NA	NA	COG3761	NDUFA12	NADH:ubiquinone oxidoreductase NDUFA12 subunit (Leigh syndrome)	HIMB2226_00058	-4
HIMB2226-00000000001	43773	44597	+	HIMB2226_00055	HIMB2226	274	OG0000284	NA	NA	NA	NA	NA	HIMB2226_00058	-3
HIMB2226-00000000001	44598	46382	-	HIMB2226_00056	HIMB2226	594	OG0000189	K01876	aspartyl-tRNA synthetase [EC:6.1.1.12]	COG0173	AspS	Aspartyl-tRNA synthetase	HIMB2226_00058	-2
HIMB2226-00000000001	46383	47045	-	HIMB2226_00057	HIMB2226	220	OG0000690	NA	NA	COG0593	DnaA	Chromosomal replication initiation ATPase DnaA	HIMB2226_00058	-1
HIMB2226-00000000001	47042	48103	-	HIMB2226_00058	HIMB2226	353	OG0000916	NA	NA	NA	NA	NA	HIMB2226_00058	0
HIMB2226-00000000001	48127	49155	+	HIMB2226_00059	HIMB2226	342	OG0000574	K01933	phosphoribosylformylglycinamidine cyclo-ligase [EC:6.3.3.1]	COG0150	PurM	Phosphoribosylaminoimidazole (AIR) synthetase	HIMB2226_00058	1
HIMB2226-00000000001	49133	49714	+	HIMB2226_00060	HIMB2226	193	OG0000035	K11175	phosphoribosylglycinamide formyltransferase 1 [EC:2.1.2.2]	COG0299	PurN	Folate-dependent phosphoribosylglycinamide formyltransferase PurN	HIMB2226_00058	2
HIMB2226-00000000001	49704	50114	-	HIMB2226_00061	HIMB2226	136	OG0000480	K00940	nucleoside-diphosphate kinase [EC:2.7.4.6]	COG0105	Ndk	Nucleoside diphosphate kinase	HIMB2226_00058	3
HIMB2226-00000000001	50107	51561	-	HIMB2226_00062	HIMB2226	484	OG0000405	K01255	leucyl aminopeptidase [EC:3.4.11.1]	COG0260	PepB	Leucyl aminopeptidase	HIMB2226_00058	4
HIMB2226-00000000001	51620	52744	+	HIMB2226_00063	HIMB2226	374	OG0000932	NA	NA	COG0795	LptF	Lipopolysaccharide export LptBFGC system, permease protein LptF	HIMB2226_00058	5
HIMB2250-00000000001	830731	831138	-	HIMB2250_00904	HIMB2250	135	OG0000472	NA	NA	COG4765	NA	Uncharacterized conserved protein, DUF2155 domain	HIMB2250_00909	-5
HIMB2250-00000000001	831101	831460	-	HIMB2250_00905	HIMB2250	119	OG0000369	NA	NA	COG3761	NDUFA12	NADH:ubiquinone oxidoreductase NDUFA12 subunit (Leigh syndrome)	HIMB2250_00909	-4
HIMB2250-00000000001	831575	832399	+	HIMB2250_00906	HIMB2250	274	OG0000284	NA	NA	NA	NA	NA	HIMB2250_00909	-3
HIMB2250-00000000001	832401	834185	-	HIMB2250_00907	HIMB2250	594	OG0000189	K01876	aspartyl-tRNA synthetase [EC:6.1.1.12]	COG0173	AspS	Aspartyl-tRNA synthetase	HIMB2250_00909	-2
HIMB2250-00000000001	834186	834848	-	HIMB2250_00908	HIMB2250	220	OG0000690	NA	NA	COG0593	DnaA	Chromosomal replication initiation ATPase DnaA	HIMB2250_00909	-1
HIMB2250-00000000001	834835	835923	-	HIMB2250_00909	HIMB2250	362	OG0000916	NA	NA	NA	NA	NA	HIMB2250_00909	0
HIMB2250-00000000001	835935	836963	+	HIMB2250_00910	HIMB2250	342	OG0000574	K01933	phosphoribosylformylglycinamidine cyclo-ligase [EC:6.3.3.1]	COG0150	PurM	Phosphoribosylaminoimidazole (AIR) synthetase	HIMB2250_00909	1
HIMB2250-00000000001	836941	837522	+	HIMB2250_00911	HIMB2250	193	OG0000035	K11175	phosphoribosylglycinamide formyltransferase 1 [EC:2.1.2.2]	COG0299	PurN	Folate-dependent phosphoribosylglycinamide formyltransferase PurN	HIMB2250_00909	2
HIMB2250-00000000001	837512	837922	-	HIMB2250_00912	HIMB2250	136	OG0000480	K00940	nucleoside-diphosphate kinase [EC:2.7.4.6]	COG0105	Ndk	Nucleoside diphosphate kinase	HIMB2250_00909	3
HIMB2250-00000000001	837915	839369	-	HIMB2250_00913	HIMB2250	484	OG0000405	K01255	leucyl aminopeptidase [EC:3.4.11.1]	COG0260	PepB	Leucyl aminopeptidase	HIMB2250_00909	4
HIMB2250-00000000001	839430	840572	+	HIMB2250_00914	HIMB2250	380	OG0000932	NA	NA	COG0795	LptF	Lipopolysaccharide export LptBFGC system, permease protein LptF	HIMB2250_00909	5
HIMB2305-00000000012	150877	151284	-	HIMB2305_01200	HIMB2305	135	OG0000472	NA	NA	COG4765	NA	Uncharacterized conserved protein, DUF2155 domain	HIMB2305_01205	-5
HIMB2305-00000000012	151247	151606	-	HIMB2305_01201	HIMB2305	119	OG0000369	NA	NA	COG3761	NDUFA12	NADH:ubiquinone oxidoreductase NDUFA12 subunit (Leigh syndrome)	HIMB2305_01205	-4
HIMB2305-00000000012	151714	152544	+	HIMB2305_01202	HIMB2305	276	OG0000284	NA	NA	NA	NA	NA	HIMB2305_01205	-3
HIMB2305-00000000012	152545	154329	-	HIMB2305_01203	HIMB2305	594	OG0000189	K01876	aspartyl-tRNA synthetase [EC:6.1.1.12]	COG0173	AspS	Aspartyl-tRNA synthetase	HIMB2305_01205	-2
HIMB2305-00000000012	154331	154987	-	HIMB2305_01204	HIMB2305	218	OG0000690	NA	NA	COG0593	DnaA	Chromosomal replication initiation ATPase DnaA	HIMB2305_01205	-1
HIMB2305-00000000012	154984	156057	-	HIMB2305_01205	HIMB2305	357	OG0000916	NA	NA	NA	NA	NA	HIMB2305_01205	0
HIMB2305-00000000012	156070	157092	+	HIMB2305_01206	HIMB2305	340	OG0000574	K01933	phosphoribosylformylglycinamidine cyclo-ligase [EC:6.3.3.1]	COG0150	PurM	Phosphoribosylaminoimidazole (AIR) synthetase	HIMB2305_01205	1
HIMB2305-00000000012	157073	157651	+	HIMB2305_01207	HIMB2305	192	OG0000035	K11175	phosphoribosylglycinamide formyltransferase 1 [EC:2.1.2.2]	COG0299	PurN	Folate-dependent phosphoribosylglycinamide formyltransferase PurN	HIMB2305_01205	2
HIMB2305-00000000012	157648	158058	-	HIMB2305_01208	HIMB2305	136	OG0000480	K00940	nucleoside-diphosphate kinase [EC:2.7.4.6]	COG0105	Ndk	Nucleoside diphosphate kinase	HIMB2305_01205	3
HIMB2305-00000000012	158051	159475	-	HIMB2305_01209	HIMB2305	474	OG0000405	K01255	leucyl aminopeptidase [EC:3.4.11.1]	COG0260	PepB	Leucyl aminopeptidase	HIMB2305_01205	4
NZ_JBPPFS010000001.1	118961	119368	-	HIMB4_00128	HIMB4	135	OG0000472	NA	NA	COG4765	NA	Uncharacterized conserved protein, DUF2155 domain	HIMB4_00133	-5
NZ_JBPPFS010000001.1	119328	119693	-	HIMB4_00129	HIMB4	121	OG0000369	NA	NA	COG3761	NDUFA12	NADH:ubiquinone oxidoreductase NDUFA12 subunit (Leigh syndrome)	HIMB4_00133	-4
NZ_JBPPFS010000001.1	119808	120629	+	HIMB4_00130	HIMB4	273	OG0000284	NA	NA	NA	NA	NA	HIMB4_00133	-3
NZ_JBPPFS010000001.1	120630	122417	-	HIMB4_00131	HIMB4	595	OG0000189	K01876	aspartyl-tRNA synthetase [EC:6.1.1.12]	COG0173	AspS	Aspartyl-tRNA synthetase	HIMB4_00133	-2
NZ_JBPPFS010000001.1	122418	123080	-	HIMB4_00132	HIMB4	220	OG0000690	NA	NA	COG0593	DnaA	Chromosomal replication initiation ATPase DnaA	HIMB4_00133	-1
NZ_JBPPFS010000001.1	123077	124132	-	HIMB4_00133	HIMB4	351	OG0000916	NA	NA	NA	NA	NA	HIMB4_00133	0
NZ_JBPPFS010000001.1	124148	125176	+	HIMB4_00134	HIMB4	342	OG0000574	K01933	phosphoribosylformylglycinamidine cyclo-ligase [EC:6.3.3.1]	COG0150	PurM	Phosphoribosylaminoimidazole (AIR) synthetase	HIMB4_00133	1
NZ_JBPPFS010000001.1	125154	125738	+	HIMB4_00135	HIMB4	194	OG0000035	K11175	phosphoribosylglycinamide formyltransferase 1 [EC:2.1.2.2]	COG0299	PurN	Folate-dependent phosphoribosylglycinamide formyltransferase PurN	HIMB4_00133	2
NZ_JBPPFS010000001.1	125742	126152	-	HIMB4_00136	HIMB4	136	OG0000480	K00940	nucleoside-diphosphate kinase [EC:2.7.4.6]	COG0105	Ndk	Nucleoside diphosphate kinase	HIMB4_00133	3
NZ_JBPPFS010000001.1	126145	127605	-	HIMB4_00137	HIMB4	486	OG0000405	K01255	leucyl aminopeptidase [EC:3.4.11.1]	COG0260	PepB	Leucyl aminopeptidase	HIMB4_00133	4
NZ_JBPPFS010000001.1	127673	128767	+	HIMB4_00138	HIMB4	364	OG0000932	NA	NA	COG0795	LptF	Lipopolysaccharide export LptBFGC system, permease protein LptF	HIMB4_00133	5
CP003809.1	288085	289212	-	HIMB5_00297	HIMB5	375	OG0000932	NA	NA	COG0795	LptF	Lipopolysaccharide export LptBFGC system, permease protein LptF	HIMB5_00302	-5
CP003809.1	289272	290741	+	HIMB5_00298	HIMB5	489	OG0000405	K01255	leucyl aminopeptidase [EC:3.4.11.1]	COG0260	PepB	Leucyl aminopeptidase	HIMB5_00302	-4
CP003809.1	290734	291144	+	HIMB5_00299	HIMB5	136	OG0000480	K00940	nucleoside-diphosphate kinase [EC:2.7.4.6]	COG0105	Ndk	Nucleoside diphosphate kinase	HIMB5_00302	-3
CP003809.1	291134	291718	-	HIMB5_00300	HIMB5	194	OG0000035	K11175	phosphoribosylglycinamide formyltransferase 1 [EC:2.1.2.2]	COG0299	PurN	Folate-dependent phosphoribosylglycinamide formyltransferase PurN	HIMB5_00302	-2
CP003809.1	291696	292730	-	HIMB5_00301	HIMB5	344	OG0000574	K01933	phosphoribosylformylglycinamidine cyclo-ligase [EC:6.3.3.1]	COG0150	PurM	Phosphoribosylaminoimidazole (AIR) synthetase	HIMB5_00302	-1
CP003809.1	292742	293812	+	HIMB5_00302	HIMB5	356	OG0000916	NA	NA	NA	NA	NA	HIMB5_00302	0
CP003809.1	293809	294474	+	HIMB5_00303	HIMB5	221	OG0000690	NA	NA	COG0593	DnaA	Chromosomal replication initiation ATPase DnaA	HIMB5_00302	1
CP003809.1	294471	296255	+	HIMB5_00304	HIMB5	594	OG0000189	K01876	aspartyl-tRNA synthetase [EC:6.1.1.12]	COG0173	AspS	Aspartyl-tRNA synthetase	HIMB5_00302	2
CP003809.1	296252	297082	-	HIMB5_00305	HIMB5	276	OG0000284	NA	NA	NA	NA	NA	HIMB5_00302	3
CP003809.1	297185	297544	+	HIMB5_00306	HIMB5	119	OG0000369	NA	NA	COG3761	NDUFA12	NADH:ubiquinone oxidoreductase NDUFA12 subunit (Leigh syndrome)	HIMB5_00302	4
CP003809.1	297507	297893	+	HIMB5_00307	HIMB5	128	OG0000472	NA	NA	COG4765	NA	Uncharacterized conserved protein, DUF2155 domain	HIMB5_00302	5
CH724130.1	501330	501737	-	HTCC1002_00550	HTCC1002	135	OG0000472	NA	NA	COG4765	NA	Uncharacterized conserved protein, DUF2155 domain	HTCC1002_00555	-5
CH724130.1	501697	502056	-	HTCC1002_00551	HTCC1002	119	OG0000369	NA	NA	COG3761	NDUFA12	NADH:ubiquinone oxidoreductase NDUFA12 subunit (Leigh syndrome)	HTCC1002_00555	-4
CH724130.1	502172	502993	+	HTCC1002_00552	HTCC1002	273	OG0000284	NA	NA	NA	NA	NA	HTCC1002_00555	-3
CH724130.1	502996	504780	-	HTCC1002_00553	HTCC1002	594	OG0000189	K01876	aspartyl-tRNA synthetase [EC:6.1.1.12]	COG0173	AspS	Aspartyl-tRNA synthetase	HTCC1002_00555	-2
CH724130.1	504781	505443	-	HTCC1002_00554	HTCC1002	220	OG0000690	NA	NA	COG0593	DnaA	Chromosomal replication initiation ATPase DnaA	HTCC1002_00555	-1
CH724130.1	505440	506519	-	HTCC1002_00555	HTCC1002	359	OG0000916	NA	NA	NA	NA	NA	HTCC1002_00555	0
CH724130.1	506531	507559	+	HTCC1002_00556	HTCC1002	342	OG0000574	K01933	phosphoribosylformylglycinamidine cyclo-ligase [EC:6.3.3.1]	COG0150	PurM	Phosphoribosylaminoimidazole (AIR) synthetase	HTCC1002_00555	1
CH724130.1	507537	508115	+	HTCC1002_00557	HTCC1002	192	OG0000035	K11175	phosphoribosylglycinamide formyltransferase 1 [EC:2.1.2.2]	COG0299	PurN	Folate-dependent phosphoribosylglycinamide formyltransferase PurN	HTCC1002_00555	2
CH724130.1	508112	508522	-	HTCC1002_00558	HTCC1002	136	OG0000480	K00940	nucleoside-diphosphate kinase [EC:2.7.4.6]	COG0105	Ndk	Nucleoside diphosphate kinase	HTCC1002_00555	3
CH724130.1	508515	509972	-	HTCC1002_00559	HTCC1002	485	OG0000405	K01255	leucyl aminopeptidase [EC:3.4.11.1]	COG0260	PepB	Leucyl aminopeptidase	HTCC1002_00555	4
CH724130.1	510034	511170	+	HTCC1002_00560	HTCC1002	378	OG0000932	NA	NA	COG0795	LptF	Lipopolysaccharide export LptBFGC system, permease protein LptF	HTCC1002_00555	5
KI421437.1	191145	191552	-	HTCC1013_00201	HTCC1013	135	OG0000472	NA	NA	COG4765	NA	Uncharacterized conserved protein, DUF2155 domain	HTCC1013_00206	-5
KI421437.1	191512	191871	-	HTCC1013_00202	HTCC1013	119	OG0000369	NA	NA	COG3761	NDUFA12	NADH:ubiquinone oxidoreductase NDUFA12 subunit (Leigh syndrome)	HTCC1013_00206	-4
KI421437.1	191987	192808	+	HTCC1013_00203	HTCC1013	273	OG0000284	NA	NA	NA	NA	NA	HTCC1013_00206	-3
KI421437.1	192811	194595	-	HTCC1013_00204	HTCC1013	594	OG0000189	K01876	aspartyl-tRNA synthetase [EC:6.1.1.12]	COG0173	AspS	Aspartyl-tRNA synthetase	HTCC1013_00206	-2
KI421437.1	194596	195258	-	HTCC1013_00205	HTCC1013	220	OG0000690	NA	NA	COG0593	DnaA	Chromosomal replication initiation ATPase DnaA	HTCC1013_00206	-1
KI421437.1	195255	196334	-	HTCC1013_00206	HTCC1013	359	OG0000916	NA	NA	NA	NA	NA	HTCC1013_00206	0
KI421437.1	196346	197374	+	HTCC1013_00207	HTCC1013	342	OG0000574	K01933	phosphoribosylformylglycinamidine cyclo-ligase [EC:6.3.3.1]	COG0150	PurM	Phosphoribosylaminoimidazole (AIR) synthetase	HTCC1013_00206	1
KI421437.1	197352	197930	+	HTCC1013_00208	HTCC1013	192	OG0000035	K11175	phosphoribosylglycinamide formyltransferase 1 [EC:2.1.2.2]	COG0299	PurN	Folate-dependent phosphoribosylglycinamide formyltransferase PurN	HTCC1013_00206	2
KI421437.1	197927	198337	-	HTCC1013_00209	HTCC1013	136	OG0000480	K00940	nucleoside-diphosphate kinase [EC:2.7.4.6]	COG0105	Ndk	Nucleoside diphosphate kinase	HTCC1013_00206	3
KI421437.1	198330	199787	-	HTCC1013_00210	HTCC1013	485	OG0000405	K01255	leucyl aminopeptidase [EC:3.4.11.1]	COG0260	PepB	Leucyl aminopeptidase	HTCC1013_00206	4
KI421437.1	199849	200985	+	HTCC1013_00211	HTCC1013	378	OG0000932	NA	NA	COG0795	LptF	Lipopolysaccharide export LptBFGC system, permease protein LptF	HTCC1013_00206	5
A3QGDRAFT_scaffold_0.1	611979	613115	-	HTCC1016_00651	HTCC1016	378	OG0000932	NA	NA	COG0795	LptF	Lipopolysaccharide export LptBFGC system, permease protein LptF	HTCC1016_00656	-5
A3QGDRAFT_scaffold_0.1	613177	614634	+	HTCC1016_00652	HTCC1016	485	OG0000405	K01255	leucyl aminopeptidase [EC:3.4.11.1]	COG0260	PepB	Leucyl aminopeptidase	HTCC1016_00656	-4
A3QGDRAFT_scaffold_0.1	614627	615037	+	HTCC1016_00653	HTCC1016	136	OG0000480	K00940	nucleoside-diphosphate kinase [EC:2.7.4.6]	COG0105	Ndk	Nucleoside diphosphate kinase	HTCC1016_00656	-3
A3QGDRAFT_scaffold_0.1	615034	615612	-	HTCC1016_00654	HTCC1016	192	OG0000035	K11175	phosphoribosylglycinamide formyltransferase 1 [EC:2.1.2.2]	COG0299	PurN	Folate-dependent phosphoribosylglycinamide formyltransferase PurN	HTCC1016_00656	-2
A3QGDRAFT_scaffold_0.1	615590	616618	-	HTCC1016_00655	HTCC1016	342	OG0000574	K01933	phosphoribosylformylglycinamidine cyclo-ligase [EC:6.3.3.1]	COG0150	PurM	Phosphoribosylaminoimidazole (AIR) synthetase	HTCC1016_00656	-1
A3QGDRAFT_scaffold_0.1	616630	617709	+	HTCC1016_00656	HTCC1016	359	OG0000916	NA	NA	NA	NA	NA	HTCC1016_00656	0
A3QGDRAFT_scaffold_0.1	617706	618368	+	HTCC1016_00657	HTCC1016	220	OG0000690	NA	NA	COG0593	DnaA	Chromosomal replication initiation ATPase DnaA	HTCC1016_00656	1
A3QGDRAFT_scaffold_0.1	618369	620153	+	HTCC1016_00658	HTCC1016	594	OG0000189	K01876	aspartyl-tRNA synthetase [EC:6.1.1.12]	COG0173	AspS	Aspartyl-tRNA synthetase	HTCC1016_00656	2
A3QGDRAFT_scaffold_0.1	620156	620977	-	HTCC1016_00659	HTCC1016	273	OG0000284	NA	NA	NA	NA	NA	HTCC1016_00656	3
A3QGDRAFT_scaffold_0.1	621093	621452	+	HTCC1016_00660	HTCC1016	119	OG0000369	NA	NA	COG3761	NDUFA12	NADH:ubiquinone oxidoreductase NDUFA12 subunit (Leigh syndrome)	HTCC1016_00656	4
A3QGDRAFT_scaffold_0.1	621412	621819	+	HTCC1016_00661	HTCC1016	135	OG0000472	NA	NA	COG4765	NA	Uncharacterized conserved protein, DUF2155 domain	HTCC1016_00656	5
ARVY01000001.1	544643	545779	-	HTCC1040_00573	HTCC1040	378	OG0000932	NA	NA	COG0795	LptF	Lipopolysaccharide export LptBFGC system, permease protein LptF	HTCC1040_00578	-5
ARVY01000001.1	545840	547297	+	HTCC1040_00574	HTCC1040	485	OG0000405	K01255	leucyl aminopeptidase [EC:3.4.11.1]	COG0260	PepB	Leucyl aminopeptidase	HTCC1040_00578	-4
ARVY01000001.1	547290	547700	+	HTCC1040_00575	HTCC1040	136	OG0000480	K00940	nucleoside-diphosphate kinase [EC:2.7.4.6]	COG0105	Ndk	Nucleoside diphosphate kinase	HTCC1040_00578	-3
ARVY01000001.1	547697	548275	-	HTCC1040_00576	HTCC1040	192	OG0000035	K11175	phosphoribosylglycinamide formyltransferase 1 [EC:2.1.2.2]	COG0299	PurN	Folate-dependent phosphoribosylglycinamide formyltransferase PurN	HTCC1040_00578	-2
ARVY01000001.1	548253	549281	-	HTCC1040_00577	HTCC1040	342	OG0000574	K01933	phosphoribosylformylglycinamidine cyclo-ligase [EC:6.3.3.1]	COG0150	PurM	Phosphoribosylaminoimidazole (AIR) synthetase	HTCC1040_00578	-1
ARVY01000001.1	549293	550372	+	HTCC1040_00578	HTCC1040	359	OG0000916	NA	NA	NA	NA	NA	HTCC1040_00578	0
ARVY01000001.1	550369	551031	+	HTCC1040_00579	HTCC1040	220	OG0000690	NA	NA	COG0593	DnaA	Chromosomal replication initiation ATPase DnaA	HTCC1040_00578	1
ARVY01000001.1	551032	552816	+	HTCC1040_00580	HTCC1040	594	OG0000189	K01876	aspartyl-tRNA synthetase [EC:6.1.1.12]	COG0173	AspS	Aspartyl-tRNA synthetase	HTCC1040_00578	2
ARVY01000001.1	552819	553640	-	HTCC1040_00581	HTCC1040	273	OG0000284	NA	NA	NA	NA	NA	HTCC1040_00578	3
ARVY01000001.1	553756	554115	+	HTCC1040_00582	HTCC1040	119	OG0000369	NA	NA	COG3761	NDUFA12	NADH:ubiquinone oxidoreductase NDUFA12 subunit (Leigh syndrome)	HTCC1040_00578	4
ARVY01000001.1	554075	554482	+	HTCC1040_00583	HTCC1040	135	OG0000472	NA	NA	COG4765	NA	Uncharacterized conserved protein, DUF2155 domain	HTCC1040_00578	5
CP000084.1	698741	699877	-	HTCC1062_00726	HTCC1062	378	OG0000932	NA	NA	COG0795	LptF	Lipopolysaccharide export LptBFGC system, permease protein LptF	HTCC1062_00731	-5
CP000084.1	699939	701396	+	HTCC1062_00727	HTCC1062	485	OG0000405	K01255	leucyl aminopeptidase [EC:3.4.11.1]	COG0260	PepB	Leucyl aminopeptidase	HTCC1062_00731	-4
CP000084.1	701389	701799	+	HTCC1062_00728	HTCC1062	136	OG0000480	K00940	nucleoside-diphosphate kinase [EC:2.7.4.6]	COG0105	Ndk	Nucleoside diphosphate kinase	HTCC1062_00731	-3
CP000084.1	701796	702374	-	HTCC1062_00729	HTCC1062	192	OG0000035	K11175	phosphoribosylglycinamide formyltransferase 1 [EC:2.1.2.2]	COG0299	PurN	Folate-dependent phosphoribosylglycinamide formyltransferase PurN	HTCC1062_00731	-2
CP000084.1	702352	703380	-	HTCC1062_00730	HTCC1062	342	OG0000574	K01933	phosphoribosylformylglycinamidine cyclo-ligase [EC:6.3.3.1]	COG0150	PurM	Phosphoribosylaminoimidazole (AIR) synthetase	HTCC1062_00731	-1
CP000084.1	703392	704471	+	HTCC1062_00731	HTCC1062	359	OG0000916	NA	NA	NA	NA	NA	HTCC1062_00731	0
CP000084.1	704468	705130	+	HTCC1062_00732	HTCC1062	220	OG0000690	NA	NA	COG0593	DnaA	Chromosomal replication initiation ATPase DnaA	HTCC1062_00731	1
CP000084.1	705131	706915	+	HTCC1062_00733	HTCC1062	594	OG0000189	K01876	aspartyl-tRNA synthetase [EC:6.1.1.12]	COG0173	AspS	Aspartyl-tRNA synthetase	HTCC1062_00731	2
CP000084.1	706918	707739	-	HTCC1062_00734	HTCC1062	273	OG0000284	NA	NA	NA	NA	NA	HTCC1062_00731	3
CP000084.1	707855	708214	+	HTCC1062_00735	HTCC1062	119	OG0000369	NA	NA	COG3761	NDUFA12	NADH:ubiquinone oxidoreductase NDUFA12 subunit (Leigh syndrome)	HTCC1062_00731	4
CP000084.1	708174	708581	+	HTCC1062_00736	HTCC1062	135	OG0000472	NA	NA	COG4765	NA	Uncharacterized conserved protein, DUF2155 domain	HTCC1062_00731	5
DS995298.1	621155	622282	-	HTCC7211_00654	HTCC7211	375	OG0000932	NA	NA	COG0795	LptF	Lipopolysaccharide export LptBFGC system, permease protein LptF	HTCC7211_00659	-5
DS995298.1	622344	623801	+	HTCC7211_00655	HTCC7211	485	OG0000405	K01255	leucyl aminopeptidase [EC:3.4.11.1]	COG0260	PepB	Leucyl aminopeptidase	HTCC7211_00659	-4
DS995298.1	623788	624204	+	HTCC7211_00656	HTCC7211	138	OG0000480	K00940	nucleoside-diphosphate kinase [EC:2.7.4.6]	COG0105	Ndk	Nucleoside diphosphate kinase	HTCC7211_00659	-3
DS995298.1	624194	624772	-	HTCC7211_00657	HTCC7211	192	OG0000035	K11175	phosphoribosylglycinamide formyltransferase 1 [EC:2.1.2.2]	COG0299	PurN	Folate-dependent phosphoribosylglycinamide formyltransferase PurN	HTCC7211_00659	-2
DS995298.1	624750	625778	-	HTCC7211_00658	HTCC7211	342	OG0000574	K01933	phosphoribosylformylglycinamidine cyclo-ligase [EC:6.3.3.1]	COG0150	PurM	Phosphoribosylaminoimidazole (AIR) synthetase	HTCC7211_00659	-1
DS995298.1	625790	626869	+	HTCC7211_00659	HTCC7211	359	OG0000916	NA	NA	NA	NA	NA	HTCC7211_00659	0
DS995298.1	626866	627528	+	HTCC7211_00660	HTCC7211	220	OG0000690	NA	NA	COG0593	DnaA	Chromosomal replication initiation ATPase DnaA	HTCC7211_00659	1
DS995298.1	627529	629313	+	HTCC7211_00661	HTCC7211	594	OG0000189	K01876	aspartyl-tRNA synthetase [EC:6.1.1.12]	COG0173	AspS	Aspartyl-tRNA synthetase	HTCC7211_00659	2
DS995298.1	629317	630141	-	HTCC7211_00662	HTCC7211	274	OG0000284	NA	NA	NA	NA	NA	HTCC7211_00659	3
DS995298.1	630257	630616	+	HTCC7211_00663	HTCC7211	119	OG0000369	NA	NA	COG3761	NDUFA12	NADH:ubiquinone oxidoreductase NDUFA12 subunit (Leigh syndrome)	HTCC7211_00659	4
DS995298.1	630579	630986	+	HTCC7211_00664	HTCC7211	135	OG0000472	NA	NA	COG4765	NA	Uncharacterized conserved protein, DUF2155 domain	HTCC7211_00659	5
KL370779.1	9614	10021	-	HTCC7214_00010	HTCC7214	135	OG0000472	NA	NA	COG4765	NA	Uncharacterized conserved protein, DUF2155 domain	HTCC7214_00015	-5
KL370779.1	9984	10343	-	HTCC7214_00011	HTCC7214	119	OG0000369	NA	NA	COG3761	NDUFA12	NADH:ubiquinone oxidoreductase NDUFA12 subunit (Leigh syndrome)	HTCC7214_00015	-4
KL370779.1	10460	11284	+	HTCC7214_00012	HTCC7214	274	OG0000284	NA	NA	NA	NA	NA	HTCC7214_00015	-3
KL370779.1	11288	13072	-	HTCC7214_00013	HTCC7214	594	OG0000189	K01876	aspartyl-tRNA synthetase [EC:6.1.1.12]	COG0173	AspS	Aspartyl-tRNA synthetase	HTCC7214_00015	-2
KL370779.1	13073	13735	-	HTCC7214_00014	HTCC7214	220	OG0000690	NA	NA	COG0593	DnaA	Chromosomal replication initiation ATPase DnaA	HTCC7214_00015	-1
KL370779.1	13732	14811	-	HTCC7214_00015	HTCC7214	359	OG0000916	NA	NA	NA	NA	NA	HTCC7214_00015	0
KL370779.1	14823	15851	+	HTCC7214_00016	HTCC7214	342	OG0000574	K01933	phosphoribosylformylglycinamidine cyclo-ligase [EC:6.3.3.1]	COG0150	PurM	Phosphoribosylaminoimidazole (AIR) synthetase	HTCC7214_00015	1
KL370779.1	15829	16407	+	HTCC7214_00017	HTCC7214	192	OG0000035	K11175	phosphoribosylglycinamide formyltransferase 1 [EC:2.1.2.2]	COG0299	PurN	Folate-dependent phosphoribosylglycinamide formyltransferase PurN	HTCC7214_00015	2
KL370779.1	16397	16813	-	HTCC7214_00018	HTCC7214	138	OG0000480	K00940	nucleoside-diphosphate kinase [EC:2.7.4.6]	COG0105	Ndk	Nucleoside diphosphate kinase	HTCC7214_00015	3
KL370779.1	16800	18257	-	HTCC7214_00019	HTCC7214	485	OG0000405	K01255	leucyl aminopeptidase [EC:3.4.11.1]	COG0260	PepB	Leucyl aminopeptidase	HTCC7214_00015	4
KL370779.1	18319	19455	+	HTCC7214_00020	HTCC7214	378	OG0000932	NA	NA	COG0795	LptF	Lipopolysaccharide export LptBFGC system, permease protein LptF	HTCC7214_00015	5
JNIU01000001.1	1414158	1415294	-	HTCC7217_01515	HTCC7217	378	OG0000932	NA	NA	COG0795	LptF	Lipopolysaccharide export LptBFGC system, permease protein LptF	HTCC7217_01520	-5
JNIU01000001.1	1415356	1416813	+	HTCC7217_01516	HTCC7217	485	OG0000405	K01255	leucyl aminopeptidase [EC:3.4.11.1]	COG0260	PepB	Leucyl aminopeptidase	HTCC7217_01520	-4
JNIU01000001.1	1416806	1417216	+	HTCC7217_01517	HTCC7217	136	OG0000480	K00940	nucleoside-diphosphate kinase [EC:2.7.4.6]	COG0105	Ndk	Nucleoside diphosphate kinase	HTCC7217_01520	-3
JNIU01000001.1	1417206	1417784	-	HTCC7217_01518	HTCC7217	192	OG0000035	K11175	phosphoribosylglycinamide formyltransferase 1 [EC:2.1.2.2]	COG0299	PurN	Folate-dependent phosphoribosylglycinamide formyltransferase PurN	HTCC7217_01520	-2
JNIU01000001.1	1417762	1418790	-	HTCC7217_01519	HTCC7217	342	OG0000574	K01933	phosphoribosylformylglycinamidine cyclo-ligase [EC:6.3.3.1]	COG0150	PurM	Phosphoribosylaminoimidazole (AIR) synthetase	HTCC7217_01520	-1
JNIU01000001.1	1418802	1419881	+	HTCC7217_01520	HTCC7217	359	OG0000916	NA	NA	NA	NA	NA	HTCC7217_01520	0
JNIU01000001.1	1419878	1420540	+	HTCC7217_01521	HTCC7217	220	OG0000690	NA	NA	COG0593	DnaA	Chromosomal replication initiation ATPase DnaA	HTCC7217_01520	1
JNIU01000001.1	1420541	1422325	+	HTCC7217_01522	HTCC7217	594	OG0000189	K01876	aspartyl-tRNA synthetase [EC:6.1.1.12]	COG0173	AspS	Aspartyl-tRNA synthetase	HTCC7217_01520	2
JNIU01000001.1	1422329	1423153	-	HTCC7217_01523	HTCC7217	274	OG0000284	NA	NA	NA	NA	NA	HTCC7217_01520	3
JNIU01000001.1	1423269	1423628	+	HTCC7217_01524	HTCC7217	119	OG0000369	NA	NA	COG3761	NDUFA12	NADH:ubiquinone oxidoreductase NDUFA12 subunit (Leigh syndrome)	HTCC7217_01520	4
JNIU01000001.1	1423591	1423998	+	HTCC7217_01525	HTCC7217	135	OG0000472	NA	NA	COG4765	NA	Uncharacterized conserved protein, DUF2155 domain	HTCC7217_01520	5
KI421440.1	314981	316129	-	HTCC8051_00323	HTCC8051	382	OG0000932	NA	NA	COG0795	LptF	Lipopolysaccharide export LptBFGC system, permease protein LptF	HTCC8051_00328	-5
KI421440.1	316191	317648	+	HTCC8051_00324	HTCC8051	485	OG0000405	K01255	leucyl aminopeptidase [EC:3.4.11.1]	COG0260	PepB	Leucyl aminopeptidase	HTCC8051_00328	-4
KI421440.1	317635	318051	+	HTCC8051_00325	HTCC8051	138	OG0000480	K00940	nucleoside-diphosphate kinase [EC:2.7.4.6]	COG0105	Ndk	Nucleoside diphosphate kinase	HTCC8051_00328	-3
KI421440.1	318041	318619	-	HTCC8051_00326	HTCC8051	192	OG0000035	K11175	phosphoribosylglycinamide formyltransferase 1 [EC:2.1.2.2]	COG0299	PurN	Folate-dependent phosphoribosylglycinamide formyltransferase PurN	HTCC8051_00328	-2
KI421440.1	318597	319628	-	HTCC8051_00327	HTCC8051	343	OG0000574	K01933	phosphoribosylformylglycinamidine cyclo-ligase [EC:6.3.3.1]	COG0150	PurM	Phosphoribosylaminoimidazole (AIR) synthetase	HTCC8051_00328	-1
KI421440.1	319640	320719	+	HTCC8051_00328	HTCC8051	359	OG0000916	NA	NA	NA	NA	NA	HTCC8051_00328	0
KI421440.1	320716	321378	+	HTCC8051_00329	HTCC8051	220	OG0000690	NA	NA	COG0593	DnaA	Chromosomal replication initiation ATPase DnaA	HTCC8051_00328	1
KI421440.1	321379	323163	+	HTCC8051_00330	HTCC8051	594	OG0000189	K01876	aspartyl-tRNA synthetase [EC:6.1.1.12]	COG0173	AspS	Aspartyl-tRNA synthetase	HTCC8051_00328	2
KI421440.1	323166	323990	-	HTCC8051_00331	HTCC8051	274	OG0000284	NA	NA	NA	NA	NA	HTCC8051_00328	3
KI421440.1	324105	324464	+	HTCC8051_00332	HTCC8051	119	OG0000369	NA	NA	COG3761	NDUFA12	NADH:ubiquinone oxidoreductase NDUFA12 subunit (Leigh syndrome)	HTCC8051_00328	4
KI421440.1	324427	324834	+	HTCC8051_00333	HTCC8051	135	OG0000472	NA	NA	COG4765	NA	Uncharacterized conserved protein, DUF2155 domain	HTCC8051_00328	5
KI421433.1	242443	243570	-	HTCC9022_00810	HTCC9022	375	OG0000932	NA	NA	COG0795	LptF	Lipopolysaccharide export LptBFGC system, permease protein LptF	HTCC9022_00815	-5
KI421433.1	243632	245089	+	HTCC9022_00811	HTCC9022	485	OG0000405	K01255	leucyl aminopeptidase [EC:3.4.11.1]	COG0260	PepB	Leucyl aminopeptidase	HTCC9022_00815	-4
KI421433.1	245076	245492	+	HTCC9022_00812	HTCC9022	138	OG0000480	K00940	nucleoside-diphosphate kinase [EC:2.7.4.6]	COG0105	Ndk	Nucleoside diphosphate kinase	HTCC9022_00815	-3
KI421433.1	245482	246060	-	HTCC9022_00813	HTCC9022	192	OG0000035	K11175	phosphoribosylglycinamide formyltransferase 1 [EC:2.1.2.2]	COG0299	PurN	Folate-dependent phosphoribosylglycinamide formyltransferase PurN	HTCC9022_00815	-2
KI421433.1	246038	247069	-	HTCC9022_00814	HTCC9022	343	OG0000574	K01933	phosphoribosylformylglycinamidine cyclo-ligase [EC:6.3.3.1]	COG0150	PurM	Phosphoribosylaminoimidazole (AIR) synthetase	HTCC9022_00815	-1
KI421433.1	247081	248157	+	HTCC9022_00815	HTCC9022	358	OG0000916	NA	NA	NA	NA	NA	HTCC9022_00815	0
KI421433.1	248154	248816	+	HTCC9022_00816	HTCC9022	220	OG0000690	NA	NA	COG0593	DnaA	Chromosomal replication initiation ATPase DnaA	HTCC9022_00815	1
KI421433.1	248817	250601	+	HTCC9022_00817	HTCC9022	594	OG0000189	K01876	aspartyl-tRNA synthetase [EC:6.1.1.12]	COG0173	AspS	Aspartyl-tRNA synthetase	HTCC9022_00815	2
KI421433.1	250604	251428	-	HTCC9022_00818	HTCC9022	274	OG0000284	NA	NA	NA	NA	NA	HTCC9022_00815	3
KI421433.1	251542	251901	+	HTCC9022_00819	HTCC9022	119	OG0000369	NA	NA	COG3761	NDUFA12	NADH:ubiquinone oxidoreductase NDUFA12 subunit (Leigh syndrome)	HTCC9022_00815	4
KI421433.1	251864	252271	+	HTCC9022_00820	HTCC9022	135	OG0000472	NA	NA	COG4765	NA	Uncharacterized conserved protein, DUF2155 domain	HTCC9022_00815	5
NZ_LANA01000002.1	67801	68649	-	HTCC9565_00875	HTCC9565	282	OG0001018	NA	NA	COG0697	EamA	Amino acid export permease, drug/metabolite transporter (DMT) superfamily	HTCC9565_00880	-5
NZ_LANA01000002.1	68773	69054	+	HTCC9565_00876	HTCC9565	93	OG0001152	NA	NA	NA	NA	NA	HTCC9565_00880	-4
NZ_LANA01000002.1	69176	69541	+	HTCC9565_00877	HTCC9565	121	OG0001152	NA	NA	NA	NA	NA	HTCC9565_00880	-3
NZ_LANA01000002.1	69531	70109	-	HTCC9565_00878	HTCC9565	192	OG0000035	K11175	phosphoribosylglycinamide formyltransferase 1 [EC:2.1.2.2]	COG0299	PurN	Folate-dependent phosphoribosylglycinamide formyltransferase PurN	HTCC9565_00880	-2
NZ_LANA01000002.1	70087	71115	-	HTCC9565_00879	HTCC9565	342	OG0000574	K01933	phosphoribosylformylglycinamidine cyclo-ligase [EC:6.3.3.1]	COG0150	PurM	Phosphoribosylaminoimidazole (AIR) synthetase	HTCC9565_00880	-1
NZ_LANA01000002.1	71127	72203	+	HTCC9565_00880	HTCC9565	358	OG0000916	NA	NA	NA	NA	NA	HTCC9565_00880	0
NZ_LANA01000002.1	72200	72862	+	HTCC9565_00881	HTCC9565	220	OG0000690	NA	NA	COG0593	DnaA	Chromosomal replication initiation ATPase DnaA	HTCC9565_00880	1
NZ_LANA01000002.1	72863	74647	+	HTCC9565_00882	HTCC9565	594	OG0000189	K01876	aspartyl-tRNA synthetase [EC:6.1.1.12]	COG0173	AspS	Aspartyl-tRNA synthetase	HTCC9565_00880	2
NZ_LANA01000002.1	74650	75474	-	HTCC9565_00883	HTCC9565	274	OG0000284	NA	NA	NA	NA	NA	HTCC9565_00880	3
NZ_LANA01000002.1	75589	75948	+	HTCC9565_00884	HTCC9565	119	OG0000369	NA	NA	COG3761	NDUFA12	NADH:ubiquinone oxidoreductase NDUFA12 subunit (Leigh syndrome)	HTCC9565_00880	4
NZ_LANA01000002.1	75908	76312	+	HTCC9565_00885	HTCC9565	134	OG0000472	NA	NA	COG4765	NA	Uncharacterized conserved protein, DUF2155 domain	HTCC9565_00880	5
CP002511.1	837244	838713	+	IMCC9063_00941	IMCC9063	489	OG0000405	K01255	leucyl aminopeptidase [EC:3.4.11.1]	COG0260	PepB	Leucyl aminopeptidase	IMCC9063_00946	-5
CP002511.1	838715	839116	+	IMCC9063_00942	IMCC9063	133	OG0000480	K00940	nucleoside-diphosphate kinase [EC:2.7.4.6]	COG0105	Ndk	Nucleoside diphosphate kinase	IMCC9063_00946	-4
CP002511.1	839117	839683	-	IMCC9063_00943	IMCC9063	188	OG0000035	K11175	phosphoribosylglycinamide formyltransferase 1 [EC:2.1.2.2]	COG0299	PurN	Folate-dependent phosphoribosylglycinamide formyltransferase PurN	IMCC9063_00946	-3
CP002511.1	839664	839930	-	IMCC9063_00944	IMCC9063	88	OG0000574	NA	NA	COG0150	PurM	Phosphoribosylaminoimidazole (AIR) synthetase	IMCC9063_00946	-2
CP002511.1	840080	840709	-	IMCC9063_00945	IMCC9063	209	OG0000574	K01933	phosphoribosylformylglycinamidine cyclo-ligase [EC:6.3.3.1]	COG0150	PurM	Phosphoribosylaminoimidazole (AIR) synthetase	IMCC9063_00946	-1
CP002511.1	840717	841799	+	IMCC9063_00946	IMCC9063	360	OG0000916	NA	NA	NA	NA	NA	IMCC9063_00946	0
CP002511.1	841792	842418	+	IMCC9063_00947	IMCC9063	208	OG0000690	NA	NA	COG0593	DnaA	Chromosomal replication initiation ATPase DnaA	IMCC9063_00946	1
CP002511.1	842447	843505	-	IMCC9063_00948	IMCC9063	352	OG0000122	K03684	ribonuclease D [EC:3.1.13.5]	COG0349	Rnd	Ribonuclease D, nanoRNase NrnC or deoxydinuclease (diDNase)	IMCC9063_00946	2
CP002511.1	843566	845347	+	IMCC9063_00949	IMCC9063	593	OG0000189	K01876	aspartyl-tRNA synthetase [EC:6.1.1.12]	COG0173	AspS	Aspartyl-tRNA synthetase	IMCC9063_00946	3
CP002511.1	845340	846185	-	IMCC9063_00950	IMCC9063	281	OG0000284	NA	NA	NA	NA	NA	IMCC9063_00946	4
CP002511.1	846278	846649	+	IMCC9063_00951	IMCC9063	123	OG0000369	NA	NA	COG3761	NDUFA12	NADH:ubiquinone oxidoreductase NDUFA12 subunit (Leigh syndrome)	IMCC9063_00946	5
Ga0182791_11	400547	401617	-	LSUCC0261_00415	LSUCC0261	356	OG0000932	NA	NA	COG0795	LptF	Lipopolysaccharide export LptBFGC system, permease protein LptF	LSUCC0261_00420	-5
Ga0182791_11	401654	403120	+	LSUCC0261_00416	LSUCC0261	488	OG0000405	K01255	leucyl aminopeptidase [EC:3.4.11.1]	COG0260	PepB	Leucyl aminopeptidase	LSUCC0261_00420	-4
Ga0182791_11	403122	403520	+	LSUCC0261_00417	LSUCC0261	132	OG0000480	K00940	nucleoside-diphosphate kinase [EC:2.7.4.6]	COG0105	Ndk	Nucleoside diphosphate kinase	LSUCC0261_00420	-3
Ga0182791_11	403506	404090	-	LSUCC0261_00418	LSUCC0261	194	OG0000035	K11175	phosphoribosylglycinamide formyltransferase 1 [EC:2.1.2.2]	COG0299	PurN	Folate-dependent phosphoribosylglycinamide formyltransferase PurN	LSUCC0261_00420	-2
Ga0182791_11	404071	405114	-	LSUCC0261_00419	LSUCC0261	347	OG0000574	K01933	phosphoribosylformylglycinamidine cyclo-ligase [EC:6.3.3.1]	COG0150	PurM	Phosphoribosylaminoimidazole (AIR) synthetase	LSUCC0261_00420	-1
Ga0182791_11	405117	406190	+	LSUCC0261_00420	LSUCC0261	357	OG0000916	NA	NA	NA	NA	NA	LSUCC0261_00420	0
Ga0182791_11	406183	406842	+	LSUCC0261_00421	LSUCC0261	219	OG0000690	NA	NA	COG0593	DnaA	Chromosomal replication initiation ATPase DnaA	LSUCC0261_00420	1
Ga0182791_11	406839	407897	-	LSUCC0261_00422	LSUCC0261	352	OG0000122	NA	NA	COG0349	Rnd	Ribonuclease D, nanoRNase NrnC or deoxydinuclease (diDNase)	LSUCC0261_00420	2
Ga0182791_11	407943	409724	+	LSUCC0261_00423	LSUCC0261	593	OG0000189	K01876	aspartyl-tRNA synthetase [EC:6.1.1.12]	COG0173	AspS	Aspartyl-tRNA synthetase	LSUCC0261_00420	3
Ga0182791_11	409732	410574	-	LSUCC0261_00424	LSUCC0261	280	OG0000284	NA	NA	NA	NA	NA	LSUCC0261_00420	4
Ga0182791_11	410669	411037	+	LSUCC0261_00425	LSUCC0261	122	OG0000369	NA	NA	COG3761	NDUFA12	NADH:ubiquinone oxidoreductase NDUFA12 subunit (Leigh syndrome)	LSUCC0261_00420	5
Ga0255589_11	635839	636192	-	LSUCC0664_00711	LSUCC0664	117	OG0000369	NA	NA	COG3761	NDUFA12	NADH:ubiquinone oxidoreductase NDUFA12 subunit (Leigh syndrome)	LSUCC0664_00716	-5
Ga0255589_11	636285	637112	+	LSUCC0664_00712	LSUCC0664	275	OG0000284	NA	NA	NA	NA	NA	LSUCC0664_00716	-4
Ga0255589_11	637109	638896	-	LSUCC0664_00713	LSUCC0664	595	OG0000189	K01876	aspartyl-tRNA synthetase [EC:6.1.1.12]	COG0173	AspS	Aspartyl-tRNA synthetase	LSUCC0664_00716	-3
Ga0255589_11	638947	640008	+	LSUCC0664_00714	LSUCC0664	353	OG0000122	NA	NA	COG0349	Rnd	Ribonuclease D, nanoRNase NrnC or deoxydinuclease (diDNase)	LSUCC0664_00716	-2
Ga0255589_11	639989	640645	-	LSUCC0664_00715	LSUCC0664	218	OG0000690	NA	NA	COG0593	DnaA	Chromosomal replication initiation ATPase DnaA	LSUCC0664_00716	-1
Ga0255589_11	640642	641679	-	LSUCC0664_00716	LSUCC0664	345	OG0000916	NA	NA	NA	NA	NA	LSUCC0664_00716	0
Ga0255589_11	641866	642708	+	LSUCC0664_00717	LSUCC0664	280	OG0000574	K01933	phosphoribosylformylglycinamidine cyclo-ligase [EC:6.3.3.1]	COG0150	PurM	Phosphoribosylaminoimidazole (AIR) synthetase	LSUCC0664_00716	1
Ga0255589_11	642689	643258	+	LSUCC0664_00718	LSUCC0664	189	OG0000035	K11175	phosphoribosylglycinamide formyltransferase 1 [EC:2.1.2.2]	COG0299	PurN	Folate-dependent phosphoribosylglycinamide formyltransferase PurN	LSUCC0664_00716	2
Ga0255589_11	643255	643659	-	LSUCC0664_00719	LSUCC0664	134	OG0000480	K00940	nucleoside-diphosphate kinase [EC:2.7.4.6]	COG0105	Ndk	Nucleoside diphosphate kinase	LSUCC0664_00716	3
Ga0255589_11	643652	645112	-	LSUCC0664_00720	LSUCC0664	486	OG0000405	K01255	leucyl aminopeptidase [EC:3.4.11.1]	COG0260	PepB	Leucyl aminopeptidase	LSUCC0664_00716	4
Ga0255589_11	645142	646209	+	LSUCC0664_00721	LSUCC0664	355	OG0000932	NA	NA	COG0795	LptF	Lipopolysaccharide export LptBFGC system, permease protein LptF	LSUCC0664_00716	5
Ga0197930_11	353020	354081	-	LSUCC0723_00369	LSUCC0723	353	OG0000932	NA	NA	COG0795	LptF	Lipopolysaccharide export LptBFGC system, permease protein LptF	LSUCC0723_00374	-5
Ga0197930_11	354097	355566	+	LSUCC0723_00370	LSUCC0723	489	OG0000405	K01255	leucyl aminopeptidase [EC:3.4.11.1]	COG0260	PepB	Leucyl aminopeptidase	LSUCC0723_00374	-4
Ga0197930_11	355559	355963	+	LSUCC0723_00371	LSUCC0723	134	OG0000480	K00940	nucleoside-diphosphate kinase [EC:2.7.4.6]	COG0105	Ndk	Nucleoside diphosphate kinase	LSUCC0723_00374	-3
Ga0197930_11	355960	356526	-	LSUCC0723_00372	LSUCC0723	188	OG0000035	K11175	phosphoribosylglycinamide formyltransferase 1 [EC:2.1.2.2]	COG0299	PurN	Folate-dependent phosphoribosylglycinamide formyltransferase PurN	LSUCC0723_00374	-2
Ga0197930_11	356507	357541	-	LSUCC0723_00373	LSUCC0723	344	OG0000574	K01933	phosphoribosylformylglycinamidine cyclo-ligase [EC:6.3.3.1]	COG0150	PurM	Phosphoribosylaminoimidazole (AIR) synthetase	LSUCC0723_00374	-1
Ga0197930_11	357566	358579	+	LSUCC0723_00374	LSUCC0723	337	OG0000916	NA	NA	NA	NA	NA	LSUCC0723_00374	0
Ga0197930_11	358572	359228	+	LSUCC0723_00375	LSUCC0723	218	OG0000690	NA	NA	COG0593	DnaA	Chromosomal replication initiation ATPase DnaA	LSUCC0723_00374	1
Ga0197930_11	359212	360270	-	LSUCC0723_00376	LSUCC0723	352	OG0000122	NA	NA	COG0349	Rnd	Ribonuclease D, nanoRNase NrnC or deoxydinuclease (diDNase)	LSUCC0723_00374	2
Ga0197930_11	360321	362108	+	LSUCC0723_00377	LSUCC0723	595	OG0000189	K01876	aspartyl-tRNA synthetase [EC:6.1.1.12]	COG0173	AspS	Aspartyl-tRNA synthetase	LSUCC0723_00374	3
Ga0197930_11	362105	362923	-	LSUCC0723_00378	LSUCC0723	272	OG0000284	NA	NA	NA	NA	NA	LSUCC0723_00374	4
Ga0197930_11	363017	363370	+	LSUCC0723_00379	LSUCC0723	117	OG0000369	NA	NA	COG3761	NDUFA12	NADH:ubiquinone oxidoreductase NDUFA12 subunit (Leigh syndrome)	LSUCC0723_00374	5
NTJN01000002.1	95224	96399	-	MED-G40_00407	MED-G40	391	OG0000932	NA	NA	COG0795	LptF	Lipopolysaccharide export LptBFGC system, permease protein LptF	MED-G40_00412	-5
NTJN01000002.1	96557	98014	+	MED-G40_00408	MED-G40	485	OG0000405	K01255	leucyl aminopeptidase [EC:3.4.11.1]	COG0260	PepB	Leucyl aminopeptidase	MED-G40_00412	-4
NTJN01000002.1	98016	98417	+	MED-G40_00409	MED-G40	133	OG0000480	K00940	nucleoside-diphosphate kinase [EC:2.7.4.6]	COG0105	Ndk	Nucleoside diphosphate kinase	MED-G40_00412	-3
NTJN01000002.1	98414	98977	-	MED-G40_00410	MED-G40	187	OG0000035	K11175	phosphoribosylglycinamide formyltransferase 1 [EC:2.1.2.2]	COG0299	PurN	Folate-dependent phosphoribosylglycinamide formyltransferase PurN	MED-G40_00412	-2
NTJN01000002.1	98971	99999	-	MED-G40_00411	MED-G40	342	OG0000574	K01933	phosphoribosylformylglycinamidine cyclo-ligase [EC:6.3.3.1]	COG0150	PurM	Phosphoribosylaminoimidazole (AIR) synthetase	MED-G40_00412	-1
NTJN01000002.1	100024	101073	+	MED-G40_00412	MED-G40	349	OG0000916	NA	NA	NA	NA	NA	MED-G40_00412	0
NTJN01000002.1	101075	101728	+	MED-G40_00413	MED-G40	217	OG0000690	NA	NA	COG0593	DnaA	Chromosomal replication initiation ATPase DnaA	MED-G40_00412	1
NTJN01000002.1	101725	103515	+	MED-G40_00414	MED-G40	596	OG0000189	K01876	aspartyl-tRNA synthetase [EC:6.1.1.12]	COG0173	AspS	Aspartyl-tRNA synthetase	MED-G40_00412	2
NTJN01000002.1	103512	104339	-	MED-G40_00415	MED-G40	275	OG0000284	NA	NA	NA	NA	NA	MED-G40_00412	3
NTJN01000002.1	104439	104795	+	MED-G40_00416	MED-G40	118	OG0000369	NA	NA	COG3761	NDUFA12	NADH:ubiquinone oxidoreductase NDUFA12 subunit (Leigh syndrome)	MED-G40_00412	4
NTJN01000002.1	104776	105291	+	MED-G40_00417	MED-G40	171	OG0000472	NA	NA	COG4765	NA	Uncharacterized conserved protein, DUF2155 domain	MED-G40_00412	5
NZJW01000015.1	111920	112273	-	MED1116_00415	MED1116	117	OG0000369	NA	NA	COG3761	NDUFA12	NADH:ubiquinone oxidoreductase NDUFA12 subunit (Leigh syndrome)	MED1116_00420	-5
NZJW01000015.1	112366	113190	+	MED1116_00416	MED1116	274	OG0000284	NA	NA	NA	NA	NA	MED1116_00420	-4
NZJW01000015.1	113187	114974	-	MED1116_00417	MED1116	595	OG0000189	K01876	aspartyl-tRNA synthetase [EC:6.1.1.12]	COG0173	AspS	Aspartyl-tRNA synthetase	MED1116_00420	-3
NZJW01000015.1	115025	116095	+	MED1116_00418	MED1116	356	OG0000122	NA	NA	COG0349	Rnd	Ribonuclease D, nanoRNase NrnC or deoxydinuclease (diDNase)	MED1116_00420	-2
NZJW01000015.1	116067	116723	-	MED1116_00419	MED1116	218	OG0000690	NA	NA	COG0593	DnaA	Chromosomal replication initiation ATPase DnaA	MED1116_00420	-1
NZJW01000015.1	116720	117748	-	MED1116_00420	MED1116	342	OG0000916	NA	NA	NA	NA	NA	MED1116_00420	0
NZJW01000015.1	117749	118783	+	MED1116_00421	MED1116	344	OG0000574	K01933	phosphoribosylformylglycinamidine cyclo-ligase [EC:6.3.3.1]	COG0150	PurM	Phosphoribosylaminoimidazole (AIR) synthetase	MED1116_00420	1
NZJW01000015.1	118764	119330	+	MED1116_00422	MED1116	188	OG0000035	K11175	phosphoribosylglycinamide formyltransferase 1 [EC:2.1.2.2]	COG0299	PurN	Folate-dependent phosphoribosylglycinamide formyltransferase PurN	MED1116_00420	2
NZJW01000015.1	119323	119730	-	MED1116_00423	MED1116	135	OG0000480	K00940	nucleoside-diphosphate kinase [EC:2.7.4.6]	COG0105	Ndk	Nucleoside diphosphate kinase	MED1116_00420	3
NZJW01000015.1	119723	121183	-	MED1116_00424	MED1116	486	OG0000405	K01255	leucyl aminopeptidase [EC:3.4.11.1]	COG0260	PepB	Leucyl aminopeptidase	MED1116_00420	4
NZJW01000015.1	121215	122294	+	MED1116_00425	MED1116	359	OG0000932	NA	NA	COG0795	LptF	Lipopolysaccharide export LptBFGC system, permease protein LptF	MED1116_00420	5
NZIR01000005.1	33003	33362	-	MED602_01576	MED602	119	OG0000369	NA	NA	COG3761	NDUFA12	NADH:ubiquinone oxidoreductase NDUFA12 subunit (Leigh syndrome)	MED602_01581	-5
NZIR01000005.1	33454	34278	+	MED602_01577	MED602	274	OG0000284	NA	NA	NA	NA	NA	MED602_01581	-4
NZIR01000005.1	34275	36065	-	MED602_01578	MED602	596	OG0000189	K01876	aspartyl-tRNA synthetase [EC:6.1.1.12]	COG0173	AspS	Aspartyl-tRNA synthetase	MED602_01581	-3
NZIR01000005.1	36121	37185	+	MED602_01579	MED602	354	OG0000122	NA	NA	COG0349	Rnd	Ribonuclease D, nanoRNase NrnC or deoxydinuclease (diDNase)	MED602_01581	-2
NZIR01000005.1	37172	37846	-	MED602_01580	MED602	224	OG0000690	NA	NA	COG0593	DnaA	Chromosomal replication initiation ATPase DnaA	MED602_01581	-1
NZIR01000005.1	37839	38876	-	MED602_01581	MED602	345	OG0000916	NA	NA	NA	NA	NA	MED602_01581	0
NZIR01000005.1	39030	39908	+	MED602_01582	MED602	292	OG0000574	K01933	phosphoribosylformylglycinamidine cyclo-ligase [EC:6.3.3.1]	COG0150	PurM	Phosphoribosylaminoimidazole (AIR) synthetase	MED602_01581	1
NZIR01000005.1	39889	40461	+	MED602_01583	MED602	190	OG0000035	K11175	phosphoribosylglycinamide formyltransferase 1 [EC:2.1.2.2]	COG0299	PurN	Folate-dependent phosphoribosylglycinamide formyltransferase PurN	MED602_01581	2
NZIR01000005.1	40454	40858	-	MED602_01584	MED602	134	OG0000480	K00940	nucleoside-diphosphate kinase [EC:2.7.4.6]	COG0105	Ndk	Nucleoside diphosphate kinase	MED602_01581	3
NZIR01000005.1	40851	42311	-	MED602_01585	MED602	486	OG0000405	K01255	leucyl aminopeptidase [EC:3.4.11.1]	COG0260	PepB	Leucyl aminopeptidase	MED602_01581	4
NZIR01000005.1	42337	43425	+	MED602_01586	MED602	362	OG0000932	NA	NA	COG0795	LptF	Lipopolysaccharide export LptBFGC system, permease protein LptF	MED602_01581	5
NZIO01000014.1	29014	30180	-	MED605_00644	MED605	388	OG0000932	NA	NA	COG0795	LptF	Lipopolysaccharide export LptBFGC system, permease protein LptF	MED605_00649	-5
NZIO01000014.1	30258	31736	+	MED605_00645	MED605	492	OG0000405	K01255	leucyl aminopeptidase [EC:3.4.11.1]	COG0260	PepB	Leucyl aminopeptidase	MED605_00649	-4
NZIO01000014.1	31742	32146	+	MED605_00646	MED605	134	OG0000480	K00940	nucleoside-diphosphate kinase [EC:2.7.4.6]	COG0105	Ndk	Nucleoside diphosphate kinase	MED605_00649	-3
NZIO01000014.1	32143	32715	-	MED605_00647	MED605	190	OG0000035	K11175	phosphoribosylglycinamide formyltransferase 1 [EC:2.1.2.2]	COG0299	PurN	Folate-dependent phosphoribosylglycinamide formyltransferase PurN	MED605_00649	-2
NZIO01000014.1	32709	33767	-	MED605_00648	MED605	352	OG0000574	K01933	phosphoribosylformylglycinamidine cyclo-ligase [EC:6.3.3.1]	COG0150	PurM	Phosphoribosylaminoimidazole (AIR) synthetase	MED605_00649	-1
NZIO01000014.1	33780	34865	+	MED605_00649	MED605	361	OG0000916	NA	NA	NA	NA	NA	MED605_00649	0
NZIO01000014.1	34858	35523	+	MED605_00650	MED605	221	OG0000690	NA	NA	COG0593	DnaA	Chromosomal replication initiation ATPase DnaA	MED605_00649	1
NZIO01000014.1	35537	37324	+	MED605_00651	MED605	595	OG0000189	K01876	aspartyl-tRNA synthetase [EC:6.1.1.12]	COG0173	AspS	Aspartyl-tRNA synthetase	MED605_00649	2
NZIO01000014.1	37332	37946	-	MED605_00652	MED605	204	OG0000906	NA	NA	COG0861	TerC	Tellurite resistance membrane protein TerC	MED605_00649	3
NZIO01000014.1	38018	39232	+	MED605_00653	MED605	404	OG0000971	K15783	ectoine hydrolase [EC:3.5.4.44]	COG0006	PepP	Xaa-Pro aminopeptidase	MED605_00649	4
NZIO01000014.1	39229	40743	+	MED605_00654	MED605	504	OG0001396	NA	NA	COG0405	Ggt	Gamma-glutamyltranspeptidase	MED605_00649	5
CP038852.1	430228	430626	-	NP1_00499	NP1	132	OG0000472	NA	NA	COG4765	NA	Uncharacterized conserved protein, DUF2155 domain	NP1_00504	-5
CP038852.1	430586	430945	-	NP1_00500	NP1	119	OG0000369	NA	NA	COG3761	NDUFA12	NADH:ubiquinone oxidoreductase NDUFA12 subunit (Leigh syndrome)	NP1_00504	-4
CP038852.1	431061	431882	+	NP1_00501	NP1	273	OG0000284	NA	NA	NA	NA	NA	NP1_00504	-3
CP038852.1	431885	433669	-	NP1_00502	NP1	594	OG0000189	K01876	aspartyl-tRNA synthetase [EC:6.1.1.12]	COG0173	AspS	Aspartyl-tRNA synthetase	NP1_00504	-2
CP038852.1	433670	434332	-	NP1_00503	NP1	220	OG0000690	NA	NA	COG0593	DnaA	Chromosomal replication initiation ATPase DnaA	NP1_00504	-1
CP038852.1	434329	435408	-	NP1_00504	NP1	359	OG0000916	NA	NA	NA	NA	NA	NP1_00504	0
CP038852.1	435420	436448	+	NP1_00505	NP1	342	OG0000574	K01933	phosphoribosylformylglycinamidine cyclo-ligase [EC:6.3.3.1]	COG0150	PurM	Phosphoribosylaminoimidazole (AIR) synthetase	NP1_00504	1
CP038852.1	436426	437004	+	NP1_00506	NP1	192	OG0000035	K11175	phosphoribosylglycinamide formyltransferase 1 [EC:2.1.2.2]	COG0299	PurN	Folate-dependent phosphoribosylglycinamide formyltransferase PurN	NP1_00504	2
CP038852.1	437001	437411	-	NP1_00507	NP1	136	OG0000480	K00940	nucleoside-diphosphate kinase [EC:2.7.4.6]	COG0105	Ndk	Nucleoside diphosphate kinase	NP1_00504	3
CP038852.1	437404	438861	-	NP1_00508	NP1	485	OG0000405	K01255	leucyl aminopeptidase [EC:3.4.11.1]	COG0260	PepB	Leucyl aminopeptidase	NP1_00504	4
CP038852.1	438922	440058	+	NP1_00509	NP1	378	OG0000932	NA	NA	COG0795	LptF	Lipopolysaccharide export LptBFGC system, permease protein LptF	NP1_00504	5
CAJQSQ010000011.1	17283	17681	-	RIS-SAG-41_00775	RIS-SAG-41	132	OG0000472	NA	NA	COG4765	NA	Uncharacterized conserved protein, DUF2155 domain	RIS-SAG-41_00780	-5
CAJQSQ010000011.1	17641	18000	-	RIS-SAG-41_00776	RIS-SAG-41	119	OG0000369	NA	NA	COG3761	NDUFA12	NADH:ubiquinone oxidoreductase NDUFA12 subunit (Leigh syndrome)	RIS-SAG-41_00780	-4
CAJQSQ010000011.1	18116	18937	+	RIS-SAG-41_00777	RIS-SAG-41	273	OG0000284	NA	NA	NA	NA	NA	RIS-SAG-41_00780	-3
CAJQSQ010000011.1	18940	20724	-	RIS-SAG-41_00778	RIS-SAG-41	594	OG0000189	K01876	aspartyl-tRNA synthetase [EC:6.1.1.12]	COG0173	AspS	Aspartyl-tRNA synthetase	RIS-SAG-41_00780	-2
CAJQSQ010000011.1	20725	21387	-	RIS-SAG-41_00779	RIS-SAG-41	220	OG0000690	NA	NA	COG0593	DnaA	Chromosomal replication initiation ATPase DnaA	RIS-SAG-41_00780	-1
CAJQSQ010000011.1	21384	22463	-	RIS-SAG-41_00780	RIS-SAG-41	359	OG0000916	NA	NA	NA	NA	NA	RIS-SAG-41_00780	0
CAJQSQ010000011.1	22475	23503	+	RIS-SAG-41_00781	RIS-SAG-41	342	OG0000574	K01933	phosphoribosylformylglycinamidine cyclo-ligase [EC:6.3.3.1]	COG0150	PurM	Phosphoribosylaminoimidazole (AIR) synthetase	RIS-SAG-41_00780	1
CAJQSQ010000011.1	23481	24059	+	RIS-SAG-41_00782	RIS-SAG-41	192	OG0000035	K11175	phosphoribosylglycinamide formyltransferase 1 [EC:2.1.2.2]	COG0299	PurN	Folate-dependent phosphoribosylglycinamide formyltransferase PurN	RIS-SAG-41_00780	2
CAJQSQ010000011.1	24056	24466	-	RIS-SAG-41_00783	RIS-SAG-41	136	OG0000480	K00940	nucleoside-diphosphate kinase [EC:2.7.4.6]	COG0105	Ndk	Nucleoside diphosphate kinase	RIS-SAG-41_00780	3
CAJQSQ010000011.1	24459	25916	-	RIS-SAG-41_00784	RIS-SAG-41	485	OG0000405	K01255	leucyl aminopeptidase [EC:3.4.11.1]	COG0260	PepB	Leucyl aminopeptidase	RIS-SAG-41_00780	4
CAJQSQ010000011.1	26171	26440	-	RIS-SAG-41_00785	RIS-SAG-41	89	NA	NA	NA	NA	NA	NA	RIS-SAG-41_00780	5
CP020777.1	903299	903703	-	RS39_00995	RS39	134	OG0000472	NA	NA	COG4765	NA	Uncharacterized conserved protein, DUF2155 domain	RS39_01000	-5
CP020777.1	903669	904028	-	RS39_00996	RS39	119	OG0000369	NA	NA	COG3761	NDUFA12	NADH:ubiquinone oxidoreductase NDUFA12 subunit (Leigh syndrome)	RS39_01000	-4
CP020777.1	904143	904967	+	RS39_00997	RS39	274	OG0000284	NA	NA	NA	NA	NA	RS39_01000	-3
CP020777.1	904968	906752	-	RS39_00998	RS39	594	OG0000189	K01876	aspartyl-tRNA synthetase [EC:6.1.1.12]	COG0173	AspS	Aspartyl-tRNA synthetase	RS39_01000	-2
CP020777.1	906753	907415	-	RS39_00999	RS39	220	OG0000690	NA	NA	COG0593	DnaA	Chromosomal replication initiation ATPase DnaA	RS39_01000	-1
CP020777.1	907412	908473	-	RS39_01000	RS39	353	OG0000916	NA	NA	NA	NA	NA	RS39_01000	0
CP020777.1	908497	909525	+	RS39_01001	RS39	342	OG0000574	K01933	phosphoribosylformylglycinamidine cyclo-ligase [EC:6.3.3.1]	COG0150	PurM	Phosphoribosylaminoimidazole (AIR) synthetase	RS39_01000	1
CP020777.1	909503	910084	+	RS39_01002	RS39	193	OG0000035	K11175	phosphoribosylglycinamide formyltransferase 1 [EC:2.1.2.2]	COG0299	PurN	Folate-dependent phosphoribosylglycinamide formyltransferase PurN	RS39_01000	2
CP020777.1	910074	910484	-	RS39_01003	RS39	136	OG0000480	K00940	nucleoside-diphosphate kinase [EC:2.7.4.6]	COG0105	Ndk	Nucleoside diphosphate kinase	RS39_01000	3
CP020777.1	910477	911931	-	RS39_01004	RS39	484	OG0000405	K01255	leucyl aminopeptidase [EC:3.4.11.1]	COG0260	PepB	Leucyl aminopeptidase	RS39_01000	4
CP020777.1	911992	913116	+	RS39_01005	RS39	374	OG0000932	NA	NA	COG0795	LptF	Lipopolysaccharide export LptBFGC system, permease protein LptF	RS39_01000	5
CP020778.1	206042	206449	-	RS40_00230	RS40	135	OG0000472	NA	NA	COG4765	NA	Uncharacterized conserved protein, DUF2155 domain	RS40_00235	-5
CP020778.1	206412	206771	-	RS40_00231	RS40	119	OG0000369	NA	NA	COG3761	NDUFA12	NADH:ubiquinone oxidoreductase NDUFA12 subunit (Leigh syndrome)	RS40_00235	-4
CP020778.1	206880	207710	+	RS40_00232	RS40	276	OG0000284	NA	NA	NA	NA	NA	RS40_00235	-3
CP020778.1	207711	209495	-	RS40_00233	RS40	594	OG0000189	K01876	aspartyl-tRNA synthetase [EC:6.1.1.12]	COG0173	AspS	Aspartyl-tRNA synthetase	RS40_00235	-2
CP020778.1	209497	210153	-	RS40_00234	RS40	218	OG0000690	NA	NA	COG0593	DnaA	Chromosomal replication initiation ATPase DnaA	RS40_00235	-1
CP020778.1	210150	211223	-	RS40_00235	RS40	357	OG0000916	NA	NA	NA	NA	NA	RS40_00235	0
CP020778.1	211236	212258	+	RS40_00236	RS40	340	OG0000574	K01933	phosphoribosylformylglycinamidine cyclo-ligase [EC:6.3.3.1]	COG0150	PurM	Phosphoribosylaminoimidazole (AIR) synthetase	RS40_00235	1
CP020778.1	212239	212826	+	RS40_00237	RS40	195	OG0000035	K11175	phosphoribosylglycinamide formyltransferase 1 [EC:2.1.2.2]	COG0299	PurN	Folate-dependent phosphoribosylglycinamide formyltransferase PurN	RS40_00235	2
CP020778.1	212816	213226	-	RS40_00238	RS40	136	OG0000480	K00940	nucleoside-diphosphate kinase [EC:2.7.4.6]	COG0105	Ndk	Nucleoside diphosphate kinase	RS40_00235	3
CP020778.1	213219	214643	-	RS40_00239	RS40	474	OG0000405	K01255	leucyl aminopeptidase [EC:3.4.11.1]	COG0260	PepB	Leucyl aminopeptidase	RS40_00235	4
CP020778.1	214698	215819	+	RS40_00240	RS40	373	OG0000932	NA	NA	COG0795	LptF	Lipopolysaccharide export LptBFGC system, permease protein LptF	RS40_00235	5
JACWCY010000003.1	70484	71599	-	SAG-MED01_00620	SAG-MED01	371	OG0000932	NA	NA	COG0795	LptF	Lipopolysaccharide export LptBFGC system, permease protein LptF	SAG-MED01_00625	-5
JACWCY010000003.1	71660	73117	+	SAG-MED01_00621	SAG-MED01	485	OG0000405	K01255	leucyl aminopeptidase [EC:3.4.11.1]	COG0260	PepB	Leucyl aminopeptidase	SAG-MED01_00625	-4
JACWCY010000003.1	73104	73520	+	SAG-MED01_00622	SAG-MED01	138	OG0000480	K00940	nucleoside-diphosphate kinase [EC:2.7.4.6]	COG0105	Ndk	Nucleoside diphosphate kinase	SAG-MED01_00625	-3
JACWCY010000003.1	73517	74095	-	SAG-MED01_00623	SAG-MED01	192	OG0000035	K11175	phosphoribosylglycinamide formyltransferase 1 [EC:2.1.2.2]	COG0299	PurN	Folate-dependent phosphoribosylglycinamide formyltransferase PurN	SAG-MED01_00625	-2
JACWCY010000003.1	74073	75101	-	SAG-MED01_00624	SAG-MED01	342	OG0000574	K01933	phosphoribosylformylglycinamidine cyclo-ligase [EC:6.3.3.1]	COG0150	PurM	Phosphoribosylaminoimidazole (AIR) synthetase	SAG-MED01_00625	-1
JACWCY010000003.1	75116	76192	+	SAG-MED01_00625	SAG-MED01	358	OG0000916	NA	NA	NA	NA	NA	SAG-MED01_00625	0
JACWCY010000003.1	76189	76851	+	SAG-MED01_00626	SAG-MED01	220	OG0000690	NA	NA	COG0593	DnaA	Chromosomal replication initiation ATPase DnaA	SAG-MED01_00625	1
JACWCY010000003.1	76852	78636	+	SAG-MED01_00627	SAG-MED01	594	OG0000189	K01876	aspartyl-tRNA synthetase [EC:6.1.1.12]	COG0173	AspS	Aspartyl-tRNA synthetase	SAG-MED01_00625	2
JACWCY010000003.1	78638	79462	-	SAG-MED01_00628	SAG-MED01	274	OG0000284	NA	NA	NA	NA	NA	SAG-MED01_00625	3
JACWCY010000003.1	79579	79938	+	SAG-MED01_00629	SAG-MED01	119	OG0000369	NA	NA	COG3761	NDUFA12	NADH:ubiquinone oxidoreductase NDUFA12 subunit (Leigh syndrome)	SAG-MED01_00625	4
JACWCY010000003.1	79901	80308	+	SAG-MED01_00630	SAG-MED01	135	OG0000472	NA	NA	COG4765	NA	Uncharacterized conserved protein, DUF2155 domain	SAG-MED01_00625	5
JACWDC010000002.1	122528	122836	-	SAG-MED05_00398	SAG-MED05	102	OG0000472	NA	NA	COG4765	NA	Uncharacterized conserved protein, DUF2155 domain	SAG-MED05_00403	-5
JACWDC010000002.1	122851	123171	-	SAG-MED05_00399	SAG-MED05	106	OG0000369	NA	NA	COG3761	NDUFA12	NADH:ubiquinone oxidoreductase NDUFA12 subunit (Leigh syndrome)	SAG-MED05_00403	-4
JACWDC010000002.1	123278	124099	+	SAG-MED05_00400	SAG-MED05	273	OG0000284	NA	NA	NA	NA	NA	SAG-MED05_00403	-3
JACWDC010000002.1	124096	125883	-	SAG-MED05_00401	SAG-MED05	595	OG0000189	K01876	aspartyl-tRNA synthetase [EC:6.1.1.12]	COG0173	AspS	Aspartyl-tRNA synthetase	SAG-MED05_00403	-2
JACWDC010000002.1	125876	126538	-	SAG-MED05_00402	SAG-MED05	220	OG0000690	NA	NA	COG0593	DnaA	Chromosomal replication initiation ATPase DnaA	SAG-MED05_00403	-1
JACWDC010000002.1	126538	127575	-	SAG-MED05_00403	SAG-MED05	345	OG0000916	NA	NA	NA	NA	NA	SAG-MED05_00403	0
JACWDC010000002.1	127601	128632	+	SAG-MED05_00404	SAG-MED05	343	OG0000574	K01933	phosphoribosylformylglycinamidine cyclo-ligase [EC:6.3.3.1]	COG0150	PurM	Phosphoribosylaminoimidazole (AIR) synthetase	SAG-MED05_00403	1
JACWDC010000002.1	128626	129189	+	SAG-MED05_00405	SAG-MED05	187	OG0000035	K11175	phosphoribosylglycinamide formyltransferase 1 [EC:2.1.2.2]	COG0299	PurN	Folate-dependent phosphoribosylglycinamide formyltransferase PurN	SAG-MED05_00403	2
JACWDC010000002.1	129186	129596	-	SAG-MED05_00406	SAG-MED05	136	OG0000480	K00940	nucleoside-diphosphate kinase [EC:2.7.4.6]	COG0105	Ndk	Nucleoside diphosphate kinase	SAG-MED05_00403	3
JACWDC010000002.1	129589	131046	-	SAG-MED05_00407	SAG-MED05	485	OG0000405	K01255	leucyl aminopeptidase [EC:3.4.11.1]	COG0260	PepB	Leucyl aminopeptidase	SAG-MED05_00403	4
JACWDC010000002.1	131189	132331	+	SAG-MED05_00408	SAG-MED05	380	OG0000932	NA	NA	COG0795	LptF	Lipopolysaccharide export LptBFGC system, permease protein LptF	SAG-MED05_00403	5
JACWDD010000006.1	22587	23174	-	SAG-MED06_01098	SAG-MED06	195	OG0000932	NA	NA	COG0795	LptF	Lipopolysaccharide export LptBFGC system, permease protein LptF	SAG-MED06_01103	-5
JACWDD010000006.1	23235	24692	+	SAG-MED06_01099	SAG-MED06	485	OG0000405	K01255	leucyl aminopeptidase [EC:3.4.11.1]	COG0260	PepB	Leucyl aminopeptidase	SAG-MED06_01103	-4
JACWDD010000006.1	24685	25095	+	SAG-MED06_01100	SAG-MED06	136	OG0000480	K00940	nucleoside-diphosphate kinase [EC:2.7.4.6]	COG0105	Ndk	Nucleoside diphosphate kinase	SAG-MED06_01103	-3
JACWDD010000006.1	25085	25663	-	SAG-MED06_01101	SAG-MED06	192	OG0000035	K11175	phosphoribosylglycinamide formyltransferase 1 [EC:2.1.2.2]	COG0299	PurN	Folate-dependent phosphoribosylglycinamide formyltransferase PurN	SAG-MED06_01103	-2
JACWDD010000006.1	25641	26672	-	SAG-MED06_01102	SAG-MED06	343	OG0000574	K01933	phosphoribosylformylglycinamidine cyclo-ligase [EC:6.3.3.1]	COG0150	PurM	Phosphoribosylaminoimidazole (AIR) synthetase	SAG-MED06_01103	-1
JACWDD010000006.1	26684	27763	+	SAG-MED06_01103	SAG-MED06	359	OG0000916	NA	NA	NA	NA	NA	SAG-MED06_01103	0
JACWDD010000006.1	27760	28422	+	SAG-MED06_01104	SAG-MED06	220	OG0000690	NA	NA	COG0593	DnaA	Chromosomal replication initiation ATPase DnaA	SAG-MED06_01103	1
JACWDD010000006.1	28423	30207	+	SAG-MED06_01105	SAG-MED06	594	OG0000189	K01876	aspartyl-tRNA synthetase [EC:6.1.1.12]	COG0173	AspS	Aspartyl-tRNA synthetase	SAG-MED06_01103	2
JACWDD010000006.1	30210	31034	-	SAG-MED06_01106	SAG-MED06	274	OG0000284	NA	NA	NA	NA	NA	SAG-MED06_01103	3
JACWDD010000006.1	31149	31508	+	SAG-MED06_01107	SAG-MED06	119	OG0000369	NA	NA	COG3761	NDUFA12	NADH:ubiquinone oxidoreductase NDUFA12 subunit (Leigh syndrome)	SAG-MED06_01103	4
JACWDD010000006.1	31471	31878	+	SAG-MED06_01108	SAG-MED06	135	OG0000472	NA	NA	COG4765	NA	Uncharacterized conserved protein, DUF2155 domain	SAG-MED06_01103	5
JACWDF010000008.1	5845	6249	-	SAG-MED08_01167	SAG-MED08	134	OG0000472	NA	NA	COG4765	NA	Uncharacterized conserved protein, DUF2155 domain	SAG-MED08_01172	-5
JACWDF010000008.1	6212	6571	-	SAG-MED08_01168	SAG-MED08	119	OG0000369	NA	NA	COG3761	NDUFA12	NADH:ubiquinone oxidoreductase NDUFA12 subunit (Leigh syndrome)	SAG-MED08_01172	-4
JACWDF010000008.1	6685	7509	+	SAG-MED08_01169	SAG-MED08	274	OG0000284	NA	NA	NA	NA	NA	SAG-MED08_01172	-3
JACWDF010000008.1	7513	9297	-	SAG-MED08_01170	SAG-MED08	594	OG0000189	K01876	aspartyl-tRNA synthetase [EC:6.1.1.12]	COG0173	AspS	Aspartyl-tRNA synthetase	SAG-MED08_01172	-2
JACWDF010000008.1	9298	9972	-	SAG-MED08_01171	SAG-MED08	224	OG0000690	NA	NA	COG0593	DnaA	Chromosomal replication initiation ATPase DnaA	SAG-MED08_01172	-1
JACWDF010000008.1	9957	11036	-	SAG-MED08_01172	SAG-MED08	359	OG0000916	NA	NA	NA	NA	NA	SAG-MED08_01172	0
JACWDF010000008.1	11048	12076	+	SAG-MED08_01173	SAG-MED08	342	OG0000574	K01933	phosphoribosylformylglycinamidine cyclo-ligase [EC:6.3.3.1]	COG0150	PurM	Phosphoribosylaminoimidazole (AIR) synthetase	SAG-MED08_01172	1
JACWDF010000008.1	12054	12284	+	SAG-MED08_01174	SAG-MED08	76	OG0000035	NA	NA	COG0299	PurN	Folate-dependent phosphoribosylglycinamide formyltransferase PurN	SAG-MED08_01172	2
JACWDF010000008.1	12335	12634	+	SAG-MED08_01175	SAG-MED08	99	OG0000035	NA	NA	COG0299	PurN	Folate-dependent phosphoribosylglycinamide formyltransferase PurN	SAG-MED08_01172	3
JACWDF010000008.1	12624	13034	-	SAG-MED08_01176	SAG-MED08	136	OG0000480	K00940	nucleoside-diphosphate kinase [EC:2.7.4.6]	COG0105	Ndk	Nucleoside diphosphate kinase	SAG-MED08_01172	4
JACWDF010000008.1	13027	14481	-	SAG-MED08_01177	SAG-MED08	484	OG0000405	K01255	leucyl aminopeptidase [EC:3.4.11.1]	COG0260	PepB	Leucyl aminopeptidase	SAG-MED08_01172	5
JACWDI010000001.1	211280	211681	-	SAG-MED11_00245	SAG-MED11	133	OG0000472	NA	NA	COG4765	NA	Uncharacterized conserved protein, DUF2155 domain	SAG-MED11_00250	-5
JACWDI010000001.1	211644	212003	-	SAG-MED11_00246	SAG-MED11	119	OG0000369	NA	NA	COG3761	NDUFA12	NADH:ubiquinone oxidoreductase NDUFA12 subunit (Leigh syndrome)	SAG-MED11_00250	-4
JACWDI010000001.1	212119	212943	+	SAG-MED11_00247	SAG-MED11	274	OG0000284	NA	NA	NA	NA	NA	SAG-MED11_00250	-3
JACWDI010000001.1	212945	214729	-	SAG-MED11_00248	SAG-MED11	594	OG0000189	K01876	aspartyl-tRNA synthetase [EC:6.1.1.12]	COG0173	AspS	Aspartyl-tRNA synthetase	SAG-MED11_00250	-2
JACWDI010000001.1	214730	215392	-	SAG-MED11_00249	SAG-MED11	220	OG0000690	NA	NA	COG0593	DnaA	Chromosomal replication initiation ATPase DnaA	SAG-MED11_00250	-1
JACWDI010000001.1	215389	216468	-	SAG-MED11_00250	SAG-MED11	359	OG0000916	NA	NA	NA	NA	NA	SAG-MED11_00250	0
JACWDI010000001.1	216480	217508	+	SAG-MED11_00251	SAG-MED11	342	OG0000574	K01933	phosphoribosylformylglycinamidine cyclo-ligase [EC:6.3.3.1]	COG0150	PurM	Phosphoribosylaminoimidazole (AIR) synthetase	SAG-MED11_00250	1
JACWDI010000001.1	217486	218070	+	SAG-MED11_00252	SAG-MED11	194	OG0000035	K11175	phosphoribosylglycinamide formyltransferase 1 [EC:2.1.2.2]	COG0299	PurN	Folate-dependent phosphoribosylglycinamide formyltransferase PurN	SAG-MED11_00250	2
JACWDI010000001.1	218060	218470	-	SAG-MED11_00253	SAG-MED11	136	OG0000480	K00940	nucleoside-diphosphate kinase [EC:2.7.4.6]	COG0105	Ndk	Nucleoside diphosphate kinase	SAG-MED11_00250	3
JACWDI010000001.1	218463	219920	-	SAG-MED11_00254	SAG-MED11	485	OG0000405	K01255	leucyl aminopeptidase [EC:3.4.11.1]	COG0260	PepB	Leucyl aminopeptidase	SAG-MED11_00250	4
JACWDI010000001.1	219981	221114	+	SAG-MED11_00255	SAG-MED11	377	OG0000932	NA	NA	COG0795	LptF	Lipopolysaccharide export LptBFGC system, permease protein LptF	SAG-MED11_00250	5
JACWDM010000007.1	9639	10043	-	SAG-MED15_01148	SAG-MED15	134	OG0000472	NA	NA	COG4765	NA	Uncharacterized conserved protein, DUF2155 domain	SAG-MED15_01153	-5
JACWDM010000007.1	10003	10365	-	SAG-MED15_01149	SAG-MED15	120	OG0000369	NA	NA	COG3761	NDUFA12	NADH:ubiquinone oxidoreductase NDUFA12 subunit (Leigh syndrome)	SAG-MED15_01153	-4
JACWDM010000007.1	10468	11295	+	SAG-MED15_01150	SAG-MED15	275	OG0000284	NA	NA	NA	NA	NA	SAG-MED15_01153	-3
JACWDM010000007.1	11296	13077	-	SAG-MED15_01151	SAG-MED15	593	OG0000189	K01876	aspartyl-tRNA synthetase [EC:6.1.1.12]	COG0173	AspS	Aspartyl-tRNA synthetase	SAG-MED15_01153	-2
JACWDM010000007.1	13070	13741	-	SAG-MED15_01152	SAG-MED15	223	OG0000690	NA	NA	COG0593	DnaA	Chromosomal replication initiation ATPase DnaA	SAG-MED15_01153	-1
JACWDM010000007.1	13742	14818	-	SAG-MED15_01153	SAG-MED15	358	OG0000916	NA	NA	NA	NA	NA	SAG-MED15_01153	0
JACWDM010000007.1	14830	15855	+	SAG-MED15_01154	SAG-MED15	341	OG0000574	K01933	phosphoribosylformylglycinamidine cyclo-ligase [EC:6.3.3.1]	COG0150	PurM	Phosphoribosylaminoimidazole (AIR) synthetase	SAG-MED15_01153	1
JACWDM010000007.1	15836	16411	+	SAG-MED15_01155	SAG-MED15	191	OG0000035	K11175	phosphoribosylglycinamide formyltransferase 1 [EC:2.1.2.2]	COG0299	PurN	Folate-dependent phosphoribosylglycinamide formyltransferase PurN	SAG-MED15_01153	2
JACWDM010000007.1	16408	16818	-	SAG-MED15_01156	SAG-MED15	136	OG0000480	K00940	nucleoside-diphosphate kinase [EC:2.7.4.6]	COG0105	Ndk	Nucleoside diphosphate kinase	SAG-MED15_01153	3
JACWDM010000007.1	16811	18274	-	SAG-MED15_01157	SAG-MED15	487	OG0000405	K01255	leucyl aminopeptidase [EC:3.4.11.1]	COG0260	PepB	Leucyl aminopeptidase	SAG-MED15_01153	4
JACWDM010000007.1	18357	19472	+	SAG-MED15_01158	SAG-MED15	371	OG0000932	NA	NA	COG0795	LptF	Lipopolysaccharide export LptBFGC system, permease protein LptF	SAG-MED15_01153	5
JACWDT010000005.1	29125	30309	-	SAG-MED22_01010	SAG-MED22	394	OG0000932	NA	NA	COG0795	LptF	Lipopolysaccharide export LptBFGC system, permease protein LptF	SAG-MED22_01015	-5
JACWDT010000005.1	30328	31782	+	SAG-MED22_01011	SAG-MED22	484	OG0000405	K01255	leucyl aminopeptidase [EC:3.4.11.1]	COG0260	PepB	Leucyl aminopeptidase	SAG-MED22_01015	-4
JACWDT010000005.1	31775	32185	+	SAG-MED22_01012	SAG-MED22	136	OG0000480	K00940	nucleoside-diphosphate kinase [EC:2.7.4.6]	COG0105	Ndk	Nucleoside diphosphate kinase	SAG-MED22_01015	-3
JACWDT010000005.1	32175	32756	-	SAG-MED22_01013	SAG-MED22	193	OG0000035	K11175	phosphoribosylglycinamide formyltransferase 1 [EC:2.1.2.2]	COG0299	PurN	Folate-dependent phosphoribosylglycinamide formyltransferase PurN	SAG-MED22_01015	-2
JACWDT010000005.1	32734	33762	-	SAG-MED22_01014	SAG-MED22	342	OG0000574	K01933	phosphoribosylformylglycinamidine cyclo-ligase [EC:6.3.3.1]	COG0150	PurM	Phosphoribosylaminoimidazole (AIR) synthetase	SAG-MED22_01015	-1
JACWDT010000005.1	33774	34853	+	SAG-MED22_01015	SAG-MED22	359	OG0000916	NA	NA	NA	NA	NA	SAG-MED22_01015	0
JACWDT010000005.1	34838	35512	+	SAG-MED22_01016	SAG-MED22	224	OG0000690	NA	NA	COG0593	DnaA	Chromosomal replication initiation ATPase DnaA	SAG-MED22_01015	1
JACWDT010000005.1	35513	37297	+	SAG-MED22_01017	SAG-MED22	594	OG0000189	K01876	aspartyl-tRNA synthetase [EC:6.1.1.12]	COG0173	AspS	Aspartyl-tRNA synthetase	SAG-MED22_01015	2
JACWDT010000005.1	37301	38125	-	SAG-MED22_01018	SAG-MED22	274	OG0000284	NA	NA	NA	NA	NA	SAG-MED22_01015	3
JACWDT010000005.1	38239	38598	+	SAG-MED22_01019	SAG-MED22	119	OG0000369	NA	NA	COG3761	NDUFA12	NADH:ubiquinone oxidoreductase NDUFA12 subunit (Leigh syndrome)	SAG-MED22_01015	4
JACWDT010000005.1	38561	38965	+	SAG-MED22_01020	SAG-MED22	134	OG0000472	NA	NA	COG4765	NA	Uncharacterized conserved protein, DUF2155 domain	SAG-MED22_01015	5
JACWDY010000004.1	55705	56814	-	SAG-MED28_00799	SAG-MED28	369	OG0000932	NA	NA	COG0795	LptF	Lipopolysaccharide export LptBFGC system, permease protein LptF	SAG-MED28_00804	-5
JACWDY010000004.1	56951	58408	+	SAG-MED28_00800	SAG-MED28	485	OG0000405	K01255	leucyl aminopeptidase [EC:3.4.11.1]	COG0260	PepB	Leucyl aminopeptidase	SAG-MED28_00804	-4
JACWDY010000004.1	58410	58811	+	SAG-MED28_00801	SAG-MED28	133	OG0000480	K00940	nucleoside-diphosphate kinase [EC:2.7.4.6]	COG0105	Ndk	Nucleoside diphosphate kinase	SAG-MED28_00804	-3
JACWDY010000004.1	58808	59371	-	SAG-MED28_00802	SAG-MED28	187	OG0000035	K11175	phosphoribosylglycinamide formyltransferase 1 [EC:2.1.2.2]	COG0299	PurN	Folate-dependent phosphoribosylglycinamide formyltransferase PurN	SAG-MED28_00804	-2
JACWDY010000004.1	59365	60393	-	SAG-MED28_00803	SAG-MED28	342	OG0000574	K01933	phosphoribosylformylglycinamidine cyclo-ligase [EC:6.3.3.1]	COG0150	PurM	Phosphoribosylaminoimidazole (AIR) synthetase	SAG-MED28_00804	-1
JACWDY010000004.1	60417	61463	+	SAG-MED28_00804	SAG-MED28	348	OG0000916	NA	NA	NA	NA	NA	SAG-MED28_00804	0
JACWDY010000004.1	61465	62124	+	SAG-MED28_00805	SAG-MED28	219	OG0000690	NA	NA	COG0593	DnaA	Chromosomal replication initiation ATPase DnaA	SAG-MED28_00804	1
JACWDY010000004.1	62117	63904	+	SAG-MED28_00806	SAG-MED28	595	OG0000189	K01876	aspartyl-tRNA synthetase [EC:6.1.1.12]	COG0173	AspS	Aspartyl-tRNA synthetase	SAG-MED28_00804	2
JACWDY010000004.1	63901	64719	-	SAG-MED28_00807	SAG-MED28	272	OG0000284	NA	NA	NA	NA	NA	SAG-MED28_00804	3
JACWDY010000004.1	64819	65172	+	SAG-MED28_00808	SAG-MED28	117	OG0000369	NA	NA	COG3761	NDUFA12	NADH:ubiquinone oxidoreductase NDUFA12 subunit (Leigh syndrome)	SAG-MED28_00804	4
JACWDY010000004.1	65156	65653	+	SAG-MED28_00809	SAG-MED28	165	OG0000472	NA	NA	COG4765	NA	Uncharacterized conserved protein, DUF2155 domain	SAG-MED28_00804	5
JACWEO010000002.1	120350	121489	-	SAG-MED47_00589	SAG-MED47	379	OG0000932	NA	NA	COG0795	LptF	Lipopolysaccharide export LptBFGC system, permease protein LptF	SAG-MED47_00594	-5
JACWEO010000002.1	121628	123085	+	SAG-MED47_00590	SAG-MED47	485	OG0000405	K01255	leucyl aminopeptidase [EC:3.4.11.1]	COG0260	PepB	Leucyl aminopeptidase	SAG-MED47_00594	-4
JACWEO010000002.1	123078	123488	+	SAG-MED47_00591	SAG-MED47	136	OG0000480	K00940	nucleoside-diphosphate kinase [EC:2.7.4.6]	COG0105	Ndk	Nucleoside diphosphate kinase	SAG-MED47_00594	-3
JACWEO010000002.1	123478	124062	-	SAG-MED47_00592	SAG-MED47	194	OG0000035	K11175	phosphoribosylglycinamide formyltransferase 1 [EC:2.1.2.2]	COG0299	PurN	Folate-dependent phosphoribosylglycinamide formyltransferase PurN	SAG-MED47_00594	-2
JACWEO010000002.1	124031	125068	-	SAG-MED47_00593	SAG-MED47	345	OG0000574	K01933	phosphoribosylformylglycinamidine cyclo-ligase [EC:6.3.3.1]	COG0150	PurM	Phosphoribosylaminoimidazole (AIR) synthetase	SAG-MED47_00594	-1
JACWEO010000002.1	125083	125871	+	SAG-MED47_00594	SAG-MED47	262	OG0000916	NA	NA	NA	NA	NA	SAG-MED47_00594	0
JACWEO010000002.1	125834	126148	+	SAG-MED47_00595	SAG-MED47	104	OG0000916	NA	NA	NA	NA	NA	SAG-MED47_00594	1
JACWEO010000002.1	126133	126807	+	SAG-MED47_00596	SAG-MED47	224	OG0000690	NA	NA	COG0593	DnaA	Chromosomal replication initiation ATPase DnaA	SAG-MED47_00594	2
JACWEO010000002.1	126808	128592	+	SAG-MED47_00597	SAG-MED47	594	OG0000189	K01876	aspartyl-tRNA synthetase [EC:6.1.1.12]	COG0173	AspS	Aspartyl-tRNA synthetase	SAG-MED47_00594	3
JACWEO010000002.1	128593	129408	-	SAG-MED47_00598	SAG-MED47	271	OG0000284	NA	NA	NA	NA	NA	SAG-MED47_00594	4
JACWEO010000002.1	129524	129883	+	SAG-MED47_00599	SAG-MED47	119	OG0000369	NA	NA	COG3761	NDUFA12	NADH:ubiquinone oxidoreductase NDUFA12 subunit (Leigh syndrome)	SAG-MED47_00594	5
JACWEO010000002.1	121628	123085	+	SAG-MED47_00590	SAG-MED47	485	OG0000405	K01255	leucyl aminopeptidase [EC:3.4.11.1]	COG0260	PepB	Leucyl aminopeptidase	SAG-MED47_00595	-5
JACWEO010000002.1	123078	123488	+	SAG-MED47_00591	SAG-MED47	136	OG0000480	K00940	nucleoside-diphosphate kinase [EC:2.7.4.6]	COG0105	Ndk	Nucleoside diphosphate kinase	SAG-MED47_00595	-4
JACWEO010000002.1	123478	124062	-	SAG-MED47_00592	SAG-MED47	194	OG0000035	K11175	phosphoribosylglycinamide formyltransferase 1 [EC:2.1.2.2]	COG0299	PurN	Folate-dependent phosphoribosylglycinamide formyltransferase PurN	SAG-MED47_00595	-3
JACWEO010000002.1	124031	125068	-	SAG-MED47_00593	SAG-MED47	345	OG0000574	K01933	phosphoribosylformylglycinamidine cyclo-ligase [EC:6.3.3.1]	COG0150	PurM	Phosphoribosylaminoimidazole (AIR) synthetase	SAG-MED47_00595	-2
JACWEO010000002.1	125083	125871	+	SAG-MED47_00594	SAG-MED47	262	OG0000916	NA	NA	NA	NA	NA	SAG-MED47_00595	-1
JACWEO010000002.1	125834	126148	+	SAG-MED47_00595	SAG-MED47	104	OG0000916	NA	NA	NA	NA	NA	SAG-MED47_00595	0
JACWEO010000002.1	126133	126807	+	SAG-MED47_00596	SAG-MED47	224	OG0000690	NA	NA	COG0593	DnaA	Chromosomal replication initiation ATPase DnaA	SAG-MED47_00595	1
JACWEO010000002.1	126808	128592	+	SAG-MED47_00597	SAG-MED47	594	OG0000189	K01876	aspartyl-tRNA synthetase [EC:6.1.1.12]	COG0173	AspS	Aspartyl-tRNA synthetase	SAG-MED47_00595	2
JACWEO010000002.1	128593	129408	-	SAG-MED47_00598	SAG-MED47	271	OG0000284	NA	NA	NA	NA	NA	SAG-MED47_00595	3
JACWEO010000002.1	129524	129883	+	SAG-MED47_00599	SAG-MED47	119	OG0000369	NA	NA	COG3761	NDUFA12	NADH:ubiquinone oxidoreductase NDUFA12 subunit (Leigh syndrome)	SAG-MED47_00595	4
JACWEO010000002.1	129846	130253	+	SAG-MED47_00600	SAG-MED47	135	OG0000472	NA	NA	COG4765	NA	Uncharacterized conserved protein, DUF2155 domain	SAG-MED47_00595	5
JACWEQ010000008.1	18671	19807	-	SAG-MED49_01187	SAG-MED49	378	OG0000932	NA	NA	COG0795	LptF	Lipopolysaccharide export LptBFGC system, permease protein LptF	SAG-MED49_01192	-5
JACWEQ010000008.1	19869	21326	+	SAG-MED49_01188	SAG-MED49	485	OG0000405	K01255	leucyl aminopeptidase [EC:3.4.11.1]	COG0260	PepB	Leucyl aminopeptidase	SAG-MED49_01192	-4
JACWEQ010000008.1	21319	21729	+	SAG-MED49_01189	SAG-MED49	136	OG0000480	K00940	nucleoside-diphosphate kinase [EC:2.7.4.6]	COG0105	Ndk	Nucleoside diphosphate kinase	SAG-MED49_01192	-3
JACWEQ010000008.1	21726	22301	-	SAG-MED49_01190	SAG-MED49	191	OG0000035	K11175	phosphoribosylglycinamide formyltransferase 1 [EC:2.1.2.2]	COG0299	PurN	Folate-dependent phosphoribosylglycinamide formyltransferase PurN	SAG-MED49_01192	-2
JACWEQ010000008.1	22279	23307	-	SAG-MED49_01191	SAG-MED49	342	OG0000574	K01933	phosphoribosylformylglycinamidine cyclo-ligase [EC:6.3.3.1]	COG0150	PurM	Phosphoribosylaminoimidazole (AIR) synthetase	SAG-MED49_01192	-1
JACWEQ010000008.1	23319	24398	+	SAG-MED49_01192	SAG-MED49	359	OG0000916	NA	NA	COG1221	PspF	Transcriptional regulators containing sigma54-interacting ATPase domain	SAG-MED49_01192	0
JACWEQ010000008.1	24383	25057	+	SAG-MED49_01193	SAG-MED49	224	OG0000690	NA	NA	COG0593	DnaA	Chromosomal replication initiation ATPase DnaA	SAG-MED49_01192	1
JACWEQ010000008.1	25058	26842	+	SAG-MED49_01194	SAG-MED49	594	OG0000189	K01876	aspartyl-tRNA synthetase [EC:6.1.1.12]	COG0173	AspS	Aspartyl-tRNA synthetase	SAG-MED49_01192	2
JACWEQ010000008.1	26846	27670	-	SAG-MED49_01195	SAG-MED49	274	OG0000284	NA	NA	NA	NA	NA	SAG-MED49_01192	3
JACWEQ010000008.1	27785	28144	+	SAG-MED49_01196	SAG-MED49	119	OG0000369	NA	NA	COG3761	NDUFA12	NADH:ubiquinone oxidoreductase NDUFA12 subunit (Leigh syndrome)	SAG-MED49_01192	4
JACWEQ010000008.1	28107	28514	+	SAG-MED49_01197	SAG-MED49	135	OG0000472	NA	NA	COG4765	NA	Uncharacterized conserved protein, DUF2155 domain	SAG-MED49_01192	5
JACWER010000006.1	33233	34357	-	SAG-MED50_01137	SAG-MED50	374	OG0000932	NA	NA	COG0795	LptF	Lipopolysaccharide export LptBFGC system, permease protein LptF	SAG-MED50_01142	-5
JACWER010000006.1	34419	35876	+	SAG-MED50_01138	SAG-MED50	485	OG0000405	K01255	leucyl aminopeptidase [EC:3.4.11.1]	COG0260	PepB	Leucyl aminopeptidase	SAG-MED50_01142	-4
JACWER010000006.1	35863	36279	+	SAG-MED50_01139	SAG-MED50	138	OG0000480	K00940	nucleoside-diphosphate kinase [EC:2.7.4.6]	COG0105	Ndk	Nucleoside diphosphate kinase	SAG-MED50_01142	-3
JACWER010000006.1	36269	36847	-	SAG-MED50_01140	SAG-MED50	192	OG0000035	K11175	phosphoribosylglycinamide formyltransferase 1 [EC:2.1.2.2]	COG0299	PurN	Folate-dependent phosphoribosylglycinamide formyltransferase PurN	SAG-MED50_01142	-2
JACWER010000006.1	36825	37856	-	SAG-MED50_01141	SAG-MED50	343	OG0000574	K01933	phosphoribosylformylglycinamidine cyclo-ligase [EC:6.3.3.1]	COG0150	PurM	Phosphoribosylaminoimidazole (AIR) synthetase	SAG-MED50_01142	-1
JACWER010000006.1	37868	38947	+	SAG-MED50_01142	SAG-MED50	359	OG0000916	NA	NA	NA	NA	NA	SAG-MED50_01142	0
JACWER010000006.1	38944	39606	+	SAG-MED50_01143	SAG-MED50	220	OG0000690	NA	NA	COG0593	DnaA	Chromosomal replication initiation ATPase DnaA	SAG-MED50_01142	1
JACWER010000006.1	39607	41391	+	SAG-MED50_01144	SAG-MED50	594	OG0000189	K01876	aspartyl-tRNA synthetase [EC:6.1.1.12]	COG0173	AspS	Aspartyl-tRNA synthetase	SAG-MED50_01142	2
JACWER010000006.1	41394	42218	-	SAG-MED50_01145	SAG-MED50	274	OG0000284	NA	NA	NA	NA	NA	SAG-MED50_01142	3
JACWER010000006.1	42324	42689	+	SAG-MED50_01146	SAG-MED50	121	OG0000369	NA	NA	COG3761	NDUFA12	NADH:ubiquinone oxidoreductase NDUFA12 subunit (Leigh syndrome)	SAG-MED50_01142	4
JACWER010000006.1	42655	43062	+	SAG-MED50_01147	SAG-MED50	135	OG0000472	NA	NA	COG4765	NA	Uncharacterized conserved protein, DUF2155 domain	SAG-MED50_01142	5
PBKK01000015.1	85615	85941	-	SP27_00092	SP27	108	OG0000369	NA	NA	COG3761	NDUFA12	NADH:ubiquinone oxidoreductase NDUFA12 subunit (Leigh syndrome)	SP27_00097	-5
PBKK01000015.1	86062	86883	+	SP27_00093	SP27	273	OG0000284	NA	NA	NA	NA	NA	SP27_00097	-4
PBKK01000015.1	86880	88667	-	SP27_00094	SP27	595	OG0000189	K01876	aspartyl-tRNA synthetase [EC:6.1.1.12]	COG0173	AspS	Aspartyl-tRNA synthetase	SP27_00097	-3
PBKK01000015.1	88717	89775	+	SP27_00095	SP27	352	OG0000122	NA	NA	COG0349	Rnd	Ribonuclease D, nanoRNase NrnC or deoxydinuclease (diDNase)	SP27_00097	-2
PBKK01000015.1	89759	90415	-	SP27_00096	SP27	218	OG0000690	NA	NA	COG0593	DnaA	Chromosomal replication initiation ATPase DnaA	SP27_00097	-1
PBKK01000015.1	90408	91418	-	SP27_00097	SP27	336	OG0000916	NA	NA	NA	NA	NA	SP27_00097	0
PBKK01000015.1	91440	92471	+	SP27_00098	SP27	343	OG0000574	K01933	phosphoribosylformylglycinamidine cyclo-ligase [EC:6.3.3.1]	COG0150	PurM	Phosphoribosylaminoimidazole (AIR) synthetase	SP27_00097	1
PBKK01000015.1	92452	93018	+	SP27_00099	SP27	188	OG0000035	K11175	phosphoribosylglycinamide formyltransferase 1 [EC:2.1.2.2]	COG0299	PurN	Folate-dependent phosphoribosylglycinamide formyltransferase PurN	SP27_00097	2
PBKK01000015.1	93015	93419	-	SP27_00100	SP27	134	OG0000480	K00940	nucleoside-diphosphate kinase [EC:2.7.4.6]	COG0105	Ndk	Nucleoside diphosphate kinase	SP27_00097	3
PBKK01000015.1	93412	94872	-	SP27_00101	SP27	486	OG0000405	K01255	leucyl aminopeptidase [EC:3.4.11.1]	COG0260	PepB	Leucyl aminopeptidase	SP27_00097	4
PBKK01000015.1	94901	95977	+	SP27_00102	SP27	358	OG0000932	NA	NA	COG0795	LptF	Lipopolysaccharide export LptBFGC system, permease protein LptF	SP27_00097	5
CP159810.1	939230	940567	+	Uisw_090_01054	Uisw_090	445	OG0000126	K01961	acetyl-CoA carboxylase, biotin carboxylase subunit [EC:6.4.1.2 6.3.4.14]	COG4770	PccA	Acetyl/propionyl-CoA carboxylase, alpha subunit	Uisw_090_01059	-5
CP159810.1	940927	941286	-	Uisw_090_01055	Uisw_090	119	OG0000369	NA	NA	COG3761	NDUFA12	NADH:ubiquinone oxidoreductase NDUFA12 subunit (Leigh syndrome)	Uisw_090_01059	-4
CP159810.1	941402	942223	+	Uisw_090_01056	Uisw_090	273	OG0000284	NA	NA	NA	NA	NA	Uisw_090_01059	-3
CP159810.1	942226	944010	-	Uisw_090_01057	Uisw_090	594	OG0000189	K01876	aspartyl-tRNA synthetase [EC:6.1.1.12]	COG0173	AspS	Aspartyl-tRNA synthetase	Uisw_090_01059	-2
CP159810.1	944011	944673	-	Uisw_090_01058	Uisw_090	220	OG0000690	NA	NA	COG0593	DnaA	Chromosomal replication initiation ATPase DnaA	Uisw_090_01059	-1
CP159810.1	944670	945635	-	Uisw_090_01059	Uisw_090	321	OG0000916	NA	NA	NA	NA	NA	Uisw_090_01059	0
CP159810.1	945762	946790	+	Uisw_090_01060	Uisw_090	342	OG0000574	K01933	phosphoribosylformylglycinamidine cyclo-ligase [EC:6.3.3.1]	COG0150	PurM	Phosphoribosylaminoimidazole (AIR) synthetase	Uisw_090_01059	1
CP159810.1	946744	947250	+	Uisw_090_01061	Uisw_090	168	OG0000035	NA	NA	COG0299	PurN	Folate-dependent phosphoribosylglycinamide formyltransferase PurN	Uisw_090_01059	2
CP159810.1	947198	947347	+	Uisw_090_01062	Uisw_090	49	OG0000035	NA	NA	COG0299	PurN	Folate-dependent phosphoribosylglycinamide formyltransferase PurN	Uisw_090_01059	3
CP159810.1	947344	947754	-	Uisw_090_01063	Uisw_090	136	OG0000480	K00940	nucleoside-diphosphate kinase [EC:2.7.4.6]	COG0105	Ndk	Nucleoside diphosphate kinase	Uisw_090_01059	4
CP159810.1	947815	949038	-	Uisw_090_01064	Uisw_090	407	OG0000405	K01255	leucyl aminopeptidase [EC:3.4.11.1]	COG0260	PepB	Leucyl aminopeptidase	Uisw_090_01059	5
CP159824.1	344311	345441	-	Uisw_092_00373	Uisw_092	376	OG0000932	NA	NA	COG0795	LptF	Lipopolysaccharide export LptBFGC system, permease protein LptF	Uisw_092_00378	-5
CP159824.1	345502	346959	+	Uisw_092_00374	Uisw_092	485	OG0000405	K01255	leucyl aminopeptidase [EC:3.4.11.1]	COG0260	PepB	Leucyl aminopeptidase	Uisw_092_00378	-4
CP159824.1	346952	347362	+	Uisw_092_00375	Uisw_092	136	OG0000480	K00940	nucleoside-diphosphate kinase [EC:2.7.4.6]	COG0105	Ndk	Nucleoside diphosphate kinase	Uisw_092_00378	-3
CP159824.1	347359	347937	-	Uisw_092_00376	Uisw_092	192	OG0000035	K11175	phosphoribosylglycinamide formyltransferase 1 [EC:2.1.2.2]	COG0299	PurN	Folate-dependent phosphoribosylglycinamide formyltransferase PurN	Uisw_092_00378	-2
CP159824.1	347915	348943	-	Uisw_092_00377	Uisw_092	342	OG0000574	K01933	phosphoribosylformylglycinamidine cyclo-ligase [EC:6.3.3.1]	COG0150	PurM	Phosphoribosylaminoimidazole (AIR) synthetase	Uisw_092_00378	-1
CP159824.1	348955	350034	+	Uisw_092_00378	Uisw_092	359	OG0000916	NA	NA	NA	NA	NA	Uisw_092_00378	0
CP159824.1	350031	350693	+	Uisw_092_00379	Uisw_092	220	OG0000690	NA	NA	COG0593	DnaA	Chromosomal replication initiation ATPase DnaA	Uisw_092_00378	1
CP159824.1	350831	352477	+	Uisw_092_00380	Uisw_092	548	OG0000189	K01876	aspartyl-tRNA synthetase [EC:6.1.1.12]	COG0173	AspS	Aspartyl-tRNA synthetase	Uisw_092_00378	2
CP159824.1	352479	353300	-	Uisw_092_00381	Uisw_092	273	OG0000284	NA	NA	NA	NA	NA	Uisw_092_00378	3
CP159824.1	353415	353774	+	Uisw_092_00382	Uisw_092	119	OG0000369	NA	NA	COG3761	NDUFA12	NADH:ubiquinone oxidoreductase NDUFA12 subunit (Leigh syndrome)	Uisw_092_00378	4
CP159824.1	353734	354141	+	Uisw_092_00383	Uisw_092	135	OG0000472	NA	NA	COG4765	NA	Uncharacterized conserved protein, DUF2155 domain	Uisw_092_00378	5
CP159823.1	319882	321039	-	Uisw_094_00338	Uisw_094	385	OG0000932	NA	NA	COG0795	LptF	Lipopolysaccharide export LptBFGC system, permease protein LptF	Uisw_094_00343	-5
CP159823.1	321079	322536	+	Uisw_094_00339	Uisw_094	485	OG0000405	K01255	leucyl aminopeptidase [EC:3.4.11.1]	COG0260	PepB	Leucyl aminopeptidase	Uisw_094_00343	-4
CP159823.1	322529	322939	+	Uisw_094_00340	Uisw_094	136	OG0000480	K00940	nucleoside-diphosphate kinase [EC:2.7.4.6]	COG0105	Ndk	Nucleoside diphosphate kinase	Uisw_094_00343	-3
CP159823.1	322936	323514	-	Uisw_094_00341	Uisw_094	192	OG0000035	K11175	phosphoribosylglycinamide formyltransferase 1 [EC:2.1.2.2]	COG0299	PurN	Folate-dependent phosphoribosylglycinamide formyltransferase PurN	Uisw_094_00343	-2
CP159823.1	323492	324520	-	Uisw_094_00342	Uisw_094	342	OG0000574	K01933	phosphoribosylformylglycinamidine cyclo-ligase [EC:6.3.3.1]	COG0150	PurM	Phosphoribosylaminoimidazole (AIR) synthetase	Uisw_094_00343	-1
CP159823.1	324532	325611	+	Uisw_094_00343	Uisw_094	359	OG0000916	NA	NA	NA	NA	NA	Uisw_094_00343	0
CP159823.1	325608	326273	+	Uisw_094_00344	Uisw_094	221	OG0000690	NA	NA	COG0593	DnaA	Chromosomal replication initiation ATPase DnaA	Uisw_094_00343	1
CP159823.1	326270	328054	+	Uisw_094_00345	Uisw_094	594	OG0000189	K01876	aspartyl-tRNA synthetase [EC:6.1.1.12]	COG0173	AspS	Aspartyl-tRNA synthetase	Uisw_094_00343	2
CP159823.1	328057	328878	-	Uisw_094_00346	Uisw_094	273	OG0000284	NA	NA	NA	NA	NA	Uisw_094_00343	3
CP159823.1	328994	329353	+	Uisw_094_00347	Uisw_094	119	OG0000369	NA	NA	COG3761	NDUFA12	NADH:ubiquinone oxidoreductase NDUFA12 subunit (Leigh syndrome)	Uisw_094_00343	4
CP159823.1	329313	329711	+	Uisw_094_00348	Uisw_094	132	OG0000472	NA	NA	COG4765	NA	Uncharacterized conserved protein, DUF2155 domain	Uisw_094_00343	5
CP159822.1	786688	787095	-	Uisw_099_02_00882	Uisw_099_02	135	OG0000472	NA	NA	COG4765	NA	Uncharacterized conserved protein, DUF2155 domain	Uisw_099_02_00887	-5
CP159822.1	787055	787414	-	Uisw_099_02_00883	Uisw_099_02	119	OG0000369	NA	NA	COG3761	NDUFA12	NADH:ubiquinone oxidoreductase NDUFA12 subunit (Leigh syndrome)	Uisw_099_02_00887	-4
CP159822.1	787529	788350	+	Uisw_099_02_00884	Uisw_099_02	273	OG0000284	NA	NA	NA	NA	NA	Uisw_099_02_00887	-3
CP159822.1	788353	790137	-	Uisw_099_02_00885	Uisw_099_02	594	OG0000189	K01876	aspartyl-tRNA synthetase [EC:6.1.1.12]	COG0173	AspS	Aspartyl-tRNA synthetase	Uisw_099_02_00887	-2
CP159822.1	790138	790800	-	Uisw_099_02_00886	Uisw_099_02	220	OG0000690	NA	NA	COG0593	DnaA	Chromosomal replication initiation ATPase DnaA	Uisw_099_02_00887	-1
CP159822.1	790797	791876	-	Uisw_099_02_00887	Uisw_099_02	359	OG0000916	NA	NA	NA	NA	NA	Uisw_099_02_00887	0
CP159822.1	791888	792916	+	Uisw_099_02_00888	Uisw_099_02	342	OG0000574	K01933	phosphoribosylformylglycinamidine cyclo-ligase [EC:6.3.3.1]	COG0150	PurM	Phosphoribosylaminoimidazole (AIR) synthetase	Uisw_099_02_00887	1
CP159822.1	792894	793472	+	Uisw_099_02_00889	Uisw_099_02	192	OG0000035	K11175	phosphoribosylglycinamide formyltransferase 1 [EC:2.1.2.2]	COG0299	PurN	Folate-dependent phosphoribosylglycinamide formyltransferase PurN	Uisw_099_02_00887	2
CP159822.1	793469	793885	-	Uisw_099_02_00890	Uisw_099_02	138	OG0000480	K00940	nucleoside-diphosphate kinase [EC:2.7.4.6]	COG0105	Ndk	Nucleoside diphosphate kinase	Uisw_099_02_00887	3
CP159822.1	793872	795329	-	Uisw_099_02_00891	Uisw_099_02	485	OG0000405	K01255	leucyl aminopeptidase [EC:3.4.11.1]	COG0260	PepB	Leucyl aminopeptidase	Uisw_099_02_00887	4
CP159822.1	795390	796547	+	Uisw_099_02_00892	Uisw_099_02	385	OG0000932	NA	NA	COG0795	LptF	Lipopolysaccharide export LptBFGC system, permease protein LptF	Uisw_099_02_00887	5
CP159821.1	306268	307395	-	Uisw_101_00324	Uisw_101	375	OG0000932	NA	NA	COG0795	LptF	Lipopolysaccharide export LptBFGC system, permease protein LptF	Uisw_101_00329	-5
CP159821.1	307457	308914	+	Uisw_101_00325	Uisw_101	485	OG0000405	K01255	leucyl aminopeptidase [EC:3.4.11.1]	COG0260	PepB	Leucyl aminopeptidase	Uisw_101_00329	-4
CP159821.1	308907	309317	+	Uisw_101_00326	Uisw_101	136	OG0000480	K00940	nucleoside-diphosphate kinase [EC:2.7.4.6]	COG0105	Ndk	Nucleoside diphosphate kinase	Uisw_101_00329	-3
CP159821.1	309314	309892	-	Uisw_101_00327	Uisw_101	192	OG0000035	K11175	phosphoribosylglycinamide formyltransferase 1 [EC:2.1.2.2]	COG0299	PurN	Folate-dependent phosphoribosylglycinamide formyltransferase PurN	Uisw_101_00329	-2
CP159821.1	309870	310898	-	Uisw_101_00328	Uisw_101	342	OG0000574	K01933	phosphoribosylformylglycinamidine cyclo-ligase [EC:6.3.3.1]	COG0150	PurM	Phosphoribosylaminoimidazole (AIR) synthetase	Uisw_101_00329	-1
CP159821.1	310910	311989	+	Uisw_101_00329	Uisw_101	359	OG0000916	NA	NA	NA	NA	NA	Uisw_101_00329	0
CP159821.1	311986	312648	+	Uisw_101_00330	Uisw_101	220	OG0000690	NA	NA	COG0593	DnaA	Chromosomal replication initiation ATPase DnaA	Uisw_101_00329	1
CP159821.1	312649	314433	+	Uisw_101_00331	Uisw_101	594	OG0000189	K01876	aspartyl-tRNA synthetase [EC:6.1.1.12]	COG0173	AspS	Aspartyl-tRNA synthetase	Uisw_101_00329	2
CP159821.1	314436	315257	-	Uisw_101_00332	Uisw_101	273	OG0000284	NA	NA	NA	NA	NA	Uisw_101_00329	3
CP159821.1	315373	315732	+	Uisw_101_00333	Uisw_101	119	OG0000369	NA	NA	COG3761	NDUFA12	NADH:ubiquinone oxidoreductase NDUFA12 subunit (Leigh syndrome)	Uisw_101_00329	4
CP159821.1	315692	316090	+	Uisw_101_00334	Uisw_101	132	OG0000472	NA	NA	COG4765	NA	Uncharacterized conserved protein, DUF2155 domain	Uisw_101_00329	5
CP159820.1	309070	310197	-	Uisw_104_00326	Uisw_104	375	OG0000932	NA	NA	COG0795	LptF	Lipopolysaccharide export LptBFGC system, permease protein LptF	Uisw_104_00331	-5
CP159820.1	310259	311716	+	Uisw_104_00327	Uisw_104	485	OG0000405	K01255	leucyl aminopeptidase [EC:3.4.11.1]	COG0260	PepB	Leucyl aminopeptidase	Uisw_104_00331	-4
CP159820.1	311709	312119	+	Uisw_104_00328	Uisw_104	136	OG0000480	K00940	nucleoside-diphosphate kinase [EC:2.7.4.6]	COG0105	Ndk	Nucleoside diphosphate kinase	Uisw_104_00331	-3
CP159820.1	312116	312694	-	Uisw_104_00329	Uisw_104	192	OG0000035	K11175	phosphoribosylglycinamide formyltransferase 1 [EC:2.1.2.2]	COG0299	PurN	Folate-dependent phosphoribosylglycinamide formyltransferase PurN	Uisw_104_00331	-2
CP159820.1	312672	313700	-	Uisw_104_00330	Uisw_104	342	OG0000574	K01933	phosphoribosylformylglycinamidine cyclo-ligase [EC:6.3.3.1]	COG0150	PurM	Phosphoribosylaminoimidazole (AIR) synthetase	Uisw_104_00331	-1
CP159820.1	313712	314791	+	Uisw_104_00331	Uisw_104	359	OG0000916	NA	NA	NA	NA	NA	Uisw_104_00331	0
CP159820.1	314788	315450	+	Uisw_104_00332	Uisw_104	220	OG0000690	NA	NA	COG0593	DnaA	Chromosomal replication initiation ATPase DnaA	Uisw_104_00331	1
CP159820.1	315451	317235	+	Uisw_104_00333	Uisw_104	594	OG0000189	K01876	aspartyl-tRNA synthetase [EC:6.1.1.12]	COG0173	AspS	Aspartyl-tRNA synthetase	Uisw_104_00331	2
CP159820.1	317238	318059	-	Uisw_104_00334	Uisw_104	273	OG0000284	NA	NA	NA	NA	NA	Uisw_104_00331	3
CP159820.1	318175	318534	+	Uisw_104_00335	Uisw_104	119	OG0000369	NA	NA	COG3761	NDUFA12	NADH:ubiquinone oxidoreductase NDUFA12 subunit (Leigh syndrome)	Uisw_104_00331	4
CP159820.1	318494	318892	+	Uisw_104_00336	Uisw_104	132	OG0000472	NA	NA	COG4765	NA	Uncharacterized conserved protein, DUF2155 domain	Uisw_104_00331	5
CP159819.1	332498	333631	-	Uisw_106_00356	Uisw_106	377	OG0000932	NA	NA	COG0795	LptF	Lipopolysaccharide export LptBFGC system, permease protein LptF	Uisw_106_00361	-5
CP159819.1	333692	335149	+	Uisw_106_00357	Uisw_106	485	OG0000405	K01255	leucyl aminopeptidase [EC:3.4.11.1]	COG0260	PepB	Leucyl aminopeptidase	Uisw_106_00361	-4
CP159819.1	335142	335552	+	Uisw_106_00358	Uisw_106	136	OG0000480	K00940	nucleoside-diphosphate kinase [EC:2.7.4.6]	COG0105	Ndk	Nucleoside diphosphate kinase	Uisw_106_00361	-3
CP159819.1	335549	336127	-	Uisw_106_00359	Uisw_106	192	OG0000035	K11175	phosphoribosylglycinamide formyltransferase 1 [EC:2.1.2.2]	COG0299	PurN	Folate-dependent phosphoribosylglycinamide formyltransferase PurN	Uisw_106_00361	-2
CP159819.1	336105	337133	-	Uisw_106_00360	Uisw_106	342	OG0000574	K01933	phosphoribosylformylglycinamidine cyclo-ligase [EC:6.3.3.1]	COG0150	PurM	Phosphoribosylaminoimidazole (AIR) synthetase	Uisw_106_00361	-1
CP159819.1	337145	338224	+	Uisw_106_00361	Uisw_106	359	OG0000916	NA	NA	NA	NA	NA	Uisw_106_00361	0
CP159819.1	338221	338883	+	Uisw_106_00362	Uisw_106	220	OG0000690	NA	NA	COG0593	DnaA	Chromosomal replication initiation ATPase DnaA	Uisw_106_00361	1
CP159819.1	338884	340668	+	Uisw_106_00363	Uisw_106	594	OG0000189	K01876	aspartyl-tRNA synthetase [EC:6.1.1.12]	COG0173	AspS	Aspartyl-tRNA synthetase	Uisw_106_00361	2
CP159819.1	340671	341492	-	Uisw_106_00364	Uisw_106	273	OG0000284	NA	NA	NA	NA	NA	Uisw_106_00361	3
CP159819.1	341608	341967	+	Uisw_106_00365	Uisw_106	119	OG0000369	NA	NA	COG3761	NDUFA12	NADH:ubiquinone oxidoreductase NDUFA12 subunit (Leigh syndrome)	Uisw_106_00361	4
CP159819.1	341927	342334	+	Uisw_106_00366	Uisw_106	135	OG0000472	NA	NA	COG4765	NA	Uncharacterized conserved protein, DUF2155 domain	Uisw_106_00361	5
CP159809.1	876657	877064	-	Uisw_113_00961	Uisw_113	135	OG0000472	NA	NA	COG4765	NA	Uncharacterized conserved protein, DUF2155 domain	Uisw_113_00966	-5
CP159809.1	877024	877383	-	Uisw_113_00962	Uisw_113	119	OG0000369	NA	NA	COG3761	NDUFA12	NADH:ubiquinone oxidoreductase NDUFA12 subunit (Leigh syndrome)	Uisw_113_00966	-4
CP159809.1	877507	878328	+	Uisw_113_00963	Uisw_113	273	OG0000284	NA	NA	NA	NA	NA	Uisw_113_00966	-3
CP159809.1	878331	880115	-	Uisw_113_00964	Uisw_113	594	OG0000189	K01876	aspartyl-tRNA synthetase [EC:6.1.1.12]	COG0173	AspS	Aspartyl-tRNA synthetase	Uisw_113_00966	-2
CP159809.1	880116	880778	-	Uisw_113_00965	Uisw_113	220	OG0000690	NA	NA	COG0593	DnaA	Chromosomal replication initiation ATPase DnaA	Uisw_113_00966	-1
CP159809.1	880775	881854	-	Uisw_113_00966	Uisw_113	359	OG0000916	NA	NA	NA	NA	NA	Uisw_113_00966	0
CP159809.1	881866	882894	+	Uisw_113_00967	Uisw_113	342	OG0000574	K01933	phosphoribosylformylglycinamidine cyclo-ligase [EC:6.3.3.1]	COG0150	PurM	Phosphoribosylaminoimidazole (AIR) synthetase	Uisw_113_00966	1
CP159809.1	882872	883450	+	Uisw_113_00968	Uisw_113	192	OG0000035	K11175	phosphoribosylglycinamide formyltransferase 1 [EC:2.1.2.2]	COG0299	PurN	Folate-dependent phosphoribosylglycinamide formyltransferase PurN	Uisw_113_00966	2
CP159809.1	883447	883857	-	Uisw_113_00969	Uisw_113	136	OG0000480	K00940	nucleoside-diphosphate kinase [EC:2.7.4.6]	COG0105	Ndk	Nucleoside diphosphate kinase	Uisw_113_00966	3
CP159809.1	883850	885307	-	Uisw_113_00970	Uisw_113	485	OG0000405	K01255	leucyl aminopeptidase [EC:3.4.11.1]	COG0260	PepB	Leucyl aminopeptidase	Uisw_113_00966	4
CP159809.1	885368	886504	+	Uisw_113_00971	Uisw_113	378	OG0000932	NA	NA	COG0795	LptF	Lipopolysaccharide export LptBFGC system, permease protein LptF	Uisw_113_00966	5
CP159818.1	326546	326839	+	Uisw_114_00404	Uisw_114	97	OG0000405	NA	NA	NA	NA	NA	Uisw_114_00409	-5
CP159818.1	327047	327865	+	Uisw_114_00405	Uisw_114	272	OG0000405	K01255	leucyl aminopeptidase [EC:3.4.11.1]	COG0260	PepB	Leucyl aminopeptidase	Uisw_114_00409	-4
CP159818.1	327858	328268	+	Uisw_114_00406	Uisw_114	136	OG0000480	K00940	nucleoside-diphosphate kinase [EC:2.7.4.6]	COG0105	Ndk	Nucleoside diphosphate kinase	Uisw_114_00409	-3
CP159818.1	328265	328843	-	Uisw_114_00407	Uisw_114	192	OG0000035	K11175	phosphoribosylglycinamide formyltransferase 1 [EC:2.1.2.2]	COG0299	PurN	Folate-dependent phosphoribosylglycinamide formyltransferase PurN	Uisw_114_00409	-2
CP159818.1	328821	329849	-	Uisw_114_00408	Uisw_114	342	OG0000574	K01933	phosphoribosylformylglycinamidine cyclo-ligase [EC:6.3.3.1]	COG0150	PurM	Phosphoribosylaminoimidazole (AIR) synthetase	Uisw_114_00409	-1
CP159818.1	329861	330940	+	Uisw_114_00409	Uisw_114	359	OG0000916	NA	NA	NA	NA	NA	Uisw_114_00409	0
CP159818.1	330937	331599	+	Uisw_114_00410	Uisw_114	220	OG0000690	NA	NA	COG0593	DnaA	Chromosomal replication initiation ATPase DnaA	Uisw_114_00409	1
CP159818.1	331600	333384	+	Uisw_114_00411	Uisw_114	594	OG0000189	K01876	aspartyl-tRNA synthetase [EC:6.1.1.12]	COG0173	AspS	Aspartyl-tRNA synthetase	Uisw_114_00409	2
CP159818.1	333387	334208	-	Uisw_114_00412	Uisw_114	273	OG0000284	NA	NA	NA	NA	NA	Uisw_114_00409	3
CP159818.1	334324	334683	+	Uisw_114_00413	Uisw_114	119	OG0000369	NA	NA	COG3761	NDUFA12	NADH:ubiquinone oxidoreductase NDUFA12 subunit (Leigh syndrome)	Uisw_114_00409	4
CP159818.1	334643	335041	+	Uisw_114_00414	Uisw_114	132	OG0000472	NA	NA	COG4765	NA	Uncharacterized conserved protein, DUF2155 domain	Uisw_114_00409	5
CP159817.1	315831	316958	-	Uisw_116_00354	Uisw_116	375	OG0000932	NA	NA	COG0795	LptF	Lipopolysaccharide export LptBFGC system, permease protein LptF	Uisw_116_00359	-5
CP159817.1	317019	318476	+	Uisw_116_00355	Uisw_116	485	OG0000405	K01255	leucyl aminopeptidase [EC:3.4.11.1]	COG0260	PepB	Leucyl aminopeptidase	Uisw_116_00359	-4
CP159817.1	318469	318879	+	Uisw_116_00356	Uisw_116	136	OG0000480	K00940	nucleoside-diphosphate kinase [EC:2.7.4.6]	COG0105	Ndk	Nucleoside diphosphate kinase	Uisw_116_00359	-3
CP159817.1	318876	319454	-	Uisw_116_00357	Uisw_116	192	OG0000035	K11175	phosphoribosylglycinamide formyltransferase 1 [EC:2.1.2.2]	COG0299	PurN	Folate-dependent phosphoribosylglycinamide formyltransferase PurN	Uisw_116_00359	-2
CP159817.1	319432	320460	-	Uisw_116_00358	Uisw_116	342	OG0000574	K01933	phosphoribosylformylglycinamidine cyclo-ligase [EC:6.3.3.1]	COG0150	PurM	Phosphoribosylaminoimidazole (AIR) synthetase	Uisw_116_00359	-1
CP159817.1	320472	321551	+	Uisw_116_00359	Uisw_116	359	OG0000916	NA	NA	NA	NA	NA	Uisw_116_00359	0
CP159817.1	321548	322210	+	Uisw_116_00360	Uisw_116	220	OG0000690	NA	NA	COG0593	DnaA	Chromosomal replication initiation ATPase DnaA	Uisw_116_00359	1
CP159817.1	322211	323995	+	Uisw_116_00361	Uisw_116	594	OG0000189	K01876	aspartyl-tRNA synthetase [EC:6.1.1.12]	COG0173	AspS	Aspartyl-tRNA synthetase	Uisw_116_00359	2
CP159817.1	323998	324819	-	Uisw_116_00362	Uisw_116	273	OG0000284	NA	NA	NA	NA	NA	Uisw_116_00359	3
CP159817.1	324935	325294	+	Uisw_116_00363	Uisw_116	119	OG0000369	NA	NA	COG3761	NDUFA12	NADH:ubiquinone oxidoreductase NDUFA12 subunit (Leigh syndrome)	Uisw_116_00359	4
CP159817.1	325254	325652	+	Uisw_116_00364	Uisw_116	132	OG0000472	NA	NA	COG4765	NA	Uncharacterized conserved protein, DUF2155 domain	Uisw_116_00359	5
CP159816.1	296784	297785	-	Uisw_121_00330	Uisw_121	333	OG0000932	NA	NA	COG0795	LptF	Lipopolysaccharide export LptBFGC system, permease protein LptF	Uisw_121_00335	-5
CP159816.1	297973	299430	+	Uisw_121_00331	Uisw_121	485	OG0000405	K01255	leucyl aminopeptidase [EC:3.4.11.1]	COG0260	PepB	Leucyl aminopeptidase	Uisw_121_00335	-4
CP159816.1	299423	299833	+	Uisw_121_00332	Uisw_121	136	OG0000480	K00940	nucleoside-diphosphate kinase [EC:2.7.4.6]	COG0105	Ndk	Nucleoside diphosphate kinase	Uisw_121_00335	-3
CP159816.1	299830	300408	-	Uisw_121_00333	Uisw_121	192	OG0000035	K11175	phosphoribosylglycinamide formyltransferase 1 [EC:2.1.2.2]	COG0299	PurN	Folate-dependent phosphoribosylglycinamide formyltransferase PurN	Uisw_121_00335	-2
CP159816.1	300386	301414	-	Uisw_121_00334	Uisw_121	342	OG0000574	K01933	phosphoribosylformylglycinamidine cyclo-ligase [EC:6.3.3.1]	COG0150	PurM	Phosphoribosylaminoimidazole (AIR) synthetase	Uisw_121_00335	-1
CP159816.1	301426	302505	+	Uisw_121_00335	Uisw_121	359	OG0000916	NA	NA	NA	NA	NA	Uisw_121_00335	0
CP159816.1	302502	303164	+	Uisw_121_00336	Uisw_121	220	OG0000690	NA	NA	COG0593	DnaA	Chromosomal replication initiation ATPase DnaA	Uisw_121_00335	1
CP159816.1	303165	304949	+	Uisw_121_00337	Uisw_121	594	OG0000189	K01876	aspartyl-tRNA synthetase [EC:6.1.1.12]	COG0173	AspS	Aspartyl-tRNA synthetase	Uisw_121_00335	2
CP159816.1	304952	305773	-	Uisw_121_00338	Uisw_121	273	OG0000284	NA	NA	NA	NA	NA	Uisw_121_00335	3
CP159816.1	305889	306248	+	Uisw_121_00339	Uisw_121	119	OG0000369	NA	NA	COG3761	NDUFA12	NADH:ubiquinone oxidoreductase NDUFA12 subunit (Leigh syndrome)	Uisw_121_00335	4
CP159816.1	306208	306606	+	Uisw_121_00340	Uisw_121	132	OG0000472	NA	NA	COG4765	NA	Uncharacterized conserved protein, DUF2155 domain	Uisw_121_00335	5
CP159815.1	842165	842572	-	Uisw_127_00941	Uisw_127	135	OG0000472	NA	NA	COG4765	NA	Uncharacterized conserved protein, DUF2155 domain	Uisw_127_00946	-5
CP159815.1	842532	842891	-	Uisw_127_00942	Uisw_127	119	OG0000369	NA	NA	COG3761	NDUFA12	NADH:ubiquinone oxidoreductase NDUFA12 subunit (Leigh syndrome)	Uisw_127_00946	-4
CP159815.1	843007	843828	+	Uisw_127_00943	Uisw_127	273	OG0000284	NA	NA	NA	NA	NA	Uisw_127_00946	-3
CP159815.1	843831	845615	-	Uisw_127_00944	Uisw_127	594	OG0000189	K01876	aspartyl-tRNA synthetase [EC:6.1.1.12]	COG0173	AspS	Aspartyl-tRNA synthetase	Uisw_127_00946	-2
CP159815.1	845616	846278	-	Uisw_127_00945	Uisw_127	220	OG0000690	NA	NA	COG0593	DnaA	Chromosomal replication initiation ATPase DnaA	Uisw_127_00946	-1
CP159815.1	846275	847354	-	Uisw_127_00946	Uisw_127	359	OG0000916	NA	NA	NA	NA	NA	Uisw_127_00946	0
CP159815.1	847366	848394	+	Uisw_127_00947	Uisw_127	342	OG0000574	K01933	phosphoribosylformylglycinamidine cyclo-ligase [EC:6.3.3.1]	COG0150	PurM	Phosphoribosylaminoimidazole (AIR) synthetase	Uisw_127_00946	1
CP159815.1	848372	848950	+	Uisw_127_00948	Uisw_127	192	OG0000035	K11175	phosphoribosylglycinamide formyltransferase 1 [EC:2.1.2.2]	COG0299	PurN	Folate-dependent phosphoribosylglycinamide formyltransferase PurN	Uisw_127_00946	2
CP159815.1	848947	849357	-	Uisw_127_00949	Uisw_127	136	OG0000480	K00940	nucleoside-diphosphate kinase [EC:2.7.4.6]	COG0105	Ndk	Nucleoside diphosphate kinase	Uisw_127_00946	3
CP159815.1	849350	850807	-	Uisw_127_00950	Uisw_127	485	OG0000405	K01255	leucyl aminopeptidase [EC:3.4.11.1]	COG0260	PepB	Leucyl aminopeptidase	Uisw_127_00946	4
CP159815.1	850869	852005	+	Uisw_127_00951	Uisw_127	378	OG0000932	NA	NA	COG0795	LptF	Lipopolysaccharide export LptBFGC system, permease protein LptF	Uisw_127_00946	5
CP159814.1	877659	878057	-	Uisw_130_00972	Uisw_130	132	OG0000472	NA	NA	COG4765	NA	Uncharacterized conserved protein, DUF2155 domain	Uisw_130_00977	-5
CP159814.1	878017	878376	-	Uisw_130_00973	Uisw_130	119	OG0000369	NA	NA	COG3761	NDUFA12	NADH:ubiquinone oxidoreductase NDUFA12 subunit (Leigh syndrome)	Uisw_130_00977	-4
CP159814.1	878492	879313	+	Uisw_130_00974	Uisw_130	273	OG0000284	NA	NA	NA	NA	NA	Uisw_130_00977	-3
CP159814.1	879316	881100	-	Uisw_130_00975	Uisw_130	594	OG0000189	K01876	aspartyl-tRNA synthetase [EC:6.1.1.12]	COG0173	AspS	Aspartyl-tRNA synthetase	Uisw_130_00977	-2
CP159814.1	881101	881763	-	Uisw_130_00976	Uisw_130	220	OG0000690	NA	NA	COG0593	DnaA	Chromosomal replication initiation ATPase DnaA	Uisw_130_00977	-1
CP159814.1	881760	882839	-	Uisw_130_00977	Uisw_130	359	OG0000916	NA	NA	NA	NA	NA	Uisw_130_00977	0
CP159814.1	882851	883879	+	Uisw_130_00978	Uisw_130	342	OG0000574	K01933	phosphoribosylformylglycinamidine cyclo-ligase [EC:6.3.3.1]	COG0150	PurM	Phosphoribosylaminoimidazole (AIR) synthetase	Uisw_130_00977	1
CP159814.1	883857	884435	+	Uisw_130_00979	Uisw_130	192	OG0000035	K11175	phosphoribosylglycinamide formyltransferase 1 [EC:2.1.2.2]	COG0299	PurN	Folate-dependent phosphoribosylglycinamide formyltransferase PurN	Uisw_130_00977	2
CP159814.1	884432	884842	-	Uisw_130_00980	Uisw_130	136	OG0000480	K00940	nucleoside-diphosphate kinase [EC:2.7.4.6]	COG0105	Ndk	Nucleoside diphosphate kinase	Uisw_130_00977	3
CP159814.1	884835	886292	-	Uisw_130_00981	Uisw_130	485	OG0000405	K01255	leucyl aminopeptidase [EC:3.4.11.1]	COG0260	PepB	Leucyl aminopeptidase	Uisw_130_00977	4
CP159814.1	886354	887484	+	Uisw_130_00982	Uisw_130	376	OG0000932	NA	NA	COG0795	LptF	Lipopolysaccharide export LptBFGC system, permease protein LptF	Uisw_130_00977	5
CP159813.1	818112	818519	-	Uisw_134_02_00921	Uisw_134_02	135	OG0000472	NA	NA	COG4765	NA	Uncharacterized conserved protein, DUF2155 domain	Uisw_134_02_00926	-5
CP159813.1	818479	818838	-	Uisw_134_02_00922	Uisw_134_02	119	OG0000369	NA	NA	COG3761	NDUFA12	NADH:ubiquinone oxidoreductase NDUFA12 subunit (Leigh syndrome)	Uisw_134_02_00926	-4
CP159813.1	818953	819774	+	Uisw_134_02_00923	Uisw_134_02	273	OG0000284	NA	NA	NA	NA	NA	Uisw_134_02_00926	-3
CP159813.1	819777	821561	-	Uisw_134_02_00924	Uisw_134_02	594	OG0000189	K01876	aspartyl-tRNA synthetase [EC:6.1.1.12]	COG0173	AspS	Aspartyl-tRNA synthetase	Uisw_134_02_00926	-2
CP159813.1	821558	822223	-	Uisw_134_02_00925	Uisw_134_02	221	OG0000690	NA	NA	COG0593	DnaA	Chromosomal replication initiation ATPase DnaA	Uisw_134_02_00926	-1
CP159813.1	822220	823299	-	Uisw_134_02_00926	Uisw_134_02	359	OG0000916	NA	NA	NA	NA	NA	Uisw_134_02_00926	0
CP159813.1	823311	823949	+	Uisw_134_02_00927	Uisw_134_02	212	OG0000574	K01933	phosphoribosylformylglycinamidine cyclo-ligase [EC:6.3.3.1]	COG0150	PurM	Phosphoribosylaminoimidazole (AIR) synthetase	Uisw_134_02_00926	1
CP159813.1	823961	824338	+	Uisw_134_02_00928	Uisw_134_02	125	OG0000574	NA	NA	COG0150	PurM	Phosphoribosylaminoimidazole (AIR) synthetase	Uisw_134_02_00926	2
CP159813.1	824316	824573	+	Uisw_134_02_00929	Uisw_134_02	85	OG0000035	NA	NA	COG0299	PurN	Folate-dependent phosphoribosylglycinamide formyltransferase PurN	Uisw_134_02_00926	3
CP159813.1	824597	824893	+	Uisw_134_02_00930	Uisw_134_02	98	OG0000035	NA	NA	COG0299	PurN	Folate-dependent phosphoribosylglycinamide formyltransferase PurN	Uisw_134_02_00926	4
CP159813.1	824890	825306	-	Uisw_134_02_00931	Uisw_134_02	138	OG0000480	K00940	nucleoside-diphosphate kinase [EC:2.7.4.6]	COG0105	Ndk	Nucleoside diphosphate kinase	Uisw_134_02_00926	5
CP159812.1	318893	320029	-	Uisw_136_00329	Uisw_136	378	OG0000932	NA	NA	COG0795	LptF	Lipopolysaccharide export LptBFGC system, permease protein LptF	Uisw_136_00334	-5
CP159812.1	320091	321437	+	Uisw_136_00330	Uisw_136	448	OG0000405	K01255	leucyl aminopeptidase [EC:3.4.11.1]	COG0260	PepB	Leucyl aminopeptidase	Uisw_136_00334	-4
CP159812.1	321540	321950	+	Uisw_136_00331	Uisw_136	136	OG0000480	K00940	nucleoside-diphosphate kinase [EC:2.7.4.6]	COG0105	Ndk	Nucleoside diphosphate kinase	Uisw_136_00334	-3
CP159812.1	321947	322525	-	Uisw_136_00332	Uisw_136	192	OG0000035	K11175	phosphoribosylglycinamide formyltransferase 1 [EC:2.1.2.2]	COG0299	PurN	Folate-dependent phosphoribosylglycinamide formyltransferase PurN	Uisw_136_00334	-2
CP159812.1	322503	323531	-	Uisw_136_00333	Uisw_136	342	OG0000574	K01933	phosphoribosylformylglycinamidine cyclo-ligase [EC:6.3.3.1]	COG0150	PurM	Phosphoribosylaminoimidazole (AIR) synthetase	Uisw_136_00334	-1
CP159812.1	323543	324622	+	Uisw_136_00334	Uisw_136	359	OG0000916	NA	NA	NA	NA	NA	Uisw_136_00334	0
CP159812.1	324619	325281	+	Uisw_136_00335	Uisw_136	220	OG0000690	NA	NA	COG0593	DnaA	Chromosomal replication initiation ATPase DnaA	Uisw_136_00334	1
CP159812.1	325282	327066	+	Uisw_136_00336	Uisw_136	594	OG0000189	K01876	aspartyl-tRNA synthetase [EC:6.1.1.12]	COG0173	AspS	Aspartyl-tRNA synthetase	Uisw_136_00334	2
CP159812.1	327069	327890	-	Uisw_136_00337	Uisw_136	273	OG0000284	NA	NA	NA	NA	NA	Uisw_136_00334	3
CP159812.1	328006	328365	+	Uisw_136_00338	Uisw_136	119	OG0000369	NA	NA	COG3761	NDUFA12	NADH:ubiquinone oxidoreductase NDUFA12 subunit (Leigh syndrome)	Uisw_136_00334	4
CP159812.1	328325	328723	+	Uisw_136_00339	Uisw_136	132	OG0000472	NA	NA	COG4765	NA	Uncharacterized conserved protein, DUF2155 domain	Uisw_136_00334	5
CP159811.1	867564	867962	-	Uisw_137_00963	Uisw_137	132	OG0000472	NA	NA	COG4765	NA	Uncharacterized conserved protein, DUF2155 domain	Uisw_137_00968	-5
CP159811.1	867922	868281	-	Uisw_137_00964	Uisw_137	119	OG0000369	NA	NA	COG3761	NDUFA12	NADH:ubiquinone oxidoreductase NDUFA12 subunit (Leigh syndrome)	Uisw_137_00968	-4
CP159811.1	868397	869218	+	Uisw_137_00965	Uisw_137	273	OG0000284	NA	NA	NA	NA	NA	Uisw_137_00968	-3
CP159811.1	869221	871005	-	Uisw_137_00966	Uisw_137	594	OG0000189	K01876	aspartyl-tRNA synthetase [EC:6.1.1.12]	COG0173	AspS	Aspartyl-tRNA synthetase	Uisw_137_00968	-2
CP159811.1	871006	871668	-	Uisw_137_00967	Uisw_137	220	OG0000690	NA	NA	COG0593	DnaA	Chromosomal replication initiation ATPase DnaA	Uisw_137_00968	-1
CP159811.1	871665	872744	-	Uisw_137_00968	Uisw_137	359	OG0000916	NA	NA	NA	NA	NA	Uisw_137_00968	0
CP159811.1	872756	873784	+	Uisw_137_00969	Uisw_137	342	OG0000574	K01933	phosphoribosylformylglycinamidine cyclo-ligase [EC:6.3.3.1]	COG0150	PurM	Phosphoribosylaminoimidazole (AIR) synthetase	Uisw_137_00968	1
CP159811.1	873762	874340	+	Uisw_137_00970	Uisw_137	192	OG0000035	K11175	phosphoribosylglycinamide formyltransferase 1 [EC:2.1.2.2]	COG0299	PurN	Folate-dependent phosphoribosylglycinamide formyltransferase PurN	Uisw_137_00968	2
CP159811.1	874337	874747	-	Uisw_137_00971	Uisw_137	136	OG0000480	K00940	nucleoside-diphosphate kinase [EC:2.7.4.6]	COG0105	Ndk	Nucleoside diphosphate kinase	Uisw_137_00968	3
CP159811.1	874740	876197	-	Uisw_137_00972	Uisw_137	485	OG0000405	K01255	leucyl aminopeptidase [EC:3.4.11.1]	COG0260	PepB	Leucyl aminopeptidase	Uisw_137_00968	4
CP159811.1	876258	877376	+	Uisw_137_00973	Uisw_137	372	OG0000932	NA	NA	COG0795	LptF	Lipopolysaccharide export LptBFGC system, permease protein LptF	Uisw_137_00968	5
