contig	start	end	strand	seq_id	genome	aa_length	Orthogroup	ko_id	ko_description	COG_ID	GENE_NAME	COG_NAME	center_query	relative_order
CVSB01000037.1	17120	17956	-	AAA795-A20_00691	AAA795-A20	278	OG0000470	K05807	outer membrane protein assembly factor BamD	COG4105	BamD	Outer membrane protein assembly factor BamD, BamD/ComL family	AAA795-A20_00696	-5
CVSB01000037.1	17994	18908	-	AAA795-A20_00692	AAA795-A20	304	OG0000300	K02535	UDP-3-O-[3-hydroxymyristoyl] N-acetylglucosamine deacetylase [EC:3.5.1.108]	COG0774	LpxC	UDP-3-O-acyl-N-acetylglucosamine deacetylase	AAA795-A20_00696	-4
CVSB01000037.1	18974	19672	-	AAA795-A20_00693	AAA795-A20	232	OG0000537	NA	NA	NA	NA	NA	AAA795-A20_00696	-3
CVSB01000037.1	19665	20336	-	AAA795-A20_00694	AAA795-A20	223	OG0000841	K03589	cell division protein FtsQ	COG1589	FtsQ	Cell division septal protein FtsQ	AAA795-A20_00696	-2
CVSB01000037.1	20317	21231	-	AAA795-A20_00695	AAA795-A20	304	OG0000580	K01921	D-alanine-D-alanine ligase [EC:6.3.2.4]	COG1181	DdlA	D-alanine-D-alanine ligase or related ATP-grasp enzyme	AAA795-A20_00696	-1
CVSB01000037.1	21233	22138	-	AAA795-A20_00696	AAA795-A20	301	OG0000330	K00075	UDP-N-acetylmuramate dehydrogenase [EC:1.3.1.98]	COG0812	MurB	UDP-N-acetylenolpyruvoylglucosamine reductase	AAA795-A20_00696	0
CVSB01000037.1	22138	23532	-	AAA795-A20_00697	AAA795-A20	464	OG0000265	K01924	UDP-N-acetylmuramate--alanine ligase [EC:6.3.2.8]	COG0773	MurC	UDP-N-acetylmuramate-alanine ligase MurC and related ligases, MurC/Mpl family	AAA795-A20_00696	1
CVSB01000037.1	23522	24586	-	AAA795-A20_00698	AAA795-A20	354	OG0000489	K02563	UDP-N-acetylglucosamine--N-acetylmuramyl-(pentapeptide) pyrophosphoryl-undecaprenol N-acetylglucosamine transferase [EC:2.4.1.227]	COG0707	MurG	UDP-N-acetylglucosamine:LPS N-acetylglucosamine transferase	AAA795-A20_00696	2
CVSB01000037.1	24590	25711	-	AAA795-A20_00699	AAA795-A20	373	OG0000615	NA	NA	COG0772	FtsW	Peptodoglycan polymerase FtsW/RodA/SpoVE	AAA795-A20_00696	3
CVSB01000037.1	25698	26996	-	AAA795-A20_00700	AAA795-A20	432	OG0000817	NA	NA	COG0771	MurD	UDP-N-acetylmuramoylalanine-D-glutamate ligase	AAA795-A20_00696	4
CVSB01000037.1	26996	28081	-	AAA795-A20_00701	AAA795-A20	361	OG0000019	K01000	phospho-N-acetylmuramoyl-pentapeptide-transferase [EC:2.7.8.13]	COG0472	Rfe	UDP-N-acetylmuramyl pentapeptide phosphotransferase/UDP-N-acetylglucosamine-1-phosphate transferase/archaeal AglH	AAA795-A20_00696	5
CVSF01000067.1	7405	8490	+	AAA795-D22_00853	AAA795-D22	361	OG0000019	K01000	phospho-N-acetylmuramoyl-pentapeptide-transferase [EC:2.7.8.13]	COG0472	Rfe	UDP-N-acetylmuramyl pentapeptide phosphotransferase/UDP-N-acetylglucosamine-1-phosphate transferase/archaeal AglH	AAA795-D22_00858	-5
CVSF01000067.1	8490	9800	+	AAA795-D22_00854	AAA795-D22	436	OG0000817	NA	NA	COG0771	MurD	UDP-N-acetylmuramoylalanine-D-glutamate ligase	AAA795-D22_00858	-4
CVSF01000067.1	9781	10914	+	AAA795-D22_00855	AAA795-D22	377	OG0000615	NA	NA	COG0772	FtsW	Peptodoglycan polymerase FtsW/RodA/SpoVE	AAA795-D22_00858	-3
CVSF01000067.1	10911	11975	+	AAA795-D22_00856	AAA795-D22	354	OG0000489	K02563	UDP-N-acetylglucosamine--N-acetylmuramyl-(pentapeptide) pyrophosphoryl-undecaprenol N-acetylglucosamine transferase [EC:2.4.1.227]	COG0707	MurG	UDP-N-acetylglucosamine:LPS N-acetylglucosamine transferase	AAA795-D22_00858	-2
CVSF01000067.1	11965	13359	+	AAA795-D22_00857	AAA795-D22	464	OG0000265	K01924	UDP-N-acetylmuramate--alanine ligase [EC:6.3.2.8]	COG0773	MurC	UDP-N-acetylmuramate-alanine ligase MurC and related ligases, MurC/Mpl family	AAA795-D22_00858	-1
CVSF01000067.1	13359	14270	+	AAA795-D22_00858	AAA795-D22	303	OG0000330	K00075	UDP-N-acetylmuramate dehydrogenase [EC:1.3.1.98]	COG0812	MurB	UDP-N-acetylenolpyruvoylglucosamine reductase	AAA795-D22_00858	0
CVSF01000067.1	14267	15181	+	AAA795-D22_00859	AAA795-D22	304	OG0000580	K01921	D-alanine-D-alanine ligase [EC:6.3.2.4]	COG1181	DdlA	D-alanine-D-alanine ligase or related ATP-grasp enzyme	AAA795-D22_00858	1
CVSF01000067.1	15162	15830	+	AAA795-D22_00860	AAA795-D22	222	OG0000841	K03589	cell division protein FtsQ	COG1589	FtsQ	Cell division septal protein FtsQ	AAA795-D22_00858	2
CVSF01000067.1	15823	16524	+	AAA795-D22_00861	AAA795-D22	233	OG0000537	NA	NA	NA	NA	NA	AAA795-D22_00858	3
CVSF01000067.1	16588	17508	+	AAA795-D22_00862	AAA795-D22	306	OG0000300	K02535	UDP-3-O-[3-hydroxymyristoyl] N-acetylglucosamine deacetylase [EC:3.5.1.108]	COG0774	LpxC	UDP-3-O-acyl-N-acetylglucosamine deacetylase	AAA795-D22_00858	4
CVSF01000067.1	17553	18389	+	AAA795-D22_00863	AAA795-D22	278	OG0000470	K05807	outer membrane protein assembly factor BamD	COG4105	BamD	Outer membrane protein assembly factor BamD, BamD/ComL family	AAA795-D22_00858	5
CABWYD010000003.1	113167	114252	+	AG-313-A04_00560	AG-313-A04	361	OG0000019	K01000	phospho-N-acetylmuramoyl-pentapeptide-transferase [EC:2.7.8.13]	COG0472	Rfe	UDP-N-acetylmuramyl pentapeptide phosphotransferase/UDP-N-acetylglucosamine-1-phosphate transferase/archaeal AglH	AG-313-A04_00565	-5
CABWYD010000003.1	114254	115531	+	AG-313-A04_00561	AG-313-A04	425	OG0000817	NA	NA	COG0771	MurD	UDP-N-acetylmuramoylalanine-D-glutamate ligase	AG-313-A04_00565	-4
CABWYD010000003.1	115512	116639	+	AG-313-A04_00562	AG-313-A04	375	OG0000615	NA	NA	COG0772	FtsW	Peptodoglycan polymerase FtsW/RodA/SpoVE	AG-313-A04_00565	-3
CABWYD010000003.1	116632	117729	+	AG-313-A04_00563	AG-313-A04	365	OG0000489	K02563	UDP-N-acetylglucosamine--N-acetylmuramyl-(pentapeptide) pyrophosphoryl-undecaprenol N-acetylglucosamine transferase [EC:2.4.1.227]	COG0707	MurG	UDP-N-acetylglucosamine:LPS N-acetylglucosamine transferase	AG-313-A04_00565	-2
CABWYD010000003.1	117716	119113	+	AG-313-A04_00564	AG-313-A04	465	OG0000265	K01924	UDP-N-acetylmuramate--alanine ligase [EC:6.3.2.8]	COG0773	MurC	UDP-N-acetylmuramate-alanine ligase MurC and related ligases, MurC/Mpl family	AG-313-A04_00565	-1
CABWYD010000003.1	119110	120015	+	AG-313-A04_00565	AG-313-A04	301	OG0000330	K00075	UDP-N-acetylmuramate dehydrogenase [EC:1.3.1.98]	COG0812	MurB	UDP-N-acetylenolpyruvoylglucosamine reductase	AG-313-A04_00565	0
CABXTC010000002.1	79750	80583	-	AG-325-C18_00306	AG-325-C18	277	OG0000470	K05807	outer membrane protein assembly factor BamD	COG4105	BamD	Outer membrane protein assembly factor BamD, BamD/ComL family	AG-325-C18_00311	-5
CABXTC010000002.1	80633	81553	-	AG-325-C18_00307	AG-325-C18	306	OG0000300	K02535	UDP-3-O-[3-hydroxymyristoyl] N-acetylglucosamine deacetylase [EC:3.5.1.108]	COG0774	LpxC	UDP-3-O-acyl-N-acetylglucosamine deacetylase	AG-325-C18_00311	-4
CABXTC010000002.1	81617	82318	-	AG-325-C18_00308	AG-325-C18	233	OG0000537	NA	NA	NA	NA	NA	AG-325-C18_00311	-3
CABXTC010000002.1	82308	82901	-	AG-325-C18_00309	AG-325-C18	197	OG0000841	K03589	cell division protein FtsQ	COG1589	FtsQ	Cell division septal protein FtsQ	AG-325-C18_00311	-2
CABXTC010000002.1	82963	83877	-	AG-325-C18_00310	AG-325-C18	304	OG0000580	K01921	D-alanine-D-alanine ligase [EC:6.3.2.4]	COG1181	DdlA	D-alanine-D-alanine ligase or related ATP-grasp enzyme	AG-325-C18_00311	-1
CABXTC010000002.1	83879	84787	-	AG-325-C18_00311	AG-325-C18	302	OG0000330	K00075	UDP-N-acetylmuramate dehydrogenase [EC:1.3.1.98]	COG0812	MurB	UDP-N-acetylenolpyruvoylglucosamine reductase	AG-325-C18_00311	0
CABXTC010000002.1	84787	86181	-	AG-325-C18_00312	AG-325-C18	464	OG0000265	K01924	UDP-N-acetylmuramate--alanine ligase [EC:6.3.2.8]	COG0773	MurC	UDP-N-acetylmuramate-alanine ligase MurC and related ligases, MurC/Mpl family	AG-325-C18_00311	1
CABXTC010000002.1	86171	87238	-	AG-325-C18_00313	AG-325-C18	355	OG0000489	K02563	UDP-N-acetylglucosamine--N-acetylmuramyl-(pentapeptide) pyrophosphoryl-undecaprenol N-acetylglucosamine transferase [EC:2.4.1.227]	COG0707	MurG	UDP-N-acetylglucosamine:LPS N-acetylglucosamine transferase	AG-325-C18_00311	2
CABXTC010000002.1	87241	88362	-	AG-325-C18_00314	AG-325-C18	373	OG0000615	NA	NA	COG0772	FtsW	Peptodoglycan polymerase FtsW/RodA/SpoVE	AG-325-C18_00311	3
CABXTC010000002.1	88343	89653	-	AG-325-C18_00315	AG-325-C18	436	OG0000817	NA	NA	COG0771	MurD	UDP-N-acetylmuramoylalanine-D-glutamate ligase	AG-325-C18_00311	4
CABXTC010000002.1	89653	90738	-	AG-325-C18_00316	AG-325-C18	361	OG0000019	K01000	phospho-N-acetylmuramoyl-pentapeptide-transferase [EC:2.7.8.13]	COG0472	Rfe	UDP-N-acetylmuramyl pentapeptide phosphotransferase/UDP-N-acetylglucosamine-1-phosphate transferase/archaeal AglH	AG-325-C18_00311	5
CABXTN010000037.1	159	1556	+	AG-325-C21_01108	AG-325-C21	465	OG0000265	K01924	UDP-N-acetylmuramate--alanine ligase [EC:6.3.2.8]	COG0773	MurC	UDP-N-acetylmuramate-alanine ligase MurC and related ligases, MurC/Mpl family	AG-325-C21_01109	-1
CABXTN010000037.1	1553	2461	+	AG-325-C21_01109	AG-325-C21	302	OG0000330	K00075	UDP-N-acetylmuramate dehydrogenase [EC:1.3.1.98]	COG0812	MurB	UDP-N-acetylenolpyruvoylglucosamine reductase	AG-325-C21_01109	0
CABXTN010000037.1	2462	3379	+	AG-325-C21_01110	AG-325-C21	305	OG0000580	K01921	D-alanine-D-alanine ligase [EC:6.3.2.4]	COG1181	DdlA	D-alanine-D-alanine ligase or related ATP-grasp enzyme	AG-325-C21_01109	1
CABXUK010000011.1	20861	21946	+	AG-325-E08_00789	AG-325-E08	361	OG0000019	K01000	phospho-N-acetylmuramoyl-pentapeptide-transferase [EC:2.7.8.13]	COG0472	Rfe	UDP-N-acetylmuramyl pentapeptide phosphotransferase/UDP-N-acetylglucosamine-1-phosphate transferase/archaeal AglH	AG-325-E08_00794	-5
CABXUK010000011.1	21946	23241	+	AG-325-E08_00790	AG-325-E08	431	OG0000817	NA	NA	COG0771	MurD	UDP-N-acetylmuramoylalanine-D-glutamate ligase	AG-325-E08_00794	-4
CABXUK010000011.1	23231	24355	+	AG-325-E08_00791	AG-325-E08	374	OG0000615	NA	NA	COG0772	FtsW	Peptodoglycan polymerase FtsW/RodA/SpoVE	AG-325-E08_00794	-3
CABXUK010000011.1	24357	25421	+	AG-325-E08_00792	AG-325-E08	354	OG0000489	K02563	UDP-N-acetylglucosamine--N-acetylmuramyl-(pentapeptide) pyrophosphoryl-undecaprenol N-acetylglucosamine transferase [EC:2.4.1.227]	COG0707	MurG	UDP-N-acetylglucosamine:LPS N-acetylglucosamine transferase	AG-325-E08_00794	-2
CABXUK010000011.1	25411	26805	+	AG-325-E08_00793	AG-325-E08	464	OG0000265	K01924	UDP-N-acetylmuramate--alanine ligase [EC:6.3.2.8]	COG0773	MurC	UDP-N-acetylmuramate-alanine ligase MurC and related ligases, MurC/Mpl family	AG-325-E08_00794	-1
CABXUK010000011.1	26805	27713	+	AG-325-E08_00794	AG-325-E08	302	OG0000330	K00075	UDP-N-acetylmuramate dehydrogenase [EC:1.3.1.98]	COG0812	MurB	UDP-N-acetylenolpyruvoylglucosamine reductase	AG-325-E08_00794	0
CABXUK010000011.1	27715	28629	+	AG-325-E08_00795	AG-325-E08	304	OG0000580	K01921	D-alanine-D-alanine ligase [EC:6.3.2.4]	COG1181	DdlA	D-alanine-D-alanine ligase or related ATP-grasp enzyme	AG-325-E08_00794	1
CABXUK010000011.1	28610	29278	+	AG-325-E08_00796	AG-325-E08	222	OG0000841	K03589	cell division protein FtsQ	COG1589	FtsQ	Cell division septal protein FtsQ	AG-325-E08_00794	2
CABXUK010000011.1	29271	29975	+	AG-325-E08_00797	AG-325-E08	234	OG0000537	NA	NA	NA	NA	NA	AG-325-E08_00794	3
CABXUK010000011.1	30039	30959	+	AG-325-E08_00798	AG-325-E08	306	OG0000300	K02535	UDP-3-O-[3-hydroxymyristoyl] N-acetylglucosamine deacetylase [EC:3.5.1.108]	COG0774	LpxC	UDP-3-O-acyl-N-acetylglucosamine deacetylase	AG-325-E08_00794	4
CABXUK010000011.1	31007	31855	+	AG-325-E08_00799	AG-325-E08	282	OG0000470	K05807	outer membrane protein assembly factor BamD	COG4105	BamD	Outer membrane protein assembly factor BamD, BamD/ComL family	AG-325-E08_00794	5
CABXUW010000013.1	6140	6967	-	AG-325-E13_00937	AG-325-E13	275	OG0000470	K05807	outer membrane protein assembly factor BamD	COG4105	BamD	Outer membrane protein assembly factor BamD, BamD/ComL family	AG-325-E13_00942	-5
CABXUW010000013.1	7014	7940	-	AG-325-E13_00938	AG-325-E13	308	OG0000300	K02535	UDP-3-O-[3-hydroxymyristoyl] N-acetylglucosamine deacetylase [EC:3.5.1.108]	COG0774	LpxC	UDP-3-O-acyl-N-acetylglucosamine deacetylase	AG-325-E13_00942	-4
CABXUW010000013.1	8007	9197	-	AG-325-E13_00939	AG-325-E13	396	OG0000537	NA	NA	COG0849	FtsA	Cell division ATPase FtsA	AG-325-E13_00942	-3
CABXUW010000013.1	9201	9860	-	AG-325-E13_00940	AG-325-E13	219	OG0000841	K03589	cell division protein FtsQ	COG1589	FtsQ	Cell division septal protein FtsQ	AG-325-E13_00942	-2
CABXUW010000013.1	9857	10786	-	AG-325-E13_00941	AG-325-E13	309	OG0000580	K01921	D-alanine-D-alanine ligase [EC:6.3.2.4]	COG1181	DdlA	D-alanine-D-alanine ligase or related ATP-grasp enzyme	AG-325-E13_00942	-1
CABXUW010000013.1	10776	11684	-	AG-325-E13_00942	AG-325-E13	302	OG0000330	K00075	UDP-N-acetylmuramate dehydrogenase [EC:1.3.1.98]	COG0812	MurB	UDP-N-acetylenolpyruvoylglucosamine reductase	AG-325-E13_00942	0
CABXUW010000013.1	11681	13078	-	AG-325-E13_00943	AG-325-E13	465	OG0000265	K01924	UDP-N-acetylmuramate--alanine ligase [EC:6.3.2.8]	COG0773	MurC	UDP-N-acetylmuramate-alanine ligase MurC and related ligases, MurC/Mpl family	AG-325-E13_00942	1
CABXUW010000013.1	13065	14168	-	AG-325-E13_00944	AG-325-E13	367	OG0000489	K02563	UDP-N-acetylglucosamine--N-acetylmuramyl-(pentapeptide) pyrophosphoryl-undecaprenol N-acetylglucosamine transferase [EC:2.4.1.227]	COG0707	MurG	UDP-N-acetylglucosamine:LPS N-acetylglucosamine transferase	AG-325-E13_00942	2
CABXUW010000013.1	14161	15288	-	AG-325-E13_00945	AG-325-E13	375	OG0000615	NA	NA	COG0772	FtsW	Peptodoglycan polymerase FtsW/RodA/SpoVE	AG-325-E13_00942	3
CABXUW010000013.1	15269	16561	-	AG-325-E13_00946	AG-325-E13	430	OG0000817	NA	NA	COG0771	MurD	UDP-N-acetylmuramoylalanine-D-glutamate ligase	AG-325-E13_00942	4
CABXUW010000013.1	16565	17650	-	AG-325-E13_00947	AG-325-E13	361	OG0000019	K01000	phospho-N-acetylmuramoyl-pentapeptide-transferase [EC:2.7.8.13]	COG0472	Rfe	UDP-N-acetylmuramyl pentapeptide phosphotransferase/UDP-N-acetylglucosamine-1-phosphate transferase/archaeal AglH	AG-325-E13_00942	5
CABXVN010000003.1	33972	35057	+	AG-325-E20_01004	AG-325-E20	361	OG0000019	K01000	phospho-N-acetylmuramoyl-pentapeptide-transferase [EC:2.7.8.13]	COG0472	Rfe	UDP-N-acetylmuramyl pentapeptide phosphotransferase/UDP-N-acetylglucosamine-1-phosphate transferase/archaeal AglH	AG-325-E20_01009	-5
CABXVN010000003.1	35057	36328	+	AG-325-E20_01005	AG-325-E20	423	OG0000817	NA	NA	COG0771	MurD	UDP-N-acetylmuramoylalanine-D-glutamate ligase	AG-325-E20_01009	-4
CABXVN010000003.1	36309	37436	+	AG-325-E20_01006	AG-325-E20	375	OG0000615	NA	NA	COG0772	FtsW	Peptodoglycan polymerase FtsW/RodA/SpoVE	AG-325-E20_01009	-3
CABXVN010000003.1	37429	38514	+	AG-325-E20_01007	AG-325-E20	361	OG0000489	K02563	UDP-N-acetylglucosamine--N-acetylmuramyl-(pentapeptide) pyrophosphoryl-undecaprenol N-acetylglucosamine transferase [EC:2.4.1.227]	COG0707	MurG	UDP-N-acetylglucosamine:LPS N-acetylglucosamine transferase	AG-325-E20_01009	-2
CABXVN010000003.1	38504	39898	+	AG-325-E20_01008	AG-325-E20	464	OG0000265	K01924	UDP-N-acetylmuramate--alanine ligase [EC:6.3.2.8]	COG0773	MurC	UDP-N-acetylmuramate-alanine ligase MurC and related ligases, MurC/Mpl family	AG-325-E20_01009	-1
CABXVN010000003.1	39895	40809	+	AG-325-E20_01009	AG-325-E20	304	OG0000330	K00075	UDP-N-acetylmuramate dehydrogenase [EC:1.3.1.98]	COG0812	MurB	UDP-N-acetylenolpyruvoylglucosamine reductase	AG-325-E20_01009	0
CABXVN010000003.1	40802	41731	+	AG-325-E20_01010	AG-325-E20	309	OG0000580	K01921	D-alanine-D-alanine ligase [EC:6.3.2.4]	COG1181	DdlA	D-alanine-D-alanine ligase or related ATP-grasp enzyme	AG-325-E20_01009	1
CABXVN010000003.1	41728	42396	+	AG-325-E20_01011	AG-325-E20	222	OG0000841	K03589	cell division protein FtsQ	COG1589	FtsQ	Cell division septal protein FtsQ	AG-325-E20_01009	2
CABXVN010000003.1	42396	43586	+	AG-325-E20_01012	AG-325-E20	396	OG0000537	NA	NA	COG0849	FtsA	Cell division ATPase FtsA	AG-325-E20_01009	3
CABXVN010000003.1	43651	44574	+	AG-325-E20_01013	AG-325-E20	307	OG0000300	K02535	UDP-3-O-[3-hydroxymyristoyl] N-acetylglucosamine deacetylase [EC:3.5.1.108]	COG0774	LpxC	UDP-3-O-acyl-N-acetylglucosamine deacetylase	AG-325-E20_01009	4
CABXVN010000003.1	44620	45462	+	AG-325-E20_01014	AG-325-E20	280	OG0000470	K05807	outer membrane protein assembly factor BamD	COG4105	BamD	Outer membrane protein assembly factor BamD, BamD/ComL family	AG-325-E20_01009	5
CABXWY010000010.1	2956	4350	+	AG-325-G21_00928	AG-325-G21	464	OG0000436	K00325	H+-translocating NAD(P) transhydrogenase subunit beta [EC:1.6.1.2 7.1.1.1]	COG1282	PntB	NAD/NADP transhydrogenase beta subunit	AG-325-G21_00933	-5
CABXWY010000010.1	4359	5057	+	AG-325-G21_00929	AG-325-G21	232	OG0000261	NA	NA	COG0176	TalA	Transaldolase/fructose-6-phosphate aldolase	AG-325-G21_00933	-4
CABXWY010000010.1	5057	5731	+	AG-325-G21_00930	AG-325-G21	224	OG0000008	NA	NA	COG2226	UbiE	Ubiquinone/menaquinone biosynthesis C-methylase UbiE/MenG or 23S rRNA G745 methylase RmlAII or tRNA-U5 methylase TRM9	AG-325-G21_00933	-3
CABXWY010000010.1	5748	6737	+	AG-325-G21_00931	AG-325-G21	329	OG0002122	NA	NA	COG1216	WcaE	Glycosyltransferase, GT2 family	AG-325-G21_00933	-2
CABXWY010000010.1	6727	7983	+	AG-325-G21_00932	AG-325-G21	418	OG0001354	NA	NA	NA	NA	NA	AG-325-G21_00933	-1
CABXWY010000010.1	8024	8935	+	AG-325-G21_00933	AG-325-G21	303	OG0000330	K00075	UDP-N-acetylmuramate dehydrogenase [EC:1.3.1.98]	COG0812	MurB	UDP-N-acetylenolpyruvoylglucosamine reductase	AG-325-G21_00933	0
CABXWY010000010.1	8936	9850	+	AG-325-G21_00934	AG-325-G21	304	OG0000580	K01921	D-alanine-D-alanine ligase [EC:6.3.2.4]	COG1181	DdlA	D-alanine-D-alanine ligase or related ATP-grasp enzyme	AG-325-G21_00933	1
CABXWY010000010.1	9831	10499	+	AG-325-G21_00935	AG-325-G21	222	OG0000841	K03589	cell division protein FtsQ	COG1589	FtsQ	Cell division septal protein FtsQ	AG-325-G21_00933	2
CABXWY010000010.1	10492	11199	+	AG-325-G21_00936	AG-325-G21	235	OG0000537	NA	NA	NA	NA	NA	AG-325-G21_00933	3
CABXWY010000010.1	11262	12182	+	AG-325-G21_00937	AG-325-G21	306	OG0000300	K02535	UDP-3-O-[3-hydroxymyristoyl] N-acetylglucosamine deacetylase [EC:3.5.1.108]	COG0774	LpxC	UDP-3-O-acyl-N-acetylglucosamine deacetylase	AG-325-G21_00933	4
CABXWY010000010.1	12224	13060	+	AG-325-G21_00938	AG-325-G21	278	OG0000470	K05807	outer membrane protein assembly factor BamD	COG4105	BamD	Outer membrane protein assembly factor BamD, BamD/ComL family	AG-325-G21_00933	5
CABXZD010000017.1	120	605	+	AG-325-L02_01116	AG-325-L02	161	OG0000489	NA	NA	COG0707	MurG	UDP-N-acetylglucosamine:LPS N-acetylglucosamine transferase	AG-325-L02_01118	-2
CABXZD010000017.1	595	1989	+	AG-325-L02_01117	AG-325-L02	464	OG0000265	K01924	UDP-N-acetylmuramate--alanine ligase [EC:6.3.2.8]	COG0773	MurC	UDP-N-acetylmuramate-alanine ligase MurC and related ligases, MurC/Mpl family	AG-325-L02_01118	-1
CABXZD010000017.1	2010	2897	+	AG-325-L02_01118	AG-325-L02	295	OG0000330	K00075	UDP-N-acetylmuramate dehydrogenase [EC:1.3.1.98]	COG0812	MurB	UDP-N-acetylenolpyruvoylglucosamine reductase	AG-325-L02_01118	0
CABXZD010000017.1	2900	3814	+	AG-325-L02_01119	AG-325-L02	304	OG0000580	K01921	D-alanine-D-alanine ligase [EC:6.3.2.4]	COG1181	DdlA	D-alanine-D-alanine ligase or related ATP-grasp enzyme	AG-325-L02_01118	1
CABXYW010000001.1	163079	164164	+	AG-325-L05_00173	AG-325-L05	361	OG0000019	K01000	phospho-N-acetylmuramoyl-pentapeptide-transferase [EC:2.7.8.13]	COG0472	Rfe	UDP-N-acetylmuramyl pentapeptide phosphotransferase/UDP-N-acetylglucosamine-1-phosphate transferase/archaeal AglH	AG-325-L05_00178	-5
CABXYW010000001.1	164176	165465	+	AG-325-L05_00174	AG-325-L05	429	OG0000817	NA	NA	COG0771	MurD	UDP-N-acetylmuramoylalanine-D-glutamate ligase	AG-325-L05_00178	-4
CABXYW010000001.1	165455	166582	+	AG-325-L05_00175	AG-325-L05	375	OG0000615	NA	NA	COG0772	FtsW	Peptodoglycan polymerase FtsW/RodA/SpoVE	AG-325-L05_00178	-3
CABXYW010000001.1	166579	167643	+	AG-325-L05_00176	AG-325-L05	354	OG0000489	K02563	UDP-N-acetylglucosamine--N-acetylmuramyl-(pentapeptide) pyrophosphoryl-undecaprenol N-acetylglucosamine transferase [EC:2.4.1.227]	COG0707	MurG	UDP-N-acetylglucosamine:LPS N-acetylglucosamine transferase	AG-325-L05_00178	-2
CABXYW010000001.1	167633	169027	+	AG-325-L05_00177	AG-325-L05	464	OG0000265	K01924	UDP-N-acetylmuramate--alanine ligase [EC:6.3.2.8]	COG0773	MurC	UDP-N-acetylmuramate-alanine ligase MurC and related ligases, MurC/Mpl family	AG-325-L05_00178	-1
CABXYW010000001.1	169027	169935	+	AG-325-L05_00178	AG-325-L05	302	OG0000330	K00075	UDP-N-acetylmuramate dehydrogenase [EC:1.3.1.98]	COG0812	MurB	UDP-N-acetylenolpyruvoylglucosamine reductase	AG-325-L05_00178	0
CABXYW010000001.1	169937	170851	+	AG-325-L05_00179	AG-325-L05	304	OG0000580	K01921	D-alanine-D-alanine ligase [EC:6.3.2.4]	COG1181	DdlA	D-alanine-D-alanine ligase or related ATP-grasp enzyme	AG-325-L05_00178	1
CABXYW010000001.1	170832	171506	+	AG-325-L05_00180	AG-325-L05	224	OG0000841	K03589	cell division protein FtsQ	COG1589	FtsQ	Cell division septal protein FtsQ	AG-325-L05_00178	2
CABXYW010000001.1	171496	172197	+	AG-325-L05_00181	AG-325-L05	233	OG0000537	NA	NA	NA	NA	NA	AG-325-L05_00178	3
CABXYW010000001.1	172262	173182	+	AG-325-L05_00182	AG-325-L05	306	OG0000300	K02535	UDP-3-O-[3-hydroxymyristoyl] N-acetylglucosamine deacetylase [EC:3.5.1.108]	COG0774	LpxC	UDP-3-O-acyl-N-acetylglucosamine deacetylase	AG-325-L05_00178	4
CABXYW010000001.1	173228	174067	+	AG-325-L05_00183	AG-325-L05	279	OG0000470	K05807	outer membrane protein assembly factor BamD	COG4105	BamD	Outer membrane protein assembly factor BamD, BamD/ComL family	AG-325-L05_00178	5
CABYCY010000008.1	62112	63410	+	AG-333-A04_00875	AG-333-A04	432	OG0000817	NA	NA	COG0771	MurD	UDP-N-acetylmuramoylalanine-D-glutamate ligase	AG-333-A04_00880	-5
CABYCY010000008.1	63397	64518	+	AG-333-A04_00876	AG-333-A04	373	OG0000615	NA	NA	COG0772	FtsW	Peptodoglycan polymerase FtsW/RodA/SpoVE	AG-333-A04_00880	-4
CABYCY010000008.1	64521	65588	+	AG-333-A04_00877	AG-333-A04	355	OG0000489	K02563	UDP-N-acetylglucosamine--N-acetylmuramyl-(pentapeptide) pyrophosphoryl-undecaprenol N-acetylglucosamine transferase [EC:2.4.1.227]	COG0707	MurG	UDP-N-acetylglucosamine:LPS N-acetylglucosamine transferase	AG-333-A04_00880	-3
CABYCY010000008.1	65578	65844	+	AG-333-A04_00878	AG-333-A04	88	OG0000265	NA	NA	COG0773	MurC	UDP-N-acetylmuramate-alanine ligase MurC and related ligases, MurC/Mpl family	AG-333-A04_00880	-2
CABYCY010000008.1	65874	66974	+	AG-333-A04_00879	AG-333-A04	366	OG0000265	NA	NA	COG0773	MurC	UDP-N-acetylmuramate-alanine ligase MurC and related ligases, MurC/Mpl family	AG-333-A04_00880	-1
CABYCY010000008.1	66971	67876	+	AG-333-A04_00880	AG-333-A04	301	OG0000330	K00075	UDP-N-acetylmuramate dehydrogenase [EC:1.3.1.98]	COG0812	MurB	UDP-N-acetylenolpyruvoylglucosamine reductase	AG-333-A04_00880	0
CABYCY010000008.1	67878	68792	+	AG-333-A04_00881	AG-333-A04	304	OG0000580	K01921	D-alanine-D-alanine ligase [EC:6.3.2.4]	COG1181	DdlA	D-alanine-D-alanine ligase or related ATP-grasp enzyme	AG-333-A04_00880	1
CABYCY010000008.1	68773	69447	+	AG-333-A04_00882	AG-333-A04	224	OG0000841	K03589	cell division protein FtsQ	COG1589	FtsQ	Cell division septal protein FtsQ	AG-333-A04_00880	2
CABYCY010000008.1	69440	70144	+	AG-333-A04_00883	AG-333-A04	234	OG0000537	NA	NA	NA	NA	NA	AG-333-A04_00880	3
CABYCY010000008.1	70209	71129	+	AG-333-A04_00884	AG-333-A04	306	OG0000300	K02535	UDP-3-O-[3-hydroxymyristoyl] N-acetylglucosamine deacetylase [EC:3.5.1.108]	COG0774	LpxC	UDP-3-O-acyl-N-acetylglucosamine deacetylase	AG-333-A04_00880	4
CABYCY010000008.1	71184	72020	+	AG-333-A04_00885	AG-333-A04	278	OG0000470	K05807	outer membrane protein assembly factor BamD	COG4105	BamD	Outer membrane protein assembly factor BamD, BamD/ComL family	AG-333-A04_00880	5
CABYPZ010000003.1	442	1125	-	AG-333-K06_00342	AG-333-K06	227	OG0000841	K03589	cell division protein FtsQ	COG1589	FtsQ	Cell division septal protein FtsQ	AG-333-K06_00344	-2
CABYPZ010000003.1	1103	2020	-	AG-333-K06_00343	AG-333-K06	305	OG0000580	K01921	D-alanine-D-alanine ligase [EC:6.3.2.4]	COG1181	DdlA	D-alanine-D-alanine ligase or related ATP-grasp enzyme	AG-333-K06_00344	-1
CABYPZ010000003.1	2021	2929	-	AG-333-K06_00344	AG-333-K06	302	OG0000330	K00075	UDP-N-acetylmuramate dehydrogenase [EC:1.3.1.98]	COG0812	MurB	UDP-N-acetylenolpyruvoylglucosamine reductase	AG-333-K06_00344	0
CABYPZ010000003.1	2926	4323	-	AG-333-K06_00345	AG-333-K06	465	OG0000265	K01924	UDP-N-acetylmuramate--alanine ligase [EC:6.3.2.8]	COG0773	MurC	UDP-N-acetylmuramate-alanine ligase MurC and related ligases, MurC/Mpl family	AG-333-K06_00344	1
CABYPZ010000003.1	4313	5389	-	AG-333-K06_00346	AG-333-K06	358	OG0000489	K02563	UDP-N-acetylglucosamine--N-acetylmuramyl-(pentapeptide) pyrophosphoryl-undecaprenol N-acetylglucosamine transferase [EC:2.4.1.227]	COG0707	MurG	UDP-N-acetylglucosamine:LPS N-acetylglucosamine transferase	AG-333-K06_00344	2
CABYPZ010000003.1	5392	6504	-	AG-333-K06_00347	AG-333-K06	370	OG0000615	NA	NA	COG0772	FtsW	Peptodoglycan polymerase FtsW/RodA/SpoVE	AG-333-K06_00344	3
CABYPZ010000003.1	6512	7792	-	AG-333-K06_00348	AG-333-K06	426	OG0000817	NA	NA	COG0771	MurD	UDP-N-acetylmuramoylalanine-D-glutamate ligase	AG-333-K06_00344	4
CABYPZ010000003.1	7792	8877	-	AG-333-K06_00349	AG-333-K06	361	OG0000019	K01000	phospho-N-acetylmuramoyl-pentapeptide-transferase [EC:2.7.8.13]	COG0472	Rfe	UDP-N-acetylmuramyl pentapeptide phosphotransferase/UDP-N-acetylglucosamine-1-phosphate transferase/archaeal AglH	AG-333-K06_00344	5
CABYVA010000045.1	241	1149	-	AG-333-N15_01038	AG-333-N15	302	OG0000330	K00075	UDP-N-acetylmuramate dehydrogenase [EC:1.3.1.98]	COG0812	MurB	UDP-N-acetylenolpyruvoylglucosamine reductase	AG-333-N15_01038	0
CABYVA010000045.1	1221	2441	+	AG-333-N15_01039	AG-333-N15	406	OG0001175	NA	NA	COG0438	RfaB	Lipopolysaccharide 1,6-galactosyltransferase, GT1 family	AG-333-N15_01038	1
CABYVA010000045.1	2438	2578	-	AG-333-N15_01040	AG-333-N15	46	OG0000013	NA	NA	NA	NA	NA	AG-333-N15_01038	2
CABZBR010000014.1	19638	20477	-	AG-337-C09_00870	AG-337-C09	279	OG0000470	K05807	outer membrane protein assembly factor BamD	COG4105	BamD	Outer membrane protein assembly factor BamD, BamD/ComL family	AG-337-C09_00875	-5
CABZBR010000014.1	20516	21439	-	AG-337-C09_00871	AG-337-C09	307	OG0000300	K02535	UDP-3-O-[3-hydroxymyristoyl] N-acetylglucosamine deacetylase [EC:3.5.1.108]	COG0774	LpxC	UDP-3-O-acyl-N-acetylglucosamine deacetylase	AG-337-C09_00875	-4
CABZBR010000014.1	21502	22668	-	AG-337-C09_00872	AG-337-C09	388	OG0000537	NA	NA	COG0849	FtsA	Cell division ATPase FtsA	AG-337-C09_00875	-3
CABZBR010000014.1	22661	23356	-	AG-337-C09_00873	AG-337-C09	231	OG0000841	K03589	cell division protein FtsQ	COG1589	FtsQ	Cell division septal protein FtsQ	AG-337-C09_00875	-2
CABZBR010000014.1	23337	24257	-	AG-337-C09_00874	AG-337-C09	306	OG0000580	K01921	D-alanine-D-alanine ligase [EC:6.3.2.4]	COG1181	DdlA	D-alanine-D-alanine ligase or related ATP-grasp enzyme	AG-337-C09_00875	-1
CABZBR010000014.1	24257	25165	-	AG-337-C09_00875	AG-337-C09	302	OG0000330	K00075	UDP-N-acetylmuramate dehydrogenase [EC:1.3.1.98]	COG0812	MurB	UDP-N-acetylenolpyruvoylglucosamine reductase	AG-337-C09_00875	0
CABZBR010000014.1	25165	25479	-	AG-337-C09_00876	AG-337-C09	104	OG0000265	NA	NA	COG0773	MurC	UDP-N-acetylmuramate-alanine ligase MurC and related ligases, MurC/Mpl family	AG-337-C09_00875	1
CABZBR010000014.1	25457	26557	-	AG-337-C09_00877	AG-337-C09	366	OG0000265	K01924	UDP-N-acetylmuramate--alanine ligase [EC:6.3.2.8]	COG0773	MurC	UDP-N-acetylmuramate-alanine ligase MurC and related ligases, MurC/Mpl family	AG-337-C09_00875	2
CABZBR010000014.1	26547	27623	-	AG-337-C09_00878	AG-337-C09	358	OG0000489	K02563	UDP-N-acetylglucosamine--N-acetylmuramyl-(pentapeptide) pyrophosphoryl-undecaprenol N-acetylglucosamine transferase [EC:2.4.1.227]	COG0707	MurG	UDP-N-acetylglucosamine:LPS N-acetylglucosamine transferase	AG-337-C09_00875	3
CABZBR010000014.1	27627	28736	-	AG-337-C09_00879	AG-337-C09	369	OG0000615	NA	NA	COG0772	FtsW	Peptodoglycan polymerase FtsW/RodA/SpoVE	AG-337-C09_00875	4
CABZBR010000014.1	28733	30037	-	AG-337-C09_00880	AG-337-C09	434	OG0000817	NA	NA	COG0771	MurD	UDP-N-acetylmuramoylalanine-D-glutamate ligase	AG-337-C09_00875	5
CABZCF010000004.1	6188	7024	-	AG-337-C19_00417	AG-337-C19	278	OG0000470	K05807	outer membrane protein assembly factor BamD	COG4105	BamD	Outer membrane protein assembly factor BamD, BamD/ComL family	AG-337-C19_00422	-5
CABZCF010000004.1	7061	7984	-	AG-337-C19_00418	AG-337-C19	307	OG0000300	K02535	UDP-3-O-[3-hydroxymyristoyl] N-acetylglucosamine deacetylase [EC:3.5.1.108]	COG0774	LpxC	UDP-3-O-acyl-N-acetylglucosamine deacetylase	AG-337-C19_00422	-4
CABZCF010000004.1	8046	9191	-	AG-337-C19_00419	AG-337-C19	381	OG0000537	NA	NA	COG0849	FtsA	Cell division ATPase FtsA	AG-337-C19_00422	-3
CABZCF010000004.1	9184	9876	-	AG-337-C19_00420	AG-337-C19	230	OG0000841	K03589	cell division protein FtsQ	COG1589	FtsQ	Cell division septal protein FtsQ	AG-337-C19_00422	-2
CABZCF010000004.1	9857	10774	-	AG-337-C19_00421	AG-337-C19	305	OG0000580	K01921	D-alanine-D-alanine ligase [EC:6.3.2.4]	COG1181	DdlA	D-alanine-D-alanine ligase or related ATP-grasp enzyme	AG-337-C19_00422	-1
CABZCF010000004.1	10775	11683	-	AG-337-C19_00422	AG-337-C19	302	OG0000330	K00075	UDP-N-acetylmuramate dehydrogenase [EC:1.3.1.98]	COG0812	MurB	UDP-N-acetylenolpyruvoylglucosamine reductase	AG-337-C19_00422	0
CABZCF010000004.1	11680	13077	-	AG-337-C19_00423	AG-337-C19	465	OG0000265	K01924	UDP-N-acetylmuramate--alanine ligase [EC:6.3.2.8]	COG0773	MurC	UDP-N-acetylmuramate-alanine ligase MurC and related ligases, MurC/Mpl family	AG-337-C19_00422	1
CABZCF010000004.1	13067	14140	-	AG-337-C19_00424	AG-337-C19	357	OG0000489	K02563	UDP-N-acetylglucosamine--N-acetylmuramyl-(pentapeptide) pyrophosphoryl-undecaprenol N-acetylglucosamine transferase [EC:2.4.1.227]	COG0707	MurG	UDP-N-acetylglucosamine:LPS N-acetylglucosamine transferase	AG-337-C19_00422	2
CABZCF010000004.1	14140	15261	-	AG-337-C19_00425	AG-337-C19	373	OG0000615	NA	NA	COG0772	FtsW	Peptodoglycan polymerase FtsW/RodA/SpoVE	AG-337-C19_00422	3
CABZCF010000004.1	15248	16531	-	AG-337-C19_00426	AG-337-C19	427	OG0000817	NA	NA	COG0771	MurD	UDP-N-acetylmuramoylalanine-D-glutamate ligase	AG-337-C19_00422	4
CABZCF010000004.1	16531	17616	-	AG-337-C19_00427	AG-337-C19	361	OG0000019	K01000	phospho-N-acetylmuramoyl-pentapeptide-transferase [EC:2.7.8.13]	COG0472	Rfe	UDP-N-acetylmuramyl pentapeptide phosphotransferase/UDP-N-acetylglucosamine-1-phosphate transferase/archaeal AglH	AG-337-C19_00422	5
CABZDS010000002.1	102770	103855	+	AG-337-D16_00398	AG-337-D16	361	OG0000019	K01000	phospho-N-acetylmuramoyl-pentapeptide-transferase [EC:2.7.8.13]	COG0472	Rfe	UDP-N-acetylmuramyl pentapeptide phosphotransferase/UDP-N-acetylglucosamine-1-phosphate transferase/archaeal AglH	AG-337-D16_00403	-5
CABZDS010000002.1	103855	105144	+	AG-337-D16_00399	AG-337-D16	429	OG0000817	NA	NA	COG0771	MurD	UDP-N-acetylmuramoylalanine-D-glutamate ligase	AG-337-D16_00403	-4
CABZDS010000002.1	105141	106250	+	AG-337-D16_00400	AG-337-D16	369	OG0000615	NA	NA	COG0772	FtsW	Peptodoglycan polymerase FtsW/RodA/SpoVE	AG-337-D16_00403	-3
CABZDS010000002.1	106252	107328	+	AG-337-D16_00401	AG-337-D16	358	OG0000489	K02563	UDP-N-acetylglucosamine--N-acetylmuramyl-(pentapeptide) pyrophosphoryl-undecaprenol N-acetylglucosamine transferase [EC:2.4.1.227]	COG0707	MurG	UDP-N-acetylglucosamine:LPS N-acetylglucosamine transferase	AG-337-D16_00403	-2
CABZDS010000002.1	107318	108700	+	AG-337-D16_00402	AG-337-D16	460	OG0000265	K01924	UDP-N-acetylmuramate--alanine ligase [EC:6.3.2.8]	COG0773	MurC	UDP-N-acetylmuramate-alanine ligase MurC and related ligases, MurC/Mpl family	AG-337-D16_00403	-1
CABZDS010000002.1	108702	109610	+	AG-337-D16_00403	AG-337-D16	302	OG0000330	K00075	UDP-N-acetylmuramate dehydrogenase [EC:1.3.1.98]	COG0812	MurB	UDP-N-acetylenolpyruvoylglucosamine reductase	AG-337-D16_00403	0
CABZDS010000002.1	109610	110530	+	AG-337-D16_00404	AG-337-D16	306	OG0000580	K01921	D-alanine-D-alanine ligase [EC:6.3.2.4]	COG1181	DdlA	D-alanine-D-alanine ligase or related ATP-grasp enzyme	AG-337-D16_00403	1
CABZDS010000002.1	110511	111200	+	AG-337-D16_00405	AG-337-D16	229	OG0000841	K03589	cell division protein FtsQ	COG1589	FtsQ	Cell division septal protein FtsQ	AG-337-D16_00403	2
CABZDS010000002.1	111193	112353	+	AG-337-D16_00406	AG-337-D16	386	OG0000537	K03590	cell division protein FtsA	COG0849	FtsA	Cell division ATPase FtsA	AG-337-D16_00403	3
CABZDS010000002.1	112416	113336	+	AG-337-D16_00407	AG-337-D16	306	OG0000300	K02535	UDP-3-O-[3-hydroxymyristoyl] N-acetylglucosamine deacetylase [EC:3.5.1.108]	COG0774	LpxC	UDP-3-O-acyl-N-acetylglucosamine deacetylase	AG-337-D16_00403	4
CABZDS010000002.1	113374	114207	+	AG-337-D16_00408	AG-337-D16	277	OG0000470	K05807	outer membrane protein assembly factor BamD	COG4105	BamD	Outer membrane protein assembly factor BamD, BamD/ComL family	AG-337-D16_00403	5
CABZDW010000005.1	35110	36195	+	AG-337-D17_00482	AG-337-D17	361	OG0000019	K01000	phospho-N-acetylmuramoyl-pentapeptide-transferase [EC:2.7.8.13]	COG0472	Rfe	UDP-N-acetylmuramyl pentapeptide phosphotransferase/UDP-N-acetylglucosamine-1-phosphate transferase/archaeal AglH	AG-337-D17_00487	-5
CABZDW010000005.1	36195	37505	+	AG-337-D17_00483	AG-337-D17	436	OG0000817	NA	NA	COG0771	MurD	UDP-N-acetylmuramoylalanine-D-glutamate ligase	AG-337-D17_00487	-4
CABZDW010000005.1	37486	38613	+	AG-337-D17_00484	AG-337-D17	375	OG0000615	NA	NA	COG0772	FtsW	Peptodoglycan polymerase FtsW/RodA/SpoVE	AG-337-D17_00487	-3
CABZDW010000005.1	38610	39674	+	AG-337-D17_00485	AG-337-D17	354	OG0000489	K02563	UDP-N-acetylglucosamine--N-acetylmuramyl-(pentapeptide) pyrophosphoryl-undecaprenol N-acetylglucosamine transferase [EC:2.4.1.227]	COG0707	MurG	UDP-N-acetylglucosamine:LPS N-acetylglucosamine transferase	AG-337-D17_00487	-2
CABZDW010000005.1	39664	41058	+	AG-337-D17_00486	AG-337-D17	464	OG0000265	K01924	UDP-N-acetylmuramate--alanine ligase [EC:6.3.2.8]	COG0773	MurC	UDP-N-acetylmuramate-alanine ligase MurC and related ligases, MurC/Mpl family	AG-337-D17_00487	-1
CABZDW010000005.1	41058	41966	+	AG-337-D17_00487	AG-337-D17	302	OG0000330	K00075	UDP-N-acetylmuramate dehydrogenase [EC:1.3.1.98]	COG0812	MurB	UDP-N-acetylenolpyruvoylglucosamine reductase	AG-337-D17_00487	0
CABZDW010000005.1	41968	42882	+	AG-337-D17_00488	AG-337-D17	304	OG0000580	K01921	D-alanine-D-alanine ligase [EC:6.3.2.4]	COG1181	DdlA	D-alanine-D-alanine ligase or related ATP-grasp enzyme	AG-337-D17_00487	1
CABZDW010000005.1	42863	43537	+	AG-337-D17_00489	AG-337-D17	224	OG0000841	K03589	cell division protein FtsQ	COG1589	FtsQ	Cell division septal protein FtsQ	AG-337-D17_00487	2
CABZDW010000005.1	43527	44228	+	AG-337-D17_00490	AG-337-D17	233	OG0000537	NA	NA	NA	NA	NA	AG-337-D17_00487	3
CABZDW010000005.1	44292	45212	+	AG-337-D17_00491	AG-337-D17	306	OG0000300	K02535	UDP-3-O-[3-hydroxymyristoyl] N-acetylglucosamine deacetylase [EC:3.5.1.108]	COG0774	LpxC	UDP-3-O-acyl-N-acetylglucosamine deacetylase	AG-337-D17_00487	4
CABZDW010000005.1	45261	46094	+	AG-337-D17_00492	AG-337-D17	277	OG0000470	K05807	outer membrane protein assembly factor BamD	COG4105	BamD	Outer membrane protein assembly factor BamD, BamD/ComL family	AG-337-D17_00487	5
CABZFF010000005.1	71534	72619	+	AG-337-E15_00714	AG-337-E15	361	OG0000019	K01000	phospho-N-acetylmuramoyl-pentapeptide-transferase [EC:2.7.8.13]	COG0472	Rfe	UDP-N-acetylmuramyl pentapeptide phosphotransferase/UDP-N-acetylglucosamine-1-phosphate transferase/archaeal AglH	AG-337-E15_00719	-5
CABZFF010000005.1	72623	73906	+	AG-337-E15_00715	AG-337-E15	427	OG0000817	NA	NA	COG0771	MurD	UDP-N-acetylmuramoylalanine-D-glutamate ligase	AG-337-E15_00719	-4
CABZFF010000005.1	73887	75011	+	AG-337-E15_00716	AG-337-E15	374	OG0000615	NA	NA	COG0772	FtsW	Peptodoglycan polymerase FtsW/RodA/SpoVE	AG-337-E15_00719	-3
CABZFF010000005.1	75008	76102	+	AG-337-E15_00717	AG-337-E15	364	OG0000489	K02563	UDP-N-acetylglucosamine--N-acetylmuramyl-(pentapeptide) pyrophosphoryl-undecaprenol N-acetylglucosamine transferase [EC:2.4.1.227]	COG0707	MurG	UDP-N-acetylglucosamine:LPS N-acetylglucosamine transferase	AG-337-E15_00719	-2
CABZFF010000005.1	76089	77486	+	AG-337-E15_00718	AG-337-E15	465	OG0000265	K01924	UDP-N-acetylmuramate--alanine ligase [EC:6.3.2.8]	COG0773	MurC	UDP-N-acetylmuramate-alanine ligase MurC and related ligases, MurC/Mpl family	AG-337-E15_00719	-1
CABZFF010000005.1	77483	78388	+	AG-337-E15_00719	AG-337-E15	301	OG0000330	K00075	UDP-N-acetylmuramate dehydrogenase [EC:1.3.1.98]	COG0812	MurB	UDP-N-acetylenolpyruvoylglucosamine reductase	AG-337-E15_00719	0
CABZHI010000009.1	62444	63529	+	AG-337-G04_01151	AG-337-G04	361	OG0000019	K01000	phospho-N-acetylmuramoyl-pentapeptide-transferase [EC:2.7.8.13]	COG0472	Rfe	UDP-N-acetylmuramyl pentapeptide phosphotransferase/UDP-N-acetylglucosamine-1-phosphate transferase/archaeal AglH	AG-337-G04_01156	-5
CABZHI010000009.1	63529	64833	+	AG-337-G04_01152	AG-337-G04	434	OG0000817	NA	NA	COG0771	MurD	UDP-N-acetylmuramoylalanine-D-glutamate ligase	AG-337-G04_01156	-4
CABZHI010000009.1	64830	65939	+	AG-337-G04_01153	AG-337-G04	369	OG0000615	NA	NA	COG0772	FtsW	Peptodoglycan polymerase FtsW/RodA/SpoVE	AG-337-G04_01156	-3
CABZHI010000009.1	65941	67020	+	AG-337-G04_01154	AG-337-G04	359	OG0000489	K02563	UDP-N-acetylglucosamine--N-acetylmuramyl-(pentapeptide) pyrophosphoryl-undecaprenol N-acetylglucosamine transferase [EC:2.4.1.227]	COG0707	MurG	UDP-N-acetylglucosamine:LPS N-acetylglucosamine transferase	AG-337-G04_01156	-2
CABZHI010000009.1	67010	68401	+	AG-337-G04_01155	AG-337-G04	463	OG0000265	K01924	UDP-N-acetylmuramate--alanine ligase [EC:6.3.2.8]	COG0773	MurC	UDP-N-acetylmuramate-alanine ligase MurC and related ligases, MurC/Mpl family	AG-337-G04_01156	-1
CABZHI010000009.1	68401	69309	+	AG-337-G04_01156	AG-337-G04	302	OG0000330	K00075	UDP-N-acetylmuramate dehydrogenase [EC:1.3.1.98]	COG0812	MurB	UDP-N-acetylenolpyruvoylglucosamine reductase	AG-337-G04_01156	0
CABZHI010000009.1	69309	70229	+	AG-337-G04_01157	AG-337-G04	306	OG0000580	K01921	D-alanine-D-alanine ligase [EC:6.3.2.4]	COG1181	DdlA	D-alanine-D-alanine ligase or related ATP-grasp enzyme	AG-337-G04_01156	1
CABZHI010000009.1	70210	70905	+	AG-337-G04_01158	AG-337-G04	231	OG0000841	K03589	cell division protein FtsQ	COG1589	FtsQ	Cell division septal protein FtsQ	AG-337-G04_01156	2
CABZHI010000009.1	70898	72064	+	AG-337-G04_01159	AG-337-G04	388	OG0000537	K03590	cell division protein FtsA	COG0849	FtsA	Cell division ATPase FtsA	AG-337-G04_01156	3
CABZHI010000009.1	72126	73049	+	AG-337-G04_01160	AG-337-G04	307	OG0000300	K02535	UDP-3-O-[3-hydroxymyristoyl] N-acetylglucosamine deacetylase [EC:3.5.1.108]	COG0774	LpxC	UDP-3-O-acyl-N-acetylglucosamine deacetylase	AG-337-G04_01156	4
CABZHI010000009.1	73088	73927	+	AG-337-G04_01161	AG-337-G04	279	OG0000470	K05807	outer membrane protein assembly factor BamD	COG4105	BamD	Outer membrane protein assembly factor BamD, BamD/ComL family	AG-337-G04_01156	5
CABZHN010000007.1	10454	11323	-	AG-337-G06_01030	AG-337-G06	289	OG0000470	K05807	outer membrane protein assembly factor BamD	COG4105	BamD	Outer membrane protein assembly factor BamD, BamD/ComL family	AG-337-G06_01035	-5
CABZHN010000007.1	11265	12194	-	AG-337-G06_01031	AG-337-G06	309	OG0000300	K02535	UDP-3-O-[3-hydroxymyristoyl] N-acetylglucosamine deacetylase [EC:3.5.1.108]	COG0774	LpxC	UDP-3-O-acyl-N-acetylglucosamine deacetylase	AG-337-G06_01035	-4
CABZHN010000007.1	12263	13453	-	AG-337-G06_01032	AG-337-G06	396	OG0000537	K03590	cell division protein FtsA	COG0849	FtsA	Cell division ATPase FtsA	AG-337-G06_01035	-3
CABZHN010000007.1	13453	14190	-	AG-337-G06_01033	AG-337-G06	245	OG0000841	K03589	cell division protein FtsQ	COG1589	FtsQ	Cell division septal protein FtsQ	AG-337-G06_01035	-2
CABZHN010000007.1	14171	15082	-	AG-337-G06_01034	AG-337-G06	303	OG0000580	K01921	D-alanine-D-alanine ligase [EC:6.3.2.4]	COG1181	DdlA	D-alanine-D-alanine ligase or related ATP-grasp enzyme	AG-337-G06_01035	-1
CABZHN010000007.1	15079	16002	-	AG-337-G06_01035	AG-337-G06	307	OG0000330	K00075	UDP-N-acetylmuramate dehydrogenase [EC:1.3.1.98]	COG0812	MurB	UDP-N-acetylenolpyruvoylglucosamine reductase	AG-337-G06_01035	0
CABZHN010000007.1	15995	17386	-	AG-337-G06_01036	AG-337-G06	463	OG0000265	K01924	UDP-N-acetylmuramate--alanine ligase [EC:6.3.2.8]	COG0773	MurC	UDP-N-acetylmuramate-alanine ligase MurC and related ligases, MurC/Mpl family	AG-337-G06_01035	1
CABZHN010000007.1	17383	18441	-	AG-337-G06_01037	AG-337-G06	352	OG0000489	K02563	UDP-N-acetylglucosamine--N-acetylmuramyl-(pentapeptide) pyrophosphoryl-undecaprenol N-acetylglucosamine transferase [EC:2.4.1.227]	COG0707	MurG	UDP-N-acetylglucosamine:LPS N-acetylglucosamine transferase	AG-337-G06_01035	2
CABZHN010000007.1	18457	19563	-	AG-337-G06_01038	AG-337-G06	368	OG0000615	NA	NA	COG0772	FtsW	Peptodoglycan polymerase FtsW/RodA/SpoVE	AG-337-G06_01035	3
CABZHN010000007.1	19560	20882	-	AG-337-G06_01039	AG-337-G06	440	OG0000817	NA	NA	COG0771	MurD	UDP-N-acetylmuramoylalanine-D-glutamate ligase	AG-337-G06_01035	4
CABZHN010000007.1	20887	21969	-	AG-337-G06_01040	AG-337-G06	360	OG0000019	K01000	phospho-N-acetylmuramoyl-pentapeptide-transferase [EC:2.7.8.13]	COG0472	Rfe	UDP-N-acetylmuramyl pentapeptide phosphotransferase/UDP-N-acetylglucosamine-1-phosphate transferase/archaeal AglH	AG-337-G06_01035	5
CABZHM010000005.1	6377	7225	-	AG-337-G11_00421	AG-337-G11	282	OG0000470	K05807	outer membrane protein assembly factor BamD	COG4105	BamD	Outer membrane protein assembly factor BamD, BamD/ComL family	AG-337-G11_00426	-5
CABZHM010000005.1	7272	8192	-	AG-337-G11_00422	AG-337-G11	306	OG0000300	K02535	UDP-3-O-[3-hydroxymyristoyl] N-acetylglucosamine deacetylase [EC:3.5.1.108]	COG0774	LpxC	UDP-3-O-acyl-N-acetylglucosamine deacetylase	AG-337-G11_00426	-4
CABZHM010000005.1	8255	8959	-	AG-337-G11_00423	AG-337-G11	234	OG0000537	NA	NA	NA	NA	NA	AG-337-G11_00426	-3
CABZHM010000005.1	8949	9623	-	AG-337-G11_00424	AG-337-G11	224	OG0000841	K03589	cell division protein FtsQ	COG1589	FtsQ	Cell division septal protein FtsQ	AG-337-G11_00426	-2
CABZHM010000005.1	9604	10518	-	AG-337-G11_00425	AG-337-G11	304	OG0000580	K01921	D-alanine-D-alanine ligase [EC:6.3.2.4]	COG1181	DdlA	D-alanine-D-alanine ligase or related ATP-grasp enzyme	AG-337-G11_00426	-1
CABZHM010000005.1	10520	11428	-	AG-337-G11_00426	AG-337-G11	302	OG0000330	K00075	UDP-N-acetylmuramate dehydrogenase [EC:1.3.1.98]	COG0812	MurB	UDP-N-acetylenolpyruvoylglucosamine reductase	AG-337-G11_00426	0
CABZHM010000005.1	11425	12822	-	AG-337-G11_00427	AG-337-G11	465	OG0000265	K01924	UDP-N-acetylmuramate--alanine ligase [EC:6.3.2.8]	COG0773	MurC	UDP-N-acetylmuramate-alanine ligase MurC and related ligases, MurC/Mpl family	AG-337-G11_00426	1
CABZHM010000005.1	12812	13873	-	AG-337-G11_00428	AG-337-G11	353	OG0000489	K02563	UDP-N-acetylglucosamine--N-acetylmuramyl-(pentapeptide) pyrophosphoryl-undecaprenol N-acetylglucosamine transferase [EC:2.4.1.227]	COG0707	MurG	UDP-N-acetylglucosamine:LPS N-acetylglucosamine transferase	AG-337-G11_00426	2
CABZHM010000005.1	13876	15000	-	AG-337-G11_00429	AG-337-G11	374	OG0000615	NA	NA	COG0772	FtsW	Peptodoglycan polymerase FtsW/RodA/SpoVE	AG-337-G11_00426	3
CABZHM010000005.1	14993	16330	-	AG-337-G11_00430	AG-337-G11	445	OG0000817	NA	NA	COG0771	MurD	UDP-N-acetylmuramoylalanine-D-glutamate ligase	AG-337-G11_00426	4
CABZHM010000005.1	16273	17358	-	AG-337-G11_00431	AG-337-G11	361	OG0000019	K01000	phospho-N-acetylmuramoyl-pentapeptide-transferase [EC:2.7.8.13]	COG0472	Rfe	UDP-N-acetylmuramyl pentapeptide phosphotransferase/UDP-N-acetylglucosamine-1-phosphate transferase/archaeal AglH	AG-337-G11_00426	5
CACABC010000012.1	46	729	+	AG-343-E17_00939	AG-343-E17	227	OG0000489	NA	NA	COG0707	MurG	UDP-N-acetylglucosamine:LPS N-acetylglucosamine transferase	AG-343-E17_00942	-3
CACABC010000012.1	722	1750	+	AG-343-E17_00940	AG-343-E17	342	OG0000265	K01924	UDP-N-acetylmuramate--alanine ligase [EC:6.3.2.8]	COG0773	MurC	UDP-N-acetylmuramate-alanine ligase MurC and related ligases, MurC/Mpl family	AG-343-E17_00942	-2
CACABC010000012.1	1728	2111	+	AG-343-E17_00941	AG-343-E17	127	OG0000265	NA	NA	COG0773	MurC	UDP-N-acetylmuramate-alanine ligase MurC and related ligases, MurC/Mpl family	AG-343-E17_00942	-1
CACABC010000012.1	2112	2984	+	AG-343-E17_00942	AG-343-E17	290	OG0000330	K00075	UDP-N-acetylmuramate dehydrogenase [EC:1.3.1.98]	COG0812	MurB	UDP-N-acetylenolpyruvoylglucosamine reductase	AG-343-E17_00942	0
CACABC010000012.1	2987	3916	+	AG-343-E17_00943	AG-343-E17	309	OG0000580	K01921	D-alanine-D-alanine ligase [EC:6.3.2.4]	COG1181	DdlA	D-alanine-D-alanine ligase or related ATP-grasp enzyme	AG-343-E17_00942	1
CACABC010000012.1	3913	4587	+	AG-343-E17_00944	AG-343-E17	224	OG0000841	K03589	cell division protein FtsQ	COG1589	FtsQ	Cell division septal protein FtsQ	AG-343-E17_00942	2
CACABC010000012.1	4596	5783	+	AG-343-E17_00945	AG-343-E17	395	OG0000537	K03590	cell division protein FtsA	COG0849	FtsA	Cell division ATPase FtsA	AG-343-E17_00942	3
CACABC010000012.1	5856	6788	+	AG-343-E17_00946	AG-343-E17	310	OG0000300	K02535	UDP-3-O-[3-hydroxymyristoyl] N-acetylglucosamine deacetylase [EC:3.5.1.108]	COG0774	LpxC	UDP-3-O-acyl-N-acetylglucosamine deacetylase	AG-343-E17_00942	4
CACABC010000012.1	6838	7692	+	AG-343-E17_00947	AG-343-E17	284	OG0000470	K05807	outer membrane protein assembly factor BamD	COG4105	BamD	Outer membrane protein assembly factor BamD, BamD/ComL family	AG-343-E17_00942	5
CACAYM010000003.1	119698	121092	+	AG-349-I05_00663	AG-349-I05	464	OG0000436	K00325	H+-translocating NAD(P) transhydrogenase subunit beta [EC:1.6.1.2 7.1.1.1]	COG1282	PntB	NAD/NADP transhydrogenase beta subunit	AG-349-I05_00668	-5
CACAYM010000003.1	121102	121800	+	AG-349-I05_00664	AG-349-I05	232	OG0000261	NA	NA	COG0176	TalA	Transaldolase/fructose-6-phosphate aldolase	AG-349-I05_00668	-4
CACAYM010000003.1	121800	122474	+	AG-349-I05_00665	AG-349-I05	224	OG0000008	NA	NA	COG2227	UbiG	2-polyprenyl-3-methyl-5-hydroxy-6-metoxy-1,4-benzoquinol methylase	AG-349-I05_00668	-3
CACAYM010000003.1	122490	123470	+	AG-349-I05_00666	AG-349-I05	326	OG0002122	NA	NA	COG1216	WcaE	Glycosyltransferase, GT2 family	AG-349-I05_00668	-2
CACAYM010000003.1	123470	124726	+	AG-349-I05_00667	AG-349-I05	418	OG0001354	NA	NA	NA	NA	NA	AG-349-I05_00668	-1
CACAYM010000003.1	124772	125683	+	AG-349-I05_00668	AG-349-I05	303	OG0000330	K00075	UDP-N-acetylmuramate dehydrogenase [EC:1.3.1.98]	COG0812	MurB	UDP-N-acetylenolpyruvoylglucosamine reductase	AG-349-I05_00668	0
CACAYM010000003.1	125684	126598	+	AG-349-I05_00669	AG-349-I05	304	OG0000580	K01921	D-alanine-D-alanine ligase [EC:6.3.2.4]	COG1181	DdlA	D-alanine-D-alanine ligase or related ATP-grasp enzyme	AG-349-I05_00668	1
CACAYM010000003.1	126576	127247	+	AG-349-I05_00670	AG-349-I05	223	OG0000841	K03589	cell division protein FtsQ	COG1589	FtsQ	Cell division septal protein FtsQ	AG-349-I05_00668	2
CACAYM010000003.1	127240	127947	+	AG-349-I05_00671	AG-349-I05	235	OG0000537	NA	NA	NA	NA	NA	AG-349-I05_00668	3
CACAYM010000003.1	128010	128930	+	AG-349-I05_00672	AG-349-I05	306	OG0000300	K02535	UDP-3-O-[3-hydroxymyristoyl] N-acetylglucosamine deacetylase [EC:3.5.1.108]	COG0774	LpxC	UDP-3-O-acyl-N-acetylglucosamine deacetylase	AG-349-I05_00668	4
CACAYM010000003.1	128971	129807	+	AG-349-I05_00673	AG-349-I05	278	OG0000470	K05807	outer membrane protein assembly factor BamD	COG4105	BamD	Outer membrane protein assembly factor BamD, BamD/ComL family	AG-349-I05_00668	5
CACBCQ010000001.1	98933	99772	-	AG-349-L17_00102	AG-349-L17	279	OG0000470	K05807	outer membrane protein assembly factor BamD	COG4105	BamD	Outer membrane protein assembly factor BamD, BamD/ComL family	AG-349-L17_00107	-5
CACBCQ010000001.1	99820	100740	-	AG-349-L17_00103	AG-349-L17	306	OG0000300	K02535	UDP-3-O-[3-hydroxymyristoyl] N-acetylglucosamine deacetylase [EC:3.5.1.108]	COG0774	LpxC	UDP-3-O-acyl-N-acetylglucosamine deacetylase	AG-349-L17_00107	-4
CACBCQ010000001.1	100805	101503	-	AG-349-L17_00104	AG-349-L17	232	OG0000537	NA	NA	NA	NA	NA	AG-349-L17_00107	-3
CACBCQ010000001.1	101496	102167	-	AG-349-L17_00105	AG-349-L17	223	OG0000841	K03589	cell division protein FtsQ	COG1589	FtsQ	Cell division septal protein FtsQ	AG-349-L17_00107	-2
CACBCQ010000001.1	102148	103062	-	AG-349-L17_00106	AG-349-L17	304	OG0000580	K01921	D-alanine-D-alanine ligase [EC:6.3.2.4]	COG1181	DdlA	D-alanine-D-alanine ligase or related ATP-grasp enzyme	AG-349-L17_00107	-1
CACBCQ010000001.1	103064	103999	-	AG-349-L17_00107	AG-349-L17	311	OG0000330	K00075	UDP-N-acetylmuramate dehydrogenase [EC:1.3.1.98]	COG0812	MurB	UDP-N-acetylenolpyruvoylglucosamine reductase	AG-349-L17_00107	0
CACBCQ010000001.1	103966	105363	-	AG-349-L17_00108	AG-349-L17	465	OG0000265	K01924	UDP-N-acetylmuramate--alanine ligase [EC:6.3.2.8]	COG0773	MurC	UDP-N-acetylmuramate-alanine ligase MurC and related ligases, MurC/Mpl family	AG-349-L17_00107	1
CACBCQ010000001.1	105353	106417	-	AG-349-L17_00109	AG-349-L17	354	OG0000489	K02563	UDP-N-acetylglucosamine--N-acetylmuramyl-(pentapeptide) pyrophosphoryl-undecaprenol N-acetylglucosamine transferase [EC:2.4.1.227]	COG0707	MurG	UDP-N-acetylglucosamine:LPS N-acetylglucosamine transferase	AG-349-L17_00107	2
CACBCQ010000001.1	106421	107542	-	AG-349-L17_00110	AG-349-L17	373	OG0000615	NA	NA	COG0772	FtsW	Peptodoglycan polymerase FtsW/RodA/SpoVE	AG-349-L17_00107	3
CACBCQ010000001.1	107529	108827	-	AG-349-L17_00111	AG-349-L17	432	OG0000817	NA	NA	COG0771	MurD	UDP-N-acetylmuramoylalanine-D-glutamate ligase	AG-349-L17_00107	4
CACBCQ010000001.1	108827	109912	-	AG-349-L17_00112	AG-349-L17	361	OG0000019	K01000	phospho-N-acetylmuramoyl-pentapeptide-transferase [EC:2.7.8.13]	COG0472	Rfe	UDP-N-acetylmuramyl pentapeptide phosphotransferase/UDP-N-acetylglucosamine-1-phosphate transferase/archaeal AglH	AG-349-L17_00107	5
CACBGQ010000007.1	5683	6537	-	AG-349-O05_00606	AG-349-O05	284	OG0000470	K05807	outer membrane protein assembly factor BamD	COG4105	BamD	Outer membrane protein assembly factor BamD, BamD/ComL family	AG-349-O05_00611	-5
CACBGQ010000007.1	6586	7512	-	AG-349-O05_00607	AG-349-O05	308	OG0000300	K02535	UDP-3-O-[3-hydroxymyristoyl] N-acetylglucosamine deacetylase [EC:3.5.1.108]	COG0774	LpxC	UDP-3-O-acyl-N-acetylglucosamine deacetylase	AG-349-O05_00611	-4
CACBGQ010000007.1	7570	8271	-	AG-349-O05_00608	AG-349-O05	233	OG0000537	NA	NA	NA	NA	NA	AG-349-O05_00611	-3
CACBGQ010000007.1	8264	8935	-	AG-349-O05_00609	AG-349-O05	223	OG0000841	K03589	cell division protein FtsQ	COG1589	FtsQ	Cell division septal protein FtsQ	AG-349-O05_00611	-2
CACBGQ010000007.1	8916	9830	-	AG-349-O05_00610	AG-349-O05	304	OG0000580	K01921	D-alanine-D-alanine ligase [EC:6.3.2.4]	COG1181	DdlA	D-alanine-D-alanine ligase or related ATP-grasp enzyme	AG-349-O05_00611	-1
CACBGQ010000007.1	9832	10737	-	AG-349-O05_00611	AG-349-O05	301	OG0000330	K00075	UDP-N-acetylmuramate dehydrogenase [EC:1.3.1.98]	COG0812	MurB	UDP-N-acetylenolpyruvoylglucosamine reductase	AG-349-O05_00611	0
CACBGQ010000007.1	10734	12131	-	AG-349-O05_00612	AG-349-O05	465	OG0000265	K01924	UDP-N-acetylmuramate--alanine ligase [EC:6.3.2.8]	COG0773	MurC	UDP-N-acetylmuramate-alanine ligase MurC and related ligases, MurC/Mpl family	AG-349-O05_00611	1
CACBGQ010000007.1	12121	13185	-	AG-349-O05_00613	AG-349-O05	354	OG0000489	K02563	UDP-N-acetylglucosamine--N-acetylmuramyl-(pentapeptide) pyrophosphoryl-undecaprenol N-acetylglucosamine transferase [EC:2.4.1.227]	COG0707	MurG	UDP-N-acetylglucosamine:LPS N-acetylglucosamine transferase	AG-349-O05_00611	2
CACBGQ010000007.1	13189	14310	-	AG-349-O05_00614	AG-349-O05	373	OG0000615	NA	NA	COG0772	FtsW	Peptodoglycan polymerase FtsW/RodA/SpoVE	AG-349-O05_00611	3
CACBGQ010000007.1	14297	15595	-	AG-349-O05_00615	AG-349-O05	432	OG0000817	NA	NA	COG0771	MurD	UDP-N-acetylmuramoylalanine-D-glutamate ligase	AG-349-O05_00611	4
CACBGQ010000007.1	15595	16680	-	AG-349-O05_00616	AG-349-O05	361	OG0000019	K01000	phospho-N-acetylmuramoyl-pentapeptide-transferase [EC:2.7.8.13]	COG0472	Rfe	UDP-N-acetylmuramyl pentapeptide phosphotransferase/UDP-N-acetylglucosamine-1-phosphate transferase/archaeal AglH	AG-349-O05_00611	5
CACBKI010000005.1	46222	47307	+	AG-359-B05_00501	AG-359-B05	361	OG0000019	K01000	phospho-N-acetylmuramoyl-pentapeptide-transferase [EC:2.7.8.13]	COG0472	Rfe	UDP-N-acetylmuramyl pentapeptide phosphotransferase/UDP-N-acetylglucosamine-1-phosphate transferase/archaeal AglH	AG-359-B05_00506	-5
CACBKI010000005.1	47307	48596	+	AG-359-B05_00502	AG-359-B05	429	OG0000817	NA	NA	COG0771	MurD	UDP-N-acetylmuramoylalanine-D-glutamate ligase	AG-359-B05_00506	-4
CACBKI010000005.1	48593	49702	+	AG-359-B05_00503	AG-359-B05	369	OG0000615	NA	NA	COG0772	FtsW	Peptodoglycan polymerase FtsW/RodA/SpoVE	AG-359-B05_00506	-3
CACBKI010000005.1	49704	50780	+	AG-359-B05_00504	AG-359-B05	358	OG0000489	K02563	UDP-N-acetylglucosamine--N-acetylmuramyl-(pentapeptide) pyrophosphoryl-undecaprenol N-acetylglucosamine transferase [EC:2.4.1.227]	COG0707	MurG	UDP-N-acetylglucosamine:LPS N-acetylglucosamine transferase	AG-359-B05_00506	-2
CACBKI010000005.1	50770	52152	+	AG-359-B05_00505	AG-359-B05	460	OG0000265	K01924	UDP-N-acetylmuramate--alanine ligase [EC:6.3.2.8]	COG0773	MurC	UDP-N-acetylmuramate-alanine ligase MurC and related ligases, MurC/Mpl family	AG-359-B05_00506	-1
CACBKI010000005.1	52154	53062	+	AG-359-B05_00506	AG-359-B05	302	OG0000330	K00075	UDP-N-acetylmuramate dehydrogenase [EC:1.3.1.98]	COG0812	MurB	UDP-N-acetylenolpyruvoylglucosamine reductase	AG-359-B05_00506	0
CACBKI010000005.1	53062	53982	+	AG-359-B05_00507	AG-359-B05	306	OG0000580	K01921	D-alanine-D-alanine ligase [EC:6.3.2.4]	COG1181	DdlA	D-alanine-D-alanine ligase or related ATP-grasp enzyme	AG-359-B05_00506	1
CACBKI010000005.1	53963	54652	+	AG-359-B05_00508	AG-359-B05	229	OG0000841	K03589	cell division protein FtsQ	COG1589	FtsQ	Cell division septal protein FtsQ	AG-359-B05_00506	2
CACBKI010000005.1	54645	55805	+	AG-359-B05_00509	AG-359-B05	386	OG0000537	K03590	cell division protein FtsA	COG0849	FtsA	Cell division ATPase FtsA	AG-359-B05_00506	3
CACBKI010000005.1	55868	56788	+	AG-359-B05_00510	AG-359-B05	306	OG0000300	K02535	UDP-3-O-[3-hydroxymyristoyl] N-acetylglucosamine deacetylase [EC:3.5.1.108]	COG0774	LpxC	UDP-3-O-acyl-N-acetylglucosamine deacetylase	AG-359-B05_00506	4
CACBKI010000005.1	56827	57663	+	AG-359-B05_00511	AG-359-B05	278	OG0000470	K05807	outer membrane protein assembly factor BamD	COG4105	BamD	Outer membrane protein assembly factor BamD, BamD/ComL family	AG-359-B05_00506	5
CACBKZ010000002.1	56559	57644	+	AG-359-C09_00285	AG-359-C09	361	OG0000019	K01000	phospho-N-acetylmuramoyl-pentapeptide-transferase [EC:2.7.8.13]	COG0472	Rfe	UDP-N-acetylmuramyl pentapeptide phosphotransferase/UDP-N-acetylglucosamine-1-phosphate transferase/archaeal AglH	AG-359-C09_00290	-5
CACBKZ010000002.1	57644	58939	+	AG-359-C09_00286	AG-359-C09	431	OG0000817	NA	NA	COG0771	MurD	UDP-N-acetylmuramoylalanine-D-glutamate ligase	AG-359-C09_00290	-4
CACBKZ010000002.1	58929	60050	+	AG-359-C09_00287	AG-359-C09	373	OG0000615	NA	NA	COG0772	FtsW	Peptodoglycan polymerase FtsW/RodA/SpoVE	AG-359-C09_00290	-3
CACBKZ010000002.1	60054	61121	+	AG-359-C09_00288	AG-359-C09	355	OG0000489	K02563	UDP-N-acetylglucosamine--N-acetylmuramyl-(pentapeptide) pyrophosphoryl-undecaprenol N-acetylglucosamine transferase [EC:2.4.1.227]	COG0707	MurG	UDP-N-acetylglucosamine:LPS N-acetylglucosamine transferase	AG-359-C09_00290	-2
CACBKZ010000002.1	61111	62505	+	AG-359-C09_00289	AG-359-C09	464	OG0000265	K01924	UDP-N-acetylmuramate--alanine ligase [EC:6.3.2.8]	COG0773	MurC	UDP-N-acetylmuramate-alanine ligase MurC and related ligases, MurC/Mpl family	AG-359-C09_00290	-1
CACBKZ010000002.1	62505	63410	+	AG-359-C09_00290	AG-359-C09	301	OG0000330	K00075	UDP-N-acetylmuramate dehydrogenase [EC:1.3.1.98]	COG0812	MurB	UDP-N-acetylenolpyruvoylglucosamine reductase	AG-359-C09_00290	0
CACBKZ010000002.1	63412	64326	+	AG-359-C09_00291	AG-359-C09	304	OG0000580	K01921	D-alanine-D-alanine ligase [EC:6.3.2.4]	COG1181	DdlA	D-alanine-D-alanine ligase or related ATP-grasp enzyme	AG-359-C09_00290	1
CACBKZ010000002.1	64307	64978	+	AG-359-C09_00292	AG-359-C09	223	OG0000841	K03589	cell division protein FtsQ	COG1589	FtsQ	Cell division septal protein FtsQ	AG-359-C09_00290	2
CACBKZ010000002.1	64971	65675	+	AG-359-C09_00293	AG-359-C09	234	OG0000537	NA	NA	NA	NA	NA	AG-359-C09_00290	3
CACBKZ010000002.1	65740	66660	+	AG-359-C09_00294	AG-359-C09	306	OG0000300	K02535	UDP-3-O-[3-hydroxymyristoyl] N-acetylglucosamine deacetylase [EC:3.5.1.108]	COG0774	LpxC	UDP-3-O-acyl-N-acetylglucosamine deacetylase	AG-359-C09_00290	4
CACBKZ010000002.1	66709	67554	+	AG-359-C09_00295	AG-359-C09	281	OG0000470	K05807	outer membrane protein assembly factor BamD	COG4105	BamD	Outer membrane protein assembly factor BamD, BamD/ComL family	AG-359-C09_00290	5
CACBMB010000007.1	52017	53102	+	AG-359-D09_00975	AG-359-D09	361	OG0000019	K01000	phospho-N-acetylmuramoyl-pentapeptide-transferase [EC:2.7.8.13]	COG0472	Rfe	UDP-N-acetylmuramyl pentapeptide phosphotransferase/UDP-N-acetylglucosamine-1-phosphate transferase/archaeal AglH	AG-359-D09_00980	-5
CACBMB010000007.1	53141	54406	+	AG-359-D09_00976	AG-359-D09	421	OG0000817	NA	NA	COG0771	MurD	UDP-N-acetylmuramoylalanine-D-glutamate ligase	AG-359-D09_00980	-4
CACBMB010000007.1	54393	55517	+	AG-359-D09_00977	AG-359-D09	374	OG0000615	NA	NA	COG0772	FtsW	Peptodoglycan polymerase FtsW/RodA/SpoVE	AG-359-D09_00980	-3
CACBMB010000007.1	55519	56583	+	AG-359-D09_00978	AG-359-D09	354	OG0000489	K02563	UDP-N-acetylglucosamine--N-acetylmuramyl-(pentapeptide) pyrophosphoryl-undecaprenol N-acetylglucosamine transferase [EC:2.4.1.227]	COG0707	MurG	UDP-N-acetylglucosamine:LPS N-acetylglucosamine transferase	AG-359-D09_00980	-2
CACBMB010000007.1	56573	57970	+	AG-359-D09_00979	AG-359-D09	465	OG0000265	K01924	UDP-N-acetylmuramate--alanine ligase [EC:6.3.2.8]	COG0773	MurC	UDP-N-acetylmuramate-alanine ligase MurC and related ligases, MurC/Mpl family	AG-359-D09_00980	-1
CACBMB010000007.1	57967	58875	+	AG-359-D09_00980	AG-359-D09	302	OG0000330	K00075	UDP-N-acetylmuramate dehydrogenase [EC:1.3.1.98]	COG0812	MurB	UDP-N-acetylenolpyruvoylglucosamine reductase	AG-359-D09_00980	0
CACBMB010000007.1	58877	59791	+	AG-359-D09_00981	AG-359-D09	304	OG0000580	K01921	D-alanine-D-alanine ligase [EC:6.3.2.4]	COG1181	DdlA	D-alanine-D-alanine ligase or related ATP-grasp enzyme	AG-359-D09_00980	1
CACBMB010000007.1	59772	60443	+	AG-359-D09_00982	AG-359-D09	223	OG0000841	K03589	cell division protein FtsQ	COG1589	FtsQ	Cell division septal protein FtsQ	AG-359-D09_00980	2
CACBMB010000007.1	60436	61140	+	AG-359-D09_00983	AG-359-D09	234	OG0000537	NA	NA	NA	NA	NA	AG-359-D09_00980	3
CACBMB010000007.1	61203	62123	+	AG-359-D09_00984	AG-359-D09	306	OG0000300	K02535	UDP-3-O-[3-hydroxymyristoyl] N-acetylglucosamine deacetylase [EC:3.5.1.108]	COG0774	LpxC	UDP-3-O-acyl-N-acetylglucosamine deacetylase	AG-359-D09_00980	4
CACBMB010000007.1	62153	62989	+	AG-359-D09_00985	AG-359-D09	278	OG0000470	K05807	outer membrane protein assembly factor BamD	COG4105	BamD	Outer membrane protein assembly factor BamD, BamD/ComL family	AG-359-D09_00980	5
CACBOG010000004.1	27885	28970	+	AG-359-F04_00594	AG-359-F04	361	OG0000019	K01000	phospho-N-acetylmuramoyl-pentapeptide-transferase [EC:2.7.8.13]	COG0472	Rfe	UDP-N-acetylmuramyl pentapeptide phosphotransferase/UDP-N-acetylglucosamine-1-phosphate transferase/archaeal AglH	AG-359-F04_00599	-5
CACBOG010000004.1	28971	30272	+	AG-359-F04_00595	AG-359-F04	433	OG0000817	NA	NA	COG0771	MurD	UDP-N-acetylmuramoylalanine-D-glutamate ligase	AG-359-F04_00599	-4
CACBOG010000004.1	30262	31392	+	AG-359-F04_00596	AG-359-F04	376	OG0000615	NA	NA	COG0772	FtsW	Peptodoglycan polymerase FtsW/RodA/SpoVE	AG-359-F04_00599	-3
CACBOG010000004.1	31389	32453	+	AG-359-F04_00597	AG-359-F04	354	OG0000489	K02563	UDP-N-acetylglucosamine--N-acetylmuramyl-(pentapeptide) pyrophosphoryl-undecaprenol N-acetylglucosamine transferase [EC:2.4.1.227]	COG0707	MurG	UDP-N-acetylglucosamine:LPS N-acetylglucosamine transferase	AG-359-F04_00599	-2
CACBOG010000004.1	32443	33840	+	AG-359-F04_00598	AG-359-F04	465	OG0000265	K01924	UDP-N-acetylmuramate--alanine ligase [EC:6.3.2.8]	COG0773	MurC	UDP-N-acetylmuramate-alanine ligase MurC and related ligases, MurC/Mpl family	AG-359-F04_00599	-1
CACBOG010000004.1	33837	34745	+	AG-359-F04_00599	AG-359-F04	302	OG0000330	K00075	UDP-N-acetylmuramate dehydrogenase [EC:1.3.1.98]	COG0812	MurB	UDP-N-acetylenolpyruvoylglucosamine reductase	AG-359-F04_00599	0
CACBOG010000004.1	34747	35658	+	AG-359-F04_00600	AG-359-F04	303	OG0000580	K01921	D-alanine-D-alanine ligase [EC:6.3.2.4]	COG1181	DdlA	D-alanine-D-alanine ligase or related ATP-grasp enzyme	AG-359-F04_00599	1
CACBOG010000004.1	35639	36310	+	AG-359-F04_00601	AG-359-F04	223	OG0000841	K03589	cell division protein FtsQ	COG1589	FtsQ	Cell division septal protein FtsQ	AG-359-F04_00599	2
CACBOG010000004.1	36303	37007	+	AG-359-F04_00602	AG-359-F04	234	OG0000537	NA	NA	NA	NA	NA	AG-359-F04_00599	3
CACBOG010000004.1	37038	37994	+	AG-359-F04_00603	AG-359-F04	318	OG0000300	K02535	UDP-3-O-[3-hydroxymyristoyl] N-acetylglucosamine deacetylase [EC:3.5.1.108]	COG0774	LpxC	UDP-3-O-acyl-N-acetylglucosamine deacetylase	AG-359-F04_00599	4
CACBOG010000004.1	38033	38869	+	AG-359-F04_00604	AG-359-F04	278	OG0000470	K05807	outer membrane protein assembly factor BamD	COG4105	BamD	Outer membrane protein assembly factor BamD, BamD/ComL family	AG-359-F04_00599	5
CACBQD010000007.1	46267	47352	+	AG-359-G17_00577	AG-359-G17	361	OG0000019	K01000	phospho-N-acetylmuramoyl-pentapeptide-transferase [EC:2.7.8.13]	COG0472	Rfe	UDP-N-acetylmuramyl pentapeptide phosphotransferase/UDP-N-acetylglucosamine-1-phosphate transferase/archaeal AglH	AG-359-G17_00582	-5
CACBQD010000007.1	47352	48641	+	AG-359-G17_00578	AG-359-G17	429	OG0000817	NA	NA	COG0771	MurD	UDP-N-acetylmuramoylalanine-D-glutamate ligase	AG-359-G17_00582	-4
CACBQD010000007.1	48638	49747	+	AG-359-G17_00579	AG-359-G17	369	OG0000615	NA	NA	COG0772	FtsW	Peptodoglycan polymerase FtsW/RodA/SpoVE	AG-359-G17_00582	-3
CACBQD010000007.1	49749	50825	+	AG-359-G17_00580	AG-359-G17	358	OG0000489	K02563	UDP-N-acetylglucosamine--N-acetylmuramyl-(pentapeptide) pyrophosphoryl-undecaprenol N-acetylglucosamine transferase [EC:2.4.1.227]	COG0707	MurG	UDP-N-acetylglucosamine:LPS N-acetylglucosamine transferase	AG-359-G17_00582	-2
CACBQD010000007.1	50815	52197	+	AG-359-G17_00581	AG-359-G17	460	OG0000265	K01924	UDP-N-acetylmuramate--alanine ligase [EC:6.3.2.8]	COG0773	MurC	UDP-N-acetylmuramate-alanine ligase MurC and related ligases, MurC/Mpl family	AG-359-G17_00582	-1
CACBQD010000007.1	52199	53107	+	AG-359-G17_00582	AG-359-G17	302	OG0000330	K00075	UDP-N-acetylmuramate dehydrogenase [EC:1.3.1.98]	COG0812	MurB	UDP-N-acetylenolpyruvoylglucosamine reductase	AG-359-G17_00582	0
CACBQD010000007.1	53107	54027	+	AG-359-G17_00583	AG-359-G17	306	OG0000580	K01921	D-alanine-D-alanine ligase [EC:6.3.2.4]	COG1181	DdlA	D-alanine-D-alanine ligase or related ATP-grasp enzyme	AG-359-G17_00582	1
CACBQD010000007.1	54008	54697	+	AG-359-G17_00584	AG-359-G17	229	OG0000841	K03589	cell division protein FtsQ	COG1589	FtsQ	Cell division septal protein FtsQ	AG-359-G17_00582	2
CACBQD010000007.1	54690	55856	+	AG-359-G17_00585	AG-359-G17	388	OG0000537	K03590	cell division protein FtsA	COG0849	FtsA	Cell division ATPase FtsA	AG-359-G17_00582	3
CACBQD010000007.1	55919	56839	+	AG-359-G17_00586	AG-359-G17	306	OG0000300	K02535	UDP-3-O-[3-hydroxymyristoyl] N-acetylglucosamine deacetylase [EC:3.5.1.108]	COG0774	LpxC	UDP-3-O-acyl-N-acetylglucosamine deacetylase	AG-359-G17_00582	4
CACBQD010000007.1	56875	57714	+	AG-359-G17_00587	AG-359-G17	279	OG0000470	K05807	outer membrane protein assembly factor BamD	COG4105	BamD	Outer membrane protein assembly factor BamD, BamD/ComL family	AG-359-G17_00582	5
CACBQJ010000026.1	35	379	+	AG-359-G22_01019	AG-359-G22	114	OG0000817	NA	NA	COG0771	MurD	UDP-N-acetylmuramoylalanine-D-glutamate ligase	AG-359-G22_01023	-4
CACBQJ010000026.1	360	1487	+	AG-359-G22_01020	AG-359-G22	375	OG0000615	NA	NA	COG0772	FtsW	Peptodoglycan polymerase FtsW/RodA/SpoVE	AG-359-G22_01023	-3
CACBQJ010000026.1	1484	2548	+	AG-359-G22_01021	AG-359-G22	354	OG0000489	K02563	UDP-N-acetylglucosamine--N-acetylmuramyl-(pentapeptide) pyrophosphoryl-undecaprenol N-acetylglucosamine transferase [EC:2.4.1.227]	COG0707	MurG	UDP-N-acetylglucosamine:LPS N-acetylglucosamine transferase	AG-359-G22_01023	-2
CACBQJ010000026.1	2538	3932	+	AG-359-G22_01022	AG-359-G22	464	OG0000265	K01924	UDP-N-acetylmuramate--alanine ligase [EC:6.3.2.8]	COG0773	MurC	UDP-N-acetylmuramate-alanine ligase MurC and related ligases, MurC/Mpl family	AG-359-G22_01023	-1
CACBQJ010000026.1	3932	4840	+	AG-359-G22_01023	AG-359-G22	302	OG0000330	K00075	UDP-N-acetylmuramate dehydrogenase [EC:1.3.1.98]	COG0812	MurB	UDP-N-acetylenolpyruvoylglucosamine reductase	AG-359-G22_01023	0
CACBQJ010000026.1	4842	5756	+	AG-359-G22_01024	AG-359-G22	304	OG0000580	K01921	D-alanine-D-alanine ligase [EC:6.3.2.4]	COG1181	DdlA	D-alanine-D-alanine ligase or related ATP-grasp enzyme	AG-359-G22_01023	1
CACBWH010000006.1	27151	28236	+	AG-359-M21_01043	AG-359-M21	361	OG0000019	K01000	phospho-N-acetylmuramoyl-pentapeptide-transferase [EC:2.7.8.13]	COG0472	Rfe	UDP-N-acetylmuramyl pentapeptide phosphotransferase/UDP-N-acetylglucosamine-1-phosphate transferase/archaeal AglH	AG-359-M21_01048	-5
CACBWH010000006.1	28236	29531	+	AG-359-M21_01044	AG-359-M21	431	OG0000817	NA	NA	COG0771	MurD	UDP-N-acetylmuramoylalanine-D-glutamate ligase	AG-359-M21_01048	-4
CACBWH010000006.1	29521	30642	+	AG-359-M21_01045	AG-359-M21	373	OG0000615	NA	NA	COG0772	FtsW	Peptodoglycan polymerase FtsW/RodA/SpoVE	AG-359-M21_01048	-3
CACBWH010000006.1	30646	31713	+	AG-359-M21_01046	AG-359-M21	355	OG0000489	K02563	UDP-N-acetylglucosamine--N-acetylmuramyl-(pentapeptide) pyrophosphoryl-undecaprenol N-acetylglucosamine transferase [EC:2.4.1.227]	COG0707	MurG	UDP-N-acetylglucosamine:LPS N-acetylglucosamine transferase	AG-359-M21_01048	-2
CACBWH010000006.1	31703	33097	+	AG-359-M21_01047	AG-359-M21	464	OG0000265	K01924	UDP-N-acetylmuramate--alanine ligase [EC:6.3.2.8]	COG0773	MurC	UDP-N-acetylmuramate-alanine ligase MurC and related ligases, MurC/Mpl family	AG-359-M21_01048	-1
CACBWH010000006.1	33097	34002	+	AG-359-M21_01048	AG-359-M21	301	OG0000330	K00075	UDP-N-acetylmuramate dehydrogenase [EC:1.3.1.98]	COG0812	MurB	UDP-N-acetylenolpyruvoylglucosamine reductase	AG-359-M21_01048	0
CACBWH010000006.1	34004	34918	+	AG-359-M21_01049	AG-359-M21	304	OG0000580	K01921	D-alanine-D-alanine ligase [EC:6.3.2.4]	COG1181	DdlA	D-alanine-D-alanine ligase or related ATP-grasp enzyme	AG-359-M21_01048	1
CACBWH010000006.1	34899	35570	+	AG-359-M21_01050	AG-359-M21	223	OG0000841	K03589	cell division protein FtsQ	COG1589	FtsQ	Cell division septal protein FtsQ	AG-359-M21_01048	2
CACBWH010000006.1	35563	36267	+	AG-359-M21_01051	AG-359-M21	234	OG0000537	NA	NA	NA	NA	NA	AG-359-M21_01048	3
CACBWH010000006.1	36332	37252	+	AG-359-M21_01052	AG-359-M21	306	OG0000300	K02535	UDP-3-O-[3-hydroxymyristoyl] N-acetylglucosamine deacetylase [EC:3.5.1.108]	COG0774	LpxC	UDP-3-O-acyl-N-acetylglucosamine deacetylase	AG-359-M21_01048	4
CACBWH010000006.1	37301	38143	+	AG-359-M21_01053	AG-359-M21	280	OG0000470	K05807	outer membrane protein assembly factor BamD	COG4105	BamD	Outer membrane protein assembly factor BamD, BamD/ComL family	AG-359-M21_01048	5
CACBWZ010000008.1	49466	50551	+	AG-359-O11_00914	AG-359-O11	361	OG0000019	K01000	phospho-N-acetylmuramoyl-pentapeptide-transferase [EC:2.7.8.13]	COG0472	Rfe	UDP-N-acetylmuramyl pentapeptide phosphotransferase/UDP-N-acetylglucosamine-1-phosphate transferase/archaeal AglH	AG-359-O11_00919	-5
CACBWZ010000008.1	50551	51843	+	AG-359-O11_00915	AG-359-O11	430	OG0000817	NA	NA	COG0771	MurD	UDP-N-acetylmuramoylalanine-D-glutamate ligase	AG-359-O11_00919	-4
CACBWZ010000008.1	51840	52949	+	AG-359-O11_00916	AG-359-O11	369	OG0000615	NA	NA	COG0772	FtsW	Peptodoglycan polymerase FtsW/RodA/SpoVE	AG-359-O11_00919	-3
CACBWZ010000008.1	52951	54027	+	AG-359-O11_00917	AG-359-O11	358	OG0000489	K02563	UDP-N-acetylglucosamine--N-acetylmuramyl-(pentapeptide) pyrophosphoryl-undecaprenol N-acetylglucosamine transferase [EC:2.4.1.227]	COG0707	MurG	UDP-N-acetylglucosamine:LPS N-acetylglucosamine transferase	AG-359-O11_00919	-2
CACBWZ010000008.1	54017	55399	+	AG-359-O11_00918	AG-359-O11	460	OG0000265	K01924	UDP-N-acetylmuramate--alanine ligase [EC:6.3.2.8]	COG0773	MurC	UDP-N-acetylmuramate-alanine ligase MurC and related ligases, MurC/Mpl family	AG-359-O11_00919	-1
CACBWZ010000008.1	55401	56309	+	AG-359-O11_00919	AG-359-O11	302	OG0000330	K00075	UDP-N-acetylmuramate dehydrogenase [EC:1.3.1.98]	COG0812	MurB	UDP-N-acetylenolpyruvoylglucosamine reductase	AG-359-O11_00919	0
CACBWZ010000008.1	56309	57229	+	AG-359-O11_00920	AG-359-O11	306	OG0000580	K01921	D-alanine-D-alanine ligase [EC:6.3.2.4]	COG1181	DdlA	D-alanine-D-alanine ligase or related ATP-grasp enzyme	AG-359-O11_00919	1
CACBWZ010000008.1	57210	57908	+	AG-359-O11_00921	AG-359-O11	232	OG0000841	NA	NA	COG1589	FtsQ	Cell division septal protein FtsQ	AG-359-O11_00919	2
CACBWZ010000008.1	57892	59046	+	AG-359-O11_00922	AG-359-O11	384	OG0000537	NA	NA	COG0849	FtsA	Cell division ATPase FtsA	AG-359-O11_00919	3
CACBWZ010000008.1	59108	60028	+	AG-359-O11_00923	AG-359-O11	306	OG0000300	K02535	UDP-3-O-[3-hydroxymyristoyl] N-acetylglucosamine deacetylase [EC:3.5.1.108]	COG0774	LpxC	UDP-3-O-acyl-N-acetylglucosamine deacetylase	AG-359-O11_00919	4
CACBWZ010000008.1	60069	60902	+	AG-359-O11_00924	AG-359-O11	277	OG0000470	K05807	outer membrane protein assembly factor BamD	COG4105	BamD	Outer membrane protein assembly factor BamD, BamD/ComL family	AG-359-O11_00919	5
CACBYE010000012.1	551	1384	-	AG-359-P18_01111	AG-359-P18	277	OG0000470	K05807	outer membrane protein assembly factor BamD	COG4105	BamD	Outer membrane protein assembly factor BamD, BamD/ComL family	AG-359-P18_01116	-5
CACBYE010000012.1	1434	2354	-	AG-359-P18_01112	AG-359-P18	306	OG0000300	K02535	UDP-3-O-[3-hydroxymyristoyl] N-acetylglucosamine deacetylase [EC:3.5.1.108]	COG0774	LpxC	UDP-3-O-acyl-N-acetylglucosamine deacetylase	AG-359-P18_01116	-4
CACBYE010000012.1	2418	3119	-	AG-359-P18_01113	AG-359-P18	233	OG0000537	NA	NA	NA	NA	NA	AG-359-P18_01116	-3
CACBYE010000012.1	3109	3783	-	AG-359-P18_01114	AG-359-P18	224	OG0000841	K03589	cell division protein FtsQ	COG1589	FtsQ	Cell division septal protein FtsQ	AG-359-P18_01116	-2
CACBYE010000012.1	3764	4678	-	AG-359-P18_01115	AG-359-P18	304	OG0000580	K01921	D-alanine-D-alanine ligase [EC:6.3.2.4]	COG1181	DdlA	D-alanine-D-alanine ligase or related ATP-grasp enzyme	AG-359-P18_01116	-1
CACBYE010000012.1	4680	5588	-	AG-359-P18_01116	AG-359-P18	302	OG0000330	K00075	UDP-N-acetylmuramate dehydrogenase [EC:1.3.1.98]	COG0812	MurB	UDP-N-acetylenolpyruvoylglucosamine reductase	AG-359-P18_01116	0
CACBYE010000012.1	5588	6982	-	AG-359-P18_01117	AG-359-P18	464	OG0000265	K01924	UDP-N-acetylmuramate--alanine ligase [EC:6.3.2.8]	COG0773	MurC	UDP-N-acetylmuramate-alanine ligase MurC and related ligases, MurC/Mpl family	AG-359-P18_01116	1
CACBYE010000012.1	6972	8039	-	AG-359-P18_01118	AG-359-P18	355	OG0000489	K02563	UDP-N-acetylglucosamine--N-acetylmuramyl-(pentapeptide) pyrophosphoryl-undecaprenol N-acetylglucosamine transferase [EC:2.4.1.227]	COG0707	MurG	UDP-N-acetylglucosamine:LPS N-acetylglucosamine transferase	AG-359-P18_01116	2
CACBYE010000012.1	8044	9165	-	AG-359-P18_01119	AG-359-P18	373	OG0000615	NA	NA	COG0772	FtsW	Peptodoglycan polymerase FtsW/RodA/SpoVE	AG-359-P18_01116	3
CACBYE010000012.1	9146	10456	-	AG-359-P18_01120	AG-359-P18	436	OG0000817	NA	NA	COG0771	MurD	UDP-N-acetylmuramoylalanine-D-glutamate ligase	AG-359-P18_01116	4
CACBYE010000012.1	10456	10710	-	AG-359-P18_01121	AG-359-P18	84	OG0000019	NA	NA	COG0472	Rfe	UDP-N-acetylmuramyl pentapeptide phosphotransferase/UDP-N-acetylglucosamine-1-phosphate transferase/archaeal AglH	AG-359-P18_01116	5
CACCZZ010000001.1	137168	138007	-	AG-365-B19_00144	AG-365-B19	279	OG0000470	K05807	outer membrane protein assembly factor BamD	COG4105	BamD	Outer membrane protein assembly factor BamD, BamD/ComL family	AG-365-B19_00149	-5
CACCZZ010000001.1	138062	138991	-	AG-365-B19_00145	AG-365-B19	309	OG0000300	K02535	UDP-3-O-[3-hydroxymyristoyl] N-acetylglucosamine deacetylase [EC:3.5.1.108]	COG0774	LpxC	UDP-3-O-acyl-N-acetylglucosamine deacetylase	AG-365-B19_00149	-4
CACCZZ010000001.1	139064	140257	-	AG-365-B19_00146	AG-365-B19	397	OG0000537	K03590	cell division protein FtsA	COG0849	FtsA	Cell division ATPase FtsA	AG-365-B19_00149	-3
CACCZZ010000001.1	140264	140935	-	AG-365-B19_00147	AG-365-B19	223	OG0000841	K03589	cell division protein FtsQ	COG1589	FtsQ	Cell division septal protein FtsQ	AG-365-B19_00149	-2
CACCZZ010000001.1	140932	141861	-	AG-365-B19_00148	AG-365-B19	309	OG0000580	K01921	D-alanine-D-alanine ligase [EC:6.3.2.4]	COG1181	DdlA	D-alanine-D-alanine ligase or related ATP-grasp enzyme	AG-365-B19_00149	-1
CACCZZ010000001.1	141864	142727	-	AG-365-B19_00149	AG-365-B19	287	OG0000330	K00075	UDP-N-acetylmuramate dehydrogenase [EC:1.3.1.98]	COG0812	MurB	UDP-N-acetylenolpyruvoylglucosamine reductase	AG-365-B19_00149	0
CACCZZ010000001.1	142736	144127	-	AG-365-B19_00150	AG-365-B19	463	OG0000265	K01924	UDP-N-acetylmuramate--alanine ligase [EC:6.3.2.8]	COG0773	MurC	UDP-N-acetylmuramate-alanine ligase MurC and related ligases, MurC/Mpl family	AG-365-B19_00149	1
CACCZZ010000001.1	144124	145218	-	AG-365-B19_00151	AG-365-B19	364	OG0000489	K02563	UDP-N-acetylglucosamine--N-acetylmuramyl-(pentapeptide) pyrophosphoryl-undecaprenol N-acetylglucosamine transferase [EC:2.4.1.227]	COG0707	MurG	UDP-N-acetylglucosamine:LPS N-acetylglucosamine transferase	AG-365-B19_00149	2
CACCZZ010000001.1	145215	146330	-	AG-365-B19_00152	AG-365-B19	371	OG0000615	NA	NA	COG0772	FtsW	Peptodoglycan polymerase FtsW/RodA/SpoVE	AG-365-B19_00149	3
CACCZZ010000001.1	146340	147629	-	AG-365-B19_00153	AG-365-B19	429	OG0000817	NA	NA	COG0771	MurD	UDP-N-acetylmuramoylalanine-D-glutamate ligase	AG-365-B19_00149	4
CACCZZ010000001.1	147634	148719	-	AG-365-B19_00154	AG-365-B19	361	OG0000019	K01000	phospho-N-acetylmuramoyl-pentapeptide-transferase [EC:2.7.8.13]	COG0472	Rfe	UDP-N-acetylmuramyl pentapeptide phosphotransferase/UDP-N-acetylglucosamine-1-phosphate transferase/archaeal AglH	AG-365-B19_00149	5
CACDII010000002.1	111935	113518	+	AG-365-L04_00334	AG-365-L04	527	OG0001404	NA	NA	COG1807	ArnT	PMT family glycosyltransferase ArnT/Agl22, involved in glycosylation of proteins and lipid IVA	AG-365-L04_00339	-5
CACDII010000002.1	113515	114906	-	AG-365-L04_00335	AG-365-L04	463	OG0001860	NA	NA	NA	NA	NA	AG-365-L04_00339	-4
CACDII010000002.1	114952	115758	+	AG-365-L04_00336	AG-365-L04	268	OG0000007	NA	NA	NA	NA	NA	AG-365-L04_00339	-3
CACDII010000002.1	115739	116107	+	AG-365-L04_00337	AG-365-L04	122	OG0002684	NA	NA	NA	NA	NA	AG-365-L04_00339	-2
CACDII010000002.1	116048	117313	-	AG-365-L04_00338	AG-365-L04	421	OG0001175	NA	NA	COG0438	RfaB	Lipopolysaccharide 1,6-galactosyltransferase, GT1 family	AG-365-L04_00339	-1
CACDII010000002.1	117362	118270	+	AG-365-L04_00339	AG-365-L04	302	OG0000330	K00075	UDP-N-acetylmuramate dehydrogenase [EC:1.3.1.98]	COG0812	MurB	UDP-N-acetylenolpyruvoylglucosamine reductase	AG-365-L04_00339	0
CACDII010000002.1	118267	119187	+	AG-365-L04_00340	AG-365-L04	306	OG0000580	K01921	D-alanine-D-alanine ligase [EC:6.3.2.4]	COG1181	DdlA	D-alanine-D-alanine ligase or related ATP-grasp enzyme	AG-365-L04_00339	1
CACDII010000002.1	119168	119851	+	AG-365-L04_00341	AG-365-L04	227	OG0000841	K03589	cell division protein FtsQ	COG1589	FtsQ	Cell division septal protein FtsQ	AG-365-L04_00339	2
CACDII010000002.1	119848	120561	+	AG-365-L04_00342	AG-365-L04	237	OG0000537	NA	NA	COG0849	FtsA	Cell division ATPase FtsA	AG-365-L04_00339	3
CACDII010000002.1	120627	121547	+	AG-365-L04_00343	AG-365-L04	306	OG0000300	K02535	UDP-3-O-[3-hydroxymyristoyl] N-acetylglucosamine deacetylase [EC:3.5.1.108]	COG0774	LpxC	UDP-3-O-acyl-N-acetylglucosamine deacetylase	AG-365-L04_00339	4
CACDII010000002.1	121586	122425	+	AG-365-L04_00344	AG-365-L04	279	OG0000470	K05807	outer membrane protein assembly factor BamD	COG4105	BamD	Outer membrane protein assembly factor BamD, BamD/ComL family	AG-365-L04_00339	5
CACDRL010000014.1	35	949	-	AG-390-C17_01228	AG-390-C17	304	OG0000580	K01921	D-alanine-D-alanine ligase [EC:6.3.2.4]	COG1181	DdlA	D-alanine-D-alanine ligase or related ATP-grasp enzyme	AG-390-C17_01229	-1
CACDRL010000014.1	951	1856	-	AG-390-C17_01229	AG-390-C17	301	OG0000330	K00075	UDP-N-acetylmuramate dehydrogenase [EC:1.3.1.98]	COG0812	MurB	UDP-N-acetylenolpyruvoylglucosamine reductase	AG-390-C17_01229	0
CACDRL010000014.1	1856	3250	-	AG-390-C17_01230	AG-390-C17	464	OG0000265	K01924	UDP-N-acetylmuramate--alanine ligase [EC:6.3.2.8]	COG0773	MurC	UDP-N-acetylmuramate-alanine ligase MurC and related ligases, MurC/Mpl family	AG-390-C17_01229	1
CACDRL010000014.1	3240	4307	-	AG-390-C17_01231	AG-390-C17	355	OG0000489	K02563	UDP-N-acetylglucosamine--N-acetylmuramyl-(pentapeptide) pyrophosphoryl-undecaprenol N-acetylglucosamine transferase [EC:2.4.1.227]	COG0707	MurG	UDP-N-acetylglucosamine:LPS N-acetylglucosamine transferase	AG-390-C17_01229	2
CACDRL010000014.1	4311	5429	-	AG-390-C17_01232	AG-390-C17	372	OG0000615	NA	NA	COG0772	FtsW	Peptodoglycan polymerase FtsW/RodA/SpoVE	AG-390-C17_01229	3
CACDRL010000014.1	5419	6702	-	AG-390-C17_01233	AG-390-C17	427	OG0000817	NA	NA	COG0771	MurD	UDP-N-acetylmuramoylalanine-D-glutamate ligase	AG-390-C17_01229	4
CACDRL010000014.1	6702	7787	-	AG-390-C17_01234	AG-390-C17	361	OG0000019	K01000	phospho-N-acetylmuramoyl-pentapeptide-transferase [EC:2.7.8.13]	COG0472	Rfe	UDP-N-acetylmuramyl pentapeptide phosphotransferase/UDP-N-acetylglucosamine-1-phosphate transferase/archaeal AglH	AG-390-C17_01229	5
CACDSN010000006.1	44498	45583	+	AG-390-C19_00539	AG-390-C19	361	OG0000019	K01000	phospho-N-acetylmuramoyl-pentapeptide-transferase [EC:2.7.8.13]	COG0472	Rfe	UDP-N-acetylmuramyl pentapeptide phosphotransferase/UDP-N-acetylglucosamine-1-phosphate transferase/archaeal AglH	AG-390-C19_00544	-5
CACDSN010000006.1	45583	46890	+	AG-390-C19_00540	AG-390-C19	435	OG0000817	NA	NA	COG0771	MurD	UDP-N-acetylmuramoylalanine-D-glutamate ligase	AG-390-C19_00544	-4
CACDSN010000006.1	46880	47998	+	AG-390-C19_00541	AG-390-C19	372	OG0000615	NA	NA	COG0772	FtsW	Peptodoglycan polymerase FtsW/RodA/SpoVE	AG-390-C19_00544	-3
CACDSN010000006.1	47999	49093	+	AG-390-C19_00542	AG-390-C19	364	OG0000489	K02563	UDP-N-acetylglucosamine--N-acetylmuramyl-(pentapeptide) pyrophosphoryl-undecaprenol N-acetylglucosamine transferase [EC:2.4.1.227]	COG0707	MurG	UDP-N-acetylglucosamine:LPS N-acetylglucosamine transferase	AG-390-C19_00544	-2
CACDSN010000006.1	49083	50480	+	AG-390-C19_00543	AG-390-C19	465	OG0000265	K01924	UDP-N-acetylmuramate--alanine ligase [EC:6.3.2.8]	COG0773	MurC	UDP-N-acetylmuramate-alanine ligase MurC and related ligases, MurC/Mpl family	AG-390-C19_00544	-1
CACDSN010000006.1	50477	51394	+	AG-390-C19_00544	AG-390-C19	305	OG0000330	K00075	UDP-N-acetylmuramate dehydrogenase [EC:1.3.1.98]	COG0812	MurB	UDP-N-acetylenolpyruvoylglucosamine reductase	AG-390-C19_00544	0
CACDSN010000006.1	51397	52314	+	AG-390-C19_00545	AG-390-C19	305	OG0000580	K01921	D-alanine-D-alanine ligase [EC:6.3.2.4]	COG1181	DdlA	D-alanine-D-alanine ligase or related ATP-grasp enzyme	AG-390-C19_00544	1
CACDSN010000006.1	52292	52978	+	AG-390-C19_00546	AG-390-C19	228	OG0000841	K03589	cell division protein FtsQ	COG1589	FtsQ	Cell division septal protein FtsQ	AG-390-C19_00544	2
CACDSN010000006.1	52975	54117	+	AG-390-C19_00547	AG-390-C19	380	OG0000537	NA	NA	COG0849	FtsA	Cell division ATPase FtsA	AG-390-C19_00544	3
CACDSN010000006.1	54177	55097	+	AG-390-C19_00548	AG-390-C19	306	OG0000300	K02535	UDP-3-O-[3-hydroxymyristoyl] N-acetylglucosamine deacetylase [EC:3.5.1.108]	COG0774	LpxC	UDP-3-O-acyl-N-acetylglucosamine deacetylase	AG-390-C19_00544	4
CACDSN010000006.1	55137	55973	+	AG-390-C19_00549	AG-390-C19	278	OG0000470	K05807	outer membrane protein assembly factor BamD	COG4105	BamD	Outer membrane protein assembly factor BamD, BamD/ComL family	AG-390-C19_00544	5
CACDTD010000002.1	127398	128222	-	AG-390-C22_00339	AG-390-C22	274	OG0000470	K05807	outer membrane protein assembly factor BamD	COG4105	BamD	Outer membrane protein assembly factor BamD, BamD/ComL family	AG-390-C22_00344	-5
CACDTD010000002.1	128269	129195	-	AG-390-C22_00340	AG-390-C22	308	OG0000300	K02535	UDP-3-O-[3-hydroxymyristoyl] N-acetylglucosamine deacetylase [EC:3.5.1.108]	COG0774	LpxC	UDP-3-O-acyl-N-acetylglucosamine deacetylase	AG-390-C22_00344	-4
CACDTD010000002.1	129262	130467	-	AG-390-C22_00341	AG-390-C22	401	OG0000537	NA	NA	COG0849	FtsA	Cell division ATPase FtsA	AG-390-C22_00344	-3
CACDTD010000002.1	130471	131130	-	AG-390-C22_00342	AG-390-C22	219	OG0000841	K03589	cell division protein FtsQ	COG1589	FtsQ	Cell division septal protein FtsQ	AG-390-C22_00344	-2
CACDTD010000002.1	131127	132056	-	AG-390-C22_00343	AG-390-C22	309	OG0000580	K01921	D-alanine-D-alanine ligase [EC:6.3.2.4]	COG1181	DdlA	D-alanine-D-alanine ligase or related ATP-grasp enzyme	AG-390-C22_00344	-1
CACDTD010000002.1	132046	132954	-	AG-390-C22_00344	AG-390-C22	302	OG0000330	K00075	UDP-N-acetylmuramate dehydrogenase [EC:1.3.1.98]	COG0812	MurB	UDP-N-acetylenolpyruvoylglucosamine reductase	AG-390-C22_00344	0
CACDTD010000002.1	132951	134348	-	AG-390-C22_00345	AG-390-C22	465	OG0000265	K01924	UDP-N-acetylmuramate--alanine ligase [EC:6.3.2.8]	COG0773	MurC	UDP-N-acetylmuramate-alanine ligase MurC and related ligases, MurC/Mpl family	AG-390-C22_00344	1
CACDTD010000002.1	134335	135435	-	AG-390-C22_00346	AG-390-C22	366	OG0000489	K02563	UDP-N-acetylglucosamine--N-acetylmuramyl-(pentapeptide) pyrophosphoryl-undecaprenol N-acetylglucosamine transferase [EC:2.4.1.227]	COG0707	MurG	UDP-N-acetylglucosamine:LPS N-acetylglucosamine transferase	AG-390-C22_00344	2
CACDTD010000002.1	135428	136555	-	AG-390-C22_00347	AG-390-C22	375	OG0000615	NA	NA	COG0772	FtsW	Peptodoglycan polymerase FtsW/RodA/SpoVE	AG-390-C22_00344	3
CACDTD010000002.1	136536	137828	-	AG-390-C22_00348	AG-390-C22	430	OG0000817	NA	NA	COG0771	MurD	UDP-N-acetylmuramoylalanine-D-glutamate ligase	AG-390-C22_00344	4
CACDTD010000002.1	137832	138917	-	AG-390-C22_00349	AG-390-C22	361	OG0000019	K01000	phospho-N-acetylmuramoyl-pentapeptide-transferase [EC:2.7.8.13]	COG0472	Rfe	UDP-N-acetylmuramyl pentapeptide phosphotransferase/UDP-N-acetylglucosamine-1-phosphate transferase/archaeal AglH	AG-390-C22_00344	5
CACDTA010000004.1	14	499	+	AG-390-D02_00654	AG-390-D02	161	OG0000489	NA	NA	COG0707	MurG	UDP-N-acetylglucosamine:LPS N-acetylglucosamine transferase	AG-390-D02_00656	-2
CACDTA010000004.1	489	1883	+	AG-390-D02_00655	AG-390-D02	464	OG0000265	K01924	UDP-N-acetylmuramate--alanine ligase [EC:6.3.2.8]	COG0773	MurC	UDP-N-acetylmuramate-alanine ligase MurC and related ligases, MurC/Mpl family	AG-390-D02_00656	-1
CACDTA010000004.1	1883	2791	+	AG-390-D02_00656	AG-390-D02	302	OG0000330	K00075	UDP-N-acetylmuramate dehydrogenase [EC:1.3.1.98]	COG0812	MurB	UDP-N-acetylenolpyruvoylglucosamine reductase	AG-390-D02_00656	0
CACDTA010000004.1	2793	3707	+	AG-390-D02_00657	AG-390-D02	304	OG0000580	K01921	D-alanine-D-alanine ligase [EC:6.3.2.4]	COG1181	DdlA	D-alanine-D-alanine ligase or related ATP-grasp enzyme	AG-390-D02_00656	1
CACDTA010000004.1	3688	4356	+	AG-390-D02_00658	AG-390-D02	222	OG0000841	K03589	cell division protein FtsQ	COG1589	FtsQ	Cell division septal protein FtsQ	AG-390-D02_00656	2
CACDTA010000004.1	4349	5053	+	AG-390-D02_00659	AG-390-D02	234	OG0000537	NA	NA	NA	NA	NA	AG-390-D02_00656	3
CACDTA010000004.1	5117	6037	+	AG-390-D02_00660	AG-390-D02	306	OG0000300	K02535	UDP-3-O-[3-hydroxymyristoyl] N-acetylglucosamine deacetylase [EC:3.5.1.108]	COG0774	LpxC	UDP-3-O-acyl-N-acetylglucosamine deacetylase	AG-390-D02_00656	4
CACDTA010000004.1	6085	6933	+	AG-390-D02_00661	AG-390-D02	282	OG0000470	K05807	outer membrane protein assembly factor BamD	COG4105	BamD	Outer membrane protein assembly factor BamD, BamD/ComL family	AG-390-D02_00656	5
CACDTN010000006.1	117	722	+	AG-390-D15_00665	AG-390-D15	201	OG0000489	NA	NA	COG0707	MurG	UDP-N-acetylglucosamine:LPS N-acetylglucosamine transferase	AG-390-D15_00667	-2
CACDTN010000006.1	712	2106	+	AG-390-D15_00666	AG-390-D15	464	OG0000265	K01924	UDP-N-acetylmuramate--alanine ligase [EC:6.3.2.8]	COG0773	MurC	UDP-N-acetylmuramate-alanine ligase MurC and related ligases, MurC/Mpl family	AG-390-D15_00667	-1
CACDTN010000006.1	2106	3014	+	AG-390-D15_00667	AG-390-D15	302	OG0000330	K00075	UDP-N-acetylmuramate dehydrogenase [EC:1.3.1.98]	COG0812	MurB	UDP-N-acetylenolpyruvoylglucosamine reductase	AG-390-D15_00667	0
CACDTN010000006.1	3016	3930	+	AG-390-D15_00668	AG-390-D15	304	OG0000580	K01921	D-alanine-D-alanine ligase [EC:6.3.2.4]	COG1181	DdlA	D-alanine-D-alanine ligase or related ATP-grasp enzyme	AG-390-D15_00667	1
CACDTN010000006.1	3911	4579	+	AG-390-D15_00669	AG-390-D15	222	OG0000841	K03589	cell division protein FtsQ	COG1589	FtsQ	Cell division septal protein FtsQ	AG-390-D15_00667	2
CACDTN010000006.1	4572	5276	+	AG-390-D15_00670	AG-390-D15	234	OG0000537	NA	NA	NA	NA	NA	AG-390-D15_00667	3
CACDTN010000006.1	5340	6260	+	AG-390-D15_00671	AG-390-D15	306	OG0000300	K02535	UDP-3-O-[3-hydroxymyristoyl] N-acetylglucosamine deacetylase [EC:3.5.1.108]	COG0774	LpxC	UDP-3-O-acyl-N-acetylglucosamine deacetylase	AG-390-D15_00667	4
CACDTN010000006.1	6308	7156	+	AG-390-D15_00672	AG-390-D15	282	OG0000470	K05807	outer membrane protein assembly factor BamD	COG4105	BamD	Outer membrane protein assembly factor BamD, BamD/ComL family	AG-390-D15_00667	5
CACDUS010000006.1	21893	22732	-	AG-390-E04_00690	AG-390-E04	279	OG0000470	K05807	outer membrane protein assembly factor BamD	COG4105	BamD	Outer membrane protein assembly factor BamD, BamD/ComL family	AG-390-E04_00695	-5
CACDUS010000006.1	22761	23681	-	AG-390-E04_00691	AG-390-E04	306	OG0000300	K02535	UDP-3-O-[3-hydroxymyristoyl] N-acetylglucosamine deacetylase [EC:3.5.1.108]	COG0774	LpxC	UDP-3-O-acyl-N-acetylglucosamine deacetylase	AG-390-E04_00695	-4
CACDUS010000006.1	23746	24447	-	AG-390-E04_00692	AG-390-E04	233	OG0000537	NA	NA	COG0849	FtsA	Cell division ATPase FtsA	AG-390-E04_00695	-3
CACDUS010000006.1	24440	25111	-	AG-390-E04_00693	AG-390-E04	223	OG0000841	K03589	cell division protein FtsQ	COG1589	FtsQ	Cell division septal protein FtsQ	AG-390-E04_00695	-2
CACDUS010000006.1	25092	26006	-	AG-390-E04_00694	AG-390-E04	304	OG0000580	K01921	D-alanine-D-alanine ligase [EC:6.3.2.4]	COG1181	DdlA	D-alanine-D-alanine ligase or related ATP-grasp enzyme	AG-390-E04_00695	-1
CACDUS010000006.1	26008	26916	-	AG-390-E04_00695	AG-390-E04	302	OG0000330	K00075	UDP-N-acetylmuramate dehydrogenase [EC:1.3.1.98]	COG0812	MurB	UDP-N-acetylenolpyruvoylglucosamine reductase	AG-390-E04_00695	0
CACDUS010000006.1	26916	28310	-	AG-390-E04_00696	AG-390-E04	464	OG0000265	K01924	UDP-N-acetylmuramate--alanine ligase [EC:6.3.2.8]	COG0773	MurC	UDP-N-acetylmuramate-alanine ligase MurC and related ligases, MurC/Mpl family	AG-390-E04_00695	1
CACDUS010000006.1	28300	29364	-	AG-390-E04_00697	AG-390-E04	354	OG0000489	K02563	UDP-N-acetylglucosamine--N-acetylmuramyl-(pentapeptide) pyrophosphoryl-undecaprenol N-acetylglucosamine transferase [EC:2.4.1.227]	COG0707	MurG	UDP-N-acetylglucosamine:LPS N-acetylglucosamine transferase	AG-390-E04_00695	2
CACDUS010000006.1	29365	30489	-	AG-390-E04_00698	AG-390-E04	374	OG0000615	NA	NA	COG0772	FtsW	Peptodoglycan polymerase FtsW/RodA/SpoVE	AG-390-E04_00695	3
CACDUS010000006.1	30479	31774	-	AG-390-E04_00699	AG-390-E04	431	OG0000817	NA	NA	COG0771	MurD	UDP-N-acetylmuramoylalanine-D-glutamate ligase	AG-390-E04_00695	4
CACDUS010000006.1	31774	32859	-	AG-390-E04_00700	AG-390-E04	361	OG0000019	K01000	phospho-N-acetylmuramoyl-pentapeptide-transferase [EC:2.7.8.13]	COG0472	Rfe	UDP-N-acetylmuramyl pentapeptide phosphotransferase/UDP-N-acetylglucosamine-1-phosphate transferase/archaeal AglH	AG-390-E04_00695	5
CACDYK010000001.1	142600	143685	+	AG-390-G11_00153	AG-390-G11	361	OG0000019	K01000	phospho-N-acetylmuramoyl-pentapeptide-transferase [EC:2.7.8.13]	COG0472	Rfe	UDP-N-acetylmuramyl pentapeptide phosphotransferase/UDP-N-acetylglucosamine-1-phosphate transferase/archaeal AglH	AG-390-G11_00158	-5
CACDYK010000001.1	143685	145001	+	AG-390-G11_00154	AG-390-G11	438	OG0000817	NA	NA	COG0771	MurD	UDP-N-acetylmuramoylalanine-D-glutamate ligase	AG-390-G11_00158	-4
CACDYK010000001.1	144976	146103	+	AG-390-G11_00155	AG-390-G11	375	OG0000615	NA	NA	COG0772	FtsW	Peptodoglycan polymerase FtsW/RodA/SpoVE	AG-390-G11_00158	-3
CACDYK010000001.1	146104	147171	+	AG-390-G11_00156	AG-390-G11	355	OG0000489	K02563	UDP-N-acetylglucosamine--N-acetylmuramyl-(pentapeptide) pyrophosphoryl-undecaprenol N-acetylglucosamine transferase [EC:2.4.1.227]	COG0707	MurG	UDP-N-acetylglucosamine:LPS N-acetylglucosamine transferase	AG-390-G11_00158	-2
CACDYK010000001.1	147161	148555	+	AG-390-G11_00157	AG-390-G11	464	OG0000265	K01924	UDP-N-acetylmuramate--alanine ligase [EC:6.3.2.8]	COG0773	MurC	UDP-N-acetylmuramate-alanine ligase MurC and related ligases, MurC/Mpl family	AG-390-G11_00158	-1
CACDYK010000001.1	148561	149460	+	AG-390-G11_00158	AG-390-G11	299	OG0000330	K00075	UDP-N-acetylmuramate dehydrogenase [EC:1.3.1.98]	COG0812	MurB	UDP-N-acetylenolpyruvoylglucosamine reductase	AG-390-G11_00158	0
CACDYK010000001.1	149462	150376	+	AG-390-G11_00159	AG-390-G11	304	OG0000580	K01921	D-alanine-D-alanine ligase [EC:6.3.2.4]	COG1181	DdlA	D-alanine-D-alanine ligase or related ATP-grasp enzyme	AG-390-G11_00158	1
CACDYK010000001.1	150357	151022	+	AG-390-G11_00160	AG-390-G11	221	OG0000841	K03589	cell division protein FtsQ	COG1589	FtsQ	Cell division septal protein FtsQ	AG-390-G11_00158	2
CACDYK010000001.1	151006	151701	+	AG-390-G11_00161	AG-390-G11	231	OG0000537	NA	NA	NA	NA	NA	AG-390-G11_00158	3
CACDYK010000001.1	151766	152686	+	AG-390-G11_00162	AG-390-G11	306	OG0000300	K02535	UDP-3-O-[3-hydroxymyristoyl] N-acetylglucosamine deacetylase [EC:3.5.1.108]	COG0774	LpxC	UDP-3-O-acyl-N-acetylglucosamine deacetylase	AG-390-G11_00158	4
CACDYK010000001.1	152733	153572	+	AG-390-G11_00163	AG-390-G11	279	OG0000470	K05807	outer membrane protein assembly factor BamD	COG4105	BamD	Outer membrane protein assembly factor BamD, BamD/ComL family	AG-390-G11_00158	5
CACDYL010000017.1	796	1704	-	AG-390-G13_01019	AG-390-G13	302	OG0000330	K00075	UDP-N-acetylmuramate dehydrogenase [EC:1.3.1.98]	COG0812	MurB	UDP-N-acetylenolpyruvoylglucosamine reductase	AG-390-G13_01019	0
CACDYL010000017.1	1704	3098	-	AG-390-G13_01020	AG-390-G13	464	OG0000265	K01924	UDP-N-acetylmuramate--alanine ligase [EC:6.3.2.8]	COG0773	MurC	UDP-N-acetylmuramate-alanine ligase MurC and related ligases, MurC/Mpl family	AG-390-G13_01019	1
CACDYL010000017.1	3088	4164	-	AG-390-G13_01021	AG-390-G13	358	OG0000489	K02563	UDP-N-acetylglucosamine--N-acetylmuramyl-(pentapeptide) pyrophosphoryl-undecaprenol N-acetylglucosamine transferase [EC:2.4.1.227]	COG0707	MurG	UDP-N-acetylglucosamine:LPS N-acetylglucosamine transferase	AG-390-G13_01019	2
CACDYL010000017.1	4161	5285	-	AG-390-G13_01022	AG-390-G13	374	OG0000615	NA	NA	COG0772	FtsW	Peptodoglycan polymerase FtsW/RodA/SpoVE	AG-390-G13_01019	3
CACDYL010000017.1	5282	6589	-	AG-390-G13_01023	AG-390-G13	435	OG0000817	NA	NA	COG0771	MurD	UDP-N-acetylmuramoylalanine-D-glutamate ligase	AG-390-G13_01019	4
CACDYL010000017.1	6589	7674	-	AG-390-G13_01024	AG-390-G13	361	OG0000019	K01000	phospho-N-acetylmuramoyl-pentapeptide-transferase [EC:2.7.8.13]	COG0472	Rfe	UDP-N-acetylmuramyl pentapeptide phosphotransferase/UDP-N-acetylglucosamine-1-phosphate transferase/archaeal AglH	AG-390-G13_01019	5
CACDYR010000001.1	157543	158397	-	AG-390-G23_00169	AG-390-G23	284	OG0000470	K05807	outer membrane protein assembly factor BamD	COG4105	BamD	Outer membrane protein assembly factor BamD, BamD/ComL family	AG-390-G23_00174	-5
CACDYR010000001.1	158447	159367	-	AG-390-G23_00170	AG-390-G23	306	OG0000300	K02535	UDP-3-O-[3-hydroxymyristoyl] N-acetylglucosamine deacetylase [EC:3.5.1.108]	COG0774	LpxC	UDP-3-O-acyl-N-acetylglucosamine deacetylase	AG-390-G23_00174	-4
CACDYR010000001.1	159432	160136	-	AG-390-G23_00171	AG-390-G23	234	OG0000537	NA	NA	NA	NA	NA	AG-390-G23_00174	-3
CACDYR010000001.1	160129	160800	-	AG-390-G23_00172	AG-390-G23	223	OG0000841	K03589	cell division protein FtsQ	COG1589	FtsQ	Cell division septal protein FtsQ	AG-390-G23_00174	-2
CACDYR010000001.1	160781	161695	-	AG-390-G23_00173	AG-390-G23	304	OG0000580	K01921	D-alanine-D-alanine ligase [EC:6.3.2.4]	COG1181	DdlA	D-alanine-D-alanine ligase or related ATP-grasp enzyme	AG-390-G23_00174	-1
CACDYR010000001.1	161697	162602	-	AG-390-G23_00174	AG-390-G23	301	OG0000330	K00075	UDP-N-acetylmuramate dehydrogenase [EC:1.3.1.98]	COG0812	MurB	UDP-N-acetylenolpyruvoylglucosamine reductase	AG-390-G23_00174	0
CACDYR010000001.1	162599	163996	-	AG-390-G23_00175	AG-390-G23	465	OG0000265	K01924	UDP-N-acetylmuramate--alanine ligase [EC:6.3.2.8]	COG0773	MurC	UDP-N-acetylmuramate-alanine ligase MurC and related ligases, MurC/Mpl family	AG-390-G23_00174	1
CACDYR010000001.1	163986	165050	-	AG-390-G23_00176	AG-390-G23	354	OG0000489	K02563	UDP-N-acetylglucosamine--N-acetylmuramyl-(pentapeptide) pyrophosphoryl-undecaprenol N-acetylglucosamine transferase [EC:2.4.1.227]	COG0707	MurG	UDP-N-acetylglucosamine:LPS N-acetylglucosamine transferase	AG-390-G23_00174	2
CACDYR010000001.1	165054	166175	-	AG-390-G23_00177	AG-390-G23	373	OG0000615	NA	NA	COG0772	FtsW	Peptodoglycan polymerase FtsW/RodA/SpoVE	AG-390-G23_00174	3
CACDYR010000001.1	166162	167460	-	AG-390-G23_00178	AG-390-G23	432	OG0000817	NA	NA	COG0771	MurD	UDP-N-acetylmuramoylalanine-D-glutamate ligase	AG-390-G23_00174	4
CACDYR010000001.1	167460	168545	-	AG-390-G23_00179	AG-390-G23	361	OG0000019	K01000	phospho-N-acetylmuramoyl-pentapeptide-transferase [EC:2.7.8.13]	COG0472	Rfe	UDP-N-acetylmuramyl pentapeptide phosphotransferase/UDP-N-acetylglucosamine-1-phosphate transferase/archaeal AglH	AG-390-G23_00174	5
CACDZS010000015.1	4291	5376	+	AG-390-I15_01098	AG-390-I15	361	OG0000019	K01000	phospho-N-acetylmuramoyl-pentapeptide-transferase [EC:2.7.8.13]	COG0472	Rfe	UDP-N-acetylmuramyl pentapeptide phosphotransferase/UDP-N-acetylglucosamine-1-phosphate transferase/archaeal AglH	AG-390-I15_01103	-5
CACDZS010000015.1	5376	6674	+	AG-390-I15_01099	AG-390-I15	432	OG0000817	NA	NA	COG0771	MurD	UDP-N-acetylmuramoylalanine-D-glutamate ligase	AG-390-I15_01103	-4
CACDZS010000015.1	6661	7782	+	AG-390-I15_01100	AG-390-I15	373	OG0000615	NA	NA	COG0772	FtsW	Peptodoglycan polymerase FtsW/RodA/SpoVE	AG-390-I15_01103	-3
CACDZS010000015.1	7786	8853	+	AG-390-I15_01101	AG-390-I15	355	OG0000489	K02563	UDP-N-acetylglucosamine--N-acetylmuramyl-(pentapeptide) pyrophosphoryl-undecaprenol N-acetylglucosamine transferase [EC:2.4.1.227]	COG0707	MurG	UDP-N-acetylglucosamine:LPS N-acetylglucosamine transferase	AG-390-I15_01103	-2
CACDZS010000015.1	8843	10237	+	AG-390-I15_01102	AG-390-I15	464	OG0000265	K01924	UDP-N-acetylmuramate--alanine ligase [EC:6.3.2.8]	COG0773	MurC	UDP-N-acetylmuramate-alanine ligase MurC and related ligases, MurC/Mpl family	AG-390-I15_01103	-1
CACDZS010000015.1	10237	11142	+	AG-390-I15_01103	AG-390-I15	301	OG0000330	K00075	UDP-N-acetylmuramate dehydrogenase [EC:1.3.1.98]	COG0812	MurB	UDP-N-acetylenolpyruvoylglucosamine reductase	AG-390-I15_01103	0
CACDZS010000015.1	11144	12058	+	AG-390-I15_01104	AG-390-I15	304	OG0000580	K01921	D-alanine-D-alanine ligase [EC:6.3.2.4]	COG1181	DdlA	D-alanine-D-alanine ligase or related ATP-grasp enzyme	AG-390-I15_01103	1
CACDZS010000015.1	12039	12707	+	AG-390-I15_01105	AG-390-I15	222	OG0000841	K03589	cell division protein FtsQ	COG1589	FtsQ	Cell division septal protein FtsQ	AG-390-I15_01103	2
CACEAT010000007.1	31740	32825	+	AG-390-J13_01021	AG-390-J13	361	OG0000019	K01000	phospho-N-acetylmuramoyl-pentapeptide-transferase [EC:2.7.8.13]	COG0472	Rfe	UDP-N-acetylmuramyl pentapeptide phosphotransferase/UDP-N-acetylglucosamine-1-phosphate transferase/archaeal AglH	AG-390-J13_01026	-5
CACEAT010000007.1	32825	34120	+	AG-390-J13_01022	AG-390-J13	431	OG0000817	NA	NA	COG0771	MurD	UDP-N-acetylmuramoylalanine-D-glutamate ligase	AG-390-J13_01026	-4
CACEAT010000007.1	34110	35234	+	AG-390-J13_01023	AG-390-J13	374	OG0000615	NA	NA	COG0772	FtsW	Peptodoglycan polymerase FtsW/RodA/SpoVE	AG-390-J13_01026	-3
CACEAT010000007.1	35236	36300	+	AG-390-J13_01024	AG-390-J13	354	OG0000489	K02563	UDP-N-acetylglucosamine--N-acetylmuramyl-(pentapeptide) pyrophosphoryl-undecaprenol N-acetylglucosamine transferase [EC:2.4.1.227]	COG0707	MurG	UDP-N-acetylglucosamine:LPS N-acetylglucosamine transferase	AG-390-J13_01026	-2
CACEAT010000007.1	36290	37684	+	AG-390-J13_01025	AG-390-J13	464	OG0000265	K01924	UDP-N-acetylmuramate--alanine ligase [EC:6.3.2.8]	COG0773	MurC	UDP-N-acetylmuramate-alanine ligase MurC and related ligases, MurC/Mpl family	AG-390-J13_01026	-1
CACEAT010000007.1	37684	38592	+	AG-390-J13_01026	AG-390-J13	302	OG0000330	K00075	UDP-N-acetylmuramate dehydrogenase [EC:1.3.1.98]	COG0812	MurB	UDP-N-acetylenolpyruvoylglucosamine reductase	AG-390-J13_01026	0
CACEAT010000007.1	38594	39508	+	AG-390-J13_01027	AG-390-J13	304	OG0000580	K01921	D-alanine-D-alanine ligase [EC:6.3.2.4]	COG1181	DdlA	D-alanine-D-alanine ligase or related ATP-grasp enzyme	AG-390-J13_01026	1
CACEAT010000007.1	39489	40157	+	AG-390-J13_01028	AG-390-J13	222	OG0000841	K03589	cell division protein FtsQ	COG1589	FtsQ	Cell division septal protein FtsQ	AG-390-J13_01026	2
CACEAT010000007.1	40150	40854	+	AG-390-J13_01029	AG-390-J13	234	OG0000537	NA	NA	NA	NA	NA	AG-390-J13_01026	3
CACEAT010000007.1	40918	41838	+	AG-390-J13_01030	AG-390-J13	306	OG0000300	K02535	UDP-3-O-[3-hydroxymyristoyl] N-acetylglucosamine deacetylase [EC:3.5.1.108]	COG0774	LpxC	UDP-3-O-acyl-N-acetylglucosamine deacetylase	AG-390-J13_01026	4
CACEAT010000007.1	41886	42734	+	AG-390-J13_01031	AG-390-J13	282	OG0000470	K05807	outer membrane protein assembly factor BamD	COG4105	BamD	Outer membrane protein assembly factor BamD, BamD/ComL family	AG-390-J13_01026	5
CACEBH010000001.1	433422	434507	+	AG-390-J21_00471	AG-390-J21	361	OG0000019	K01000	phospho-N-acetylmuramoyl-pentapeptide-transferase [EC:2.7.8.13]	COG0472	Rfe	UDP-N-acetylmuramyl pentapeptide phosphotransferase/UDP-N-acetylglucosamine-1-phosphate transferase/archaeal AglH	AG-390-J21_00476	-5
CACEBH010000001.1	434504	435790	+	AG-390-J21_00472	AG-390-J21	428	OG0000817	NA	NA	COG0771	MurD	UDP-N-acetylmuramoylalanine-D-glutamate ligase	AG-390-J21_00476	-4
CACEBH010000001.1	435780	436913	+	AG-390-J21_00473	AG-390-J21	377	OG0000615	NA	NA	COG0772	FtsW	Peptodoglycan polymerase FtsW/RodA/SpoVE	AG-390-J21_00476	-3
CACEBH010000001.1	436906	437970	+	AG-390-J21_00474	AG-390-J21	354	OG0000489	K02563	UDP-N-acetylglucosamine--N-acetylmuramyl-(pentapeptide) pyrophosphoryl-undecaprenol N-acetylglucosamine transferase [EC:2.4.1.227]	COG0707	MurG	UDP-N-acetylglucosamine:LPS N-acetylglucosamine transferase	AG-390-J21_00476	-2
CACEBH010000001.1	437960	439354	+	AG-390-J21_00475	AG-390-J21	464	OG0000265	K01924	UDP-N-acetylmuramate--alanine ligase [EC:6.3.2.8]	COG0773	MurC	UDP-N-acetylmuramate-alanine ligase MurC and related ligases, MurC/Mpl family	AG-390-J21_00476	-1
CACEBH010000001.1	439354	440262	+	AG-390-J21_00476	AG-390-J21	302	OG0000330	K00075	UDP-N-acetylmuramate dehydrogenase [EC:1.3.1.98]	COG0812	MurB	UDP-N-acetylenolpyruvoylglucosamine reductase	AG-390-J21_00476	0
CACEBH010000001.1	440264	441175	+	AG-390-J21_00477	AG-390-J21	303	OG0000580	K01921	D-alanine-D-alanine ligase [EC:6.3.2.4]	COG1181	DdlA	D-alanine-D-alanine ligase or related ATP-grasp enzyme	AG-390-J21_00476	1
CACEBH010000001.1	441156	441824	+	AG-390-J21_00478	AG-390-J21	222	OG0000841	K03589	cell division protein FtsQ	COG1589	FtsQ	Cell division septal protein FtsQ	AG-390-J21_00476	2
CACEBH010000001.1	441817	442521	+	AG-390-J21_00479	AG-390-J21	234	OG0000537	NA	NA	NA	NA	NA	AG-390-J21_00476	3
CACEBH010000001.1	442587	443507	+	AG-390-J21_00480	AG-390-J21	306	OG0000300	K02535	UDP-3-O-[3-hydroxymyristoyl] N-acetylglucosamine deacetylase [EC:3.5.1.108]	COG0774	LpxC	UDP-3-O-acyl-N-acetylglucosamine deacetylase	AG-390-J21_00476	4
CACEBH010000001.1	443555	444403	+	AG-390-J21_00481	AG-390-J21	282	OG0000470	K05807	outer membrane protein assembly factor BamD	COG4105	BamD	Outer membrane protein assembly factor BamD, BamD/ComL family	AG-390-J21_00476	5
CACEDD010000001.1	115551	116390	-	AG-390-L03_00116	AG-390-L03	279	OG0000470	K05807	outer membrane protein assembly factor BamD	COG4105	BamD	Outer membrane protein assembly factor BamD, BamD/ComL family	AG-390-L03_00121	-5
CACEDD010000001.1	116437	117357	-	AG-390-L03_00117	AG-390-L03	306	OG0000300	K02535	UDP-3-O-[3-hydroxymyristoyl] N-acetylglucosamine deacetylase [EC:3.5.1.108]	COG0774	LpxC	UDP-3-O-acyl-N-acetylglucosamine deacetylase	AG-390-L03_00121	-4
CACEDD010000001.1	117422	118084	-	AG-390-L03_00118	AG-390-L03	220	OG0000537	NA	NA	NA	NA	NA	AG-390-L03_00121	-3
CACEDD010000001.1	118077	118733	-	AG-390-L03_00119	AG-390-L03	218	OG0000841	K03589	cell division protein FtsQ	COG1589	FtsQ	Cell division septal protein FtsQ	AG-390-L03_00121	-2
CACEDD010000001.1	118714	119628	-	AG-390-L03_00120	AG-390-L03	304	OG0000580	K01921	D-alanine-D-alanine ligase [EC:6.3.2.4]	COG1181	DdlA	D-alanine-D-alanine ligase or related ATP-grasp enzyme	AG-390-L03_00121	-1
CACEDD010000001.1	119630	120529	-	AG-390-L03_00121	AG-390-L03	299	OG0000330	K00075	UDP-N-acetylmuramate dehydrogenase [EC:1.3.1.98]	COG0812	MurB	UDP-N-acetylenolpyruvoylglucosamine reductase	AG-390-L03_00121	0
CACEDD010000001.1	120535	121929	-	AG-390-L03_00122	AG-390-L03	464	OG0000265	K01924	UDP-N-acetylmuramate--alanine ligase [EC:6.3.2.8]	COG0773	MurC	UDP-N-acetylmuramate-alanine ligase MurC and related ligases, MurC/Mpl family	AG-390-L03_00121	1
CACEDD010000001.1	121919	122986	-	AG-390-L03_00123	AG-390-L03	355	OG0000489	K02563	UDP-N-acetylglucosamine--N-acetylmuramyl-(pentapeptide) pyrophosphoryl-undecaprenol N-acetylglucosamine transferase [EC:2.4.1.227]	COG0707	MurG	UDP-N-acetylglucosamine:LPS N-acetylglucosamine transferase	AG-390-L03_00121	2
CACEDD010000001.1	122988	124115	-	AG-390-L03_00124	AG-390-L03	375	OG0000615	NA	NA	COG0772	FtsW	Peptodoglycan polymerase FtsW/RodA/SpoVE	AG-390-L03_00121	3
CACEDD010000001.1	124090	125406	-	AG-390-L03_00125	AG-390-L03	438	OG0000817	NA	NA	COG0771	MurD	UDP-N-acetylmuramoylalanine-D-glutamate ligase	AG-390-L03_00121	4
CACEDD010000001.1	125406	126491	-	AG-390-L03_00126	AG-390-L03	361	OG0000019	K01000	phospho-N-acetylmuramoyl-pentapeptide-transferase [EC:2.7.8.13]	COG0472	Rfe	UDP-N-acetylmuramyl pentapeptide phosphotransferase/UDP-N-acetylglucosamine-1-phosphate transferase/archaeal AglH	AG-390-L03_00121	5
CACEEW010000004.1	26953	27801	-	AG-390-M02_00457	AG-390-M02	282	OG0000470	K05807	outer membrane protein assembly factor BamD	COG4105	BamD	Outer membrane protein assembly factor BamD, BamD/ComL family	AG-390-M02_00462	-5
CACEEW010000004.1	27849	28769	-	AG-390-M02_00458	AG-390-M02	306	OG0000300	K02535	UDP-3-O-[3-hydroxymyristoyl] N-acetylglucosamine deacetylase [EC:3.5.1.108]	COG0774	LpxC	UDP-3-O-acyl-N-acetylglucosamine deacetylase	AG-390-M02_00462	-4
CACEEW010000004.1	28833	29537	-	AG-390-M02_00459	AG-390-M02	234	OG0000537	NA	NA	NA	NA	NA	AG-390-M02_00462	-3
CACEEW010000004.1	29530	30198	-	AG-390-M02_00460	AG-390-M02	222	OG0000841	K03589	cell division protein FtsQ	COG1589	FtsQ	Cell division septal protein FtsQ	AG-390-M02_00462	-2
CACEEW010000004.1	30179	31093	-	AG-390-M02_00461	AG-390-M02	304	OG0000580	K01921	D-alanine-D-alanine ligase [EC:6.3.2.4]	COG1181	DdlA	D-alanine-D-alanine ligase or related ATP-grasp enzyme	AG-390-M02_00462	-1
CACEEW010000004.1	31095	32003	-	AG-390-M02_00462	AG-390-M02	302	OG0000330	K00075	UDP-N-acetylmuramate dehydrogenase [EC:1.3.1.98]	COG0812	MurB	UDP-N-acetylenolpyruvoylglucosamine reductase	AG-390-M02_00462	0
CACEEW010000004.1	32003	33397	-	AG-390-M02_00463	AG-390-M02	464	OG0000265	K01924	UDP-N-acetylmuramate--alanine ligase [EC:6.3.2.8]	COG0773	MurC	UDP-N-acetylmuramate-alanine ligase MurC and related ligases, MurC/Mpl family	AG-390-M02_00462	1
CACEEW010000004.1	33387	34451	-	AG-390-M02_00464	AG-390-M02	354	OG0000489	K02563	UDP-N-acetylglucosamine--N-acetylmuramyl-(pentapeptide) pyrophosphoryl-undecaprenol N-acetylglucosamine transferase [EC:2.4.1.227]	COG0707	MurG	UDP-N-acetylglucosamine:LPS N-acetylglucosamine transferase	AG-390-M02_00462	2
CACEEW010000004.1	34453	35577	-	AG-390-M02_00465	AG-390-M02	374	OG0000615	NA	NA	COG0772	FtsW	Peptodoglycan polymerase FtsW/RodA/SpoVE	AG-390-M02_00462	3
CACEEW010000004.1	35567	36862	-	AG-390-M02_00466	AG-390-M02	431	OG0000817	NA	NA	COG0771	MurD	UDP-N-acetylmuramoylalanine-D-glutamate ligase	AG-390-M02_00462	4
CACEEW010000004.1	36862	37947	-	AG-390-M02_00467	AG-390-M02	361	OG0000019	K01000	phospho-N-acetylmuramoyl-pentapeptide-transferase [EC:2.7.8.13]	COG0472	Rfe	UDP-N-acetylmuramyl pentapeptide phosphotransferase/UDP-N-acetylglucosamine-1-phosphate transferase/archaeal AglH	AG-390-M02_00462	5
CACEFF010000001.1	878	1786	-	AG-390-M07_00001	AG-390-M07	302	OG0000330	K00075	UDP-N-acetylmuramate dehydrogenase [EC:1.3.1.98]	COG0812	MurB	UDP-N-acetylenolpyruvoylglucosamine reductase	AG-390-M07_00001	0
CACEFF010000001.1	1783	3180	-	AG-390-M07_00002	AG-390-M07	465	OG0000265	K01924	UDP-N-acetylmuramate--alanine ligase [EC:6.3.2.8]	COG0773	MurC	UDP-N-acetylmuramate-alanine ligase MurC and related ligases, MurC/Mpl family	AG-390-M07_00001	1
CACEFF010000001.1	3170	4234	-	AG-390-M07_00003	AG-390-M07	354	OG0000489	K02563	UDP-N-acetylglucosamine--N-acetylmuramyl-(pentapeptide) pyrophosphoryl-undecaprenol N-acetylglucosamine transferase [EC:2.4.1.227]	COG0707	MurG	UDP-N-acetylglucosamine:LPS N-acetylglucosamine transferase	AG-390-M07_00001	2
CACEFF010000001.1	4236	5366	-	AG-390-M07_00004	AG-390-M07	376	OG0000615	NA	NA	COG0772	FtsW	Peptodoglycan polymerase FtsW/RodA/SpoVE	AG-390-M07_00001	3
CACEFF010000001.1	5350	6639	-	AG-390-M07_00005	AG-390-M07	429	OG0000817	NA	NA	COG0771	MurD	UDP-N-acetylmuramoylalanine-D-glutamate ligase	AG-390-M07_00001	4
CACEFF010000001.1	6651	7736	-	AG-390-M07_00006	AG-390-M07	361	OG0000019	K01000	phospho-N-acetylmuramoyl-pentapeptide-transferase [EC:2.7.8.13]	COG0472	Rfe	UDP-N-acetylmuramyl pentapeptide phosphotransferase/UDP-N-acetylglucosamine-1-phosphate transferase/archaeal AglH	AG-390-M07_00001	5
CACEFK010000011.1	19641	20726	+	AG-390-M14_00877	AG-390-M14	361	OG0000019	K01000	phospho-N-acetylmuramoyl-pentapeptide-transferase [EC:2.7.8.13]	COG0472	Rfe	UDP-N-acetylmuramyl pentapeptide phosphotransferase/UDP-N-acetylglucosamine-1-phosphate transferase/archaeal AglH	AG-390-M14_00882	-5
CACEFK010000011.1	20726	22024	+	AG-390-M14_00878	AG-390-M14	432	OG0000817	NA	NA	COG0771	MurD	UDP-N-acetylmuramoylalanine-D-glutamate ligase	AG-390-M14_00882	-4
CACEFK010000011.1	22011	23132	+	AG-390-M14_00879	AG-390-M14	373	OG0000615	NA	NA	COG0772	FtsW	Peptodoglycan polymerase FtsW/RodA/SpoVE	AG-390-M14_00882	-3
CACEFK010000011.1	23136	24200	+	AG-390-M14_00880	AG-390-M14	354	OG0000489	K02563	UDP-N-acetylglucosamine--N-acetylmuramyl-(pentapeptide) pyrophosphoryl-undecaprenol N-acetylglucosamine transferase [EC:2.4.1.227]	COG0707	MurG	UDP-N-acetylglucosamine:LPS N-acetylglucosamine transferase	AG-390-M14_00882	-2
CACEFK010000011.1	24190	25584	+	AG-390-M14_00881	AG-390-M14	464	OG0000265	K01924	UDP-N-acetylmuramate--alanine ligase [EC:6.3.2.8]	COG0773	MurC	UDP-N-acetylmuramate-alanine ligase MurC and related ligases, MurC/Mpl family	AG-390-M14_00882	-1
CACEFK010000011.1	25581	26489	+	AG-390-M14_00882	AG-390-M14	302	OG0000330	K00075	UDP-N-acetylmuramate dehydrogenase [EC:1.3.1.98]	COG0812	MurB	UDP-N-acetylenolpyruvoylglucosamine reductase	AG-390-M14_00882	0
CACEFK010000011.1	26491	27405	+	AG-390-M14_00883	AG-390-M14	304	OG0000580	K01921	D-alanine-D-alanine ligase [EC:6.3.2.4]	COG1181	DdlA	D-alanine-D-alanine ligase or related ATP-grasp enzyme	AG-390-M14_00882	1
CACEFJ010000001.1	298185	299270	+	AG-390-M15_00332	AG-390-M15	361	OG0000019	K01000	phospho-N-acetylmuramoyl-pentapeptide-transferase [EC:2.7.8.13]	COG0472	Rfe	UDP-N-acetylmuramyl pentapeptide phosphotransferase/UDP-N-acetylglucosamine-1-phosphate transferase/archaeal AglH	AG-390-M15_00337	-5
CACEFJ010000001.1	299274	300566	+	AG-390-M15_00333	AG-390-M15	430	OG0000817	NA	NA	COG0771	MurD	UDP-N-acetylmuramoylalanine-D-glutamate ligase	AG-390-M15_00337	-4
CACEFJ010000001.1	300547	301677	+	AG-390-M15_00334	AG-390-M15	376	OG0000615	NA	NA	COG0772	FtsW	Peptodoglycan polymerase FtsW/RodA/SpoVE	AG-390-M15_00337	-3
CACEFJ010000001.1	301667	302770	+	AG-390-M15_00335	AG-390-M15	367	OG0000489	K02563	UDP-N-acetylglucosamine--N-acetylmuramyl-(pentapeptide) pyrophosphoryl-undecaprenol N-acetylglucosamine transferase [EC:2.4.1.227]	COG0707	MurG	UDP-N-acetylglucosamine:LPS N-acetylglucosamine transferase	AG-390-M15_00337	-2
CACEFJ010000001.1	302757	304154	+	AG-390-M15_00336	AG-390-M15	465	OG0000265	K01924	UDP-N-acetylmuramate--alanine ligase [EC:6.3.2.8]	COG0773	MurC	UDP-N-acetylmuramate-alanine ligase MurC and related ligases, MurC/Mpl family	AG-390-M15_00337	-1
CACEFJ010000001.1	304151	305059	+	AG-390-M15_00337	AG-390-M15	302	OG0000330	K00075	UDP-N-acetylmuramate dehydrogenase [EC:1.3.1.98]	COG0812	MurB	UDP-N-acetylenolpyruvoylglucosamine reductase	AG-390-M15_00337	0
CACEFJ010000001.1	305049	305978	+	AG-390-M15_00338	AG-390-M15	309	OG0000580	K01921	D-alanine-D-alanine ligase [EC:6.3.2.4]	COG1181	DdlA	D-alanine-D-alanine ligase or related ATP-grasp enzyme	AG-390-M15_00337	1
CACEFJ010000001.1	305975	306634	+	AG-390-M15_00339	AG-390-M15	219	OG0000841	K03589	cell division protein FtsQ	COG1589	FtsQ	Cell division septal protein FtsQ	AG-390-M15_00337	2
CACEFJ010000001.1	306638	307837	+	AG-390-M15_00340	AG-390-M15	399	OG0000537	NA	NA	COG0849	FtsA	Cell division ATPase FtsA	AG-390-M15_00337	3
CACEFJ010000001.1	307903	308823	+	AG-390-M15_00341	AG-390-M15	306	OG0000300	K02535	UDP-3-O-[3-hydroxymyristoyl] N-acetylglucosamine deacetylase [EC:3.5.1.108]	COG0774	LpxC	UDP-3-O-acyl-N-acetylglucosamine deacetylase	AG-390-M15_00337	4
CACEFJ010000001.1	308871	309692	+	AG-390-M15_00342	AG-390-M15	273	OG0000470	K05807	outer membrane protein assembly factor BamD	COG4105	BamD	Outer membrane protein assembly factor BamD, BamD/ComL family	AG-390-M15_00337	5
CACEIL010000025.1	2	673	-	AG-390-O04_01124	AG-390-O04	223	OG0000841	K03589	cell division protein FtsQ	COG1589	FtsQ	Cell division septal protein FtsQ	AG-390-O04_01126	-2
CACEIL010000025.1	654	1568	-	AG-390-O04_01125	AG-390-O04	304	OG0000580	K01921	D-alanine-D-alanine ligase [EC:6.3.2.4]	COG1181	DdlA	D-alanine-D-alanine ligase or related ATP-grasp enzyme	AG-390-O04_01126	-1
CACEIL010000025.1	1565	2476	-	AG-390-O04_01126	AG-390-O04	303	OG0000330	K00075	UDP-N-acetylmuramate dehydrogenase [EC:1.3.1.98]	COG0812	MurB	UDP-N-acetylenolpyruvoylglucosamine reductase	AG-390-O04_01126	0
CACEIL010000025.1	2476	3549	-	AG-390-O04_01127	AG-390-O04	357	OG0000265	NA	NA	COG0773	MurC	UDP-N-acetylmuramate-alanine ligase MurC and related ligases, MurC/Mpl family	AG-390-O04_01126	1
CACEMD010000010.1	14655	15740	+	AG-404-B04_00943	AG-404-B04	361	OG0000019	K01000	phospho-N-acetylmuramoyl-pentapeptide-transferase [EC:2.7.8.13]	COG0472	Rfe	UDP-N-acetylmuramyl pentapeptide phosphotransferase/UDP-N-acetylglucosamine-1-phosphate transferase/archaeal AglH	AG-404-B04_00948	-5
CACEMD010000010.1	15740	17038	+	AG-404-B04_00944	AG-404-B04	432	OG0000817	NA	NA	COG0771	MurD	UDP-N-acetylmuramoylalanine-D-glutamate ligase	AG-404-B04_00948	-4
CACEMD010000010.1	17031	18152	+	AG-404-B04_00945	AG-404-B04	373	OG0000615	NA	NA	COG0772	FtsW	Peptodoglycan polymerase FtsW/RodA/SpoVE	AG-404-B04_00948	-3
CACEMD010000010.1	18155	19231	+	AG-404-B04_00946	AG-404-B04	358	OG0000489	K02563	UDP-N-acetylglucosamine--N-acetylmuramyl-(pentapeptide) pyrophosphoryl-undecaprenol N-acetylglucosamine transferase [EC:2.4.1.227]	COG0707	MurG	UDP-N-acetylglucosamine:LPS N-acetylglucosamine transferase	AG-404-B04_00948	-2
CACEMD010000010.1	19221	20615	+	AG-404-B04_00947	AG-404-B04	464	OG0000265	K01924	UDP-N-acetylmuramate--alanine ligase [EC:6.3.2.8]	COG0773	MurC	UDP-N-acetylmuramate-alanine ligase MurC and related ligases, MurC/Mpl family	AG-404-B04_00948	-1
CACEMD010000010.1	20615	21523	+	AG-404-B04_00948	AG-404-B04	302	OG0000330	K00075	UDP-N-acetylmuramate dehydrogenase [EC:1.3.1.98]	COG0812	MurB	UDP-N-acetylenolpyruvoylglucosamine reductase	AG-404-B04_00948	0
CACEMD010000010.1	21526	22446	+	AG-404-B04_00949	AG-404-B04	306	OG0000580	K01921	D-alanine-D-alanine ligase [EC:6.3.2.4]	COG1181	DdlA	D-alanine-D-alanine ligase or related ATP-grasp enzyme	AG-404-B04_00948	1
CACEMD010000010.1	22427	23119	+	AG-404-B04_00950	AG-404-B04	230	OG0000841	K03589	cell division protein FtsQ	COG1589	FtsQ	Cell division septal protein FtsQ	AG-404-B04_00948	2
CACEMD010000010.1	23106	23813	+	AG-404-B04_00951	AG-404-B04	235	OG0000537	NA	NA	NA	NA	NA	AG-404-B04_00948	3
CACEMD010000010.1	23879	24805	+	AG-404-B04_00952	AG-404-B04	308	OG0000300	K02535	UDP-3-O-[3-hydroxymyristoyl] N-acetylglucosamine deacetylase [EC:3.5.1.108]	COG0774	LpxC	UDP-3-O-acyl-N-acetylglucosamine deacetylase	AG-404-B04_00948	4
CACEMD010000010.1	24861	25682	+	AG-404-B04_00953	AG-404-B04	273	OG0000470	K05807	outer membrane protein assembly factor BamD	COG4105	BamD	Outer membrane protein assembly factor BamD, BamD/ComL family	AG-404-B04_00948	5
CACEVB010000004.1	55636	56721	+	AG-404-J20_00584	AG-404-J20	361	OG0000019	K01000	phospho-N-acetylmuramoyl-pentapeptide-transferase [EC:2.7.8.13]	COG0472	Rfe	UDP-N-acetylmuramyl pentapeptide phosphotransferase/UDP-N-acetylglucosamine-1-phosphate transferase/archaeal AglH	AG-404-J20_00589	-5
CACEVB010000004.1	56721	58019	+	AG-404-J20_00585	AG-404-J20	432	OG0000817	NA	NA	COG0771	MurD	UDP-N-acetylmuramoylalanine-D-glutamate ligase	AG-404-J20_00589	-4
CACEVB010000004.1	58009	59127	+	AG-404-J20_00586	AG-404-J20	372	OG0000615	NA	NA	COG0772	FtsW	Peptodoglycan polymerase FtsW/RodA/SpoVE	AG-404-J20_00589	-3
CACEVB010000004.1	59124	60203	+	AG-404-J20_00587	AG-404-J20	359	OG0000489	K02563	UDP-N-acetylglucosamine--N-acetylmuramyl-(pentapeptide) pyrophosphoryl-undecaprenol N-acetylglucosamine transferase [EC:2.4.1.227]	COG0707	MurG	UDP-N-acetylglucosamine:LPS N-acetylglucosamine transferase	AG-404-J20_00589	-2
CACEVB010000004.1	60193	61590	+	AG-404-J20_00588	AG-404-J20	465	OG0000265	K01924	UDP-N-acetylmuramate--alanine ligase [EC:6.3.2.8]	COG0773	MurC	UDP-N-acetylmuramate-alanine ligase MurC and related ligases, MurC/Mpl family	AG-404-J20_00589	-1
CACEVB010000004.1	61587	62495	+	AG-404-J20_00589	AG-404-J20	302	OG0000330	K00075	UDP-N-acetylmuramate dehydrogenase [EC:1.3.1.98]	COG0812	MurB	UDP-N-acetylenolpyruvoylglucosamine reductase	AG-404-J20_00589	0
CACEVB010000004.1	62496	63410	+	AG-404-J20_00590	AG-404-J20	304	OG0000580	K01921	D-alanine-D-alanine ligase [EC:6.3.2.4]	COG1181	DdlA	D-alanine-D-alanine ligase or related ATP-grasp enzyme	AG-404-J20_00589	1
CACEVB010000004.1	63391	64080	+	AG-404-J20_00591	AG-404-J20	229	OG0000841	K03589	cell division protein FtsQ	COG1589	FtsQ	Cell division septal protein FtsQ	AG-404-J20_00589	2
CACEVB010000004.1	64073	65203	+	AG-404-J20_00592	AG-404-J20	376	OG0000537	NA	NA	COG0849	FtsA	Cell division ATPase FtsA	AG-404-J20_00589	3
CACEVB010000004.1	65266	66186	+	AG-404-J20_00593	AG-404-J20	306	OG0000300	K02535	UDP-3-O-[3-hydroxymyristoyl] N-acetylglucosamine deacetylase [EC:3.5.1.108]	COG0774	LpxC	UDP-3-O-acyl-N-acetylglucosamine deacetylase	AG-404-J20_00589	4
CACEVB010000004.1	66225	67061	+	AG-404-J20_00594	AG-404-J20	278	OG0000470	K05807	outer membrane protein assembly factor BamD	COG4105	BamD	Outer membrane protein assembly factor BamD, BamD/ComL family	AG-404-J20_00589	5
CACEZQ010000008.1	25440	26273	-	AG-404-O05_00853	AG-404-O05	277	OG0000470	K05807	outer membrane protein assembly factor BamD	COG4105	BamD	Outer membrane protein assembly factor BamD, BamD/ComL family	AG-404-O05_00858	-5
CACEZQ010000008.1	26314	27234	-	AG-404-O05_00854	AG-404-O05	306	OG0000300	K02535	UDP-3-O-[3-hydroxymyristoyl] N-acetylglucosamine deacetylase [EC:3.5.1.108]	COG0774	LpxC	UDP-3-O-acyl-N-acetylglucosamine deacetylase	AG-404-O05_00858	-4
CACEZQ010000008.1	27301	28011	-	AG-404-O05_00855	AG-404-O05	236	OG0000537	NA	NA	COG0849	FtsA	Cell division ATPase FtsA	AG-404-O05_00858	-3
CACEZQ010000008.1	28004	28690	-	AG-404-O05_00856	AG-404-O05	228	OG0000841	K03589	cell division protein FtsQ	COG1589	FtsQ	Cell division septal protein FtsQ	AG-404-O05_00858	-2
CACEZQ010000008.1	28671	29588	-	AG-404-O05_00857	AG-404-O05	305	OG0000580	K01921	D-alanine-D-alanine ligase [EC:6.3.2.4]	COG1181	DdlA	D-alanine-D-alanine ligase or related ATP-grasp enzyme	AG-404-O05_00858	-1
CACEZQ010000008.1	29585	30496	-	AG-404-O05_00858	AG-404-O05	303	OG0000330	K00075	UDP-N-acetylmuramate dehydrogenase [EC:1.3.1.98]	COG0812	MurB	UDP-N-acetylenolpyruvoylglucosamine reductase	AG-404-O05_00858	0
CACEZQ010000008.1	30493	31887	-	AG-404-O05_00859	AG-404-O05	464	OG0000265	K01924	UDP-N-acetylmuramate--alanine ligase [EC:6.3.2.8]	COG0773	MurC	UDP-N-acetylmuramate-alanine ligase MurC and related ligases, MurC/Mpl family	AG-404-O05_00858	1
CACEZQ010000008.1	31877	32959	-	AG-404-O05_00860	AG-404-O05	360	OG0000489	K02563	UDP-N-acetylglucosamine--N-acetylmuramyl-(pentapeptide) pyrophosphoryl-undecaprenol N-acetylglucosamine transferase [EC:2.4.1.227]	COG0707	MurG	UDP-N-acetylglucosamine:LPS N-acetylglucosamine transferase	AG-404-O05_00858	2
CACEZQ010000008.1	32959	34083	-	AG-404-O05_00861	AG-404-O05	374	OG0000615	NA	NA	COG0772	FtsW	Peptodoglycan polymerase FtsW/RodA/SpoVE	AG-404-O05_00858	3
CACEZQ010000008.1	34086	35396	-	AG-404-O05_00862	AG-404-O05	436	OG0000817	NA	NA	COG0771	MurD	UDP-N-acetylmuramoylalanine-D-glutamate ligase	AG-404-O05_00858	4
CACEZQ010000008.1	35393	36478	-	AG-404-O05_00863	AG-404-O05	361	OG0000019	K01000	phospho-N-acetylmuramoyl-pentapeptide-transferase [EC:2.7.8.13]	COG0472	Rfe	UDP-N-acetylmuramyl pentapeptide phosphotransferase/UDP-N-acetylglucosamine-1-phosphate transferase/archaeal AglH	AG-404-O05_00858	5
CACFAF010000009.1	28715	29635	-	AG-404-O18_00723	AG-404-O18	306	OG0000300	K02535	UDP-3-O-[3-hydroxymyristoyl] N-acetylglucosamine deacetylase [EC:3.5.1.108]	COG0774	LpxC	UDP-3-O-acyl-N-acetylglucosamine deacetylase	AG-404-O18_00728	-5
CACFAF010000009.1	29701	30837	-	AG-404-O18_00724	AG-404-O18	378	OG0000537	K03590	cell division protein FtsA	COG0849	FtsA	Cell division ATPase FtsA	AG-404-O18_00728	-4
CACFAF010000009.1	30834	31124	-	AG-404-O18_00725	AG-404-O18	96	OG0000841	NA	NA	COG1589	FtsQ	Cell division septal protein FtsQ	AG-404-O18_00728	-3
CACFAF010000009.1	31277	31516	-	AG-404-O18_00726	AG-404-O18	79	OG0000841	NA	NA	COG1589	FtsQ	Cell division septal protein FtsQ	AG-404-O18_00728	-2
CACFAF010000009.1	31497	32429	-	AG-404-O18_00727	AG-404-O18	310	OG0000580	K01921	D-alanine-D-alanine ligase [EC:6.3.2.4]	COG1181	DdlA	D-alanine-D-alanine ligase or related ATP-grasp enzyme	AG-404-O18_00728	-1
CACFAF010000009.1	32422	33330	-	AG-404-O18_00728	AG-404-O18	302	OG0000330	K00075	UDP-N-acetylmuramate dehydrogenase [EC:1.3.1.98]	COG0812	MurB	UDP-N-acetylenolpyruvoylglucosamine reductase	AG-404-O18_00728	0
CACFAF010000009.1	33327	34724	-	AG-404-O18_00729	AG-404-O18	465	OG0000265	K01924	UDP-N-acetylmuramate--alanine ligase [EC:6.3.2.8]	COG0773	MurC	UDP-N-acetylmuramate-alanine ligase MurC and related ligases, MurC/Mpl family	AG-404-O18_00728	1
CACFAF010000009.1	34714	35790	-	AG-404-O18_00730	AG-404-O18	358	OG0000489	K02563	UDP-N-acetylglucosamine--N-acetylmuramyl-(pentapeptide) pyrophosphoryl-undecaprenol N-acetylglucosamine transferase [EC:2.4.1.227]	COG0707	MurG	UDP-N-acetylglucosamine:LPS N-acetylglucosamine transferase	AG-404-O18_00728	2
CACFAF010000009.1	35791	36915	-	AG-404-O18_00731	AG-404-O18	374	OG0000615	NA	NA	COG0772	FtsW	Peptodoglycan polymerase FtsW/RodA/SpoVE	AG-404-O18_00728	3
CACFAF010000009.1	36915	37820	-	AG-404-O18_00732	AG-404-O18	301	OG0000817	NA	NA	COG0771	MurD	UDP-N-acetylmuramoylalanine-D-glutamate ligase	AG-404-O18_00728	4
CACFBK010000002.1	31051	32136	+	AG-404-P13_00276	AG-404-P13	361	OG0000019	K01000	phospho-N-acetylmuramoyl-pentapeptide-transferase [EC:2.7.8.13]	COG0472	Rfe	UDP-N-acetylmuramyl pentapeptide phosphotransferase/UDP-N-acetylglucosamine-1-phosphate transferase/archaeal AglH	AG-404-P13_00281	-5
CACFBK010000002.1	32136	33440	+	AG-404-P13_00277	AG-404-P13	434	OG0000817	NA	NA	COG0771	MurD	UDP-N-acetylmuramoylalanine-D-glutamate ligase	AG-404-P13_00281	-4
CACFBK010000002.1	33437	34546	+	AG-404-P13_00278	AG-404-P13	369	OG0000615	NA	NA	COG0772	FtsW	Peptodoglycan polymerase FtsW/RodA/SpoVE	AG-404-P13_00281	-3
CACFBK010000002.1	34550	35626	+	AG-404-P13_00279	AG-404-P13	358	OG0000489	K02563	UDP-N-acetylglucosamine--N-acetylmuramyl-(pentapeptide) pyrophosphoryl-undecaprenol N-acetylglucosamine transferase [EC:2.4.1.227]	COG0707	MurG	UDP-N-acetylglucosamine:LPS N-acetylglucosamine transferase	AG-404-P13_00281	-2
CACFBK010000002.1	35616	37007	+	AG-404-P13_00280	AG-404-P13	463	OG0000265	K01924	UDP-N-acetylmuramate--alanine ligase [EC:6.3.2.8]	COG0773	MurC	UDP-N-acetylmuramate-alanine ligase MurC and related ligases, MurC/Mpl family	AG-404-P13_00281	-1
CACFBK010000002.1	37007	37915	+	AG-404-P13_00281	AG-404-P13	302	OG0000330	K00075	UDP-N-acetylmuramate dehydrogenase [EC:1.3.1.98]	COG0812	MurB	UDP-N-acetylenolpyruvoylglucosamine reductase	AG-404-P13_00281	0
CACFBK010000002.1	37915	38835	+	AG-404-P13_00282	AG-404-P13	306	OG0000580	K01921	D-alanine-D-alanine ligase [EC:6.3.2.4]	COG1181	DdlA	D-alanine-D-alanine ligase or related ATP-grasp enzyme	AG-404-P13_00281	1
CACFBK010000002.1	38918	39511	+	AG-404-P13_00283	AG-404-P13	197	OG0000841	K03589	cell division protein FtsQ	COG1589	FtsQ	Cell division septal protein FtsQ	AG-404-P13_00281	2
CACFBK010000002.1	39504	40670	+	AG-404-P13_00284	AG-404-P13	388	OG0000537	NA	NA	COG0849	FtsA	Cell division ATPase FtsA	AG-404-P13_00281	3
CACFBK010000002.1	40733	41656	+	AG-404-P13_00285	AG-404-P13	307	OG0000300	K02535	UDP-3-O-[3-hydroxymyristoyl] N-acetylglucosamine deacetylase [EC:3.5.1.108]	COG0774	LpxC	UDP-3-O-acyl-N-acetylglucosamine deacetylase	AG-404-P13_00281	4
CACFBK010000002.1	41695	42531	+	AG-404-P13_00286	AG-404-P13	278	OG0000470	K05807	outer membrane protein assembly factor BamD	COG4105	BamD	Outer membrane protein assembly factor BamD, BamD/ComL family	AG-404-P13_00281	5
CACFGT010000003.1	12027	13112	+	AG-410-K05_00254	AG-410-K05	361	OG0000019	K01000	phospho-N-acetylmuramoyl-pentapeptide-transferase [EC:2.7.8.13]	COG0472	Rfe	UDP-N-acetylmuramyl pentapeptide phosphotransferase/UDP-N-acetylglucosamine-1-phosphate transferase/archaeal AglH	AG-410-K05_00259	-5
CACFGT010000003.1	13112	14395	+	AG-410-K05_00255	AG-410-K05	427	OG0000817	NA	NA	COG0771	MurD	UDP-N-acetylmuramoylalanine-D-glutamate ligase	AG-410-K05_00259	-4
CACFGT010000003.1	14385	15509	+	AG-410-K05_00256	AG-410-K05	374	OG0000615	NA	NA	COG0772	FtsW	Peptodoglycan polymerase FtsW/RodA/SpoVE	AG-410-K05_00259	-3
CACFGT010000003.1	15511	16572	+	AG-410-K05_00257	AG-410-K05	353	OG0000489	K02563	UDP-N-acetylglucosamine--N-acetylmuramyl-(pentapeptide) pyrophosphoryl-undecaprenol N-acetylglucosamine transferase [EC:2.4.1.227]	COG0707	MurG	UDP-N-acetylglucosamine:LPS N-acetylglucosamine transferase	AG-410-K05_00259	-2
CACFGT010000003.1	16562	17956	+	AG-410-K05_00258	AG-410-K05	464	OG0000265	K01924	UDP-N-acetylmuramate--alanine ligase [EC:6.3.2.8]	COG0773	MurC	UDP-N-acetylmuramate-alanine ligase MurC and related ligases, MurC/Mpl family	AG-410-K05_00259	-1
CACFGT010000003.1	17956	18864	+	AG-410-K05_00259	AG-410-K05	302	OG0000330	K00075	UDP-N-acetylmuramate dehydrogenase [EC:1.3.1.98]	COG0812	MurB	UDP-N-acetylenolpyruvoylglucosamine reductase	AG-410-K05_00259	0
CACFGT010000003.1	18881	19780	+	AG-410-K05_00260	AG-410-K05	299	OG0000580	K01921	D-alanine-D-alanine ligase [EC:6.3.2.4]	COG1181	DdlA	D-alanine-D-alanine ligase or related ATP-grasp enzyme	AG-410-K05_00259	1
CACFGT010000003.1	19761	20432	+	AG-410-K05_00261	AG-410-K05	223	OG0000841	K03589	cell division protein FtsQ	COG1589	FtsQ	Cell division septal protein FtsQ	AG-410-K05_00259	2
CACFGT010000003.1	20425	21129	+	AG-410-K05_00262	AG-410-K05	234	OG0000537	NA	NA	NA	NA	NA	AG-410-K05_00259	3
CACFGT010000003.1	21195	22121	+	AG-410-K05_00263	AG-410-K05	308	OG0000300	K02535	UDP-3-O-[3-hydroxymyristoyl] N-acetylglucosamine deacetylase [EC:3.5.1.108]	COG0774	LpxC	UDP-3-O-acyl-N-acetylglucosamine deacetylase	AG-410-K05_00259	4
CACFGT010000003.1	22166	22993	+	AG-410-K05_00264	AG-410-K05	275	OG0000470	K05807	outer membrane protein assembly factor BamD	COG4105	BamD	Outer membrane protein assembly factor BamD, BamD/ComL family	AG-410-K05_00259	5
CACFJT010000009.1	896	1801	-	AG-410-O02_00838	AG-410-O02	301	OG0000330	K00075	UDP-N-acetylmuramate dehydrogenase [EC:1.3.1.98]	COG0812	MurB	UDP-N-acetylenolpyruvoylglucosamine reductase	AG-410-O02_00838	0
CACFJT010000009.1	1798	3195	-	AG-410-O02_00839	AG-410-O02	465	OG0000265	K01924	UDP-N-acetylmuramate--alanine ligase [EC:6.3.2.8]	COG0773	MurC	UDP-N-acetylmuramate-alanine ligase MurC and related ligases, MurC/Mpl family	AG-410-O02_00838	1
CACFJT010000009.1	3185	3961	-	AG-410-O02_00840	AG-410-O02	258	OG0000489	K02563	UDP-N-acetylglucosamine--N-acetylmuramyl-(pentapeptide) pyrophosphoryl-undecaprenol N-acetylglucosamine transferase [EC:2.4.1.227]	COG0707	MurG	UDP-N-acetylglucosamine:LPS N-acetylglucosamine transferase	AG-410-O02_00838	2
CACFJT010000009.1	3993	4250	-	AG-410-O02_00841	AG-410-O02	85	OG0000489	NA	NA	COG0707	MurG	UDP-N-acetylglucosamine:LPS N-acetylglucosamine transferase	AG-410-O02_00838	3
CACFJT010000009.1	4254	5375	-	AG-410-O02_00842	AG-410-O02	373	OG0000615	NA	NA	COG0772	FtsW	Peptodoglycan polymerase FtsW/RodA/SpoVE	AG-410-O02_00838	4
CACFJT010000009.1	5362	6660	-	AG-410-O02_00843	AG-410-O02	432	OG0000817	NA	NA	COG0771	MurD	UDP-N-acetylmuramoylalanine-D-glutamate ligase	AG-410-O02_00838	5
CACFLX010000013.1	1387	2472	+	AG-414-B08_01074	AG-414-B08	361	OG0000019	K01000	phospho-N-acetylmuramoyl-pentapeptide-transferase [EC:2.7.8.13]	COG0472	Rfe	UDP-N-acetylmuramyl pentapeptide phosphotransferase/UDP-N-acetylglucosamine-1-phosphate transferase/archaeal AglH	AG-414-B08_01079	-5
CACFLX010000013.1	2472	3764	+	AG-414-B08_01075	AG-414-B08	430	OG0000817	NA	NA	COG0771	MurD	UDP-N-acetylmuramoylalanine-D-glutamate ligase	AG-414-B08_01079	-4
CACFLX010000013.1	3757	4878	+	AG-414-B08_01076	AG-414-B08	373	OG0000615	NA	NA	COG0772	FtsW	Peptodoglycan polymerase FtsW/RodA/SpoVE	AG-414-B08_01079	-3
CACFLX010000013.1	4878	5978	+	AG-414-B08_01077	AG-414-B08	366	OG0000489	K02563	UDP-N-acetylglucosamine--N-acetylmuramyl-(pentapeptide) pyrophosphoryl-undecaprenol N-acetylglucosamine transferase [EC:2.4.1.227]	COG0707	MurG	UDP-N-acetylglucosamine:LPS N-acetylglucosamine transferase	AG-414-B08_01079	-2
CACFLX010000013.1	5968	7365	+	AG-414-B08_01078	AG-414-B08	465	OG0000265	K01924	UDP-N-acetylmuramate--alanine ligase [EC:6.3.2.8]	COG0773	MurC	UDP-N-acetylmuramate-alanine ligase MurC and related ligases, MurC/Mpl family	AG-414-B08_01079	-1
CACFLX010000013.1	7365	8273	+	AG-414-B08_01079	AG-414-B08	302	OG0000330	K00075	UDP-N-acetylmuramate dehydrogenase [EC:1.3.1.98]	COG0812	MurB	UDP-N-acetylenolpyruvoylglucosamine reductase	AG-414-B08_01079	0
CACFLX010000013.1	8274	9191	+	AG-414-B08_01080	AG-414-B08	305	OG0000580	K01921	D-alanine-D-alanine ligase [EC:6.3.2.4]	COG1181	DdlA	D-alanine-D-alanine ligase or related ATP-grasp enzyme	AG-414-B08_01079	1
CACFLX010000013.1	9172	9861	+	AG-414-B08_01081	AG-414-B08	229	OG0000841	K03589	cell division protein FtsQ	COG1589	FtsQ	Cell division septal protein FtsQ	AG-414-B08_01079	2
CACFLX010000013.1	9854	11020	+	AG-414-B08_01082	AG-414-B08	388	OG0000537	NA	NA	COG0849	FtsA	Cell division ATPase FtsA	AG-414-B08_01079	3
CACFLX010000013.1	11086	12006	+	AG-414-B08_01083	AG-414-B08	306	OG0000300	K02535	UDP-3-O-[3-hydroxymyristoyl] N-acetylglucosamine deacetylase [EC:3.5.1.108]	COG0774	LpxC	UDP-3-O-acyl-N-acetylglucosamine deacetylase	AG-414-B08_01079	4
CACFLX010000013.1	12046	12897	+	AG-414-B08_01084	AG-414-B08	283	OG0000470	K05807	outer membrane protein assembly factor BamD	COG4105	BamD	Outer membrane protein assembly factor BamD, BamD/ComL family	AG-414-B08_01079	5
CACFMO010000014.1	690	1532	-	AG-414-B15_00999	AG-414-B15	280	OG0000470	K05807	outer membrane protein assembly factor BamD	COG4105	BamD	Outer membrane protein assembly factor BamD, BamD/ComL family	AG-414-B15_01004	-5
CACFMO010000014.1	1581	2513	-	AG-414-B15_01000	AG-414-B15	310	OG0000300	K02535	UDP-3-O-[3-hydroxymyristoyl] N-acetylglucosamine deacetylase [EC:3.5.1.108]	COG0774	LpxC	UDP-3-O-acyl-N-acetylglucosamine deacetylase	AG-414-B15_01004	-4
CACFMO010000014.1	2583	3755	-	AG-414-B15_01001	AG-414-B15	390	OG0000537	K03590	cell division protein FtsA	COG0849	FtsA	Cell division ATPase FtsA	AG-414-B15_01004	-3
CACFMO010000014.1	3764	4435	-	AG-414-B15_01002	AG-414-B15	223	OG0000841	K03589	cell division protein FtsQ	COG1589	FtsQ	Cell division septal protein FtsQ	AG-414-B15_01004	-2
CACFMO010000014.1	4432	5364	-	AG-414-B15_01003	AG-414-B15	310	OG0000580	K01921	D-alanine-D-alanine ligase [EC:6.3.2.4]	COG1181	DdlA	D-alanine-D-alanine ligase or related ATP-grasp enzyme	AG-414-B15_01004	-1
CACFMO010000014.1	5366	6238	-	AG-414-B15_01004	AG-414-B15	290	OG0000330	K00075	UDP-N-acetylmuramate dehydrogenase [EC:1.3.1.98]	COG0812	MurB	UDP-N-acetylenolpyruvoylglucosamine reductase	AG-414-B15_01004	0
CACFMO010000014.1	6240	7631	-	AG-414-B15_01005	AG-414-B15	463	OG0000265	K01924	UDP-N-acetylmuramate--alanine ligase [EC:6.3.2.8]	COG0773	MurC	UDP-N-acetylmuramate-alanine ligase MurC and related ligases, MurC/Mpl family	AG-414-B15_01004	1
CACFMO010000014.1	7618	8709	-	AG-414-B15_01006	AG-414-B15	363	OG0000489	K02563	UDP-N-acetylglucosamine--N-acetylmuramyl-(pentapeptide) pyrophosphoryl-undecaprenol N-acetylglucosamine transferase [EC:2.4.1.227]	COG0707	MurG	UDP-N-acetylglucosamine:LPS N-acetylglucosamine transferase	AG-414-B15_01004	2
CACFMO010000014.1	8710	9651	-	AG-414-B15_01007	AG-414-B15	313	OG0000615	NA	NA	COG0772	FtsW	Peptodoglycan polymerase FtsW/RodA/SpoVE	AG-414-B15_01004	3
CACFOP010000002.1	143975	145060	+	AG-414-E02_00552	AG-414-E02	361	OG0000019	K01000	phospho-N-acetylmuramoyl-pentapeptide-transferase [EC:2.7.8.13]	COG0472	Rfe	UDP-N-acetylmuramyl pentapeptide phosphotransferase/UDP-N-acetylglucosamine-1-phosphate transferase/archaeal AglH	AG-414-E02_00557	-5
CACFOP010000002.1	145064	146386	+	AG-414-E02_00553	AG-414-E02	440	OG0000817	NA	NA	COG0771	MurD	UDP-N-acetylmuramoylalanine-D-glutamate ligase	AG-414-E02_00557	-4
CACFOP010000002.1	146379	147524	+	AG-414-E02_00554	AG-414-E02	381	OG0000615	NA	NA	COG0772	FtsW	Peptodoglycan polymerase FtsW/RodA/SpoVE	AG-414-E02_00557	-3
CACFOP010000002.1	147517	148605	+	AG-414-E02_00555	AG-414-E02	362	OG0000489	K02563	UDP-N-acetylglucosamine--N-acetylmuramyl-(pentapeptide) pyrophosphoryl-undecaprenol N-acetylglucosamine transferase [EC:2.4.1.227]	COG0707	MurG	UDP-N-acetylglucosamine:LPS N-acetylglucosamine transferase	AG-414-E02_00557	-2
CACFOP010000002.1	148595	149992	+	AG-414-E02_00556	AG-414-E02	465	OG0000265	K01924	UDP-N-acetylmuramate--alanine ligase [EC:6.3.2.8]	COG0773	MurC	UDP-N-acetylmuramate-alanine ligase MurC and related ligases, MurC/Mpl family	AG-414-E02_00557	-1
CACFOP010000002.1	149989	150900	+	AG-414-E02_00557	AG-414-E02	303	OG0000330	K00075	UDP-N-acetylmuramate dehydrogenase [EC:1.3.1.98]	COG0812	MurB	UDP-N-acetylenolpyruvoylglucosamine reductase	AG-414-E02_00557	0
CACFOP010000002.1	150897	151817	+	AG-414-E02_00558	AG-414-E02	306	OG0000580	K01921	D-alanine-D-alanine ligase [EC:6.3.2.4]	COG1181	DdlA	D-alanine-D-alanine ligase or related ATP-grasp enzyme	AG-414-E02_00557	1
CACFOP010000002.1	151814	152497	+	AG-414-E02_00559	AG-414-E02	227	OG0000841	K03589	cell division protein FtsQ	COG1589	FtsQ	Cell division septal protein FtsQ	AG-414-E02_00557	2
CACFOP010000002.1	152497	153732	+	AG-414-E02_00560	AG-414-E02	411	OG0000537	K03590	cell division protein FtsA	COG0849	FtsA	Cell division ATPase FtsA	AG-414-E02_00557	3
CACFOP010000002.1	153806	154732	+	AG-414-E02_00561	AG-414-E02	308	OG0000300	K02535	UDP-3-O-[3-hydroxymyristoyl] N-acetylglucosamine deacetylase [EC:3.5.1.108]	COG0774	LpxC	UDP-3-O-acyl-N-acetylglucosamine deacetylase	AG-414-E02_00557	4
CACFOP010000002.1	154795	155625	+	AG-414-E02_00562	AG-414-E02	276	OG0000470	K05807	outer membrane protein assembly factor BamD	COG4105	BamD	Outer membrane protein assembly factor BamD, BamD/ComL family	AG-414-E02_00557	5
CACFTX010000002.1	82238	83323	+	AG-414-L04_00671	AG-414-L04	361	OG0000019	K01000	phospho-N-acetylmuramoyl-pentapeptide-transferase [EC:2.7.8.13]	COG0472	Rfe	UDP-N-acetylmuramyl pentapeptide phosphotransferase/UDP-N-acetylglucosamine-1-phosphate transferase/archaeal AglH	AG-414-L04_00676	-5
CACFTX010000002.1	83323	84630	+	AG-414-L04_00672	AG-414-L04	435	OG0000817	NA	NA	COG0771	MurD	UDP-N-acetylmuramoylalanine-D-glutamate ligase	AG-414-L04_00676	-4
CACFTX010000002.1	84634	85758	+	AG-414-L04_00673	AG-414-L04	374	OG0000615	NA	NA	COG0772	FtsW	Peptodoglycan polymerase FtsW/RodA/SpoVE	AG-414-L04_00676	-3
CACFTX010000002.1	85758	86831	+	AG-414-L04_00674	AG-414-L04	357	OG0000489	K02563	UDP-N-acetylglucosamine--N-acetylmuramyl-(pentapeptide) pyrophosphoryl-undecaprenol N-acetylglucosamine transferase [EC:2.4.1.227]	COG0707	MurG	UDP-N-acetylglucosamine:LPS N-acetylglucosamine transferase	AG-414-L04_00676	-2
CACFTX010000002.1	86821	88215	+	AG-414-L04_00675	AG-414-L04	464	OG0000265	K01924	UDP-N-acetylmuramate--alanine ligase [EC:6.3.2.8]	COG0773	MurC	UDP-N-acetylmuramate-alanine ligase MurC and related ligases, MurC/Mpl family	AG-414-L04_00676	-1
CACFTX010000002.1	88212	89123	+	AG-414-L04_00676	AG-414-L04	303	OG0000330	K00075	UDP-N-acetylmuramate dehydrogenase [EC:1.3.1.98]	COG0812	MurB	UDP-N-acetylenolpyruvoylglucosamine reductase	AG-414-L04_00676	0
CACFTX010000002.1	89120	90037	+	AG-414-L04_00677	AG-414-L04	305	OG0000580	K01921	D-alanine-D-alanine ligase [EC:6.3.2.4]	COG1181	DdlA	D-alanine-D-alanine ligase or related ATP-grasp enzyme	AG-414-L04_00676	1
CACFTX010000002.1	90018	90704	+	AG-414-L04_00678	AG-414-L04	228	OG0000841	K03589	cell division protein FtsQ	COG1589	FtsQ	Cell division septal protein FtsQ	AG-414-L04_00676	2
CACFTX010000002.1	90697	91407	+	AG-414-L04_00679	AG-414-L04	236	OG0000537	NA	NA	COG0849	FtsA	Cell division ATPase FtsA	AG-414-L04_00676	3
CACFTX010000002.1	91473	92393	+	AG-414-L04_00680	AG-414-L04	306	OG0000300	K02535	UDP-3-O-[3-hydroxymyristoyl] N-acetylglucosamine deacetylase [EC:3.5.1.108]	COG0774	LpxC	UDP-3-O-acyl-N-acetylglucosamine deacetylase	AG-414-L04_00676	4
CACFTX010000002.1	92433	93266	+	AG-414-L04_00681	AG-414-L04	277	OG0000470	K05807	outer membrane protein assembly factor BamD	COG4105	BamD	Outer membrane protein assembly factor BamD, BamD/ComL family	AG-414-L04_00676	5
CACFVS010000007.1	4496	5581	+	AG-414-M23_00602	AG-414-M23	361	OG0000019	K01000	phospho-N-acetylmuramoyl-pentapeptide-transferase [EC:2.7.8.13]	COG0472	Rfe	UDP-N-acetylmuramyl pentapeptide phosphotransferase/UDP-N-acetylglucosamine-1-phosphate transferase/archaeal AglH	AG-414-M23_00607	-5
CACFVS010000007.1	5581	6876	+	AG-414-M23_00603	AG-414-M23	431	OG0000817	NA	NA	COG0771	MurD	UDP-N-acetylmuramoylalanine-D-glutamate ligase	AG-414-M23_00607	-4
CACFVS010000007.1	6879	7997	+	AG-414-M23_00604	AG-414-M23	372	OG0000615	NA	NA	COG0772	FtsW	Peptodoglycan polymerase FtsW/RodA/SpoVE	AG-414-M23_00607	-3
CACFVS010000007.1	7998	9080	+	AG-414-M23_00605	AG-414-M23	360	OG0000489	K02563	UDP-N-acetylglucosamine--N-acetylmuramyl-(pentapeptide) pyrophosphoryl-undecaprenol N-acetylglucosamine transferase [EC:2.4.1.227]	COG0707	MurG	UDP-N-acetylglucosamine:LPS N-acetylglucosamine transferase	AG-414-M23_00607	-2
CACFVS010000007.1	9070	10467	+	AG-414-M23_00606	AG-414-M23	465	OG0000265	K01924	UDP-N-acetylmuramate--alanine ligase [EC:6.3.2.8]	COG0773	MurC	UDP-N-acetylmuramate-alanine ligase MurC and related ligases, MurC/Mpl family	AG-414-M23_00607	-1
CACFVS010000007.1	10464	11381	+	AG-414-M23_00607	AG-414-M23	305	OG0000330	K00075	UDP-N-acetylmuramate dehydrogenase [EC:1.3.1.98]	COG0812	MurB	UDP-N-acetylenolpyruvoylglucosamine reductase	AG-414-M23_00607	0
CACFVS010000007.1	11383	12300	+	AG-414-M23_00608	AG-414-M23	305	OG0000580	K01921	D-alanine-D-alanine ligase [EC:6.3.2.4]	COG1181	DdlA	D-alanine-D-alanine ligase or related ATP-grasp enzyme	AG-414-M23_00607	1
CACFVS010000007.1	12278	12964	+	AG-414-M23_00609	AG-414-M23	228	OG0000841	K03589	cell division protein FtsQ	COG1589	FtsQ	Cell division septal protein FtsQ	AG-414-M23_00607	2
CACFVS010000007.1	12961	14103	+	AG-414-M23_00610	AG-414-M23	380	OG0000537	NA	NA	COG0849	FtsA	Cell division ATPase FtsA	AG-414-M23_00607	3
CACFVS010000007.1	14163	15083	+	AG-414-M23_00611	AG-414-M23	306	OG0000300	K02535	UDP-3-O-[3-hydroxymyristoyl] N-acetylglucosamine deacetylase [EC:3.5.1.108]	COG0774	LpxC	UDP-3-O-acyl-N-acetylglucosamine deacetylase	AG-414-M23_00607	4
CACFVS010000007.1	15121	15960	+	AG-414-M23_00612	AG-414-M23	279	OG0000470	K05807	outer membrane protein assembly factor BamD	COG4105	BamD	Outer membrane protein assembly factor BamD, BamD/ComL family	AG-414-M23_00607	5
CACFXK010000012.1	24789	25628	-	AG-414-O09_01050	AG-414-O09	279	OG0000470	K05807	outer membrane protein assembly factor BamD	COG4105	BamD	Outer membrane protein assembly factor BamD, BamD/ComL family	AG-414-O09_01055	-5
CACFXK010000012.1	25667	26590	-	AG-414-O09_01051	AG-414-O09	307	OG0000300	K02535	UDP-3-O-[3-hydroxymyristoyl] N-acetylglucosamine deacetylase [EC:3.5.1.108]	COG0774	LpxC	UDP-3-O-acyl-N-acetylglucosamine deacetylase	AG-414-O09_01055	-4
CACFXK010000012.1	26653	27819	-	AG-414-O09_01052	AG-414-O09	388	OG0000537	NA	NA	COG0849	FtsA	Cell division ATPase FtsA	AG-414-O09_01055	-3
CACFXK010000012.1	27812	28507	-	AG-414-O09_01053	AG-414-O09	231	OG0000841	K03589	cell division protein FtsQ	COG1589	FtsQ	Cell division septal protein FtsQ	AG-414-O09_01055	-2
CACFXK010000012.1	28488	29408	-	AG-414-O09_01054	AG-414-O09	306	OG0000580	K01921	D-alanine-D-alanine ligase [EC:6.3.2.4]	COG1181	DdlA	D-alanine-D-alanine ligase or related ATP-grasp enzyme	AG-414-O09_01055	-1
CACFXK010000012.1	29408	30316	-	AG-414-O09_01055	AG-414-O09	302	OG0000330	K00075	UDP-N-acetylmuramate dehydrogenase [EC:1.3.1.98]	COG0812	MurB	UDP-N-acetylenolpyruvoylglucosamine reductase	AG-414-O09_01055	0
CACFXK010000012.1	30316	31707	-	AG-414-O09_01056	AG-414-O09	463	OG0000265	K01924	UDP-N-acetylmuramate--alanine ligase [EC:6.3.2.8]	COG0773	MurC	UDP-N-acetylmuramate-alanine ligase MurC and related ligases, MurC/Mpl family	AG-414-O09_01055	1
CACFXK010000012.1	31697	32773	-	AG-414-O09_01057	AG-414-O09	358	OG0000489	K02563	UDP-N-acetylglucosamine--N-acetylmuramyl-(pentapeptide) pyrophosphoryl-undecaprenol N-acetylglucosamine transferase [EC:2.4.1.227]	COG0707	MurG	UDP-N-acetylglucosamine:LPS N-acetylglucosamine transferase	AG-414-O09_01055	2
CACFXK010000012.1	32778	33887	-	AG-414-O09_01058	AG-414-O09	369	OG0000615	NA	NA	COG0772	FtsW	Peptodoglycan polymerase FtsW/RodA/SpoVE	AG-414-O09_01055	3
CACFXK010000012.1	33891	35189	-	AG-414-O09_01059	AG-414-O09	432	OG0000817	NA	NA	COG0771	MurD	UDP-N-acetylmuramoylalanine-D-glutamate ligase	AG-414-O09_01055	4
CACFXK010000012.1	35189	36274	-	AG-414-O09_01060	AG-414-O09	361	OG0000019	K01000	phospho-N-acetylmuramoyl-pentapeptide-transferase [EC:2.7.8.13]	COG0472	Rfe	UDP-N-acetylmuramyl pentapeptide phosphotransferase/UDP-N-acetylglucosamine-1-phosphate transferase/archaeal AglH	AG-414-O09_01055	5
CACFXO010000002.1	167575	168420	-	AG-414-O11_00589	AG-414-O11	281	OG0000470	K05807	outer membrane protein assembly factor BamD	COG4105	BamD	Outer membrane protein assembly factor BamD, BamD/ComL family	AG-414-O11_00594	-5
CACFXO010000002.1	168469	169389	-	AG-414-O11_00590	AG-414-O11	306	OG0000300	K02535	UDP-3-O-[3-hydroxymyristoyl] N-acetylglucosamine deacetylase [EC:3.5.1.108]	COG0774	LpxC	UDP-3-O-acyl-N-acetylglucosamine deacetylase	AG-414-O11_00594	-4
CACFXO010000002.1	169454	170158	-	AG-414-O11_00591	AG-414-O11	234	OG0000537	NA	NA	NA	NA	NA	AG-414-O11_00594	-3
CACFXO010000002.1	170151	170822	-	AG-414-O11_00592	AG-414-O11	223	OG0000841	K03589	cell division protein FtsQ	COG1589	FtsQ	Cell division septal protein FtsQ	AG-414-O11_00594	-2
CACFXO010000002.1	170803	171717	-	AG-414-O11_00593	AG-414-O11	304	OG0000580	K01921	D-alanine-D-alanine ligase [EC:6.3.2.4]	COG1181	DdlA	D-alanine-D-alanine ligase or related ATP-grasp enzyme	AG-414-O11_00594	-1
CACFXO010000002.1	171719	172624	-	AG-414-O11_00594	AG-414-O11	301	OG0000330	K00075	UDP-N-acetylmuramate dehydrogenase [EC:1.3.1.98]	COG0812	MurB	UDP-N-acetylenolpyruvoylglucosamine reductase	AG-414-O11_00594	0
CACFXO010000002.1	172624	174018	-	AG-414-O11_00595	AG-414-O11	464	OG0000265	K01924	UDP-N-acetylmuramate--alanine ligase [EC:6.3.2.8]	COG0773	MurC	UDP-N-acetylmuramate-alanine ligase MurC and related ligases, MurC/Mpl family	AG-414-O11_00594	1
CACFXO010000002.1	174008	175075	-	AG-414-O11_00596	AG-414-O11	355	OG0000489	K02563	UDP-N-acetylglucosamine--N-acetylmuramyl-(pentapeptide) pyrophosphoryl-undecaprenol N-acetylglucosamine transferase [EC:2.4.1.227]	COG0707	MurG	UDP-N-acetylglucosamine:LPS N-acetylglucosamine transferase	AG-414-O11_00594	2
CACFXO010000002.1	175079	176200	-	AG-414-O11_00597	AG-414-O11	373	OG0000615	NA	NA	COG0772	FtsW	Peptodoglycan polymerase FtsW/RodA/SpoVE	AG-414-O11_00594	3
CACFXO010000002.1	176187	177485	-	AG-414-O11_00598	AG-414-O11	432	OG0000817	NA	NA	COG0771	MurD	UDP-N-acetylmuramoylalanine-D-glutamate ligase	AG-414-O11_00594	4
CACFXO010000002.1	177485	178570	-	AG-414-O11_00599	AG-414-O11	361	OG0000019	K01000	phospho-N-acetylmuramoyl-pentapeptide-transferase [EC:2.7.8.13]	COG0472	Rfe	UDP-N-acetylmuramyl pentapeptide phosphotransferase/UDP-N-acetylglucosamine-1-phosphate transferase/archaeal AglH	AG-414-O11_00594	5
CACFZK010000002.1	4006	5091	+	AG-422-A21_00170	AG-422-A21	361	OG0000019	K01000	phospho-N-acetylmuramoyl-pentapeptide-transferase [EC:2.7.8.13]	COG0472	Rfe	UDP-N-acetylmuramyl pentapeptide phosphotransferase/UDP-N-acetylglucosamine-1-phosphate transferase/archaeal AglH	AG-422-A21_00175	-5
CACFZK010000002.1	5095	6378	+	AG-422-A21_00171	AG-422-A21	427	OG0000817	NA	NA	COG0771	MurD	UDP-N-acetylmuramoylalanine-D-glutamate ligase	AG-422-A21_00175	-4
CACFZK010000002.1	6359	7474	+	AG-422-A21_00172	AG-422-A21	371	OG0000615	NA	NA	COG0772	FtsW	Peptodoglycan polymerase FtsW/RodA/SpoVE	AG-422-A21_00175	-3
CACFZK010000002.1	7474	8565	+	AG-422-A21_00173	AG-422-A21	363	OG0000489	K02563	UDP-N-acetylglucosamine--N-acetylmuramyl-(pentapeptide) pyrophosphoryl-undecaprenol N-acetylglucosamine transferase [EC:2.4.1.227]	COG0707	MurG	UDP-N-acetylglucosamine:LPS N-acetylglucosamine transferase	AG-422-A21_00175	-2
CACFZK010000002.1	8558	9949	+	AG-422-A21_00174	AG-422-A21	463	OG0000265	K01924	UDP-N-acetylmuramate--alanine ligase [EC:6.3.2.8]	COG0773	MurC	UDP-N-acetylmuramate-alanine ligase MurC and related ligases, MurC/Mpl family	AG-422-A21_00175	-1
CACFZK010000002.1	9950	10822	+	AG-422-A21_00175	AG-422-A21	290	OG0000330	K00075	UDP-N-acetylmuramate dehydrogenase [EC:1.3.1.98]	COG0812	MurB	UDP-N-acetylenolpyruvoylglucosamine reductase	AG-422-A21_00175	0
CACFZK010000002.1	10825	11757	+	AG-422-A21_00176	AG-422-A21	310	OG0000580	K01921	D-alanine-D-alanine ligase [EC:6.3.2.4]	COG1181	DdlA	D-alanine-D-alanine ligase or related ATP-grasp enzyme	AG-422-A21_00175	1
CACFZK010000002.1	11754	12428	+	AG-422-A21_00177	AG-422-A21	224	OG0000841	K03589	cell division protein FtsQ	COG1589	FtsQ	Cell division septal protein FtsQ	AG-422-A21_00175	2
CACFZK010000002.1	12434	13621	+	AG-422-A21_00178	AG-422-A21	395	OG0000537	K03590	cell division protein FtsA	COG0849	FtsA	Cell division ATPase FtsA	AG-422-A21_00175	3
CACFZK010000002.1	13695	14624	+	AG-422-A21_00179	AG-422-A21	309	OG0000300	K02535	UDP-3-O-[3-hydroxymyristoyl] N-acetylglucosamine deacetylase [EC:3.5.1.108]	COG0774	LpxC	UDP-3-O-acyl-N-acetylglucosamine deacetylase	AG-422-A21_00175	4
CACFZK010000002.1	14671	15501	+	AG-422-A21_00180	AG-422-A21	276	OG0000470	K05807	outer membrane protein assembly factor BamD	COG4105	BamD	Outer membrane protein assembly factor BamD, BamD/ComL family	AG-422-A21_00175	5
CACGAU010000005.1	68550	69395	-	AG-422-B22_00727	AG-422-B22	281	OG0000470	K05807	outer membrane protein assembly factor BamD	COG4105	BamD	Outer membrane protein assembly factor BamD, BamD/ComL family	AG-422-B22_00732	-5
CACGAU010000005.1	69442	70362	-	AG-422-B22_00728	AG-422-B22	306	OG0000300	K02535	UDP-3-O-[3-hydroxymyristoyl] N-acetylglucosamine deacetylase [EC:3.5.1.108]	COG0774	LpxC	UDP-3-O-acyl-N-acetylglucosamine deacetylase	AG-422-B22_00732	-4
CACGAU010000005.1	70427	71128	-	AG-422-B22_00729	AG-422-B22	233	OG0000537	NA	NA	COG0849	FtsA	Cell division ATPase FtsA	AG-422-B22_00732	-3
CACGAU010000005.1	71112	71792	-	AG-422-B22_00730	AG-422-B22	226	OG0000841	K03589	cell division protein FtsQ	COG1589	FtsQ	Cell division septal protein FtsQ	AG-422-B22_00732	-2
CACGAU010000005.1	71773	72687	-	AG-422-B22_00731	AG-422-B22	304	OG0000580	K01921	D-alanine-D-alanine ligase [EC:6.3.2.4]	COG1181	DdlA	D-alanine-D-alanine ligase or related ATP-grasp enzyme	AG-422-B22_00732	-1
CACGAU010000005.1	72689	73594	-	AG-422-B22_00732	AG-422-B22	301	OG0000330	K00075	UDP-N-acetylmuramate dehydrogenase [EC:1.3.1.98]	COG0812	MurB	UDP-N-acetylenolpyruvoylglucosamine reductase	AG-422-B22_00732	0
CACGAU010000005.1	73591	74988	-	AG-422-B22_00733	AG-422-B22	465	OG0000265	K01924	UDP-N-acetylmuramate--alanine ligase [EC:6.3.2.8]	COG0773	MurC	UDP-N-acetylmuramate-alanine ligase MurC and related ligases, MurC/Mpl family	AG-422-B22_00732	1
CACGAU010000005.1	74978	76042	-	AG-422-B22_00734	AG-422-B22	354	OG0000489	K02563	UDP-N-acetylglucosamine--N-acetylmuramyl-(pentapeptide) pyrophosphoryl-undecaprenol N-acetylglucosamine transferase [EC:2.4.1.227]	COG0707	MurG	UDP-N-acetylglucosamine:LPS N-acetylglucosamine transferase	AG-422-B22_00732	2
CACGAU010000005.1	76043	77167	-	AG-422-B22_00735	AG-422-B22	374	OG0000615	NA	NA	COG0772	FtsW	Peptodoglycan polymerase FtsW/RodA/SpoVE	AG-422-B22_00732	3
CACGAU010000005.1	77154	78452	-	AG-422-B22_00736	AG-422-B22	432	OG0000817	NA	NA	COG0771	MurD	UDP-N-acetylmuramoylalanine-D-glutamate ligase	AG-422-B22_00732	4
CACGAU010000005.1	78452	79537	-	AG-422-B22_00737	AG-422-B22	361	OG0000019	K01000	phospho-N-acetylmuramoyl-pentapeptide-transferase [EC:2.7.8.13]	COG0472	Rfe	UDP-N-acetylmuramyl pentapeptide phosphotransferase/UDP-N-acetylglucosamine-1-phosphate transferase/archaeal AglH	AG-422-B22_00732	5
CACGBP010000001.1	127958	128716	-	AG-422-C13_00134	AG-422-C13	252	OG0001210	NA	NA	COG0463	WcaA	Glycosyltransferase involved in cell wall bisynthesis	AG-422-C13_00139	-5
CACGBP010000001.1	128773	129933	+	AG-422-C13_00135	AG-422-C13	386	OG0000010	NA	NA	COG0438	RfaB	Lipopolysaccharide 1,6-galactosyltransferase, GT1 family	AG-422-C13_00139	-4
CACGBP010000001.1	129923	131026	+	AG-422-C13_00136	AG-422-C13	367	OG0000010	NA	NA	COG0438	RfaB	Lipopolysaccharide 1,6-galactosyltransferase, GT1 family	AG-422-C13_00139	-3
CACGBP010000001.1	131049	131831	+	AG-422-C13_00137	AG-422-C13	260	OG0000045	NA	NA	NA	NA	NA	AG-422-C13_00139	-2
CACGBP010000001.1	131828	133222	+	AG-422-C13_00138	AG-422-C13	464	OG0000265	K01924	UDP-N-acetylmuramate--alanine ligase [EC:6.3.2.8]	COG0773	MurC	UDP-N-acetylmuramate-alanine ligase MurC and related ligases, MurC/Mpl family	AG-422-C13_00139	-1
CACGBP010000001.1	133219	134127	+	AG-422-C13_00139	AG-422-C13	302	OG0000330	K00075	UDP-N-acetylmuramate dehydrogenase [EC:1.3.1.98]	COG0812	MurB	UDP-N-acetylenolpyruvoylglucosamine reductase	AG-422-C13_00139	0
CACGBP010000001.1	134129	135193	+	AG-422-C13_00140	AG-422-C13	354	OG0000489	K02563	UDP-N-acetylglucosamine--N-acetylmuramyl-(pentapeptide) pyrophosphoryl-undecaprenol N-acetylglucosamine transferase [EC:2.4.1.227]	COG0707	MurG	UDP-N-acetylglucosamine:LPS N-acetylglucosamine transferase	AG-422-C13_00139	1
CACGBP010000001.1	135183	135926	+	AG-422-C13_00141	AG-422-C13	247	OG0001189	K16698	teichuronic acid biosynthesis glycosyltransferase TuaG [EC:2.4.-.-]	COG0463	WcaA	Glycosyltransferase involved in cell wall bisynthesis	AG-422-C13_00139	2
CACGBP010000001.1	135926	136933	+	AG-422-C13_00142	AG-422-C13	335	OG0000019	NA	NA	COG0472	Rfe	UDP-N-acetylmuramyl pentapeptide phosphotransferase/UDP-N-acetylglucosamine-1-phosphate transferase/archaeal AglH	AG-422-C13_00139	3
CACGBP010000001.1	136925	138169	-	AG-422-C13_00143	AG-422-C13	414	OG0000888	NA	NA	COG3307	RfaL	O-antigen ligase	AG-422-C13_00139	4
CACGBP010000001.1	138162	138833	-	AG-422-C13_00144	AG-422-C13	223	OG0000043	NA	NA	COG0463	WcaA	Glycosyltransferase involved in cell wall bisynthesis	AG-422-C13_00139	5
CACGBZ010000001.1	271022	272107	+	AG-422-C20_00287	AG-422-C20	361	OG0000019	K01000	phospho-N-acetylmuramoyl-pentapeptide-transferase [EC:2.7.8.13]	COG0472	Rfe	UDP-N-acetylmuramyl pentapeptide phosphotransferase/UDP-N-acetylglucosamine-1-phosphate transferase/archaeal AglH	AG-422-C20_00292	-5
CACGBZ010000001.1	272107	273405	+	AG-422-C20_00288	AG-422-C20	432	OG0000817	NA	NA	COG0771	MurD	UDP-N-acetylmuramoylalanine-D-glutamate ligase	AG-422-C20_00292	-4
CACGBZ010000001.1	273392	274513	+	AG-422-C20_00289	AG-422-C20	373	OG0000615	NA	NA	COG0772	FtsW	Peptodoglycan polymerase FtsW/RodA/SpoVE	AG-422-C20_00292	-3
CACGBZ010000001.1	274517	275581	+	AG-422-C20_00290	AG-422-C20	354	OG0000489	K02563	UDP-N-acetylglucosamine--N-acetylmuramyl-(pentapeptide) pyrophosphoryl-undecaprenol N-acetylglucosamine transferase [EC:2.4.1.227]	COG0707	MurG	UDP-N-acetylglucosamine:LPS N-acetylglucosamine transferase	AG-422-C20_00292	-2
CACGBZ010000001.1	275571	276968	+	AG-422-C20_00291	AG-422-C20	465	OG0000265	K01924	UDP-N-acetylmuramate--alanine ligase [EC:6.3.2.8]	COG0773	MurC	UDP-N-acetylmuramate-alanine ligase MurC and related ligases, MurC/Mpl family	AG-422-C20_00292	-1
CACGBZ010000001.1	276965	277870	+	AG-422-C20_00292	AG-422-C20	301	OG0000330	K00075	UDP-N-acetylmuramate dehydrogenase [EC:1.3.1.98]	COG0812	MurB	UDP-N-acetylenolpyruvoylglucosamine reductase	AG-422-C20_00292	0
CACGBZ010000001.1	277872	278786	+	AG-422-C20_00293	AG-422-C20	304	OG0000580	K01921	D-alanine-D-alanine ligase [EC:6.3.2.4]	COG1181	DdlA	D-alanine-D-alanine ligase or related ATP-grasp enzyme	AG-422-C20_00292	1
CACGBZ010000001.1	278767	279438	+	AG-422-C20_00294	AG-422-C20	223	OG0000841	K03589	cell division protein FtsQ	COG1589	FtsQ	Cell division septal protein FtsQ	AG-422-C20_00292	2
CACGBZ010000001.1	279431	280129	+	AG-422-C20_00295	AG-422-C20	232	OG0000537	NA	NA	NA	NA	NA	AG-422-C20_00292	3
CACGBZ010000001.1	280192	281112	+	AG-422-C20_00296	AG-422-C20	306	OG0000300	K02535	UDP-3-O-[3-hydroxymyristoyl] N-acetylglucosamine deacetylase [EC:3.5.1.108]	COG0774	LpxC	UDP-3-O-acyl-N-acetylglucosamine deacetylase	AG-422-C20_00292	4
CACGBZ010000001.1	281163	282005	+	AG-422-C20_00297	AG-422-C20	280	OG0000470	K05807	outer membrane protein assembly factor BamD	COG4105	BamD	Outer membrane protein assembly factor BamD, BamD/ComL family	AG-422-C20_00292	5
CACGCK010000002.1	6008	7090	+	AG-422-C21_00569	AG-422-C21	360	OG0000019	K01000	phospho-N-acetylmuramoyl-pentapeptide-transferase [EC:2.7.8.13]	COG0472	Rfe	UDP-N-acetylmuramyl pentapeptide phosphotransferase/UDP-N-acetylglucosamine-1-phosphate transferase/archaeal AglH	AG-422-C21_00574	-5
CACGCK010000002.1	7095	8411	+	AG-422-C21_00570	AG-422-C21	438	OG0000817	NA	NA	COG0771	MurD	UDP-N-acetylmuramoylalanine-D-glutamate ligase	AG-422-C21_00574	-4
CACGCK010000002.1	8411	9523	+	AG-422-C21_00571	AG-422-C21	370	OG0000615	NA	NA	COG0772	FtsW	Peptodoglycan polymerase FtsW/RodA/SpoVE	AG-422-C21_00574	-3
CACGCK010000002.1	9533	10591	+	AG-422-C21_00572	AG-422-C21	352	OG0000489	K02563	UDP-N-acetylglucosamine--N-acetylmuramyl-(pentapeptide) pyrophosphoryl-undecaprenol N-acetylglucosamine transferase [EC:2.4.1.227]	COG0707	MurG	UDP-N-acetylglucosamine:LPS N-acetylglucosamine transferase	AG-422-C21_00574	-2
CACGCK010000002.1	10588	11979	+	AG-422-C21_00573	AG-422-C21	463	OG0000265	K01924	UDP-N-acetylmuramate--alanine ligase [EC:6.3.2.8]	COG0773	MurC	UDP-N-acetylmuramate-alanine ligase MurC and related ligases, MurC/Mpl family	AG-422-C21_00574	-1
CACGCK010000002.1	11972	12895	+	AG-422-C21_00574	AG-422-C21	307	OG0000330	K00075	UDP-N-acetylmuramate dehydrogenase [EC:1.3.1.98]	COG0812	MurB	UDP-N-acetylenolpyruvoylglucosamine reductase	AG-422-C21_00574	0
CACGCK010000002.1	12892	13800	+	AG-422-C21_00575	AG-422-C21	302	OG0000580	K01921	D-alanine-D-alanine ligase [EC:6.3.2.4]	COG1181	DdlA	D-alanine-D-alanine ligase or related ATP-grasp enzyme	AG-422-C21_00574	1
CACGCK010000002.1	13784	14518	+	AG-422-C21_00576	AG-422-C21	244	OG0000841	K03589	cell division protein FtsQ	COG1589	FtsQ	Cell division septal protein FtsQ	AG-422-C21_00574	2
CACGCK010000002.1	14518	15705	+	AG-422-C21_00577	AG-422-C21	395	OG0000537	K03590	cell division protein FtsA	COG0849	FtsA	Cell division ATPase FtsA	AG-422-C21_00574	3
CACGCK010000002.1	15770	16696	+	AG-422-C21_00578	AG-422-C21	308	OG0000300	K02535	UDP-3-O-[3-hydroxymyristoyl] N-acetylglucosamine deacetylase [EC:3.5.1.108]	COG0774	LpxC	UDP-3-O-acyl-N-acetylglucosamine deacetylase	AG-422-C21_00574	4
CACGCK010000002.1	16746	17504	+	AG-422-C21_00579	AG-422-C21	252	OG0000470	K05807	outer membrane protein assembly factor BamD	COG4105	BamD	Outer membrane protein assembly factor BamD, BamD/ComL family	AG-422-C21_00574	5
CACGDQ010000001.1	380453	381538	+	AG-422-D23_00401	AG-422-D23	361	OG0000019	K01000	phospho-N-acetylmuramoyl-pentapeptide-transferase [EC:2.7.8.13]	COG0472	Rfe	UDP-N-acetylmuramyl pentapeptide phosphotransferase/UDP-N-acetylglucosamine-1-phosphate transferase/archaeal AglH	AG-422-D23_00406	-5
CACGDQ010000001.1	381538	382836	+	AG-422-D23_00402	AG-422-D23	432	OG0000817	NA	NA	COG0771	MurD	UDP-N-acetylmuramoylalanine-D-glutamate ligase	AG-422-D23_00406	-4
CACGDQ010000001.1	382823	383944	+	AG-422-D23_00403	AG-422-D23	373	OG0000615	NA	NA	COG0772	FtsW	Peptodoglycan polymerase FtsW/RodA/SpoVE	AG-422-D23_00406	-3
CACGDQ010000001.1	383948	385012	+	AG-422-D23_00404	AG-422-D23	354	OG0000489	K02563	UDP-N-acetylglucosamine--N-acetylmuramyl-(pentapeptide) pyrophosphoryl-undecaprenol N-acetylglucosamine transferase [EC:2.4.1.227]	COG0707	MurG	UDP-N-acetylglucosamine:LPS N-acetylglucosamine transferase	AG-422-D23_00406	-2
CACGDQ010000001.1	385002	386399	+	AG-422-D23_00405	AG-422-D23	465	OG0000265	K01924	UDP-N-acetylmuramate--alanine ligase [EC:6.3.2.8]	COG0773	MurC	UDP-N-acetylmuramate-alanine ligase MurC and related ligases, MurC/Mpl family	AG-422-D23_00406	-1
CACGDQ010000001.1	386396	387301	+	AG-422-D23_00406	AG-422-D23	301	OG0000330	K00075	UDP-N-acetylmuramate dehydrogenase [EC:1.3.1.98]	COG0812	MurB	UDP-N-acetylenolpyruvoylglucosamine reductase	AG-422-D23_00406	0
CACGDQ010000001.1	387303	388217	+	AG-422-D23_00407	AG-422-D23	304	OG0000580	K01921	D-alanine-D-alanine ligase [EC:6.3.2.4]	COG1181	DdlA	D-alanine-D-alanine ligase or related ATP-grasp enzyme	AG-422-D23_00406	1
CACGDQ010000001.1	388198	388869	+	AG-422-D23_00408	AG-422-D23	223	OG0000841	K03589	cell division protein FtsQ	COG1589	FtsQ	Cell division septal protein FtsQ	AG-422-D23_00406	2
CACGDQ010000001.1	388862	389566	+	AG-422-D23_00409	AG-422-D23	234	OG0000537	NA	NA	NA	NA	NA	AG-422-D23_00406	3
CACGDQ010000001.1	389631	390551	+	AG-422-D23_00410	AG-422-D23	306	OG0000300	K02535	UDP-3-O-[3-hydroxymyristoyl] N-acetylglucosamine deacetylase [EC:3.5.1.108]	COG0774	LpxC	UDP-3-O-acyl-N-acetylglucosamine deacetylase	AG-422-D23_00406	4
CACGDQ010000001.1	390600	391439	+	AG-422-D23_00411	AG-422-D23	279	OG0000470	K05807	outer membrane protein assembly factor BamD	COG4105	BamD	Outer membrane protein assembly factor BamD, BamD/ComL family	AG-422-D23_00406	5
CACGDZ010000001.1	66690	67775	+	AG-422-E09_00071	AG-422-E09	361	OG0000019	K01000	phospho-N-acetylmuramoyl-pentapeptide-transferase [EC:2.7.8.13]	COG0472	Rfe	UDP-N-acetylmuramyl pentapeptide phosphotransferase/UDP-N-acetylglucosamine-1-phosphate transferase/archaeal AglH	AG-422-E09_00076	-5
CACGDZ010000001.1	67775	69073	+	AG-422-E09_00072	AG-422-E09	432	OG0000817	NA	NA	COG0771	MurD	UDP-N-acetylmuramoylalanine-D-glutamate ligase	AG-422-E09_00076	-4
CACGDZ010000001.1	69060	70181	+	AG-422-E09_00073	AG-422-E09	373	OG0000615	NA	NA	COG0772	FtsW	Peptodoglycan polymerase FtsW/RodA/SpoVE	AG-422-E09_00076	-3
CACGDZ010000001.1	70185	71249	+	AG-422-E09_00074	AG-422-E09	354	OG0000489	K02563	UDP-N-acetylglucosamine--N-acetylmuramyl-(pentapeptide) pyrophosphoryl-undecaprenol N-acetylglucosamine transferase [EC:2.4.1.227]	COG0707	MurG	UDP-N-acetylglucosamine:LPS N-acetylglucosamine transferase	AG-422-E09_00076	-2
CACGDZ010000001.1	71239	72636	+	AG-422-E09_00075	AG-422-E09	465	OG0000265	K01924	UDP-N-acetylmuramate--alanine ligase [EC:6.3.2.8]	COG0773	MurC	UDP-N-acetylmuramate-alanine ligase MurC and related ligases, MurC/Mpl family	AG-422-E09_00076	-1
CACGDZ010000001.1	72633	73538	+	AG-422-E09_00076	AG-422-E09	301	OG0000330	K00075	UDP-N-acetylmuramate dehydrogenase [EC:1.3.1.98]	COG0812	MurB	UDP-N-acetylenolpyruvoylglucosamine reductase	AG-422-E09_00076	0
CACGDZ010000001.1	73540	74454	+	AG-422-E09_00077	AG-422-E09	304	OG0000580	K01921	D-alanine-D-alanine ligase [EC:6.3.2.4]	COG1181	DdlA	D-alanine-D-alanine ligase or related ATP-grasp enzyme	AG-422-E09_00076	1
CACGDZ010000001.1	74435	75106	+	AG-422-E09_00078	AG-422-E09	223	OG0000841	K03589	cell division protein FtsQ	COG1589	FtsQ	Cell division septal protein FtsQ	AG-422-E09_00076	2
CACGDZ010000001.1	75099	75803	+	AG-422-E09_00079	AG-422-E09	234	OG0000537	NA	NA	NA	NA	NA	AG-422-E09_00076	3
CACGDZ010000001.1	75868	76788	+	AG-422-E09_00080	AG-422-E09	306	OG0000300	K02535	UDP-3-O-[3-hydroxymyristoyl] N-acetylglucosamine deacetylase [EC:3.5.1.108]	COG0774	LpxC	UDP-3-O-acyl-N-acetylglucosamine deacetylase	AG-422-E09_00076	4
CACGDZ010000001.1	76838	77671	+	AG-422-E09_00081	AG-422-E09	277	OG0000470	K05807	outer membrane protein assembly factor BamD	COG4105	BamD	Outer membrane protein assembly factor BamD, BamD/ComL family	AG-422-E09_00076	5
CACGEW010000002.1	81586	82671	+	AG-422-F15_00248	AG-422-F15	361	OG0000019	K01000	phospho-N-acetylmuramoyl-pentapeptide-transferase [EC:2.7.8.13]	COG0472	Rfe	UDP-N-acetylmuramyl pentapeptide phosphotransferase/UDP-N-acetylglucosamine-1-phosphate transferase/archaeal AglH	AG-422-F15_00253	-5
CACGEW010000002.1	82675	83952	+	AG-422-F15_00249	AG-422-F15	425	OG0000817	NA	NA	COG0771	MurD	UDP-N-acetylmuramoylalanine-D-glutamate ligase	AG-422-F15_00253	-4
CACGEW010000002.1	83906	85060	+	AG-422-F15_00250	AG-422-F15	384	OG0000615	NA	NA	COG0772	FtsW	Peptodoglycan polymerase FtsW/RodA/SpoVE	AG-422-F15_00253	-3
CACGEW010000002.1	85053	86144	+	AG-422-F15_00251	AG-422-F15	363	OG0000489	K02563	UDP-N-acetylglucosamine--N-acetylmuramyl-(pentapeptide) pyrophosphoryl-undecaprenol N-acetylglucosamine transferase [EC:2.4.1.227]	COG0707	MurG	UDP-N-acetylglucosamine:LPS N-acetylglucosamine transferase	AG-422-F15_00253	-2
CACGEW010000002.1	86131	87528	+	AG-422-F15_00252	AG-422-F15	465	OG0000265	K01924	UDP-N-acetylmuramate--alanine ligase [EC:6.3.2.8]	COG0773	MurC	UDP-N-acetylmuramate-alanine ligase MurC and related ligases, MurC/Mpl family	AG-422-F15_00253	-1
CACGEW010000002.1	87498	88430	+	AG-422-F15_00253	AG-422-F15	310	OG0000330	K00075	UDP-N-acetylmuramate dehydrogenase [EC:1.3.1.98]	COG0812	MurB	UDP-N-acetylenolpyruvoylglucosamine reductase	AG-422-F15_00253	0
CACGEW010000002.1	88423	89361	+	AG-422-F15_00254	AG-422-F15	312	OG0000580	K01921	D-alanine-D-alanine ligase [EC:6.3.2.4]	COG1181	DdlA	D-alanine-D-alanine ligase or related ATP-grasp enzyme	AG-422-F15_00253	1
CACGEW010000002.1	89358	90014	+	AG-422-F15_00255	AG-422-F15	218	OG0000841	K03589	cell division protein FtsQ	COG1589	FtsQ	Cell division septal protein FtsQ	AG-422-F15_00253	2
CACGEW010000002.1	90018	91211	+	AG-422-F15_00256	AG-422-F15	397	OG0000537	NA	NA	COG0849	FtsA	Cell division ATPase FtsA	AG-422-F15_00253	3
CACGEW010000002.1	91278	92204	+	AG-422-F15_00257	AG-422-F15	308	OG0000300	K02535	UDP-3-O-[3-hydroxymyristoyl] N-acetylglucosamine deacetylase [EC:3.5.1.108]	COG0774	LpxC	UDP-3-O-acyl-N-acetylglucosamine deacetylase	AG-422-F15_00253	4
CACGEW010000002.1	92260	93099	+	AG-422-F15_00258	AG-422-F15	279	OG0000470	K05807	outer membrane protein assembly factor BamD	COG4105	BamD	Outer membrane protein assembly factor BamD, BamD/ComL family	AG-422-F15_00253	5
CACGGJ010000002.1	69734	70573	-	AG-422-G03_00282	AG-422-G03	279	OG0000470	K05807	outer membrane protein assembly factor BamD	COG4105	BamD	Outer membrane protein assembly factor BamD, BamD/ComL family	AG-422-G03_00287	-5
CACGGJ010000002.1	70621	71541	-	AG-422-G03_00283	AG-422-G03	306	OG0000300	K02535	UDP-3-O-[3-hydroxymyristoyl] N-acetylglucosamine deacetylase [EC:3.5.1.108]	COG0774	LpxC	UDP-3-O-acyl-N-acetylglucosamine deacetylase	AG-422-G03_00287	-4
CACGGJ010000002.1	71606	72304	-	AG-422-G03_00284	AG-422-G03	232	OG0000537	NA	NA	NA	NA	NA	AG-422-G03_00287	-3
CACGGJ010000002.1	72297	72965	-	AG-422-G03_00285	AG-422-G03	222	OG0000841	K03589	cell division protein FtsQ	COG1589	FtsQ	Cell division septal protein FtsQ	AG-422-G03_00287	-2
CACGGJ010000002.1	72946	73860	-	AG-422-G03_00286	AG-422-G03	304	OG0000580	K01921	D-alanine-D-alanine ligase [EC:6.3.2.4]	COG1181	DdlA	D-alanine-D-alanine ligase or related ATP-grasp enzyme	AG-422-G03_00287	-1
CACGGJ010000002.1	73862	74767	-	AG-422-G03_00287	AG-422-G03	301	OG0000330	K00075	UDP-N-acetylmuramate dehydrogenase [EC:1.3.1.98]	COG0812	MurB	UDP-N-acetylenolpyruvoylglucosamine reductase	AG-422-G03_00287	0
CACGGJ010000002.1	74764	76161	-	AG-422-G03_00288	AG-422-G03	465	OG0000265	K01924	UDP-N-acetylmuramate--alanine ligase [EC:6.3.2.8]	COG0773	MurC	UDP-N-acetylmuramate-alanine ligase MurC and related ligases, MurC/Mpl family	AG-422-G03_00287	1
CACGGJ010000002.1	76151	77215	-	AG-422-G03_00289	AG-422-G03	354	OG0000489	K02563	UDP-N-acetylglucosamine--N-acetylmuramyl-(pentapeptide) pyrophosphoryl-undecaprenol N-acetylglucosamine transferase [EC:2.4.1.227]	COG0707	MurG	UDP-N-acetylglucosamine:LPS N-acetylglucosamine transferase	AG-422-G03_00287	2
CACGGJ010000002.1	77219	78340	-	AG-422-G03_00290	AG-422-G03	373	OG0000615	NA	NA	COG0772	FtsW	Peptodoglycan polymerase FtsW/RodA/SpoVE	AG-422-G03_00287	3
CACGGJ010000002.1	78327	79625	-	AG-422-G03_00291	AG-422-G03	432	OG0000817	NA	NA	COG0771	MurD	UDP-N-acetylmuramoylalanine-D-glutamate ligase	AG-422-G03_00287	4
CACGGJ010000002.1	79625	80710	-	AG-422-G03_00292	AG-422-G03	361	OG0000019	K01000	phospho-N-acetylmuramoyl-pentapeptide-transferase [EC:2.7.8.13]	COG0472	Rfe	UDP-N-acetylmuramyl pentapeptide phosphotransferase/UDP-N-acetylglucosamine-1-phosphate transferase/archaeal AglH	AG-422-G03_00287	5
CACGKL010000004.1	52423	53508	+	AG-422-K17_00522	AG-422-K17	361	OG0000019	K01000	phospho-N-acetylmuramoyl-pentapeptide-transferase [EC:2.7.8.13]	COG0472	Rfe	UDP-N-acetylmuramyl pentapeptide phosphotransferase/UDP-N-acetylglucosamine-1-phosphate transferase/archaeal AglH	AG-422-K17_00527	-5
CACGKL010000004.1	53512	54798	+	AG-422-K17_00523	AG-422-K17	428	OG0000817	NA	NA	COG0771	MurD	UDP-N-acetylmuramoylalanine-D-glutamate ligase	AG-422-K17_00527	-4
CACGKL010000004.1	54779	55906	+	AG-422-K17_00524	AG-422-K17	375	OG0000615	NA	NA	COG0772	FtsW	Peptodoglycan polymerase FtsW/RodA/SpoVE	AG-422-K17_00527	-3
CACGKL010000004.1	55899	56996	+	AG-422-K17_00525	AG-422-K17	365	OG0000489	K02563	UDP-N-acetylglucosamine--N-acetylmuramyl-(pentapeptide) pyrophosphoryl-undecaprenol N-acetylglucosamine transferase [EC:2.4.1.227]	COG0707	MurG	UDP-N-acetylglucosamine:LPS N-acetylglucosamine transferase	AG-422-K17_00527	-2
CACGKL010000004.1	56983	58380	+	AG-422-K17_00526	AG-422-K17	465	OG0000265	K01924	UDP-N-acetylmuramate--alanine ligase [EC:6.3.2.8]	COG0773	MurC	UDP-N-acetylmuramate-alanine ligase MurC and related ligases, MurC/Mpl family	AG-422-K17_00527	-1
CACGKL010000004.1	58350	59291	+	AG-422-K17_00527	AG-422-K17	313	OG0000330	K00075	UDP-N-acetylmuramate dehydrogenase [EC:1.3.1.98]	COG0812	MurB	UDP-N-acetylenolpyruvoylglucosamine reductase	AG-422-K17_00527	0
CACGKL010000004.1	59275	60207	+	AG-422-K17_00528	AG-422-K17	310	OG0000580	K01921	D-alanine-D-alanine ligase [EC:6.3.2.4]	COG1181	DdlA	D-alanine-D-alanine ligase or related ATP-grasp enzyme	AG-422-K17_00527	1
CACGKL010000004.1	60204	60863	+	AG-422-K17_00529	AG-422-K17	219	OG0000841	K03589	cell division protein FtsQ	COG1589	FtsQ	Cell division septal protein FtsQ	AG-422-K17_00527	2
CACGKL010000004.1	60867	62063	+	AG-422-K17_00530	AG-422-K17	398	OG0000537	NA	NA	COG0849	FtsA	Cell division ATPase FtsA	AG-422-K17_00527	3
CACGKL010000004.1	62126	63055	+	AG-422-K17_00531	AG-422-K17	309	OG0000300	K02535	UDP-3-O-[3-hydroxymyristoyl] N-acetylglucosamine deacetylase [EC:3.5.1.108]	COG0774	LpxC	UDP-3-O-acyl-N-acetylglucosamine deacetylase	AG-422-K17_00527	4
CACGKL010000004.1	63102	63941	+	AG-422-K17_00532	AG-422-K17	279	OG0000470	K05807	outer membrane protein assembly factor BamD	COG4105	BamD	Outer membrane protein assembly factor BamD, BamD/ComL family	AG-422-K17_00527	5
CACGMC010000001.1	85815	86900	+	AG-422-L15_00094	AG-422-L15	361	OG0000019	K01000	phospho-N-acetylmuramoyl-pentapeptide-transferase [EC:2.7.8.13]	COG0472	Rfe	UDP-N-acetylmuramyl pentapeptide phosphotransferase/UDP-N-acetylglucosamine-1-phosphate transferase/archaeal AglH	AG-422-L15_00099	-5
CACGMC010000001.1	86900	88174	+	AG-422-L15_00095	AG-422-L15	424	OG0000817	NA	NA	COG0771	MurD	UDP-N-acetylmuramoylalanine-D-glutamate ligase	AG-422-L15_00099	-4
CACGMC010000001.1	88155	89282	+	AG-422-L15_00096	AG-422-L15	375	OG0000615	NA	NA	COG0772	FtsW	Peptodoglycan polymerase FtsW/RodA/SpoVE	AG-422-L15_00099	-3
CACGMC010000001.1	89275	90357	+	AG-422-L15_00097	AG-422-L15	360	OG0000489	K02563	UDP-N-acetylglucosamine--N-acetylmuramyl-(pentapeptide) pyrophosphoryl-undecaprenol N-acetylglucosamine transferase [EC:2.4.1.227]	COG0707	MurG	UDP-N-acetylglucosamine:LPS N-acetylglucosamine transferase	AG-422-L15_00099	-2
CACGMC010000001.1	90347	91741	+	AG-422-L15_00098	AG-422-L15	464	OG0000265	K01924	UDP-N-acetylmuramate--alanine ligase [EC:6.3.2.8]	COG0773	MurC	UDP-N-acetylmuramate-alanine ligase MurC and related ligases, MurC/Mpl family	AG-422-L15_00099	-1
CACGMC010000001.1	91738	92652	+	AG-422-L15_00099	AG-422-L15	304	OG0000330	K00075	UDP-N-acetylmuramate dehydrogenase [EC:1.3.1.98]	COG0812	MurB	UDP-N-acetylenolpyruvoylglucosamine reductase	AG-422-L15_00099	0
CACGMC010000001.1	92645	93574	+	AG-422-L15_00100	AG-422-L15	309	OG0000580	K01921	D-alanine-D-alanine ligase [EC:6.3.2.4]	COG1181	DdlA	D-alanine-D-alanine ligase or related ATP-grasp enzyme	AG-422-L15_00099	1
CACGMC010000001.1	93571	94236	+	AG-422-L15_00101	AG-422-L15	221	OG0000841	K03589	cell division protein FtsQ	COG1589	FtsQ	Cell division septal protein FtsQ	AG-422-L15_00099	2
CACGMC010000001.1	94237	95427	+	AG-422-L15_00102	AG-422-L15	396	OG0000537	K03590	cell division protein FtsA	COG0849	FtsA	Cell division ATPase FtsA	AG-422-L15_00099	3
CACGMC010000001.1	95492	96418	+	AG-422-L15_00103	AG-422-L15	308	OG0000300	K02535	UDP-3-O-[3-hydroxymyristoyl] N-acetylglucosamine deacetylase [EC:3.5.1.108]	COG0774	LpxC	UDP-3-O-acyl-N-acetylglucosamine deacetylase	AG-422-L15_00099	4
CACGMC010000001.1	96464	97303	+	AG-422-L15_00104	AG-422-L15	279	OG0000470	K05807	outer membrane protein assembly factor BamD	COG4105	BamD	Outer membrane protein assembly factor BamD, BamD/ComL family	AG-422-L15_00099	5
CACGOM010000006.1	26235	27074	-	AG-422-N14_00540	AG-422-N14	279	OG0000470	K05807	outer membrane protein assembly factor BamD	COG4105	BamD	Outer membrane protein assembly factor BamD, BamD/ComL family	AG-422-N14_00545	-5
CACGOM010000006.1	27112	28032	-	AG-422-N14_00541	AG-422-N14	306	OG0000300	K02535	UDP-3-O-[3-hydroxymyristoyl] N-acetylglucosamine deacetylase [EC:3.5.1.108]	COG0774	LpxC	UDP-3-O-acyl-N-acetylglucosamine deacetylase	AG-422-N14_00545	-4
CACGOM010000006.1	28092	29234	-	AG-422-N14_00542	AG-422-N14	380	OG0000537	NA	NA	COG0849	FtsA	Cell division ATPase FtsA	AG-422-N14_00545	-3
CACGOM010000006.1	29231	29917	-	AG-422-N14_00543	AG-422-N14	228	OG0000841	K03589	cell division protein FtsQ	COG1589	FtsQ	Cell division septal protein FtsQ	AG-422-N14_00545	-2
CACGOM010000006.1	29895	30812	-	AG-422-N14_00544	AG-422-N14	305	OG0000580	K01921	D-alanine-D-alanine ligase [EC:6.3.2.4]	COG1181	DdlA	D-alanine-D-alanine ligase or related ATP-grasp enzyme	AG-422-N14_00545	-1
CACGOM010000006.1	30815	31732	-	AG-422-N14_00545	AG-422-N14	305	OG0000330	K00075	UDP-N-acetylmuramate dehydrogenase [EC:1.3.1.98]	COG0812	MurB	UDP-N-acetylenolpyruvoylglucosamine reductase	AG-422-N14_00545	0
CACGOM010000006.1	31729	33126	-	AG-422-N14_00546	AG-422-N14	465	OG0000265	K01924	UDP-N-acetylmuramate--alanine ligase [EC:6.3.2.8]	COG0773	MurC	UDP-N-acetylmuramate-alanine ligase MurC and related ligases, MurC/Mpl family	AG-422-N14_00545	1
CACGOM010000006.1	33116	34183	-	AG-422-N14_00547	AG-422-N14	355	OG0000489	K02563	UDP-N-acetylglucosamine--N-acetylmuramyl-(pentapeptide) pyrophosphoryl-undecaprenol N-acetylglucosamine transferase [EC:2.4.1.227]	COG0707	MurG	UDP-N-acetylglucosamine:LPS N-acetylglucosamine transferase	AG-422-N14_00545	2
CACGOM010000006.1	34180	35301	-	AG-422-N14_00548	AG-422-N14	373	OG0000615	NA	NA	COG0772	FtsW	Peptodoglycan polymerase FtsW/RodA/SpoVE	AG-422-N14_00545	3
CACGOM010000006.1	35303	36595	-	AG-422-N14_00549	AG-422-N14	430	OG0000817	NA	NA	COG0771	MurD	UDP-N-acetylmuramoylalanine-D-glutamate ligase	AG-422-N14_00545	4
CACGOM010000006.1	36596	37681	-	AG-422-N14_00550	AG-422-N14	361	OG0000019	K01000	phospho-N-acetylmuramoyl-pentapeptide-transferase [EC:2.7.8.13]	COG0472	Rfe	UDP-N-acetylmuramyl pentapeptide phosphotransferase/UDP-N-acetylglucosamine-1-phosphate transferase/archaeal AglH	AG-422-N14_00545	5
CACGON010000001.1	290292	291377	+	AG-422-N15_00319	AG-422-N15	361	OG0000019	K01000	phospho-N-acetylmuramoyl-pentapeptide-transferase [EC:2.7.8.13]	COG0472	Rfe	UDP-N-acetylmuramyl pentapeptide phosphotransferase/UDP-N-acetylglucosamine-1-phosphate transferase/archaeal AglH	AG-422-N15_00324	-5
CACGON010000001.1	291377	292684	+	AG-422-N15_00320	AG-422-N15	435	OG0000817	NA	NA	COG0771	MurD	UDP-N-acetylmuramoylalanine-D-glutamate ligase	AG-422-N15_00324	-4
CACGON010000001.1	292681	293805	+	AG-422-N15_00321	AG-422-N15	374	OG0000615	NA	NA	COG0772	FtsW	Peptodoglycan polymerase FtsW/RodA/SpoVE	AG-422-N15_00324	-3
CACGON010000001.1	293802	294878	+	AG-422-N15_00322	AG-422-N15	358	OG0000489	K02563	UDP-N-acetylglucosamine--N-acetylmuramyl-(pentapeptide) pyrophosphoryl-undecaprenol N-acetylglucosamine transferase [EC:2.4.1.227]	COG0707	MurG	UDP-N-acetylglucosamine:LPS N-acetylglucosamine transferase	AG-422-N15_00324	-2
CACGON010000001.1	294868	296262	+	AG-422-N15_00323	AG-422-N15	464	OG0000265	K01924	UDP-N-acetylmuramate--alanine ligase [EC:6.3.2.8]	COG0773	MurC	UDP-N-acetylmuramate-alanine ligase MurC and related ligases, MurC/Mpl family	AG-422-N15_00324	-1
CACGON010000001.1	296262	297170	+	AG-422-N15_00324	AG-422-N15	302	OG0000330	K00075	UDP-N-acetylmuramate dehydrogenase [EC:1.3.1.98]	COG0812	MurB	UDP-N-acetylenolpyruvoylglucosamine reductase	AG-422-N15_00324	0
CACGON010000001.1	297171	298088	+	AG-422-N15_00325	AG-422-N15	305	OG0000580	K01921	D-alanine-D-alanine ligase [EC:6.3.2.4]	COG1181	DdlA	D-alanine-D-alanine ligase or related ATP-grasp enzyme	AG-422-N15_00324	1
CACGON010000001.1	298066	298734	+	AG-422-N15_00326	AG-422-N15	222	OG0000841	K03589	cell division protein FtsQ	COG1589	FtsQ	Cell division septal protein FtsQ	AG-422-N15_00324	2
CACGON010000001.1	298727	299425	+	AG-422-N15_00327	AG-422-N15	232	OG0000537	NA	NA	NA	NA	NA	AG-422-N15_00324	3
CACGON010000001.1	299488	300408	+	AG-422-N15_00328	AG-422-N15	306	OG0000300	K02535	UDP-3-O-[3-hydroxymyristoyl] N-acetylglucosamine deacetylase [EC:3.5.1.108]	COG0774	LpxC	UDP-3-O-acyl-N-acetylglucosamine deacetylase	AG-422-N15_00324	4
CACGON010000001.1	300452	301279	+	AG-422-N15_00329	AG-422-N15	275	OG0000470	K05807	outer membrane protein assembly factor BamD	COG4105	BamD	Outer membrane protein assembly factor BamD, BamD/ComL family	AG-422-N15_00324	5
CACGTJ010000001.1	42218	43303	+	AG-426-C04_00043	AG-426-C04	361	OG0000019	K01000	phospho-N-acetylmuramoyl-pentapeptide-transferase [EC:2.7.8.13]	COG0472	Rfe	UDP-N-acetylmuramyl pentapeptide phosphotransferase/UDP-N-acetylglucosamine-1-phosphate transferase/archaeal AglH	AG-426-C04_00048	-5
CACGTJ010000001.1	43303	44595	+	AG-426-C04_00044	AG-426-C04	430	OG0000817	NA	NA	COG0771	MurD	UDP-N-acetylmuramoylalanine-D-glutamate ligase	AG-426-C04_00048	-4
CACGTJ010000001.1	44588	45709	+	AG-426-C04_00045	AG-426-C04	373	OG0000615	NA	NA	COG0772	FtsW	Peptodoglycan polymerase FtsW/RodA/SpoVE	AG-426-C04_00048	-3
CACGTJ010000001.1	45710	46786	+	AG-426-C04_00046	AG-426-C04	358	OG0000489	K02563	UDP-N-acetylglucosamine--N-acetylmuramyl-(pentapeptide) pyrophosphoryl-undecaprenol N-acetylglucosamine transferase [EC:2.4.1.227]	COG0707	MurG	UDP-N-acetylglucosamine:LPS N-acetylglucosamine transferase	AG-426-C04_00048	-2
CACGTJ010000001.1	46776	48173	+	AG-426-C04_00047	AG-426-C04	465	OG0000265	K01924	UDP-N-acetylmuramate--alanine ligase [EC:6.3.2.8]	COG0773	MurC	UDP-N-acetylmuramate-alanine ligase MurC and related ligases, MurC/Mpl family	AG-426-C04_00048	-1
CACGTJ010000001.1	48173	49081	+	AG-426-C04_00048	AG-426-C04	302	OG0000330	K00075	UDP-N-acetylmuramate dehydrogenase [EC:1.3.1.98]	COG0812	MurB	UDP-N-acetylenolpyruvoylglucosamine reductase	AG-426-C04_00048	0
CACGTJ010000001.1	49082	49999	+	AG-426-C04_00049	AG-426-C04	305	OG0000580	K01921	D-alanine-D-alanine ligase [EC:6.3.2.4]	COG1181	DdlA	D-alanine-D-alanine ligase or related ATP-grasp enzyme	AG-426-C04_00048	1
CACGTJ010000001.1	49980	50669	+	AG-426-C04_00050	AG-426-C04	229	OG0000841	K03589	cell division protein FtsQ	COG1589	FtsQ	Cell division septal protein FtsQ	AG-426-C04_00048	2
CACGTJ010000001.1	50662	51828	+	AG-426-C04_00051	AG-426-C04	388	OG0000537	K03590	cell division protein FtsA	COG0849	FtsA	Cell division ATPase FtsA	AG-426-C04_00048	3
CACGTJ010000001.1	51895	52815	+	AG-426-C04_00052	AG-426-C04	306	OG0000300	K02535	UDP-3-O-[3-hydroxymyristoyl] N-acetylglucosamine deacetylase [EC:3.5.1.108]	COG0774	LpxC	UDP-3-O-acyl-N-acetylglucosamine deacetylase	AG-426-C04_00048	4
CACGTJ010000001.1	52854	53696	+	AG-426-C04_00053	AG-426-C04	280	OG0000470	K05807	outer membrane protein assembly factor BamD	COG4105	BamD	Outer membrane protein assembly factor BamD, BamD/ComL family	AG-426-C04_00048	5
CACGUZ010000001.1	258122	259207	+	AG-426-D09_00281	AG-426-D09	361	OG0000019	K01000	phospho-N-acetylmuramoyl-pentapeptide-transferase [EC:2.7.8.13]	COG0472	Rfe	UDP-N-acetylmuramyl pentapeptide phosphotransferase/UDP-N-acetylglucosamine-1-phosphate transferase/archaeal AglH	AG-426-D09_00286	-5
CACGUZ010000001.1	259207	260517	+	AG-426-D09_00282	AG-426-D09	436	OG0000817	NA	NA	COG0771	MurD	UDP-N-acetylmuramoylalanine-D-glutamate ligase	AG-426-D09_00286	-4
CACGUZ010000001.1	260498	261625	+	AG-426-D09_00283	AG-426-D09	375	OG0000615	NA	NA	COG0772	FtsW	Peptodoglycan polymerase FtsW/RodA/SpoVE	AG-426-D09_00286	-3
CACGUZ010000001.1	261622	262686	+	AG-426-D09_00284	AG-426-D09	354	OG0000489	K02563	UDP-N-acetylglucosamine--N-acetylmuramyl-(pentapeptide) pyrophosphoryl-undecaprenol N-acetylglucosamine transferase [EC:2.4.1.227]	COG0707	MurG	UDP-N-acetylglucosamine:LPS N-acetylglucosamine transferase	AG-426-D09_00286	-2
CACGUZ010000001.1	262676	264070	+	AG-426-D09_00285	AG-426-D09	464	OG0000265	K01924	UDP-N-acetylmuramate--alanine ligase [EC:6.3.2.8]	COG0773	MurC	UDP-N-acetylmuramate-alanine ligase MurC and related ligases, MurC/Mpl family	AG-426-D09_00286	-1
CACGUZ010000001.1	264070	264978	+	AG-426-D09_00286	AG-426-D09	302	OG0000330	K00075	UDP-N-acetylmuramate dehydrogenase [EC:1.3.1.98]	COG0812	MurB	UDP-N-acetylenolpyruvoylglucosamine reductase	AG-426-D09_00286	0
CACGUZ010000001.1	264980	265894	+	AG-426-D09_00287	AG-426-D09	304	OG0000580	K01921	D-alanine-D-alanine ligase [EC:6.3.2.4]	COG1181	DdlA	D-alanine-D-alanine ligase or related ATP-grasp enzyme	AG-426-D09_00286	1
CACGUZ010000001.1	265875	266549	+	AG-426-D09_00288	AG-426-D09	224	OG0000841	K03589	cell division protein FtsQ	COG1589	FtsQ	Cell division septal protein FtsQ	AG-426-D09_00286	2
CACGUZ010000001.1	266539	267240	+	AG-426-D09_00289	AG-426-D09	233	OG0000537	NA	NA	NA	NA	NA	AG-426-D09_00286	3
CACGUZ010000001.1	267304	268224	+	AG-426-D09_00290	AG-426-D09	306	OG0000300	K02535	UDP-3-O-[3-hydroxymyristoyl] N-acetylglucosamine deacetylase [EC:3.5.1.108]	COG0774	LpxC	UDP-3-O-acyl-N-acetylglucosamine deacetylase	AG-426-D09_00286	4
CACGUZ010000001.1	268274	269107	+	AG-426-D09_00291	AG-426-D09	277	OG0000470	K05807	outer membrane protein assembly factor BamD	COG4105	BamD	Outer membrane protein assembly factor BamD, BamD/ComL family	AG-426-D09_00286	5
CACGWC010000012.1	10202	11287	+	AG-426-E13_01114	AG-426-E13	361	OG0000019	K01000	phospho-N-acetylmuramoyl-pentapeptide-transferase [EC:2.7.8.13]	COG0472	Rfe	UDP-N-acetylmuramyl pentapeptide phosphotransferase/UDP-N-acetylglucosamine-1-phosphate transferase/archaeal AglH	AG-426-E13_01119	-5
CACGWC010000012.1	11287	12576	+	AG-426-E13_01115	AG-426-E13	429	OG0000817	NA	NA	COG0771	MurD	UDP-N-acetylmuramoylalanine-D-glutamate ligase	AG-426-E13_01119	-4
CACGWC010000012.1	12573	13682	+	AG-426-E13_01116	AG-426-E13	369	OG0000615	NA	NA	COG0772	FtsW	Peptodoglycan polymerase FtsW/RodA/SpoVE	AG-426-E13_01119	-3
CACGWC010000012.1	13684	14760	+	AG-426-E13_01117	AG-426-E13	358	OG0000489	K02563	UDP-N-acetylglucosamine--N-acetylmuramyl-(pentapeptide) pyrophosphoryl-undecaprenol N-acetylglucosamine transferase [EC:2.4.1.227]	COG0707	MurG	UDP-N-acetylglucosamine:LPS N-acetylglucosamine transferase	AG-426-E13_01119	-2
CACGWC010000012.1	14750	16132	+	AG-426-E13_01118	AG-426-E13	460	OG0000265	K01924	UDP-N-acetylmuramate--alanine ligase [EC:6.3.2.8]	COG0773	MurC	UDP-N-acetylmuramate-alanine ligase MurC and related ligases, MurC/Mpl family	AG-426-E13_01119	-1
CACGWC010000012.1	16134	17042	+	AG-426-E13_01119	AG-426-E13	302	OG0000330	K00075	UDP-N-acetylmuramate dehydrogenase [EC:1.3.1.98]	COG0812	MurB	UDP-N-acetylenolpyruvoylglucosamine reductase	AG-426-E13_01119	0
CACGWC010000012.1	17042	17962	+	AG-426-E13_01120	AG-426-E13	306	OG0000580	K01921	D-alanine-D-alanine ligase [EC:6.3.2.4]	COG1181	DdlA	D-alanine-D-alanine ligase or related ATP-grasp enzyme	AG-426-E13_01119	1
CACGWC010000012.1	17943	18632	+	AG-426-E13_01121	AG-426-E13	229	OG0000841	K03589	cell division protein FtsQ	COG1589	FtsQ	Cell division septal protein FtsQ	AG-426-E13_01119	2
CACGWC010000012.1	18625	19791	+	AG-426-E13_01122	AG-426-E13	388	OG0000537	K03590	cell division protein FtsA	COG0849	FtsA	Cell division ATPase FtsA	AG-426-E13_01119	3
CACGWC010000012.1	19854	20774	+	AG-426-E13_01123	AG-426-E13	306	OG0000300	K02535	UDP-3-O-[3-hydroxymyristoyl] N-acetylglucosamine deacetylase [EC:3.5.1.108]	COG0774	LpxC	UDP-3-O-acyl-N-acetylglucosamine deacetylase	AG-426-E13_01119	4
CACGWC010000012.1	20813	21649	+	AG-426-E13_01124	AG-426-E13	278	OG0000470	K05807	outer membrane protein assembly factor BamD	COG4105	BamD	Outer membrane protein assembly factor BamD, BamD/ComL family	AG-426-E13_01119	5
CACGWU010000001.1	118876	119706	-	AG-426-E17_00124	AG-426-E17	276	OG0000470	K05807	outer membrane protein assembly factor BamD	COG4105	BamD	Outer membrane protein assembly factor BamD, BamD/ComL family	AG-426-E17_00129	-5
CACGWU010000001.1	119744	120664	-	AG-426-E17_00125	AG-426-E17	306	OG0000300	K02535	UDP-3-O-[3-hydroxymyristoyl] N-acetylglucosamine deacetylase [EC:3.5.1.108]	COG0774	LpxC	UDP-3-O-acyl-N-acetylglucosamine deacetylase	AG-426-E17_00129	-4
CACGWU010000001.1	120730	121437	-	AG-426-E17_00126	AG-426-E17	235	OG0000537	NA	NA	NA	NA	NA	AG-426-E17_00129	-3
CACGWU010000001.1	121427	122104	-	AG-426-E17_00127	AG-426-E17	225	OG0000841	K03589	cell division protein FtsQ	COG1589	FtsQ	Cell division septal protein FtsQ	AG-426-E17_00129	-2
CACGWU010000001.1	122085	122996	-	AG-426-E17_00128	AG-426-E17	303	OG0000580	K01921	D-alanine-D-alanine ligase [EC:6.3.2.4]	COG1181	DdlA	D-alanine-D-alanine ligase or related ATP-grasp enzyme	AG-426-E17_00129	-1
CACGWU010000001.1	122993	123907	-	AG-426-E17_00129	AG-426-E17	304	OG0000330	K00075	UDP-N-acetylmuramate dehydrogenase [EC:1.3.1.98]	COG0812	MurB	UDP-N-acetylenolpyruvoylglucosamine reductase	AG-426-E17_00129	0
CACGWU010000001.1	123904	125301	-	AG-426-E17_00130	AG-426-E17	465	OG0000265	K01924	UDP-N-acetylmuramate--alanine ligase [EC:6.3.2.8]	COG0773	MurC	UDP-N-acetylmuramate-alanine ligase MurC and related ligases, MurC/Mpl family	AG-426-E17_00129	1
CACGWU010000001.1	125305	126366	-	AG-426-E17_00131	AG-426-E17	353	OG0000489	K02563	UDP-N-acetylglucosamine--N-acetylmuramyl-(pentapeptide) pyrophosphoryl-undecaprenol N-acetylglucosamine transferase [EC:2.4.1.227]	COG0707	MurG	UDP-N-acetylglucosamine:LPS N-acetylglucosamine transferase	AG-426-E17_00129	2
CACGWU010000001.1	126366	127487	-	AG-426-E17_00132	AG-426-E17	373	OG0000615	NA	NA	COG0772	FtsW	Peptodoglycan polymerase FtsW/RodA/SpoVE	AG-426-E17_00129	3
CACGWU010000001.1	127480	128775	-	AG-426-E17_00133	AG-426-E17	431	OG0000817	NA	NA	COG0771	MurD	UDP-N-acetylmuramoylalanine-D-glutamate ligase	AG-426-E17_00129	4
CACGWU010000001.1	128775	129860	-	AG-426-E17_00134	AG-426-E17	361	OG0000019	K01000	phospho-N-acetylmuramoyl-pentapeptide-transferase [EC:2.7.8.13]	COG0472	Rfe	UDP-N-acetylmuramyl pentapeptide phosphotransferase/UDP-N-acetylglucosamine-1-phosphate transferase/archaeal AglH	AG-426-E17_00129	5
CACGXV010000001.1	138717	139802	+	AG-426-F15_00153	AG-426-F15	361	OG0000019	K01000	phospho-N-acetylmuramoyl-pentapeptide-transferase [EC:2.7.8.13]	COG0472	Rfe	UDP-N-acetylmuramyl pentapeptide phosphotransferase/UDP-N-acetylglucosamine-1-phosphate transferase/archaeal AglH	AG-426-F15_00158	-5
CACGXV010000001.1	139802	141100	+	AG-426-F15_00154	AG-426-F15	432	OG0000817	NA	NA	COG0771	MurD	UDP-N-acetylmuramoylalanine-D-glutamate ligase	AG-426-F15_00158	-4
CACGXV010000001.1	141104	142213	+	AG-426-F15_00155	AG-426-F15	369	OG0000615	NA	NA	COG0772	FtsW	Peptodoglycan polymerase FtsW/RodA/SpoVE	AG-426-F15_00158	-3
CACGXV010000001.1	142218	143291	+	AG-426-F15_00156	AG-426-F15	357	OG0000489	K02563	UDP-N-acetylglucosamine--N-acetylmuramyl-(pentapeptide) pyrophosphoryl-undecaprenol N-acetylglucosamine transferase [EC:2.4.1.227]	COG0707	MurG	UDP-N-acetylglucosamine:LPS N-acetylglucosamine transferase	AG-426-F15_00158	-2
CACGXV010000001.1	143281	144672	+	AG-426-F15_00157	AG-426-F15	463	OG0000265	K01924	UDP-N-acetylmuramate--alanine ligase [EC:6.3.2.8]	COG0773	MurC	UDP-N-acetylmuramate-alanine ligase MurC and related ligases, MurC/Mpl family	AG-426-F15_00158	-1
CACGXV010000001.1	144672	145580	+	AG-426-F15_00158	AG-426-F15	302	OG0000330	K00075	UDP-N-acetylmuramate dehydrogenase [EC:1.3.1.98]	COG0812	MurB	UDP-N-acetylenolpyruvoylglucosamine reductase	AG-426-F15_00158	0
CACGXV010000001.1	145580	146500	+	AG-426-F15_00159	AG-426-F15	306	OG0000580	K01921	D-alanine-D-alanine ligase [EC:6.3.2.4]	COG1181	DdlA	D-alanine-D-alanine ligase or related ATP-grasp enzyme	AG-426-F15_00158	1
CACGXV010000001.1	146481	147176	+	AG-426-F15_00160	AG-426-F15	231	OG0000841	NA	NA	COG1589	FtsQ	Cell division septal protein FtsQ	AG-426-F15_00158	2
CACGXV010000001.1	147169	148335	+	AG-426-F15_00161	AG-426-F15	388	OG0000537	K03590	cell division protein FtsA	COG0849	FtsA	Cell division ATPase FtsA	AG-426-F15_00158	3
CACGXV010000001.1	148398	149321	+	AG-426-F15_00162	AG-426-F15	307	OG0000300	K02535	UDP-3-O-[3-hydroxymyristoyl] N-acetylglucosamine deacetylase [EC:3.5.1.108]	COG0774	LpxC	UDP-3-O-acyl-N-acetylglucosamine deacetylase	AG-426-F15_00158	4
CACGXV010000001.1	149360	150199	+	AG-426-F15_00163	AG-426-F15	279	OG0000470	K05807	outer membrane protein assembly factor BamD	COG4105	BamD	Outer membrane protein assembly factor BamD, BamD/ComL family	AG-426-F15_00158	5
CACGYT010000001.1	113046	113888	-	AG-426-G09_00112	AG-426-G09	280	OG0000470	K05807	outer membrane protein assembly factor BamD	COG4105	BamD	Outer membrane protein assembly factor BamD, BamD/ComL family	AG-426-G09_00117	-5
CACGYT010000001.1	113926	114846	-	AG-426-G09_00113	AG-426-G09	306	OG0000300	K02535	UDP-3-O-[3-hydroxymyristoyl] N-acetylglucosamine deacetylase [EC:3.5.1.108]	COG0774	LpxC	UDP-3-O-acyl-N-acetylglucosamine deacetylase	AG-426-G09_00117	-4
CACGYT010000001.1	114905	116056	-	AG-426-G09_00114	AG-426-G09	383	OG0000537	NA	NA	COG0849	FtsA	Cell division ATPase FtsA	AG-426-G09_00117	-3
CACGYT010000001.1	116053	116733	-	AG-426-G09_00115	AG-426-G09	226	OG0000841	K03589	cell division protein FtsQ	COG1589	FtsQ	Cell division septal protein FtsQ	AG-426-G09_00117	-2
CACGYT010000001.1	116714	117631	-	AG-426-G09_00116	AG-426-G09	305	OG0000580	K01921	D-alanine-D-alanine ligase [EC:6.3.2.4]	COG1181	DdlA	D-alanine-D-alanine ligase or related ATP-grasp enzyme	AG-426-G09_00117	-1
CACGYT010000001.1	117637	118554	-	AG-426-G09_00117	AG-426-G09	305	OG0000330	K00075	UDP-N-acetylmuramate dehydrogenase [EC:1.3.1.98]	COG0812	MurB	UDP-N-acetylenolpyruvoylglucosamine reductase	AG-426-G09_00117	0
CACGYT010000001.1	118551	119948	-	AG-426-G09_00118	AG-426-G09	465	OG0000265	K01924	UDP-N-acetylmuramate--alanine ligase [EC:6.3.2.8]	COG0773	MurC	UDP-N-acetylmuramate-alanine ligase MurC and related ligases, MurC/Mpl family	AG-426-G09_00117	1
CACGYT010000001.1	119938	121005	-	AG-426-G09_00119	AG-426-G09	355	OG0000489	K02563	UDP-N-acetylglucosamine--N-acetylmuramyl-(pentapeptide) pyrophosphoryl-undecaprenol N-acetylglucosamine transferase [EC:2.4.1.227]	COG0707	MurG	UDP-N-acetylglucosamine:LPS N-acetylglucosamine transferase	AG-426-G09_00117	2
CACGYT010000001.1	121002	122123	-	AG-426-G09_00120	AG-426-G09	373	OG0000615	NA	NA	COG0772	FtsW	Peptodoglycan polymerase FtsW/RodA/SpoVE	AG-426-G09_00117	3
CACGYT010000001.1	122126	123421	-	AG-426-G09_00121	AG-426-G09	431	OG0000817	NA	NA	COG0771	MurD	UDP-N-acetylmuramoylalanine-D-glutamate ligase	AG-426-G09_00117	4
CACGYT010000001.1	123421	124506	-	AG-426-G09_00122	AG-426-G09	361	OG0000019	K01000	phospho-N-acetylmuramoyl-pentapeptide-transferase [EC:2.7.8.13]	COG0472	Rfe	UDP-N-acetylmuramyl pentapeptide phosphotransferase/UDP-N-acetylglucosamine-1-phosphate transferase/archaeal AglH	AG-426-G09_00117	5
CACGZG010000020.1	16	444	+	AG-426-I10_01182	AG-426-I10	142	OG0000817	NA	NA	COG0771	MurD	UDP-N-acetylmuramoylalanine-D-glutamate ligase	AG-426-I10_01186	-4
CACGZG010000020.1	441	1571	+	AG-426-I10_01183	AG-426-I10	376	OG0000615	NA	NA	COG0772	FtsW	Peptodoglycan polymerase FtsW/RodA/SpoVE	AG-426-I10_01186	-3
CACGZG010000020.1	1568	2632	+	AG-426-I10_01184	AG-426-I10	354	OG0000489	K02563	UDP-N-acetylglucosamine--N-acetylmuramyl-(pentapeptide) pyrophosphoryl-undecaprenol N-acetylglucosamine transferase [EC:2.4.1.227]	COG0707	MurG	UDP-N-acetylglucosamine:LPS N-acetylglucosamine transferase	AG-426-I10_01186	-2
CACGZG010000020.1	2622	4019	+	AG-426-I10_01185	AG-426-I10	465	OG0000265	K01924	UDP-N-acetylmuramate--alanine ligase [EC:6.3.2.8]	COG0773	MurC	UDP-N-acetylmuramate-alanine ligase MurC and related ligases, MurC/Mpl family	AG-426-I10_01186	-1
CACGZG010000020.1	4016	4924	+	AG-426-I10_01186	AG-426-I10	302	OG0000330	K00075	UDP-N-acetylmuramate dehydrogenase [EC:1.3.1.98]	COG0812	MurB	UDP-N-acetylenolpyruvoylglucosamine reductase	AG-426-I10_01186	0
CACGZG010000020.1	4926	5837	+	AG-426-I10_01187	AG-426-I10	303	OG0000580	K01921	D-alanine-D-alanine ligase [EC:6.3.2.4]	COG1181	DdlA	D-alanine-D-alanine ligase or related ATP-grasp enzyme	AG-426-I10_01186	1
CACGZG010000020.1	5818	6489	+	AG-426-I10_01188	AG-426-I10	223	OG0000841	K03589	cell division protein FtsQ	COG1589	FtsQ	Cell division septal protein FtsQ	AG-426-I10_01186	2
CACGZG010000020.1	6482	7186	+	AG-426-I10_01189	AG-426-I10	234	OG0000537	NA	NA	NA	NA	NA	AG-426-I10_01186	3
CACGZG010000020.1	7252	8172	+	AG-426-I10_01190	AG-426-I10	306	OG0000300	K02535	UDP-3-O-[3-hydroxymyristoyl] N-acetylglucosamine deacetylase [EC:3.5.1.108]	COG0774	LpxC	UDP-3-O-acyl-N-acetylglucosamine deacetylase	AG-426-I10_01186	4
CACGZG010000020.1	8211	9047	+	AG-426-I10_01191	AG-426-I10	278	OG0000470	K05807	outer membrane protein assembly factor BamD	COG4105	BamD	Outer membrane protein assembly factor BamD, BamD/ComL family	AG-426-I10_01186	5
CACHAK010000007.1	20859	21617	-	AG-426-I21_00979	AG-426-I21	252	OG0000470	K05807	outer membrane protein assembly factor BamD	COG4105	BamD	Outer membrane protein assembly factor BamD, BamD/ComL family	AG-426-I21_00984	-5
CACHAK010000007.1	21668	22594	-	AG-426-I21_00980	AG-426-I21	308	OG0000300	K02535	UDP-3-O-[3-hydroxymyristoyl] N-acetylglucosamine deacetylase [EC:3.5.1.108]	COG0774	LpxC	UDP-3-O-acyl-N-acetylglucosamine deacetylase	AG-426-I21_00984	-4
CACHAK010000007.1	22662	23849	-	AG-426-I21_00981	AG-426-I21	395	OG0000537	K03590	cell division protein FtsA	COG0849	FtsA	Cell division ATPase FtsA	AG-426-I21_00984	-3
CACHAK010000007.1	23849	24586	-	AG-426-I21_00982	AG-426-I21	245	OG0000841	K03589	cell division protein FtsQ	COG1589	FtsQ	Cell division septal protein FtsQ	AG-426-I21_00984	-2
CACHAK010000007.1	24567	25478	-	AG-426-I21_00983	AG-426-I21	303	OG0000580	K01921	D-alanine-D-alanine ligase [EC:6.3.2.4]	COG1181	DdlA	D-alanine-D-alanine ligase or related ATP-grasp enzyme	AG-426-I21_00984	-1
CACHAK010000007.1	25475	26398	-	AG-426-I21_00984	AG-426-I21	307	OG0000330	K00075	UDP-N-acetylmuramate dehydrogenase [EC:1.3.1.98]	COG0812	MurB	UDP-N-acetylenolpyruvoylglucosamine reductase	AG-426-I21_00984	0
CACHAK010000007.1	26391	27782	-	AG-426-I21_00985	AG-426-I21	463	OG0000265	K01924	UDP-N-acetylmuramate--alanine ligase [EC:6.3.2.8]	COG0773	MurC	UDP-N-acetylmuramate-alanine ligase MurC and related ligases, MurC/Mpl family	AG-426-I21_00984	1
CACHAK010000007.1	27779	28837	-	AG-426-I21_00986	AG-426-I21	352	OG0000489	K02563	UDP-N-acetylglucosamine--N-acetylmuramyl-(pentapeptide) pyrophosphoryl-undecaprenol N-acetylglucosamine transferase [EC:2.4.1.227]	COG0707	MurG	UDP-N-acetylglucosamine:LPS N-acetylglucosamine transferase	AG-426-I21_00984	2
CACHAK010000007.1	28847	29959	-	AG-426-I21_00987	AG-426-I21	370	OG0000615	NA	NA	COG0772	FtsW	Peptodoglycan polymerase FtsW/RodA/SpoVE	AG-426-I21_00984	3
CACHAK010000007.1	29959	31275	-	AG-426-I21_00988	AG-426-I21	438	OG0000817	NA	NA	COG0771	MurD	UDP-N-acetylmuramoylalanine-D-glutamate ligase	AG-426-I21_00984	4
CACHAK010000007.1	31280	32362	-	AG-426-I21_00989	AG-426-I21	360	OG0000019	K01000	phospho-N-acetylmuramoyl-pentapeptide-transferase [EC:2.7.8.13]	COG0472	Rfe	UDP-N-acetylmuramyl pentapeptide phosphotransferase/UDP-N-acetylglucosamine-1-phosphate transferase/archaeal AglH	AG-426-I21_00984	5
CACHML010000004.1	31379	32464	+	AG-426-K09_00444	AG-426-K09	361	OG0000019	K01000	phospho-N-acetylmuramoyl-pentapeptide-transferase [EC:2.7.8.13]	COG0472	Rfe	UDP-N-acetylmuramyl pentapeptide phosphotransferase/UDP-N-acetylglucosamine-1-phosphate transferase/archaeal AglH	AG-426-K09_00449	-5
CACHML010000004.1	32464	33768	+	AG-426-K09_00445	AG-426-K09	434	OG0000817	NA	NA	COG0771	MurD	UDP-N-acetylmuramoylalanine-D-glutamate ligase	AG-426-K09_00449	-4
CACHML010000004.1	33765	34874	+	AG-426-K09_00446	AG-426-K09	369	OG0000615	NA	NA	COG0772	FtsW	Peptodoglycan polymerase FtsW/RodA/SpoVE	AG-426-K09_00449	-3
CACHML010000004.1	34878	35951	+	AG-426-K09_00447	AG-426-K09	357	OG0000489	K02563	UDP-N-acetylglucosamine--N-acetylmuramyl-(pentapeptide) pyrophosphoryl-undecaprenol N-acetylglucosamine transferase [EC:2.4.1.227]	COG0707	MurG	UDP-N-acetylglucosamine:LPS N-acetylglucosamine transferase	AG-426-K09_00449	-2
CACHML010000004.1	35941	37332	+	AG-426-K09_00448	AG-426-K09	463	OG0000265	K01924	UDP-N-acetylmuramate--alanine ligase [EC:6.3.2.8]	COG0773	MurC	UDP-N-acetylmuramate-alanine ligase MurC and related ligases, MurC/Mpl family	AG-426-K09_00449	-1
CACHML010000004.1	37332	38240	+	AG-426-K09_00449	AG-426-K09	302	OG0000330	K00075	UDP-N-acetylmuramate dehydrogenase [EC:1.3.1.98]	COG0812	MurB	UDP-N-acetylenolpyruvoylglucosamine reductase	AG-426-K09_00449	0
CACHML010000004.1	38240	39160	+	AG-426-K09_00450	AG-426-K09	306	OG0000580	K01921	D-alanine-D-alanine ligase [EC:6.3.2.4]	COG1181	DdlA	D-alanine-D-alanine ligase or related ATP-grasp enzyme	AG-426-K09_00449	1
CACHML010000004.1	39141	39833	+	AG-426-K09_00451	AG-426-K09	230	OG0000841	K03589	cell division protein FtsQ	COG1589	FtsQ	Cell division septal protein FtsQ	AG-426-K09_00449	2
CACHML010000004.1	39826	40992	+	AG-426-K09_00452	AG-426-K09	388	OG0000537	NA	NA	COG0849	FtsA	Cell division ATPase FtsA	AG-426-K09_00449	3
CACHML010000004.1	41057	41980	+	AG-426-K09_00453	AG-426-K09	307	OG0000300	K02535	UDP-3-O-[3-hydroxymyristoyl] N-acetylglucosamine deacetylase [EC:3.5.1.108]	COG0774	LpxC	UDP-3-O-acyl-N-acetylglucosamine deacetylase	AG-426-K09_00449	4
CACHML010000004.1	42020	42859	+	AG-426-K09_00454	AG-426-K09	279	OG0000470	K05807	outer membrane protein assembly factor BamD	COG4105	BamD	Outer membrane protein assembly factor BamD, BamD/ComL family	AG-426-K09_00449	5
CACPHV010000019.1	336	1007	-	AG-426-M05_01199	AG-426-M05	223	OG0000841	K03589	cell division protein FtsQ	COG1589	FtsQ	Cell division septal protein FtsQ	AG-426-M05_01201	-2
CACPHV010000019.1	988	1902	-	AG-426-M05_01200	AG-426-M05	304	OG0000580	K01921	D-alanine-D-alanine ligase [EC:6.3.2.4]	COG1181	DdlA	D-alanine-D-alanine ligase or related ATP-grasp enzyme	AG-426-M05_01201	-1
CACPHV010000019.1	1904	2809	-	AG-426-M05_01201	AG-426-M05	301	OG0000330	K00075	UDP-N-acetylmuramate dehydrogenase [EC:1.3.1.98]	COG0812	MurB	UDP-N-acetylenolpyruvoylglucosamine reductase	AG-426-M05_01201	0
CACPHV010000019.1	2806	4203	-	AG-426-M05_01202	AG-426-M05	465	OG0000265	K01924	UDP-N-acetylmuramate--alanine ligase [EC:6.3.2.8]	COG0773	MurC	UDP-N-acetylmuramate-alanine ligase MurC and related ligases, MurC/Mpl family	AG-426-M05_01201	1
CACPHV010000019.1	4193	5257	-	AG-426-M05_01203	AG-426-M05	354	OG0000489	K02563	UDP-N-acetylglucosamine--N-acetylmuramyl-(pentapeptide) pyrophosphoryl-undecaprenol N-acetylglucosamine transferase [EC:2.4.1.227]	COG0707	MurG	UDP-N-acetylglucosamine:LPS N-acetylglucosamine transferase	AG-426-M05_01201	2
CACPHV010000019.1	5261	6382	-	AG-426-M05_01204	AG-426-M05	373	OG0000615	NA	NA	COG0772	FtsW	Peptodoglycan polymerase FtsW/RodA/SpoVE	AG-426-M05_01201	3
CACPHV010000019.1	6369	7667	-	AG-426-M05_01205	AG-426-M05	432	OG0000817	NA	NA	COG0771	MurD	UDP-N-acetylmuramoylalanine-D-glutamate ligase	AG-426-M05_01201	4
CACPHV010000019.1	7667	8752	-	AG-426-M05_01206	AG-426-M05	361	OG0000019	K01000	phospho-N-acetylmuramoyl-pentapeptide-transferase [EC:2.7.8.13]	COG0472	Rfe	UDP-N-acetylmuramyl pentapeptide phosphotransferase/UDP-N-acetylglucosamine-1-phosphate transferase/archaeal AglH	AG-426-M05_01201	5
CACHEU010000001.1	292891	293976	+	AG-426-O05_00316	AG-426-O05	361	OG0000019	K01000	phospho-N-acetylmuramoyl-pentapeptide-transferase [EC:2.7.8.13]	COG0472	Rfe	UDP-N-acetylmuramyl pentapeptide phosphotransferase/UDP-N-acetylglucosamine-1-phosphate transferase/archaeal AglH	AG-426-O05_00321	-5
CACHEU010000001.1	293986	295296	+	AG-426-O05_00317	AG-426-O05	436	OG0000817	NA	NA	COG0771	MurD	UDP-N-acetylmuramoylalanine-D-glutamate ligase	AG-426-O05_00321	-4
CACHEU010000001.1	295308	296423	+	AG-426-O05_00318	AG-426-O05	371	OG0000615	NA	NA	COG0772	FtsW	Peptodoglycan polymerase FtsW/RodA/SpoVE	AG-426-O05_00321	-3
CACHEU010000001.1	296420	297517	+	AG-426-O05_00319	AG-426-O05	365	OG0000489	K02563	UDP-N-acetylglucosamine--N-acetylmuramyl-(pentapeptide) pyrophosphoryl-undecaprenol N-acetylglucosamine transferase [EC:2.4.1.227]	COG0707	MurG	UDP-N-acetylglucosamine:LPS N-acetylglucosamine transferase	AG-426-O05_00321	-2
CACHEU010000001.1	297504	298895	+	AG-426-O05_00320	AG-426-O05	463	OG0000265	K01924	UDP-N-acetylmuramate--alanine ligase [EC:6.3.2.8]	COG0773	MurC	UDP-N-acetylmuramate-alanine ligase MurC and related ligases, MurC/Mpl family	AG-426-O05_00321	-1
CACHEU010000001.1	298904	299767	+	AG-426-O05_00321	AG-426-O05	287	OG0000330	K00075	UDP-N-acetylmuramate dehydrogenase [EC:1.3.1.98]	COG0812	MurB	UDP-N-acetylenolpyruvoylglucosamine reductase	AG-426-O05_00321	0
CACHEU010000001.1	299770	300699	+	AG-426-O05_00322	AG-426-O05	309	OG0000580	K01921	D-alanine-D-alanine ligase [EC:6.3.2.4]	COG1181	DdlA	D-alanine-D-alanine ligase or related ATP-grasp enzyme	AG-426-O05_00321	1
CACHEU010000001.1	300696	301370	+	AG-426-O05_00323	AG-426-O05	224	OG0000841	K03589	cell division protein FtsQ	COG1589	FtsQ	Cell division septal protein FtsQ	AG-426-O05_00321	2
CACHEU010000001.1	301376	302566	+	AG-426-O05_00324	AG-426-O05	396	OG0000537	K03590	cell division protein FtsA	COG0849	FtsA	Cell division ATPase FtsA	AG-426-O05_00321	3
CACHEU010000001.1	302640	303569	+	AG-426-O05_00325	AG-426-O05	309	OG0000300	K02535	UDP-3-O-[3-hydroxymyristoyl] N-acetylglucosamine deacetylase [EC:3.5.1.108]	COG0774	LpxC	UDP-3-O-acyl-N-acetylglucosamine deacetylase	AG-426-O05_00321	4
CACHEU010000001.1	303618	304454	+	AG-426-O05_00326	AG-426-O05	278	OG0000470	K05807	outer membrane protein assembly factor BamD	COG4105	BamD	Outer membrane protein assembly factor BamD, BamD/ComL family	AG-426-O05_00321	5
CACHEF010000016.1	1	777	+	AG-426-P08_01199	AG-426-P08	258	OG0000489	K02563	UDP-N-acetylglucosamine--N-acetylmuramyl-(pentapeptide) pyrophosphoryl-undecaprenol N-acetylglucosamine transferase [EC:2.4.1.227]	COG0707	MurG	UDP-N-acetylglucosamine:LPS N-acetylglucosamine transferase	AG-426-P08_01201	-2
CACHEF010000016.1	767	2164	+	AG-426-P08_01200	AG-426-P08	465	OG0000265	K01924	UDP-N-acetylmuramate--alanine ligase [EC:6.3.2.8]	COG0773	MurC	UDP-N-acetylmuramate-alanine ligase MurC and related ligases, MurC/Mpl family	AG-426-P08_01201	-1
CACHEF010000016.1	2161	3072	+	AG-426-P08_01201	AG-426-P08	303	OG0000330	K00075	UDP-N-acetylmuramate dehydrogenase [EC:1.3.1.98]	COG0812	MurB	UDP-N-acetylenolpyruvoylglucosamine reductase	AG-426-P08_01201	0
CACHFM010000016.1	6157	7014	-	AG-430-A11_01176	AG-430-A11	285	OG0000470	K05807	outer membrane protein assembly factor BamD	COG4105	BamD	Outer membrane protein assembly factor BamD, BamD/ComL family	AG-430-A11_01181	-5
CACHFM010000016.1	7063	7983	-	AG-430-A11_01177	AG-430-A11	306	OG0000300	K02535	UDP-3-O-[3-hydroxymyristoyl] N-acetylglucosamine deacetylase [EC:3.5.1.108]	COG0774	LpxC	UDP-3-O-acyl-N-acetylglucosamine deacetylase	AG-430-A11_01181	-4
CACHFM010000016.1	8048	8752	-	AG-430-A11_01178	AG-430-A11	234	OG0000537	NA	NA	NA	NA	NA	AG-430-A11_01181	-3
CACHFM010000016.1	8745	9416	-	AG-430-A11_01179	AG-430-A11	223	OG0000841	K03589	cell division protein FtsQ	COG1589	FtsQ	Cell division septal protein FtsQ	AG-430-A11_01181	-2
CACHFM010000016.1	9397	10311	-	AG-430-A11_01180	AG-430-A11	304	OG0000580	K01921	D-alanine-D-alanine ligase [EC:6.3.2.4]	COG1181	DdlA	D-alanine-D-alanine ligase or related ATP-grasp enzyme	AG-430-A11_01181	-1
CACHFM010000016.1	10313	11218	-	AG-430-A11_01181	AG-430-A11	301	OG0000330	K00075	UDP-N-acetylmuramate dehydrogenase [EC:1.3.1.98]	COG0812	MurB	UDP-N-acetylenolpyruvoylglucosamine reductase	AG-430-A11_01181	0
CACHFM010000016.1	11218	12612	-	AG-430-A11_01182	AG-430-A11	464	OG0000265	K01924	UDP-N-acetylmuramate--alanine ligase [EC:6.3.2.8]	COG0773	MurC	UDP-N-acetylmuramate-alanine ligase MurC and related ligases, MurC/Mpl family	AG-430-A11_01181	1
CACHFM010000016.1	12602	13669	-	AG-430-A11_01183	AG-430-A11	355	OG0000489	K02563	UDP-N-acetylglucosamine--N-acetylmuramyl-(pentapeptide) pyrophosphoryl-undecaprenol N-acetylglucosamine transferase [EC:2.4.1.227]	COG0707	MurG	UDP-N-acetylglucosamine:LPS N-acetylglucosamine transferase	AG-430-A11_01181	2
CACHFM010000016.1	13673	14800	-	AG-430-A11_01184	AG-430-A11	375	OG0000615	NA	NA	COG0772	FtsW	Peptodoglycan polymerase FtsW/RodA/SpoVE	AG-430-A11_01181	3
CACHFM010000016.1	14790	15101	-	AG-430-A11_01185	AG-430-A11	103	OG0000817	NA	NA	COG0771	MurD	UDP-N-acetylmuramoylalanine-D-glutamate ligase	AG-430-A11_01181	4
CACHIV010000001.1	179892	180725	-	AG-430-B09_00192	AG-430-B09	277	OG0000470	K05807	outer membrane protein assembly factor BamD	COG4105	BamD	Outer membrane protein assembly factor BamD, BamD/ComL family	AG-430-B09_00197	-5
CACHIV010000001.1	180763	181683	-	AG-430-B09_00193	AG-430-B09	306	OG0000300	K02535	UDP-3-O-[3-hydroxymyristoyl] N-acetylglucosamine deacetylase [EC:3.5.1.108]	COG0774	LpxC	UDP-3-O-acyl-N-acetylglucosamine deacetylase	AG-430-B09_00197	-4
CACHIV010000001.1	181748	182857	-	AG-430-B09_00194	AG-430-B09	369	OG0000537	K03590	cell division protein FtsA	COG0849	FtsA	Cell division ATPase FtsA	AG-430-B09_00197	-3
CACHIV010000001.1	182857	183537	-	AG-430-B09_00195	AG-430-B09	226	OG0000841	K03589	cell division protein FtsQ	COG1589	FtsQ	Cell division septal protein FtsQ	AG-430-B09_00197	-2
CACHIV010000001.1	183518	184435	-	AG-430-B09_00196	AG-430-B09	305	OG0000580	K01921	D-alanine-D-alanine ligase [EC:6.3.2.4]	COG1181	DdlA	D-alanine-D-alanine ligase or related ATP-grasp enzyme	AG-430-B09_00197	-1
CACHIV010000001.1	184435	185343	-	AG-430-B09_00197	AG-430-B09	302	OG0000330	K00075	UDP-N-acetylmuramate dehydrogenase [EC:1.3.1.98]	COG0812	MurB	UDP-N-acetylenolpyruvoylglucosamine reductase	AG-430-B09_00197	0
CACHIV010000001.1	185343	186737	-	AG-430-B09_00198	AG-430-B09	464	OG0000265	K01924	UDP-N-acetylmuramate--alanine ligase [EC:6.3.2.8]	COG0773	MurC	UDP-N-acetylmuramate-alanine ligase MurC and related ligases, MurC/Mpl family	AG-430-B09_00197	1
CACHIV010000001.1	186727	187794	-	AG-430-B09_00199	AG-430-B09	355	OG0000489	K02563	UDP-N-acetylglucosamine--N-acetylmuramyl-(pentapeptide) pyrophosphoryl-undecaprenol N-acetylglucosamine transferase [EC:2.4.1.227]	COG0707	MurG	UDP-N-acetylglucosamine:LPS N-acetylglucosamine transferase	AG-430-B09_00197	2
CACHIV010000001.1	187796	188920	-	AG-430-B09_00200	AG-430-B09	374	OG0000615	NA	NA	COG0772	FtsW	Peptodoglycan polymerase FtsW/RodA/SpoVE	AG-430-B09_00197	3
CACHIV010000001.1	188907	190217	-	AG-430-B09_00201	AG-430-B09	436	OG0000817	NA	NA	COG0771	MurD	UDP-N-acetylmuramoylalanine-D-glutamate ligase	AG-430-B09_00197	4
CACHIV010000001.1	190217	191302	-	AG-430-B09_00202	AG-430-B09	361	OG0000019	K01000	phospho-N-acetylmuramoyl-pentapeptide-transferase [EC:2.7.8.13]	COG0472	Rfe	UDP-N-acetylmuramyl pentapeptide phosphotransferase/UDP-N-acetylglucosamine-1-phosphate transferase/archaeal AglH	AG-430-B09_00197	5
CACHIY010000010.1	5202	6047	-	AG-430-E20_01248	AG-430-E20	281	OG0000470	K05807	outer membrane protein assembly factor BamD	COG4105	BamD	Outer membrane protein assembly factor BamD, BamD/ComL family	AG-430-E20_01253	-5
CACHIY010000010.1	6095	7015	-	AG-430-E20_01249	AG-430-E20	306	OG0000300	K02535	UDP-3-O-[3-hydroxymyristoyl] N-acetylglucosamine deacetylase [EC:3.5.1.108]	COG0774	LpxC	UDP-3-O-acyl-N-acetylglucosamine deacetylase	AG-430-E20_01253	-4
CACHIY010000010.1	7080	7784	-	AG-430-E20_01250	AG-430-E20	234	OG0000537	NA	NA	NA	NA	NA	AG-430-E20_01253	-3
CACHIY010000010.1	7777	8448	-	AG-430-E20_01251	AG-430-E20	223	OG0000841	K03589	cell division protein FtsQ	COG1589	FtsQ	Cell division septal protein FtsQ	AG-430-E20_01253	-2
CACHIY010000010.1	8429	9343	-	AG-430-E20_01252	AG-430-E20	304	OG0000580	K01921	D-alanine-D-alanine ligase [EC:6.3.2.4]	COG1181	DdlA	D-alanine-D-alanine ligase or related ATP-grasp enzyme	AG-430-E20_01253	-1
CACHIY010000010.1	9345	10250	-	AG-430-E20_01253	AG-430-E20	301	OG0000330	K00075	UDP-N-acetylmuramate dehydrogenase [EC:1.3.1.98]	COG0812	MurB	UDP-N-acetylenolpyruvoylglucosamine reductase	AG-430-E20_01253	0
CACHIY010000010.1	10250	11644	-	AG-430-E20_01254	AG-430-E20	464	OG0000265	K01924	UDP-N-acetylmuramate--alanine ligase [EC:6.3.2.8]	COG0773	MurC	UDP-N-acetylmuramate-alanine ligase MurC and related ligases, MurC/Mpl family	AG-430-E20_01253	1
CACHIY010000010.1	11674	12702	-	AG-430-E20_01255	AG-430-E20	342	OG0000489	K02563	UDP-N-acetylglucosamine--N-acetylmuramyl-(pentapeptide) pyrophosphoryl-undecaprenol N-acetylglucosamine transferase [EC:2.4.1.227]	COG0707	MurG	UDP-N-acetylglucosamine:LPS N-acetylglucosamine transferase	AG-430-E20_01253	2
CACHIY010000010.1	12706	13827	-	AG-430-E20_01256	AG-430-E20	373	OG0000615	NA	NA	COG0772	FtsW	Peptodoglycan polymerase FtsW/RodA/SpoVE	AG-430-E20_01253	3
CACHIY010000010.1	13814	14128	-	AG-430-E20_01257	AG-430-E20	104	OG0000817	NA	NA	COG0771	MurD	UDP-N-acetylmuramoylalanine-D-glutamate ligase	AG-430-E20_01253	4
CACHIY010000010.1	15111	16196	-	AG-430-E20_01258	AG-430-E20	361	OG0000019	K01000	phospho-N-acetylmuramoyl-pentapeptide-transferase [EC:2.7.8.13]	COG0472	Rfe	UDP-N-acetylmuramyl pentapeptide phosphotransferase/UDP-N-acetylglucosamine-1-phosphate transferase/archaeal AglH	AG-430-E20_01253	5
CACHPL010000001.1	215437	216273	-	AG-430-F03_00229	AG-430-F03	278	OG0000470	K05807	outer membrane protein assembly factor BamD	COG4105	BamD	Outer membrane protein assembly factor BamD, BamD/ComL family	AG-430-F03_00234	-5
CACHPL010000001.1	216323	217249	-	AG-430-F03_00230	AG-430-F03	308	OG0000300	K02535	UDP-3-O-[3-hydroxymyristoyl] N-acetylglucosamine deacetylase [EC:3.5.1.108]	COG0774	LpxC	UDP-3-O-acyl-N-acetylglucosamine deacetylase	AG-430-F03_00234	-4
CACHPL010000001.1	217320	218516	-	AG-430-F03_00231	AG-430-F03	398	OG0000537	K03590	cell division protein FtsA	COG0849	FtsA	Cell division ATPase FtsA	AG-430-F03_00234	-3
CACHPL010000001.1	218518	219192	-	AG-430-F03_00232	AG-430-F03	224	OG0000841	K03589	cell division protein FtsQ	COG1589	FtsQ	Cell division septal protein FtsQ	AG-430-F03_00234	-2
CACHPL010000001.1	219189	220118	-	AG-430-F03_00233	AG-430-F03	309	OG0000580	K01921	D-alanine-D-alanine ligase [EC:6.3.2.4]	COG1181	DdlA	D-alanine-D-alanine ligase or related ATP-grasp enzyme	AG-430-F03_00234	-1
CACHPL010000001.1	220120	220992	-	AG-430-F03_00234	AG-430-F03	290	OG0000330	K00075	UDP-N-acetylmuramate dehydrogenase [EC:1.3.1.98]	COG0812	MurB	UDP-N-acetylenolpyruvoylglucosamine reductase	AG-430-F03_00234	0
CACHPL010000001.1	220994	222385	-	AG-430-F03_00235	AG-430-F03	463	OG0000265	K01924	UDP-N-acetylmuramate--alanine ligase [EC:6.3.2.8]	COG0773	MurC	UDP-N-acetylmuramate-alanine ligase MurC and related ligases, MurC/Mpl family	AG-430-F03_00234	1
CACHPL010000001.1	222378	223469	-	AG-430-F03_00236	AG-430-F03	363	OG0000489	K02563	UDP-N-acetylglucosamine--N-acetylmuramyl-(pentapeptide) pyrophosphoryl-undecaprenol N-acetylglucosamine transferase [EC:2.4.1.227]	COG0707	MurG	UDP-N-acetylglucosamine:LPS N-acetylglucosamine transferase	AG-430-F03_00234	2
CACHPL010000001.1	223470	224609	-	AG-430-F03_00237	AG-430-F03	379	OG0000615	NA	NA	COG0772	FtsW	Peptodoglycan polymerase FtsW/RodA/SpoVE	AG-430-F03_00234	3
CACHPL010000001.1	224590	225897	-	AG-430-F03_00238	AG-430-F03	435	OG0000817	NA	NA	COG0771	MurD	UDP-N-acetylmuramoylalanine-D-glutamate ligase	AG-430-F03_00234	4
CACHPL010000001.1	225905	226990	-	AG-430-F03_00239	AG-430-F03	361	OG0000019	K01000	phospho-N-acetylmuramoyl-pentapeptide-transferase [EC:2.7.8.13]	COG0472	Rfe	UDP-N-acetylmuramyl pentapeptide phosphotransferase/UDP-N-acetylglucosamine-1-phosphate transferase/archaeal AglH	AG-430-F03_00234	5
CACHLM010000003.1	35903	36988	+	AG-430-F16_00736	AG-430-F16	361	OG0000019	K01000	phospho-N-acetylmuramoyl-pentapeptide-transferase [EC:2.7.8.13]	COG0472	Rfe	UDP-N-acetylmuramyl pentapeptide phosphotransferase/UDP-N-acetylglucosamine-1-phosphate transferase/archaeal AglH	AG-430-F16_00741	-5
CACHLM010000003.1	36931	38292	+	AG-430-F16_00737	AG-430-F16	453	OG0000817	NA	NA	COG0771	MurD	UDP-N-acetylmuramoylalanine-D-glutamate ligase	AG-430-F16_00741	-4
CACHLM010000003.1	38296	39402	+	AG-430-F16_00738	AG-430-F16	368	OG0000615	NA	NA	COG0772	FtsW	Peptodoglycan polymerase FtsW/RodA/SpoVE	AG-430-F16_00741	-3
CACHLM010000003.1	39399	40463	+	AG-430-F16_00739	AG-430-F16	354	OG0000489	K02563	UDP-N-acetylglucosamine--N-acetylmuramyl-(pentapeptide) pyrophosphoryl-undecaprenol N-acetylglucosamine transferase [EC:2.4.1.227]	COG0707	MurG	UDP-N-acetylglucosamine:LPS N-acetylglucosamine transferase	AG-430-F16_00741	-2
CACHLM010000003.1	40453	41868	+	AG-430-F16_00740	AG-430-F16	471	OG0000265	K01924	UDP-N-acetylmuramate--alanine ligase [EC:6.3.2.8]	COG0773	MurC	UDP-N-acetylmuramate-alanine ligase MurC and related ligases, MurC/Mpl family	AG-430-F16_00741	-1
CACHLM010000003.1	41849	42754	+	AG-430-F16_00741	AG-430-F16	301	OG0000330	K00075	UDP-N-acetylmuramate dehydrogenase [EC:1.3.1.98]	COG0812	MurB	UDP-N-acetylenolpyruvoylglucosamine reductase	AG-430-F16_00741	0
CACHLM010000003.1	42755	43666	+	AG-430-F16_00742	AG-430-F16	303	OG0000580	K01921	D-alanine-D-alanine ligase [EC:6.3.2.4]	COG1181	DdlA	D-alanine-D-alanine ligase or related ATP-grasp enzyme	AG-430-F16_00741	1
CACHLM010000003.1	43647	44324	+	AG-430-F16_00743	AG-430-F16	225	OG0000841	K03589	cell division protein FtsQ	COG1589	FtsQ	Cell division septal protein FtsQ	AG-430-F16_00741	2
CACHLM010000003.1	44314	45018	+	AG-430-F16_00744	AG-430-F16	234	OG0000537	NA	NA	COG0849	FtsA	Cell division ATPase FtsA	AG-430-F16_00741	3
CACHLM010000003.1	45086	46006	+	AG-430-F16_00745	AG-430-F16	306	OG0000300	K02535	UDP-3-O-[3-hydroxymyristoyl] N-acetylglucosamine deacetylase [EC:3.5.1.108]	COG0774	LpxC	UDP-3-O-acyl-N-acetylglucosamine deacetylase	AG-430-F16_00741	4
CACHLM010000003.1	46045	46878	+	AG-430-F16_00746	AG-430-F16	277	OG0000470	K05807	outer membrane protein assembly factor BamD	COG4105	BamD	Outer membrane protein assembly factor BamD, BamD/ComL family	AG-430-F16_00741	5
CACHSC010000026.1	9	917	+	AG-430-G11_01241	AG-430-G11	302	OG0000330	K00075	UDP-N-acetylmuramate dehydrogenase [EC:1.3.1.98]	COG0812	MurB	UDP-N-acetylenolpyruvoylglucosamine reductase	AG-430-G11_01241	0
CACHSC010000026.1	918	1832	+	AG-430-G11_01242	AG-430-G11	304	OG0000580	K01921	D-alanine-D-alanine ligase [EC:6.3.2.4]	COG1181	DdlA	D-alanine-D-alanine ligase or related ATP-grasp enzyme	AG-430-G11_01241	1
CACHRP010000008.1	83	994	-	AG-430-I18_01031	AG-430-I18	303	OG0000330	K00075	UDP-N-acetylmuramate dehydrogenase [EC:1.3.1.98]	COG0812	MurB	UDP-N-acetylenolpyruvoylglucosamine reductase	AG-430-I18_01031	0
CACHRP010000008.1	1033	2289	-	AG-430-I18_01032	AG-430-I18	418	OG0001354	NA	NA	NA	NA	NA	AG-430-I18_01031	1
CACHRP010000008.1	2282	3268	-	AG-430-I18_01033	AG-430-I18	328	OG0002122	NA	NA	COG1216	WcaE	Glycosyltransferase, GT2 family	AG-430-I18_01031	2
CACHRP010000008.1	3286	3960	-	AG-430-I18_01034	AG-430-I18	224	OG0000008	NA	NA	COG2227	UbiG	2-polyprenyl-3-methyl-5-hydroxy-6-metoxy-1,4-benzoquinol methylase	AG-430-I18_01031	3
CACHRP010000008.1	3960	4658	-	AG-430-I18_01035	AG-430-I18	232	OG0000261	NA	NA	COG0176	TalA	Transaldolase/fructose-6-phosphate aldolase	AG-430-I18_01031	4
CACHRP010000008.1	4668	6062	-	AG-430-I18_01036	AG-430-I18	464	OG0000436	K00325	H+-translocating NAD(P) transhydrogenase subunit beta [EC:1.6.1.2 7.1.1.1]	COG1282	PntB	NAD/NADP transhydrogenase beta subunit	AG-430-I18_01031	5
CACHQX010000001.1	223431	224264	-	AG-430-J04_00240	AG-430-J04	277	OG0000470	K05807	outer membrane protein assembly factor BamD	COG4105	BamD	Outer membrane protein assembly factor BamD, BamD/ComL family	AG-430-J04_00245	-5
CACHQX010000001.1	224301	225221	-	AG-430-J04_00241	AG-430-J04	306	OG0000300	K02535	UDP-3-O-[3-hydroxymyristoyl] N-acetylglucosamine deacetylase [EC:3.5.1.108]	COG0774	LpxC	UDP-3-O-acyl-N-acetylglucosamine deacetylase	AG-430-J04_00245	-4
CACHQX010000001.1	225289	225993	-	AG-430-J04_00242	AG-430-J04	234	OG0000537	NA	NA	COG0849	FtsA	Cell division ATPase FtsA	AG-430-J04_00245	-3
CACHQX010000001.1	225986	226660	-	AG-430-J04_00243	AG-430-J04	224	OG0000841	K03589	cell division protein FtsQ	COG1589	FtsQ	Cell division septal protein FtsQ	AG-430-J04_00245	-2
CACHQX010000001.1	226641	227552	-	AG-430-J04_00244	AG-430-J04	303	OG0000580	K01921	D-alanine-D-alanine ligase [EC:6.3.2.4]	COG1181	DdlA	D-alanine-D-alanine ligase or related ATP-grasp enzyme	AG-430-J04_00245	-1
CACHQX010000001.1	227553	228458	-	AG-430-J04_00245	AG-430-J04	301	OG0000330	K00075	UDP-N-acetylmuramate dehydrogenase [EC:1.3.1.98]	COG0812	MurB	UDP-N-acetylenolpyruvoylglucosamine reductase	AG-430-J04_00245	0
CACHQX010000001.1	228455	229855	-	AG-430-J04_00246	AG-430-J04	466	OG0000265	K01924	UDP-N-acetylmuramate--alanine ligase [EC:6.3.2.8]	COG0773	MurC	UDP-N-acetylmuramate-alanine ligase MurC and related ligases, MurC/Mpl family	AG-430-J04_00245	1
CACHQX010000001.1	229845	230909	-	AG-430-J04_00247	AG-430-J04	354	OG0000489	K02563	UDP-N-acetylglucosamine--N-acetylmuramyl-(pentapeptide) pyrophosphoryl-undecaprenol N-acetylglucosamine transferase [EC:2.4.1.227]	COG0707	MurG	UDP-N-acetylglucosamine:LPS N-acetylglucosamine transferase	AG-430-J04_00245	2
CACHQX010000001.1	230906	232012	-	AG-430-J04_00248	AG-430-J04	368	OG0000615	NA	NA	COG0772	FtsW	Peptodoglycan polymerase FtsW/RodA/SpoVE	AG-430-J04_00245	3
CACHQX010000001.1	232016	233323	-	AG-430-J04_00249	AG-430-J04	435	OG0000817	NA	NA	COG0771	MurD	UDP-N-acetylmuramoylalanine-D-glutamate ligase	AG-430-J04_00245	4
CACHQX010000001.1	233320	234405	-	AG-430-J04_00250	AG-430-J04	361	OG0000019	K01000	phospho-N-acetylmuramoyl-pentapeptide-transferase [EC:2.7.8.13]	COG0472	Rfe	UDP-N-acetylmuramyl pentapeptide phosphotransferase/UDP-N-acetylglucosamine-1-phosphate transferase/archaeal AglH	AG-430-J04_00245	5
CACPHT010000004.1	56739	57587	-	AG-430-J21_00486	AG-430-J21	282	OG0000470	K05807	outer membrane protein assembly factor BamD	COG4105	BamD	Outer membrane protein assembly factor BamD, BamD/ComL family	AG-430-J21_00491	-5
CACPHT010000004.1	57627	58547	-	AG-430-J21_00487	AG-430-J21	306	OG0000300	K02535	UDP-3-O-[3-hydroxymyristoyl] N-acetylglucosamine deacetylase [EC:3.5.1.108]	COG0774	LpxC	UDP-3-O-acyl-N-acetylglucosamine deacetylase	AG-430-J21_00491	-4
CACPHT010000004.1	58612	59811	-	AG-430-J21_00488	AG-430-J21	399	OG0000537	K03590	cell division protein FtsA	COG0849	FtsA	Cell division ATPase FtsA	AG-430-J21_00491	-3
CACPHT010000004.1	59804	60487	-	AG-430-J21_00489	AG-430-J21	227	OG0000841	K03589	cell division protein FtsQ	COG1589	FtsQ	Cell division septal protein FtsQ	AG-430-J21_00491	-2
CACPHT010000004.1	60465	61382	-	AG-430-J21_00490	AG-430-J21	305	OG0000580	K01921	D-alanine-D-alanine ligase [EC:6.3.2.4]	COG1181	DdlA	D-alanine-D-alanine ligase or related ATP-grasp enzyme	AG-430-J21_00491	-1
CACPHT010000004.1	61383	62291	-	AG-430-J21_00491	AG-430-J21	302	OG0000330	K00075	UDP-N-acetylmuramate dehydrogenase [EC:1.3.1.98]	COG0812	MurB	UDP-N-acetylenolpyruvoylglucosamine reductase	AG-430-J21_00491	0
CACPHT010000004.1	62288	63685	-	AG-430-J21_00492	AG-430-J21	465	OG0000265	K01924	UDP-N-acetylmuramate--alanine ligase [EC:6.3.2.8]	COG0773	MurC	UDP-N-acetylmuramate-alanine ligase MurC and related ligases, MurC/Mpl family	AG-430-J21_00491	1
CACPHT010000004.1	63675	64751	-	AG-430-J21_00493	AG-430-J21	358	OG0000489	K02563	UDP-N-acetylglucosamine--N-acetylmuramyl-(pentapeptide) pyrophosphoryl-undecaprenol N-acetylglucosamine transferase [EC:2.4.1.227]	COG0707	MurG	UDP-N-acetylglucosamine:LPS N-acetylglucosamine transferase	AG-430-J21_00491	2
CACPHT010000004.1	64754	65194	-	AG-430-J21_00494	AG-430-J21	146	OG0000615	NA	NA	COG0772	FtsW	Peptodoglycan polymerase FtsW/RodA/SpoVE	AG-430-J21_00491	3
CACPHT010000004.1	65229	65867	-	AG-430-J21_00495	AG-430-J21	212	OG0000615	NA	NA	COG0772	FtsW	Peptodoglycan polymerase FtsW/RodA/SpoVE	AG-430-J21_00491	4
CACPJJ010000018.1	6289	7137	-	AG-439-B12_01062	AG-439-B12	282	OG0000470	K05807	outer membrane protein assembly factor BamD	COG4105	BamD	Outer membrane protein assembly factor BamD, BamD/ComL family	AG-439-B12_01067	-5
CACPJJ010000018.1	7177	8112	-	AG-439-B12_01063	AG-439-B12	311	OG0000300	K02535	UDP-3-O-[3-hydroxymyristoyl] N-acetylglucosamine deacetylase [EC:3.5.1.108]	COG0774	LpxC	UDP-3-O-acyl-N-acetylglucosamine deacetylase	AG-439-B12_01067	-4
CACPJJ010000018.1	8163	9329	-	AG-439-B12_01064	AG-439-B12	388	OG0000537	K03590	cell division protein FtsA	COG0849	FtsA	Cell division ATPase FtsA	AG-439-B12_01067	-3
CACPJJ010000018.1	9322	10011	-	AG-439-B12_01065	AG-439-B12	229	OG0000841	K03589	cell division protein FtsQ	COG1589	FtsQ	Cell division septal protein FtsQ	AG-439-B12_01067	-2
CACPJJ010000018.1	9992	10909	-	AG-439-B12_01066	AG-439-B12	305	OG0000580	K01921	D-alanine-D-alanine ligase [EC:6.3.2.4]	COG1181	DdlA	D-alanine-D-alanine ligase or related ATP-grasp enzyme	AG-439-B12_01067	-1
CACPJJ010000018.1	10910	11797	-	AG-439-B12_01067	AG-439-B12	295	OG0000330	K00075	UDP-N-acetylmuramate dehydrogenase [EC:1.3.1.98]	COG0812	MurB	UDP-N-acetylenolpyruvoylglucosamine reductase	AG-439-B12_01067	0
CACPJJ010000018.1	11797	13194	-	AG-439-B12_01068	AG-439-B12	465	OG0000265	K01924	UDP-N-acetylmuramate--alanine ligase [EC:6.3.2.8]	COG0773	MurC	UDP-N-acetylmuramate-alanine ligase MurC and related ligases, MurC/Mpl family	AG-439-B12_01067	1
CACPJJ010000018.1	13184	14263	-	AG-439-B12_01069	AG-439-B12	359	OG0000489	K02563	UDP-N-acetylglucosamine--N-acetylmuramyl-(pentapeptide) pyrophosphoryl-undecaprenol N-acetylglucosamine transferase [EC:2.4.1.227]	COG0707	MurG	UDP-N-acetylglucosamine:LPS N-acetylglucosamine transferase	AG-439-B12_01067	2
CACPJJ010000018.1	14263	15384	-	AG-439-B12_01070	AG-439-B12	373	OG0000615	NA	NA	COG0772	FtsW	Peptodoglycan polymerase FtsW/RodA/SpoVE	AG-439-B12_01067	3
CACPJJ010000018.1	15377	16669	-	AG-439-B12_01071	AG-439-B12	430	OG0000817	NA	NA	COG0771	MurD	UDP-N-acetylmuramoylalanine-D-glutamate ligase	AG-439-B12_01067	4
CACPJJ010000018.1	16669	17133	-	AG-439-B12_01072	AG-439-B12	154	OG0000019	K01000	phospho-N-acetylmuramoyl-pentapeptide-transferase [EC:2.7.8.13]	COG0472	Rfe	UDP-N-acetylmuramyl pentapeptide phosphotransferase/UDP-N-acetylglucosamine-1-phosphate transferase/archaeal AglH	AG-439-B12_01067	5
CACIPQ010000002.1	52854	53699	-	AG-439-C08_00274	AG-439-C08	281	OG0000470	K05807	outer membrane protein assembly factor BamD	COG4105	BamD	Outer membrane protein assembly factor BamD, BamD/ComL family	AG-439-C08_00279	-5
CACIPQ010000002.1	53749	54678	-	AG-439-C08_00275	AG-439-C08	309	OG0000300	K02535	UDP-3-O-[3-hydroxymyristoyl] N-acetylglucosamine deacetylase [EC:3.5.1.108]	COG0774	LpxC	UDP-3-O-acyl-N-acetylglucosamine deacetylase	AG-439-C08_00279	-4
CACIPQ010000002.1	54753	55940	-	AG-439-C08_00276	AG-439-C08	395	OG0000537	K03590	cell division protein FtsA	COG0849	FtsA	Cell division ATPase FtsA	AG-439-C08_00279	-3
CACIPQ010000002.1	55950	56624	-	AG-439-C08_00277	AG-439-C08	224	OG0000841	K03589	cell division protein FtsQ	COG1589	FtsQ	Cell division septal protein FtsQ	AG-439-C08_00279	-2
CACIPQ010000002.1	56621	57550	-	AG-439-C08_00278	AG-439-C08	309	OG0000580	K01921	D-alanine-D-alanine ligase [EC:6.3.2.4]	COG1181	DdlA	D-alanine-D-alanine ligase or related ATP-grasp enzyme	AG-439-C08_00279	-1
CACIPQ010000002.1	57553	58425	-	AG-439-C08_00279	AG-439-C08	290	OG0000330	K00075	UDP-N-acetylmuramate dehydrogenase [EC:1.3.1.98]	COG0812	MurB	UDP-N-acetylenolpyruvoylglucosamine reductase	AG-439-C08_00279	0
CACIPQ010000002.1	58427	59818	-	AG-439-C08_00280	AG-439-C08	463	OG0000265	K01924	UDP-N-acetylmuramate--alanine ligase [EC:6.3.2.8]	COG0773	MurC	UDP-N-acetylmuramate-alanine ligase MurC and related ligases, MurC/Mpl family	AG-439-C08_00279	1
CACIPQ010000002.1	59811	60896	-	AG-439-C08_00281	AG-439-C08	361	OG0000489	K02563	UDP-N-acetylglucosamine--N-acetylmuramyl-(pentapeptide) pyrophosphoryl-undecaprenol N-acetylglucosamine transferase [EC:2.4.1.227]	COG0707	MurG	UDP-N-acetylglucosamine:LPS N-acetylglucosamine transferase	AG-439-C08_00279	2
CACIPQ010000002.1	60897	62036	-	AG-439-C08_00282	AG-439-C08	379	OG0000615	NA	NA	COG0772	FtsW	Peptodoglycan polymerase FtsW/RodA/SpoVE	AG-439-C08_00279	3
CACIPQ010000002.1	62017	63327	-	AG-439-C08_00283	AG-439-C08	436	OG0000817	NA	NA	COG0771	MurD	UDP-N-acetylmuramoylalanine-D-glutamate ligase	AG-439-C08_00279	4
CACIPQ010000002.1	63337	64422	-	AG-439-C08_00284	AG-439-C08	361	OG0000019	K01000	phospho-N-acetylmuramoyl-pentapeptide-transferase [EC:2.7.8.13]	COG0472	Rfe	UDP-N-acetylmuramyl pentapeptide phosphotransferase/UDP-N-acetylglucosamine-1-phosphate transferase/archaeal AglH	AG-439-C08_00279	5
CACIRD010000006.1	12084	13169	+	AG-439-C18_01067	AG-439-C18	361	OG0000019	K01000	phospho-N-acetylmuramoyl-pentapeptide-transferase [EC:2.7.8.13]	COG0472	Rfe	UDP-N-acetylmuramyl pentapeptide phosphotransferase/UDP-N-acetylglucosamine-1-phosphate transferase/archaeal AglH	AG-439-C18_01072	-5
CACIRD010000006.1	13169	14479	+	AG-439-C18_01068	AG-439-C18	436	OG0000817	NA	NA	COG0771	MurD	UDP-N-acetylmuramoylalanine-D-glutamate ligase	AG-439-C18_01072	-4
CACIRD010000006.1	14472	15596	+	AG-439-C18_01069	AG-439-C18	374	OG0000615	NA	NA	COG0772	FtsW	Peptodoglycan polymerase FtsW/RodA/SpoVE	AG-439-C18_01072	-3
CACIRD010000006.1	15593	16666	+	AG-439-C18_01070	AG-439-C18	357	OG0000489	K02563	UDP-N-acetylglucosamine--N-acetylmuramyl-(pentapeptide) pyrophosphoryl-undecaprenol N-acetylglucosamine transferase [EC:2.4.1.227]	COG0707	MurG	UDP-N-acetylglucosamine:LPS N-acetylglucosamine transferase	AG-439-C18_01072	-2
CACIRD010000006.1	16663	18060	+	AG-439-C18_01071	AG-439-C18	465	OG0000265	K01924	UDP-N-acetylmuramate--alanine ligase [EC:6.3.2.8]	COG0773	MurC	UDP-N-acetylmuramate-alanine ligase MurC and related ligases, MurC/Mpl family	AG-439-C18_01072	-1
CACIRD010000006.1	18060	18962	+	AG-439-C18_01072	AG-439-C18	300	OG0000330	K00075	UDP-N-acetylmuramate dehydrogenase [EC:1.3.1.98]	COG0812	MurB	UDP-N-acetylenolpyruvoylglucosamine reductase	AG-439-C18_01072	0
CACIRD010000006.1	18975	19880	+	AG-439-C18_01073	AG-439-C18	301	OG0000580	K01921	D-alanine-D-alanine ligase [EC:6.3.2.4]	COG1181	DdlA	D-alanine-D-alanine ligase or related ATP-grasp enzyme	AG-439-C18_01072	1
CACIRD010000006.1	19858	20523	+	AG-439-C18_01074	AG-439-C18	221	OG0000841	K03589	cell division protein FtsQ	COG1589	FtsQ	Cell division septal protein FtsQ	AG-439-C18_01072	2
CACIRD010000006.1	20516	21217	+	AG-439-C18_01075	AG-439-C18	233	OG0000537	NA	NA	NA	NA	NA	AG-439-C18_01072	3
CACIRD010000006.1	21279	22199	+	AG-439-C18_01076	AG-439-C18	306	OG0000300	K02535	UDP-3-O-[3-hydroxymyristoyl] N-acetylglucosamine deacetylase [EC:3.5.1.108]	COG0774	LpxC	UDP-3-O-acyl-N-acetylglucosamine deacetylase	AG-439-C18_01072	4
CACIRD010000006.1	22241	23074	+	AG-439-C18_01077	AG-439-C18	277	OG0000470	K05807	outer membrane protein assembly factor BamD	COG4105	BamD	Outer membrane protein assembly factor BamD, BamD/ComL family	AG-439-C18_01072	5
CACIQL010000008.1	33328	34092	-	AG-439-D15_00760	AG-439-D15	254	OG0000470	K05807	outer membrane protein assembly factor BamD	COG4105	BamD	Outer membrane protein assembly factor BamD, BamD/ComL family	AG-439-D15_00765	-5
CACIQL010000008.1	34136	35062	-	AG-439-D15_00761	AG-439-D15	308	OG0000300	K02535	UDP-3-O-[3-hydroxymyristoyl] N-acetylglucosamine deacetylase [EC:3.5.1.108]	COG0774	LpxC	UDP-3-O-acyl-N-acetylglucosamine deacetylase	AG-439-D15_00765	-4
CACIQL010000008.1	35127	36314	-	AG-439-D15_00762	AG-439-D15	395	OG0000537	K03590	cell division protein FtsA	COG0849	FtsA	Cell division ATPase FtsA	AG-439-D15_00765	-3
CACIQL010000008.1	36314	37048	-	AG-439-D15_00763	AG-439-D15	244	OG0000841	K03589	cell division protein FtsQ	COG1589	FtsQ	Cell division septal protein FtsQ	AG-439-D15_00765	-2
CACIQL010000008.1	37032	37940	-	AG-439-D15_00764	AG-439-D15	302	OG0000580	K01921	D-alanine-D-alanine ligase [EC:6.3.2.4]	COG1181	DdlA	D-alanine-D-alanine ligase or related ATP-grasp enzyme	AG-439-D15_00765	-1
CACIQL010000008.1	37937	38860	-	AG-439-D15_00765	AG-439-D15	307	OG0000330	K00075	UDP-N-acetylmuramate dehydrogenase [EC:1.3.1.98]	COG0812	MurB	UDP-N-acetylenolpyruvoylglucosamine reductase	AG-439-D15_00765	0
CACIQL010000008.1	38853	40244	-	AG-439-D15_00766	AG-439-D15	463	OG0000265	K01924	UDP-N-acetylmuramate--alanine ligase [EC:6.3.2.8]	COG0773	MurC	UDP-N-acetylmuramate-alanine ligase MurC and related ligases, MurC/Mpl family	AG-439-D15_00765	1
CACIQL010000008.1	40241	41299	-	AG-439-D15_00767	AG-439-D15	352	OG0000489	K02563	UDP-N-acetylglucosamine--N-acetylmuramyl-(pentapeptide) pyrophosphoryl-undecaprenol N-acetylglucosamine transferase [EC:2.4.1.227]	COG0707	MurG	UDP-N-acetylglucosamine:LPS N-acetylglucosamine transferase	AG-439-D15_00765	2
CACIQL010000008.1	41309	42421	-	AG-439-D15_00768	AG-439-D15	370	OG0000615	NA	NA	COG0772	FtsW	Peptodoglycan polymerase FtsW/RodA/SpoVE	AG-439-D15_00765	3
CACIQL010000008.1	42421	43737	-	AG-439-D15_00769	AG-439-D15	438	OG0000817	NA	NA	COG0771	MurD	UDP-N-acetylmuramoylalanine-D-glutamate ligase	AG-439-D15_00765	4
CACIQL010000008.1	43742	44824	-	AG-439-D15_00770	AG-439-D15	360	OG0000019	K01000	phospho-N-acetylmuramoyl-pentapeptide-transferase [EC:2.7.8.13]	COG0472	Rfe	UDP-N-acetylmuramyl pentapeptide phosphotransferase/UDP-N-acetylglucosamine-1-phosphate transferase/archaeal AglH	AG-439-D15_00765	5
CACIUK010000012.1	20527	21612	+	AG-439-E23_00909	AG-439-E23	361	OG0000019	K01000	phospho-N-acetylmuramoyl-pentapeptide-transferase [EC:2.7.8.13]	COG0472	Rfe	UDP-N-acetylmuramyl pentapeptide phosphotransferase/UDP-N-acetylglucosamine-1-phosphate transferase/archaeal AglH	AG-439-E23_00914	-5
CACIUK010000012.1	21612	22904	+	AG-439-E23_00910	AG-439-E23	430	OG0000817	NA	NA	COG0771	MurD	UDP-N-acetylmuramoylalanine-D-glutamate ligase	AG-439-E23_00914	-4
CACIUK010000012.1	22897	24021	+	AG-439-E23_00911	AG-439-E23	374	OG0000615	NA	NA	COG0772	FtsW	Peptodoglycan polymerase FtsW/RodA/SpoVE	AG-439-E23_00914	-3
CACIUK010000012.1	24018	25097	+	AG-439-E23_00912	AG-439-E23	359	OG0000489	K02563	UDP-N-acetylglucosamine--N-acetylmuramyl-(pentapeptide) pyrophosphoryl-undecaprenol N-acetylglucosamine transferase [EC:2.4.1.227]	COG0707	MurG	UDP-N-acetylglucosamine:LPS N-acetylglucosamine transferase	AG-439-E23_00914	-2
CACIUK010000012.1	25087	26481	+	AG-439-E23_00913	AG-439-E23	464	OG0000265	K01924	UDP-N-acetylmuramate--alanine ligase [EC:6.3.2.8]	COG0773	MurC	UDP-N-acetylmuramate-alanine ligase MurC and related ligases, MurC/Mpl family	AG-439-E23_00914	-1
CACIUK010000012.1	26484	27392	+	AG-439-E23_00914	AG-439-E23	302	OG0000330	K00075	UDP-N-acetylmuramate dehydrogenase [EC:1.3.1.98]	COG0812	MurB	UDP-N-acetylenolpyruvoylglucosamine reductase	AG-439-E23_00914	0
CACISU010000004.1	53510	54595	+	AG-439-G19_00793	AG-439-G19	361	OG0000019	K01000	phospho-N-acetylmuramoyl-pentapeptide-transferase [EC:2.7.8.13]	COG0472	Rfe	UDP-N-acetylmuramyl pentapeptide phosphotransferase/UDP-N-acetylglucosamine-1-phosphate transferase/archaeal AglH	AG-439-G19_00798	-5
CACISU010000004.1	54595	55914	+	AG-439-G19_00794	AG-439-G19	439	OG0000817	NA	NA	COG0771	MurD	UDP-N-acetylmuramoylalanine-D-glutamate ligase	AG-439-G19_00798	-4
CACISU010000004.1	55901	57025	+	AG-439-G19_00795	AG-439-G19	374	OG0000615	NA	NA	COG0772	FtsW	Peptodoglycan polymerase FtsW/RodA/SpoVE	AG-439-G19_00798	-3
CACISU010000004.1	57028	58104	+	AG-439-G19_00796	AG-439-G19	358	OG0000489	K02563	UDP-N-acetylglucosamine--N-acetylmuramyl-(pentapeptide) pyrophosphoryl-undecaprenol N-acetylglucosamine transferase [EC:2.4.1.227]	COG0707	MurG	UDP-N-acetylglucosamine:LPS N-acetylglucosamine transferase	AG-439-G19_00798	-2
CACISU010000004.1	58094	59488	+	AG-439-G19_00797	AG-439-G19	464	OG0000265	K01924	UDP-N-acetylmuramate--alanine ligase [EC:6.3.2.8]	COG0773	MurC	UDP-N-acetylmuramate-alanine ligase MurC and related ligases, MurC/Mpl family	AG-439-G19_00798	-1
CACISU010000004.1	59491	60399	+	AG-439-G19_00798	AG-439-G19	302	OG0000330	K00075	UDP-N-acetylmuramate dehydrogenase [EC:1.3.1.98]	COG0812	MurB	UDP-N-acetylenolpyruvoylglucosamine reductase	AG-439-G19_00798	0
CACISU010000004.1	60400	61320	+	AG-439-G19_00799	AG-439-G19	306	OG0000580	K01921	D-alanine-D-alanine ligase [EC:6.3.2.4]	COG1181	DdlA	D-alanine-D-alanine ligase or related ATP-grasp enzyme	AG-439-G19_00798	1
CACISU010000004.1	61301	61993	+	AG-439-G19_00800	AG-439-G19	230	OG0000841	K03589	cell division protein FtsQ	COG1589	FtsQ	Cell division septal protein FtsQ	AG-439-G19_00798	2
CACISU010000004.1	61997	63181	+	AG-439-G19_00801	AG-439-G19	394	OG0000537	K03590	cell division protein FtsA	COG0849	FtsA	Cell division ATPase FtsA	AG-439-G19_00798	3
CACISU010000004.1	63248	64168	+	AG-439-G19_00802	AG-439-G19	306	OG0000300	K02535	UDP-3-O-[3-hydroxymyristoyl] N-acetylglucosamine deacetylase [EC:3.5.1.108]	COG0774	LpxC	UDP-3-O-acyl-N-acetylglucosamine deacetylase	AG-439-G19_00798	4
CACISU010000004.1	64204	65052	+	AG-439-G19_00803	AG-439-G19	282	OG0000470	K05807	outer membrane protein assembly factor BamD	COG4105	BamD	Outer membrane protein assembly factor BamD, BamD/ComL family	AG-439-G19_00798	5
CACPLW010000007.1	58343	59179	-	AG-439-O15_00717	AG-439-O15	278	OG0000470	K05807	outer membrane protein assembly factor BamD	COG4105	BamD	Outer membrane protein assembly factor BamD, BamD/ComL family	AG-439-O15_00722	-5
CACPLW010000007.1	59211	60131	-	AG-439-O15_00718	AG-439-O15	306	OG0000300	K02535	UDP-3-O-[3-hydroxymyristoyl] N-acetylglucosamine deacetylase [EC:3.5.1.108]	COG0774	LpxC	UDP-3-O-acyl-N-acetylglucosamine deacetylase	AG-439-O15_00722	-4
CACPLW010000007.1	60191	61333	-	AG-439-O15_00719	AG-439-O15	380	OG0000537	NA	NA	COG0849	FtsA	Cell division ATPase FtsA	AG-439-O15_00722	-3
CACPLW010000007.1	61330	62016	-	AG-439-O15_00720	AG-439-O15	228	OG0000841	K03589	cell division protein FtsQ	COG1589	FtsQ	Cell division septal protein FtsQ	AG-439-O15_00722	-2
CACPLW010000007.1	61994	62911	-	AG-439-O15_00721	AG-439-O15	305	OG0000580	K01921	D-alanine-D-alanine ligase [EC:6.3.2.4]	COG1181	DdlA	D-alanine-D-alanine ligase or related ATP-grasp enzyme	AG-439-O15_00722	-1
CACPLW010000007.1	62913	63827	-	AG-439-O15_00722	AG-439-O15	304	OG0000330	K00075	UDP-N-acetylmuramate dehydrogenase [EC:1.3.1.98]	COG0812	MurB	UDP-N-acetylenolpyruvoylglucosamine reductase	AG-439-O15_00722	0
CACPLW010000007.1	63824	65221	-	AG-439-O15_00723	AG-439-O15	465	OG0000265	K01924	UDP-N-acetylmuramate--alanine ligase [EC:6.3.2.8]	COG0773	MurC	UDP-N-acetylmuramate-alanine ligase MurC and related ligases, MurC/Mpl family	AG-439-O15_00722	1
CACPLW010000007.1	65211	66293	-	AG-439-O15_00724	AG-439-O15	360	OG0000489	K02563	UDP-N-acetylglucosamine--N-acetylmuramyl-(pentapeptide) pyrophosphoryl-undecaprenol N-acetylglucosamine transferase [EC:2.4.1.227]	COG0707	MurG	UDP-N-acetylglucosamine:LPS N-acetylglucosamine transferase	AG-439-O15_00722	2
CACPLW010000007.1	66294	67412	-	AG-439-O15_00725	AG-439-O15	372	OG0000615	NA	NA	COG0772	FtsW	Peptodoglycan polymerase FtsW/RodA/SpoVE	AG-439-O15_00722	3
CACPLW010000007.1	67409	68710	-	AG-439-O15_00726	AG-439-O15	433	OG0000817	NA	NA	COG0771	MurD	UDP-N-acetylmuramoylalanine-D-glutamate ligase	AG-439-O15_00722	4
CACPLW010000007.1	68710	69795	-	AG-439-O15_00727	AG-439-O15	361	OG0000019	K01000	phospho-N-acetylmuramoyl-pentapeptide-transferase [EC:2.7.8.13]	COG0472	Rfe	UDP-N-acetylmuramyl pentapeptide phosphotransferase/UDP-N-acetylglucosamine-1-phosphate transferase/archaeal AglH	AG-439-O15_00722	5
CACJDV010000011.1	5506	6339	-	AG-447-B22_00844	AG-447-B22	277	OG0000470	K05807	outer membrane protein assembly factor BamD	COG4105	BamD	Outer membrane protein assembly factor BamD, BamD/ComL family	AG-447-B22_00849	-5
CACJDV010000011.1	6383	7303	-	AG-447-B22_00845	AG-447-B22	306	OG0000300	K02535	UDP-3-O-[3-hydroxymyristoyl] N-acetylglucosamine deacetylase [EC:3.5.1.108]	COG0774	LpxC	UDP-3-O-acyl-N-acetylglucosamine deacetylase	AG-447-B22_00849	-4
CACJDV010000011.1	7367	8068	-	AG-447-B22_00846	AG-447-B22	233	OG0000537	NA	NA	NA	NA	NA	AG-447-B22_00849	-3
CACJDV010000011.1	8058	8732	-	AG-447-B22_00847	AG-447-B22	224	OG0000841	K03589	cell division protein FtsQ	COG1589	FtsQ	Cell division septal protein FtsQ	AG-447-B22_00849	-2
CACJDV010000011.1	8713	9627	-	AG-447-B22_00848	AG-447-B22	304	OG0000580	K01921	D-alanine-D-alanine ligase [EC:6.3.2.4]	COG1181	DdlA	D-alanine-D-alanine ligase or related ATP-grasp enzyme	AG-447-B22_00849	-1
CACJDV010000011.1	9629	10537	-	AG-447-B22_00849	AG-447-B22	302	OG0000330	K00075	UDP-N-acetylmuramate dehydrogenase [EC:1.3.1.98]	COG0812	MurB	UDP-N-acetylenolpyruvoylglucosamine reductase	AG-447-B22_00849	0
CACJDV010000011.1	10537	11931	-	AG-447-B22_00850	AG-447-B22	464	OG0000265	K01924	UDP-N-acetylmuramate--alanine ligase [EC:6.3.2.8]	COG0773	MurC	UDP-N-acetylmuramate-alanine ligase MurC and related ligases, MurC/Mpl family	AG-447-B22_00849	1
CACJDV010000011.1	11921	12985	-	AG-447-B22_00851	AG-447-B22	354	OG0000489	K02563	UDP-N-acetylglucosamine--N-acetylmuramyl-(pentapeptide) pyrophosphoryl-undecaprenol N-acetylglucosamine transferase [EC:2.4.1.227]	COG0707	MurG	UDP-N-acetylglucosamine:LPS N-acetylglucosamine transferase	AG-447-B22_00849	2
CACJDV010000011.1	12982	14109	-	AG-447-B22_00852	AG-447-B22	375	OG0000615	NA	NA	COG0772	FtsW	Peptodoglycan polymerase FtsW/RodA/SpoVE	AG-447-B22_00849	3
CACJDV010000011.1	14090	15400	-	AG-447-B22_00853	AG-447-B22	436	OG0000817	NA	NA	COG0771	MurD	UDP-N-acetylmuramoylalanine-D-glutamate ligase	AG-447-B22_00849	4
CACJDV010000011.1	15400	16485	-	AG-447-B22_00854	AG-447-B22	361	OG0000019	K01000	phospho-N-acetylmuramoyl-pentapeptide-transferase [EC:2.7.8.13]	COG0472	Rfe	UDP-N-acetylmuramyl pentapeptide phosphotransferase/UDP-N-acetylglucosamine-1-phosphate transferase/archaeal AglH	AG-447-B22_00849	5
CACJEG010000003.1	153	824	-	AG-447-C08_00571	AG-447-C08	223	OG0000841	K03589	cell division protein FtsQ	COG1589	FtsQ	Cell division septal protein FtsQ	AG-447-C08_00573	-2
CACJEG010000003.1	805	1719	-	AG-447-C08_00572	AG-447-C08	304	OG0000580	K01921	D-alanine-D-alanine ligase [EC:6.3.2.4]	COG1181	DdlA	D-alanine-D-alanine ligase or related ATP-grasp enzyme	AG-447-C08_00573	-1
CACJEG010000003.1	1721	2626	-	AG-447-C08_00573	AG-447-C08	301	OG0000330	K00075	UDP-N-acetylmuramate dehydrogenase [EC:1.3.1.98]	COG0812	MurB	UDP-N-acetylenolpyruvoylglucosamine reductase	AG-447-C08_00573	0
CACJEG010000003.1	2623	4020	-	AG-447-C08_00574	AG-447-C08	465	OG0000265	K01924	UDP-N-acetylmuramate--alanine ligase [EC:6.3.2.8]	COG0773	MurC	UDP-N-acetylmuramate-alanine ligase MurC and related ligases, MurC/Mpl family	AG-447-C08_00573	1
CACJEG010000003.1	4010	5074	-	AG-447-C08_00575	AG-447-C08	354	OG0000489	K02563	UDP-N-acetylglucosamine--N-acetylmuramyl-(pentapeptide) pyrophosphoryl-undecaprenol N-acetylglucosamine transferase [EC:2.4.1.227]	COG0707	MurG	UDP-N-acetylglucosamine:LPS N-acetylglucosamine transferase	AG-447-C08_00573	2
CACJEG010000003.1	5079	6200	-	AG-447-C08_00576	AG-447-C08	373	OG0000615	NA	NA	COG0772	FtsW	Peptodoglycan polymerase FtsW/RodA/SpoVE	AG-447-C08_00573	3
CACJEG010000003.1	6187	7485	-	AG-447-C08_00577	AG-447-C08	432	OG0000817	NA	NA	COG0771	MurD	UDP-N-acetylmuramoylalanine-D-glutamate ligase	AG-447-C08_00573	4
CACJEG010000003.1	7485	8570	-	AG-447-C08_00578	AG-447-C08	361	OG0000019	K01000	phospho-N-acetylmuramoyl-pentapeptide-transferase [EC:2.7.8.13]	COG0472	Rfe	UDP-N-acetylmuramyl pentapeptide phosphotransferase/UDP-N-acetylglucosamine-1-phosphate transferase/archaeal AglH	AG-447-C08_00573	5
CACJIJ010000040.1	190	1104	-	AG-447-E19_01253	AG-447-E19	304	OG0000580	K01921	D-alanine-D-alanine ligase [EC:6.3.2.4]	COG1181	DdlA	D-alanine-D-alanine ligase or related ATP-grasp enzyme	AG-447-E19_01254	-1
CACJIJ010000040.1	1106	2011	-	AG-447-E19_01254	AG-447-E19	301	OG0000330	K00075	UDP-N-acetylmuramate dehydrogenase [EC:1.3.1.98]	COG0812	MurB	UDP-N-acetylenolpyruvoylglucosamine reductase	AG-447-E19_01254	0
CACJIJ010000040.1	2008	3405	-	AG-447-E19_01255	AG-447-E19	465	OG0000265	K01924	UDP-N-acetylmuramate--alanine ligase [EC:6.3.2.8]	COG0773	MurC	UDP-N-acetylmuramate-alanine ligase MurC and related ligases, MurC/Mpl family	AG-447-E19_01254	1
CACJJV010000002.1	49536	50621	+	AG-447-F10_00227	AG-447-F10	361	OG0000019	K01000	phospho-N-acetylmuramoyl-pentapeptide-transferase [EC:2.7.8.13]	COG0472	Rfe	UDP-N-acetylmuramyl pentapeptide phosphotransferase/UDP-N-acetylglucosamine-1-phosphate transferase/archaeal AglH	AG-447-F10_00232	-5
CACJJV010000002.1	50621	51931	+	AG-447-F10_00228	AG-447-F10	436	OG0000817	NA	NA	COG0771	MurD	UDP-N-acetylmuramoylalanine-D-glutamate ligase	AG-447-F10_00232	-4
CACJJV010000002.1	51912	53039	+	AG-447-F10_00229	AG-447-F10	375	OG0000615	NA	NA	COG0772	FtsW	Peptodoglycan polymerase FtsW/RodA/SpoVE	AG-447-F10_00232	-3
CACJJV010000002.1	53036	54100	+	AG-447-F10_00230	AG-447-F10	354	OG0000489	K02563	UDP-N-acetylglucosamine--N-acetylmuramyl-(pentapeptide) pyrophosphoryl-undecaprenol N-acetylglucosamine transferase [EC:2.4.1.227]	COG0707	MurG	UDP-N-acetylglucosamine:LPS N-acetylglucosamine transferase	AG-447-F10_00232	-2
CACJJV010000002.1	54090	55484	+	AG-447-F10_00231	AG-447-F10	464	OG0000265	K01924	UDP-N-acetylmuramate--alanine ligase [EC:6.3.2.8]	COG0773	MurC	UDP-N-acetylmuramate-alanine ligase MurC and related ligases, MurC/Mpl family	AG-447-F10_00232	-1
CACJJV010000002.1	55484	56392	+	AG-447-F10_00232	AG-447-F10	302	OG0000330	K00075	UDP-N-acetylmuramate dehydrogenase [EC:1.3.1.98]	COG0812	MurB	UDP-N-acetylenolpyruvoylglucosamine reductase	AG-447-F10_00232	0
CACJJV010000002.1	56394	57308	+	AG-447-F10_00233	AG-447-F10	304	OG0000580	K01921	D-alanine-D-alanine ligase [EC:6.3.2.4]	COG1181	DdlA	D-alanine-D-alanine ligase or related ATP-grasp enzyme	AG-447-F10_00232	1
CACJJV010000002.1	57289	57963	+	AG-447-F10_00234	AG-447-F10	224	OG0000841	K03589	cell division protein FtsQ	COG1589	FtsQ	Cell division septal protein FtsQ	AG-447-F10_00232	2
CACJJV010000002.1	57953	58654	+	AG-447-F10_00235	AG-447-F10	233	OG0000537	NA	NA	NA	NA	NA	AG-447-F10_00232	3
CACJJV010000002.1	58718	59638	+	AG-447-F10_00236	AG-447-F10	306	OG0000300	K02535	UDP-3-O-[3-hydroxymyristoyl] N-acetylglucosamine deacetylase [EC:3.5.1.108]	COG0774	LpxC	UDP-3-O-acyl-N-acetylglucosamine deacetylase	AG-447-F10_00232	4
CACJJV010000002.1	59687	60520	+	AG-447-F10_00237	AG-447-F10	277	OG0000470	K05807	outer membrane protein assembly factor BamD	COG4105	BamD	Outer membrane protein assembly factor BamD, BamD/ComL family	AG-447-F10_00232	5
CACJLJ010000001.1	212922	214007	+	AG-447-K09_00223	AG-447-K09	361	OG0000019	K01000	phospho-N-acetylmuramoyl-pentapeptide-transferase [EC:2.7.8.13]	COG0472	Rfe	UDP-N-acetylmuramyl pentapeptide phosphotransferase/UDP-N-acetylglucosamine-1-phosphate transferase/archaeal AglH	AG-447-K09_00228	-5
CACJLJ010000001.1	214007	215320	+	AG-447-K09_00224	AG-447-K09	437	OG0000817	NA	NA	COG0771	MurD	UDP-N-acetylmuramoylalanine-D-glutamate ligase	AG-447-K09_00228	-4
CACJLJ010000001.1	215295	216419	+	AG-447-K09_00225	AG-447-K09	374	OG0000615	NA	NA	COG0772	FtsW	Peptodoglycan polymerase FtsW/RodA/SpoVE	AG-447-K09_00228	-3
CACJLJ010000001.1	216419	217486	+	AG-447-K09_00226	AG-447-K09	355	OG0000489	K02563	UDP-N-acetylglucosamine--N-acetylmuramyl-(pentapeptide) pyrophosphoryl-undecaprenol N-acetylglucosamine transferase [EC:2.4.1.227]	COG0707	MurG	UDP-N-acetylglucosamine:LPS N-acetylglucosamine transferase	AG-447-K09_00228	-2
CACJLJ010000001.1	217476	218870	+	AG-447-K09_00227	AG-447-K09	464	OG0000265	K01924	UDP-N-acetylmuramate--alanine ligase [EC:6.3.2.8]	COG0773	MurC	UDP-N-acetylmuramate-alanine ligase MurC and related ligases, MurC/Mpl family	AG-447-K09_00228	-1
CACJLJ010000001.1	218870	219778	+	AG-447-K09_00228	AG-447-K09	302	OG0000330	K00075	UDP-N-acetylmuramate dehydrogenase [EC:1.3.1.98]	COG0812	MurB	UDP-N-acetylenolpyruvoylglucosamine reductase	AG-447-K09_00228	0
CACJLJ010000001.1	219780	220694	+	AG-447-K09_00229	AG-447-K09	304	OG0000580	K01921	D-alanine-D-alanine ligase [EC:6.3.2.4]	COG1181	DdlA	D-alanine-D-alanine ligase or related ATP-grasp enzyme	AG-447-K09_00228	1
CACJLJ010000001.1	220675	221346	+	AG-447-K09_00230	AG-447-K09	223	OG0000841	K03589	cell division protein FtsQ	COG1589	FtsQ	Cell division septal protein FtsQ	AG-447-K09_00228	2
CACJLJ010000001.1	221339	222043	+	AG-447-K09_00231	AG-447-K09	234	OG0000537	NA	NA	COG0849	FtsA	Cell division ATPase FtsA	AG-447-K09_00228	3
CACJLJ010000001.1	222105	223025	+	AG-447-K09_00232	AG-447-K09	306	OG0000300	K02535	UDP-3-O-[3-hydroxymyristoyl] N-acetylglucosamine deacetylase [EC:3.5.1.108]	COG0774	LpxC	UDP-3-O-acyl-N-acetylglucosamine deacetylase	AG-447-K09_00228	4
CACJLJ010000001.1	223054	223893	+	AG-447-K09_00233	AG-447-K09	279	OG0000470	K05807	outer membrane protein assembly factor BamD	COG4105	BamD	Outer membrane protein assembly factor BamD, BamD/ComL family	AG-447-K09_00228	5
CACJNJ010000022.1	217	1302	+	AG-447-K11_01247	AG-447-K11	361	OG0000019	K01000	phospho-N-acetylmuramoyl-pentapeptide-transferase [EC:2.7.8.13]	COG0472	Rfe	UDP-N-acetylmuramyl pentapeptide phosphotransferase/UDP-N-acetylglucosamine-1-phosphate transferase/archaeal AglH	AG-447-K11_01252	-5
CACJNJ010000022.1	1302	2585	+	AG-447-K11_01248	AG-447-K11	427	OG0000817	NA	NA	COG0771	MurD	UDP-N-acetylmuramoylalanine-D-glutamate ligase	AG-447-K11_01252	-4
CACJNJ010000022.1	2575	3693	+	AG-447-K11_01249	AG-447-K11	372	OG0000615	NA	NA	COG0772	FtsW	Peptodoglycan polymerase FtsW/RodA/SpoVE	AG-447-K11_01252	-3
CACJNJ010000022.1	3697	4764	+	AG-447-K11_01250	AG-447-K11	355	OG0000489	K02563	UDP-N-acetylglucosamine--N-acetylmuramyl-(pentapeptide) pyrophosphoryl-undecaprenol N-acetylglucosamine transferase [EC:2.4.1.227]	COG0707	MurG	UDP-N-acetylglucosamine:LPS N-acetylglucosamine transferase	AG-447-K11_01252	-2
CACJNJ010000022.1	4754	6148	+	AG-447-K11_01251	AG-447-K11	464	OG0000265	K01924	UDP-N-acetylmuramate--alanine ligase [EC:6.3.2.8]	COG0773	MurC	UDP-N-acetylmuramate-alanine ligase MurC and related ligases, MurC/Mpl family	AG-447-K11_01252	-1
CACJNJ010000022.1	6148	7053	+	AG-447-K11_01252	AG-447-K11	301	OG0000330	K00075	UDP-N-acetylmuramate dehydrogenase [EC:1.3.1.98]	COG0812	MurB	UDP-N-acetylenolpyruvoylglucosamine reductase	AG-447-K11_01252	0
CACJNJ010000022.1	7055	7969	+	AG-447-K11_01253	AG-447-K11	304	OG0000580	K01921	D-alanine-D-alanine ligase [EC:6.3.2.4]	COG1181	DdlA	D-alanine-D-alanine ligase or related ATP-grasp enzyme	AG-447-K11_01252	1
CACJMB010000006.1	51531	52616	+	AG-447-L03_01022	AG-447-L03	361	OG0000019	K01000	phospho-N-acetylmuramoyl-pentapeptide-transferase [EC:2.7.8.13]	COG0472	Rfe	UDP-N-acetylmuramyl pentapeptide phosphotransferase/UDP-N-acetylglucosamine-1-phosphate transferase/archaeal AglH	AG-447-L03_01027	-5
CACJMB010000006.1	52616	53914	+	AG-447-L03_01023	AG-447-L03	432	OG0000817	NA	NA	COG0771	MurD	UDP-N-acetylmuramoylalanine-D-glutamate ligase	AG-447-L03_01027	-4
CACJMB010000006.1	53901	55028	+	AG-447-L03_01024	AG-447-L03	375	OG0000615	NA	NA	COG0772	FtsW	Peptodoglycan polymerase FtsW/RodA/SpoVE	AG-447-L03_01027	-3
CACJMB010000006.1	55025	56089	+	AG-447-L03_01025	AG-447-L03	354	OG0000489	K02563	UDP-N-acetylglucosamine--N-acetylmuramyl-(pentapeptide) pyrophosphoryl-undecaprenol N-acetylglucosamine transferase [EC:2.4.1.227]	COG0707	MurG	UDP-N-acetylglucosamine:LPS N-acetylglucosamine transferase	AG-447-L03_01027	-2
CACJMB010000006.1	56079	57476	+	AG-447-L03_01026	AG-447-L03	465	OG0000265	K01924	UDP-N-acetylmuramate--alanine ligase [EC:6.3.2.8]	COG0773	MurC	UDP-N-acetylmuramate-alanine ligase MurC and related ligases, MurC/Mpl family	AG-447-L03_01027	-1
CACJMB010000006.1	57473	58378	+	AG-447-L03_01027	AG-447-L03	301	OG0000330	K00075	UDP-N-acetylmuramate dehydrogenase [EC:1.3.1.98]	COG0812	MurB	UDP-N-acetylenolpyruvoylglucosamine reductase	AG-447-L03_01027	0
CACJMB010000006.1	58401	59294	+	AG-447-L03_01028	AG-447-L03	297	OG0000580	K01921	D-alanine-D-alanine ligase [EC:6.3.2.4]	COG1181	DdlA	D-alanine-D-alanine ligase or related ATP-grasp enzyme	AG-447-L03_01027	1
CACJMB010000006.1	59275	59946	+	AG-447-L03_01029	AG-447-L03	223	OG0000841	K03589	cell division protein FtsQ	COG1589	FtsQ	Cell division septal protein FtsQ	AG-447-L03_01027	2
CACJMB010000006.1	59939	60643	+	AG-447-L03_01030	AG-447-L03	234	OG0000537	NA	NA	NA	NA	NA	AG-447-L03_01027	3
CACJMB010000006.1	60707	61627	+	AG-447-L03_01031	AG-447-L03	306	OG0000300	K02535	UDP-3-O-[3-hydroxymyristoyl] N-acetylglucosamine deacetylase [EC:3.5.1.108]	COG0774	LpxC	UDP-3-O-acyl-N-acetylglucosamine deacetylase	AG-447-L03_01027	4
CACJMB010000006.1	61677	62519	+	AG-447-L03_01032	AG-447-L03	280	OG0000470	K05807	outer membrane protein assembly factor BamD	COG4105	BamD	Outer membrane protein assembly factor BamD, BamD/ComL family	AG-447-L03_01027	5
CACPOX010000012.1	72	743	-	AG-447-L10_00879	AG-447-L10	223	OG0000841	K03589	cell division protein FtsQ	COG1589	FtsQ	Cell division septal protein FtsQ	AG-447-L10_00881	-2
CACPOX010000012.1	724	1638	-	AG-447-L10_00880	AG-447-L10	304	OG0000580	K01921	D-alanine-D-alanine ligase [EC:6.3.2.4]	COG1181	DdlA	D-alanine-D-alanine ligase or related ATP-grasp enzyme	AG-447-L10_00881	-1
CACPOX010000012.1	1640	2545	-	AG-447-L10_00881	AG-447-L10	301	OG0000330	K00075	UDP-N-acetylmuramate dehydrogenase [EC:1.3.1.98]	COG0812	MurB	UDP-N-acetylenolpyruvoylglucosamine reductase	AG-447-L10_00881	0
CACPOX010000012.1	2542	3939	-	AG-447-L10_00882	AG-447-L10	465	OG0000265	K01924	UDP-N-acetylmuramate--alanine ligase [EC:6.3.2.8]	COG0773	MurC	UDP-N-acetylmuramate-alanine ligase MurC and related ligases, MurC/Mpl family	AG-447-L10_00881	1
CACPOX010000012.1	3929	4993	-	AG-447-L10_00883	AG-447-L10	354	OG0000489	K02563	UDP-N-acetylglucosamine--N-acetylmuramyl-(pentapeptide) pyrophosphoryl-undecaprenol N-acetylglucosamine transferase [EC:2.4.1.227]	COG0707	MurG	UDP-N-acetylglucosamine:LPS N-acetylglucosamine transferase	AG-447-L10_00881	2
CACPOX010000012.1	4997	6118	-	AG-447-L10_00884	AG-447-L10	373	OG0000615	NA	NA	COG0772	FtsW	Peptodoglycan polymerase FtsW/RodA/SpoVE	AG-447-L10_00881	3
CACPOX010000012.1	6105	7403	-	AG-447-L10_00885	AG-447-L10	432	OG0000817	NA	NA	COG0771	MurD	UDP-N-acetylmuramoylalanine-D-glutamate ligase	AG-447-L10_00881	4
CACPOX010000012.1	7403	8488	-	AG-447-L10_00886	AG-447-L10	361	OG0000019	K01000	phospho-N-acetylmuramoyl-pentapeptide-transferase [EC:2.7.8.13]	COG0472	Rfe	UDP-N-acetylmuramyl pentapeptide phosphotransferase/UDP-N-acetylglucosamine-1-phosphate transferase/archaeal AglH	AG-447-L10_00881	5
CACJOA010000020.1	4699	5784	+	AG-447-L14_01102	AG-447-L14	361	OG0000019	K01000	phospho-N-acetylmuramoyl-pentapeptide-transferase [EC:2.7.8.13]	COG0472	Rfe	UDP-N-acetylmuramyl pentapeptide phosphotransferase/UDP-N-acetylglucosamine-1-phosphate transferase/archaeal AglH	AG-447-L14_01107	-5
CACJOA010000020.1	5784	7085	+	AG-447-L14_01103	AG-447-L14	433	OG0000817	NA	NA	COG0771	MurD	UDP-N-acetylmuramoylalanine-D-glutamate ligase	AG-447-L14_01107	-4
CACJOA010000020.1	7075	8196	+	AG-447-L14_01104	AG-447-L14	373	OG0000615	NA	NA	COG0772	FtsW	Peptodoglycan polymerase FtsW/RodA/SpoVE	AG-447-L14_01107	-3
CACJOA010000020.1	8201	9262	+	AG-447-L14_01105	AG-447-L14	353	OG0000489	K02563	UDP-N-acetylglucosamine--N-acetylmuramyl-(pentapeptide) pyrophosphoryl-undecaprenol N-acetylglucosamine transferase [EC:2.4.1.227]	COG0707	MurG	UDP-N-acetylglucosamine:LPS N-acetylglucosamine transferase	AG-447-L14_01107	-2
CACJOA010000020.1	9252	10649	+	AG-447-L14_01106	AG-447-L14	465	OG0000265	K01924	UDP-N-acetylmuramate--alanine ligase [EC:6.3.2.8]	COG0773	MurC	UDP-N-acetylmuramate-alanine ligase MurC and related ligases, MurC/Mpl family	AG-447-L14_01107	-1
CACJOA010000020.1	10646	11554	+	AG-447-L14_01107	AG-447-L14	302	OG0000330	K00075	UDP-N-acetylmuramate dehydrogenase [EC:1.3.1.98]	COG0812	MurB	UDP-N-acetylenolpyruvoylglucosamine reductase	AG-447-L14_01107	0
CACJOA010000020.1	11556	12470	+	AG-447-L14_01108	AG-447-L14	304	OG0000580	K01921	D-alanine-D-alanine ligase [EC:6.3.2.4]	COG1181	DdlA	D-alanine-D-alanine ligase or related ATP-grasp enzyme	AG-447-L14_01107	1
CACJQI010000002.1	107886	108737	-	AG-447-M05_00351	AG-447-M05	283	OG0000470	K05807	outer membrane protein assembly factor BamD	COG4105	BamD	Outer membrane protein assembly factor BamD, BamD/ComL family	AG-447-M05_00356	-5
CACJQI010000002.1	108793	109713	-	AG-447-M05_00352	AG-447-M05	306	OG0000300	K02535	UDP-3-O-[3-hydroxymyristoyl] N-acetylglucosamine deacetylase [EC:3.5.1.108]	COG0774	LpxC	UDP-3-O-acyl-N-acetylglucosamine deacetylase	AG-447-M05_00356	-4
CACJQI010000002.1	109777	110448	-	AG-447-M05_00353	AG-447-M05	223	OG0000537	NA	NA	NA	NA	NA	AG-447-M05_00356	-3
CACJQI010000002.1	110441	111118	-	AG-447-M05_00354	AG-447-M05	225	OG0000841	K03589	cell division protein FtsQ	COG1589	FtsQ	Cell division septal protein FtsQ	AG-447-M05_00356	-2
CACJQI010000002.1	111099	112013	-	AG-447-M05_00355	AG-447-M05	304	OG0000580	K01921	D-alanine-D-alanine ligase [EC:6.3.2.4]	COG1181	DdlA	D-alanine-D-alanine ligase or related ATP-grasp enzyme	AG-447-M05_00356	-1
CACJQI010000002.1	112015	112923	-	AG-447-M05_00356	AG-447-M05	302	OG0000330	K00075	UDP-N-acetylmuramate dehydrogenase [EC:1.3.1.98]	COG0812	MurB	UDP-N-acetylenolpyruvoylglucosamine reductase	AG-447-M05_00356	0
CACJQI010000002.1	112920	114314	-	AG-447-M05_00357	AG-447-M05	464	OG0000265	K01924	UDP-N-acetylmuramate--alanine ligase [EC:6.3.2.8]	COG0773	MurC	UDP-N-acetylmuramate-alanine ligase MurC and related ligases, MurC/Mpl family	AG-447-M05_00356	1
CACJQI010000002.1	114304	115371	-	AG-447-M05_00358	AG-447-M05	355	OG0000489	K02563	UDP-N-acetylglucosamine--N-acetylmuramyl-(pentapeptide) pyrophosphoryl-undecaprenol N-acetylglucosamine transferase [EC:2.4.1.227]	COG0707	MurG	UDP-N-acetylglucosamine:LPS N-acetylglucosamine transferase	AG-447-M05_00356	2
CACJQI010000002.1	115375	116496	-	AG-447-M05_00359	AG-447-M05	373	OG0000615	NA	NA	COG0772	FtsW	Peptodoglycan polymerase FtsW/RodA/SpoVE	AG-447-M05_00356	3
CACJQI010000002.1	116486	117781	-	AG-447-M05_00360	AG-447-M05	431	OG0000817	NA	NA	COG0771	MurD	UDP-N-acetylmuramoylalanine-D-glutamate ligase	AG-447-M05_00356	4
CACJQI010000002.1	117781	118866	-	AG-447-M05_00361	AG-447-M05	361	OG0000019	K01000	phospho-N-acetylmuramoyl-pentapeptide-transferase [EC:2.7.8.13]	COG0472	Rfe	UDP-N-acetylmuramyl pentapeptide phosphotransferase/UDP-N-acetylglucosamine-1-phosphate transferase/archaeal AglH	AG-447-M05_00356	5
CACJQD010000004.1	86331	87416	+	AG-447-M10_00632	AG-447-M10	361	OG0000019	K01000	phospho-N-acetylmuramoyl-pentapeptide-transferase [EC:2.7.8.13]	COG0472	Rfe	UDP-N-acetylmuramyl pentapeptide phosphotransferase/UDP-N-acetylglucosamine-1-phosphate transferase/archaeal AglH	AG-447-M10_00637	-5
CACJQD010000004.1	87416	88714	+	AG-447-M10_00633	AG-447-M10	432	OG0000817	NA	NA	COG0771	MurD	UDP-N-acetylmuramoylalanine-D-glutamate ligase	AG-447-M10_00637	-4
CACJQD010000004.1	88701	89822	+	AG-447-M10_00634	AG-447-M10	373	OG0000615	NA	NA	COG0772	FtsW	Peptodoglycan polymerase FtsW/RodA/SpoVE	AG-447-M10_00637	-3
CACJQD010000004.1	89826	90890	+	AG-447-M10_00635	AG-447-M10	354	OG0000489	K02563	UDP-N-acetylglucosamine--N-acetylmuramyl-(pentapeptide) pyrophosphoryl-undecaprenol N-acetylglucosamine transferase [EC:2.4.1.227]	COG0707	MurG	UDP-N-acetylglucosamine:LPS N-acetylglucosamine transferase	AG-447-M10_00637	-2
CACJQD010000004.1	90880	92277	+	AG-447-M10_00636	AG-447-M10	465	OG0000265	K01924	UDP-N-acetylmuramate--alanine ligase [EC:6.3.2.8]	COG0773	MurC	UDP-N-acetylmuramate-alanine ligase MurC and related ligases, MurC/Mpl family	AG-447-M10_00637	-1
CACJQD010000004.1	92274	93179	+	AG-447-M10_00637	AG-447-M10	301	OG0000330	K00075	UDP-N-acetylmuramate dehydrogenase [EC:1.3.1.98]	COG0812	MurB	UDP-N-acetylenolpyruvoylglucosamine reductase	AG-447-M10_00637	0
CACJQD010000004.1	93181	94095	+	AG-447-M10_00638	AG-447-M10	304	OG0000580	K01921	D-alanine-D-alanine ligase [EC:6.3.2.4]	COG1181	DdlA	D-alanine-D-alanine ligase or related ATP-grasp enzyme	AG-447-M10_00637	1
CACJQD010000004.1	94076	94747	+	AG-447-M10_00639	AG-447-M10	223	OG0000841	K03589	cell division protein FtsQ	COG1589	FtsQ	Cell division septal protein FtsQ	AG-447-M10_00637	2
CACJQD010000004.1	94740	95438	+	AG-447-M10_00640	AG-447-M10	232	OG0000537	NA	NA	NA	NA	NA	AG-447-M10_00637	3
CACJQD010000004.1	95503	96423	+	AG-447-M10_00641	AG-447-M10	306	OG0000300	K02535	UDP-3-O-[3-hydroxymyristoyl] N-acetylglucosamine deacetylase [EC:3.5.1.108]	COG0774	LpxC	UDP-3-O-acyl-N-acetylglucosamine deacetylase	AG-447-M10_00637	4
CACJQD010000004.1	96471	97310	+	AG-447-M10_00642	AG-447-M10	279	OG0000470	K05807	outer membrane protein assembly factor BamD	COG4105	BamD	Outer membrane protein assembly factor BamD, BamD/ComL family	AG-447-M10_00637	5
CACJOY010000002.1	27323	28162	-	AG-447-N08_00478	AG-447-N08	279	OG0000470	K05807	outer membrane protein assembly factor BamD	COG4105	BamD	Outer membrane protein assembly factor BamD, BamD/ComL family	AG-447-N08_00483	-5
CACJOY010000002.1	28209	29129	-	AG-447-N08_00479	AG-447-N08	306	OG0000300	K02535	UDP-3-O-[3-hydroxymyristoyl] N-acetylglucosamine deacetylase [EC:3.5.1.108]	COG0774	LpxC	UDP-3-O-acyl-N-acetylglucosamine deacetylase	AG-447-N08_00483	-4
CACJOY010000002.1	29192	29896	-	AG-447-N08_00480	AG-447-N08	234	OG0000537	NA	NA	NA	NA	NA	AG-447-N08_00483	-3
CACJOY010000002.1	29886	30560	-	AG-447-N08_00481	AG-447-N08	224	OG0000841	K03589	cell division protein FtsQ	COG1589	FtsQ	Cell division septal protein FtsQ	AG-447-N08_00483	-2
CACJOY010000002.1	30541	31455	-	AG-447-N08_00482	AG-447-N08	304	OG0000580	K01921	D-alanine-D-alanine ligase [EC:6.3.2.4]	COG1181	DdlA	D-alanine-D-alanine ligase or related ATP-grasp enzyme	AG-447-N08_00483	-1
CACJOY010000002.1	31457	32365	-	AG-447-N08_00483	AG-447-N08	302	OG0000330	K00075	UDP-N-acetylmuramate dehydrogenase [EC:1.3.1.98]	COG0812	MurB	UDP-N-acetylenolpyruvoylglucosamine reductase	AG-447-N08_00483	0
CACJOY010000002.1	32365	33759	-	AG-447-N08_00484	AG-447-N08	464	OG0000265	K01924	UDP-N-acetylmuramate--alanine ligase [EC:6.3.2.8]	COG0773	MurC	UDP-N-acetylmuramate-alanine ligase MurC and related ligases, MurC/Mpl family	AG-447-N08_00483	1
CACJOY010000002.1	33749	34813	-	AG-447-N08_00485	AG-447-N08	354	OG0000489	K02563	UDP-N-acetylglucosamine--N-acetylmuramyl-(pentapeptide) pyrophosphoryl-undecaprenol N-acetylglucosamine transferase [EC:2.4.1.227]	COG0707	MurG	UDP-N-acetylglucosamine:LPS N-acetylglucosamine transferase	AG-447-N08_00483	2
CACJOY010000002.1	34815	35939	-	AG-447-N08_00486	AG-447-N08	374	OG0000615	NA	NA	COG0772	FtsW	Peptodoglycan polymerase FtsW/RodA/SpoVE	AG-447-N08_00483	3
CACJOY010000002.1	35929	37230	-	AG-447-N08_00487	AG-447-N08	433	OG0000817	NA	NA	COG0771	MurD	UDP-N-acetylmuramoylalanine-D-glutamate ligase	AG-447-N08_00483	4
CACJOY010000002.1	37230	38315	-	AG-447-N08_00488	AG-447-N08	361	OG0000019	K01000	phospho-N-acetylmuramoyl-pentapeptide-transferase [EC:2.7.8.13]	COG0472	Rfe	UDP-N-acetylmuramyl pentapeptide phosphotransferase/UDP-N-acetylglucosamine-1-phosphate transferase/archaeal AglH	AG-447-N08_00483	5
CACJPF010000012.1	12020	13105	+	AG-447-N18_00991	AG-447-N18	361	OG0000019	K01000	phospho-N-acetylmuramoyl-pentapeptide-transferase [EC:2.7.8.13]	COG0472	Rfe	UDP-N-acetylmuramyl pentapeptide phosphotransferase/UDP-N-acetylglucosamine-1-phosphate transferase/archaeal AglH	AG-447-N18_00996	-5
CACJPF010000012.1	13102	14388	+	AG-447-N18_00992	AG-447-N18	428	OG0000817	NA	NA	COG0771	MurD	UDP-N-acetylmuramoylalanine-D-glutamate ligase	AG-447-N18_00996	-4
CACJPF010000012.1	14378	15502	+	AG-447-N18_00993	AG-447-N18	374	OG0000615	NA	NA	COG0772	FtsW	Peptodoglycan polymerase FtsW/RodA/SpoVE	AG-447-N18_00996	-3
CACJPF010000012.1	15504	16568	+	AG-447-N18_00994	AG-447-N18	354	OG0000489	K02563	UDP-N-acetylglucosamine--N-acetylmuramyl-(pentapeptide) pyrophosphoryl-undecaprenol N-acetylglucosamine transferase [EC:2.4.1.227]	COG0707	MurG	UDP-N-acetylglucosamine:LPS N-acetylglucosamine transferase	AG-447-N18_00996	-2
CACJPF010000012.1	16558	17952	+	AG-447-N18_00995	AG-447-N18	464	OG0000265	K01924	UDP-N-acetylmuramate--alanine ligase [EC:6.3.2.8]	COG0773	MurC	UDP-N-acetylmuramate-alanine ligase MurC and related ligases, MurC/Mpl family	AG-447-N18_00996	-1
CACJPF010000012.1	17952	18860	+	AG-447-N18_00996	AG-447-N18	302	OG0000330	K00075	UDP-N-acetylmuramate dehydrogenase [EC:1.3.1.98]	COG0812	MurB	UDP-N-acetylenolpyruvoylglucosamine reductase	AG-447-N18_00996	0
CACJPF010000012.1	18862	19773	+	AG-447-N18_00997	AG-447-N18	303	OG0000580	K01921	D-alanine-D-alanine ligase [EC:6.3.2.4]	COG1181	DdlA	D-alanine-D-alanine ligase or related ATP-grasp enzyme	AG-447-N18_00996	1
CACJPF010000012.1	19754	20422	+	AG-447-N18_00998	AG-447-N18	222	OG0000841	K03589	cell division protein FtsQ	COG1589	FtsQ	Cell division septal protein FtsQ	AG-447-N18_00996	2
CACJPF010000012.1	20415	21119	+	AG-447-N18_00999	AG-447-N18	234	OG0000537	NA	NA	COG0849	FtsA	Cell division ATPase FtsA	AG-447-N18_00996	3
CACJPF010000012.1	21184	22104	+	AG-447-N18_01000	AG-447-N18	306	OG0000300	K02535	UDP-3-O-[3-hydroxymyristoyl] N-acetylglucosamine deacetylase [EC:3.5.1.108]	COG0774	LpxC	UDP-3-O-acyl-N-acetylglucosamine deacetylase	AG-447-N18_00996	4
CACJPF010000012.1	22152	23000	+	AG-447-N18_01001	AG-447-N18	282	OG0000470	K05807	outer membrane protein assembly factor BamD	COG4105	BamD	Outer membrane protein assembly factor BamD, BamD/ComL family	AG-447-N18_00996	5
CACPPS010000010.1	15831	16916	+	AG-447-N21_00948	AG-447-N21	361	OG0000019	K01000	phospho-N-acetylmuramoyl-pentapeptide-transferase [EC:2.7.8.13]	COG0472	Rfe	UDP-N-acetylmuramyl pentapeptide phosphotransferase/UDP-N-acetylglucosamine-1-phosphate transferase/archaeal AglH	AG-447-N21_00953	-5
CACPPS010000010.1	16920	18215	+	AG-447-N21_00949	AG-447-N21	431	OG0000817	NA	NA	COG0771	MurD	UDP-N-acetylmuramoylalanine-D-glutamate ligase	AG-447-N21_00953	-4
CACPPS010000010.1	18226	19335	+	AG-447-N21_00950	AG-447-N21	369	OG0000615	NA	NA	COG0772	FtsW	Peptodoglycan polymerase FtsW/RodA/SpoVE	AG-447-N21_00953	-3
CACPPS010000010.1	19336	20400	+	AG-447-N21_00951	AG-447-N21	354	OG0000489	K02563	UDP-N-acetylglucosamine--N-acetylmuramyl-(pentapeptide) pyrophosphoryl-undecaprenol N-acetylglucosamine transferase [EC:2.4.1.227]	COG0707	MurG	UDP-N-acetylglucosamine:LPS N-acetylglucosamine transferase	AG-447-N21_00953	-2
CACPPS010000010.1	20390	21784	+	AG-447-N21_00952	AG-447-N21	464	OG0000265	K01924	UDP-N-acetylmuramate--alanine ligase [EC:6.3.2.8]	COG0773	MurC	UDP-N-acetylmuramate-alanine ligase MurC and related ligases, MurC/Mpl family	AG-447-N21_00953	-1
CACPPS010000010.1	21784	22692	+	AG-447-N21_00953	AG-447-N21	302	OG0000330	K00075	UDP-N-acetylmuramate dehydrogenase [EC:1.3.1.98]	COG0812	MurB	UDP-N-acetylenolpyruvoylglucosamine reductase	AG-447-N21_00953	0
CACPPS010000010.1	22694	23617	+	AG-447-N21_00954	AG-447-N21	307	OG0000580	K01921	D-alanine-D-alanine ligase [EC:6.3.2.4]	COG1181	DdlA	D-alanine-D-alanine ligase or related ATP-grasp enzyme	AG-447-N21_00953	1
CACPPS010000010.1	23598	24293	+	AG-447-N21_00955	AG-447-N21	231	OG0000841	NA	NA	COG1589	FtsQ	Cell division septal protein FtsQ	AG-447-N21_00953	2
CACPPS010000010.1	24280	25464	+	AG-447-N21_00956	AG-447-N21	394	OG0000537	NA	NA	COG0849	FtsA	Cell division ATPase FtsA	AG-447-N21_00953	3
CACPPS010000010.1	25526	26446	+	AG-447-N21_00957	AG-447-N21	306	OG0000300	K02535	UDP-3-O-[3-hydroxymyristoyl] N-acetylglucosamine deacetylase [EC:3.5.1.108]	COG0774	LpxC	UDP-3-O-acyl-N-acetylglucosamine deacetylase	AG-447-N21_00953	4
CACPPS010000010.1	26485	27324	+	AG-447-N21_00958	AG-447-N21	279	OG0000470	K05807	outer membrane protein assembly factor BamD	COG4105	BamD	Outer membrane protein assembly factor BamD, BamD/ComL family	AG-447-N21_00953	5
CACJSJ010000014.1	336	1247	-	AG-447-O23_00951	AG-447-O23	303	OG0000330	K00075	UDP-N-acetylmuramate dehydrogenase [EC:1.3.1.98]	COG0812	MurB	UDP-N-acetylenolpyruvoylglucosamine reductase	AG-447-O23_00951	0
CACJSJ010000014.1	1247	2641	-	AG-447-O23_00952	AG-447-O23	464	OG0000265	K01924	UDP-N-acetylmuramate--alanine ligase [EC:6.3.2.8]	COG0773	MurC	UDP-N-acetylmuramate-alanine ligase MurC and related ligases, MurC/Mpl family	AG-447-O23_00951	1
CACJSJ010000014.1	2631	3695	-	AG-447-O23_00953	AG-447-O23	354	OG0000489	K02563	UDP-N-acetylglucosamine--N-acetylmuramyl-(pentapeptide) pyrophosphoryl-undecaprenol N-acetylglucosamine transferase [EC:2.4.1.227]	COG0707	MurG	UDP-N-acetylglucosamine:LPS N-acetylglucosamine transferase	AG-447-O23_00951	2
CACJSJ010000014.1	3692	4825	-	AG-447-O23_00954	AG-447-O23	377	OG0000615	NA	NA	COG0772	FtsW	Peptodoglycan polymerase FtsW/RodA/SpoVE	AG-447-O23_00951	3
CACJSJ010000014.1	4815	6116	-	AG-447-O23_00955	AG-447-O23	433	OG0000817	NA	NA	COG0771	MurD	UDP-N-acetylmuramoylalanine-D-glutamate ligase	AG-447-O23_00951	4
CACJSJ010000014.1	6116	7201	-	AG-447-O23_00956	AG-447-O23	361	OG0000019	K01000	phospho-N-acetylmuramoyl-pentapeptide-transferase [EC:2.7.8.13]	COG0472	Rfe	UDP-N-acetylmuramyl pentapeptide phosphotransferase/UDP-N-acetylglucosamine-1-phosphate transferase/archaeal AglH	AG-447-O23_00951	5
CACJTU010000003.1	55	726	-	AG-447-P03_00343	AG-447-P03	223	OG0000841	K03589	cell division protein FtsQ	COG1589	FtsQ	Cell division septal protein FtsQ	AG-447-P03_00345	-2
CACJTU010000003.1	707	1621	-	AG-447-P03_00344	AG-447-P03	304	OG0000580	K01921	D-alanine-D-alanine ligase [EC:6.3.2.4]	COG1181	DdlA	D-alanine-D-alanine ligase or related ATP-grasp enzyme	AG-447-P03_00345	-1
CACJTU010000003.1	1623	2528	-	AG-447-P03_00345	AG-447-P03	301	OG0000330	K00075	UDP-N-acetylmuramate dehydrogenase [EC:1.3.1.98]	COG0812	MurB	UDP-N-acetylenolpyruvoylglucosamine reductase	AG-447-P03_00345	0
CACJTU010000003.1	2525	3922	-	AG-447-P03_00346	AG-447-P03	465	OG0000265	K01924	UDP-N-acetylmuramate--alanine ligase [EC:6.3.2.8]	COG0773	MurC	UDP-N-acetylmuramate-alanine ligase MurC and related ligases, MurC/Mpl family	AG-447-P03_00345	1
CACJTU010000003.1	3912	4976	-	AG-447-P03_00347	AG-447-P03	354	OG0000489	K02563	UDP-N-acetylglucosamine--N-acetylmuramyl-(pentapeptide) pyrophosphoryl-undecaprenol N-acetylglucosamine transferase [EC:2.4.1.227]	COG0707	MurG	UDP-N-acetylglucosamine:LPS N-acetylglucosamine transferase	AG-447-P03_00345	2
CACJTU010000003.1	4977	6101	-	AG-447-P03_00348	AG-447-P03	374	OG0000615	NA	NA	COG0772	FtsW	Peptodoglycan polymerase FtsW/RodA/SpoVE	AG-447-P03_00345	3
CACJTU010000003.1	6088	7386	-	AG-447-P03_00349	AG-447-P03	432	OG0000817	NA	NA	COG0771	MurD	UDP-N-acetylmuramoylalanine-D-glutamate ligase	AG-447-P03_00345	4
CACJTU010000003.1	7386	8471	-	AG-447-P03_00350	AG-447-P03	361	OG0000019	K01000	phospho-N-acetylmuramoyl-pentapeptide-transferase [EC:2.7.8.13]	COG0472	Rfe	UDP-N-acetylmuramyl pentapeptide phosphotransferase/UDP-N-acetylglucosamine-1-phosphate transferase/archaeal AglH	AG-447-P03_00345	5
CACJVT010000005.1	64261	65346	+	AG-447-P22_00706	AG-447-P22	361	OG0000019	K01000	phospho-N-acetylmuramoyl-pentapeptide-transferase [EC:2.7.8.13]	COG0472	Rfe	UDP-N-acetylmuramyl pentapeptide phosphotransferase/UDP-N-acetylglucosamine-1-phosphate transferase/archaeal AglH	AG-447-P22_00711	-5
CACJVT010000005.1	65346	66656	+	AG-447-P22_00707	AG-447-P22	436	OG0000817	NA	NA	COG0771	MurD	UDP-N-acetylmuramoylalanine-D-glutamate ligase	AG-447-P22_00711	-4
CACJVT010000005.1	66637	67764	+	AG-447-P22_00708	AG-447-P22	375	OG0000615	NA	NA	COG0772	FtsW	Peptodoglycan polymerase FtsW/RodA/SpoVE	AG-447-P22_00711	-3
CACJVT010000005.1	67761	68825	+	AG-447-P22_00709	AG-447-P22	354	OG0000489	K02563	UDP-N-acetylglucosamine--N-acetylmuramyl-(pentapeptide) pyrophosphoryl-undecaprenol N-acetylglucosamine transferase [EC:2.4.1.227]	COG0707	MurG	UDP-N-acetylglucosamine:LPS N-acetylglucosamine transferase	AG-447-P22_00711	-2
CACJVT010000005.1	68815	70209	+	AG-447-P22_00710	AG-447-P22	464	OG0000265	K01924	UDP-N-acetylmuramate--alanine ligase [EC:6.3.2.8]	COG0773	MurC	UDP-N-acetylmuramate-alanine ligase MurC and related ligases, MurC/Mpl family	AG-447-P22_00711	-1
CACJVT010000005.1	70209	71117	+	AG-447-P22_00711	AG-447-P22	302	OG0000330	K00075	UDP-N-acetylmuramate dehydrogenase [EC:1.3.1.98]	COG0812	MurB	UDP-N-acetylenolpyruvoylglucosamine reductase	AG-447-P22_00711	0
CACJVT010000005.1	71119	72033	+	AG-447-P22_00712	AG-447-P22	304	OG0000580	K01921	D-alanine-D-alanine ligase [EC:6.3.2.4]	COG1181	DdlA	D-alanine-D-alanine ligase or related ATP-grasp enzyme	AG-447-P22_00711	1
CACJVT010000005.1	72014	72688	+	AG-447-P22_00713	AG-447-P22	224	OG0000841	K03589	cell division protein FtsQ	COG1589	FtsQ	Cell division septal protein FtsQ	AG-447-P22_00711	2
CACJVT010000005.1	72678	73379	+	AG-447-P22_00714	AG-447-P22	233	OG0000537	NA	NA	NA	NA	NA	AG-447-P22_00711	3
CACJVT010000005.1	73443	74363	+	AG-447-P22_00715	AG-447-P22	306	OG0000300	K02535	UDP-3-O-[3-hydroxymyristoyl] N-acetylglucosamine deacetylase [EC:3.5.1.108]	COG0774	LpxC	UDP-3-O-acyl-N-acetylglucosamine deacetylase	AG-447-P22_00711	4
CACJVT010000005.1	74413	75246	+	AG-447-P22_00716	AG-447-P22	277	OG0000470	K05807	outer membrane protein assembly factor BamD	COG4105	BamD	Outer membrane protein assembly factor BamD, BamD/ComL family	AG-447-P22_00711	5
CACKAJ010000003.1	122524	123609	+	AG-453-G04_00767	AG-453-G04	361	OG0000019	K01000	phospho-N-acetylmuramoyl-pentapeptide-transferase [EC:2.7.8.13]	COG0472	Rfe	UDP-N-acetylmuramyl pentapeptide phosphotransferase/UDP-N-acetylglucosamine-1-phosphate transferase/archaeal AglH	AG-453-G04_00772	-5
CACKAJ010000003.1	123611	124891	+	AG-453-G04_00768	AG-453-G04	426	OG0000817	NA	NA	COG0771	MurD	UDP-N-acetylmuramoylalanine-D-glutamate ligase	AG-453-G04_00772	-4
CACKAJ010000003.1	124872	125999	+	AG-453-G04_00769	AG-453-G04	375	OG0000615	NA	NA	COG0772	FtsW	Peptodoglycan polymerase FtsW/RodA/SpoVE	AG-453-G04_00772	-3
CACKAJ010000003.1	125992	127086	+	AG-453-G04_00770	AG-453-G04	364	OG0000489	K02563	UDP-N-acetylglucosamine--N-acetylmuramyl-(pentapeptide) pyrophosphoryl-undecaprenol N-acetylglucosamine transferase [EC:2.4.1.227]	COG0707	MurG	UDP-N-acetylglucosamine:LPS N-acetylglucosamine transferase	AG-453-G04_00772	-2
CACKAJ010000003.1	127073	128470	+	AG-453-G04_00771	AG-453-G04	465	OG0000265	K01924	UDP-N-acetylmuramate--alanine ligase [EC:6.3.2.8]	COG0773	MurC	UDP-N-acetylmuramate-alanine ligase MurC and related ligases, MurC/Mpl family	AG-453-G04_00772	-1
CACKAJ010000003.1	128467	129375	+	AG-453-G04_00772	AG-453-G04	302	OG0000330	K00075	UDP-N-acetylmuramate dehydrogenase [EC:1.3.1.98]	COG0812	MurB	UDP-N-acetylenolpyruvoylglucosamine reductase	AG-453-G04_00772	0
CACKAJ010000003.1	129365	130303	+	AG-453-G04_00773	AG-453-G04	312	OG0000580	K01921	D-alanine-D-alanine ligase [EC:6.3.2.4]	COG1181	DdlA	D-alanine-D-alanine ligase or related ATP-grasp enzyme	AG-453-G04_00772	1
CACKAJ010000003.1	130300	130956	+	AG-453-G04_00774	AG-453-G04	218	OG0000841	K03589	cell division protein FtsQ	COG1589	FtsQ	Cell division septal protein FtsQ	AG-453-G04_00772	2
CACKAJ010000003.1	130974	132170	+	AG-453-G04_00775	AG-453-G04	398	OG0000537	NA	NA	COG0849	FtsA	Cell division ATPase FtsA	AG-453-G04_00772	3
CACKAJ010000003.1	132237	133163	+	AG-453-G04_00776	AG-453-G04	308	OG0000300	K02535	UDP-3-O-[3-hydroxymyristoyl] N-acetylglucosamine deacetylase [EC:3.5.1.108]	COG0774	LpxC	UDP-3-O-acyl-N-acetylglucosamine deacetylase	AG-453-G04_00772	4
CACKAJ010000003.1	133214	134050	+	AG-453-G04_00777	AG-453-G04	278	OG0000470	K05807	outer membrane protein assembly factor BamD	COG4105	BamD	Outer membrane protein assembly factor BamD, BamD/ComL family	AG-453-G04_00772	5
CACKFV010000009.1	5482	6315	-	AG-453-K22_00702	AG-453-K22	277	OG0000470	K05807	outer membrane protein assembly factor BamD	COG4105	BamD	Outer membrane protein assembly factor BamD, BamD/ComL family	AG-453-K22_00707	-5
CACKFV010000009.1	6355	7275	-	AG-453-K22_00703	AG-453-K22	306	OG0000300	K02535	UDP-3-O-[3-hydroxymyristoyl] N-acetylglucosamine deacetylase [EC:3.5.1.108]	COG0774	LpxC	UDP-3-O-acyl-N-acetylglucosamine deacetylase	AG-453-K22_00707	-4
CACKFV010000009.1	7343	8047	-	AG-453-K22_00704	AG-453-K22	234	OG0000537	NA	NA	COG0849	FtsA	Cell division ATPase FtsA	AG-453-K22_00707	-3
CACKFV010000009.1	8040	8714	-	AG-453-K22_00705	AG-453-K22	224	OG0000841	K03589	cell division protein FtsQ	COG1589	FtsQ	Cell division septal protein FtsQ	AG-453-K22_00707	-2
CACKFV010000009.1	8695	9606	-	AG-453-K22_00706	AG-453-K22	303	OG0000580	K01921	D-alanine-D-alanine ligase [EC:6.3.2.4]	COG1181	DdlA	D-alanine-D-alanine ligase or related ATP-grasp enzyme	AG-453-K22_00707	-1
CACKFV010000009.1	9607	10506	-	AG-453-K22_00707	AG-453-K22	299	OG0000330	K00075	UDP-N-acetylmuramate dehydrogenase [EC:1.3.1.98]	COG0812	MurB	UDP-N-acetylenolpyruvoylglucosamine reductase	AG-453-K22_00707	0
CACKFV010000009.1	10515	11915	-	AG-453-K22_00708	AG-453-K22	466	OG0000265	K01924	UDP-N-acetylmuramate--alanine ligase [EC:6.3.2.8]	COG0773	MurC	UDP-N-acetylmuramate-alanine ligase MurC and related ligases, MurC/Mpl family	AG-453-K22_00707	1
CACKFV010000009.1	11905	12969	-	AG-453-K22_00709	AG-453-K22	354	OG0000489	K02563	UDP-N-acetylglucosamine--N-acetylmuramyl-(pentapeptide) pyrophosphoryl-undecaprenol N-acetylglucosamine transferase [EC:2.4.1.227]	COG0707	MurG	UDP-N-acetylglucosamine:LPS N-acetylglucosamine transferase	AG-453-K22_00707	2
CACKFV010000009.1	12966	14072	-	AG-453-K22_00710	AG-453-K22	368	OG0000615	NA	NA	COG0772	FtsW	Peptodoglycan polymerase FtsW/RodA/SpoVE	AG-453-K22_00707	3
CACKFV010000009.1	14076	15383	-	AG-453-K22_00711	AG-453-K22	435	OG0000817	NA	NA	COG0771	MurD	UDP-N-acetylmuramoylalanine-D-glutamate ligase	AG-453-K22_00707	4
CACKFV010000009.1	15380	16465	-	AG-453-K22_00712	AG-453-K22	361	OG0000019	K01000	phospho-N-acetylmuramoyl-pentapeptide-transferase [EC:2.7.8.13]	COG0472	Rfe	UDP-N-acetylmuramyl pentapeptide phosphotransferase/UDP-N-acetylglucosamine-1-phosphate transferase/archaeal AglH	AG-453-K22_00707	5
CACKWR010000009.1	6498	7583	+	AG-457-M14_00809	AG-457-M14	361	OG0000019	K01000	phospho-N-acetylmuramoyl-pentapeptide-transferase [EC:2.7.8.13]	COG0472	Rfe	UDP-N-acetylmuramyl pentapeptide phosphotransferase/UDP-N-acetylglucosamine-1-phosphate transferase/archaeal AglH	AG-457-M14_00814	-5
CACKWR010000009.1	7587	8939	+	AG-457-M14_00810	AG-457-M14	450	OG0000817	K01925	UDP-N-acetylmuramoylalanine--D-glutamate ligase [EC:6.3.2.9]	COG0771	MurD	UDP-N-acetylmuramoylalanine-D-glutamate ligase	AG-457-M14_00814	-4
CACKWR010000009.1	8945	10063	+	AG-457-M14_00811	AG-457-M14	372	OG0000615	NA	NA	COG0772	FtsW	Peptodoglycan polymerase FtsW/RodA/SpoVE	AG-457-M14_00814	-3
CACKWR010000009.1	10080	11144	+	AG-457-M14_00812	AG-457-M14	354	OG0000489	K02563	UDP-N-acetylglucosamine--N-acetylmuramyl-(pentapeptide) pyrophosphoryl-undecaprenol N-acetylglucosamine transferase [EC:2.4.1.227]	COG0707	MurG	UDP-N-acetylglucosamine:LPS N-acetylglucosamine transferase	AG-457-M14_00814	-2
CACKWR010000009.1	11131	12525	+	AG-457-M14_00813	AG-457-M14	464	OG0000265	K01924	UDP-N-acetylmuramate--alanine ligase [EC:6.3.2.8]	COG0773	MurC	UDP-N-acetylmuramate-alanine ligase MurC and related ligases, MurC/Mpl family	AG-457-M14_00814	-1
CACKWR010000009.1	12526	13452	+	AG-457-M14_00814	AG-457-M14	308	OG0000330	K00075	UDP-N-acetylmuramate dehydrogenase [EC:1.3.1.98]	COG0812	MurB	UDP-N-acetylenolpyruvoylglucosamine reductase	AG-457-M14_00814	0
CACKWR010000009.1	13458	14387	+	AG-457-M14_00815	AG-457-M14	309	OG0000580	K01921	D-alanine-D-alanine ligase [EC:6.3.2.4]	COG1181	DdlA	D-alanine-D-alanine ligase or related ATP-grasp enzyme	AG-457-M14_00814	1
CACKWR010000009.1	14368	15114	+	AG-457-M14_00816	AG-457-M14	248	OG0000841	K03589	cell division protein FtsQ	COG1589	FtsQ	Cell division septal protein FtsQ	AG-457-M14_00814	2
CACKWR010000009.1	15120	16301	+	AG-457-M14_00817	AG-457-M14	393	OG0000537	K03590	cell division protein FtsA	COG0849	FtsA	Cell division ATPase FtsA	AG-457-M14_00814	3
CACKWR010000009.1	16369	17304	+	AG-457-M14_00818	AG-457-M14	311	OG0000300	K02535	UDP-3-O-[3-hydroxymyristoyl] N-acetylglucosamine deacetylase [EC:3.5.1.108]	COG0774	LpxC	UDP-3-O-acyl-N-acetylglucosamine deacetylase	AG-457-M14_00814	4
CACKWR010000009.1	17362	18126	+	AG-457-M14_00819	AG-457-M14	254	OG0000470	K05807	outer membrane protein assembly factor BamD	COG4105	BamD	Outer membrane protein assembly factor BamD, BamD/ComL family	AG-457-M14_00814	5
CACLBB010000005.1	4157	4984	-	AG-461-E04_00464	AG-461-E04	275	OG0000470	K05807	outer membrane protein assembly factor BamD	COG4105	BamD	Outer membrane protein assembly factor BamD, BamD/ComL family	AG-461-E04_00469	-5
CACLBB010000005.1	5032	5952	-	AG-461-E04_00465	AG-461-E04	306	OG0000300	K02535	UDP-3-O-[3-hydroxymyristoyl] N-acetylglucosamine deacetylase [EC:3.5.1.108]	COG0774	LpxC	UDP-3-O-acyl-N-acetylglucosamine deacetylase	AG-461-E04_00469	-4
CACLBB010000005.1	6015	7217	-	AG-461-E04_00466	AG-461-E04	400	OG0000537	K03590	cell division protein FtsA	COG0849	FtsA	Cell division ATPase FtsA	AG-461-E04_00469	-3
CACLBB010000005.1	7221	7880	-	AG-461-E04_00467	AG-461-E04	219	OG0000841	K03589	cell division protein FtsQ	COG1589	FtsQ	Cell division septal protein FtsQ	AG-461-E04_00469	-2
CACLBB010000005.1	7877	8806	-	AG-461-E04_00468	AG-461-E04	309	OG0000580	K01921	D-alanine-D-alanine ligase [EC:6.3.2.4]	COG1181	DdlA	D-alanine-D-alanine ligase or related ATP-grasp enzyme	AG-461-E04_00469	-1
CACLBB010000005.1	8796	9731	-	AG-461-E04_00469	AG-461-E04	311	OG0000330	K00075	UDP-N-acetylmuramate dehydrogenase [EC:1.3.1.98]	COG0812	MurB	UDP-N-acetylenolpyruvoylglucosamine reductase	AG-461-E04_00469	0
CACLBB010000005.1	9701	11098	-	AG-461-E04_00470	AG-461-E04	465	OG0000265	K01924	UDP-N-acetylmuramate--alanine ligase [EC:6.3.2.8]	COG0773	MurC	UDP-N-acetylmuramate-alanine ligase MurC and related ligases, MurC/Mpl family	AG-461-E04_00469	1
CACLBB010000005.1	11085	12185	-	AG-461-E04_00471	AG-461-E04	366	OG0000489	K02563	UDP-N-acetylglucosamine--N-acetylmuramyl-(pentapeptide) pyrophosphoryl-undecaprenol N-acetylglucosamine transferase [EC:2.4.1.227]	COG0707	MurG	UDP-N-acetylglucosamine:LPS N-acetylglucosamine transferase	AG-461-E04_00469	2
CACLBB010000005.1	12178	13305	-	AG-461-E04_00472	AG-461-E04	375	OG0000615	NA	NA	COG0772	FtsW	Peptodoglycan polymerase FtsW/RodA/SpoVE	AG-461-E04_00469	3
CACLBB010000005.1	13286	14578	-	AG-461-E04_00473	AG-461-E04	430	OG0000817	NA	NA	COG0771	MurD	UDP-N-acetylmuramoylalanine-D-glutamate ligase	AG-461-E04_00469	4
CACLBB010000005.1	14582	15667	-	AG-461-E04_00474	AG-461-E04	361	OG0000019	K01000	phospho-N-acetylmuramoyl-pentapeptide-transferase [EC:2.7.8.13]	COG0472	Rfe	UDP-N-acetylmuramyl pentapeptide phosphotransferase/UDP-N-acetylglucosamine-1-phosphate transferase/archaeal AglH	AG-461-E04_00469	5
CACLEJ010000006.1	45867	46952	+	AG-461-L09_00878	AG-461-L09	361	OG0000019	K01000	phospho-N-acetylmuramoyl-pentapeptide-transferase [EC:2.7.8.13]	COG0472	Rfe	UDP-N-acetylmuramyl pentapeptide phosphotransferase/UDP-N-acetylglucosamine-1-phosphate transferase/archaeal AglH	AG-461-L09_00883	-5
CACLEJ010000006.1	46952	48256	+	AG-461-L09_00879	AG-461-L09	434	OG0000817	NA	NA	COG0771	MurD	UDP-N-acetylmuramoylalanine-D-glutamate ligase	AG-461-L09_00883	-4
CACLEJ010000006.1	48253	49362	+	AG-461-L09_00880	AG-461-L09	369	OG0000615	NA	NA	COG0772	FtsW	Peptodoglycan polymerase FtsW/RodA/SpoVE	AG-461-L09_00883	-3
CACLEJ010000006.1	49367	50443	+	AG-461-L09_00881	AG-461-L09	358	OG0000489	K02563	UDP-N-acetylglucosamine--N-acetylmuramyl-(pentapeptide) pyrophosphoryl-undecaprenol N-acetylglucosamine transferase [EC:2.4.1.227]	COG0707	MurG	UDP-N-acetylglucosamine:LPS N-acetylglucosamine transferase	AG-461-L09_00883	-2
CACLEJ010000006.1	50433	51824	+	AG-461-L09_00882	AG-461-L09	463	OG0000265	K01924	UDP-N-acetylmuramate--alanine ligase [EC:6.3.2.8]	COG0773	MurC	UDP-N-acetylmuramate-alanine ligase MurC and related ligases, MurC/Mpl family	AG-461-L09_00883	-1
CACLEJ010000006.1	51824	52732	+	AG-461-L09_00883	AG-461-L09	302	OG0000330	K00075	UDP-N-acetylmuramate dehydrogenase [EC:1.3.1.98]	COG0812	MurB	UDP-N-acetylenolpyruvoylglucosamine reductase	AG-461-L09_00883	0
CACLEJ010000006.1	52732	53652	+	AG-461-L09_00884	AG-461-L09	306	OG0000580	K01921	D-alanine-D-alanine ligase [EC:6.3.2.4]	COG1181	DdlA	D-alanine-D-alanine ligase or related ATP-grasp enzyme	AG-461-L09_00883	1
CACLEJ010000006.1	53630	54328	+	AG-461-L09_00885	AG-461-L09	232	OG0000841	K03589	cell division protein FtsQ	COG1589	FtsQ	Cell division septal protein FtsQ	AG-461-L09_00883	2
CACLEJ010000006.1	54321	55487	+	AG-461-L09_00886	AG-461-L09	388	OG0000537	NA	NA	COG0849	FtsA	Cell division ATPase FtsA	AG-461-L09_00883	3
CACLEJ010000006.1	55550	56473	+	AG-461-L09_00887	AG-461-L09	307	OG0000300	K02535	UDP-3-O-[3-hydroxymyristoyl] N-acetylglucosamine deacetylase [EC:3.5.1.108]	COG0774	LpxC	UDP-3-O-acyl-N-acetylglucosamine deacetylase	AG-461-L09_00883	4
CACLEJ010000006.1	56512	57351	+	AG-461-L09_00888	AG-461-L09	279	OG0000470	K05807	outer membrane protein assembly factor BamD	COG4105	BamD	Outer membrane protein assembly factor BamD, BamD/ComL family	AG-461-L09_00883	5
CACLFM010000023.1	53	1393	+	AG-461-M18_01078	AG-461-M18	446	OG0000265	K01924	UDP-N-acetylmuramate--alanine ligase [EC:6.3.2.8]	COG0773	MurC	UDP-N-acetylmuramate-alanine ligase MurC and related ligases, MurC/Mpl family	AG-461-M18_01079	-1
CACLFM010000023.1	1390	2301	+	AG-461-M18_01079	AG-461-M18	303	OG0000330	K00075	UDP-N-acetylmuramate dehydrogenase [EC:1.3.1.98]	COG0812	MurB	UDP-N-acetylenolpyruvoylglucosamine reductase	AG-461-M18_01079	0
CACLFM010000023.1	2298	3212	+	AG-461-M18_01080	AG-461-M18	304	OG0000580	K01921	D-alanine-D-alanine ligase [EC:6.3.2.4]	COG1181	DdlA	D-alanine-D-alanine ligase or related ATP-grasp enzyme	AG-461-M18_01079	1
CACLNT010000003.1	79706	80791	+	AG-464-P13_00295	AG-464-P13	361	OG0000019	K01000	phospho-N-acetylmuramoyl-pentapeptide-transferase [EC:2.7.8.13]	COG0472	Rfe	UDP-N-acetylmuramyl pentapeptide phosphotransferase/UDP-N-acetylglucosamine-1-phosphate transferase/archaeal AglH	AG-464-P13_00300	-5
CACLNT010000003.1	80791	82116	+	AG-464-P13_00296	AG-464-P13	441	OG0000817	NA	NA	COG0771	MurD	UDP-N-acetylmuramoylalanine-D-glutamate ligase	AG-464-P13_00300	-4
CACLNT010000003.1	82106	83230	+	AG-464-P13_00297	AG-464-P13	374	OG0000615	NA	NA	COG0772	FtsW	Peptodoglycan polymerase FtsW/RodA/SpoVE	AG-464-P13_00300	-3
CACLNT010000003.1	83231	84304	+	AG-464-P13_00298	AG-464-P13	357	OG0000489	K02563	UDP-N-acetylglucosamine--N-acetylmuramyl-(pentapeptide) pyrophosphoryl-undecaprenol N-acetylglucosamine transferase [EC:2.4.1.227]	COG0707	MurG	UDP-N-acetylglucosamine:LPS N-acetylglucosamine transferase	AG-464-P13_00300	-2
CACLNT010000003.1	84294	85688	+	AG-464-P13_00299	AG-464-P13	464	OG0000265	K01924	UDP-N-acetylmuramate--alanine ligase [EC:6.3.2.8]	COG0773	MurC	UDP-N-acetylmuramate-alanine ligase MurC and related ligases, MurC/Mpl family	AG-464-P13_00300	-1
CACLNT010000003.1	85685	86596	+	AG-464-P13_00300	AG-464-P13	303	OG0000330	K00075	UDP-N-acetylmuramate dehydrogenase [EC:1.3.1.98]	COG0812	MurB	UDP-N-acetylenolpyruvoylglucosamine reductase	AG-464-P13_00300	0
CACLNT010000003.1	86593	87513	+	AG-464-P13_00301	AG-464-P13	306	OG0000580	K01921	D-alanine-D-alanine ligase [EC:6.3.2.4]	COG1181	DdlA	D-alanine-D-alanine ligase or related ATP-grasp enzyme	AG-464-P13_00300	1
CACLNT010000003.1	87494	88183	+	AG-464-P13_00302	AG-464-P13	229	OG0000841	K03589	cell division protein FtsQ	COG1589	FtsQ	Cell division septal protein FtsQ	AG-464-P13_00300	2
CACLNT010000003.1	88176	88886	+	AG-464-P13_00303	AG-464-P13	236	OG0000537	NA	NA	COG0849	FtsA	Cell division ATPase FtsA	AG-464-P13_00300	3
CACLNT010000003.1	88952	89872	+	AG-464-P13_00304	AG-464-P13	306	OG0000300	K02535	UDP-3-O-[3-hydroxymyristoyl] N-acetylglucosamine deacetylase [EC:3.5.1.108]	COG0774	LpxC	UDP-3-O-acyl-N-acetylglucosamine deacetylase	AG-464-P13_00300	4
CACLNT010000003.1	89913	90758	+	AG-464-P13_00305	AG-464-P13	281	OG0000470	K05807	outer membrane protein assembly factor BamD	COG4105	BamD	Outer membrane protein assembly factor BamD, BamD/ComL family	AG-464-P13_00300	5
CACLQB010000004.1	5	676	+	AG-470-D02_00425	AG-470-D02	223	OG0000330	K00075	UDP-N-acetylmuramate dehydrogenase [EC:1.3.1.98]	COG0812	MurB	UDP-N-acetylenolpyruvoylglucosamine reductase	AG-470-D02_00425	0
CACLQB010000004.1	678	1592	+	AG-470-D02_00426	AG-470-D02	304	OG0000580	K01921	D-alanine-D-alanine ligase [EC:6.3.2.4]	COG1181	DdlA	D-alanine-D-alanine ligase or related ATP-grasp enzyme	AG-470-D02_00425	1
CACLQB010000004.1	1573	2244	+	AG-470-D02_00427	AG-470-D02	223	OG0000841	K03589	cell division protein FtsQ	COG1589	FtsQ	Cell division septal protein FtsQ	AG-470-D02_00425	2
CACLQB010000004.1	2237	2941	+	AG-470-D02_00428	AG-470-D02	234	OG0000537	NA	NA	NA	NA	NA	AG-470-D02_00425	3
CACLQB010000004.1	3006	3926	+	AG-470-D02_00429	AG-470-D02	306	OG0000300	K02535	UDP-3-O-[3-hydroxymyristoyl] N-acetylglucosamine deacetylase [EC:3.5.1.108]	COG0774	LpxC	UDP-3-O-acyl-N-acetylglucosamine deacetylase	AG-470-D02_00425	4
CACLQB010000004.1	3974	4819	+	AG-470-D02_00430	AG-470-D02	281	OG0000470	K05807	outer membrane protein assembly factor BamD	COG4105	BamD	Outer membrane protein assembly factor BamD, BamD/ComL family	AG-470-D02_00425	5
CACLZL010000001.1	61890	62975	+	AG-891-A05_00066	AG-891-A05	361	OG0000019	K01000	phospho-N-acetylmuramoyl-pentapeptide-transferase [EC:2.7.8.13]	COG0472	Rfe	UDP-N-acetylmuramyl pentapeptide phosphotransferase/UDP-N-acetylglucosamine-1-phosphate transferase/archaeal AglH	AG-891-A05_00071	-5
CACLZL010000001.1	62975	64270	+	AG-891-A05_00067	AG-891-A05	431	OG0000817	NA	NA	COG0771	MurD	UDP-N-acetylmuramoylalanine-D-glutamate ligase	AG-891-A05_00071	-4
CACLZL010000001.1	64260	65381	+	AG-891-A05_00068	AG-891-A05	373	OG0000615	NA	NA	COG0772	FtsW	Peptodoglycan polymerase FtsW/RodA/SpoVE	AG-891-A05_00071	-3
CACLZL010000001.1	65383	66447	+	AG-891-A05_00069	AG-891-A05	354	OG0000489	K02563	UDP-N-acetylglucosamine--N-acetylmuramyl-(pentapeptide) pyrophosphoryl-undecaprenol N-acetylglucosamine transferase [EC:2.4.1.227]	COG0707	MurG	UDP-N-acetylglucosamine:LPS N-acetylglucosamine transferase	AG-891-A05_00071	-2
CACLZL010000001.1	66437	67834	+	AG-891-A05_00070	AG-891-A05	465	OG0000265	K01924	UDP-N-acetylmuramate--alanine ligase [EC:6.3.2.8]	COG0773	MurC	UDP-N-acetylmuramate-alanine ligase MurC and related ligases, MurC/Mpl family	AG-891-A05_00071	-1
CACLZL010000001.1	67831	68733	+	AG-891-A05_00071	AG-891-A05	300	OG0000330	K00075	UDP-N-acetylmuramate dehydrogenase [EC:1.3.1.98]	COG0812	MurB	UDP-N-acetylenolpyruvoylglucosamine reductase	AG-891-A05_00071	0
CACLZL010000001.1	68735	69649	+	AG-891-A05_00072	AG-891-A05	304	OG0000580	K01921	D-alanine-D-alanine ligase [EC:6.3.2.4]	COG1181	DdlA	D-alanine-D-alanine ligase or related ATP-grasp enzyme	AG-891-A05_00071	1
CACLZL010000001.1	69630	70301	+	AG-891-A05_00073	AG-891-A05	223	OG0000841	K03589	cell division protein FtsQ	COG1589	FtsQ	Cell division septal protein FtsQ	AG-891-A05_00071	2
CACLZL010000001.1	70294	70998	+	AG-891-A05_00074	AG-891-A05	234	OG0000537	NA	NA	NA	NA	NA	AG-891-A05_00071	3
CACLZL010000001.1	71062	71982	+	AG-891-A05_00075	AG-891-A05	306	OG0000300	K02535	UDP-3-O-[3-hydroxymyristoyl] N-acetylglucosamine deacetylase [EC:3.5.1.108]	COG0774	LpxC	UDP-3-O-acyl-N-acetylglucosamine deacetylase	AG-891-A05_00071	4
CACLZL010000001.1	72030	72878	+	AG-891-A05_00076	AG-891-A05	282	OG0000470	K05807	outer membrane protein assembly factor BamD	COG4105	BamD	Outer membrane protein assembly factor BamD, BamD/ComL family	AG-891-A05_00071	5
CACMBY010000001.1	65777	66625	-	AG-891-C15_00075	AG-891-C15	282	OG0000470	K05807	outer membrane protein assembly factor BamD	COG4105	BamD	Outer membrane protein assembly factor BamD, BamD/ComL family	AG-891-C15_00080	-5
CACMBY010000001.1	66673	67593	-	AG-891-C15_00076	AG-891-C15	306	OG0000300	K02535	UDP-3-O-[3-hydroxymyristoyl] N-acetylglucosamine deacetylase [EC:3.5.1.108]	COG0774	LpxC	UDP-3-O-acyl-N-acetylglucosamine deacetylase	AG-891-C15_00080	-4
CACMBY010000001.1	67658	68362	-	AG-891-C15_00077	AG-891-C15	234	OG0000537	NA	NA	NA	NA	NA	AG-891-C15_00080	-3
CACMBY010000001.1	68355	69023	-	AG-891-C15_00078	AG-891-C15	222	OG0000841	K03589	cell division protein FtsQ	COG1589	FtsQ	Cell division septal protein FtsQ	AG-891-C15_00080	-2
CACMBY010000001.1	69004	69915	-	AG-891-C15_00079	AG-891-C15	303	OG0000580	K01921	D-alanine-D-alanine ligase [EC:6.3.2.4]	COG1181	DdlA	D-alanine-D-alanine ligase or related ATP-grasp enzyme	AG-891-C15_00080	-1
CACMBY010000001.1	69917	70825	-	AG-891-C15_00080	AG-891-C15	302	OG0000330	K00075	UDP-N-acetylmuramate dehydrogenase [EC:1.3.1.98]	COG0812	MurB	UDP-N-acetylenolpyruvoylglucosamine reductase	AG-891-C15_00080	0
CACMBY010000001.1	70825	72219	-	AG-891-C15_00081	AG-891-C15	464	OG0000265	K01924	UDP-N-acetylmuramate--alanine ligase [EC:6.3.2.8]	COG0773	MurC	UDP-N-acetylmuramate-alanine ligase MurC and related ligases, MurC/Mpl family	AG-891-C15_00080	1
CACMBY010000001.1	72209	73273	-	AG-891-C15_00082	AG-891-C15	354	OG0000489	K02563	UDP-N-acetylglucosamine--N-acetylmuramyl-(pentapeptide) pyrophosphoryl-undecaprenol N-acetylglucosamine transferase [EC:2.4.1.227]	COG0707	MurG	UDP-N-acetylglucosamine:LPS N-acetylglucosamine transferase	AG-891-C15_00080	2
CACMBY010000001.1	73275	74399	-	AG-891-C15_00083	AG-891-C15	374	OG0000615	NA	NA	COG0772	FtsW	Peptodoglycan polymerase FtsW/RodA/SpoVE	AG-891-C15_00080	3
CACMBY010000001.1	74389	75675	-	AG-891-C15_00084	AG-891-C15	428	OG0000817	NA	NA	COG0771	MurD	UDP-N-acetylmuramoylalanine-D-glutamate ligase	AG-891-C15_00080	4
CACMBY010000001.1	75672	76757	-	AG-891-C15_00085	AG-891-C15	361	OG0000019	K01000	phospho-N-acetylmuramoyl-pentapeptide-transferase [EC:2.7.8.13]	COG0472	Rfe	UDP-N-acetylmuramyl pentapeptide phosphotransferase/UDP-N-acetylglucosamine-1-phosphate transferase/archaeal AglH	AG-891-C15_00080	5
CACMEG010000001.1	223828	224658	-	AG-891-E06_00239	AG-891-E06	276	OG0000470	K05807	outer membrane protein assembly factor BamD	COG4105	BamD	Outer membrane protein assembly factor BamD, BamD/ComL family	AG-891-E06_00244	-5
CACMEG010000001.1	224696	225616	-	AG-891-E06_00240	AG-891-E06	306	OG0000300	K02535	UDP-3-O-[3-hydroxymyristoyl] N-acetylglucosamine deacetylase [EC:3.5.1.108]	COG0774	LpxC	UDP-3-O-acyl-N-acetylglucosamine deacetylase	AG-891-E06_00244	-4
CACMEG010000001.1	225682	226389	-	AG-891-E06_00241	AG-891-E06	235	OG0000537	NA	NA	NA	NA	NA	AG-891-E06_00244	-3
CACMEG010000001.1	226379	227056	-	AG-891-E06_00242	AG-891-E06	225	OG0000841	K03589	cell division protein FtsQ	COG1589	FtsQ	Cell division septal protein FtsQ	AG-891-E06_00244	-2
CACMEG010000001.1	227037	227948	-	AG-891-E06_00243	AG-891-E06	303	OG0000580	K01921	D-alanine-D-alanine ligase [EC:6.3.2.4]	COG1181	DdlA	D-alanine-D-alanine ligase or related ATP-grasp enzyme	AG-891-E06_00244	-1
CACMEG010000001.1	227945	228859	-	AG-891-E06_00244	AG-891-E06	304	OG0000330	K00075	UDP-N-acetylmuramate dehydrogenase [EC:1.3.1.98]	COG0812	MurB	UDP-N-acetylenolpyruvoylglucosamine reductase	AG-891-E06_00244	0
CACMEG010000001.1	228856	230253	-	AG-891-E06_00245	AG-891-E06	465	OG0000265	K01924	UDP-N-acetylmuramate--alanine ligase [EC:6.3.2.8]	COG0773	MurC	UDP-N-acetylmuramate-alanine ligase MurC and related ligases, MurC/Mpl family	AG-891-E06_00244	1
CACMEG010000001.1	230257	231318	-	AG-891-E06_00246	AG-891-E06	353	OG0000489	K02563	UDP-N-acetylglucosamine--N-acetylmuramyl-(pentapeptide) pyrophosphoryl-undecaprenol N-acetylglucosamine transferase [EC:2.4.1.227]	COG0707	MurG	UDP-N-acetylglucosamine:LPS N-acetylglucosamine transferase	AG-891-E06_00244	2
CACMEG010000001.1	231318	232439	-	AG-891-E06_00247	AG-891-E06	373	OG0000615	NA	NA	COG0772	FtsW	Peptodoglycan polymerase FtsW/RodA/SpoVE	AG-891-E06_00244	3
CACMEG010000001.1	232432	233727	-	AG-891-E06_00248	AG-891-E06	431	OG0000817	NA	NA	COG0771	MurD	UDP-N-acetylmuramoylalanine-D-glutamate ligase	AG-891-E06_00244	4
CACMEG010000001.1	233727	234812	-	AG-891-E06_00249	AG-891-E06	361	OG0000019	K01000	phospho-N-acetylmuramoyl-pentapeptide-transferase [EC:2.7.8.13]	COG0472	Rfe	UDP-N-acetylmuramyl pentapeptide phosphotransferase/UDP-N-acetylglucosamine-1-phosphate transferase/archaeal AglH	AG-891-E06_00244	5
CACMGO010000004.1	86475	87320	-	AG-891-G02_00700	AG-891-G02	281	OG0000470	K05807	outer membrane protein assembly factor BamD	COG4105	BamD	Outer membrane protein assembly factor BamD, BamD/ComL family	AG-891-G02_00705	-5
CACMGO010000004.1	87369	88289	-	AG-891-G02_00701	AG-891-G02	306	OG0000300	K02535	UDP-3-O-[3-hydroxymyristoyl] N-acetylglucosamine deacetylase [EC:3.5.1.108]	COG0774	LpxC	UDP-3-O-acyl-N-acetylglucosamine deacetylase	AG-891-G02_00705	-4
CACMGO010000004.1	88354	89058	-	AG-891-G02_00702	AG-891-G02	234	OG0000537	NA	NA	NA	NA	NA	AG-891-G02_00705	-3
CACMGO010000004.1	89055	89723	-	AG-891-G02_00703	AG-891-G02	222	OG0000841	K03589	cell division protein FtsQ	COG1589	FtsQ	Cell division septal protein FtsQ	AG-891-G02_00705	-2
CACMGO010000004.1	89704	90618	-	AG-891-G02_00704	AG-891-G02	304	OG0000580	K01921	D-alanine-D-alanine ligase [EC:6.3.2.4]	COG1181	DdlA	D-alanine-D-alanine ligase or related ATP-grasp enzyme	AG-891-G02_00705	-1
CACMGO010000004.1	90620	91525	-	AG-891-G02_00705	AG-891-G02	301	OG0000330	K00075	UDP-N-acetylmuramate dehydrogenase [EC:1.3.1.98]	COG0812	MurB	UDP-N-acetylenolpyruvoylglucosamine reductase	AG-891-G02_00705	0
CACMGO010000004.1	91522	92919	-	AG-891-G02_00706	AG-891-G02	465	OG0000265	K01924	UDP-N-acetylmuramate--alanine ligase [EC:6.3.2.8]	COG0773	MurC	UDP-N-acetylmuramate-alanine ligase MurC and related ligases, MurC/Mpl family	AG-891-G02_00705	1
CACMGO010000004.1	92909	93976	-	AG-891-G02_00707	AG-891-G02	355	OG0000489	K02563	UDP-N-acetylglucosamine--N-acetylmuramyl-(pentapeptide) pyrophosphoryl-undecaprenol N-acetylglucosamine transferase [EC:2.4.1.227]	COG0707	MurG	UDP-N-acetylglucosamine:LPS N-acetylglucosamine transferase	AG-891-G02_00705	2
CACMGO010000004.1	93980	95098	-	AG-891-G02_00708	AG-891-G02	372	OG0000615	NA	NA	COG0772	FtsW	Peptodoglycan polymerase FtsW/RodA/SpoVE	AG-891-G02_00705	3
CACMGO010000004.1	95088	96371	-	AG-891-G02_00709	AG-891-G02	427	OG0000817	NA	NA	COG0771	MurD	UDP-N-acetylmuramoylalanine-D-glutamate ligase	AG-891-G02_00705	4
CACMGO010000004.1	96371	97456	-	AG-891-G02_00710	AG-891-G02	361	OG0000019	K01000	phospho-N-acetylmuramoyl-pentapeptide-transferase [EC:2.7.8.13]	COG0472	Rfe	UDP-N-acetylmuramyl pentapeptide phosphotransferase/UDP-N-acetylglucosamine-1-phosphate transferase/archaeal AglH	AG-891-G02_00705	5
CACMIH010000002.1	196794	197879	+	AG-891-I18_00481	AG-891-I18	361	OG0000019	K01000	phospho-N-acetylmuramoyl-pentapeptide-transferase [EC:2.7.8.13]	COG0472	Rfe	UDP-N-acetylmuramyl pentapeptide phosphotransferase/UDP-N-acetylglucosamine-1-phosphate transferase/archaeal AglH	AG-891-I18_00486	-5
CACMIH010000002.1	197879	199177	+	AG-891-I18_00482	AG-891-I18	432	OG0000817	NA	NA	COG0771	MurD	UDP-N-acetylmuramoylalanine-D-glutamate ligase	AG-891-I18_00486	-4
CACMIH010000002.1	199164	200285	+	AG-891-I18_00483	AG-891-I18	373	OG0000615	NA	NA	COG0772	FtsW	Peptodoglycan polymerase FtsW/RodA/SpoVE	AG-891-I18_00486	-3
CACMIH010000002.1	200289	201353	+	AG-891-I18_00484	AG-891-I18	354	OG0000489	K02563	UDP-N-acetylglucosamine--N-acetylmuramyl-(pentapeptide) pyrophosphoryl-undecaprenol N-acetylglucosamine transferase [EC:2.4.1.227]	COG0707	MurG	UDP-N-acetylglucosamine:LPS N-acetylglucosamine transferase	AG-891-I18_00486	-2
CACMIH010000002.1	201343	202740	+	AG-891-I18_00485	AG-891-I18	465	OG0000265	K01924	UDP-N-acetylmuramate--alanine ligase [EC:6.3.2.8]	COG0773	MurC	UDP-N-acetylmuramate-alanine ligase MurC and related ligases, MurC/Mpl family	AG-891-I18_00486	-1
CACMIH010000002.1	202737	203642	+	AG-891-I18_00486	AG-891-I18	301	OG0000330	K00075	UDP-N-acetylmuramate dehydrogenase [EC:1.3.1.98]	COG0812	MurB	UDP-N-acetylenolpyruvoylglucosamine reductase	AG-891-I18_00486	0
CACMIH010000002.1	203644	204558	+	AG-891-I18_00487	AG-891-I18	304	OG0000580	K01921	D-alanine-D-alanine ligase [EC:6.3.2.4]	COG1181	DdlA	D-alanine-D-alanine ligase or related ATP-grasp enzyme	AG-891-I18_00486	1
CACMIH010000002.1	204539	205210	+	AG-891-I18_00488	AG-891-I18	223	OG0000841	K03589	cell division protein FtsQ	COG1589	FtsQ	Cell division septal protein FtsQ	AG-891-I18_00486	2
CACMIV010000002.1	428107	428865	-	AG-891-J04_01146	AG-891-J04	252	OG0000470	K05807	outer membrane protein assembly factor BamD	COG4105	BamD	Outer membrane protein assembly factor BamD, BamD/ComL family	AG-891-J04_01151	-5
CACMIV010000002.1	428915	429841	-	AG-891-J04_01147	AG-891-J04	308	OG0000300	K02535	UDP-3-O-[3-hydroxymyristoyl] N-acetylglucosamine deacetylase [EC:3.5.1.108]	COG0774	LpxC	UDP-3-O-acyl-N-acetylglucosamine deacetylase	AG-891-J04_01151	-4
CACMIV010000002.1	429906	431093	-	AG-891-J04_01148	AG-891-J04	395	OG0000537	K03590	cell division protein FtsA	COG0849	FtsA	Cell division ATPase FtsA	AG-891-J04_01151	-3
CACMIV010000002.1	431093	431827	-	AG-891-J04_01149	AG-891-J04	244	OG0000841	K03589	cell division protein FtsQ	COG1589	FtsQ	Cell division septal protein FtsQ	AG-891-J04_01151	-2
CACMIV010000002.1	431811	432719	-	AG-891-J04_01150	AG-891-J04	302	OG0000580	K01921	D-alanine-D-alanine ligase [EC:6.3.2.4]	COG1181	DdlA	D-alanine-D-alanine ligase or related ATP-grasp enzyme	AG-891-J04_01151	-1
CACMIV010000002.1	432716	433639	-	AG-891-J04_01151	AG-891-J04	307	OG0000330	K00075	UDP-N-acetylmuramate dehydrogenase [EC:1.3.1.98]	COG0812	MurB	UDP-N-acetylenolpyruvoylglucosamine reductase	AG-891-J04_01151	0
CACMIV010000002.1	433632	435023	-	AG-891-J04_01152	AG-891-J04	463	OG0000265	K01924	UDP-N-acetylmuramate--alanine ligase [EC:6.3.2.8]	COG0773	MurC	UDP-N-acetylmuramate-alanine ligase MurC and related ligases, MurC/Mpl family	AG-891-J04_01151	1
CACMIV010000002.1	435020	436078	-	AG-891-J04_01153	AG-891-J04	352	OG0000489	K02563	UDP-N-acetylglucosamine--N-acetylmuramyl-(pentapeptide) pyrophosphoryl-undecaprenol N-acetylglucosamine transferase [EC:2.4.1.227]	COG0707	MurG	UDP-N-acetylglucosamine:LPS N-acetylglucosamine transferase	AG-891-J04_01151	2
CACMIV010000002.1	436088	437200	-	AG-891-J04_01154	AG-891-J04	370	OG0000615	NA	NA	COG0772	FtsW	Peptodoglycan polymerase FtsW/RodA/SpoVE	AG-891-J04_01151	3
CACMIV010000002.1	437200	438516	-	AG-891-J04_01155	AG-891-J04	438	OG0000817	NA	NA	COG0771	MurD	UDP-N-acetylmuramoylalanine-D-glutamate ligase	AG-891-J04_01151	4
CACMIV010000002.1	438521	439603	-	AG-891-J04_01156	AG-891-J04	360	OG0000019	K01000	phospho-N-acetylmuramoyl-pentapeptide-transferase [EC:2.7.8.13]	COG0472	Rfe	UDP-N-acetylmuramyl pentapeptide phosphotransferase/UDP-N-acetylglucosamine-1-phosphate transferase/archaeal AglH	AG-891-J04_01151	5
CACMIX010000016.1	458	1852	+	AG-891-J07_01298	AG-891-J07	464	OG0000265	K01924	UDP-N-acetylmuramate--alanine ligase [EC:6.3.2.8]	COG0773	MurC	UDP-N-acetylmuramate-alanine ligase MurC and related ligases, MurC/Mpl family	AG-891-J07_01299	-1
CACMIX010000016.1	1822	2757	+	AG-891-J07_01299	AG-891-J07	311	OG0000330	K00075	UDP-N-acetylmuramate dehydrogenase [EC:1.3.1.98]	COG0812	MurB	UDP-N-acetylenolpyruvoylglucosamine reductase	AG-891-J07_01299	0
CACMOZ010000001.1	74514	75599	+	AG-891-O15_00081	AG-891-O15	361	OG0000019	K01000	phospho-N-acetylmuramoyl-pentapeptide-transferase [EC:2.7.8.13]	COG0472	Rfe	UDP-N-acetylmuramyl pentapeptide phosphotransferase/UDP-N-acetylglucosamine-1-phosphate transferase/archaeal AglH	AG-891-O15_00086	-5
CACMOZ010000001.1	75603	76880	+	AG-891-O15_00082	AG-891-O15	425	OG0000817	NA	NA	COG0771	MurD	UDP-N-acetylmuramoylalanine-D-glutamate ligase	AG-891-O15_00086	-4
CACMOZ010000001.1	76861	77988	+	AG-891-O15_00083	AG-891-O15	375	OG0000615	NA	NA	COG0772	FtsW	Peptodoglycan polymerase FtsW/RodA/SpoVE	AG-891-O15_00086	-3
CACMOZ010000001.1	77981	79069	+	AG-891-O15_00084	AG-891-O15	362	OG0000489	K02563	UDP-N-acetylglucosamine--N-acetylmuramyl-(pentapeptide) pyrophosphoryl-undecaprenol N-acetylglucosamine transferase [EC:2.4.1.227]	COG0707	MurG	UDP-N-acetylglucosamine:LPS N-acetylglucosamine transferase	AG-891-O15_00086	-2
CACMOZ010000001.1	79056	80453	+	AG-891-O15_00085	AG-891-O15	465	OG0000265	K01924	UDP-N-acetylmuramate--alanine ligase [EC:6.3.2.8]	COG0773	MurC	UDP-N-acetylmuramate-alanine ligase MurC and related ligases, MurC/Mpl family	AG-891-O15_00086	-1
CACMOZ010000001.1	80450	81355	+	AG-891-O15_00086	AG-891-O15	301	OG0000330	K00075	UDP-N-acetylmuramate dehydrogenase [EC:1.3.1.98]	COG0812	MurB	UDP-N-acetylenolpyruvoylglucosamine reductase	AG-891-O15_00086	0
CACMOZ010000001.1	81348	82286	+	AG-891-O15_00087	AG-891-O15	312	OG0000580	K01921	D-alanine-D-alanine ligase [EC:6.3.2.4]	COG1181	DdlA	D-alanine-D-alanine ligase or related ATP-grasp enzyme	AG-891-O15_00086	1
CACMOZ010000001.1	82283	82939	+	AG-891-O15_00088	AG-891-O15	218	OG0000841	K03589	cell division protein FtsQ	COG1589	FtsQ	Cell division septal protein FtsQ	AG-891-O15_00086	2
CACMOZ010000001.1	82936	84135	+	AG-891-O15_00089	AG-891-O15	399	OG0000537	NA	NA	COG0849	FtsA	Cell division ATPase FtsA	AG-891-O15_00086	3
CACMOZ010000001.1	84200	85126	+	AG-891-O15_00090	AG-891-O15	308	OG0000300	K02535	UDP-3-O-[3-hydroxymyristoyl] N-acetylglucosamine deacetylase [EC:3.5.1.108]	COG0774	LpxC	UDP-3-O-acyl-N-acetylglucosamine deacetylase	AG-891-O15_00086	4
CACMOZ010000001.1	85175	85993	+	AG-891-O15_00091	AG-891-O15	272	OG0000470	K05807	outer membrane protein assembly factor BamD	COG4105	BamD	Outer membrane protein assembly factor BamD, BamD/ComL family	AG-891-O15_00086	5
CACMRC010000001.1	219427	220512	+	AG-892-A22_00225	AG-892-A22	361	OG0000019	K01000	phospho-N-acetylmuramoyl-pentapeptide-transferase [EC:2.7.8.13]	COG0472	Rfe	UDP-N-acetylmuramyl pentapeptide phosphotransferase/UDP-N-acetylglucosamine-1-phosphate transferase/archaeal AglH	AG-892-A22_00230	-5
CACMRC010000001.1	220512	221810	+	AG-892-A22_00226	AG-892-A22	432	OG0000817	NA	NA	COG0771	MurD	UDP-N-acetylmuramoylalanine-D-glutamate ligase	AG-892-A22_00230	-4
CACMRC010000001.1	221797	222918	+	AG-892-A22_00227	AG-892-A22	373	OG0000615	NA	NA	COG0772	FtsW	Peptodoglycan polymerase FtsW/RodA/SpoVE	AG-892-A22_00230	-3
CACMRC010000001.1	222926	223990	+	AG-892-A22_00228	AG-892-A22	354	OG0000489	K02563	UDP-N-acetylglucosamine--N-acetylmuramyl-(pentapeptide) pyrophosphoryl-undecaprenol N-acetylglucosamine transferase [EC:2.4.1.227]	COG0707	MurG	UDP-N-acetylglucosamine:LPS N-acetylglucosamine transferase	AG-892-A22_00230	-2
CACMRC010000001.1	223980	225377	+	AG-892-A22_00229	AG-892-A22	465	OG0000265	K01924	UDP-N-acetylmuramate--alanine ligase [EC:6.3.2.8]	COG0773	MurC	UDP-N-acetylmuramate-alanine ligase MurC and related ligases, MurC/Mpl family	AG-892-A22_00230	-1
CACMRC010000001.1	225374	226279	+	AG-892-A22_00230	AG-892-A22	301	OG0000330	K00075	UDP-N-acetylmuramate dehydrogenase [EC:1.3.1.98]	COG0812	MurB	UDP-N-acetylenolpyruvoylglucosamine reductase	AG-892-A22_00230	0
CACMRC010000001.1	226281	227195	+	AG-892-A22_00231	AG-892-A22	304	OG0000580	K01921	D-alanine-D-alanine ligase [EC:6.3.2.4]	COG1181	DdlA	D-alanine-D-alanine ligase or related ATP-grasp enzyme	AG-892-A22_00230	1
CACMRC010000001.1	227173	227847	+	AG-892-A22_00232	AG-892-A22	224	OG0000841	K03589	cell division protein FtsQ	COG1589	FtsQ	Cell division septal protein FtsQ	AG-892-A22_00230	2
CACMRC010000001.1	227840	228544	+	AG-892-A22_00233	AG-892-A22	234	OG0000537	NA	NA	NA	NA	NA	AG-892-A22_00230	3
CACMRC010000001.1	228608	229528	+	AG-892-A22_00234	AG-892-A22	306	OG0000300	K02535	UDP-3-O-[3-hydroxymyristoyl] N-acetylglucosamine deacetylase [EC:3.5.1.108]	COG0774	LpxC	UDP-3-O-acyl-N-acetylglucosamine deacetylase	AG-892-A22_00230	4
CACMRC010000001.1	229577	230425	+	AG-892-A22_00235	AG-892-A22	282	OG0000470	K05807	outer membrane protein assembly factor BamD	COG4105	BamD	Outer membrane protein assembly factor BamD, BamD/ComL family	AG-892-A22_00230	5
CACMSB010000001.1	507299	508384	+	AG-892-B11_00529	AG-892-B11	361	OG0000019	K01000	phospho-N-acetylmuramoyl-pentapeptide-transferase [EC:2.7.8.13]	COG0472	Rfe	UDP-N-acetylmuramyl pentapeptide phosphotransferase/UDP-N-acetylglucosamine-1-phosphate transferase/archaeal AglH	AG-892-B11_00534	-5
CACMSB010000001.1	508384	509673	+	AG-892-B11_00530	AG-892-B11	429	OG0000817	NA	NA	COG0771	MurD	UDP-N-acetylmuramoylalanine-D-glutamate ligase	AG-892-B11_00534	-4
CACMSB010000001.1	509670	510779	+	AG-892-B11_00531	AG-892-B11	369	OG0000615	NA	NA	COG0772	FtsW	Peptodoglycan polymerase FtsW/RodA/SpoVE	AG-892-B11_00534	-3
CACMSB010000001.1	510781	511857	+	AG-892-B11_00532	AG-892-B11	358	OG0000489	K02563	UDP-N-acetylglucosamine--N-acetylmuramyl-(pentapeptide) pyrophosphoryl-undecaprenol N-acetylglucosamine transferase [EC:2.4.1.227]	COG0707	MurG	UDP-N-acetylglucosamine:LPS N-acetylglucosamine transferase	AG-892-B11_00534	-2
CACMSB010000001.1	511847	513229	+	AG-892-B11_00533	AG-892-B11	460	OG0000265	K01924	UDP-N-acetylmuramate--alanine ligase [EC:6.3.2.8]	COG0773	MurC	UDP-N-acetylmuramate-alanine ligase MurC and related ligases, MurC/Mpl family	AG-892-B11_00534	-1
CACMSB010000001.1	513231	514139	+	AG-892-B11_00534	AG-892-B11	302	OG0000330	K00075	UDP-N-acetylmuramate dehydrogenase [EC:1.3.1.98]	COG0812	MurB	UDP-N-acetylenolpyruvoylglucosamine reductase	AG-892-B11_00534	0
CACMSB010000001.1	514139	515059	+	AG-892-B11_00535	AG-892-B11	306	OG0000580	K01921	D-alanine-D-alanine ligase [EC:6.3.2.4]	COG1181	DdlA	D-alanine-D-alanine ligase or related ATP-grasp enzyme	AG-892-B11_00534	1
CACMSB010000001.1	515040	515729	+	AG-892-B11_00536	AG-892-B11	229	OG0000841	K03589	cell division protein FtsQ	COG1589	FtsQ	Cell division septal protein FtsQ	AG-892-B11_00534	2
CACMSB010000001.1	515722	516882	+	AG-892-B11_00537	AG-892-B11	386	OG0000537	K03590	cell division protein FtsA	COG0849	FtsA	Cell division ATPase FtsA	AG-892-B11_00534	3
CACMSB010000001.1	516945	517865	+	AG-892-B11_00538	AG-892-B11	306	OG0000300	K02535	UDP-3-O-[3-hydroxymyristoyl] N-acetylglucosamine deacetylase [EC:3.5.1.108]	COG0774	LpxC	UDP-3-O-acyl-N-acetylglucosamine deacetylase	AG-892-B11_00534	4
CACMSB010000001.1	517904	518740	+	AG-892-B11_00539	AG-892-B11	278	OG0000470	K05807	outer membrane protein assembly factor BamD	COG4105	BamD	Outer membrane protein assembly factor BamD, BamD/ComL family	AG-892-B11_00534	5
CACMTO010000005.1	29686	30528	-	AG-892-C18_00736	AG-892-C18	280	OG0000470	K05807	outer membrane protein assembly factor BamD	COG4105	BamD	Outer membrane protein assembly factor BamD, BamD/ComL family	AG-892-C18_00741	-5
CACMTO010000005.1	30570	31490	-	AG-892-C18_00737	AG-892-C18	306	OG0000300	K02535	UDP-3-O-[3-hydroxymyristoyl] N-acetylglucosamine deacetylase [EC:3.5.1.108]	COG0774	LpxC	UDP-3-O-acyl-N-acetylglucosamine deacetylase	AG-892-C18_00741	-4
CACMTO010000005.1	31555	32256	-	AG-892-C18_00738	AG-892-C18	233	OG0000537	NA	NA	NA	NA	NA	AG-892-C18_00741	-3
CACMTO010000005.1	32246	32920	-	AG-892-C18_00739	AG-892-C18	224	OG0000841	K03589	cell division protein FtsQ	COG1589	FtsQ	Cell division septal protein FtsQ	AG-892-C18_00741	-2
CACMTO010000005.1	32901	33812	-	AG-892-C18_00740	AG-892-C18	303	OG0000580	K01921	D-alanine-D-alanine ligase [EC:6.3.2.4]	COG1181	DdlA	D-alanine-D-alanine ligase or related ATP-grasp enzyme	AG-892-C18_00741	-1
CACMTO010000005.1	33814	34722	-	AG-892-C18_00741	AG-892-C18	302	OG0000330	K00075	UDP-N-acetylmuramate dehydrogenase [EC:1.3.1.98]	COG0812	MurB	UDP-N-acetylenolpyruvoylglucosamine reductase	AG-892-C18_00741	0
CACMTO010000005.1	34722	36116	-	AG-892-C18_00742	AG-892-C18	464	OG0000265	K01924	UDP-N-acetylmuramate--alanine ligase [EC:6.3.2.8]	COG0773	MurC	UDP-N-acetylmuramate-alanine ligase MurC and related ligases, MurC/Mpl family	AG-892-C18_00741	1
CACMTO010000005.1	36106	37170	-	AG-892-C18_00743	AG-892-C18	354	OG0000489	K02563	UDP-N-acetylglucosamine--N-acetylmuramyl-(pentapeptide) pyrophosphoryl-undecaprenol N-acetylglucosamine transferase [EC:2.4.1.227]	COG0707	MurG	UDP-N-acetylglucosamine:LPS N-acetylglucosamine transferase	AG-892-C18_00741	2
CACMTO010000005.1	37172	38296	-	AG-892-C18_00744	AG-892-C18	374	OG0000615	NA	NA	COG0772	FtsW	Peptodoglycan polymerase FtsW/RodA/SpoVE	AG-892-C18_00741	3
CACMTO010000005.1	38271	39590	-	AG-892-C18_00745	AG-892-C18	439	OG0000817	NA	NA	COG0771	MurD	UDP-N-acetylmuramoylalanine-D-glutamate ligase	AG-892-C18_00741	4
CACMTO010000005.1	39587	40672	-	AG-892-C18_00746	AG-892-C18	361	OG0000019	K01000	phospho-N-acetylmuramoyl-pentapeptide-transferase [EC:2.7.8.13]	COG0472	Rfe	UDP-N-acetylmuramyl pentapeptide phosphotransferase/UDP-N-acetylglucosamine-1-phosphate transferase/archaeal AglH	AG-892-C18_00741	5
CACMVC010000005.1	82939	83778	-	AG-892-E08_01134	AG-892-E08	279	OG0000470	K05807	outer membrane protein assembly factor BamD	COG4105	BamD	Outer membrane protein assembly factor BamD, BamD/ComL family	AG-892-E08_01139	-5
CACMVC010000005.1	83826	84746	-	AG-892-E08_01135	AG-892-E08	306	OG0000300	K02535	UDP-3-O-[3-hydroxymyristoyl] N-acetylglucosamine deacetylase [EC:3.5.1.108]	COG0774	LpxC	UDP-3-O-acyl-N-acetylglucosamine deacetylase	AG-892-E08_01139	-4
CACMVC010000005.1	84811	85515	-	AG-892-E08_01136	AG-892-E08	234	OG0000537	NA	NA	NA	NA	NA	AG-892-E08_01139	-3
CACMVC010000005.1	85508	86179	-	AG-892-E08_01137	AG-892-E08	223	OG0000841	K03589	cell division protein FtsQ	COG1589	FtsQ	Cell division septal protein FtsQ	AG-892-E08_01139	-2
CACMVC010000005.1	86160	87074	-	AG-892-E08_01138	AG-892-E08	304	OG0000580	K01921	D-alanine-D-alanine ligase [EC:6.3.2.4]	COG1181	DdlA	D-alanine-D-alanine ligase or related ATP-grasp enzyme	AG-892-E08_01139	-1
CACMVC010000005.1	87076	87981	-	AG-892-E08_01139	AG-892-E08	301	OG0000330	K00075	UDP-N-acetylmuramate dehydrogenase [EC:1.3.1.98]	COG0812	MurB	UDP-N-acetylenolpyruvoylglucosamine reductase	AG-892-E08_01139	0
CACMVC010000005.1	87981	89375	-	AG-892-E08_01140	AG-892-E08	464	OG0000265	K01924	UDP-N-acetylmuramate--alanine ligase [EC:6.3.2.8]	COG0773	MurC	UDP-N-acetylmuramate-alanine ligase MurC and related ligases, MurC/Mpl family	AG-892-E08_01139	1
CACMVC010000005.1	89365	90432	-	AG-892-E08_01141	AG-892-E08	355	OG0000489	K02563	UDP-N-acetylglucosamine--N-acetylmuramyl-(pentapeptide) pyrophosphoryl-undecaprenol N-acetylglucosamine transferase [EC:2.4.1.227]	COG0707	MurG	UDP-N-acetylglucosamine:LPS N-acetylglucosamine transferase	AG-892-E08_01139	2
CACMVC010000005.1	90436	91557	-	AG-892-E08_01142	AG-892-E08	373	OG0000615	NA	NA	COG0772	FtsW	Peptodoglycan polymerase FtsW/RodA/SpoVE	AG-892-E08_01139	3
CACMVC010000005.1	91547	92842	-	AG-892-E08_01143	AG-892-E08	431	OG0000817	NA	NA	COG0771	MurD	UDP-N-acetylmuramoylalanine-D-glutamate ligase	AG-892-E08_01139	4
CACMVC010000005.1	92842	93927	-	AG-892-E08_01144	AG-892-E08	361	OG0000019	K01000	phospho-N-acetylmuramoyl-pentapeptide-transferase [EC:2.7.8.13]	COG0472	Rfe	UDP-N-acetylmuramyl pentapeptide phosphotransferase/UDP-N-acetylglucosamine-1-phosphate transferase/archaeal AglH	AG-892-E08_01139	5
CACMWB010000005.1	69461	70312	-	AG-892-F02_00725	AG-892-F02	283	OG0000470	K05807	outer membrane protein assembly factor BamD	COG4105	BamD	Outer membrane protein assembly factor BamD, BamD/ComL family	AG-892-F02_00730	-5
CACMWB010000005.1	70361	71281	-	AG-892-F02_00726	AG-892-F02	306	OG0000300	K02535	UDP-3-O-[3-hydroxymyristoyl] N-acetylglucosamine deacetylase [EC:3.5.1.108]	COG0774	LpxC	UDP-3-O-acyl-N-acetylglucosamine deacetylase	AG-892-F02_00730	-4
CACMWB010000005.1	71346	72047	-	AG-892-F02_00727	AG-892-F02	233	OG0000537	NA	NA	NA	NA	NA	AG-892-F02_00730	-3
CACMWB010000005.1	72040	72711	-	AG-892-F02_00728	AG-892-F02	223	OG0000841	K03589	cell division protein FtsQ	COG1589	FtsQ	Cell division septal protein FtsQ	AG-892-F02_00730	-2
CACMWB010000005.1	72692	73606	-	AG-892-F02_00729	AG-892-F02	304	OG0000580	K01921	D-alanine-D-alanine ligase [EC:6.3.2.4]	COG1181	DdlA	D-alanine-D-alanine ligase or related ATP-grasp enzyme	AG-892-F02_00730	-1
CACMWB010000005.1	73609	74514	-	AG-892-F02_00730	AG-892-F02	301	OG0000330	K00075	UDP-N-acetylmuramate dehydrogenase [EC:1.3.1.98]	COG0812	MurB	UDP-N-acetylenolpyruvoylglucosamine reductase	AG-892-F02_00730	0
CACMWB010000005.1	74511	75908	-	AG-892-F02_00731	AG-892-F02	465	OG0000265	K01924	UDP-N-acetylmuramate--alanine ligase [EC:6.3.2.8]	COG0773	MurC	UDP-N-acetylmuramate-alanine ligase MurC and related ligases, MurC/Mpl family	AG-892-F02_00730	1
CACMWB010000005.1	75898	76962	-	AG-892-F02_00732	AG-892-F02	354	OG0000489	K02563	UDP-N-acetylglucosamine--N-acetylmuramyl-(pentapeptide) pyrophosphoryl-undecaprenol N-acetylglucosamine transferase [EC:2.4.1.227]	COG0707	MurG	UDP-N-acetylglucosamine:LPS N-acetylglucosamine transferase	AG-892-F02_00730	2
CACMWB010000005.1	76966	78087	-	AG-892-F02_00733	AG-892-F02	373	OG0000615	NA	NA	COG0772	FtsW	Peptodoglycan polymerase FtsW/RodA/SpoVE	AG-892-F02_00730	3
CACMWB010000005.1	78074	79372	-	AG-892-F02_00734	AG-892-F02	432	OG0000817	NA	NA	COG0771	MurD	UDP-N-acetylmuramoylalanine-D-glutamate ligase	AG-892-F02_00730	4
CACMWB010000005.1	79372	80457	-	AG-892-F02_00735	AG-892-F02	361	OG0000019	K01000	phospho-N-acetylmuramoyl-pentapeptide-transferase [EC:2.7.8.13]	COG0472	Rfe	UDP-N-acetylmuramyl pentapeptide phosphotransferase/UDP-N-acetylglucosamine-1-phosphate transferase/archaeal AglH	AG-892-F02_00730	5
CACMWQ010000001.1	222344	223429	+	AG-892-F15_00230	AG-892-F15	361	OG0000019	K01000	phospho-N-acetylmuramoyl-pentapeptide-transferase [EC:2.7.8.13]	COG0472	Rfe	UDP-N-acetylmuramyl pentapeptide phosphotransferase/UDP-N-acetylglucosamine-1-phosphate transferase/archaeal AglH	AG-892-F15_00235	-5
CACMWQ010000001.1	223429	224718	+	AG-892-F15_00231	AG-892-F15	429	OG0000817	NA	NA	COG0771	MurD	UDP-N-acetylmuramoylalanine-D-glutamate ligase	AG-892-F15_00235	-4
CACMWQ010000001.1	224715	225824	+	AG-892-F15_00232	AG-892-F15	369	OG0000615	NA	NA	COG0772	FtsW	Peptodoglycan polymerase FtsW/RodA/SpoVE	AG-892-F15_00235	-3
CACMWQ010000001.1	225826	226902	+	AG-892-F15_00233	AG-892-F15	358	OG0000489	K02563	UDP-N-acetylglucosamine--N-acetylmuramyl-(pentapeptide) pyrophosphoryl-undecaprenol N-acetylglucosamine transferase [EC:2.4.1.227]	COG0707	MurG	UDP-N-acetylglucosamine:LPS N-acetylglucosamine transferase	AG-892-F15_00235	-2
CACMWQ010000001.1	226892	228274	+	AG-892-F15_00234	AG-892-F15	460	OG0000265	K01924	UDP-N-acetylmuramate--alanine ligase [EC:6.3.2.8]	COG0773	MurC	UDP-N-acetylmuramate-alanine ligase MurC and related ligases, MurC/Mpl family	AG-892-F15_00235	-1
CACMWQ010000001.1	228276	229184	+	AG-892-F15_00235	AG-892-F15	302	OG0000330	K00075	UDP-N-acetylmuramate dehydrogenase [EC:1.3.1.98]	COG0812	MurB	UDP-N-acetylenolpyruvoylglucosamine reductase	AG-892-F15_00235	0
CACMWQ010000001.1	229184	230104	+	AG-892-F15_00236	AG-892-F15	306	OG0000580	K01921	D-alanine-D-alanine ligase [EC:6.3.2.4]	COG1181	DdlA	D-alanine-D-alanine ligase or related ATP-grasp enzyme	AG-892-F15_00235	1
CACMWQ010000001.1	230085	230774	+	AG-892-F15_00237	AG-892-F15	229	OG0000841	K03589	cell division protein FtsQ	COG1589	FtsQ	Cell division septal protein FtsQ	AG-892-F15_00235	2
CACMWQ010000001.1	230767	231933	+	AG-892-F15_00238	AG-892-F15	388	OG0000537	K03590	cell division protein FtsA	COG0849	FtsA	Cell division ATPase FtsA	AG-892-F15_00235	3
CACMWQ010000001.1	231996	232916	+	AG-892-F15_00239	AG-892-F15	306	OG0000300	K02535	UDP-3-O-[3-hydroxymyristoyl] N-acetylglucosamine deacetylase [EC:3.5.1.108]	COG0774	LpxC	UDP-3-O-acyl-N-acetylglucosamine deacetylase	AG-892-F15_00235	4
CACMWQ010000001.1	232955	233791	+	AG-892-F15_00240	AG-892-F15	278	OG0000470	K05807	outer membrane protein assembly factor BamD	COG4105	BamD	Outer membrane protein assembly factor BamD, BamD/ComL family	AG-892-F15_00235	5
CACMZL010000004.1	76667	77752	+	AG-892-J03_01011	AG-892-J03	361	OG0000019	K01000	phospho-N-acetylmuramoyl-pentapeptide-transferase [EC:2.7.8.13]	COG0472	Rfe	UDP-N-acetylmuramyl pentapeptide phosphotransferase/UDP-N-acetylglucosamine-1-phosphate transferase/archaeal AglH	AG-892-J03_01016	-5
CACMZL010000004.1	77752	79041	+	AG-892-J03_01012	AG-892-J03	429	OG0000817	NA	NA	COG0771	MurD	UDP-N-acetylmuramoylalanine-D-glutamate ligase	AG-892-J03_01016	-4
CACMZL010000004.1	79038	80147	+	AG-892-J03_01013	AG-892-J03	369	OG0000615	NA	NA	COG0772	FtsW	Peptodoglycan polymerase FtsW/RodA/SpoVE	AG-892-J03_01016	-3
CACMZL010000004.1	80149	81225	+	AG-892-J03_01014	AG-892-J03	358	OG0000489	K02563	UDP-N-acetylglucosamine--N-acetylmuramyl-(pentapeptide) pyrophosphoryl-undecaprenol N-acetylglucosamine transferase [EC:2.4.1.227]	COG0707	MurG	UDP-N-acetylglucosamine:LPS N-acetylglucosamine transferase	AG-892-J03_01016	-2
CACMZL010000004.1	81215	82597	+	AG-892-J03_01015	AG-892-J03	460	OG0000265	K01924	UDP-N-acetylmuramate--alanine ligase [EC:6.3.2.8]	COG0773	MurC	UDP-N-acetylmuramate-alanine ligase MurC and related ligases, MurC/Mpl family	AG-892-J03_01016	-1
CACMZL010000004.1	82599	83507	+	AG-892-J03_01016	AG-892-J03	302	OG0000330	K00075	UDP-N-acetylmuramate dehydrogenase [EC:1.3.1.98]	COG0812	MurB	UDP-N-acetylenolpyruvoylglucosamine reductase	AG-892-J03_01016	0
CACMZL010000004.1	83507	84427	+	AG-892-J03_01017	AG-892-J03	306	OG0000580	K01921	D-alanine-D-alanine ligase [EC:6.3.2.4]	COG1181	DdlA	D-alanine-D-alanine ligase or related ATP-grasp enzyme	AG-892-J03_01016	1
CACMZL010000004.1	84408	85097	+	AG-892-J03_01018	AG-892-J03	229	OG0000841	K03589	cell division protein FtsQ	COG1589	FtsQ	Cell division septal protein FtsQ	AG-892-J03_01016	2
CACMZL010000004.1	85090	86253	+	AG-892-J03_01019	AG-892-J03	387	OG0000537	K03590	cell division protein FtsA	COG0849	FtsA	Cell division ATPase FtsA	AG-892-J03_01016	3
CACMZL010000004.1	86316	87236	+	AG-892-J03_01020	AG-892-J03	306	OG0000300	K02535	UDP-3-O-[3-hydroxymyristoyl] N-acetylglucosamine deacetylase [EC:3.5.1.108]	COG0774	LpxC	UDP-3-O-acyl-N-acetylglucosamine deacetylase	AG-892-J03_01016	4
CACMZL010000004.1	87275	88111	+	AG-892-J03_01021	AG-892-J03	278	OG0000470	K05807	outer membrane protein assembly factor BamD	COG4105	BamD	Outer membrane protein assembly factor BamD, BamD/ComL family	AG-892-J03_01016	5
CACNAR010000004.1	92942	93790	-	AG-892-K05_00736	AG-892-K05	282	OG0000470	K05807	outer membrane protein assembly factor BamD	COG4105	BamD	Outer membrane protein assembly factor BamD, BamD/ComL family	AG-892-K05_00741	-5
CACNAR010000004.1	93837	94757	-	AG-892-K05_00737	AG-892-K05	306	OG0000300	K02535	UDP-3-O-[3-hydroxymyristoyl] N-acetylglucosamine deacetylase [EC:3.5.1.108]	COG0774	LpxC	UDP-3-O-acyl-N-acetylglucosamine deacetylase	AG-892-K05_00741	-4
CACNAR010000004.1	94820	95524	-	AG-892-K05_00738	AG-892-K05	234	OG0000537	NA	NA	NA	NA	NA	AG-892-K05_00741	-3
CACNAR010000004.1	95514	96188	-	AG-892-K05_00739	AG-892-K05	224	OG0000841	K03589	cell division protein FtsQ	COG1589	FtsQ	Cell division septal protein FtsQ	AG-892-K05_00741	-2
CACNAR010000004.1	96169	97083	-	AG-892-K05_00740	AG-892-K05	304	OG0000580	K01921	D-alanine-D-alanine ligase [EC:6.3.2.4]	COG1181	DdlA	D-alanine-D-alanine ligase or related ATP-grasp enzyme	AG-892-K05_00741	-1
CACNAR010000004.1	97085	97993	-	AG-892-K05_00741	AG-892-K05	302	OG0000330	K00075	UDP-N-acetylmuramate dehydrogenase [EC:1.3.1.98]	COG0812	MurB	UDP-N-acetylenolpyruvoylglucosamine reductase	AG-892-K05_00741	0
CACNAR010000004.1	97990	99387	-	AG-892-K05_00742	AG-892-K05	465	OG0000265	K01924	UDP-N-acetylmuramate--alanine ligase [EC:6.3.2.8]	COG0773	MurC	UDP-N-acetylmuramate-alanine ligase MurC and related ligases, MurC/Mpl family	AG-892-K05_00741	1
CACNAR010000004.1	99377	100438	-	AG-892-K05_00743	AG-892-K05	353	OG0000489	K02563	UDP-N-acetylglucosamine--N-acetylmuramyl-(pentapeptide) pyrophosphoryl-undecaprenol N-acetylglucosamine transferase [EC:2.4.1.227]	COG0707	MurG	UDP-N-acetylglucosamine:LPS N-acetylglucosamine transferase	AG-892-K05_00741	2
CACNAR010000004.1	100440	101564	-	AG-892-K05_00744	AG-892-K05	374	OG0000615	NA	NA	COG0772	FtsW	Peptodoglycan polymerase FtsW/RodA/SpoVE	AG-892-K05_00741	3
CACNAR010000004.1	101557	102825	-	AG-892-K05_00745	AG-892-K05	422	OG0000817	NA	NA	COG0771	MurD	UDP-N-acetylmuramoylalanine-D-glutamate ligase	AG-892-K05_00741	4
CACNAR010000004.1	102837	103922	-	AG-892-K05_00746	AG-892-K05	361	OG0000019	K01000	phospho-N-acetylmuramoyl-pentapeptide-transferase [EC:2.7.8.13]	COG0472	Rfe	UDP-N-acetylmuramyl pentapeptide phosphotransferase/UDP-N-acetylglucosamine-1-phosphate transferase/archaeal AglH	AG-892-K05_00741	5
CACNBC010000001.1	152552	153400	-	AG-892-K09_00164	AG-892-K09	282	OG0000470	K05807	outer membrane protein assembly factor BamD	COG4105	BamD	Outer membrane protein assembly factor BamD, BamD/ComL family	AG-892-K09_00169	-5
CACNBC010000001.1	153440	154360	-	AG-892-K09_00165	AG-892-K09	306	OG0000300	K02535	UDP-3-O-[3-hydroxymyristoyl] N-acetylglucosamine deacetylase [EC:3.5.1.108]	COG0774	LpxC	UDP-3-O-acyl-N-acetylglucosamine deacetylase	AG-892-K09_00169	-4
CACNBC010000001.1	154425	155624	-	AG-892-K09_00166	AG-892-K09	399	OG0000537	K03590	cell division protein FtsA	COG0849	FtsA	Cell division ATPase FtsA	AG-892-K09_00169	-3
CACNBC010000001.1	155617	156300	-	AG-892-K09_00167	AG-892-K09	227	OG0000841	K03589	cell division protein FtsQ	COG1589	FtsQ	Cell division septal protein FtsQ	AG-892-K09_00169	-2
CACNBC010000001.1	156278	157195	-	AG-892-K09_00168	AG-892-K09	305	OG0000580	K01921	D-alanine-D-alanine ligase [EC:6.3.2.4]	COG1181	DdlA	D-alanine-D-alanine ligase or related ATP-grasp enzyme	AG-892-K09_00169	-1
CACNBC010000001.1	157196	158104	-	AG-892-K09_00169	AG-892-K09	302	OG0000330	K00075	UDP-N-acetylmuramate dehydrogenase [EC:1.3.1.98]	COG0812	MurB	UDP-N-acetylenolpyruvoylglucosamine reductase	AG-892-K09_00169	0
CACNBC010000001.1	158101	159498	-	AG-892-K09_00170	AG-892-K09	465	OG0000265	K01924	UDP-N-acetylmuramate--alanine ligase [EC:6.3.2.8]	COG0773	MurC	UDP-N-acetylmuramate-alanine ligase MurC and related ligases, MurC/Mpl family	AG-892-K09_00169	1
CACNBC010000001.1	159488	160564	-	AG-892-K09_00171	AG-892-K09	358	OG0000489	K02563	UDP-N-acetylglucosamine--N-acetylmuramyl-(pentapeptide) pyrophosphoryl-undecaprenol N-acetylglucosamine transferase [EC:2.4.1.227]	COG0707	MurG	UDP-N-acetylglucosamine:LPS N-acetylglucosamine transferase	AG-892-K09_00169	2
CACNBC010000001.1	160567	161679	-	AG-892-K09_00172	AG-892-K09	370	OG0000615	NA	NA	COG0772	FtsW	Peptodoglycan polymerase FtsW/RodA/SpoVE	AG-892-K09_00169	3
CACNBC010000001.1	161687	162967	-	AG-892-K09_00173	AG-892-K09	426	OG0000817	NA	NA	COG0771	MurD	UDP-N-acetylmuramoylalanine-D-glutamate ligase	AG-892-K09_00169	4
CACNBC010000001.1	162967	164052	-	AG-892-K09_00174	AG-892-K09	361	OG0000019	K01000	phospho-N-acetylmuramoyl-pentapeptide-transferase [EC:2.7.8.13]	COG0472	Rfe	UDP-N-acetylmuramyl pentapeptide phosphotransferase/UDP-N-acetylglucosamine-1-phosphate transferase/archaeal AglH	AG-892-K09_00169	5
CACNCD010000003.1	69131	70216	+	AG-892-L05_00393	AG-892-L05	361	OG0000019	K01000	phospho-N-acetylmuramoyl-pentapeptide-transferase [EC:2.7.8.13]	COG0472	Rfe	UDP-N-acetylmuramyl pentapeptide phosphotransferase/UDP-N-acetylglucosamine-1-phosphate transferase/archaeal AglH	AG-892-L05_00398	-5
CACNCD010000003.1	70216	71517	+	AG-892-L05_00394	AG-892-L05	433	OG0000817	NA	NA	COG0771	MurD	UDP-N-acetylmuramoylalanine-D-glutamate ligase	AG-892-L05_00398	-4
CACNCD010000003.1	71521	72630	+	AG-892-L05_00395	AG-892-L05	369	OG0000615	NA	NA	COG0772	FtsW	Peptodoglycan polymerase FtsW/RodA/SpoVE	AG-892-L05_00398	-3
CACNCD010000003.1	72636	73709	+	AG-892-L05_00396	AG-892-L05	357	OG0000489	K02563	UDP-N-acetylglucosamine--N-acetylmuramyl-(pentapeptide) pyrophosphoryl-undecaprenol N-acetylglucosamine transferase [EC:2.4.1.227]	COG0707	MurG	UDP-N-acetylglucosamine:LPS N-acetylglucosamine transferase	AG-892-L05_00398	-2
CACNCD010000003.1	73699	75093	+	AG-892-L05_00397	AG-892-L05	464	OG0000265	K01924	UDP-N-acetylmuramate--alanine ligase [EC:6.3.2.8]	COG0773	MurC	UDP-N-acetylmuramate-alanine ligase MurC and related ligases, MurC/Mpl family	AG-892-L05_00398	-1
CACNCD010000003.1	75090	76001	+	AG-892-L05_00398	AG-892-L05	303	OG0000330	K00075	UDP-N-acetylmuramate dehydrogenase [EC:1.3.1.98]	COG0812	MurB	UDP-N-acetylenolpyruvoylglucosamine reductase	AG-892-L05_00398	0
CACNCD010000003.1	75998	76912	+	AG-892-L05_00399	AG-892-L05	304	OG0000580	K01921	D-alanine-D-alanine ligase [EC:6.3.2.4]	COG1181	DdlA	D-alanine-D-alanine ligase or related ATP-grasp enzyme	AG-892-L05_00398	1
CACNCD010000003.1	76893	77579	+	AG-892-L05_00400	AG-892-L05	228	OG0000841	K03589	cell division protein FtsQ	COG1589	FtsQ	Cell division septal protein FtsQ	AG-892-L05_00398	2
CACNCD010000003.1	77572	78282	+	AG-892-L05_00401	AG-892-L05	236	OG0000537	NA	NA	COG0849	FtsA	Cell division ATPase FtsA	AG-892-L05_00398	3
CACNCD010000003.1	78349	79269	+	AG-892-L05_00402	AG-892-L05	306	OG0000300	K02535	UDP-3-O-[3-hydroxymyristoyl] N-acetylglucosamine deacetylase [EC:3.5.1.108]	COG0774	LpxC	UDP-3-O-acyl-N-acetylglucosamine deacetylase	AG-892-L05_00398	4
CACNCD010000003.1	79309	80142	+	AG-892-L05_00403	AG-892-L05	277	OG0000470	K05807	outer membrane protein assembly factor BamD	COG4105	BamD	Outer membrane protein assembly factor BamD, BamD/ComL family	AG-892-L05_00398	5
CACNCJ010000001.1	62409	63323	-	AG-892-L17_00065	AG-892-L17	304	OG0000300	K02535	UDP-3-O-[3-hydroxymyristoyl] N-acetylglucosamine deacetylase [EC:3.5.1.108]	COG0774	LpxC	UDP-3-O-acyl-N-acetylglucosamine deacetylase	AG-892-L17_00070	-5
CACNCJ010000001.1	63390	64088	-	AG-892-L17_00066	AG-892-L17	232	OG0000537	NA	NA	NA	NA	NA	AG-892-L17_00070	-4
CACNCJ010000001.1	64081	64752	-	AG-892-L17_00067	AG-892-L17	223	OG0000841	K03589	cell division protein FtsQ	COG1589	FtsQ	Cell division septal protein FtsQ	AG-892-L17_00070	-3
CACNCJ010000001.1	64733	65206	-	AG-892-L17_00068	AG-892-L17	157	OG0000580	K01921	D-alanine-D-alanine ligase [EC:6.3.2.4]	COG1181	DdlA	D-alanine-D-alanine ligase or related ATP-grasp enzyme	AG-892-L17_00070	-2
CACNCJ010000001.1	65166	65648	-	AG-892-L17_00069	AG-892-L17	160	OG0000580	K01921	D-alanine-D-alanine ligase [EC:6.3.2.4]	COG1181	DdlA	D-alanine-D-alanine ligase or related ATP-grasp enzyme	AG-892-L17_00070	-1
CACNCJ010000001.1	65650	66555	-	AG-892-L17_00070	AG-892-L17	301	OG0000330	K00075	UDP-N-acetylmuramate dehydrogenase [EC:1.3.1.98]	COG0812	MurB	UDP-N-acetylenolpyruvoylglucosamine reductase	AG-892-L17_00070	0
CACNCJ010000001.1	66555	67949	-	AG-892-L17_00071	AG-892-L17	464	OG0000265	K01924	UDP-N-acetylmuramate--alanine ligase [EC:6.3.2.8]	COG0773	MurC	UDP-N-acetylmuramate-alanine ligase MurC and related ligases, MurC/Mpl family	AG-892-L17_00070	1
CACNCJ010000001.1	67939	69003	-	AG-892-L17_00072	AG-892-L17	354	OG0000489	K02563	UDP-N-acetylglucosamine--N-acetylmuramyl-(pentapeptide) pyrophosphoryl-undecaprenol N-acetylglucosamine transferase [EC:2.4.1.227]	COG0707	MurG	UDP-N-acetylglucosamine:LPS N-acetylglucosamine transferase	AG-892-L17_00070	2
CACNCJ010000001.1	69004	70128	-	AG-892-L17_00073	AG-892-L17	374	OG0000615	NA	NA	COG0772	FtsW	Peptodoglycan polymerase FtsW/RodA/SpoVE	AG-892-L17_00070	3
CACNCJ010000001.1	70115	71413	-	AG-892-L17_00074	AG-892-L17	432	OG0000817	NA	NA	COG0771	MurD	UDP-N-acetylmuramoylalanine-D-glutamate ligase	AG-892-L17_00070	4
CACNCJ010000001.1	71413	72498	-	AG-892-L17_00075	AG-892-L17	361	OG0000019	K01000	phospho-N-acetylmuramoyl-pentapeptide-transferase [EC:2.7.8.13]	COG0472	Rfe	UDP-N-acetylmuramyl pentapeptide phosphotransferase/UDP-N-acetylglucosamine-1-phosphate transferase/archaeal AglH	AG-892-L17_00070	5
CACNCV010000001.1	451691	452773	+	AG-892-M06_00487	AG-892-M06	360	OG0000019	K01000	phospho-N-acetylmuramoyl-pentapeptide-transferase [EC:2.7.8.13]	COG0472	Rfe	UDP-N-acetylmuramyl pentapeptide phosphotransferase/UDP-N-acetylglucosamine-1-phosphate transferase/archaeal AglH	AG-892-M06_00492	-5
CACNCV010000001.1	452778	454094	+	AG-892-M06_00488	AG-892-M06	438	OG0000817	NA	NA	COG0771	MurD	UDP-N-acetylmuramoylalanine-D-glutamate ligase	AG-892-M06_00492	-4
CACNCV010000001.1	454094	455206	+	AG-892-M06_00489	AG-892-M06	370	OG0000615	NA	NA	COG0772	FtsW	Peptodoglycan polymerase FtsW/RodA/SpoVE	AG-892-M06_00492	-3
CACNCV010000001.1	455216	456274	+	AG-892-M06_00490	AG-892-M06	352	OG0000489	K02563	UDP-N-acetylglucosamine--N-acetylmuramyl-(pentapeptide) pyrophosphoryl-undecaprenol N-acetylglucosamine transferase [EC:2.4.1.227]	COG0707	MurG	UDP-N-acetylglucosamine:LPS N-acetylglucosamine transferase	AG-892-M06_00492	-2
CACNCV010000001.1	456271	457662	+	AG-892-M06_00491	AG-892-M06	463	OG0000265	K01924	UDP-N-acetylmuramate--alanine ligase [EC:6.3.2.8]	COG0773	MurC	UDP-N-acetylmuramate-alanine ligase MurC and related ligases, MurC/Mpl family	AG-892-M06_00492	-1
CACNCV010000001.1	457655	458578	+	AG-892-M06_00492	AG-892-M06	307	OG0000330	K00075	UDP-N-acetylmuramate dehydrogenase [EC:1.3.1.98]	COG0812	MurB	UDP-N-acetylenolpyruvoylglucosamine reductase	AG-892-M06_00492	0
CACNCV010000001.1	458575	459483	+	AG-892-M06_00493	AG-892-M06	302	OG0000580	K01921	D-alanine-D-alanine ligase [EC:6.3.2.4]	COG1181	DdlA	D-alanine-D-alanine ligase or related ATP-grasp enzyme	AG-892-M06_00492	1
CACNCV010000001.1	459467	460201	+	AG-892-M06_00494	AG-892-M06	244	OG0000841	K03589	cell division protein FtsQ	COG1589	FtsQ	Cell division septal protein FtsQ	AG-892-M06_00492	2
CACNCV010000001.1	460201	461388	+	AG-892-M06_00495	AG-892-M06	395	OG0000537	K03590	cell division protein FtsA	COG0849	FtsA	Cell division ATPase FtsA	AG-892-M06_00492	3
CACNCV010000001.1	461453	462379	+	AG-892-M06_00496	AG-892-M06	308	OG0000300	K02535	UDP-3-O-[3-hydroxymyristoyl] N-acetylglucosamine deacetylase [EC:3.5.1.108]	COG0774	LpxC	UDP-3-O-acyl-N-acetylglucosamine deacetylase	AG-892-M06_00492	4
CACNCV010000001.1	462423	463187	+	AG-892-M06_00497	AG-892-M06	254	OG0000470	K05807	outer membrane protein assembly factor BamD	COG4105	BamD	Outer membrane protein assembly factor BamD, BamD/ComL family	AG-892-M06_00492	5
CACNLV010000001.1	270700	271785	+	AG-893-F11_00278	AG-893-F11	361	OG0000019	K01000	phospho-N-acetylmuramoyl-pentapeptide-transferase [EC:2.7.8.13]	COG0472	Rfe	UDP-N-acetylmuramyl pentapeptide phosphotransferase/UDP-N-acetylglucosamine-1-phosphate transferase/archaeal AglH	AG-893-F11_00283	-5
CACNLV010000001.1	271797	273065	+	AG-893-F11_00279	AG-893-F11	422	OG0000817	NA	NA	COG0771	MurD	UDP-N-acetylmuramoylalanine-D-glutamate ligase	AG-893-F11_00283	-4
CACNLV010000001.1	273058	274182	+	AG-893-F11_00280	AG-893-F11	374	OG0000615	NA	NA	COG0772	FtsW	Peptodoglycan polymerase FtsW/RodA/SpoVE	AG-893-F11_00283	-3
CACNLV010000001.1	274184	275245	+	AG-893-F11_00281	AG-893-F11	353	OG0000489	K02563	UDP-N-acetylglucosamine--N-acetylmuramyl-(pentapeptide) pyrophosphoryl-undecaprenol N-acetylglucosamine transferase [EC:2.4.1.227]	COG0707	MurG	UDP-N-acetylglucosamine:LPS N-acetylglucosamine transferase	AG-893-F11_00283	-2
CACNLV010000001.1	275235	276632	+	AG-893-F11_00282	AG-893-F11	465	OG0000265	K01924	UDP-N-acetylmuramate--alanine ligase [EC:6.3.2.8]	COG0773	MurC	UDP-N-acetylmuramate-alanine ligase MurC and related ligases, MurC/Mpl family	AG-893-F11_00283	-1
CACNLV010000001.1	276629	277537	+	AG-893-F11_00283	AG-893-F11	302	OG0000330	K00075	UDP-N-acetylmuramate dehydrogenase [EC:1.3.1.98]	COG0812	MurB	UDP-N-acetylenolpyruvoylglucosamine reductase	AG-893-F11_00283	0
CACNLV010000001.1	277539	278453	+	AG-893-F11_00284	AG-893-F11	304	OG0000580	K01921	D-alanine-D-alanine ligase [EC:6.3.2.4]	COG1181	DdlA	D-alanine-D-alanine ligase or related ATP-grasp enzyme	AG-893-F11_00283	1
CACNLV010000001.1	278434	279108	+	AG-893-F11_00285	AG-893-F11	224	OG0000841	K03589	cell division protein FtsQ	COG1589	FtsQ	Cell division septal protein FtsQ	AG-893-F11_00283	2
CACNLV010000001.1	279098	279802	+	AG-893-F11_00286	AG-893-F11	234	OG0000537	NA	NA	COG0849	FtsA	Cell division ATPase FtsA	AG-893-F11_00283	3
CACNLV010000001.1	279865	280785	+	AG-893-F11_00287	AG-893-F11	306	OG0000300	K02535	UDP-3-O-[3-hydroxymyristoyl] N-acetylglucosamine deacetylase [EC:3.5.1.108]	COG0774	LpxC	UDP-3-O-acyl-N-acetylglucosamine deacetylase	AG-893-F11_00283	4
CACNLV010000001.1	280832	281680	+	AG-893-F11_00288	AG-893-F11	282	OG0000470	K05807	outer membrane protein assembly factor BamD	COG4105	BamD	Outer membrane protein assembly factor BamD, BamD/ComL family	AG-893-F11_00283	5
CACNOT010000004.1	34	1161	+	AG-893-I20_00800	AG-893-I20	375	OG0000615	NA	NA	COG0772	FtsW	Peptodoglycan polymerase FtsW/RodA/SpoVE	AG-893-I20_00803	-3
CACNOT010000004.1	1158	2222	+	AG-893-I20_00801	AG-893-I20	354	OG0000489	K02563	UDP-N-acetylglucosamine--N-acetylmuramyl-(pentapeptide) pyrophosphoryl-undecaprenol N-acetylglucosamine transferase [EC:2.4.1.227]	COG0707	MurG	UDP-N-acetylglucosamine:LPS N-acetylglucosamine transferase	AG-893-I20_00803	-2
CACNOT010000004.1	2212	3606	+	AG-893-I20_00802	AG-893-I20	464	OG0000265	K01924	UDP-N-acetylmuramate--alanine ligase [EC:6.3.2.8]	COG0773	MurC	UDP-N-acetylmuramate-alanine ligase MurC and related ligases, MurC/Mpl family	AG-893-I20_00803	-1
CACNOT010000004.1	3606	4514	+	AG-893-I20_00803	AG-893-I20	302	OG0000330	K00075	UDP-N-acetylmuramate dehydrogenase [EC:1.3.1.98]	COG0812	MurB	UDP-N-acetylenolpyruvoylglucosamine reductase	AG-893-I20_00803	0
CACNOT010000004.1	4516	5430	+	AG-893-I20_00804	AG-893-I20	304	OG0000580	K01921	D-alanine-D-alanine ligase [EC:6.3.2.4]	COG1181	DdlA	D-alanine-D-alanine ligase or related ATP-grasp enzyme	AG-893-I20_00803	1
CACNOT010000004.1	5411	6085	+	AG-893-I20_00805	AG-893-I20	224	OG0000841	K03589	cell division protein FtsQ	COG1589	FtsQ	Cell division septal protein FtsQ	AG-893-I20_00803	2
CACNOT010000004.1	6075	6776	+	AG-893-I20_00806	AG-893-I20	233	OG0000537	NA	NA	NA	NA	NA	AG-893-I20_00803	3
CACNOT010000004.1	6840	7760	+	AG-893-I20_00807	AG-893-I20	306	OG0000300	K02535	UDP-3-O-[3-hydroxymyristoyl] N-acetylglucosamine deacetylase [EC:3.5.1.108]	COG0774	LpxC	UDP-3-O-acyl-N-acetylglucosamine deacetylase	AG-893-I20_00803	4
CACNOT010000004.1	7809	8642	+	AG-893-I20_00808	AG-893-I20	277	OG0000470	K05807	outer membrane protein assembly factor BamD	COG4105	BamD	Outer membrane protein assembly factor BamD, BamD/ComL family	AG-893-I20_00803	5
CACNPC010000015.1	431	1351	-	AG-893-J08_01413	AG-893-J08	306	OG0000580	K01921	D-alanine-D-alanine ligase [EC:6.3.2.4]	COG1181	DdlA	D-alanine-D-alanine ligase or related ATP-grasp enzyme	AG-893-J08_01414	-1
CACNPC010000015.1	1351	2259	-	AG-893-J08_01414	AG-893-J08	302	OG0000330	K00075	UDP-N-acetylmuramate dehydrogenase [EC:1.3.1.98]	COG0812	MurB	UDP-N-acetylenolpyruvoylglucosamine reductase	AG-893-J08_01414	0
CACNPC010000015.1	2261	3643	-	AG-893-J08_01415	AG-893-J08	460	OG0000265	K01924	UDP-N-acetylmuramate--alanine ligase [EC:6.3.2.8]	COG0773	MurC	UDP-N-acetylmuramate-alanine ligase MurC and related ligases, MurC/Mpl family	AG-893-J08_01414	1
CACNPC010000015.1	3633	4709	-	AG-893-J08_01416	AG-893-J08	358	OG0000489	K02563	UDP-N-acetylglucosamine--N-acetylmuramyl-(pentapeptide) pyrophosphoryl-undecaprenol N-acetylglucosamine transferase [EC:2.4.1.227]	COG0707	MurG	UDP-N-acetylglucosamine:LPS N-acetylglucosamine transferase	AG-893-J08_01414	2
CACNPC010000015.1	4711	5820	-	AG-893-J08_01417	AG-893-J08	369	OG0000615	NA	NA	COG0772	FtsW	Peptodoglycan polymerase FtsW/RodA/SpoVE	AG-893-J08_01414	3
CACNPC010000015.1	5817	6122	-	AG-893-J08_01418	AG-893-J08	101	OG0000817	NA	NA	COG0771	MurD	UDP-N-acetylmuramoylalanine-D-glutamate ligase	AG-893-J08_01414	4
CACNQD010000004.1	170734	171525	-	AG-893-K09_01203	AG-893-K09	263	OG0000470	K05807	outer membrane protein assembly factor BamD	COG4105	BamD	Outer membrane protein assembly factor BamD, BamD/ComL family	AG-893-K09_01208	-5
CACNQD010000004.1	171605	172525	-	AG-893-K09_01204	AG-893-K09	306	OG0000300	K02535	UDP-3-O-[3-hydroxymyristoyl] N-acetylglucosamine deacetylase [EC:3.5.1.108]	COG0774	LpxC	UDP-3-O-acyl-N-acetylglucosamine deacetylase	AG-893-K09_01208	-4
CACNQD010000004.1	172592	173302	-	AG-893-K09_01205	AG-893-K09	236	OG0000537	NA	NA	NA	NA	NA	AG-893-K09_01208	-3
CACNQD010000004.1	173295	173969	-	AG-893-K09_01206	AG-893-K09	224	OG0000841	K03589	cell division protein FtsQ	COG1589	FtsQ	Cell division septal protein FtsQ	AG-893-K09_01208	-2
CACNQD010000004.1	173950	174861	-	AG-893-K09_01207	AG-893-K09	303	OG0000580	K01921	D-alanine-D-alanine ligase [EC:6.3.2.4]	COG1181	DdlA	D-alanine-D-alanine ligase or related ATP-grasp enzyme	AG-893-K09_01208	-1
CACNQD010000004.1	174862	175770	-	AG-893-K09_01208	AG-893-K09	302	OG0000330	K00075	UDP-N-acetylmuramate dehydrogenase [EC:1.3.1.98]	COG0812	MurB	UDP-N-acetylenolpyruvoylglucosamine reductase	AG-893-K09_01208	0
CACNQD010000004.1	175770	177170	-	AG-893-K09_01209	AG-893-K09	466	OG0000265	K01924	UDP-N-acetylmuramate--alanine ligase [EC:6.3.2.8]	COG0773	MurC	UDP-N-acetylmuramate-alanine ligase MurC and related ligases, MurC/Mpl family	AG-893-K09_01208	1
CACNQD010000004.1	177173	178234	-	AG-893-K09_01210	AG-893-K09	353	OG0000489	K02563	UDP-N-acetylglucosamine--N-acetylmuramyl-(pentapeptide) pyrophosphoryl-undecaprenol N-acetylglucosamine transferase [EC:2.4.1.227]	COG0707	MurG	UDP-N-acetylglucosamine:LPS N-acetylglucosamine transferase	AG-893-K09_01208	2
CACNQD010000004.1	178239	179357	-	AG-893-K09_01211	AG-893-K09	372	OG0000615	NA	NA	COG0772	FtsW	Peptodoglycan polymerase FtsW/RodA/SpoVE	AG-893-K09_01208	3
CACNQD010000004.1	179347	180642	-	AG-893-K09_01212	AG-893-K09	431	OG0000817	NA	NA	COG0771	MurD	UDP-N-acetylmuramoylalanine-D-glutamate ligase	AG-893-K09_01208	4
CACNQD010000004.1	180642	181727	-	AG-893-K09_01213	AG-893-K09	361	OG0000019	K01000	phospho-N-acetylmuramoyl-pentapeptide-transferase [EC:2.7.8.13]	COG0472	Rfe	UDP-N-acetylmuramyl pentapeptide phosphotransferase/UDP-N-acetylglucosamine-1-phosphate transferase/archaeal AglH	AG-893-K09_01208	5
CACNRC010000004.1	5638	6477	-	AG-893-L07_00944	AG-893-L07	279	OG0000470	K05807	outer membrane protein assembly factor BamD	COG4105	BamD	Outer membrane protein assembly factor BamD, BamD/ComL family	AG-893-L07_00949	-5
CACNRC010000004.1	6516	7439	-	AG-893-L07_00945	AG-893-L07	307	OG0000300	K02535	UDP-3-O-[3-hydroxymyristoyl] N-acetylglucosamine deacetylase [EC:3.5.1.108]	COG0774	LpxC	UDP-3-O-acyl-N-acetylglucosamine deacetylase	AG-893-L07_00949	-4
CACNRC010000004.1	7501	8652	-	AG-893-L07_00946	AG-893-L07	383	OG0000537	NA	NA	COG0849	FtsA	Cell division ATPase FtsA	AG-893-L07_00949	-3
CACNRC010000004.1	8645	9340	-	AG-893-L07_00947	AG-893-L07	231	OG0000841	K03589	cell division protein FtsQ	COG1589	FtsQ	Cell division septal protein FtsQ	AG-893-L07_00949	-2
CACNRC010000004.1	9321	10241	-	AG-893-L07_00948	AG-893-L07	306	OG0000580	K01921	D-alanine-D-alanine ligase [EC:6.3.2.4]	COG1181	DdlA	D-alanine-D-alanine ligase or related ATP-grasp enzyme	AG-893-L07_00949	-1
CACNRC010000004.1	10241	11149	-	AG-893-L07_00949	AG-893-L07	302	OG0000330	K00075	UDP-N-acetylmuramate dehydrogenase [EC:1.3.1.98]	COG0812	MurB	UDP-N-acetylenolpyruvoylglucosamine reductase	AG-893-L07_00949	0
CACNRC010000004.1	11149	12540	-	AG-893-L07_00950	AG-893-L07	463	OG0000265	K01924	UDP-N-acetylmuramate--alanine ligase [EC:6.3.2.8]	COG0773	MurC	UDP-N-acetylmuramate-alanine ligase MurC and related ligases, MurC/Mpl family	AG-893-L07_00949	1
CACNRC010000004.1	12530	13606	-	AG-893-L07_00951	AG-893-L07	358	OG0000489	K02563	UDP-N-acetylglucosamine--N-acetylmuramyl-(pentapeptide) pyrophosphoryl-undecaprenol N-acetylglucosamine transferase [EC:2.4.1.227]	COG0707	MurG	UDP-N-acetylglucosamine:LPS N-acetylglucosamine transferase	AG-893-L07_00949	2
CACNRC010000004.1	13611	14720	-	AG-893-L07_00952	AG-893-L07	369	OG0000615	NA	NA	COG0772	FtsW	Peptodoglycan polymerase FtsW/RodA/SpoVE	AG-893-L07_00949	3
CACNRC010000004.1	14717	16021	-	AG-893-L07_00953	AG-893-L07	434	OG0000817	NA	NA	COG0771	MurD	UDP-N-acetylmuramoylalanine-D-glutamate ligase	AG-893-L07_00949	4
CACNRC010000004.1	16021	17106	-	AG-893-L07_00954	AG-893-L07	361	OG0000019	K01000	phospho-N-acetylmuramoyl-pentapeptide-transferase [EC:2.7.8.13]	COG0472	Rfe	UDP-N-acetylmuramyl pentapeptide phosphotransferase/UDP-N-acetylglucosamine-1-phosphate transferase/archaeal AglH	AG-893-L07_00949	5
CACNRV010000005.1	38101	38937	-	AG-893-L13_00683	AG-893-L13	278	OG0000470	K05807	outer membrane protein assembly factor BamD	COG4105	BamD	Outer membrane protein assembly factor BamD, BamD/ComL family	AG-893-L13_00688	-5
CACNRV010000005.1	38974	39897	-	AG-893-L13_00684	AG-893-L13	307	OG0000300	K02535	UDP-3-O-[3-hydroxymyristoyl] N-acetylglucosamine deacetylase [EC:3.5.1.108]	COG0774	LpxC	UDP-3-O-acyl-N-acetylglucosamine deacetylase	AG-893-L13_00688	-4
CACNRV010000005.1	39959	41104	-	AG-893-L13_00685	AG-893-L13	381	OG0000537	NA	NA	COG0849	FtsA	Cell division ATPase FtsA	AG-893-L13_00688	-3
CACNRV010000005.1	41097	41789	-	AG-893-L13_00686	AG-893-L13	230	OG0000841	K03589	cell division protein FtsQ	COG1589	FtsQ	Cell division septal protein FtsQ	AG-893-L13_00688	-2
CACNRV010000005.1	41770	42687	-	AG-893-L13_00687	AG-893-L13	305	OG0000580	K01921	D-alanine-D-alanine ligase [EC:6.3.2.4]	COG1181	DdlA	D-alanine-D-alanine ligase or related ATP-grasp enzyme	AG-893-L13_00688	-1
CACNRV010000005.1	42688	43596	-	AG-893-L13_00688	AG-893-L13	302	OG0000330	K00075	UDP-N-acetylmuramate dehydrogenase [EC:1.3.1.98]	COG0812	MurB	UDP-N-acetylenolpyruvoylglucosamine reductase	AG-893-L13_00688	0
CACNRV010000005.1	43593	44990	-	AG-893-L13_00689	AG-893-L13	465	OG0000265	K01924	UDP-N-acetylmuramate--alanine ligase [EC:6.3.2.8]	COG0773	MurC	UDP-N-acetylmuramate-alanine ligase MurC and related ligases, MurC/Mpl family	AG-893-L13_00688	1
CACNRV010000005.1	44980	46053	-	AG-893-L13_00690	AG-893-L13	357	OG0000489	K02563	UDP-N-acetylglucosamine--N-acetylmuramyl-(pentapeptide) pyrophosphoryl-undecaprenol N-acetylglucosamine transferase [EC:2.4.1.227]	COG0707	MurG	UDP-N-acetylglucosamine:LPS N-acetylglucosamine transferase	AG-893-L13_00688	2
CACNRV010000005.1	46053	47174	-	AG-893-L13_00691	AG-893-L13	373	OG0000615	NA	NA	COG0772	FtsW	Peptodoglycan polymerase FtsW/RodA/SpoVE	AG-893-L13_00688	3
CACNRV010000005.1	47161	48444	-	AG-893-L13_00692	AG-893-L13	427	OG0000817	NA	NA	COG0771	MurD	UDP-N-acetylmuramoylalanine-D-glutamate ligase	AG-893-L13_00688	4
CACNRV010000005.1	48444	49529	-	AG-893-L13_00693	AG-893-L13	361	OG0000019	K01000	phospho-N-acetylmuramoyl-pentapeptide-transferase [EC:2.7.8.13]	COG0472	Rfe	UDP-N-acetylmuramyl pentapeptide phosphotransferase/UDP-N-acetylglucosamine-1-phosphate transferase/archaeal AglH	AG-893-L13_00688	5
CACNSH010000002.1	261717	262481	-	AG-893-M03_00611	AG-893-M03	254	OG0000470	K05807	outer membrane protein assembly factor BamD	COG4105	BamD	Outer membrane protein assembly factor BamD, BamD/ComL family	AG-893-M03_00616	-5
CACNSH010000002.1	262525	263451	-	AG-893-M03_00612	AG-893-M03	308	OG0000300	K02535	UDP-3-O-[3-hydroxymyristoyl] N-acetylglucosamine deacetylase [EC:3.5.1.108]	COG0774	LpxC	UDP-3-O-acyl-N-acetylglucosamine deacetylase	AG-893-M03_00616	-4
CACNSH010000002.1	263516	264703	-	AG-893-M03_00613	AG-893-M03	395	OG0000537	K03590	cell division protein FtsA	COG0849	FtsA	Cell division ATPase FtsA	AG-893-M03_00616	-3
CACNSH010000002.1	264703	265437	-	AG-893-M03_00614	AG-893-M03	244	OG0000841	K03589	cell division protein FtsQ	COG1589	FtsQ	Cell division septal protein FtsQ	AG-893-M03_00616	-2
CACNSH010000002.1	265421	266329	-	AG-893-M03_00615	AG-893-M03	302	OG0000580	K01921	D-alanine-D-alanine ligase [EC:6.3.2.4]	COG1181	DdlA	D-alanine-D-alanine ligase or related ATP-grasp enzyme	AG-893-M03_00616	-1
CACNSH010000002.1	266326	267249	-	AG-893-M03_00616	AG-893-M03	307	OG0000330	K00075	UDP-N-acetylmuramate dehydrogenase [EC:1.3.1.98]	COG0812	MurB	UDP-N-acetylenolpyruvoylglucosamine reductase	AG-893-M03_00616	0
CACNSH010000002.1	267242	268633	-	AG-893-M03_00617	AG-893-M03	463	OG0000265	K01924	UDP-N-acetylmuramate--alanine ligase [EC:6.3.2.8]	COG0773	MurC	UDP-N-acetylmuramate-alanine ligase MurC and related ligases, MurC/Mpl family	AG-893-M03_00616	1
CACNSH010000002.1	268630	269688	-	AG-893-M03_00618	AG-893-M03	352	OG0000489	K02563	UDP-N-acetylglucosamine--N-acetylmuramyl-(pentapeptide) pyrophosphoryl-undecaprenol N-acetylglucosamine transferase [EC:2.4.1.227]	COG0707	MurG	UDP-N-acetylglucosamine:LPS N-acetylglucosamine transferase	AG-893-M03_00616	2
CACNSH010000002.1	269698	270810	-	AG-893-M03_00619	AG-893-M03	370	OG0000615	NA	NA	COG0772	FtsW	Peptodoglycan polymerase FtsW/RodA/SpoVE	AG-893-M03_00616	3
CACNSH010000002.1	270810	272126	-	AG-893-M03_00620	AG-893-M03	438	OG0000817	NA	NA	COG0771	MurD	UDP-N-acetylmuramoylalanine-D-glutamate ligase	AG-893-M03_00616	4
CACNSH010000002.1	272131	273213	-	AG-893-M03_00621	AG-893-M03	360	OG0000019	K01000	phospho-N-acetylmuramoyl-pentapeptide-transferase [EC:2.7.8.13]	COG0472	Rfe	UDP-N-acetylmuramyl pentapeptide phosphotransferase/UDP-N-acetylglucosamine-1-phosphate transferase/archaeal AglH	AG-893-M03_00616	5
CACNTH010000006.1	61917	62750	-	AG-893-M22_01104	AG-893-M22	277	OG0000470	K05807	outer membrane protein assembly factor BamD	COG4105	BamD	Outer membrane protein assembly factor BamD, BamD/ComL family	AG-893-M22_01109	-5
CACNTH010000006.1	62789	63709	-	AG-893-M22_01105	AG-893-M22	306	OG0000300	K02535	UDP-3-O-[3-hydroxymyristoyl] N-acetylglucosamine deacetylase [EC:3.5.1.108]	COG0774	LpxC	UDP-3-O-acyl-N-acetylglucosamine deacetylase	AG-893-M22_01109	-4
CACNTH010000006.1	63772	64938	-	AG-893-M22_01106	AG-893-M22	388	OG0000537	K03590	cell division protein FtsA	COG0849	FtsA	Cell division ATPase FtsA	AG-893-M22_01109	-3
CACNTH010000006.1	64931	65620	-	AG-893-M22_01107	AG-893-M22	229	OG0000841	K03589	cell division protein FtsQ	COG1589	FtsQ	Cell division septal protein FtsQ	AG-893-M22_01109	-2
CACNTH010000006.1	65601	66524	-	AG-893-M22_01108	AG-893-M22	307	OG0000580	K01921	D-alanine-D-alanine ligase [EC:6.3.2.4]	COG1181	DdlA	D-alanine-D-alanine ligase or related ATP-grasp enzyme	AG-893-M22_01109	-1
CACNTH010000006.1	66521	67429	-	AG-893-M22_01109	AG-893-M22	302	OG0000330	K00075	UDP-N-acetylmuramate dehydrogenase [EC:1.3.1.98]	COG0812	MurB	UDP-N-acetylenolpyruvoylglucosamine reductase	AG-893-M22_01109	0
CACNTH010000006.1	67431	68813	-	AG-893-M22_01110	AG-893-M22	460	OG0000265	K01924	UDP-N-acetylmuramate--alanine ligase [EC:6.3.2.8]	COG0773	MurC	UDP-N-acetylmuramate-alanine ligase MurC and related ligases, MurC/Mpl family	AG-893-M22_01109	1
CACNTH010000006.1	68803	69879	-	AG-893-M22_01111	AG-893-M22	358	OG0000489	K02563	UDP-N-acetylglucosamine--N-acetylmuramyl-(pentapeptide) pyrophosphoryl-undecaprenol N-acetylglucosamine transferase [EC:2.4.1.227]	COG0707	MurG	UDP-N-acetylglucosamine:LPS N-acetylglucosamine transferase	AG-893-M22_01109	2
CACNTH010000006.1	69881	70645	-	AG-893-M22_01112	AG-893-M22	254	OG0000615	NA	NA	COG0772	FtsW	Peptodoglycan polymerase FtsW/RodA/SpoVE	AG-893-M22_01109	3
CACNTW010000007.1	48157	49242	+	AG-893-N07_00957	AG-893-N07	361	OG0000019	K01000	phospho-N-acetylmuramoyl-pentapeptide-transferase [EC:2.7.8.13]	COG0472	Rfe	UDP-N-acetylmuramyl pentapeptide phosphotransferase/UDP-N-acetylglucosamine-1-phosphate transferase/archaeal AglH	AG-893-N07_00962	-5
CACNTW010000007.1	49242	50531	+	AG-893-N07_00958	AG-893-N07	429	OG0000817	NA	NA	COG0771	MurD	UDP-N-acetylmuramoylalanine-D-glutamate ligase	AG-893-N07_00962	-4
CACNTW010000007.1	50528	51637	+	AG-893-N07_00959	AG-893-N07	369	OG0000615	NA	NA	COG0772	FtsW	Peptodoglycan polymerase FtsW/RodA/SpoVE	AG-893-N07_00962	-3
CACNTW010000007.1	51639	52715	+	AG-893-N07_00960	AG-893-N07	358	OG0000489	K02563	UDP-N-acetylglucosamine--N-acetylmuramyl-(pentapeptide) pyrophosphoryl-undecaprenol N-acetylglucosamine transferase [EC:2.4.1.227]	COG0707	MurG	UDP-N-acetylglucosamine:LPS N-acetylglucosamine transferase	AG-893-N07_00962	-2
CACNTW010000007.1	52705	54087	+	AG-893-N07_00961	AG-893-N07	460	OG0000265	K01924	UDP-N-acetylmuramate--alanine ligase [EC:6.3.2.8]	COG0773	MurC	UDP-N-acetylmuramate-alanine ligase MurC and related ligases, MurC/Mpl family	AG-893-N07_00962	-1
CACNTW010000007.1	54089	54997	+	AG-893-N07_00962	AG-893-N07	302	OG0000330	K00075	UDP-N-acetylmuramate dehydrogenase [EC:1.3.1.98]	COG0812	MurB	UDP-N-acetylenolpyruvoylglucosamine reductase	AG-893-N07_00962	0
CACNTW010000007.1	55248	55460	-	AG-893-N07_00963	AG-893-N07	70	NA	NA	NA	NA	NA	NA	AG-893-N07_00962	1
CACNVN010000002.1	150401	151237	-	AG-893-P02_00394	AG-893-P02	278	OG0000470	K05807	outer membrane protein assembly factor BamD	COG4105	BamD	Outer membrane protein assembly factor BamD, BamD/ComL family	AG-893-P02_00399	-5
CACNVN010000002.1	151276	152199	-	AG-893-P02_00395	AG-893-P02	307	OG0000300	K02535	UDP-3-O-[3-hydroxymyristoyl] N-acetylglucosamine deacetylase [EC:3.5.1.108]	COG0774	LpxC	UDP-3-O-acyl-N-acetylglucosamine deacetylase	AG-893-P02_00399	-4
CACNVN010000002.1	152261	153406	-	AG-893-P02_00396	AG-893-P02	381	OG0000537	NA	NA	COG0849	FtsA	Cell division ATPase FtsA	AG-893-P02_00399	-3
CACNVN010000002.1	153399	154091	-	AG-893-P02_00397	AG-893-P02	230	OG0000841	K03589	cell division protein FtsQ	COG1589	FtsQ	Cell division septal protein FtsQ	AG-893-P02_00399	-2
CACNVN010000002.1	154072	154989	-	AG-893-P02_00398	AG-893-P02	305	OG0000580	K01921	D-alanine-D-alanine ligase [EC:6.3.2.4]	COG1181	DdlA	D-alanine-D-alanine ligase or related ATP-grasp enzyme	AG-893-P02_00399	-1
CACNVN010000002.1	154990	155898	-	AG-893-P02_00399	AG-893-P02	302	OG0000330	K00075	UDP-N-acetylmuramate dehydrogenase [EC:1.3.1.98]	COG0812	MurB	UDP-N-acetylenolpyruvoylglucosamine reductase	AG-893-P02_00399	0
CACNVN010000002.1	155895	157292	-	AG-893-P02_00400	AG-893-P02	465	OG0000265	K01924	UDP-N-acetylmuramate--alanine ligase [EC:6.3.2.8]	COG0773	MurC	UDP-N-acetylmuramate-alanine ligase MurC and related ligases, MurC/Mpl family	AG-893-P02_00399	1
CACNVN010000002.1	157282	158355	-	AG-893-P02_00401	AG-893-P02	357	OG0000489	K02563	UDP-N-acetylglucosamine--N-acetylmuramyl-(pentapeptide) pyrophosphoryl-undecaprenol N-acetylglucosamine transferase [EC:2.4.1.227]	COG0707	MurG	UDP-N-acetylglucosamine:LPS N-acetylglucosamine transferase	AG-893-P02_00399	2
CACNVN010000002.1	158355	159476	-	AG-893-P02_00402	AG-893-P02	373	OG0000615	NA	NA	COG0772	FtsW	Peptodoglycan polymerase FtsW/RodA/SpoVE	AG-893-P02_00399	3
CACNVN010000002.1	159463	160746	-	AG-893-P02_00403	AG-893-P02	427	OG0000817	NA	NA	COG0771	MurD	UDP-N-acetylmuramoylalanine-D-glutamate ligase	AG-893-P02_00399	4
CACNVN010000002.1	160746	161831	-	AG-893-P02_00404	AG-893-P02	361	OG0000019	K01000	phospho-N-acetylmuramoyl-pentapeptide-transferase [EC:2.7.8.13]	COG0472	Rfe	UDP-N-acetylmuramyl pentapeptide phosphotransferase/UDP-N-acetylglucosamine-1-phosphate transferase/archaeal AglH	AG-893-P02_00399	5
CACNVR010000002.1	60572	61657	+	AG-893-P10_00245	AG-893-P10	361	OG0000019	K01000	phospho-N-acetylmuramoyl-pentapeptide-transferase [EC:2.7.8.13]	COG0472	Rfe	UDP-N-acetylmuramyl pentapeptide phosphotransferase/UDP-N-acetylglucosamine-1-phosphate transferase/archaeal AglH	AG-893-P10_00250	-5
CACNVR010000002.1	61657	62955	+	AG-893-P10_00246	AG-893-P10	432	OG0000817	NA	NA	COG0771	MurD	UDP-N-acetylmuramoylalanine-D-glutamate ligase	AG-893-P10_00250	-4
CACNVR010000002.1	62946	64070	+	AG-893-P10_00247	AG-893-P10	374	OG0000615	NA	NA	COG0772	FtsW	Peptodoglycan polymerase FtsW/RodA/SpoVE	AG-893-P10_00250	-3
CACNVR010000002.1	64072	65136	+	AG-893-P10_00248	AG-893-P10	354	OG0000489	K02563	UDP-N-acetylglucosamine--N-acetylmuramyl-(pentapeptide) pyrophosphoryl-undecaprenol N-acetylglucosamine transferase [EC:2.4.1.227]	COG0707	MurG	UDP-N-acetylglucosamine:LPS N-acetylglucosamine transferase	AG-893-P10_00250	-2
CACNVR010000002.1	65126	66520	+	AG-893-P10_00249	AG-893-P10	464	OG0000265	K01924	UDP-N-acetylmuramate--alanine ligase [EC:6.3.2.8]	COG0773	MurC	UDP-N-acetylmuramate-alanine ligase MurC and related ligases, MurC/Mpl family	AG-893-P10_00250	-1
CACNVR010000002.1	66520	67428	+	AG-893-P10_00250	AG-893-P10	302	OG0000330	K00075	UDP-N-acetylmuramate dehydrogenase [EC:1.3.1.98]	COG0812	MurB	UDP-N-acetylenolpyruvoylglucosamine reductase	AG-893-P10_00250	0
CACNVR010000002.1	67430	68344	+	AG-893-P10_00251	AG-893-P10	304	OG0000580	K01921	D-alanine-D-alanine ligase [EC:6.3.2.4]	COG1181	DdlA	D-alanine-D-alanine ligase or related ATP-grasp enzyme	AG-893-P10_00250	1
CACNVR010000002.1	68325	68999	+	AG-893-P10_00252	AG-893-P10	224	OG0000841	K03589	cell division protein FtsQ	COG1589	FtsQ	Cell division septal protein FtsQ	AG-893-P10_00250	2
CACNVR010000002.1	68989	69693	+	AG-893-P10_00253	AG-893-P10	234	OG0000537	NA	NA	NA	NA	NA	AG-893-P10_00250	3
CACNVR010000002.1	69758	70678	+	AG-893-P10_00254	AG-893-P10	306	OG0000300	K02535	UDP-3-O-[3-hydroxymyristoyl] N-acetylglucosamine deacetylase [EC:3.5.1.108]	COG0774	LpxC	UDP-3-O-acyl-N-acetylglucosamine deacetylase	AG-893-P10_00250	4
CACNVR010000002.1	70722	71552	+	AG-893-P10_00255	AG-893-P10	276	OG0000470	K05807	outer membrane protein assembly factor BamD	COG4105	BamD	Outer membrane protein assembly factor BamD, BamD/ComL family	AG-893-P10_00250	5
CABYDS010000009.1	22634	23719	+	AG-894-A03_00949	AG-894-A03	361	OG0000019	K01000	phospho-N-acetylmuramoyl-pentapeptide-transferase [EC:2.7.8.13]	COG0472	Rfe	UDP-N-acetylmuramyl pentapeptide phosphotransferase/UDP-N-acetylglucosamine-1-phosphate transferase/archaeal AglH	AG-894-A03_00954	-5
CABYDS010000009.1	23719	25008	+	AG-894-A03_00950	AG-894-A03	429	OG0000817	NA	NA	COG0771	MurD	UDP-N-acetylmuramoylalanine-D-glutamate ligase	AG-894-A03_00954	-4
CABYDS010000009.1	25005	26114	+	AG-894-A03_00951	AG-894-A03	369	OG0000615	NA	NA	COG0772	FtsW	Peptodoglycan polymerase FtsW/RodA/SpoVE	AG-894-A03_00954	-3
CABYDS010000009.1	26116	27192	+	AG-894-A03_00952	AG-894-A03	358	OG0000489	K02563	UDP-N-acetylglucosamine--N-acetylmuramyl-(pentapeptide) pyrophosphoryl-undecaprenol N-acetylglucosamine transferase [EC:2.4.1.227]	COG0707	MurG	UDP-N-acetylglucosamine:LPS N-acetylglucosamine transferase	AG-894-A03_00954	-2
CABYDS010000009.1	27182	28564	+	AG-894-A03_00953	AG-894-A03	460	OG0000265	K01924	UDP-N-acetylmuramate--alanine ligase [EC:6.3.2.8]	COG0773	MurC	UDP-N-acetylmuramate-alanine ligase MurC and related ligases, MurC/Mpl family	AG-894-A03_00954	-1
CABYDS010000009.1	28566	29474	+	AG-894-A03_00954	AG-894-A03	302	OG0000330	K00075	UDP-N-acetylmuramate dehydrogenase [EC:1.3.1.98]	COG0812	MurB	UDP-N-acetylenolpyruvoylglucosamine reductase	AG-894-A03_00954	0
CABYDS010000009.1	29474	30394	+	AG-894-A03_00955	AG-894-A03	306	OG0000580	K01921	D-alanine-D-alanine ligase [EC:6.3.2.4]	COG1181	DdlA	D-alanine-D-alanine ligase or related ATP-grasp enzyme	AG-894-A03_00954	1
CABYDS010000009.1	30375	31025	+	AG-894-A03_00956	AG-894-A03	216	OG0000841	K03589	cell division protein FtsQ	COG1589	FtsQ	Cell division septal protein FtsQ	AG-894-A03_00954	2
CABYDS010000009.1	31018	32172	+	AG-894-A03_00957	AG-894-A03	384	OG0000537	K03590	cell division protein FtsA	COG0849	FtsA	Cell division ATPase FtsA	AG-894-A03_00954	3
CABYDS010000009.1	32235	33155	+	AG-894-A03_00958	AG-894-A03	306	OG0000300	K02535	UDP-3-O-[3-hydroxymyristoyl] N-acetylglucosamine deacetylase [EC:3.5.1.108]	COG0774	LpxC	UDP-3-O-acyl-N-acetylglucosamine deacetylase	AG-894-A03_00954	4
CABYDS010000009.1	33194	34030	+	AG-894-A03_00959	AG-894-A03	278	OG0000470	K05807	outer membrane protein assembly factor BamD	COG4105	BamD	Outer membrane protein assembly factor BamD, BamD/ComL family	AG-894-A03_00954	5
CABYDT010000006.1	269	610	+	AG-894-A09_00846	AG-894-A09	113	OG0000817	NA	NA	COG0771	MurD	UDP-N-acetylmuramoylalanine-D-glutamate ligase	AG-894-A09_00850	-4
CABYDT010000006.1	600	1709	+	AG-894-A09_00847	AG-894-A09	369	OG0000615	NA	NA	COG0772	FtsW	Peptodoglycan polymerase FtsW/RodA/SpoVE	AG-894-A09_00850	-3
CABYDT010000006.1	1706	2788	+	AG-894-A09_00848	AG-894-A09	360	OG0000489	K02563	UDP-N-acetylglucosamine--N-acetylmuramyl-(pentapeptide) pyrophosphoryl-undecaprenol N-acetylglucosamine transferase [EC:2.4.1.227]	COG0707	MurG	UDP-N-acetylglucosamine:LPS N-acetylglucosamine transferase	AG-894-A09_00850	-2
CABYDT010000006.1	2793	4208	+	AG-894-A09_00849	AG-894-A09	471	OG0000265	K01924	UDP-N-acetylmuramate--alanine ligase [EC:6.3.2.8]	COG0773	MurC	UDP-N-acetylmuramate-alanine ligase MurC and related ligases, MurC/Mpl family	AG-894-A09_00850	-1
CABYDT010000006.1	4186	5064	+	AG-894-A09_00850	AG-894-A09	292	OG0000330	K00075	UDP-N-acetylmuramate dehydrogenase [EC:1.3.1.98]	COG0812	MurB	UDP-N-acetylenolpyruvoylglucosamine reductase	AG-894-A09_00850	0
CABYDT010000006.1	5054	5968	+	AG-894-A09_00851	AG-894-A09	304	OG0000580	K01921	D-alanine-D-alanine ligase [EC:6.3.2.4]	COG1181	DdlA	D-alanine-D-alanine ligase or related ATP-grasp enzyme	AG-894-A09_00850	1
CABYDT010000006.1	5949	6632	+	AG-894-A09_00852	AG-894-A09	227	OG0000841	K03589	cell division protein FtsQ	COG1589	FtsQ	Cell division septal protein FtsQ	AG-894-A09_00850	2
CABYDT010000006.1	6625	7836	+	AG-894-A09_00853	AG-894-A09	403	OG0000537	K03590	cell division protein FtsA	COG0849	FtsA	Cell division ATPase FtsA	AG-894-A09_00850	3
CABYDT010000006.1	7898	8749	+	AG-894-A09_00854	AG-894-A09	283	OG0000300	K02535	UDP-3-O-[3-hydroxymyristoyl] N-acetylglucosamine deacetylase [EC:3.5.1.108]	COG0774	LpxC	UDP-3-O-acyl-N-acetylglucosamine deacetylase	AG-894-A09_00850	4
CABYDT010000006.1	8736	9575	+	AG-894-A09_00855	AG-894-A09	279	OG0000470	K05807	outer membrane protein assembly factor BamD	COG4105	BamD	Outer membrane protein assembly factor BamD, BamD/ComL family	AG-894-A09_00850	5
CABYDZ010000002.1	153612	154694	+	AG-894-A11_00374	AG-894-A11	360	OG0000019	K01000	phospho-N-acetylmuramoyl-pentapeptide-transferase [EC:2.7.8.13]	COG0472	Rfe	UDP-N-acetylmuramyl pentapeptide phosphotransferase/UDP-N-acetylglucosamine-1-phosphate transferase/archaeal AglH	AG-894-A11_00379	-5
CABYDZ010000002.1	154699	156021	+	AG-894-A11_00375	AG-894-A11	440	OG0000817	NA	NA	COG0771	MurD	UDP-N-acetylmuramoylalanine-D-glutamate ligase	AG-894-A11_00379	-4
CABYDZ010000002.1	156018	157124	+	AG-894-A11_00376	AG-894-A11	368	OG0000615	NA	NA	COG0772	FtsW	Peptodoglycan polymerase FtsW/RodA/SpoVE	AG-894-A11_00379	-3
CABYDZ010000002.1	157140	158198	+	AG-894-A11_00377	AG-894-A11	352	OG0000489	K02563	UDP-N-acetylglucosamine--N-acetylmuramyl-(pentapeptide) pyrophosphoryl-undecaprenol N-acetylglucosamine transferase [EC:2.4.1.227]	COG0707	MurG	UDP-N-acetylglucosamine:LPS N-acetylglucosamine transferase	AG-894-A11_00379	-2
CABYDZ010000002.1	158195	159586	+	AG-894-A11_00378	AG-894-A11	463	OG0000265	K01924	UDP-N-acetylmuramate--alanine ligase [EC:6.3.2.8]	COG0773	MurC	UDP-N-acetylmuramate-alanine ligase MurC and related ligases, MurC/Mpl family	AG-894-A11_00379	-1
CABYDZ010000002.1	159579	160502	+	AG-894-A11_00379	AG-894-A11	307	OG0000330	K00075	UDP-N-acetylmuramate dehydrogenase [EC:1.3.1.98]	COG0812	MurB	UDP-N-acetylenolpyruvoylglucosamine reductase	AG-894-A11_00379	0
CABYDZ010000002.1	160499	161410	+	AG-894-A11_00380	AG-894-A11	303	OG0000580	K01921	D-alanine-D-alanine ligase [EC:6.3.2.4]	COG1181	DdlA	D-alanine-D-alanine ligase or related ATP-grasp enzyme	AG-894-A11_00379	1
CABYDZ010000002.1	161391	162128	+	AG-894-A11_00381	AG-894-A11	245	OG0000841	K03589	cell division protein FtsQ	COG1589	FtsQ	Cell division septal protein FtsQ	AG-894-A11_00379	2
CABYDZ010000002.1	162128	163318	+	AG-894-A11_00382	AG-894-A11	396	OG0000537	K03590	cell division protein FtsA	COG0849	FtsA	Cell division ATPase FtsA	AG-894-A11_00379	3
CABYDZ010000002.1	163387	164316	+	AG-894-A11_00383	AG-894-A11	309	OG0000300	K02535	UDP-3-O-[3-hydroxymyristoyl] N-acetylglucosamine deacetylase [EC:3.5.1.108]	COG0774	LpxC	UDP-3-O-acyl-N-acetylglucosamine deacetylase	AG-894-A11_00379	4
CABYDZ010000002.1	164369	165127	+	AG-894-A11_00384	AG-894-A11	252	OG0000470	K05807	outer membrane protein assembly factor BamD	COG4105	BamD	Outer membrane protein assembly factor BamD, BamD/ComL family	AG-894-A11_00379	5
CABYFB010000003.1	99639	100724	+	AG-894-B06_00572	AG-894-B06	361	OG0000019	K01000	phospho-N-acetylmuramoyl-pentapeptide-transferase [EC:2.7.8.13]	COG0472	Rfe	UDP-N-acetylmuramyl pentapeptide phosphotransferase/UDP-N-acetylglucosamine-1-phosphate transferase/archaeal AglH	AG-894-B06_00577	-5
CABYFB010000003.1	100724	102010	+	AG-894-B06_00573	AG-894-B06	428	OG0000817	NA	NA	COG0771	MurD	UDP-N-acetylmuramoylalanine-D-glutamate ligase	AG-894-B06_00577	-4
CABYFB010000003.1	102010	103119	+	AG-894-B06_00574	AG-894-B06	369	OG0000615	NA	NA	COG0772	FtsW	Peptodoglycan polymerase FtsW/RodA/SpoVE	AG-894-B06_00577	-3
CABYFB010000003.1	103121	104197	+	AG-894-B06_00575	AG-894-B06	358	OG0000489	K02563	UDP-N-acetylglucosamine--N-acetylmuramyl-(pentapeptide) pyrophosphoryl-undecaprenol N-acetylglucosamine transferase [EC:2.4.1.227]	COG0707	MurG	UDP-N-acetylglucosamine:LPS N-acetylglucosamine transferase	AG-894-B06_00577	-2
CABYFB010000003.1	104187	105569	+	AG-894-B06_00576	AG-894-B06	460	OG0000265	K01924	UDP-N-acetylmuramate--alanine ligase [EC:6.3.2.8]	COG0773	MurC	UDP-N-acetylmuramate-alanine ligase MurC and related ligases, MurC/Mpl family	AG-894-B06_00577	-1
CABYFB010000003.1	105571	106479	+	AG-894-B06_00577	AG-894-B06	302	OG0000330	K00075	UDP-N-acetylmuramate dehydrogenase [EC:1.3.1.98]	COG0812	MurB	UDP-N-acetylenolpyruvoylglucosamine reductase	AG-894-B06_00577	0
CABYFB010000003.1	106479	107399	+	AG-894-B06_00578	AG-894-B06	306	OG0000580	K01921	D-alanine-D-alanine ligase [EC:6.3.2.4]	COG1181	DdlA	D-alanine-D-alanine ligase or related ATP-grasp enzyme	AG-894-B06_00577	1
CABYFB010000003.1	107380	108069	+	AG-894-B06_00579	AG-894-B06	229	OG0000841	K03589	cell division protein FtsQ	COG1589	FtsQ	Cell division septal protein FtsQ	AG-894-B06_00577	2
CABYFB010000003.1	108062	109228	+	AG-894-B06_00580	AG-894-B06	388	OG0000537	K03590	cell division protein FtsA	COG0849	FtsA	Cell division ATPase FtsA	AG-894-B06_00577	3
CABYFB010000003.1	109291	110211	+	AG-894-B06_00581	AG-894-B06	306	OG0000300	K02535	UDP-3-O-[3-hydroxymyristoyl] N-acetylglucosamine deacetylase [EC:3.5.1.108]	COG0774	LpxC	UDP-3-O-acyl-N-acetylglucosamine deacetylase	AG-894-B06_00577	4
CABYFB010000003.1	110250	111086	+	AG-894-B06_00582	AG-894-B06	278	OG0000470	K05807	outer membrane protein assembly factor BamD	COG4105	BamD	Outer membrane protein assembly factor BamD, BamD/ComL family	AG-894-B06_00577	5
CABYFA010000003.1	14600	15442	-	AG-894-B07_00465	AG-894-B07	280	OG0000470	K05807	outer membrane protein assembly factor BamD	COG4105	BamD	Outer membrane protein assembly factor BamD, BamD/ComL family	AG-894-B07_00470	-5
CABYFA010000003.1	15490	16410	-	AG-894-B07_00466	AG-894-B07	306	OG0000300	K02535	UDP-3-O-[3-hydroxymyristoyl] N-acetylglucosamine deacetylase [EC:3.5.1.108]	COG0774	LpxC	UDP-3-O-acyl-N-acetylglucosamine deacetylase	AG-894-B07_00470	-4
CABYFA010000003.1	16475	17179	-	AG-894-B07_00467	AG-894-B07	234	OG0000537	NA	NA	NA	NA	NA	AG-894-B07_00470	-3
CABYFA010000003.1	17172	17840	-	AG-894-B07_00468	AG-894-B07	222	OG0000841	K03589	cell division protein FtsQ	COG1589	FtsQ	Cell division septal protein FtsQ	AG-894-B07_00470	-2
CABYFA010000003.1	17821	18732	-	AG-894-B07_00469	AG-894-B07	303	OG0000580	K01921	D-alanine-D-alanine ligase [EC:6.3.2.4]	COG1181	DdlA	D-alanine-D-alanine ligase or related ATP-grasp enzyme	AG-894-B07_00470	-1
CABYFA010000003.1	18734	19642	-	AG-894-B07_00470	AG-894-B07	302	OG0000330	K00075	UDP-N-acetylmuramate dehydrogenase [EC:1.3.1.98]	COG0812	MurB	UDP-N-acetylenolpyruvoylglucosamine reductase	AG-894-B07_00470	0
CABYFA010000003.1	19642	21036	-	AG-894-B07_00471	AG-894-B07	464	OG0000265	K01924	UDP-N-acetylmuramate--alanine ligase [EC:6.3.2.8]	COG0773	MurC	UDP-N-acetylmuramate-alanine ligase MurC and related ligases, MurC/Mpl family	AG-894-B07_00470	1
CABYFA010000003.1	21026	22090	-	AG-894-B07_00472	AG-894-B07	354	OG0000489	K02563	UDP-N-acetylglucosamine--N-acetylmuramyl-(pentapeptide) pyrophosphoryl-undecaprenol N-acetylglucosamine transferase [EC:2.4.1.227]	COG0707	MurG	UDP-N-acetylglucosamine:LPS N-acetylglucosamine transferase	AG-894-B07_00470	2
CABYFA010000003.1	22083	23216	-	AG-894-B07_00473	AG-894-B07	377	OG0000615	NA	NA	COG0772	FtsW	Peptodoglycan polymerase FtsW/RodA/SpoVE	AG-894-B07_00470	3
CABYFA010000003.1	23206	24492	-	AG-894-B07_00474	AG-894-B07	428	OG0000817	NA	NA	COG0771	MurD	UDP-N-acetylmuramoylalanine-D-glutamate ligase	AG-894-B07_00470	4
CABYFA010000003.1	24489	25574	-	AG-894-B07_00475	AG-894-B07	361	OG0000019	K01000	phospho-N-acetylmuramoyl-pentapeptide-transferase [EC:2.7.8.13]	COG0472	Rfe	UDP-N-acetylmuramyl pentapeptide phosphotransferase/UDP-N-acetylglucosamine-1-phosphate transferase/archaeal AglH	AG-894-B07_00470	5
CABYGC010000002.1	284332	285417	+	AG-894-C14_00712	AG-894-C14	361	OG0000019	K01000	phospho-N-acetylmuramoyl-pentapeptide-transferase [EC:2.7.8.13]	COG0472	Rfe	UDP-N-acetylmuramyl pentapeptide phosphotransferase/UDP-N-acetylglucosamine-1-phosphate transferase/archaeal AglH	AG-894-C14_00717	-5
CABYGC010000002.1	285417	286712	+	AG-894-C14_00713	AG-894-C14	431	OG0000817	NA	NA	COG0771	MurD	UDP-N-acetylmuramoylalanine-D-glutamate ligase	AG-894-C14_00717	-4
CABYGC010000002.1	286702	287823	+	AG-894-C14_00714	AG-894-C14	373	OG0000615	NA	NA	COG0772	FtsW	Peptodoglycan polymerase FtsW/RodA/SpoVE	AG-894-C14_00717	-3
CABYGC010000002.1	287827	288894	+	AG-894-C14_00715	AG-894-C14	355	OG0000489	K02563	UDP-N-acetylglucosamine--N-acetylmuramyl-(pentapeptide) pyrophosphoryl-undecaprenol N-acetylglucosamine transferase [EC:2.4.1.227]	COG0707	MurG	UDP-N-acetylglucosamine:LPS N-acetylglucosamine transferase	AG-894-C14_00717	-2
CABYGC010000002.1	288884	290278	+	AG-894-C14_00716	AG-894-C14	464	OG0000265	K01924	UDP-N-acetylmuramate--alanine ligase [EC:6.3.2.8]	COG0773	MurC	UDP-N-acetylmuramate-alanine ligase MurC and related ligases, MurC/Mpl family	AG-894-C14_00717	-1
CABYGC010000002.1	290278	291183	+	AG-894-C14_00717	AG-894-C14	301	OG0000330	K00075	UDP-N-acetylmuramate dehydrogenase [EC:1.3.1.98]	COG0812	MurB	UDP-N-acetylenolpyruvoylglucosamine reductase	AG-894-C14_00717	0
CABYGC010000002.1	291185	292099	+	AG-894-C14_00718	AG-894-C14	304	OG0000580	K01921	D-alanine-D-alanine ligase [EC:6.3.2.4]	COG1181	DdlA	D-alanine-D-alanine ligase or related ATP-grasp enzyme	AG-894-C14_00717	1
CABYGC010000002.1	292080	292751	+	AG-894-C14_00719	AG-894-C14	223	OG0000841	K03589	cell division protein FtsQ	COG1589	FtsQ	Cell division septal protein FtsQ	AG-894-C14_00717	2
CABYGC010000002.1	292744	293448	+	AG-894-C14_00720	AG-894-C14	234	OG0000537	NA	NA	NA	NA	NA	AG-894-C14_00717	3
CABYGC010000002.1	293513	294433	+	AG-894-C14_00721	AG-894-C14	306	OG0000300	K02535	UDP-3-O-[3-hydroxymyristoyl] N-acetylglucosamine deacetylase [EC:3.5.1.108]	COG0774	LpxC	UDP-3-O-acyl-N-acetylglucosamine deacetylase	AG-894-C14_00717	4
CABYGC010000002.1	294481	295326	+	AG-894-C14_00722	AG-894-C14	281	OG0000470	K05807	outer membrane protein assembly factor BamD	COG4105	BamD	Outer membrane protein assembly factor BamD, BamD/ComL family	AG-894-C14_00717	5
CABYID010000003.1	45473	46558	+	AG-894-E10_00680	AG-894-E10	361	OG0000019	K01000	phospho-N-acetylmuramoyl-pentapeptide-transferase [EC:2.7.8.13]	COG0472	Rfe	UDP-N-acetylmuramyl pentapeptide phosphotransferase/UDP-N-acetylglucosamine-1-phosphate transferase/archaeal AglH	AG-894-E10_00685	-5
CABYID010000003.1	46558	47847	+	AG-894-E10_00681	AG-894-E10	429	OG0000817	NA	NA	COG0771	MurD	UDP-N-acetylmuramoylalanine-D-glutamate ligase	AG-894-E10_00685	-4
CABYID010000003.1	47844	48953	+	AG-894-E10_00682	AG-894-E10	369	OG0000615	NA	NA	COG0772	FtsW	Peptodoglycan polymerase FtsW/RodA/SpoVE	AG-894-E10_00685	-3
CABYID010000003.1	48955	50031	+	AG-894-E10_00683	AG-894-E10	358	OG0000489	K02563	UDP-N-acetylglucosamine--N-acetylmuramyl-(pentapeptide) pyrophosphoryl-undecaprenol N-acetylglucosamine transferase [EC:2.4.1.227]	COG0707	MurG	UDP-N-acetylglucosamine:LPS N-acetylglucosamine transferase	AG-894-E10_00685	-2
CABYID010000003.1	50021	51403	+	AG-894-E10_00684	AG-894-E10	460	OG0000265	K01924	UDP-N-acetylmuramate--alanine ligase [EC:6.3.2.8]	COG0773	MurC	UDP-N-acetylmuramate-alanine ligase MurC and related ligases, MurC/Mpl family	AG-894-E10_00685	-1
CABYID010000003.1	51405	52313	+	AG-894-E10_00685	AG-894-E10	302	OG0000330	K00075	UDP-N-acetylmuramate dehydrogenase [EC:1.3.1.98]	COG0812	MurB	UDP-N-acetylenolpyruvoylglucosamine reductase	AG-894-E10_00685	0
CABYID010000003.1	52313	53233	+	AG-894-E10_00686	AG-894-E10	306	OG0000580	K01921	D-alanine-D-alanine ligase [EC:6.3.2.4]	COG1181	DdlA	D-alanine-D-alanine ligase or related ATP-grasp enzyme	AG-894-E10_00685	1
CABYID010000003.1	53214	53903	+	AG-894-E10_00687	AG-894-E10	229	OG0000841	K03589	cell division protein FtsQ	COG1589	FtsQ	Cell division septal protein FtsQ	AG-894-E10_00685	2
CABYID010000003.1	53896	55056	+	AG-894-E10_00688	AG-894-E10	386	OG0000537	K03590	cell division protein FtsA	COG0849	FtsA	Cell division ATPase FtsA	AG-894-E10_00685	3
CABYID010000003.1	55119	56039	+	AG-894-E10_00689	AG-894-E10	306	OG0000300	K02535	UDP-3-O-[3-hydroxymyristoyl] N-acetylglucosamine deacetylase [EC:3.5.1.108]	COG0774	LpxC	UDP-3-O-acyl-N-acetylglucosamine deacetylase	AG-894-E10_00685	4
CABYID010000003.1	56078	56914	+	AG-894-E10_00690	AG-894-E10	278	OG0000470	K05807	outer membrane protein assembly factor BamD	COG4105	BamD	Outer membrane protein assembly factor BamD, BamD/ComL family	AG-894-E10_00685	5
CABYIW010000001.1	17081	17917	-	AG-894-F15_00016	AG-894-F15	278	OG0000470	K05807	outer membrane protein assembly factor BamD	COG4105	BamD	Outer membrane protein assembly factor BamD, BamD/ComL family	AG-894-F15_00021	-5
CABYIW010000001.1	17956	18876	-	AG-894-F15_00017	AG-894-F15	306	OG0000300	K02535	UDP-3-O-[3-hydroxymyristoyl] N-acetylglucosamine deacetylase [EC:3.5.1.108]	COG0774	LpxC	UDP-3-O-acyl-N-acetylglucosamine deacetylase	AG-894-F15_00021	-4
CABYIW010000001.1	18939	20105	-	AG-894-F15_00018	AG-894-F15	388	OG0000537	K03590	cell division protein FtsA	COG0849	FtsA	Cell division ATPase FtsA	AG-894-F15_00021	-3
CABYIW010000001.1	20098	20787	-	AG-894-F15_00019	AG-894-F15	229	OG0000841	K03589	cell division protein FtsQ	COG1589	FtsQ	Cell division septal protein FtsQ	AG-894-F15_00021	-2
CABYIW010000001.1	20768	21688	-	AG-894-F15_00020	AG-894-F15	306	OG0000580	K01921	D-alanine-D-alanine ligase [EC:6.3.2.4]	COG1181	DdlA	D-alanine-D-alanine ligase or related ATP-grasp enzyme	AG-894-F15_00021	-1
CABYIW010000001.1	21688	22596	-	AG-894-F15_00021	AG-894-F15	302	OG0000330	K00075	UDP-N-acetylmuramate dehydrogenase [EC:1.3.1.98]	COG0812	MurB	UDP-N-acetylenolpyruvoylglucosamine reductase	AG-894-F15_00021	0
CABYIW010000001.1	22598	23980	-	AG-894-F15_00022	AG-894-F15	460	OG0000265	K01924	UDP-N-acetylmuramate--alanine ligase [EC:6.3.2.8]	COG0773	MurC	UDP-N-acetylmuramate-alanine ligase MurC and related ligases, MurC/Mpl family	AG-894-F15_00021	1
CABYIW010000001.1	23970	25046	-	AG-894-F15_00023	AG-894-F15	358	OG0000489	K02563	UDP-N-acetylglucosamine--N-acetylmuramyl-(pentapeptide) pyrophosphoryl-undecaprenol N-acetylglucosamine transferase [EC:2.4.1.227]	COG0707	MurG	UDP-N-acetylglucosamine:LPS N-acetylglucosamine transferase	AG-894-F15_00021	2
CABYIW010000001.1	25048	26157	-	AG-894-F15_00024	AG-894-F15	369	OG0000615	NA	NA	COG0772	FtsW	Peptodoglycan polymerase FtsW/RodA/SpoVE	AG-894-F15_00021	3
CABYIW010000001.1	26154	27443	-	AG-894-F15_00025	AG-894-F15	429	OG0000817	NA	NA	COG0771	MurD	UDP-N-acetylmuramoylalanine-D-glutamate ligase	AG-894-F15_00021	4
CABYIW010000001.1	27443	28528	-	AG-894-F15_00026	AG-894-F15	361	OG0000019	K01000	phospho-N-acetylmuramoyl-pentapeptide-transferase [EC:2.7.8.13]	COG0472	Rfe	UDP-N-acetylmuramyl pentapeptide phosphotransferase/UDP-N-acetylglucosamine-1-phosphate transferase/archaeal AglH	AG-894-F15_00021	5
CABYNS010000002.1	188672	189757	+	AG-894-K14_00574	AG-894-K14	361	OG0000019	K01000	phospho-N-acetylmuramoyl-pentapeptide-transferase [EC:2.7.8.13]	COG0472	Rfe	UDP-N-acetylmuramyl pentapeptide phosphotransferase/UDP-N-acetylglucosamine-1-phosphate transferase/archaeal AglH	AG-894-K14_00579	-5
CABYNS010000002.1	189757	191067	+	AG-894-K14_00575	AG-894-K14	436	OG0000817	NA	NA	COG0771	MurD	UDP-N-acetylmuramoylalanine-D-glutamate ligase	AG-894-K14_00579	-4
CABYNS010000002.1	191048	192175	+	AG-894-K14_00576	AG-894-K14	375	OG0000615	NA	NA	COG0772	FtsW	Peptodoglycan polymerase FtsW/RodA/SpoVE	AG-894-K14_00579	-3
CABYNS010000002.1	192172	193236	+	AG-894-K14_00577	AG-894-K14	354	OG0000489	K02563	UDP-N-acetylglucosamine--N-acetylmuramyl-(pentapeptide) pyrophosphoryl-undecaprenol N-acetylglucosamine transferase [EC:2.4.1.227]	COG0707	MurG	UDP-N-acetylglucosamine:LPS N-acetylglucosamine transferase	AG-894-K14_00579	-2
CABYNS010000002.1	193226	194620	+	AG-894-K14_00578	AG-894-K14	464	OG0000265	K01924	UDP-N-acetylmuramate--alanine ligase [EC:6.3.2.8]	COG0773	MurC	UDP-N-acetylmuramate-alanine ligase MurC and related ligases, MurC/Mpl family	AG-894-K14_00579	-1
CABYNS010000002.1	194620	195528	+	AG-894-K14_00579	AG-894-K14	302	OG0000330	K00075	UDP-N-acetylmuramate dehydrogenase [EC:1.3.1.98]	COG0812	MurB	UDP-N-acetylenolpyruvoylglucosamine reductase	AG-894-K14_00579	0
CABYNS010000002.1	195530	196444	+	AG-894-K14_00580	AG-894-K14	304	OG0000580	K01921	D-alanine-D-alanine ligase [EC:6.3.2.4]	COG1181	DdlA	D-alanine-D-alanine ligase or related ATP-grasp enzyme	AG-894-K14_00579	1
CABYNS010000002.1	196425	197099	+	AG-894-K14_00581	AG-894-K14	224	OG0000841	K03589	cell division protein FtsQ	COG1589	FtsQ	Cell division septal protein FtsQ	AG-894-K14_00579	2
CABYNY010000003.1	52827	53675	-	AG-894-K15_00435	AG-894-K15	282	OG0000470	K05807	outer membrane protein assembly factor BamD	COG4105	BamD	Outer membrane protein assembly factor BamD, BamD/ComL family	AG-894-K15_00440	-5
CABYNY010000003.1	53722	54642	-	AG-894-K15_00436	AG-894-K15	306	OG0000300	K02535	UDP-3-O-[3-hydroxymyristoyl] N-acetylglucosamine deacetylase [EC:3.5.1.108]	COG0774	LpxC	UDP-3-O-acyl-N-acetylglucosamine deacetylase	AG-894-K15_00440	-4
CABYNY010000003.1	54705	55409	-	AG-894-K15_00437	AG-894-K15	234	OG0000537	NA	NA	NA	NA	NA	AG-894-K15_00440	-3
CABYNY010000003.1	55399	56073	-	AG-894-K15_00438	AG-894-K15	224	OG0000841	K03589	cell division protein FtsQ	COG1589	FtsQ	Cell division septal protein FtsQ	AG-894-K15_00440	-2
CABYNY010000003.1	56054	56968	-	AG-894-K15_00439	AG-894-K15	304	OG0000580	K01921	D-alanine-D-alanine ligase [EC:6.3.2.4]	COG1181	DdlA	D-alanine-D-alanine ligase or related ATP-grasp enzyme	AG-894-K15_00440	-1
CABYNY010000003.1	56970	57878	-	AG-894-K15_00440	AG-894-K15	302	OG0000330	K00075	UDP-N-acetylmuramate dehydrogenase [EC:1.3.1.98]	COG0812	MurB	UDP-N-acetylenolpyruvoylglucosamine reductase	AG-894-K15_00440	0
CABYNY010000003.1	57875	59272	-	AG-894-K15_00441	AG-894-K15	465	OG0000265	K01924	UDP-N-acetylmuramate--alanine ligase [EC:6.3.2.8]	COG0773	MurC	UDP-N-acetylmuramate-alanine ligase MurC and related ligases, MurC/Mpl family	AG-894-K15_00440	1
CABYNY010000003.1	59262	60323	-	AG-894-K15_00442	AG-894-K15	353	OG0000489	K02563	UDP-N-acetylglucosamine--N-acetylmuramyl-(pentapeptide) pyrophosphoryl-undecaprenol N-acetylglucosamine transferase [EC:2.4.1.227]	COG0707	MurG	UDP-N-acetylglucosamine:LPS N-acetylglucosamine transferase	AG-894-K15_00440	2
CABYNY010000003.1	60326	61450	-	AG-894-K15_00443	AG-894-K15	374	OG0000615	NA	NA	COG0772	FtsW	Peptodoglycan polymerase FtsW/RodA/SpoVE	AG-894-K15_00440	3
CABYNY010000003.1	61443	62780	-	AG-894-K15_00444	AG-894-K15	445	OG0000817	NA	NA	COG0771	MurD	UDP-N-acetylmuramoylalanine-D-glutamate ligase	AG-894-K15_00440	4
CABYNY010000003.1	62723	63808	-	AG-894-K15_00445	AG-894-K15	361	OG0000019	K01000	phospho-N-acetylmuramoyl-pentapeptide-transferase [EC:2.7.8.13]	COG0472	Rfe	UDP-N-acetylmuramyl pentapeptide phosphotransferase/UDP-N-acetylglucosamine-1-phosphate transferase/archaeal AglH	AG-894-K15_00440	5
CABYOT010000010.1	21211	22050	-	AG-894-L17_01078	AG-894-L17	279	OG0000470	K05807	outer membrane protein assembly factor BamD	COG4105	BamD	Outer membrane protein assembly factor BamD, BamD/ComL family	AG-894-L17_01083	-5
CABYOT010000010.1	22089	23012	-	AG-894-L17_01079	AG-894-L17	307	OG0000300	K02535	UDP-3-O-[3-hydroxymyristoyl] N-acetylglucosamine deacetylase [EC:3.5.1.108]	COG0774	LpxC	UDP-3-O-acyl-N-acetylglucosamine deacetylase	AG-894-L17_01083	-4
CABYOT010000010.1	23076	24242	-	AG-894-L17_01080	AG-894-L17	388	OG0000537	NA	NA	COG0849	FtsA	Cell division ATPase FtsA	AG-894-L17_01083	-3
CABYOT010000010.1	24235	24930	-	AG-894-L17_01081	AG-894-L17	231	OG0000841	K03589	cell division protein FtsQ	COG1589	FtsQ	Cell division septal protein FtsQ	AG-894-L17_01083	-2
CABYOT010000010.1	24911	25831	-	AG-894-L17_01082	AG-894-L17	306	OG0000580	K01921	D-alanine-D-alanine ligase [EC:6.3.2.4]	COG1181	DdlA	D-alanine-D-alanine ligase or related ATP-grasp enzyme	AG-894-L17_01083	-1
CABYOT010000010.1	25831	26739	-	AG-894-L17_01083	AG-894-L17	302	OG0000330	K00075	UDP-N-acetylmuramate dehydrogenase [EC:1.3.1.98]	COG0812	MurB	UDP-N-acetylenolpyruvoylglucosamine reductase	AG-894-L17_01083	0
CABYOT010000010.1	26739	28130	-	AG-894-L17_01084	AG-894-L17	463	OG0000265	K01924	UDP-N-acetylmuramate--alanine ligase [EC:6.3.2.8]	COG0773	MurC	UDP-N-acetylmuramate-alanine ligase MurC and related ligases, MurC/Mpl family	AG-894-L17_01083	1
CABYOT010000010.1	28120	29196	-	AG-894-L17_01085	AG-894-L17	358	OG0000489	K02563	UDP-N-acetylglucosamine--N-acetylmuramyl-(pentapeptide) pyrophosphoryl-undecaprenol N-acetylglucosamine transferase [EC:2.4.1.227]	COG0707	MurG	UDP-N-acetylglucosamine:LPS N-acetylglucosamine transferase	AG-894-L17_01083	2
CABYOT010000010.1	29201	30310	-	AG-894-L17_01086	AG-894-L17	369	OG0000615	NA	NA	COG0772	FtsW	Peptodoglycan polymerase FtsW/RodA/SpoVE	AG-894-L17_01083	3
CABYOT010000010.1	30303	31610	-	AG-894-L17_01087	AG-894-L17	435	OG0000817	NA	NA	COG0771	MurD	UDP-N-acetylmuramoylalanine-D-glutamate ligase	AG-894-L17_01083	4
CABYOT010000010.1	31610	32695	-	AG-894-L17_01088	AG-894-L17	361	OG0000019	K01000	phospho-N-acetylmuramoyl-pentapeptide-transferase [EC:2.7.8.13]	COG0472	Rfe	UDP-N-acetylmuramyl pentapeptide phosphotransferase/UDP-N-acetylglucosamine-1-phosphate transferase/archaeal AglH	AG-894-L17_01083	5
CABYPJ010000002.1	127836	128672	-	AG-894-L19_00329	AG-894-L19	278	OG0000470	K05807	outer membrane protein assembly factor BamD	COG4105	BamD	Outer membrane protein assembly factor BamD, BamD/ComL family	AG-894-L19_00334	-5
CABYPJ010000002.1	128711	129631	-	AG-894-L19_00330	AG-894-L19	306	OG0000300	K02535	UDP-3-O-[3-hydroxymyristoyl] N-acetylglucosamine deacetylase [EC:3.5.1.108]	COG0774	LpxC	UDP-3-O-acyl-N-acetylglucosamine deacetylase	AG-894-L19_00334	-4
CABYPJ010000002.1	129694	130860	-	AG-894-L19_00331	AG-894-L19	388	OG0000537	K03590	cell division protein FtsA	COG0849	FtsA	Cell division ATPase FtsA	AG-894-L19_00334	-3
CABYPJ010000002.1	130853	131542	-	AG-894-L19_00332	AG-894-L19	229	OG0000841	K03589	cell division protein FtsQ	COG1589	FtsQ	Cell division septal protein FtsQ	AG-894-L19_00334	-2
CABYPJ010000002.1	131523	132443	-	AG-894-L19_00333	AG-894-L19	306	OG0000580	K01921	D-alanine-D-alanine ligase [EC:6.3.2.4]	COG1181	DdlA	D-alanine-D-alanine ligase or related ATP-grasp enzyme	AG-894-L19_00334	-1
CABYPJ010000002.1	132443	133351	-	AG-894-L19_00334	AG-894-L19	302	OG0000330	K00075	UDP-N-acetylmuramate dehydrogenase [EC:1.3.1.98]	COG0812	MurB	UDP-N-acetylenolpyruvoylglucosamine reductase	AG-894-L19_00334	0
CABYPJ010000002.1	133353	134735	-	AG-894-L19_00335	AG-894-L19	460	OG0000265	K01924	UDP-N-acetylmuramate--alanine ligase [EC:6.3.2.8]	COG0773	MurC	UDP-N-acetylmuramate-alanine ligase MurC and related ligases, MurC/Mpl family	AG-894-L19_00334	1
CABYSJ010000011.1	21813	22898	+	AG-894-O09_01015	AG-894-O09	361	OG0000019	K01000	phospho-N-acetylmuramoyl-pentapeptide-transferase [EC:2.7.8.13]	COG0472	Rfe	UDP-N-acetylmuramyl pentapeptide phosphotransferase/UDP-N-acetylglucosamine-1-phosphate transferase/archaeal AglH	AG-894-O09_01020	-5
CABYSJ010000011.1	22898	24196	+	AG-894-O09_01016	AG-894-O09	432	OG0000817	NA	NA	COG0771	MurD	UDP-N-acetylmuramoylalanine-D-glutamate ligase	AG-894-O09_01020	-4
CABYSJ010000011.1	24183	25304	+	AG-894-O09_01017	AG-894-O09	373	OG0000615	NA	NA	COG0772	FtsW	Peptodoglycan polymerase FtsW/RodA/SpoVE	AG-894-O09_01020	-3
CABYSJ010000011.1	25308	26372	+	AG-894-O09_01018	AG-894-O09	354	OG0000489	K02563	UDP-N-acetylglucosamine--N-acetylmuramyl-(pentapeptide) pyrophosphoryl-undecaprenol N-acetylglucosamine transferase [EC:2.4.1.227]	COG0707	MurG	UDP-N-acetylglucosamine:LPS N-acetylglucosamine transferase	AG-894-O09_01020	-2
CABYSJ010000011.1	26362	27759	+	AG-894-O09_01019	AG-894-O09	465	OG0000265	K01924	UDP-N-acetylmuramate--alanine ligase [EC:6.3.2.8]	COG0773	MurC	UDP-N-acetylmuramate-alanine ligase MurC and related ligases, MurC/Mpl family	AG-894-O09_01020	-1
CABYSJ010000011.1	27756	28661	+	AG-894-O09_01020	AG-894-O09	301	OG0000330	K00075	UDP-N-acetylmuramate dehydrogenase [EC:1.3.1.98]	COG0812	MurB	UDP-N-acetylenolpyruvoylglucosamine reductase	AG-894-O09_01020	0
CABYSJ010000011.1	28663	29577	+	AG-894-O09_01021	AG-894-O09	304	OG0000580	K01921	D-alanine-D-alanine ligase [EC:6.3.2.4]	COG1181	DdlA	D-alanine-D-alanine ligase or related ATP-grasp enzyme	AG-894-O09_01020	1
CABYSJ010000011.1	29558	30229	+	AG-894-O09_01022	AG-894-O09	223	OG0000841	K03589	cell division protein FtsQ	COG1589	FtsQ	Cell division septal protein FtsQ	AG-894-O09_01020	2
CABYSJ010000011.1	30222	30923	+	AG-894-O09_01023	AG-894-O09	233	OG0000537	NA	NA	NA	NA	NA	AG-894-O09_01020	3
CABYSJ010000011.1	30987	31907	+	AG-894-O09_01024	AG-894-O09	306	OG0000300	K02535	UDP-3-O-[3-hydroxymyristoyl] N-acetylglucosamine deacetylase [EC:3.5.1.108]	COG0774	LpxC	UDP-3-O-acyl-N-acetylglucosamine deacetylase	AG-894-O09_01020	4
CABYSJ010000011.1	31959	32801	+	AG-894-O09_01025	AG-894-O09	280	OG0000470	K05807	outer membrane protein assembly factor BamD	COG4105	BamD	Outer membrane protein assembly factor BamD, BamD/ComL family	AG-894-O09_01020	5
CABYUV010000008.1	33065	33910	-	AG-894-P23_00792	AG-894-P23	281	OG0000470	K05807	outer membrane protein assembly factor BamD	COG4105	BamD	Outer membrane protein assembly factor BamD, BamD/ComL family	AG-894-P23_00797	-5
CABYUV010000008.1	33959	34879	-	AG-894-P23_00793	AG-894-P23	306	OG0000300	K02535	UDP-3-O-[3-hydroxymyristoyl] N-acetylglucosamine deacetylase [EC:3.5.1.108]	COG0774	LpxC	UDP-3-O-acyl-N-acetylglucosamine deacetylase	AG-894-P23_00797	-4
CABYUV010000008.1	34943	35635	-	AG-894-P23_00794	AG-894-P23	230	OG0000537	NA	NA	NA	NA	NA	AG-894-P23_00797	-3
CABYUV010000008.1	35628	36296	-	AG-894-P23_00795	AG-894-P23	222	OG0000841	K03589	cell division protein FtsQ	COG1589	FtsQ	Cell division septal protein FtsQ	AG-894-P23_00797	-2
CABYUV010000008.1	36277	37191	-	AG-894-P23_00796	AG-894-P23	304	OG0000580	K01921	D-alanine-D-alanine ligase [EC:6.3.2.4]	COG1181	DdlA	D-alanine-D-alanine ligase or related ATP-grasp enzyme	AG-894-P23_00797	-1
CABYUV010000008.1	37193	38098	-	AG-894-P23_00797	AG-894-P23	301	OG0000330	K00075	UDP-N-acetylmuramate dehydrogenase [EC:1.3.1.98]	COG0812	MurB	UDP-N-acetylenolpyruvoylglucosamine reductase	AG-894-P23_00797	0
CABYUV010000008.1	38095	39492	-	AG-894-P23_00798	AG-894-P23	465	OG0000265	K01924	UDP-N-acetylmuramate--alanine ligase [EC:6.3.2.8]	COG0773	MurC	UDP-N-acetylmuramate-alanine ligase MurC and related ligases, MurC/Mpl family	AG-894-P23_00797	1
CABYUV010000008.1	39482	40546	-	AG-894-P23_00799	AG-894-P23	354	OG0000489	K02563	UDP-N-acetylglucosamine--N-acetylmuramyl-(pentapeptide) pyrophosphoryl-undecaprenol N-acetylglucosamine transferase [EC:2.4.1.227]	COG0707	MurG	UDP-N-acetylglucosamine:LPS N-acetylglucosamine transferase	AG-894-P23_00797	2
CABYUV010000008.1	40550	41671	-	AG-894-P23_00800	AG-894-P23	373	OG0000615	NA	NA	COG0772	FtsW	Peptodoglycan polymerase FtsW/RodA/SpoVE	AG-894-P23_00797	3
CABYUV010000008.1	41658	42956	-	AG-894-P23_00801	AG-894-P23	432	OG0000817	NA	NA	COG0771	MurD	UDP-N-acetylmuramoylalanine-D-glutamate ligase	AG-894-P23_00797	4
CABYUV010000008.1	42956	44041	-	AG-894-P23_00802	AG-894-P23	361	OG0000019	K01000	phospho-N-acetylmuramoyl-pentapeptide-transferase [EC:2.7.8.13]	COG0472	Rfe	UDP-N-acetylmuramyl pentapeptide phosphotransferase/UDP-N-acetylglucosamine-1-phosphate transferase/archaeal AglH	AG-894-P23_00797	5
CABYZG010000001.1	344372	345454	+	AG-895-F07_00372	AG-895-F07	360	OG0000019	K01000	phospho-N-acetylmuramoyl-pentapeptide-transferase [EC:2.7.8.13]	COG0472	Rfe	UDP-N-acetylmuramyl pentapeptide phosphotransferase/UDP-N-acetylglucosamine-1-phosphate transferase/archaeal AglH	AG-895-F07_00377	-5
CABYZG010000001.1	345459	346775	+	AG-895-F07_00373	AG-895-F07	438	OG0000817	NA	NA	COG0771	MurD	UDP-N-acetylmuramoylalanine-D-glutamate ligase	AG-895-F07_00377	-4
CABYZG010000001.1	346775	347887	+	AG-895-F07_00374	AG-895-F07	370	OG0000615	NA	NA	COG0772	FtsW	Peptodoglycan polymerase FtsW/RodA/SpoVE	AG-895-F07_00377	-3
CABYZG010000001.1	347897	348952	+	AG-895-F07_00375	AG-895-F07	351	OG0000489	K02563	UDP-N-acetylglucosamine--N-acetylmuramyl-(pentapeptide) pyrophosphoryl-undecaprenol N-acetylglucosamine transferase [EC:2.4.1.227]	COG0707	MurG	UDP-N-acetylglucosamine:LPS N-acetylglucosamine transferase	AG-895-F07_00377	-2
CABYZG010000001.1	348952	350343	+	AG-895-F07_00376	AG-895-F07	463	OG0000265	K01924	UDP-N-acetylmuramate--alanine ligase [EC:6.3.2.8]	COG0773	MurC	UDP-N-acetylmuramate-alanine ligase MurC and related ligases, MurC/Mpl family	AG-895-F07_00377	-1
CABYZG010000001.1	350336	351259	+	AG-895-F07_00377	AG-895-F07	307	OG0000330	K00075	UDP-N-acetylmuramate dehydrogenase [EC:1.3.1.98]	COG0812	MurB	UDP-N-acetylenolpyruvoylglucosamine reductase	AG-895-F07_00377	0
CABYZG010000001.1	351256	352164	+	AG-895-F07_00378	AG-895-F07	302	OG0000580	K01921	D-alanine-D-alanine ligase [EC:6.3.2.4]	COG1181	DdlA	D-alanine-D-alanine ligase or related ATP-grasp enzyme	AG-895-F07_00377	1
CABYZG010000001.1	352148	352882	+	AG-895-F07_00379	AG-895-F07	244	OG0000841	K03589	cell division protein FtsQ	COG1589	FtsQ	Cell division septal protein FtsQ	AG-895-F07_00377	2
CABYZG010000001.1	352882	354069	+	AG-895-F07_00380	AG-895-F07	395	OG0000537	K03590	cell division protein FtsA	COG0849	FtsA	Cell division ATPase FtsA	AG-895-F07_00377	3
CABYZG010000001.1	354134	355060	+	AG-895-F07_00381	AG-895-F07	308	OG0000300	K02535	UDP-3-O-[3-hydroxymyristoyl] N-acetylglucosamine deacetylase [EC:3.5.1.108]	COG0774	LpxC	UDP-3-O-acyl-N-acetylglucosamine deacetylase	AG-895-F07_00377	4
CABYZG010000001.1	355104	355868	+	AG-895-F07_00382	AG-895-F07	254	OG0000470	K05807	outer membrane protein assembly factor BamD	COG4105	BamD	Outer membrane protein assembly factor BamD, BamD/ComL family	AG-895-F07_00377	5
CABYZT010000003.1	131853	132701	-	AG-895-F17_00699	AG-895-F17	282	OG0000470	K05807	outer membrane protein assembly factor BamD	COG4105	BamD	Outer membrane protein assembly factor BamD, BamD/ComL family	AG-895-F17_00704	-5
CABYZT010000003.1	132750	133670	-	AG-895-F17_00700	AG-895-F17	306	OG0000300	K02535	UDP-3-O-[3-hydroxymyristoyl] N-acetylglucosamine deacetylase [EC:3.5.1.108]	COG0774	LpxC	UDP-3-O-acyl-N-acetylglucosamine deacetylase	AG-895-F17_00704	-4
CABYZT010000003.1	133735	134433	-	AG-895-F17_00701	AG-895-F17	232	OG0000537	NA	NA	NA	NA	NA	AG-895-F17_00704	-3
CABYZT010000003.1	134426	135097	-	AG-895-F17_00702	AG-895-F17	223	OG0000841	K03589	cell division protein FtsQ	COG1589	FtsQ	Cell division septal protein FtsQ	AG-895-F17_00704	-2
CABYZT010000003.1	135078	135992	-	AG-895-F17_00703	AG-895-F17	304	OG0000580	K01921	D-alanine-D-alanine ligase [EC:6.3.2.4]	COG1181	DdlA	D-alanine-D-alanine ligase or related ATP-grasp enzyme	AG-895-F17_00704	-1
CABYZT010000003.1	135994	136899	-	AG-895-F17_00704	AG-895-F17	301	OG0000330	K00075	UDP-N-acetylmuramate dehydrogenase [EC:1.3.1.98]	COG0812	MurB	UDP-N-acetylenolpyruvoylglucosamine reductase	AG-895-F17_00704	0
CABYZT010000003.1	136899	138293	-	AG-895-F17_00705	AG-895-F17	464	OG0000265	K01924	UDP-N-acetylmuramate--alanine ligase [EC:6.3.2.8]	COG0773	MurC	UDP-N-acetylmuramate-alanine ligase MurC and related ligases, MurC/Mpl family	AG-895-F17_00704	1
CABYZT010000003.1	138283	139347	-	AG-895-F17_00706	AG-895-F17	354	OG0000489	K02563	UDP-N-acetylglucosamine--N-acetylmuramyl-(pentapeptide) pyrophosphoryl-undecaprenol N-acetylglucosamine transferase [EC:2.4.1.227]	COG0707	MurG	UDP-N-acetylglucosamine:LPS N-acetylglucosamine transferase	AG-895-F17_00704	2
CABYZT010000003.1	139351	140472	-	AG-895-F17_00707	AG-895-F17	373	OG0000615	NA	NA	COG0772	FtsW	Peptodoglycan polymerase FtsW/RodA/SpoVE	AG-895-F17_00704	3
CABYZT010000003.1	140459	141757	-	AG-895-F17_00708	AG-895-F17	432	OG0000817	NA	NA	COG0771	MurD	UDP-N-acetylmuramoylalanine-D-glutamate ligase	AG-895-F17_00704	4
CABYZT010000003.1	141757	142842	-	AG-895-F17_00709	AG-895-F17	361	OG0000019	K01000	phospho-N-acetylmuramoyl-pentapeptide-transferase [EC:2.7.8.13]	COG0472	Rfe	UDP-N-acetylmuramyl pentapeptide phosphotransferase/UDP-N-acetylglucosamine-1-phosphate transferase/archaeal AglH	AG-895-F17_00704	5
CABZAK010000018.1	148	831	-	AG-895-G15_01100	AG-895-G15	227	OG0000841	K03589	cell division protein FtsQ	COG1589	FtsQ	Cell division septal protein FtsQ	AG-895-G15_01102	-2
CABZAK010000018.1	809	1726	-	AG-895-G15_01101	AG-895-G15	305	OG0000580	K01921	D-alanine-D-alanine ligase [EC:6.3.2.4]	COG1181	DdlA	D-alanine-D-alanine ligase or related ATP-grasp enzyme	AG-895-G15_01102	-1
CABZAK010000018.1	1727	2635	-	AG-895-G15_01102	AG-895-G15	302	OG0000330	K00075	UDP-N-acetylmuramate dehydrogenase [EC:1.3.1.98]	COG0812	MurB	UDP-N-acetylenolpyruvoylglucosamine reductase	AG-895-G15_01102	0
CABZAK010000018.1	2632	4029	-	AG-895-G15_01103	AG-895-G15	465	OG0000265	K01924	UDP-N-acetylmuramate--alanine ligase [EC:6.3.2.8]	COG0773	MurC	UDP-N-acetylmuramate-alanine ligase MurC and related ligases, MurC/Mpl family	AG-895-G15_01102	1
CABZCX010000003.1	72685	73533	-	AG-895-J19_00732	AG-895-J19	282	OG0000470	K05807	outer membrane protein assembly factor BamD	COG4105	BamD	Outer membrane protein assembly factor BamD, BamD/ComL family	AG-895-J19_00737	-5
CABZCX010000003.1	73580	74500	-	AG-895-J19_00733	AG-895-J19	306	OG0000300	K02535	UDP-3-O-[3-hydroxymyristoyl] N-acetylglucosamine deacetylase [EC:3.5.1.108]	COG0774	LpxC	UDP-3-O-acyl-N-acetylglucosamine deacetylase	AG-895-J19_00737	-4
CABZCX010000003.1	74563	75267	-	AG-895-J19_00734	AG-895-J19	234	OG0000537	NA	NA	NA	NA	NA	AG-895-J19_00737	-3
CABZCX010000003.1	75257	75931	-	AG-895-J19_00735	AG-895-J19	224	OG0000841	K03589	cell division protein FtsQ	COG1589	FtsQ	Cell division septal protein FtsQ	AG-895-J19_00737	-2
CABZCX010000003.1	75912	76826	-	AG-895-J19_00736	AG-895-J19	304	OG0000580	K01921	D-alanine-D-alanine ligase [EC:6.3.2.4]	COG1181	DdlA	D-alanine-D-alanine ligase or related ATP-grasp enzyme	AG-895-J19_00737	-1
CABZCX010000003.1	76828	77736	-	AG-895-J19_00737	AG-895-J19	302	OG0000330	K00075	UDP-N-acetylmuramate dehydrogenase [EC:1.3.1.98]	COG0812	MurB	UDP-N-acetylenolpyruvoylglucosamine reductase	AG-895-J19_00737	0
CABZCX010000003.1	77733	79130	-	AG-895-J19_00738	AG-895-J19	465	OG0000265	K01924	UDP-N-acetylmuramate--alanine ligase [EC:6.3.2.8]	COG0773	MurC	UDP-N-acetylmuramate-alanine ligase MurC and related ligases, MurC/Mpl family	AG-895-J19_00737	1
CABZCX010000003.1	79120	80181	-	AG-895-J19_00739	AG-895-J19	353	OG0000489	K02563	UDP-N-acetylglucosamine--N-acetylmuramyl-(pentapeptide) pyrophosphoryl-undecaprenol N-acetylglucosamine transferase [EC:2.4.1.227]	COG0707	MurG	UDP-N-acetylglucosamine:LPS N-acetylglucosamine transferase	AG-895-J19_00737	2
CABZCX010000003.1	80183	81307	-	AG-895-J19_00740	AG-895-J19	374	OG0000615	NA	NA	COG0772	FtsW	Peptodoglycan polymerase FtsW/RodA/SpoVE	AG-895-J19_00737	3
CABZCX010000003.1	81300	82580	-	AG-895-J19_00741	AG-895-J19	426	OG0000817	NA	NA	COG0771	MurD	UDP-N-acetylmuramoylalanine-D-glutamate ligase	AG-895-J19_00737	4
CABZCX010000003.1	82580	83665	-	AG-895-J19_00742	AG-895-J19	361	OG0000019	K01000	phospho-N-acetylmuramoyl-pentapeptide-transferase [EC:2.7.8.13]	COG0472	Rfe	UDP-N-acetylmuramyl pentapeptide phosphotransferase/UDP-N-acetylglucosamine-1-phosphate transferase/archaeal AglH	AG-895-J19_00737	5
CABZDR010000001.1	29618	30481	-	AG-895-K10_00027	AG-895-K10	287	OG0000470	K05807	outer membrane protein assembly factor BamD	COG4105	BamD	Outer membrane protein assembly factor BamD, BamD/ComL family	AG-895-K10_00032	-5
CABZDR010000001.1	30520	31440	-	AG-895-K10_00028	AG-895-K10	306	OG0000300	K02535	UDP-3-O-[3-hydroxymyristoyl] N-acetylglucosamine deacetylase [EC:3.5.1.108]	COG0774	LpxC	UDP-3-O-acyl-N-acetylglucosamine deacetylase	AG-895-K10_00032	-4
CABZDR010000001.1	31506	32210	-	AG-895-K10_00029	AG-895-K10	234	OG0000537	NA	NA	NA	NA	NA	AG-895-K10_00032	-3
CABZDR010000001.1	32200	32874	-	AG-895-K10_00030	AG-895-K10	224	OG0000841	K03589	cell division protein FtsQ	COG1589	FtsQ	Cell division septal protein FtsQ	AG-895-K10_00032	-2
CABZDR010000001.1	32855	33769	-	AG-895-K10_00031	AG-895-K10	304	OG0000580	K01921	D-alanine-D-alanine ligase [EC:6.3.2.4]	COG1181	DdlA	D-alanine-D-alanine ligase or related ATP-grasp enzyme	AG-895-K10_00032	-1
CABZDR010000001.1	33771	34679	-	AG-895-K10_00032	AG-895-K10	302	OG0000330	K00075	UDP-N-acetylmuramate dehydrogenase [EC:1.3.1.98]	COG0812	MurB	UDP-N-acetylenolpyruvoylglucosamine reductase	AG-895-K10_00032	0
CABZDR010000001.1	34679	36073	-	AG-895-K10_00033	AG-895-K10	464	OG0000265	K01924	UDP-N-acetylmuramate--alanine ligase [EC:6.3.2.8]	COG0773	MurC	UDP-N-acetylmuramate-alanine ligase MurC and related ligases, MurC/Mpl family	AG-895-K10_00032	1
CABZDR010000001.1	36063	37127	-	AG-895-K10_00034	AG-895-K10	354	OG0000489	K02563	UDP-N-acetylglucosamine--N-acetylmuramyl-(pentapeptide) pyrophosphoryl-undecaprenol N-acetylglucosamine transferase [EC:2.4.1.227]	COG0707	MurG	UDP-N-acetylglucosamine:LPS N-acetylglucosamine transferase	AG-895-K10_00032	2
CABZDR010000001.1	37129	38253	-	AG-895-K10_00035	AG-895-K10	374	OG0000615	NA	NA	COG0772	FtsW	Peptodoglycan polymerase FtsW/RodA/SpoVE	AG-895-K10_00032	3
CABZDR010000001.1	38243	39544	-	AG-895-K10_00036	AG-895-K10	433	OG0000817	NA	NA	COG0771	MurD	UDP-N-acetylmuramoylalanine-D-glutamate ligase	AG-895-K10_00032	4
CABZDR010000001.1	39544	40629	-	AG-895-K10_00037	AG-895-K10	361	OG0000019	K01000	phospho-N-acetylmuramoyl-pentapeptide-transferase [EC:2.7.8.13]	COG0472	Rfe	UDP-N-acetylmuramyl pentapeptide phosphotransferase/UDP-N-acetylglucosamine-1-phosphate transferase/archaeal AglH	AG-895-K10_00032	5
CABZIW010000003.1	123311	124393	+	AG-896-A02_00832	AG-896-A02	360	OG0000019	K01000	phospho-N-acetylmuramoyl-pentapeptide-transferase [EC:2.7.8.13]	COG0472	Rfe	UDP-N-acetylmuramyl pentapeptide phosphotransferase/UDP-N-acetylglucosamine-1-phosphate transferase/archaeal AglH	AG-896-A02_00837	-5
CABZIW010000003.1	124398	125714	+	AG-896-A02_00833	AG-896-A02	438	OG0000817	NA	NA	COG0771	MurD	UDP-N-acetylmuramoylalanine-D-glutamate ligase	AG-896-A02_00837	-4
CABZIW010000003.1	125714	126826	+	AG-896-A02_00834	AG-896-A02	370	OG0000615	NA	NA	COG0772	FtsW	Peptodoglycan polymerase FtsW/RodA/SpoVE	AG-896-A02_00837	-3
CABZIW010000003.1	126836	127894	+	AG-896-A02_00835	AG-896-A02	352	OG0000489	K02563	UDP-N-acetylglucosamine--N-acetylmuramyl-(pentapeptide) pyrophosphoryl-undecaprenol N-acetylglucosamine transferase [EC:2.4.1.227]	COG0707	MurG	UDP-N-acetylglucosamine:LPS N-acetylglucosamine transferase	AG-896-A02_00837	-2
CABZIW010000003.1	127891	129282	+	AG-896-A02_00836	AG-896-A02	463	OG0000265	K01924	UDP-N-acetylmuramate--alanine ligase [EC:6.3.2.8]	COG0773	MurC	UDP-N-acetylmuramate-alanine ligase MurC and related ligases, MurC/Mpl family	AG-896-A02_00837	-1
CABZIW010000003.1	129275	130198	+	AG-896-A02_00837	AG-896-A02	307	OG0000330	K00075	UDP-N-acetylmuramate dehydrogenase [EC:1.3.1.98]	COG0812	MurB	UDP-N-acetylenolpyruvoylglucosamine reductase	AG-896-A02_00837	0
CABZIW010000003.1	130195	131103	+	AG-896-A02_00838	AG-896-A02	302	OG0000580	K01921	D-alanine-D-alanine ligase [EC:6.3.2.4]	COG1181	DdlA	D-alanine-D-alanine ligase or related ATP-grasp enzyme	AG-896-A02_00837	1
CABZIW010000003.1	131087	131821	+	AG-896-A02_00839	AG-896-A02	244	OG0000841	K03589	cell division protein FtsQ	COG1589	FtsQ	Cell division septal protein FtsQ	AG-896-A02_00837	2
CABZIW010000003.1	131821	133008	+	AG-896-A02_00840	AG-896-A02	395	OG0000537	K03590	cell division protein FtsA	COG0849	FtsA	Cell division ATPase FtsA	AG-896-A02_00837	3
CABZIW010000003.1	133073	133999	+	AG-896-A02_00841	AG-896-A02	308	OG0000300	K02535	UDP-3-O-[3-hydroxymyristoyl] N-acetylglucosamine deacetylase [EC:3.5.1.108]	COG0774	LpxC	UDP-3-O-acyl-N-acetylglucosamine deacetylase	AG-896-A02_00837	4
CABZIW010000003.1	134043	134807	+	AG-896-A02_00842	AG-896-A02	254	OG0000470	K05807	outer membrane protein assembly factor BamD	COG4105	BamD	Outer membrane protein assembly factor BamD, BamD/ComL family	AG-896-A02_00837	5
CABZLS010000006.1	61	909	-	AG-896-C18_00592	AG-896-C18	282	OG0000470	K05807	outer membrane protein assembly factor BamD	COG4105	BamD	Outer membrane protein assembly factor BamD, BamD/ComL family	AG-896-C18_00597	-5
CABZLS010000006.1	955	1875	-	AG-896-C18_00593	AG-896-C18	306	OG0000300	K02535	UDP-3-O-[3-hydroxymyristoyl] N-acetylglucosamine deacetylase [EC:3.5.1.108]	COG0774	LpxC	UDP-3-O-acyl-N-acetylglucosamine deacetylase	AG-896-C18_00597	-4
CABZLS010000006.1	1938	2639	-	AG-896-C18_00594	AG-896-C18	233	OG0000537	NA	NA	NA	NA	NA	AG-896-C18_00597	-3
CABZLS010000006.1	2632	3303	-	AG-896-C18_00595	AG-896-C18	223	OG0000841	K03589	cell division protein FtsQ	COG1589	FtsQ	Cell division septal protein FtsQ	AG-896-C18_00597	-2
CABZLS010000006.1	3284	4198	-	AG-896-C18_00596	AG-896-C18	304	OG0000580	K01921	D-alanine-D-alanine ligase [EC:6.3.2.4]	COG1181	DdlA	D-alanine-D-alanine ligase or related ATP-grasp enzyme	AG-896-C18_00597	-1
CABZLS010000006.1	4200	5108	-	AG-896-C18_00597	AG-896-C18	302	OG0000330	K00075	UDP-N-acetylmuramate dehydrogenase [EC:1.3.1.98]	COG0812	MurB	UDP-N-acetylenolpyruvoylglucosamine reductase	AG-896-C18_00597	0
CABZLS010000006.1	5105	6502	-	AG-896-C18_00598	AG-896-C18	465	OG0000265	K01924	UDP-N-acetylmuramate--alanine ligase [EC:6.3.2.8]	COG0773	MurC	UDP-N-acetylmuramate-alanine ligase MurC and related ligases, MurC/Mpl family	AG-896-C18_00597	1
CABZLS010000006.1	6492	7553	-	AG-896-C18_00599	AG-896-C18	353	OG0000489	K02563	UDP-N-acetylglucosamine--N-acetylmuramyl-(pentapeptide) pyrophosphoryl-undecaprenol N-acetylglucosamine transferase [EC:2.4.1.227]	COG0707	MurG	UDP-N-acetylglucosamine:LPS N-acetylglucosamine transferase	AG-896-C18_00597	2
CABZLS010000006.1	7555	8679	-	AG-896-C18_00600	AG-896-C18	374	OG0000615	NA	NA	COG0772	FtsW	Peptodoglycan polymerase FtsW/RodA/SpoVE	AG-896-C18_00597	3
CABZLS010000006.1	8669	9964	-	AG-896-C18_00601	AG-896-C18	431	OG0000817	NA	NA	COG0771	MurD	UDP-N-acetylmuramoylalanine-D-glutamate ligase	AG-896-C18_00597	4
CABZLS010000006.1	9964	11049	-	AG-896-C18_00602	AG-896-C18	361	OG0000019	K01000	phospho-N-acetylmuramoyl-pentapeptide-transferase [EC:2.7.8.13]	COG0472	Rfe	UDP-N-acetylmuramyl pentapeptide phosphotransferase/UDP-N-acetylglucosamine-1-phosphate transferase/archaeal AglH	AG-896-C18_00597	5
CABZOF010000002.1	105738	106823	+	AG-896-F06_00701	AG-896-F06	361	OG0000019	K01000	phospho-N-acetylmuramoyl-pentapeptide-transferase [EC:2.7.8.13]	COG0472	Rfe	UDP-N-acetylmuramyl pentapeptide phosphotransferase/UDP-N-acetylglucosamine-1-phosphate transferase/archaeal AglH	AG-896-F06_00706	-5
CABZOF010000002.1	106823	108127	+	AG-896-F06_00702	AG-896-F06	434	OG0000817	NA	NA	COG0771	MurD	UDP-N-acetylmuramoylalanine-D-glutamate ligase	AG-896-F06_00706	-4
CABZOF010000002.1	108124	109233	+	AG-896-F06_00703	AG-896-F06	369	OG0000615	NA	NA	COG0772	FtsW	Peptodoglycan polymerase FtsW/RodA/SpoVE	AG-896-F06_00706	-3
CABZOF010000002.1	109238	110314	+	AG-896-F06_00704	AG-896-F06	358	OG0000489	K02563	UDP-N-acetylglucosamine--N-acetylmuramyl-(pentapeptide) pyrophosphoryl-undecaprenol N-acetylglucosamine transferase [EC:2.4.1.227]	COG0707	MurG	UDP-N-acetylglucosamine:LPS N-acetylglucosamine transferase	AG-896-F06_00706	-2
CABZOF010000002.1	110304	111695	+	AG-896-F06_00705	AG-896-F06	463	OG0000265	K01924	UDP-N-acetylmuramate--alanine ligase [EC:6.3.2.8]	COG0773	MurC	UDP-N-acetylmuramate-alanine ligase MurC and related ligases, MurC/Mpl family	AG-896-F06_00706	-1
CABZOF010000002.1	111695	112603	+	AG-896-F06_00706	AG-896-F06	302	OG0000330	K00075	UDP-N-acetylmuramate dehydrogenase [EC:1.3.1.98]	COG0812	MurB	UDP-N-acetylenolpyruvoylglucosamine reductase	AG-896-F06_00706	0
CABZOF010000002.1	112603	113523	+	AG-896-F06_00707	AG-896-F06	306	OG0000580	K01921	D-alanine-D-alanine ligase [EC:6.3.2.4]	COG1181	DdlA	D-alanine-D-alanine ligase or related ATP-grasp enzyme	AG-896-F06_00706	1
CABZOF010000002.1	113504	114199	+	AG-896-F06_00708	AG-896-F06	231	OG0000841	K03589	cell division protein FtsQ	COG1589	FtsQ	Cell division septal protein FtsQ	AG-896-F06_00706	2
CABZOF010000002.1	114192	115343	+	AG-896-F06_00709	AG-896-F06	383	OG0000537	NA	NA	COG0849	FtsA	Cell division ATPase FtsA	AG-896-F06_00706	3
CABZOF010000002.1	115407	116330	+	AG-896-F06_00710	AG-896-F06	307	OG0000300	K02535	UDP-3-O-[3-hydroxymyristoyl] N-acetylglucosamine deacetylase [EC:3.5.1.108]	COG0774	LpxC	UDP-3-O-acyl-N-acetylglucosamine deacetylase	AG-896-F06_00706	4
CABZOF010000002.1	116369	117208	+	AG-896-F06_00711	AG-896-F06	279	OG0000470	K05807	outer membrane protein assembly factor BamD	COG4105	BamD	Outer membrane protein assembly factor BamD, BamD/ComL family	AG-896-F06_00706	5
CABZTB010000001.1	87872	88720	-	AG-896-K10_00091	AG-896-K10	282	OG0000470	K05807	outer membrane protein assembly factor BamD	COG4105	BamD	Outer membrane protein assembly factor BamD, BamD/ComL family	AG-896-K10_00096	-5
CABZTB010000001.1	88768	89688	-	AG-896-K10_00092	AG-896-K10	306	OG0000300	K02535	UDP-3-O-[3-hydroxymyristoyl] N-acetylglucosamine deacetylase [EC:3.5.1.108]	COG0774	LpxC	UDP-3-O-acyl-N-acetylglucosamine deacetylase	AG-896-K10_00096	-4
CABZTB010000001.1	89752	90456	-	AG-896-K10_00093	AG-896-K10	234	OG0000537	NA	NA	NA	NA	NA	AG-896-K10_00096	-3
CABZTB010000001.1	90449	91117	-	AG-896-K10_00094	AG-896-K10	222	OG0000841	K03589	cell division protein FtsQ	COG1589	FtsQ	Cell division septal protein FtsQ	AG-896-K10_00096	-2
CABZTB010000001.1	91098	92009	-	AG-896-K10_00095	AG-896-K10	303	OG0000580	K01921	D-alanine-D-alanine ligase [EC:6.3.2.4]	COG1181	DdlA	D-alanine-D-alanine ligase or related ATP-grasp enzyme	AG-896-K10_00096	-1
CABZTB010000001.1	92011	92919	-	AG-896-K10_00096	AG-896-K10	302	OG0000330	K00075	UDP-N-acetylmuramate dehydrogenase [EC:1.3.1.98]	COG0812	MurB	UDP-N-acetylenolpyruvoylglucosamine reductase	AG-896-K10_00096	0
CABZTB010000001.1	92919	94313	-	AG-896-K10_00097	AG-896-K10	464	OG0000265	K01924	UDP-N-acetylmuramate--alanine ligase [EC:6.3.2.8]	COG0773	MurC	UDP-N-acetylmuramate-alanine ligase MurC and related ligases, MurC/Mpl family	AG-896-K10_00096	1
CABZTB010000001.1	94303	95367	-	AG-896-K10_00098	AG-896-K10	354	OG0000489	K02563	UDP-N-acetylglucosamine--N-acetylmuramyl-(pentapeptide) pyrophosphoryl-undecaprenol N-acetylglucosamine transferase [EC:2.4.1.227]	COG0707	MurG	UDP-N-acetylglucosamine:LPS N-acetylglucosamine transferase	AG-896-K10_00096	2
CABZTB010000001.1	95360	96493	-	AG-896-K10_00099	AG-896-K10	377	OG0000615	NA	NA	COG0772	FtsW	Peptodoglycan polymerase FtsW/RodA/SpoVE	AG-896-K10_00096	3
CABZTB010000001.1	96483	97769	-	AG-896-K10_00100	AG-896-K10	428	OG0000817	NA	NA	COG0771	MurD	UDP-N-acetylmuramoylalanine-D-glutamate ligase	AG-896-K10_00096	4
CABZTB010000001.1	97766	98851	-	AG-896-K10_00101	AG-896-K10	361	OG0000019	K01000	phospho-N-acetylmuramoyl-pentapeptide-transferase [EC:2.7.8.13]	COG0472	Rfe	UDP-N-acetylmuramyl pentapeptide phosphotransferase/UDP-N-acetylglucosamine-1-phosphate transferase/archaeal AglH	AG-896-K10_00096	5
CABZUL010000017.1	719	1627	-	AG-896-L20_01119	AG-896-L20	302	OG0000330	K00075	UDP-N-acetylmuramate dehydrogenase [EC:1.3.1.98]	COG0812	MurB	UDP-N-acetylenolpyruvoylglucosamine reductase	AG-896-L20_01119	0
CABZUL010000017.1	1627	3021	-	AG-896-L20_01120	AG-896-L20	464	OG0000265	K01924	UDP-N-acetylmuramate--alanine ligase [EC:6.3.2.8]	COG0773	MurC	UDP-N-acetylmuramate-alanine ligase MurC and related ligases, MurC/Mpl family	AG-896-L20_01119	1
CABZUL010000017.1	3011	4075	-	AG-896-L20_01121	AG-896-L20	354	OG0000489	K02563	UDP-N-acetylglucosamine--N-acetylmuramyl-(pentapeptide) pyrophosphoryl-undecaprenol N-acetylglucosamine transferase [EC:2.4.1.227]	COG0707	MurG	UDP-N-acetylglucosamine:LPS N-acetylglucosamine transferase	AG-896-L20_01119	2
CABZUL010000017.1	4072	5109	-	AG-896-L20_01122	AG-896-L20	345	OG0000615	NA	NA	COG0772	FtsW	Peptodoglycan polymerase FtsW/RodA/SpoVE	AG-896-L20_01119	3
CABZXO010000007.1	5893	6723	-	AG-896-O18_00852	AG-896-O18	276	OG0000470	K05807	outer membrane protein assembly factor BamD	COG4105	BamD	Outer membrane protein assembly factor BamD, BamD/ComL family	AG-896-O18_00857	-5
CABZXO010000007.1	6772	7692	-	AG-896-O18_00853	AG-896-O18	306	OG0000300	K02535	UDP-3-O-[3-hydroxymyristoyl] N-acetylglucosamine deacetylase [EC:3.5.1.108]	COG0774	LpxC	UDP-3-O-acyl-N-acetylglucosamine deacetylase	AG-896-O18_00857	-4
CABZXO010000007.1	7757	8461	-	AG-896-O18_00854	AG-896-O18	234	OG0000537	NA	NA	NA	NA	NA	AG-896-O18_00857	-3
CABZXO010000007.1	8454	9125	-	AG-896-O18_00855	AG-896-O18	223	OG0000841	K03589	cell division protein FtsQ	COG1589	FtsQ	Cell division septal protein FtsQ	AG-896-O18_00857	-2
CABZXO010000007.1	9106	10020	-	AG-896-O18_00856	AG-896-O18	304	OG0000580	K01921	D-alanine-D-alanine ligase [EC:6.3.2.4]	COG1181	DdlA	D-alanine-D-alanine ligase or related ATP-grasp enzyme	AG-896-O18_00857	-1
CABZXO010000007.1	10022	10927	-	AG-896-O18_00857	AG-896-O18	301	OG0000330	K00075	UDP-N-acetylmuramate dehydrogenase [EC:1.3.1.98]	COG0812	MurB	UDP-N-acetylenolpyruvoylglucosamine reductase	AG-896-O18_00857	0
CABZXO010000007.1	10927	12321	-	AG-896-O18_00858	AG-896-O18	464	OG0000265	K01924	UDP-N-acetylmuramate--alanine ligase [EC:6.3.2.8]	COG0773	MurC	UDP-N-acetylmuramate-alanine ligase MurC and related ligases, MurC/Mpl family	AG-896-O18_00857	1
CABZXO010000007.1	12311	13375	-	AG-896-O18_00859	AG-896-O18	354	OG0000489	K02563	UDP-N-acetylglucosamine--N-acetylmuramyl-(pentapeptide) pyrophosphoryl-undecaprenol N-acetylglucosamine transferase [EC:2.4.1.227]	COG0707	MurG	UDP-N-acetylglucosamine:LPS N-acetylglucosamine transferase	AG-896-O18_00857	2
CABZXO010000007.1	13379	14500	-	AG-896-O18_00860	AG-896-O18	373	OG0000615	NA	NA	COG0772	FtsW	Peptodoglycan polymerase FtsW/RodA/SpoVE	AG-896-O18_00857	3
CABZXO010000007.1	14487	15785	-	AG-896-O18_00861	AG-896-O18	432	OG0000817	NA	NA	COG0771	MurD	UDP-N-acetylmuramoylalanine-D-glutamate ligase	AG-896-O18_00857	4
CABZXO010000007.1	15785	16870	-	AG-896-O18_00862	AG-896-O18	361	OG0000019	K01000	phospho-N-acetylmuramoyl-pentapeptide-transferase [EC:2.7.8.13]	COG0472	Rfe	UDP-N-acetylmuramyl pentapeptide phosphotransferase/UDP-N-acetylglucosamine-1-phosphate transferase/archaeal AglH	AG-896-O18_00857	5
CACADE010000001.1	139703	140788	+	AG-897-G09_00151	AG-897-G09	361	OG0000019	K01000	phospho-N-acetylmuramoyl-pentapeptide-transferase [EC:2.7.8.13]	COG0472	Rfe	UDP-N-acetylmuramyl pentapeptide phosphotransferase/UDP-N-acetylglucosamine-1-phosphate transferase/archaeal AglH	AG-897-G09_00156	-5
CACADE010000001.1	140788	142077	+	AG-897-G09_00152	AG-897-G09	429	OG0000817	NA	NA	COG0771	MurD	UDP-N-acetylmuramoylalanine-D-glutamate ligase	AG-897-G09_00156	-4
CACADE010000001.1	142074	143183	+	AG-897-G09_00153	AG-897-G09	369	OG0000615	NA	NA	COG0772	FtsW	Peptodoglycan polymerase FtsW/RodA/SpoVE	AG-897-G09_00156	-3
CACADE010000001.1	143185	144261	+	AG-897-G09_00154	AG-897-G09	358	OG0000489	K02563	UDP-N-acetylglucosamine--N-acetylmuramyl-(pentapeptide) pyrophosphoryl-undecaprenol N-acetylglucosamine transferase [EC:2.4.1.227]	COG0707	MurG	UDP-N-acetylglucosamine:LPS N-acetylglucosamine transferase	AG-897-G09_00156	-2
CACADE010000001.1	144251	145633	+	AG-897-G09_00155	AG-897-G09	460	OG0000265	K01924	UDP-N-acetylmuramate--alanine ligase [EC:6.3.2.8]	COG0773	MurC	UDP-N-acetylmuramate-alanine ligase MurC and related ligases, MurC/Mpl family	AG-897-G09_00156	-1
CACADE010000001.1	145635	146543	+	AG-897-G09_00156	AG-897-G09	302	OG0000330	K00075	UDP-N-acetylmuramate dehydrogenase [EC:1.3.1.98]	COG0812	MurB	UDP-N-acetylenolpyruvoylglucosamine reductase	AG-897-G09_00156	0
CACADE010000001.1	146543	147463	+	AG-897-G09_00157	AG-897-G09	306	OG0000580	K01921	D-alanine-D-alanine ligase [EC:6.3.2.4]	COG1181	DdlA	D-alanine-D-alanine ligase or related ATP-grasp enzyme	AG-897-G09_00156	1
CACADE010000001.1	147444	148133	+	AG-897-G09_00158	AG-897-G09	229	OG0000841	K03589	cell division protein FtsQ	COG1589	FtsQ	Cell division septal protein FtsQ	AG-897-G09_00156	2
CACADE010000001.1	148126	149301	+	AG-897-G09_00159	AG-897-G09	391	OG0000537	NA	NA	COG0849	FtsA	Cell division ATPase FtsA	AG-897-G09_00156	3
CACADE010000001.1	149364	150284	+	AG-897-G09_00160	AG-897-G09	306	OG0000300	K02535	UDP-3-O-[3-hydroxymyristoyl] N-acetylglucosamine deacetylase [EC:3.5.1.108]	COG0774	LpxC	UDP-3-O-acyl-N-acetylglucosamine deacetylase	AG-897-G09_00156	4
CACADE010000001.1	150324	151157	+	AG-897-G09_00161	AG-897-G09	277	OG0000470	K05807	outer membrane protein assembly factor BamD	COG4105	BamD	Outer membrane protein assembly factor BamD, BamD/ComL family	AG-897-G09_00156	5
CACAFC010000005.1	16010	16843	-	AG-897-G15_00659	AG-897-G15	277	OG0000470	K05807	outer membrane protein assembly factor BamD	COG4105	BamD	Outer membrane protein assembly factor BamD, BamD/ComL family	AG-897-G15_00664	-5
CACAFC010000005.1	16892	17812	-	AG-897-G15_00660	AG-897-G15	306	OG0000300	K02535	UDP-3-O-[3-hydroxymyristoyl] N-acetylglucosamine deacetylase [EC:3.5.1.108]	COG0774	LpxC	UDP-3-O-acyl-N-acetylglucosamine deacetylase	AG-897-G15_00664	-4
CACAFC010000005.1	17876	18577	-	AG-897-G15_00661	AG-897-G15	233	OG0000537	NA	NA	NA	NA	NA	AG-897-G15_00664	-3
CACAFC010000005.1	18567	19241	-	AG-897-G15_00662	AG-897-G15	224	OG0000841	K03589	cell division protein FtsQ	COG1589	FtsQ	Cell division septal protein FtsQ	AG-897-G15_00664	-2
CACAFC010000005.1	19222	20136	-	AG-897-G15_00663	AG-897-G15	304	OG0000580	K01921	D-alanine-D-alanine ligase [EC:6.3.2.4]	COG1181	DdlA	D-alanine-D-alanine ligase or related ATP-grasp enzyme	AG-897-G15_00664	-1
CACAFC010000005.1	20138	21046	-	AG-897-G15_00664	AG-897-G15	302	OG0000330	K00075	UDP-N-acetylmuramate dehydrogenase [EC:1.3.1.98]	COG0812	MurB	UDP-N-acetylenolpyruvoylglucosamine reductase	AG-897-G15_00664	0
CACAFC010000005.1	21046	22440	-	AG-897-G15_00665	AG-897-G15	464	OG0000265	K01924	UDP-N-acetylmuramate--alanine ligase [EC:6.3.2.8]	COG0773	MurC	UDP-N-acetylmuramate-alanine ligase MurC and related ligases, MurC/Mpl family	AG-897-G15_00664	1
CACAFC010000005.1	22430	23494	-	AG-897-G15_00666	AG-897-G15	354	OG0000489	K02563	UDP-N-acetylglucosamine--N-acetylmuramyl-(pentapeptide) pyrophosphoryl-undecaprenol N-acetylglucosamine transferase [EC:2.4.1.227]	COG0707	MurG	UDP-N-acetylglucosamine:LPS N-acetylglucosamine transferase	AG-897-G15_00664	2
CACAFC010000005.1	23491	24618	-	AG-897-G15_00667	AG-897-G15	375	OG0000615	NA	NA	COG0772	FtsW	Peptodoglycan polymerase FtsW/RodA/SpoVE	AG-897-G15_00664	3
CACAFC010000005.1	24599	25909	-	AG-897-G15_00668	AG-897-G15	436	OG0000817	NA	NA	COG0771	MurD	UDP-N-acetylmuramoylalanine-D-glutamate ligase	AG-897-G15_00664	4
CACAFC010000005.1	25909	26994	-	AG-897-G15_00669	AG-897-G15	361	OG0000019	K01000	phospho-N-acetylmuramoyl-pentapeptide-transferase [EC:2.7.8.13]	COG0472	Rfe	UDP-N-acetylmuramyl pentapeptide phosphotransferase/UDP-N-acetylglucosamine-1-phosphate transferase/archaeal AglH	AG-897-G15_00664	5
CACAIK010000019.1	844	1752	-	AG-897-O16_01154	AG-897-O16	302	OG0000330	K00075	UDP-N-acetylmuramate dehydrogenase [EC:1.3.1.98]	COG0812	MurB	UDP-N-acetylenolpyruvoylglucosamine reductase	AG-897-O16_01154	0
CACAIK010000019.1	1754	3136	-	AG-897-O16_01155	AG-897-O16	460	OG0000265	K01924	UDP-N-acetylmuramate--alanine ligase [EC:6.3.2.8]	COG0773	MurC	UDP-N-acetylmuramate-alanine ligase MurC and related ligases, MurC/Mpl family	AG-897-O16_01154	1
CACAIK010000019.1	3126	4202	-	AG-897-O16_01156	AG-897-O16	358	OG0000489	K02563	UDP-N-acetylglucosamine--N-acetylmuramyl-(pentapeptide) pyrophosphoryl-undecaprenol N-acetylglucosamine transferase [EC:2.4.1.227]	COG0707	MurG	UDP-N-acetylglucosamine:LPS N-acetylglucosamine transferase	AG-897-O16_01154	2
CACAIK010000019.1	4204	5313	-	AG-897-O16_01157	AG-897-O16	369	OG0000615	NA	NA	COG0772	FtsW	Peptodoglycan polymerase FtsW/RodA/SpoVE	AG-897-O16_01154	3
CACAIK010000019.1	5310	6599	-	AG-897-O16_01158	AG-897-O16	429	OG0000817	NA	NA	COG0771	MurD	UDP-N-acetylmuramoylalanine-D-glutamate ligase	AG-897-O16_01154	4
CACAIK010000019.1	6599	7684	-	AG-897-O16_01159	AG-897-O16	361	OG0000019	K01000	phospho-N-acetylmuramoyl-pentapeptide-transferase [EC:2.7.8.13]	COG0472	Rfe	UDP-N-acetylmuramyl pentapeptide phosphotransferase/UDP-N-acetylglucosamine-1-phosphate transferase/archaeal AglH	AG-897-O16_01154	5
CACALX010000026.1	17	292	+	AG-898-C07_01221	AG-898-C07	91	OG0000265	NA	NA	COG0773	MurC	UDP-N-acetylmuramate-alanine ligase MurC and related ligases, MurC/Mpl family	AG-898-C07_01222	-1
CACALX010000026.1	289	1194	+	AG-898-C07_01222	AG-898-C07	301	OG0000330	K00075	UDP-N-acetylmuramate dehydrogenase [EC:1.3.1.98]	COG0812	MurB	UDP-N-acetylenolpyruvoylglucosamine reductase	AG-898-C07_01222	0
CACALX010000026.1	1380	2111	+	AG-898-C07_01223	AG-898-C07	243	OG0000580	K01921	D-alanine-D-alanine ligase [EC:6.3.2.4]	COG1181	DdlA	D-alanine-D-alanine ligase or related ATP-grasp enzyme	AG-898-C07_01222	1
CACARD010000004.1	41811	42647	-	AG-898-G21_00667	AG-898-G21	278	OG0000470	K05807	outer membrane protein assembly factor BamD	COG4105	BamD	Outer membrane protein assembly factor BamD, BamD/ComL family	AG-898-G21_00672	-5
CACARD010000004.1	42686	43606	-	AG-898-G21_00668	AG-898-G21	306	OG0000300	K02535	UDP-3-O-[3-hydroxymyristoyl] N-acetylglucosamine deacetylase [EC:3.5.1.108]	COG0774	LpxC	UDP-3-O-acyl-N-acetylglucosamine deacetylase	AG-898-G21_00672	-4
CACARD010000004.1	43669	44835	-	AG-898-G21_00669	AG-898-G21	388	OG0000537	K03590	cell division protein FtsA	COG0849	FtsA	Cell division ATPase FtsA	AG-898-G21_00672	-3
CACARD010000004.1	44828	45517	-	AG-898-G21_00670	AG-898-G21	229	OG0000841	K03589	cell division protein FtsQ	COG1589	FtsQ	Cell division septal protein FtsQ	AG-898-G21_00672	-2
CACARD010000004.1	45498	46418	-	AG-898-G21_00671	AG-898-G21	306	OG0000580	K01921	D-alanine-D-alanine ligase [EC:6.3.2.4]	COG1181	DdlA	D-alanine-D-alanine ligase or related ATP-grasp enzyme	AG-898-G21_00672	-1
CACARD010000004.1	46418	47326	-	AG-898-G21_00672	AG-898-G21	302	OG0000330	K00075	UDP-N-acetylmuramate dehydrogenase [EC:1.3.1.98]	COG0812	MurB	UDP-N-acetylenolpyruvoylglucosamine reductase	AG-898-G21_00672	0
CACARD010000004.1	47328	48710	-	AG-898-G21_00673	AG-898-G21	460	OG0000265	K01924	UDP-N-acetylmuramate--alanine ligase [EC:6.3.2.8]	COG0773	MurC	UDP-N-acetylmuramate-alanine ligase MurC and related ligases, MurC/Mpl family	AG-898-G21_00672	1
CACARD010000004.1	48700	49776	-	AG-898-G21_00674	AG-898-G21	358	OG0000489	K02563	UDP-N-acetylglucosamine--N-acetylmuramyl-(pentapeptide) pyrophosphoryl-undecaprenol N-acetylglucosamine transferase [EC:2.4.1.227]	COG0707	MurG	UDP-N-acetylglucosamine:LPS N-acetylglucosamine transferase	AG-898-G21_00672	2
CACARD010000004.1	49778	50887	-	AG-898-G21_00675	AG-898-G21	369	OG0000615	NA	NA	COG0772	FtsW	Peptodoglycan polymerase FtsW/RodA/SpoVE	AG-898-G21_00672	3
CACARD010000004.1	50884	52173	-	AG-898-G21_00676	AG-898-G21	429	OG0000817	NA	NA	COG0771	MurD	UDP-N-acetylmuramoylalanine-D-glutamate ligase	AG-898-G21_00672	4
CACARD010000004.1	52173	53258	-	AG-898-G21_00677	AG-898-G21	361	OG0000019	K01000	phospho-N-acetylmuramoyl-pentapeptide-transferase [EC:2.7.8.13]	COG0472	Rfe	UDP-N-acetylmuramyl pentapeptide phosphotransferase/UDP-N-acetylglucosamine-1-phosphate transferase/archaeal AglH	AG-898-G21_00672	5
CACAYV010000003.1	48629	49471	-	AG-898-P13_00440	AG-898-P13	280	OG0000470	K05807	outer membrane protein assembly factor BamD	COG4105	BamD	Outer membrane protein assembly factor BamD, BamD/ComL family	AG-898-P13_00445	-5
CACAYV010000003.1	49504	50424	-	AG-898-P13_00441	AG-898-P13	306	OG0000300	K02535	UDP-3-O-[3-hydroxymyristoyl] N-acetylglucosamine deacetylase [EC:3.5.1.108]	COG0774	LpxC	UDP-3-O-acyl-N-acetylglucosamine deacetylase	AG-898-P13_00445	-4
CACAYV010000003.1	50487	51620	-	AG-898-P13_00442	AG-898-P13	377	OG0000537	NA	NA	COG0849	FtsA	Cell division ATPase FtsA	AG-898-P13_00445	-3
CACAYV010000003.1	51610	52302	-	AG-898-P13_00443	AG-898-P13	230	OG0000841	K03589	cell division protein FtsQ	COG1589	FtsQ	Cell division septal protein FtsQ	AG-898-P13_00445	-2
CACAYV010000003.1	52280	53194	-	AG-898-P13_00444	AG-898-P13	304	OG0000580	K01921	D-alanine-D-alanine ligase [EC:6.3.2.4]	COG1181	DdlA	D-alanine-D-alanine ligase or related ATP-grasp enzyme	AG-898-P13_00445	-1
CACAYV010000003.1	53195	54103	-	AG-898-P13_00445	AG-898-P13	302	OG0000330	K00075	UDP-N-acetylmuramate dehydrogenase [EC:1.3.1.98]	COG0812	MurB	UDP-N-acetylenolpyruvoylglucosamine reductase	AG-898-P13_00445	0
CACAYV010000003.1	54090	55496	-	AG-898-P13_00446	AG-898-P13	468	OG0000265	K01924	UDP-N-acetylmuramate--alanine ligase [EC:6.3.2.8]	COG0773	MurC	UDP-N-acetylmuramate-alanine ligase MurC and related ligases, MurC/Mpl family	AG-898-P13_00445	1
CACAYV010000003.1	55486	56562	-	AG-898-P13_00447	AG-898-P13	358	OG0000489	K02563	UDP-N-acetylglucosamine--N-acetylmuramyl-(pentapeptide) pyrophosphoryl-undecaprenol N-acetylglucosamine transferase [EC:2.4.1.227]	COG0707	MurG	UDP-N-acetylglucosamine:LPS N-acetylglucosamine transferase	AG-898-P13_00445	2
CACAYV010000003.1	56565	57677	-	AG-898-P13_00448	AG-898-P13	370	OG0000615	NA	NA	COG0772	FtsW	Peptodoglycan polymerase FtsW/RodA/SpoVE	AG-898-P13_00445	3
CACAYV010000003.1	57667	58962	-	AG-898-P13_00449	AG-898-P13	431	OG0000817	NA	NA	COG0771	MurD	UDP-N-acetylmuramoylalanine-D-glutamate ligase	AG-898-P13_00445	4
CACAYV010000003.1	58962	60047	-	AG-898-P13_00450	AG-898-P13	361	OG0000019	K01000	phospho-N-acetylmuramoyl-pentapeptide-transferase [EC:2.7.8.13]	COG0472	Rfe	UDP-N-acetylmuramyl pentapeptide phosphotransferase/UDP-N-acetylglucosamine-1-phosphate transferase/archaeal AglH	AG-898-P13_00445	5
CACAZW010000003.1	4698	5540	-	AG-899-A06_00438	AG-899-A06	280	OG0000470	K05807	outer membrane protein assembly factor BamD	COG4105	BamD	Outer membrane protein assembly factor BamD, BamD/ComL family	AG-899-A06_00443	-5
CACAZW010000003.1	5579	6499	-	AG-899-A06_00439	AG-899-A06	306	OG0000300	K02535	UDP-3-O-[3-hydroxymyristoyl] N-acetylglucosamine deacetylase [EC:3.5.1.108]	COG0774	LpxC	UDP-3-O-acyl-N-acetylglucosamine deacetylase	AG-899-A06_00443	-4
CACAZW010000003.1	6562	7728	-	AG-899-A06_00440	AG-899-A06	388	OG0000537	K03590	cell division protein FtsA	COG0849	FtsA	Cell division ATPase FtsA	AG-899-A06_00443	-3
CACAZW010000003.1	7721	8410	-	AG-899-A06_00441	AG-899-A06	229	OG0000841	K03589	cell division protein FtsQ	COG1589	FtsQ	Cell division septal protein FtsQ	AG-899-A06_00443	-2
CACAZW010000003.1	8391	9311	-	AG-899-A06_00442	AG-899-A06	306	OG0000580	K01921	D-alanine-D-alanine ligase [EC:6.3.2.4]	COG1181	DdlA	D-alanine-D-alanine ligase or related ATP-grasp enzyme	AG-899-A06_00443	-1
CACAZW010000003.1	9311	10219	-	AG-899-A06_00443	AG-899-A06	302	OG0000330	K00075	UDP-N-acetylmuramate dehydrogenase [EC:1.3.1.98]	COG0812	MurB	UDP-N-acetylenolpyruvoylglucosamine reductase	AG-899-A06_00443	0
CACAZW010000003.1	10221	11603	-	AG-899-A06_00444	AG-899-A06	460	OG0000265	K01924	UDP-N-acetylmuramate--alanine ligase [EC:6.3.2.8]	COG0773	MurC	UDP-N-acetylmuramate-alanine ligase MurC and related ligases, MurC/Mpl family	AG-899-A06_00443	1
CACAZW010000003.1	11593	12669	-	AG-899-A06_00445	AG-899-A06	358	OG0000489	K02563	UDP-N-acetylglucosamine--N-acetylmuramyl-(pentapeptide) pyrophosphoryl-undecaprenol N-acetylglucosamine transferase [EC:2.4.1.227]	COG0707	MurG	UDP-N-acetylglucosamine:LPS N-acetylglucosamine transferase	AG-899-A06_00443	2
CACAZW010000003.1	12671	13780	-	AG-899-A06_00446	AG-899-A06	369	OG0000615	NA	NA	COG0772	FtsW	Peptodoglycan polymerase FtsW/RodA/SpoVE	AG-899-A06_00443	3
CACAZW010000003.1	13777	15066	-	AG-899-A06_00447	AG-899-A06	429	OG0000817	NA	NA	COG0771	MurD	UDP-N-acetylmuramoylalanine-D-glutamate ligase	AG-899-A06_00443	4
CACAZW010000003.1	15066	16151	-	AG-899-A06_00448	AG-899-A06	361	OG0000019	K01000	phospho-N-acetylmuramoyl-pentapeptide-transferase [EC:2.7.8.13]	COG0472	Rfe	UDP-N-acetylmuramyl pentapeptide phosphotransferase/UDP-N-acetylglucosamine-1-phosphate transferase/archaeal AglH	AG-899-A06_00443	5
CACBAX010000003.1	64138	64977	-	AG-899-B09_00390	AG-899-B09	279	OG0000470	K05807	outer membrane protein assembly factor BamD	COG4105	BamD	Outer membrane protein assembly factor BamD, BamD/ComL family	AG-899-B09_00395	-5
CACBAX010000003.1	65015	65935	-	AG-899-B09_00391	AG-899-B09	306	OG0000300	K02535	UDP-3-O-[3-hydroxymyristoyl] N-acetylglucosamine deacetylase [EC:3.5.1.108]	COG0774	LpxC	UDP-3-O-acyl-N-acetylglucosamine deacetylase	AG-899-B09_00395	-4
CACBAX010000003.1	65998	67161	-	AG-899-B09_00392	AG-899-B09	387	OG0000537	NA	NA	COG0849	FtsA	Cell division ATPase FtsA	AG-899-B09_00395	-3
CACBAX010000003.1	67169	67858	-	AG-899-B09_00393	AG-899-B09	229	OG0000841	K03589	cell division protein FtsQ	COG1589	FtsQ	Cell division septal protein FtsQ	AG-899-B09_00395	-2
CACBAX010000003.1	67839	68759	-	AG-899-B09_00394	AG-899-B09	306	OG0000580	K01921	D-alanine-D-alanine ligase [EC:6.3.2.4]	COG1181	DdlA	D-alanine-D-alanine ligase or related ATP-grasp enzyme	AG-899-B09_00395	-1
CACBAX010000003.1	68756	69661	-	AG-899-B09_00395	AG-899-B09	301	OG0000330	K00075	UDP-N-acetylmuramate dehydrogenase [EC:1.3.1.98]	COG0812	MurB	UDP-N-acetylenolpyruvoylglucosamine reductase	AG-899-B09_00395	0
CACBAX010000003.1	69672	71051	-	AG-899-B09_00396	AG-899-B09	459	OG0000265	K01924	UDP-N-acetylmuramate--alanine ligase [EC:6.3.2.8]	COG0773	MurC	UDP-N-acetylmuramate-alanine ligase MurC and related ligases, MurC/Mpl family	AG-899-B09_00395	1
CACBAX010000003.1	71041	72105	-	AG-899-B09_00397	AG-899-B09	354	OG0000489	K02563	UDP-N-acetylglucosamine--N-acetylmuramyl-(pentapeptide) pyrophosphoryl-undecaprenol N-acetylglucosamine transferase [EC:2.4.1.227]	COG0707	MurG	UDP-N-acetylglucosamine:LPS N-acetylglucosamine transferase	AG-899-B09_00395	2
CACBAX010000003.1	72102	73214	-	AG-899-B09_00398	AG-899-B09	370	OG0000615	NA	NA	COG0772	FtsW	Peptodoglycan polymerase FtsW/RodA/SpoVE	AG-899-B09_00395	3
CACBAX010000003.1	73207	74505	-	AG-899-B09_00399	AG-899-B09	432	OG0000817	NA	NA	COG0771	MurD	UDP-N-acetylmuramoylalanine-D-glutamate ligase	AG-899-B09_00395	4
CACBAX010000003.1	74505	75590	-	AG-899-B09_00400	AG-899-B09	361	OG0000019	K01000	phospho-N-acetylmuramoyl-pentapeptide-transferase [EC:2.7.8.13]	COG0472	Rfe	UDP-N-acetylmuramyl pentapeptide phosphotransferase/UDP-N-acetylglucosamine-1-phosphate transferase/archaeal AglH	AG-899-B09_00395	5
CACBCM010000004.1	97864	98703	-	AG-899-D19_00612	AG-899-D19	279	OG0000470	K05807	outer membrane protein assembly factor BamD	COG4105	BamD	Outer membrane protein assembly factor BamD, BamD/ComL family	AG-899-D19_00617	-5
CACBCM010000004.1	98741	99664	-	AG-899-D19_00613	AG-899-D19	307	OG0000300	K02535	UDP-3-O-[3-hydroxymyristoyl] N-acetylglucosamine deacetylase [EC:3.5.1.108]	COG0774	LpxC	UDP-3-O-acyl-N-acetylglucosamine deacetylase	AG-899-D19_00617	-4
CACBCM010000004.1	99723	100886	-	AG-899-D19_00614	AG-899-D19	387	OG0000537	NA	NA	COG0849	FtsA	Cell division ATPase FtsA	AG-899-D19_00617	-3
CACBCM010000004.1	100894	101583	-	AG-899-D19_00615	AG-899-D19	229	OG0000841	K03589	cell division protein FtsQ	COG1589	FtsQ	Cell division septal protein FtsQ	AG-899-D19_00617	-2
CACBCM010000004.1	101564	102484	-	AG-899-D19_00616	AG-899-D19	306	OG0000580	K01921	D-alanine-D-alanine ligase [EC:6.3.2.4]	COG1181	DdlA	D-alanine-D-alanine ligase or related ATP-grasp enzyme	AG-899-D19_00617	-1
CACBCM010000004.1	102481	103386	-	AG-899-D19_00617	AG-899-D19	301	OG0000330	K00075	UDP-N-acetylmuramate dehydrogenase [EC:1.3.1.98]	COG0812	MurB	UDP-N-acetylenolpyruvoylglucosamine reductase	AG-899-D19_00617	0
CACBCM010000004.1	103396	104775	-	AG-899-D19_00618	AG-899-D19	459	OG0000265	K01924	UDP-N-acetylmuramate--alanine ligase [EC:6.3.2.8]	COG0773	MurC	UDP-N-acetylmuramate-alanine ligase MurC and related ligases, MurC/Mpl family	AG-899-D19_00617	1
CACBDA010000007.1	15356	16189	-	AG-899-E14_01046	AG-899-E14	277	OG0000470	K05807	outer membrane protein assembly factor BamD	COG4105	BamD	Outer membrane protein assembly factor BamD, BamD/ComL family	AG-899-E14_01051	-5
CACBDA010000007.1	16239	17165	-	AG-899-E14_01047	AG-899-E14	308	OG0000300	K02535	UDP-3-O-[3-hydroxymyristoyl] N-acetylglucosamine deacetylase [EC:3.5.1.108]	COG0774	LpxC	UDP-3-O-acyl-N-acetylglucosamine deacetylase	AG-899-E14_01051	-4
CACBDA010000007.1	17231	18427	-	AG-899-E14_01048	AG-899-E14	398	OG0000537	K03590	cell division protein FtsA	COG0849	FtsA	Cell division ATPase FtsA	AG-899-E14_01051	-3
CACBDA010000007.1	18431	19090	-	AG-899-E14_01049	AG-899-E14	219	OG0000841	K03589	cell division protein FtsQ	COG1589	FtsQ	Cell division septal protein FtsQ	AG-899-E14_01051	-2
CACBDA010000007.1	19087	20025	-	AG-899-E14_01050	AG-899-E14	312	OG0000580	K01921	D-alanine-D-alanine ligase [EC:6.3.2.4]	COG1181	DdlA	D-alanine-D-alanine ligase or related ATP-grasp enzyme	AG-899-E14_01051	-1
CACBDA010000007.1	20018	20923	-	AG-899-E14_01051	AG-899-E14	301	OG0000330	K00075	UDP-N-acetylmuramate dehydrogenase [EC:1.3.1.98]	COG0812	MurB	UDP-N-acetylenolpyruvoylglucosamine reductase	AG-899-E14_01051	0
CACBDA010000007.1	20920	22317	-	AG-899-E14_01052	AG-899-E14	465	OG0000265	K01924	UDP-N-acetylmuramate--alanine ligase [EC:6.3.2.8]	COG0773	MurC	UDP-N-acetylmuramate-alanine ligase MurC and related ligases, MurC/Mpl family	AG-899-E14_01051	1
CACBDA010000007.1	22304	23398	-	AG-899-E14_01053	AG-899-E14	364	OG0000489	K02563	UDP-N-acetylglucosamine--N-acetylmuramyl-(pentapeptide) pyrophosphoryl-undecaprenol N-acetylglucosamine transferase [EC:2.4.1.227]	COG0707	MurG	UDP-N-acetylglucosamine:LPS N-acetylglucosamine transferase	AG-899-E14_01051	2
CACBDA010000007.1	23391	24518	-	AG-899-E14_01054	AG-899-E14	375	OG0000615	NA	NA	COG0772	FtsW	Peptodoglycan polymerase FtsW/RodA/SpoVE	AG-899-E14_01051	3
CACBDA010000007.1	24499	25785	-	AG-899-E14_01055	AG-899-E14	428	OG0000817	NA	NA	COG0771	MurD	UDP-N-acetylmuramoylalanine-D-glutamate ligase	AG-899-E14_01051	4
CACBDA010000007.1	25789	26874	-	AG-899-E14_01056	AG-899-E14	361	OG0000019	K01000	phospho-N-acetylmuramoyl-pentapeptide-transferase [EC:2.7.8.13]	COG0472	Rfe	UDP-N-acetylmuramyl pentapeptide phosphotransferase/UDP-N-acetylglucosamine-1-phosphate transferase/archaeal AglH	AG-899-E14_01051	5
CACBFJ010000001.1	167184	168032	-	AG-899-G02_00172	AG-899-G02	282	OG0000470	K05807	outer membrane protein assembly factor BamD	COG4105	BamD	Outer membrane protein assembly factor BamD, BamD/ComL family	AG-899-G02_00177	-5
CACBFJ010000001.1	168079	168999	-	AG-899-G02_00173	AG-899-G02	306	OG0000300	K02535	UDP-3-O-[3-hydroxymyristoyl] N-acetylglucosamine deacetylase [EC:3.5.1.108]	COG0774	LpxC	UDP-3-O-acyl-N-acetylglucosamine deacetylase	AG-899-G02_00177	-4
CACBFJ010000001.1	169062	169766	-	AG-899-G02_00174	AG-899-G02	234	OG0000537	NA	NA	NA	NA	NA	AG-899-G02_00177	-3
CACBFJ010000001.1	169756	170430	-	AG-899-G02_00175	AG-899-G02	224	OG0000841	K03589	cell division protein FtsQ	COG1589	FtsQ	Cell division septal protein FtsQ	AG-899-G02_00177	-2
CACBFJ010000001.1	170411	171325	-	AG-899-G02_00176	AG-899-G02	304	OG0000580	K01921	D-alanine-D-alanine ligase [EC:6.3.2.4]	COG1181	DdlA	D-alanine-D-alanine ligase or related ATP-grasp enzyme	AG-899-G02_00177	-1
CACBFJ010000001.1	171327	172235	-	AG-899-G02_00177	AG-899-G02	302	OG0000330	K00075	UDP-N-acetylmuramate dehydrogenase [EC:1.3.1.98]	COG0812	MurB	UDP-N-acetylenolpyruvoylglucosamine reductase	AG-899-G02_00177	0
CACBFJ010000001.1	172232	173629	-	AG-899-G02_00178	AG-899-G02	465	OG0000265	K01924	UDP-N-acetylmuramate--alanine ligase [EC:6.3.2.8]	COG0773	MurC	UDP-N-acetylmuramate-alanine ligase MurC and related ligases, MurC/Mpl family	AG-899-G02_00177	1
CACBFJ010000001.1	173619	174680	-	AG-899-G02_00179	AG-899-G02	353	OG0000489	K02563	UDP-N-acetylglucosamine--N-acetylmuramyl-(pentapeptide) pyrophosphoryl-undecaprenol N-acetylglucosamine transferase [EC:2.4.1.227]	COG0707	MurG	UDP-N-acetylglucosamine:LPS N-acetylglucosamine transferase	AG-899-G02_00177	2
CACBFJ010000001.1	174682	175806	-	AG-899-G02_00180	AG-899-G02	374	OG0000615	NA	NA	COG0772	FtsW	Peptodoglycan polymerase FtsW/RodA/SpoVE	AG-899-G02_00177	3
CACBFJ010000001.1	175799	177067	-	AG-899-G02_00181	AG-899-G02	422	OG0000817	NA	NA	COG0771	MurD	UDP-N-acetylmuramoylalanine-D-glutamate ligase	AG-899-G02_00177	4
CACBFJ010000001.1	177079	178164	-	AG-899-G02_00182	AG-899-G02	361	OG0000019	K01000	phospho-N-acetylmuramoyl-pentapeptide-transferase [EC:2.7.8.13]	COG0472	Rfe	UDP-N-acetylmuramyl pentapeptide phosphotransferase/UDP-N-acetylglucosamine-1-phosphate transferase/archaeal AglH	AG-899-G02_00177	5
CACBHY010000004.1	105104	106189	+	AG-899-J02_00866	AG-899-J02	361	OG0000019	K01000	phospho-N-acetylmuramoyl-pentapeptide-transferase [EC:2.7.8.13]	COG0472	Rfe	UDP-N-acetylmuramyl pentapeptide phosphotransferase/UDP-N-acetylglucosamine-1-phosphate transferase/archaeal AglH	AG-899-J02_00871	-5
CACBHY010000004.1	106189	107484	+	AG-899-J02_00867	AG-899-J02	431	OG0000817	NA	NA	COG0771	MurD	UDP-N-acetylmuramoylalanine-D-glutamate ligase	AG-899-J02_00871	-4
CACBHY010000004.1	107474	108595	+	AG-899-J02_00868	AG-899-J02	373	OG0000615	NA	NA	COG0772	FtsW	Peptodoglycan polymerase FtsW/RodA/SpoVE	AG-899-J02_00871	-3
CACBHY010000004.1	108599	109666	+	AG-899-J02_00869	AG-899-J02	355	OG0000489	K02563	UDP-N-acetylglucosamine--N-acetylmuramyl-(pentapeptide) pyrophosphoryl-undecaprenol N-acetylglucosamine transferase [EC:2.4.1.227]	COG0707	MurG	UDP-N-acetylglucosamine:LPS N-acetylglucosamine transferase	AG-899-J02_00871	-2
CACBHY010000004.1	109656	111050	+	AG-899-J02_00870	AG-899-J02	464	OG0000265	K01924	UDP-N-acetylmuramate--alanine ligase [EC:6.3.2.8]	COG0773	MurC	UDP-N-acetylmuramate-alanine ligase MurC and related ligases, MurC/Mpl family	AG-899-J02_00871	-1
CACBHY010000004.1	111050	111955	+	AG-899-J02_00871	AG-899-J02	301	OG0000330	K00075	UDP-N-acetylmuramate dehydrogenase [EC:1.3.1.98]	COG0812	MurB	UDP-N-acetylenolpyruvoylglucosamine reductase	AG-899-J02_00871	0
CACBHY010000004.1	111948	112871	+	AG-899-J02_00872	AG-899-J02	307	OG0000580	K01921	D-alanine-D-alanine ligase [EC:6.3.2.4]	COG1181	DdlA	D-alanine-D-alanine ligase or related ATP-grasp enzyme	AG-899-J02_00871	1
CACBHY010000004.1	112849	113523	+	AG-899-J02_00873	AG-899-J02	224	OG0000841	K03589	cell division protein FtsQ	COG1589	FtsQ	Cell division septal protein FtsQ	AG-899-J02_00871	2
CACBHY010000004.1	113516	114220	+	AG-899-J02_00874	AG-899-J02	234	OG0000537	NA	NA	NA	NA	NA	AG-899-J02_00871	3
CACBHY010000004.1	114285	115205	+	AG-899-J02_00875	AG-899-J02	306	OG0000300	K02535	UDP-3-O-[3-hydroxymyristoyl] N-acetylglucosamine deacetylase [EC:3.5.1.108]	COG0774	LpxC	UDP-3-O-acyl-N-acetylglucosamine deacetylase	AG-899-J02_00871	4
CACBHY010000004.1	115253	116092	+	AG-899-J02_00876	AG-899-J02	279	OG0000470	K05807	outer membrane protein assembly factor BamD	COG4105	BamD	Outer membrane protein assembly factor BamD, BamD/ComL family	AG-899-J02_00871	5
CACBIY010000001.1	237902	238735	-	AG-899-J23_00254	AG-899-J23	277	OG0000470	K05807	outer membrane protein assembly factor BamD	COG4105	BamD	Outer membrane protein assembly factor BamD, BamD/ComL family	AG-899-J23_00259	-5
CACBIY010000001.1	238784	239704	-	AG-899-J23_00255	AG-899-J23	306	OG0000300	K02535	UDP-3-O-[3-hydroxymyristoyl] N-acetylglucosamine deacetylase [EC:3.5.1.108]	COG0774	LpxC	UDP-3-O-acyl-N-acetylglucosamine deacetylase	AG-899-J23_00259	-4
CACBIY010000001.1	239768	240469	-	AG-899-J23_00256	AG-899-J23	233	OG0000537	NA	NA	NA	NA	NA	AG-899-J23_00259	-3
CACBIY010000001.1	240459	241133	-	AG-899-J23_00257	AG-899-J23	224	OG0000841	K03589	cell division protein FtsQ	COG1589	FtsQ	Cell division septal protein FtsQ	AG-899-J23_00259	-2
CACBIY010000001.1	241114	242028	-	AG-899-J23_00258	AG-899-J23	304	OG0000580	K01921	D-alanine-D-alanine ligase [EC:6.3.2.4]	COG1181	DdlA	D-alanine-D-alanine ligase or related ATP-grasp enzyme	AG-899-J23_00259	-1
CACBIY010000001.1	242030	242938	-	AG-899-J23_00259	AG-899-J23	302	OG0000330	K00075	UDP-N-acetylmuramate dehydrogenase [EC:1.3.1.98]	COG0812	MurB	UDP-N-acetylenolpyruvoylglucosamine reductase	AG-899-J23_00259	0
CACBIY010000001.1	242938	244332	-	AG-899-J23_00260	AG-899-J23	464	OG0000265	K01924	UDP-N-acetylmuramate--alanine ligase [EC:6.3.2.8]	COG0773	MurC	UDP-N-acetylmuramate-alanine ligase MurC and related ligases, MurC/Mpl family	AG-899-J23_00259	1
CACBIY010000001.1	244322	245386	-	AG-899-J23_00261	AG-899-J23	354	OG0000489	K02563	UDP-N-acetylglucosamine--N-acetylmuramyl-(pentapeptide) pyrophosphoryl-undecaprenol N-acetylglucosamine transferase [EC:2.4.1.227]	COG0707	MurG	UDP-N-acetylglucosamine:LPS N-acetylglucosamine transferase	AG-899-J23_00259	2
CACBIY010000001.1	245383	246510	-	AG-899-J23_00262	AG-899-J23	375	OG0000615	NA	NA	COG0772	FtsW	Peptodoglycan polymerase FtsW/RodA/SpoVE	AG-899-J23_00259	3
CACBIY010000001.1	246491	247801	-	AG-899-J23_00263	AG-899-J23	436	OG0000817	NA	NA	COG0771	MurD	UDP-N-acetylmuramoylalanine-D-glutamate ligase	AG-899-J23_00259	4
CACBIY010000001.1	247801	248886	-	AG-899-J23_00264	AG-899-J23	361	OG0000019	K01000	phospho-N-acetylmuramoyl-pentapeptide-transferase [EC:2.7.8.13]	COG0472	Rfe	UDP-N-acetylmuramyl pentapeptide phosphotransferase/UDP-N-acetylglucosamine-1-phosphate transferase/archaeal AglH	AG-899-J23_00259	5
CACBLI010000009.1	40	1290	+	AG-899-M07_01015	AG-899-M07	416	OG0000265	K01924	UDP-N-acetylmuramate--alanine ligase [EC:6.3.2.8]	COG0773	MurC	UDP-N-acetylmuramate-alanine ligase MurC and related ligases, MurC/Mpl family	AG-899-M07_01016	-1
CACBLI010000009.1	1290	2198	+	AG-899-M07_01016	AG-899-M07	302	OG0000330	K00075	UDP-N-acetylmuramate dehydrogenase [EC:1.3.1.98]	COG0812	MurB	UDP-N-acetylenolpyruvoylglucosamine reductase	AG-899-M07_01016	0
CACBLI010000009.1	2200	3114	+	AG-899-M07_01017	AG-899-M07	304	OG0000580	K01921	D-alanine-D-alanine ligase [EC:6.3.2.4]	COG1181	DdlA	D-alanine-D-alanine ligase or related ATP-grasp enzyme	AG-899-M07_01016	1
CACBLI010000009.1	3095	3769	+	AG-899-M07_01018	AG-899-M07	224	OG0000841	K03589	cell division protein FtsQ	COG1589	FtsQ	Cell division septal protein FtsQ	AG-899-M07_01016	2
CACBLI010000009.1	3759	4463	+	AG-899-M07_01019	AG-899-M07	234	OG0000537	NA	NA	NA	NA	NA	AG-899-M07_01016	3
CACBLI010000009.1	4530	5453	+	AG-899-M07_01020	AG-899-M07	307	OG0000300	K02535	UDP-3-O-[3-hydroxymyristoyl] N-acetylglucosamine deacetylase [EC:3.5.1.108]	COG0774	LpxC	UDP-3-O-acyl-N-acetylglucosamine deacetylase	AG-899-M07_01016	4
CACBLI010000009.1	5492	6352	+	AG-899-M07_01021	AG-899-M07	286	OG0000470	K05807	outer membrane protein assembly factor BamD	COG4105	BamD	Outer membrane protein assembly factor BamD, BamD/ComL family	AG-899-M07_01016	5
CACBMN010000004.1	27316	28401	+	AG-899-M19_00560	AG-899-M19	361	OG0000019	K01000	phospho-N-acetylmuramoyl-pentapeptide-transferase [EC:2.7.8.13]	COG0472	Rfe	UDP-N-acetylmuramyl pentapeptide phosphotransferase/UDP-N-acetylglucosamine-1-phosphate transferase/archaeal AglH	AG-899-M19_00565	-5
CACBMN010000004.1	28401	29684	+	AG-899-M19_00561	AG-899-M19	427	OG0000817	NA	NA	COG0771	MurD	UDP-N-acetylmuramoylalanine-D-glutamate ligase	AG-899-M19_00565	-4
CACBMN010000004.1	29671	30792	+	AG-899-M19_00562	AG-899-M19	373	OG0000615	NA	NA	COG0772	FtsW	Peptodoglycan polymerase FtsW/RodA/SpoVE	AG-899-M19_00565	-3
CACBMN010000004.1	30792	31865	+	AG-899-M19_00563	AG-899-M19	357	OG0000489	K02563	UDP-N-acetylglucosamine--N-acetylmuramyl-(pentapeptide) pyrophosphoryl-undecaprenol N-acetylglucosamine transferase [EC:2.4.1.227]	COG0707	MurG	UDP-N-acetylglucosamine:LPS N-acetylglucosamine transferase	AG-899-M19_00565	-2
CACBMN010000004.1	31855	33252	+	AG-899-M19_00564	AG-899-M19	465	OG0000265	K01924	UDP-N-acetylmuramate--alanine ligase [EC:6.3.2.8]	COG0773	MurC	UDP-N-acetylmuramate-alanine ligase MurC and related ligases, MurC/Mpl family	AG-899-M19_00565	-1
CACBMN010000004.1	33249	34157	+	AG-899-M19_00565	AG-899-M19	302	OG0000330	K00075	UDP-N-acetylmuramate dehydrogenase [EC:1.3.1.98]	COG0812	MurB	UDP-N-acetylenolpyruvoylglucosamine reductase	AG-899-M19_00565	0
CACBMN010000004.1	34158	35075	+	AG-899-M19_00566	AG-899-M19	305	OG0000580	K01921	D-alanine-D-alanine ligase [EC:6.3.2.4]	COG1181	DdlA	D-alanine-D-alanine ligase or related ATP-grasp enzyme	AG-899-M19_00565	1
CACBMN010000004.1	35056	35748	+	AG-899-M19_00567	AG-899-M19	230	OG0000841	K03589	cell division protein FtsQ	COG1589	FtsQ	Cell division septal protein FtsQ	AG-899-M19_00565	2
CACBMN010000004.1	35741	36886	+	AG-899-M19_00568	AG-899-M19	381	OG0000537	NA	NA	COG0849	FtsA	Cell division ATPase FtsA	AG-899-M19_00565	3
CACBMN010000004.1	36948	37871	+	AG-899-M19_00569	AG-899-M19	307	OG0000300	K02535	UDP-3-O-[3-hydroxymyristoyl] N-acetylglucosamine deacetylase [EC:3.5.1.108]	COG0774	LpxC	UDP-3-O-acyl-N-acetylglucosamine deacetylase	AG-899-M19_00565	4
CACBMN010000004.1	37908	38744	+	AG-899-M19_00570	AG-899-M19	278	OG0000470	K05807	outer membrane protein assembly factor BamD	COG4105	BamD	Outer membrane protein assembly factor BamD, BamD/ComL family	AG-899-M19_00565	5
CACBOD010000003.1	30014	30850	-	AG-899-O04_00480	AG-899-O04	278	OG0000470	K05807	outer membrane protein assembly factor BamD	COG4105	BamD	Outer membrane protein assembly factor BamD, BamD/ComL family	AG-899-O04_00485	-5
CACBOD010000003.1	30889	31809	-	AG-899-O04_00481	AG-899-O04	306	OG0000300	K02535	UDP-3-O-[3-hydroxymyristoyl] N-acetylglucosamine deacetylase [EC:3.5.1.108]	COG0774	LpxC	UDP-3-O-acyl-N-acetylglucosamine deacetylase	AG-899-O04_00485	-4
CACBOD010000003.1	31872	33035	-	AG-899-O04_00482	AG-899-O04	387	OG0000537	NA	NA	COG0849	FtsA	Cell division ATPase FtsA	AG-899-O04_00485	-3
CACBOD010000003.1	33022	33720	-	AG-899-O04_00483	AG-899-O04	232	OG0000841	K03589	cell division protein FtsQ	COG1589	FtsQ	Cell division septal protein FtsQ	AG-899-O04_00485	-2
CACBOD010000003.1	33701	34621	-	AG-899-O04_00484	AG-899-O04	306	OG0000580	K01921	D-alanine-D-alanine ligase [EC:6.3.2.4]	COG1181	DdlA	D-alanine-D-alanine ligase or related ATP-grasp enzyme	AG-899-O04_00485	-1
CACBOD010000003.1	34621	35529	-	AG-899-O04_00485	AG-899-O04	302	OG0000330	K00075	UDP-N-acetylmuramate dehydrogenase [EC:1.3.1.98]	COG0812	MurB	UDP-N-acetylenolpyruvoylglucosamine reductase	AG-899-O04_00485	0
CACBOD010000003.1	35531	36913	-	AG-899-O04_00486	AG-899-O04	460	OG0000265	K01924	UDP-N-acetylmuramate--alanine ligase [EC:6.3.2.8]	COG0773	MurC	UDP-N-acetylmuramate-alanine ligase MurC and related ligases, MurC/Mpl family	AG-899-O04_00485	1
CACBOD010000003.1	36903	37979	-	AG-899-O04_00487	AG-899-O04	358	OG0000489	K02563	UDP-N-acetylglucosamine--N-acetylmuramyl-(pentapeptide) pyrophosphoryl-undecaprenol N-acetylglucosamine transferase [EC:2.4.1.227]	COG0707	MurG	UDP-N-acetylglucosamine:LPS N-acetylglucosamine transferase	AG-899-O04_00485	2
CACBOD010000003.1	37981	39090	-	AG-899-O04_00488	AG-899-O04	369	OG0000615	NA	NA	COG0772	FtsW	Peptodoglycan polymerase FtsW/RodA/SpoVE	AG-899-O04_00485	3
CACBOD010000003.1	39087	40376	-	AG-899-O04_00489	AG-899-O04	429	OG0000817	NA	NA	COG0771	MurD	UDP-N-acetylmuramoylalanine-D-glutamate ligase	AG-899-O04_00485	4
CACBOD010000003.1	40376	41461	-	AG-899-O04_00490	AG-899-O04	361	OG0000019	K01000	phospho-N-acetylmuramoyl-pentapeptide-transferase [EC:2.7.8.13]	COG0472	Rfe	UDP-N-acetylmuramyl pentapeptide phosphotransferase/UDP-N-acetylglucosamine-1-phosphate transferase/archaeal AglH	AG-899-O04_00485	5
CACBXW010000005.1	37225	38310	+	AG-900-G16_01114	AG-900-G16	361	OG0000019	K01000	phospho-N-acetylmuramoyl-pentapeptide-transferase [EC:2.7.8.13]	COG0472	Rfe	UDP-N-acetylmuramyl pentapeptide phosphotransferase/UDP-N-acetylglucosamine-1-phosphate transferase/archaeal AglH	AG-900-G16_01119	-5
CACBXW010000005.1	38310	39599	+	AG-900-G16_01115	AG-900-G16	429	OG0000817	NA	NA	COG0771	MurD	UDP-N-acetylmuramoylalanine-D-glutamate ligase	AG-900-G16_01119	-4
CACBXW010000005.1	39596	40705	+	AG-900-G16_01116	AG-900-G16	369	OG0000615	NA	NA	COG0772	FtsW	Peptodoglycan polymerase FtsW/RodA/SpoVE	AG-900-G16_01119	-3
CACBXW010000005.1	40707	41783	+	AG-900-G16_01117	AG-900-G16	358	OG0000489	K02563	UDP-N-acetylglucosamine--N-acetylmuramyl-(pentapeptide) pyrophosphoryl-undecaprenol N-acetylglucosamine transferase [EC:2.4.1.227]	COG0707	MurG	UDP-N-acetylglucosamine:LPS N-acetylglucosamine transferase	AG-900-G16_01119	-2
CACBXW010000005.1	41773	43155	+	AG-900-G16_01118	AG-900-G16	460	OG0000265	K01924	UDP-N-acetylmuramate--alanine ligase [EC:6.3.2.8]	COG0773	MurC	UDP-N-acetylmuramate-alanine ligase MurC and related ligases, MurC/Mpl family	AG-900-G16_01119	-1
CACBXW010000005.1	43157	44065	+	AG-900-G16_01119	AG-900-G16	302	OG0000330	K00075	UDP-N-acetylmuramate dehydrogenase [EC:1.3.1.98]	COG0812	MurB	UDP-N-acetylenolpyruvoylglucosamine reductase	AG-900-G16_01119	0
CACBXW010000005.1	44062	44985	+	AG-900-G16_01120	AG-900-G16	307	OG0000580	K01921	D-alanine-D-alanine ligase [EC:6.3.2.4]	COG1181	DdlA	D-alanine-D-alanine ligase or related ATP-grasp enzyme	AG-900-G16_01119	1
CACBXW010000005.1	44966	45655	+	AG-900-G16_01121	AG-900-G16	229	OG0000841	K03589	cell division protein FtsQ	COG1589	FtsQ	Cell division septal protein FtsQ	AG-900-G16_01119	2
CACBXW010000005.1	45648	46814	+	AG-900-G16_01122	AG-900-G16	388	OG0000537	K03590	cell division protein FtsA	COG0849	FtsA	Cell division ATPase FtsA	AG-900-G16_01119	3
CACBXW010000005.1	46877	47797	+	AG-900-G16_01123	AG-900-G16	306	OG0000300	K02535	UDP-3-O-[3-hydroxymyristoyl] N-acetylglucosamine deacetylase [EC:3.5.1.108]	COG0774	LpxC	UDP-3-O-acyl-N-acetylglucosamine deacetylase	AG-900-G16_01119	4
CACBXW010000005.1	47836	48669	+	AG-900-G16_01124	AG-900-G16	277	OG0000470	K05807	outer membrane protein assembly factor BamD	COG4105	BamD	Outer membrane protein assembly factor BamD, BamD/ComL family	AG-900-G16_01119	5
CACBYP010000005.1	114024	114860	-	AG-900-I13_00903	AG-900-I13	278	OG0000470	K05807	outer membrane protein assembly factor BamD	COG4105	BamD	Outer membrane protein assembly factor BamD, BamD/ComL family	AG-900-I13_00908	-5
CACBYP010000005.1	114899	115819	-	AG-900-I13_00904	AG-900-I13	306	OG0000300	K02535	UDP-3-O-[3-hydroxymyristoyl] N-acetylglucosamine deacetylase [EC:3.5.1.108]	COG0774	LpxC	UDP-3-O-acyl-N-acetylglucosamine deacetylase	AG-900-I13_00908	-4
CACBYP010000005.1	115882	117045	-	AG-900-I13_00905	AG-900-I13	387	OG0000537	K03590	cell division protein FtsA	COG0849	FtsA	Cell division ATPase FtsA	AG-900-I13_00908	-3
CACBYP010000005.1	117038	117727	-	AG-900-I13_00906	AG-900-I13	229	OG0000841	K03589	cell division protein FtsQ	COG1589	FtsQ	Cell division septal protein FtsQ	AG-900-I13_00908	-2
CACBYP010000005.1	117708	118628	-	AG-900-I13_00907	AG-900-I13	306	OG0000580	K01921	D-alanine-D-alanine ligase [EC:6.3.2.4]	COG1181	DdlA	D-alanine-D-alanine ligase or related ATP-grasp enzyme	AG-900-I13_00908	-1
CACBYP010000005.1	118628	119536	-	AG-900-I13_00908	AG-900-I13	302	OG0000330	K00075	UDP-N-acetylmuramate dehydrogenase [EC:1.3.1.98]	COG0812	MurB	UDP-N-acetylenolpyruvoylglucosamine reductase	AG-900-I13_00908	0
CACBYP010000005.1	119538	120920	-	AG-900-I13_00909	AG-900-I13	460	OG0000265	K01924	UDP-N-acetylmuramate--alanine ligase [EC:6.3.2.8]	COG0773	MurC	UDP-N-acetylmuramate-alanine ligase MurC and related ligases, MurC/Mpl family	AG-900-I13_00908	1
CACBYP010000005.1	120910	121986	-	AG-900-I13_00910	AG-900-I13	358	OG0000489	K02563	UDP-N-acetylglucosamine--N-acetylmuramyl-(pentapeptide) pyrophosphoryl-undecaprenol N-acetylglucosamine transferase [EC:2.4.1.227]	COG0707	MurG	UDP-N-acetylglucosamine:LPS N-acetylglucosamine transferase	AG-900-I13_00908	2
CACBYP010000005.1	121988	123097	-	AG-900-I13_00911	AG-900-I13	369	OG0000615	NA	NA	COG0772	FtsW	Peptodoglycan polymerase FtsW/RodA/SpoVE	AG-900-I13_00908	3
CACBYP010000005.1	123094	124383	-	AG-900-I13_00912	AG-900-I13	429	OG0000817	NA	NA	COG0771	MurD	UDP-N-acetylmuramoylalanine-D-glutamate ligase	AG-900-I13_00908	4
CACBYP010000005.1	124383	125468	-	AG-900-I13_00913	AG-900-I13	361	OG0000019	K01000	phospho-N-acetylmuramoyl-pentapeptide-transferase [EC:2.7.8.13]	COG0472	Rfe	UDP-N-acetylmuramyl pentapeptide phosphotransferase/UDP-N-acetylglucosamine-1-phosphate transferase/archaeal AglH	AG-900-I13_00908	5
CACBYV010000001.1	891	1799	-	AG-900-I19_00001	AG-900-I19	302	OG0000330	K00075	UDP-N-acetylmuramate dehydrogenase [EC:1.3.1.98]	COG0812	MurB	UDP-N-acetylenolpyruvoylglucosamine reductase	AG-900-I19_00001	0
CACBYV010000001.1	1801	3183	-	AG-900-I19_00002	AG-900-I19	460	OG0000265	K01924	UDP-N-acetylmuramate--alanine ligase [EC:6.3.2.8]	COG0773	MurC	UDP-N-acetylmuramate-alanine ligase MurC and related ligases, MurC/Mpl family	AG-900-I19_00001	1
CACBYV010000001.1	3173	4249	-	AG-900-I19_00003	AG-900-I19	358	OG0000489	K02563	UDP-N-acetylglucosamine--N-acetylmuramyl-(pentapeptide) pyrophosphoryl-undecaprenol N-acetylglucosamine transferase [EC:2.4.1.227]	COG0707	MurG	UDP-N-acetylglucosamine:LPS N-acetylglucosamine transferase	AG-900-I19_00001	2
CACBYV010000001.1	4250	5359	-	AG-900-I19_00004	AG-900-I19	369	OG0000615	NA	NA	COG0772	FtsW	Peptodoglycan polymerase FtsW/RodA/SpoVE	AG-900-I19_00001	3
CACBYV010000001.1	5356	6645	-	AG-900-I19_00005	AG-900-I19	429	OG0000817	NA	NA	COG0771	MurD	UDP-N-acetylmuramoylalanine-D-glutamate ligase	AG-900-I19_00001	4
CACBYV010000001.1	6645	7730	-	AG-900-I19_00006	AG-900-I19	361	OG0000019	K01000	phospho-N-acetylmuramoyl-pentapeptide-transferase [EC:2.7.8.13]	COG0472	Rfe	UDP-N-acetylmuramyl pentapeptide phosphotransferase/UDP-N-acetylglucosamine-1-phosphate transferase/archaeal AglH	AG-900-I19_00001	5
CACCAS010000003.1	170679	171761	+	AG-900-K14_00798	AG-900-K14	360	OG0000019	K01000	phospho-N-acetylmuramoyl-pentapeptide-transferase [EC:2.7.8.13]	COG0472	Rfe	UDP-N-acetylmuramyl pentapeptide phosphotransferase/UDP-N-acetylglucosamine-1-phosphate transferase/archaeal AglH	AG-900-K14_00803	-5
CACCAS010000003.1	171766	173088	+	AG-900-K14_00799	AG-900-K14	440	OG0000817	NA	NA	COG0771	MurD	UDP-N-acetylmuramoylalanine-D-glutamate ligase	AG-900-K14_00803	-4
CACCAS010000003.1	173085	174191	+	AG-900-K14_00800	AG-900-K14	368	OG0000615	NA	NA	COG0772	FtsW	Peptodoglycan polymerase FtsW/RodA/SpoVE	AG-900-K14_00803	-3
CACCAS010000003.1	174207	175265	+	AG-900-K14_00801	AG-900-K14	352	OG0000489	K02563	UDP-N-acetylglucosamine--N-acetylmuramyl-(pentapeptide) pyrophosphoryl-undecaprenol N-acetylglucosamine transferase [EC:2.4.1.227]	COG0707	MurG	UDP-N-acetylglucosamine:LPS N-acetylglucosamine transferase	AG-900-K14_00803	-2
CACCAS010000003.1	175262	176653	+	AG-900-K14_00802	AG-900-K14	463	OG0000265	K01924	UDP-N-acetylmuramate--alanine ligase [EC:6.3.2.8]	COG0773	MurC	UDP-N-acetylmuramate-alanine ligase MurC and related ligases, MurC/Mpl family	AG-900-K14_00803	-1
CACCAS010000003.1	176646	177569	+	AG-900-K14_00803	AG-900-K14	307	OG0000330	K00075	UDP-N-acetylmuramate dehydrogenase [EC:1.3.1.98]	COG0812	MurB	UDP-N-acetylenolpyruvoylglucosamine reductase	AG-900-K14_00803	0
CACCAS010000003.1	177566	178477	+	AG-900-K14_00804	AG-900-K14	303	OG0000580	K01921	D-alanine-D-alanine ligase [EC:6.3.2.4]	COG1181	DdlA	D-alanine-D-alanine ligase or related ATP-grasp enzyme	AG-900-K14_00803	1
CACCAS010000003.1	178458	179195	+	AG-900-K14_00805	AG-900-K14	245	OG0000841	K03589	cell division protein FtsQ	COG1589	FtsQ	Cell division septal protein FtsQ	AG-900-K14_00803	2
CACCAS010000003.1	179195	180385	+	AG-900-K14_00806	AG-900-K14	396	OG0000537	K03590	cell division protein FtsA	COG0849	FtsA	Cell division ATPase FtsA	AG-900-K14_00803	3
CACCAS010000003.1	180455	181384	+	AG-900-K14_00807	AG-900-K14	309	OG0000300	K02535	UDP-3-O-[3-hydroxymyristoyl] N-acetylglucosamine deacetylase [EC:3.5.1.108]	COG0774	LpxC	UDP-3-O-acyl-N-acetylglucosamine deacetylase	AG-900-K14_00803	4
CACCAS010000003.1	181437	182195	+	AG-900-K14_00808	AG-900-K14	252	OG0000470	K05807	outer membrane protein assembly factor BamD	COG4105	BamD	Outer membrane protein assembly factor BamD, BamD/ComL family	AG-900-K14_00803	5
CACCBF010000003.1	28743	29828	+	AG-900-K21_00500	AG-900-K21	361	OG0000019	K01000	phospho-N-acetylmuramoyl-pentapeptide-transferase [EC:2.7.8.13]	COG0472	Rfe	UDP-N-acetylmuramyl pentapeptide phosphotransferase/UDP-N-acetylglucosamine-1-phosphate transferase/archaeal AglH	AG-900-K21_00505	-5
CACCBF010000003.1	29771	31108	+	AG-900-K21_00501	AG-900-K21	445	OG0000817	NA	NA	COG0771	MurD	UDP-N-acetylmuramoylalanine-D-glutamate ligase	AG-900-K21_00505	-4
CACCBF010000003.1	31101	32225	+	AG-900-K21_00502	AG-900-K21	374	OG0000615	NA	NA	COG0772	FtsW	Peptodoglycan polymerase FtsW/RodA/SpoVE	AG-900-K21_00505	-3
CACCBF010000003.1	32227	33288	+	AG-900-K21_00503	AG-900-K21	353	OG0000489	K02563	UDP-N-acetylglucosamine--N-acetylmuramyl-(pentapeptide) pyrophosphoryl-undecaprenol N-acetylglucosamine transferase [EC:2.4.1.227]	COG0707	MurG	UDP-N-acetylglucosamine:LPS N-acetylglucosamine transferase	AG-900-K21_00505	-2
CACCBF010000003.1	33278	34675	+	AG-900-K21_00504	AG-900-K21	465	OG0000265	K01924	UDP-N-acetylmuramate--alanine ligase [EC:6.3.2.8]	COG0773	MurC	UDP-N-acetylmuramate-alanine ligase MurC and related ligases, MurC/Mpl family	AG-900-K21_00505	-1
CACCBF010000003.1	34672	35580	+	AG-900-K21_00505	AG-900-K21	302	OG0000330	K00075	UDP-N-acetylmuramate dehydrogenase [EC:1.3.1.98]	COG0812	MurB	UDP-N-acetylenolpyruvoylglucosamine reductase	AG-900-K21_00505	0
CACCBF010000003.1	35582	36496	+	AG-900-K21_00506	AG-900-K21	304	OG0000580	K01921	D-alanine-D-alanine ligase [EC:6.3.2.4]	COG1181	DdlA	D-alanine-D-alanine ligase or related ATP-grasp enzyme	AG-900-K21_00505	1
CACCBF010000003.1	36477	37151	+	AG-900-K21_00507	AG-900-K21	224	OG0000841	K03589	cell division protein FtsQ	COG1589	FtsQ	Cell division septal protein FtsQ	AG-900-K21_00505	2
CACCBF010000003.1	37141	37845	+	AG-900-K21_00508	AG-900-K21	234	OG0000537	NA	NA	NA	NA	NA	AG-900-K21_00505	3
CACCBF010000003.1	37908	38828	+	AG-900-K21_00509	AG-900-K21	306	OG0000300	K02535	UDP-3-O-[3-hydroxymyristoyl] N-acetylglucosamine deacetylase [EC:3.5.1.108]	COG0774	LpxC	UDP-3-O-acyl-N-acetylglucosamine deacetylase	AG-900-K21_00505	4
CACCBF010000003.1	38875	39723	+	AG-900-K21_00510	AG-900-K21	282	OG0000470	K05807	outer membrane protein assembly factor BamD	COG4105	BamD	Outer membrane protein assembly factor BamD, BamD/ComL family	AG-900-K21_00505	5
CACCCN010000003.1	154182	155267	+	AG-900-M14_00720	AG-900-M14	361	OG0000019	K01000	phospho-N-acetylmuramoyl-pentapeptide-transferase [EC:2.7.8.13]	COG0472	Rfe	UDP-N-acetylmuramyl pentapeptide phosphotransferase/UDP-N-acetylglucosamine-1-phosphate transferase/archaeal AglH	AG-900-M14_00725	-5
CACCCN010000003.1	155271	156623	+	AG-900-M14_00721	AG-900-M14	450	OG0000817	K01925	UDP-N-acetylmuramoylalanine--D-glutamate ligase [EC:6.3.2.9]	COG0771	MurD	UDP-N-acetylmuramoylalanine-D-glutamate ligase	AG-900-M14_00725	-4
CACCCN010000003.1	156629	157747	+	AG-900-M14_00722	AG-900-M14	372	OG0000615	NA	NA	COG0772	FtsW	Peptodoglycan polymerase FtsW/RodA/SpoVE	AG-900-M14_00725	-3
CACCCN010000003.1	157764	158828	+	AG-900-M14_00723	AG-900-M14	354	OG0000489	K02563	UDP-N-acetylglucosamine--N-acetylmuramyl-(pentapeptide) pyrophosphoryl-undecaprenol N-acetylglucosamine transferase [EC:2.4.1.227]	COG0707	MurG	UDP-N-acetylglucosamine:LPS N-acetylglucosamine transferase	AG-900-M14_00725	-2
CACCCN010000003.1	158815	160209	+	AG-900-M14_00724	AG-900-M14	464	OG0000265	K01924	UDP-N-acetylmuramate--alanine ligase [EC:6.3.2.8]	COG0773	MurC	UDP-N-acetylmuramate-alanine ligase MurC and related ligases, MurC/Mpl family	AG-900-M14_00725	-1
CACCCN010000003.1	160210	161136	+	AG-900-M14_00725	AG-900-M14	308	OG0000330	K00075	UDP-N-acetylmuramate dehydrogenase [EC:1.3.1.98]	COG0812	MurB	UDP-N-acetylenolpyruvoylglucosamine reductase	AG-900-M14_00725	0
CACCCN010000003.1	161142	162071	+	AG-900-M14_00726	AG-900-M14	309	OG0000580	K01921	D-alanine-D-alanine ligase [EC:6.3.2.4]	COG1181	DdlA	D-alanine-D-alanine ligase or related ATP-grasp enzyme	AG-900-M14_00725	1
CACCCN010000003.1	162052	162798	+	AG-900-M14_00727	AG-900-M14	248	OG0000841	K03589	cell division protein FtsQ	COG1589	FtsQ	Cell division septal protein FtsQ	AG-900-M14_00725	2
CACCCN010000003.1	162804	163985	+	AG-900-M14_00728	AG-900-M14	393	OG0000537	K03590	cell division protein FtsA	COG0849	FtsA	Cell division ATPase FtsA	AG-900-M14_00725	3
CACCCN010000003.1	164053	164988	+	AG-900-M14_00729	AG-900-M14	311	OG0000300	K02535	UDP-3-O-[3-hydroxymyristoyl] N-acetylglucosamine deacetylase [EC:3.5.1.108]	COG0774	LpxC	UDP-3-O-acyl-N-acetylglucosamine deacetylase	AG-900-M14_00725	4
CACCCN010000003.1	165046	165810	+	AG-900-M14_00730	AG-900-M14	254	OG0000470	K05807	outer membrane protein assembly factor BamD	COG4105	BamD	Outer membrane protein assembly factor BamD, BamD/ComL family	AG-900-M14_00725	5
CACCND010000001.1	197506	198270	-	AG-901-G03_00203	AG-901-G03	254	OG0000470	K05807	outer membrane protein assembly factor BamD	COG4105	BamD	Outer membrane protein assembly factor BamD, BamD/ComL family	AG-901-G03_00208	-5
CACCND010000001.1	198321	199247	-	AG-901-G03_00204	AG-901-G03	308	OG0000300	K02535	UDP-3-O-[3-hydroxymyristoyl] N-acetylglucosamine deacetylase [EC:3.5.1.108]	COG0774	LpxC	UDP-3-O-acyl-N-acetylglucosamine deacetylase	AG-901-G03_00208	-4
CACCND010000001.1	199312	200499	-	AG-901-G03_00205	AG-901-G03	395	OG0000537	K03590	cell division protein FtsA	COG0849	FtsA	Cell division ATPase FtsA	AG-901-G03_00208	-3
CACCND010000001.1	200499	201236	-	AG-901-G03_00206	AG-901-G03	245	OG0000841	K03589	cell division protein FtsQ	COG1589	FtsQ	Cell division septal protein FtsQ	AG-901-G03_00208	-2
CACCND010000001.1	201220	202128	-	AG-901-G03_00207	AG-901-G03	302	OG0000580	K01921	D-alanine-D-alanine ligase [EC:6.3.2.4]	COG1181	DdlA	D-alanine-D-alanine ligase or related ATP-grasp enzyme	AG-901-G03_00208	-1
CACCND010000001.1	202125	203048	-	AG-901-G03_00208	AG-901-G03	307	OG0000330	K00075	UDP-N-acetylmuramate dehydrogenase [EC:1.3.1.98]	COG0812	MurB	UDP-N-acetylenolpyruvoylglucosamine reductase	AG-901-G03_00208	0
CACCND010000001.1	203041	204432	-	AG-901-G03_00209	AG-901-G03	463	OG0000265	K01924	UDP-N-acetylmuramate--alanine ligase [EC:6.3.2.8]	COG0773	MurC	UDP-N-acetylmuramate-alanine ligase MurC and related ligases, MurC/Mpl family	AG-901-G03_00208	1
CACCND010000001.1	204429	205487	-	AG-901-G03_00210	AG-901-G03	352	OG0000489	K02563	UDP-N-acetylglucosamine--N-acetylmuramyl-(pentapeptide) pyrophosphoryl-undecaprenol N-acetylglucosamine transferase [EC:2.4.1.227]	COG0707	MurG	UDP-N-acetylglucosamine:LPS N-acetylglucosamine transferase	AG-901-G03_00208	2
CACCND010000001.1	205497	206609	-	AG-901-G03_00211	AG-901-G03	370	OG0000615	NA	NA	COG0772	FtsW	Peptodoglycan polymerase FtsW/RodA/SpoVE	AG-901-G03_00208	3
CACCND010000001.1	206609	207925	-	AG-901-G03_00212	AG-901-G03	438	OG0000817	NA	NA	COG0771	MurD	UDP-N-acetylmuramoylalanine-D-glutamate ligase	AG-901-G03_00208	4
CACCND010000001.1	207930	209012	-	AG-901-G03_00213	AG-901-G03	360	OG0000019	K01000	phospho-N-acetylmuramoyl-pentapeptide-transferase [EC:2.7.8.13]	COG0472	Rfe	UDP-N-acetylmuramyl pentapeptide phosphotransferase/UDP-N-acetylglucosamine-1-phosphate transferase/archaeal AglH	AG-901-G03_00208	5
CACCOB010000001.1	194960	196045	+	AG-901-I06_00203	AG-901-I06	361	OG0000019	K01000	phospho-N-acetylmuramoyl-pentapeptide-transferase [EC:2.7.8.13]	COG0472	Rfe	UDP-N-acetylmuramyl pentapeptide phosphotransferase/UDP-N-acetylglucosamine-1-phosphate transferase/archaeal AglH	AG-901-I06_00208	-5
CACCOB010000001.1	196045	197352	+	AG-901-I06_00204	AG-901-I06	435	OG0000817	NA	NA	COG0771	MurD	UDP-N-acetylmuramoylalanine-D-glutamate ligase	AG-901-I06_00208	-4
CACCOB010000001.1	197345	198454	+	AG-901-I06_00205	AG-901-I06	369	OG0000615	NA	NA	COG0772	FtsW	Peptodoglycan polymerase FtsW/RodA/SpoVE	AG-901-I06_00208	-3
CACCOB010000001.1	198459	199535	+	AG-901-I06_00206	AG-901-I06	358	OG0000489	K02563	UDP-N-acetylglucosamine--N-acetylmuramyl-(pentapeptide) pyrophosphoryl-undecaprenol N-acetylglucosamine transferase [EC:2.4.1.227]	COG0707	MurG	UDP-N-acetylglucosamine:LPS N-acetylglucosamine transferase	AG-901-I06_00208	-2
CACCOB010000001.1	199525	200916	+	AG-901-I06_00207	AG-901-I06	463	OG0000265	K01924	UDP-N-acetylmuramate--alanine ligase [EC:6.3.2.8]	COG0773	MurC	UDP-N-acetylmuramate-alanine ligase MurC and related ligases, MurC/Mpl family	AG-901-I06_00208	-1
CACCOB010000001.1	200916	201824	+	AG-901-I06_00208	AG-901-I06	302	OG0000330	K00075	UDP-N-acetylmuramate dehydrogenase [EC:1.3.1.98]	COG0812	MurB	UDP-N-acetylenolpyruvoylglucosamine reductase	AG-901-I06_00208	0
CACCOB010000001.1	201824	202744	+	AG-901-I06_00209	AG-901-I06	306	OG0000580	K01921	D-alanine-D-alanine ligase [EC:6.3.2.4]	COG1181	DdlA	D-alanine-D-alanine ligase or related ATP-grasp enzyme	AG-901-I06_00208	1
CACCOB010000001.1	202725	203420	+	AG-901-I06_00210	AG-901-I06	231	OG0000841	K03589	cell division protein FtsQ	COG1589	FtsQ	Cell division septal protein FtsQ	AG-901-I06_00208	2
CACCOB010000001.1	203413	204579	+	AG-901-I06_00211	AG-901-I06	388	OG0000537	NA	NA	COG0849	FtsA	Cell division ATPase FtsA	AG-901-I06_00208	3
CACCOB010000001.1	204642	205565	+	AG-901-I06_00212	AG-901-I06	307	OG0000300	K02535	UDP-3-O-[3-hydroxymyristoyl] N-acetylglucosamine deacetylase [EC:3.5.1.108]	COG0774	LpxC	UDP-3-O-acyl-N-acetylglucosamine deacetylase	AG-901-I06_00208	4
CACCOB010000001.1	205605	206444	+	AG-901-I06_00213	AG-901-I06	279	OG0000470	K05807	outer membrane protein assembly factor BamD	COG4105	BamD	Outer membrane protein assembly factor BamD, BamD/ComL family	AG-901-I06_00208	5
CACCOG010000011.1	5730	6521	-	AG-901-I21_01065	AG-901-I21	263	OG0000470	K05807	outer membrane protein assembly factor BamD	COG4105	BamD	Outer membrane protein assembly factor BamD, BamD/ComL family	AG-901-I21_01070	-5
CACCOG010000011.1	6601	7521	-	AG-901-I21_01066	AG-901-I21	306	OG0000300	K02535	UDP-3-O-[3-hydroxymyristoyl] N-acetylglucosamine deacetylase [EC:3.5.1.108]	COG0774	LpxC	UDP-3-O-acyl-N-acetylglucosamine deacetylase	AG-901-I21_01070	-4
CACCOG010000011.1	7588	8298	-	AG-901-I21_01067	AG-901-I21	236	OG0000537	NA	NA	NA	NA	NA	AG-901-I21_01070	-3
CACCOG010000011.1	8291	8965	-	AG-901-I21_01068	AG-901-I21	224	OG0000841	K03589	cell division protein FtsQ	COG1589	FtsQ	Cell division septal protein FtsQ	AG-901-I21_01070	-2
CACCOG010000011.1	8946	9857	-	AG-901-I21_01069	AG-901-I21	303	OG0000580	K01921	D-alanine-D-alanine ligase [EC:6.3.2.4]	COG1181	DdlA	D-alanine-D-alanine ligase or related ATP-grasp enzyme	AG-901-I21_01070	-1
CACCOG010000011.1	9858	10766	-	AG-901-I21_01070	AG-901-I21	302	OG0000330	K00075	UDP-N-acetylmuramate dehydrogenase [EC:1.3.1.98]	COG0812	MurB	UDP-N-acetylenolpyruvoylglucosamine reductase	AG-901-I21_01070	0
CACCOG010000011.1	10766	12166	-	AG-901-I21_01071	AG-901-I21	466	OG0000265	K01924	UDP-N-acetylmuramate--alanine ligase [EC:6.3.2.8]	COG0773	MurC	UDP-N-acetylmuramate-alanine ligase MurC and related ligases, MurC/Mpl family	AG-901-I21_01070	1
CACCOG010000011.1	12169	13230	-	AG-901-I21_01072	AG-901-I21	353	OG0000489	K02563	UDP-N-acetylglucosamine--N-acetylmuramyl-(pentapeptide) pyrophosphoryl-undecaprenol N-acetylglucosamine transferase [EC:2.4.1.227]	COG0707	MurG	UDP-N-acetylglucosamine:LPS N-acetylglucosamine transferase	AG-901-I21_01070	2
CACCOG010000011.1	13235	13948	-	AG-901-I21_01073	AG-901-I21	237	OG0000615	NA	NA	COG0772	FtsW	Peptodoglycan polymerase FtsW/RodA/SpoVE	AG-901-I21_01070	3
CACCXN010000011.1	5649	6485	-	AG-903-C11_00950	AG-903-C11	278	OG0000470	K05807	outer membrane protein assembly factor BamD	COG4105	BamD	Outer membrane protein assembly factor BamD, BamD/ComL family	AG-903-C11_00955	-5
CACCXN010000011.1	6524	7444	-	AG-903-C11_00951	AG-903-C11	306	OG0000300	K02535	UDP-3-O-[3-hydroxymyristoyl] N-acetylglucosamine deacetylase [EC:3.5.1.108]	COG0774	LpxC	UDP-3-O-acyl-N-acetylglucosamine deacetylase	AG-903-C11_00955	-4
CACCXN010000011.1	7507	8673	-	AG-903-C11_00952	AG-903-C11	388	OG0000537	K03590	cell division protein FtsA	COG0849	FtsA	Cell division ATPase FtsA	AG-903-C11_00955	-3
CACCXN010000011.1	8666	9355	-	AG-903-C11_00953	AG-903-C11	229	OG0000841	K03589	cell division protein FtsQ	COG1589	FtsQ	Cell division septal protein FtsQ	AG-903-C11_00955	-2
CACCXN010000011.1	9336	10256	-	AG-903-C11_00954	AG-903-C11	306	OG0000580	K01921	D-alanine-D-alanine ligase [EC:6.3.2.4]	COG1181	DdlA	D-alanine-D-alanine ligase or related ATP-grasp enzyme	AG-903-C11_00955	-1
CACCXN010000011.1	10256	11164	-	AG-903-C11_00955	AG-903-C11	302	OG0000330	K00075	UDP-N-acetylmuramate dehydrogenase [EC:1.3.1.98]	COG0812	MurB	UDP-N-acetylenolpyruvoylglucosamine reductase	AG-903-C11_00955	0
CACCXN010000011.1	11166	12548	-	AG-903-C11_00956	AG-903-C11	460	OG0000265	K01924	UDP-N-acetylmuramate--alanine ligase [EC:6.3.2.8]	COG0773	MurC	UDP-N-acetylmuramate-alanine ligase MurC and related ligases, MurC/Mpl family	AG-903-C11_00955	1
CACCXN010000011.1	12538	13614	-	AG-903-C11_00957	AG-903-C11	358	OG0000489	K02563	UDP-N-acetylglucosamine--N-acetylmuramyl-(pentapeptide) pyrophosphoryl-undecaprenol N-acetylglucosamine transferase [EC:2.4.1.227]	COG0707	MurG	UDP-N-acetylglucosamine:LPS N-acetylglucosamine transferase	AG-903-C11_00955	2
CACCXN010000011.1	13616	14725	-	AG-903-C11_00958	AG-903-C11	369	OG0000615	NA	NA	COG0772	FtsW	Peptodoglycan polymerase FtsW/RodA/SpoVE	AG-903-C11_00955	3
CACCXN010000011.1	14725	16011	-	AG-903-C11_00959	AG-903-C11	428	OG0000817	NA	NA	COG0771	MurD	UDP-N-acetylmuramoylalanine-D-glutamate ligase	AG-903-C11_00955	4
CACCXN010000011.1	16011	17096	-	AG-903-C11_00960	AG-903-C11	361	OG0000019	K01000	phospho-N-acetylmuramoyl-pentapeptide-transferase [EC:2.7.8.13]	COG0472	Rfe	UDP-N-acetylmuramyl pentapeptide phosphotransferase/UDP-N-acetylglucosamine-1-phosphate transferase/archaeal AglH	AG-903-C11_00955	5
CACDAB010000003.1	5933	6781	-	AG-903-F09_00425	AG-903-F09	282	OG0000470	K05807	outer membrane protein assembly factor BamD	COG4105	BamD	Outer membrane protein assembly factor BamD, BamD/ComL family	AG-903-F09_00430	-5
CACDAB010000003.1	6829	7749	-	AG-903-F09_00426	AG-903-F09	306	OG0000300	K02535	UDP-3-O-[3-hydroxymyristoyl] N-acetylglucosamine deacetylase [EC:3.5.1.108]	COG0774	LpxC	UDP-3-O-acyl-N-acetylglucosamine deacetylase	AG-903-F09_00430	-4
CACDAB010000003.1	7813	8517	-	AG-903-F09_00427	AG-903-F09	234	OG0000537	NA	NA	NA	NA	NA	AG-903-F09_00430	-3
CACDAB010000003.1	8510	9178	-	AG-903-F09_00428	AG-903-F09	222	OG0000841	K03589	cell division protein FtsQ	COG1589	FtsQ	Cell division septal protein FtsQ	AG-903-F09_00430	-2
CACDAB010000003.1	9159	10070	-	AG-903-F09_00429	AG-903-F09	303	OG0000580	K01921	D-alanine-D-alanine ligase [EC:6.3.2.4]	COG1181	DdlA	D-alanine-D-alanine ligase or related ATP-grasp enzyme	AG-903-F09_00430	-1
CACDAB010000003.1	10072	10980	-	AG-903-F09_00430	AG-903-F09	302	OG0000330	K00075	UDP-N-acetylmuramate dehydrogenase [EC:1.3.1.98]	COG0812	MurB	UDP-N-acetylenolpyruvoylglucosamine reductase	AG-903-F09_00430	0
CACDAB010000003.1	10980	12374	-	AG-903-F09_00431	AG-903-F09	464	OG0000265	K01924	UDP-N-acetylmuramate--alanine ligase [EC:6.3.2.8]	COG0773	MurC	UDP-N-acetylmuramate-alanine ligase MurC and related ligases, MurC/Mpl family	AG-903-F09_00430	1
CACDAB010000003.1	12364	13428	-	AG-903-F09_00432	AG-903-F09	354	OG0000489	K02563	UDP-N-acetylglucosamine--N-acetylmuramyl-(pentapeptide) pyrophosphoryl-undecaprenol N-acetylglucosamine transferase [EC:2.4.1.227]	COG0707	MurG	UDP-N-acetylglucosamine:LPS N-acetylglucosamine transferase	AG-903-F09_00430	2
CACDAB010000003.1	13421	14554	-	AG-903-F09_00433	AG-903-F09	377	OG0000615	NA	NA	COG0772	FtsW	Peptodoglycan polymerase FtsW/RodA/SpoVE	AG-903-F09_00430	3
CACDAB010000003.1	14544	15830	-	AG-903-F09_00434	AG-903-F09	428	OG0000817	NA	NA	COG0771	MurD	UDP-N-acetylmuramoylalanine-D-glutamate ligase	AG-903-F09_00430	4
CACDAB010000003.1	15827	16912	-	AG-903-F09_00435	AG-903-F09	361	OG0000019	K01000	phospho-N-acetylmuramoyl-pentapeptide-transferase [EC:2.7.8.13]	COG0472	Rfe	UDP-N-acetylmuramyl pentapeptide phosphotransferase/UDP-N-acetylglucosamine-1-phosphate transferase/archaeal AglH	AG-903-F09_00430	5
CACDFI010000004.1	37830	38669	-	AG-903-L07_00734	AG-903-L07	279	OG0000470	K05807	outer membrane protein assembly factor BamD	COG4105	BamD	Outer membrane protein assembly factor BamD, BamD/ComL family	AG-903-L07_00739	-5
CACDFI010000004.1	38708	39631	-	AG-903-L07_00735	AG-903-L07	307	OG0000300	K02535	UDP-3-O-[3-hydroxymyristoyl] N-acetylglucosamine deacetylase [EC:3.5.1.108]	COG0774	LpxC	UDP-3-O-acyl-N-acetylglucosamine deacetylase	AG-903-L07_00739	-4
CACDFI010000004.1	39693	40865	-	AG-903-L07_00736	AG-903-L07	390	OG0000537	NA	NA	COG0849	FtsA	Cell division ATPase FtsA	AG-903-L07_00739	-3
CACDFI010000004.1	40825	41511	-	AG-903-L07_00737	AG-903-L07	228	OG0000841	K03589	cell division protein FtsQ	COG1589	FtsQ	Cell division septal protein FtsQ	AG-903-L07_00739	-2
CACDFI010000004.1	41492	42412	-	AG-903-L07_00738	AG-903-L07	306	OG0000580	K01921	D-alanine-D-alanine ligase [EC:6.3.2.4]	COG1181	DdlA	D-alanine-D-alanine ligase or related ATP-grasp enzyme	AG-903-L07_00739	-1
CACDFI010000004.1	42412	43320	-	AG-903-L07_00739	AG-903-L07	302	OG0000330	K00075	UDP-N-acetylmuramate dehydrogenase [EC:1.3.1.98]	COG0812	MurB	UDP-N-acetylenolpyruvoylglucosamine reductase	AG-903-L07_00739	0
CACDFI010000004.1	43320	44711	-	AG-903-L07_00740	AG-903-L07	463	OG0000265	K01924	UDP-N-acetylmuramate--alanine ligase [EC:6.3.2.8]	COG0773	MurC	UDP-N-acetylmuramate-alanine ligase MurC and related ligases, MurC/Mpl family	AG-903-L07_00739	1
CACDFI010000004.1	44701	45774	-	AG-903-L07_00741	AG-903-L07	357	OG0000489	K02563	UDP-N-acetylglucosamine--N-acetylmuramyl-(pentapeptide) pyrophosphoryl-undecaprenol N-acetylglucosamine transferase [EC:2.4.1.227]	COG0707	MurG	UDP-N-acetylglucosamine:LPS N-acetylglucosamine transferase	AG-903-L07_00739	2
CACDFI010000004.1	45779	46888	-	AG-903-L07_00742	AG-903-L07	369	OG0000615	NA	NA	COG0772	FtsW	Peptodoglycan polymerase FtsW/RodA/SpoVE	AG-903-L07_00739	3
CACDFI010000004.1	46885	48189	-	AG-903-L07_00743	AG-903-L07	434	OG0000817	NA	NA	COG0771	MurD	UDP-N-acetylmuramoylalanine-D-glutamate ligase	AG-903-L07_00739	4
CACDFI010000004.1	48189	49274	-	AG-903-L07_00744	AG-903-L07	361	OG0000019	K01000	phospho-N-acetylmuramoyl-pentapeptide-transferase [EC:2.7.8.13]	COG0472	Rfe	UDP-N-acetylmuramyl pentapeptide phosphotransferase/UDP-N-acetylglucosamine-1-phosphate transferase/archaeal AglH	AG-903-L07_00739	5
CACDGO010000001.1	240867	241952	+	AG-903-M21_00257	AG-903-M21	361	OG0000019	K01000	phospho-N-acetylmuramoyl-pentapeptide-transferase [EC:2.7.8.13]	COG0472	Rfe	UDP-N-acetylmuramyl pentapeptide phosphotransferase/UDP-N-acetylglucosamine-1-phosphate transferase/archaeal AglH	AG-903-M21_00262	-5
CACDGO010000001.1	241956	243242	+	AG-903-M21_00258	AG-903-M21	428	OG0000817	NA	NA	COG0771	MurD	UDP-N-acetylmuramoylalanine-D-glutamate ligase	AG-903-M21_00262	-4
CACDGO010000001.1	243223	244350	+	AG-903-M21_00259	AG-903-M21	375	OG0000615	NA	NA	COG0772	FtsW	Peptodoglycan polymerase FtsW/RodA/SpoVE	AG-903-M21_00262	-3
CACDGO010000001.1	244343	245443	+	AG-903-M21_00260	AG-903-M21	366	OG0000489	K02563	UDP-N-acetylglucosamine--N-acetylmuramyl-(pentapeptide) pyrophosphoryl-undecaprenol N-acetylglucosamine transferase [EC:2.4.1.227]	COG0707	MurG	UDP-N-acetylglucosamine:LPS N-acetylglucosamine transferase	AG-903-M21_00262	-2
CACDGO010000001.1	245430	246827	+	AG-903-M21_00261	AG-903-M21	465	OG0000265	K01924	UDP-N-acetylmuramate--alanine ligase [EC:6.3.2.8]	COG0773	MurC	UDP-N-acetylmuramate-alanine ligase MurC and related ligases, MurC/Mpl family	AG-903-M21_00262	-1
CACDGO010000001.1	246824	247729	+	AG-903-M21_00262	AG-903-M21	301	OG0000330	K00075	UDP-N-acetylmuramate dehydrogenase [EC:1.3.1.98]	COG0812	MurB	UDP-N-acetylenolpyruvoylglucosamine reductase	AG-903-M21_00262	0
CACDGO010000001.1	247722	248660	+	AG-903-M21_00263	AG-903-M21	312	OG0000580	K01921	D-alanine-D-alanine ligase [EC:6.3.2.4]	COG1181	DdlA	D-alanine-D-alanine ligase or related ATP-grasp enzyme	AG-903-M21_00262	1
CACDGO010000001.1	248657	249310	+	AG-903-M21_00264	AG-903-M21	217	OG0000841	K03589	cell division protein FtsQ	COG1589	FtsQ	Cell division septal protein FtsQ	AG-903-M21_00262	2
CACDGO010000001.1	249314	250507	+	AG-903-M21_00265	AG-903-M21	397	OG0000537	NA	NA	COG0849	FtsA	Cell division ATPase FtsA	AG-903-M21_00262	3
CACDGO010000001.1	250575	251504	+	AG-903-M21_00266	AG-903-M21	309	OG0000300	K02535	UDP-3-O-[3-hydroxymyristoyl] N-acetylglucosamine deacetylase [EC:3.5.1.108]	COG0774	LpxC	UDP-3-O-acyl-N-acetylglucosamine deacetylase	AG-903-M21_00262	4
CACDGO010000001.1	251554	252393	+	AG-903-M21_00267	AG-903-M21	279	OG0000470	K05807	outer membrane protein assembly factor BamD	COG4105	BamD	Outer membrane protein assembly factor BamD, BamD/ComL family	AG-903-M21_00262	5
CACDIC010000007.1	6936	7784	-	AG-903-O08_00755	AG-903-O08	282	OG0000470	K05807	outer membrane protein assembly factor BamD	COG4105	BamD	Outer membrane protein assembly factor BamD, BamD/ComL family	AG-903-O08_00760	-5
CACDIC010000007.1	7832	8752	-	AG-903-O08_00756	AG-903-O08	306	OG0000300	K02535	UDP-3-O-[3-hydroxymyristoyl] N-acetylglucosamine deacetylase [EC:3.5.1.108]	COG0774	LpxC	UDP-3-O-acyl-N-acetylglucosamine deacetylase	AG-903-O08_00760	-4
CACDIC010000007.1	8817	9521	-	AG-903-O08_00757	AG-903-O08	234	OG0000537	NA	NA	COG0849	FtsA	Cell division ATPase FtsA	AG-903-O08_00760	-3
CACDIC010000007.1	9514	10182	-	AG-903-O08_00758	AG-903-O08	222	OG0000841	K03589	cell division protein FtsQ	COG1589	FtsQ	Cell division septal protein FtsQ	AG-903-O08_00760	-2
CACDIC010000007.1	10163	11074	-	AG-903-O08_00759	AG-903-O08	303	OG0000580	K01921	D-alanine-D-alanine ligase [EC:6.3.2.4]	COG1181	DdlA	D-alanine-D-alanine ligase or related ATP-grasp enzyme	AG-903-O08_00760	-1
CACDIC010000007.1	11076	11984	-	AG-903-O08_00760	AG-903-O08	302	OG0000330	K00075	UDP-N-acetylmuramate dehydrogenase [EC:1.3.1.98]	COG0812	MurB	UDP-N-acetylenolpyruvoylglucosamine reductase	AG-903-O08_00760	0
CACDIC010000007.1	11984	13378	-	AG-903-O08_00761	AG-903-O08	464	OG0000265	K01924	UDP-N-acetylmuramate--alanine ligase [EC:6.3.2.8]	COG0773	MurC	UDP-N-acetylmuramate-alanine ligase MurC and related ligases, MurC/Mpl family	AG-903-O08_00760	1
CACDIC010000007.1	13368	14432	-	AG-903-O08_00762	AG-903-O08	354	OG0000489	K02563	UDP-N-acetylglucosamine--N-acetylmuramyl-(pentapeptide) pyrophosphoryl-undecaprenol N-acetylglucosamine transferase [EC:2.4.1.227]	COG0707	MurG	UDP-N-acetylglucosamine:LPS N-acetylglucosamine transferase	AG-903-O08_00760	2
CACDIC010000007.1	14434	15558	-	AG-903-O08_00763	AG-903-O08	374	OG0000615	NA	NA	COG0772	FtsW	Peptodoglycan polymerase FtsW/RodA/SpoVE	AG-903-O08_00760	3
CACDIC010000007.1	15548	16834	-	AG-903-O08_00764	AG-903-O08	428	OG0000817	NA	NA	COG0771	MurD	UDP-N-acetylmuramoylalanine-D-glutamate ligase	AG-903-O08_00760	4
CACDIC010000007.1	16831	17916	-	AG-903-O08_00765	AG-903-O08	361	OG0000019	K01000	phospho-N-acetylmuramoyl-pentapeptide-transferase [EC:2.7.8.13]	COG0472	Rfe	UDP-N-acetylmuramyl pentapeptide phosphotransferase/UDP-N-acetylglucosamine-1-phosphate transferase/archaeal AglH	AG-903-O08_00760	5
CACDPZ010000002.1	89196	90281	+	AG-904-F11_00231	AG-904-F11	361	OG0000019	K01000	phospho-N-acetylmuramoyl-pentapeptide-transferase [EC:2.7.8.13]	COG0472	Rfe	UDP-N-acetylmuramyl pentapeptide phosphotransferase/UDP-N-acetylglucosamine-1-phosphate transferase/archaeal AglH	AG-904-F11_00236	-5
CACDPZ010000002.1	90281	91555	+	AG-904-F11_00232	AG-904-F11	424	OG0000817	NA	NA	COG0771	MurD	UDP-N-acetylmuramoylalanine-D-glutamate ligase	AG-904-F11_00236	-4
CACDPZ010000002.1	91536	92663	+	AG-904-F11_00233	AG-904-F11	375	OG0000615	NA	NA	COG0772	FtsW	Peptodoglycan polymerase FtsW/RodA/SpoVE	AG-904-F11_00236	-3
CACDPZ010000002.1	92656	93741	+	AG-904-F11_00234	AG-904-F11	361	OG0000489	K02563	UDP-N-acetylglucosamine--N-acetylmuramyl-(pentapeptide) pyrophosphoryl-undecaprenol N-acetylglucosamine transferase [EC:2.4.1.227]	COG0707	MurG	UDP-N-acetylglucosamine:LPS N-acetylglucosamine transferase	AG-904-F11_00236	-2
CACDPZ010000002.1	93731	95125	+	AG-904-F11_00235	AG-904-F11	464	OG0000265	K01924	UDP-N-acetylmuramate--alanine ligase [EC:6.3.2.8]	COG0773	MurC	UDP-N-acetylmuramate-alanine ligase MurC and related ligases, MurC/Mpl family	AG-904-F11_00236	-1
CACDPZ010000002.1	95122	96030	+	AG-904-F11_00236	AG-904-F11	302	OG0000330	K00075	UDP-N-acetylmuramate dehydrogenase [EC:1.3.1.98]	COG0812	MurB	UDP-N-acetylenolpyruvoylglucosamine reductase	AG-904-F11_00236	0
CACDPZ010000002.1	96023	96952	+	AG-904-F11_00237	AG-904-F11	309	OG0000580	K01921	D-alanine-D-alanine ligase [EC:6.3.2.4]	COG1181	DdlA	D-alanine-D-alanine ligase or related ATP-grasp enzyme	AG-904-F11_00236	1
CACDPZ010000002.1	96949	97617	+	AG-904-F11_00238	AG-904-F11	222	OG0000841	K03589	cell division protein FtsQ	COG1589	FtsQ	Cell division septal protein FtsQ	AG-904-F11_00236	2
CACDPZ010000002.1	97618	98808	+	AG-904-F11_00239	AG-904-F11	396	OG0000537	K03590	cell division protein FtsA	COG0849	FtsA	Cell division ATPase FtsA	AG-904-F11_00236	3
CACDPZ010000002.1	98873	99799	+	AG-904-F11_00240	AG-904-F11	308	OG0000300	K02535	UDP-3-O-[3-hydroxymyristoyl] N-acetylglucosamine deacetylase [EC:3.5.1.108]	COG0774	LpxC	UDP-3-O-acyl-N-acetylglucosamine deacetylase	AG-904-F11_00236	4
CACDPZ010000002.1	99845	100687	+	AG-904-F11_00241	AG-904-F11	280	OG0000470	K05807	outer membrane protein assembly factor BamD	COG4105	BamD	Outer membrane protein assembly factor BamD, BamD/ComL family	AG-904-F11_00236	5
CACDQH010000004.1	11762	12847	+	AG-904-F17_00856	AG-904-F17	361	OG0000019	K01000	phospho-N-acetylmuramoyl-pentapeptide-transferase [EC:2.7.8.13]	COG0472	Rfe	UDP-N-acetylmuramyl pentapeptide phosphotransferase/UDP-N-acetylglucosamine-1-phosphate transferase/archaeal AglH	AG-904-F17_00861	-5
CACDQH010000004.1	12847	14142	+	AG-904-F17_00857	AG-904-F17	431	OG0000817	NA	NA	COG0771	MurD	UDP-N-acetylmuramoylalanine-D-glutamate ligase	AG-904-F17_00861	-4
CACDQH010000004.1	14132	15253	+	AG-904-F17_00858	AG-904-F17	373	OG0000615	NA	NA	COG0772	FtsW	Peptodoglycan polymerase FtsW/RodA/SpoVE	AG-904-F17_00861	-3
CACDQH010000004.1	15257	16324	+	AG-904-F17_00859	AG-904-F17	355	OG0000489	K02563	UDP-N-acetylglucosamine--N-acetylmuramyl-(pentapeptide) pyrophosphoryl-undecaprenol N-acetylglucosamine transferase [EC:2.4.1.227]	COG0707	MurG	UDP-N-acetylglucosamine:LPS N-acetylglucosamine transferase	AG-904-F17_00861	-2
CACDQH010000004.1	16314	17708	+	AG-904-F17_00860	AG-904-F17	464	OG0000265	K01924	UDP-N-acetylmuramate--alanine ligase [EC:6.3.2.8]	COG0773	MurC	UDP-N-acetylmuramate-alanine ligase MurC and related ligases, MurC/Mpl family	AG-904-F17_00861	-1
CACDQH010000004.1	17708	18613	+	AG-904-F17_00861	AG-904-F17	301	OG0000330	K00075	UDP-N-acetylmuramate dehydrogenase [EC:1.3.1.98]	COG0812	MurB	UDP-N-acetylenolpyruvoylglucosamine reductase	AG-904-F17_00861	0
CACDQH010000004.1	18615	19529	+	AG-904-F17_00862	AG-904-F17	304	OG0000580	K01921	D-alanine-D-alanine ligase [EC:6.3.2.4]	COG1181	DdlA	D-alanine-D-alanine ligase or related ATP-grasp enzyme	AG-904-F17_00861	1
CACDQH010000004.1	19510	20181	+	AG-904-F17_00863	AG-904-F17	223	OG0000841	K03589	cell division protein FtsQ	COG1589	FtsQ	Cell division septal protein FtsQ	AG-904-F17_00861	2
CACDQH010000004.1	20174	20878	+	AG-904-F17_00864	AG-904-F17	234	OG0000537	NA	NA	NA	NA	NA	AG-904-F17_00861	3
CACDQH010000004.1	20943	21863	+	AG-904-F17_00865	AG-904-F17	306	OG0000300	K02535	UDP-3-O-[3-hydroxymyristoyl] N-acetylglucosamine deacetylase [EC:3.5.1.108]	COG0774	LpxC	UDP-3-O-acyl-N-acetylglucosamine deacetylase	AG-904-F17_00861	4
CACDQH010000004.1	21909	22757	+	AG-904-F17_00866	AG-904-F17	282	OG0000470	K05807	outer membrane protein assembly factor BamD	COG4105	BamD	Outer membrane protein assembly factor BamD, BamD/ComL family	AG-904-F17_00861	5
CACDSY010000001.1	210306	211145	-	AG-904-K03_00219	AG-904-K03	279	OG0000470	K05807	outer membrane protein assembly factor BamD	COG4105	BamD	Outer membrane protein assembly factor BamD, BamD/ComL family	AG-904-K03_00224	-5
CACDSY010000001.1	211184	212107	-	AG-904-K03_00220	AG-904-K03	307	OG0000300	K02535	UDP-3-O-[3-hydroxymyristoyl] N-acetylglucosamine deacetylase [EC:3.5.1.108]	COG0774	LpxC	UDP-3-O-acyl-N-acetylglucosamine deacetylase	AG-904-K03_00224	-4
CACDSY010000001.1	212169	213320	-	AG-904-K03_00221	AG-904-K03	383	OG0000537	NA	NA	COG0849	FtsA	Cell division ATPase FtsA	AG-904-K03_00224	-3
CACDSY010000001.1	213313	214008	-	AG-904-K03_00222	AG-904-K03	231	OG0000841	K03589	cell division protein FtsQ	COG1589	FtsQ	Cell division septal protein FtsQ	AG-904-K03_00224	-2
CACDSY010000001.1	213989	214909	-	AG-904-K03_00223	AG-904-K03	306	OG0000580	K01921	D-alanine-D-alanine ligase [EC:6.3.2.4]	COG1181	DdlA	D-alanine-D-alanine ligase or related ATP-grasp enzyme	AG-904-K03_00224	-1
CACDSY010000001.1	214909	215817	-	AG-904-K03_00224	AG-904-K03	302	OG0000330	K00075	UDP-N-acetylmuramate dehydrogenase [EC:1.3.1.98]	COG0812	MurB	UDP-N-acetylenolpyruvoylglucosamine reductase	AG-904-K03_00224	0
CACDSY010000001.1	215817	217208	-	AG-904-K03_00225	AG-904-K03	463	OG0000265	K01924	UDP-N-acetylmuramate--alanine ligase [EC:6.3.2.8]	COG0773	MurC	UDP-N-acetylmuramate-alanine ligase MurC and related ligases, MurC/Mpl family	AG-904-K03_00224	1
CACDSY010000001.1	217198	218274	-	AG-904-K03_00226	AG-904-K03	358	OG0000489	K02563	UDP-N-acetylglucosamine--N-acetylmuramyl-(pentapeptide) pyrophosphoryl-undecaprenol N-acetylglucosamine transferase [EC:2.4.1.227]	COG0707	MurG	UDP-N-acetylglucosamine:LPS N-acetylglucosamine transferase	AG-904-K03_00224	2
CACDSY010000001.1	218279	219388	-	AG-904-K03_00227	AG-904-K03	369	OG0000615	NA	NA	COG0772	FtsW	Peptodoglycan polymerase FtsW/RodA/SpoVE	AG-904-K03_00224	3
CACDSY010000001.1	219385	220689	-	AG-904-K03_00228	AG-904-K03	434	OG0000817	NA	NA	COG0771	MurD	UDP-N-acetylmuramoylalanine-D-glutamate ligase	AG-904-K03_00224	4
CACDSY010000001.1	220689	221774	-	AG-904-K03_00229	AG-904-K03	361	OG0000019	K01000	phospho-N-acetylmuramoyl-pentapeptide-transferase [EC:2.7.8.13]	COG0472	Rfe	UDP-N-acetylmuramyl pentapeptide phosphotransferase/UDP-N-acetylglucosamine-1-phosphate transferase/archaeal AglH	AG-904-K03_00224	5
CACEDC010000007.1	6008	7090	+	AG-905-D16_01066	AG-905-D16	360	OG0000019	K01000	phospho-N-acetylmuramoyl-pentapeptide-transferase [EC:2.7.8.13]	COG0472	Rfe	UDP-N-acetylmuramyl pentapeptide phosphotransferase/UDP-N-acetylglucosamine-1-phosphate transferase/archaeal AglH	AG-905-D16_01071	-5
CACEDC010000007.1	7095	8411	+	AG-905-D16_01067	AG-905-D16	438	OG0000817	NA	NA	COG0771	MurD	UDP-N-acetylmuramoylalanine-D-glutamate ligase	AG-905-D16_01071	-4
CACEDC010000007.1	8411	9523	+	AG-905-D16_01068	AG-905-D16	370	OG0000615	NA	NA	COG0772	FtsW	Peptodoglycan polymerase FtsW/RodA/SpoVE	AG-905-D16_01071	-3
CACEDC010000007.1	9533	10591	+	AG-905-D16_01069	AG-905-D16	352	OG0000489	K02563	UDP-N-acetylglucosamine--N-acetylmuramyl-(pentapeptide) pyrophosphoryl-undecaprenol N-acetylglucosamine transferase [EC:2.4.1.227]	COG0707	MurG	UDP-N-acetylglucosamine:LPS N-acetylglucosamine transferase	AG-905-D16_01071	-2
CACEDC010000007.1	10588	11979	+	AG-905-D16_01070	AG-905-D16	463	OG0000265	K01924	UDP-N-acetylmuramate--alanine ligase [EC:6.3.2.8]	COG0773	MurC	UDP-N-acetylmuramate-alanine ligase MurC and related ligases, MurC/Mpl family	AG-905-D16_01071	-1
CACEDC010000007.1	11972	12895	+	AG-905-D16_01071	AG-905-D16	307	OG0000330	K00075	UDP-N-acetylmuramate dehydrogenase [EC:1.3.1.98]	COG0812	MurB	UDP-N-acetylenolpyruvoylglucosamine reductase	AG-905-D16_01071	0
CACEDC010000007.1	12892	13800	+	AG-905-D16_01072	AG-905-D16	302	OG0000580	K01921	D-alanine-D-alanine ligase [EC:6.3.2.4]	COG1181	DdlA	D-alanine-D-alanine ligase or related ATP-grasp enzyme	AG-905-D16_01071	1
CACEDC010000007.1	13784	14518	+	AG-905-D16_01073	AG-905-D16	244	OG0000841	K03589	cell division protein FtsQ	COG1589	FtsQ	Cell division septal protein FtsQ	AG-905-D16_01071	2
CACEDC010000007.1	14518	15705	+	AG-905-D16_01074	AG-905-D16	395	OG0000537	K03590	cell division protein FtsA	COG0849	FtsA	Cell division ATPase FtsA	AG-905-D16_01071	3
CACEDC010000007.1	15770	16696	+	AG-905-D16_01075	AG-905-D16	308	OG0000300	K02535	UDP-3-O-[3-hydroxymyristoyl] N-acetylglucosamine deacetylase [EC:3.5.1.108]	COG0774	LpxC	UDP-3-O-acyl-N-acetylglucosamine deacetylase	AG-905-D16_01071	4
CACEDC010000007.1	16740	17504	+	AG-905-D16_01076	AG-905-D16	254	OG0000470	K05807	outer membrane protein assembly factor BamD	COG4105	BamD	Outer membrane protein assembly factor BamD, BamD/ComL family	AG-905-D16_01071	5
CACEDX010000008.1	26413	27498	+	AG-905-E10_00759	AG-905-E10	361	OG0000019	K01000	phospho-N-acetylmuramoyl-pentapeptide-transferase [EC:2.7.8.13]	COG0472	Rfe	UDP-N-acetylmuramyl pentapeptide phosphotransferase/UDP-N-acetylglucosamine-1-phosphate transferase/archaeal AglH	AG-905-E10_00764	-5
CACEDX010000008.1	27495	28781	+	AG-905-E10_00760	AG-905-E10	428	OG0000817	NA	NA	COG0771	MurD	UDP-N-acetylmuramoylalanine-D-glutamate ligase	AG-905-E10_00764	-4
CACEDX010000008.1	28771	29904	+	AG-905-E10_00761	AG-905-E10	377	OG0000615	NA	NA	COG0772	FtsW	Peptodoglycan polymerase FtsW/RodA/SpoVE	AG-905-E10_00764	-3
CACEDX010000008.1	29897	30961	+	AG-905-E10_00762	AG-905-E10	354	OG0000489	K02563	UDP-N-acetylglucosamine--N-acetylmuramyl-(pentapeptide) pyrophosphoryl-undecaprenol N-acetylglucosamine transferase [EC:2.4.1.227]	COG0707	MurG	UDP-N-acetylglucosamine:LPS N-acetylglucosamine transferase	AG-905-E10_00764	-2
CACEDX010000008.1	30951	32345	+	AG-905-E10_00763	AG-905-E10	464	OG0000265	K01924	UDP-N-acetylmuramate--alanine ligase [EC:6.3.2.8]	COG0773	MurC	UDP-N-acetylmuramate-alanine ligase MurC and related ligases, MurC/Mpl family	AG-905-E10_00764	-1
CACEDX010000008.1	32345	33253	+	AG-905-E10_00764	AG-905-E10	302	OG0000330	K00075	UDP-N-acetylmuramate dehydrogenase [EC:1.3.1.98]	COG0812	MurB	UDP-N-acetylenolpyruvoylglucosamine reductase	AG-905-E10_00764	0
CACEDX010000008.1	33255	34166	+	AG-905-E10_00765	AG-905-E10	303	OG0000580	K01921	D-alanine-D-alanine ligase [EC:6.3.2.4]	COG1181	DdlA	D-alanine-D-alanine ligase or related ATP-grasp enzyme	AG-905-E10_00764	1
CACEDX010000008.1	34147	34815	+	AG-905-E10_00766	AG-905-E10	222	OG0000841	K03589	cell division protein FtsQ	COG1589	FtsQ	Cell division septal protein FtsQ	AG-905-E10_00764	2
CACEDX010000008.1	34808	35512	+	AG-905-E10_00767	AG-905-E10	234	OG0000537	NA	NA	NA	NA	NA	AG-905-E10_00764	3
CACEDX010000008.1	35577	36497	+	AG-905-E10_00768	AG-905-E10	306	OG0000300	K02535	UDP-3-O-[3-hydroxymyristoyl] N-acetylglucosamine deacetylase [EC:3.5.1.108]	COG0774	LpxC	UDP-3-O-acyl-N-acetylglucosamine deacetylase	AG-905-E10_00764	4
CACEDX010000008.1	36545	37393	+	AG-905-E10_00769	AG-905-E10	282	OG0000470	K05807	outer membrane protein assembly factor BamD	COG4105	BamD	Outer membrane protein assembly factor BamD, BamD/ComL family	AG-905-E10_00764	5
CACEDU010000001.1	193631	194716	+	AG-905-E11_00202	AG-905-E11	361	OG0000019	K01000	phospho-N-acetylmuramoyl-pentapeptide-transferase [EC:2.7.8.13]	COG0472	Rfe	UDP-N-acetylmuramyl pentapeptide phosphotransferase/UDP-N-acetylglucosamine-1-phosphate transferase/archaeal AglH	AG-905-E11_00207	-5
CACEDU010000001.1	194716	196023	+	AG-905-E11_00203	AG-905-E11	435	OG0000817	NA	NA	COG0771	MurD	UDP-N-acetylmuramoylalanine-D-glutamate ligase	AG-905-E11_00207	-4
CACEDU010000001.1	196016	197125	+	AG-905-E11_00204	AG-905-E11	369	OG0000615	NA	NA	COG0772	FtsW	Peptodoglycan polymerase FtsW/RodA/SpoVE	AG-905-E11_00207	-3
CACEDU010000001.1	197136	198206	+	AG-905-E11_00205	AG-905-E11	356	OG0000489	K02563	UDP-N-acetylglucosamine--N-acetylmuramyl-(pentapeptide) pyrophosphoryl-undecaprenol N-acetylglucosamine transferase [EC:2.4.1.227]	COG0707	MurG	UDP-N-acetylglucosamine:LPS N-acetylglucosamine transferase	AG-905-E11_00207	-2
CACEDU010000001.1	198196	199587	+	AG-905-E11_00206	AG-905-E11	463	OG0000265	K01924	UDP-N-acetylmuramate--alanine ligase [EC:6.3.2.8]	COG0773	MurC	UDP-N-acetylmuramate-alanine ligase MurC and related ligases, MurC/Mpl family	AG-905-E11_00207	-1
CACEDU010000001.1	199587	200495	+	AG-905-E11_00207	AG-905-E11	302	OG0000330	K00075	UDP-N-acetylmuramate dehydrogenase [EC:1.3.1.98]	COG0812	MurB	UDP-N-acetylenolpyruvoylglucosamine reductase	AG-905-E11_00207	0
CACEDU010000001.1	200495	201415	+	AG-905-E11_00208	AG-905-E11	306	OG0000580	K01921	D-alanine-D-alanine ligase [EC:6.3.2.4]	COG1181	DdlA	D-alanine-D-alanine ligase or related ATP-grasp enzyme	AG-905-E11_00207	1
CACEDU010000001.1	201396	202091	+	AG-905-E11_00209	AG-905-E11	231	OG0000841	K03589	cell division protein FtsQ	COG1589	FtsQ	Cell division septal protein FtsQ	AG-905-E11_00207	2
CACEDU010000001.1	202084	203247	+	AG-905-E11_00210	AG-905-E11	387	OG0000537	NA	NA	COG0849	FtsA	Cell division ATPase FtsA	AG-905-E11_00207	3
CACEDU010000001.1	203309	204232	+	AG-905-E11_00211	AG-905-E11	307	OG0000300	K02535	UDP-3-O-[3-hydroxymyristoyl] N-acetylglucosamine deacetylase [EC:3.5.1.108]	COG0774	LpxC	UDP-3-O-acyl-N-acetylglucosamine deacetylase	AG-905-E11_00207	4
CACEDU010000001.1	204271	205110	+	AG-905-E11_00212	AG-905-E11	279	OG0000470	K05807	outer membrane protein assembly factor BamD	COG4105	BamD	Outer membrane protein assembly factor BamD, BamD/ComL family	AG-905-E11_00207	5
CACEFR010000021.1	61	972	-	AG-905-G04_01092	AG-905-G04	303	OG0000580	K01921	D-alanine-D-alanine ligase [EC:6.3.2.4]	COG1181	DdlA	D-alanine-D-alanine ligase or related ATP-grasp enzyme	AG-905-G04_01093	-1
CACEFR010000021.1	974	1882	-	AG-905-G04_01093	AG-905-G04	302	OG0000330	K00075	UDP-N-acetylmuramate dehydrogenase [EC:1.3.1.98]	COG0812	MurB	UDP-N-acetylenolpyruvoylglucosamine reductase	AG-905-G04_01093	0
CACEFR010000021.1	1882	3276	-	AG-905-G04_01094	AG-905-G04	464	OG0000265	K01924	UDP-N-acetylmuramate--alanine ligase [EC:6.3.2.8]	COG0773	MurC	UDP-N-acetylmuramate-alanine ligase MurC and related ligases, MurC/Mpl family	AG-905-G04_01093	1
CACEFR010000021.1	3266	3790	-	AG-905-G04_01095	AG-905-G04	174	OG0000489	NA	NA	COG0707	MurG	UDP-N-acetylglucosamine:LPS N-acetylglucosamine transferase	AG-905-G04_01093	2
CACEKE010000001.1	338471	339307	-	AG-905-M05_00385	AG-905-M05	278	OG0000470	K05807	outer membrane protein assembly factor BamD	COG4105	BamD	Outer membrane protein assembly factor BamD, BamD/ComL family	AG-905-M05_00390	-5
CACEKE010000001.1	339344	340267	-	AG-905-M05_00386	AG-905-M05	307	OG0000300	K02535	UDP-3-O-[3-hydroxymyristoyl] N-acetylglucosamine deacetylase [EC:3.5.1.108]	COG0774	LpxC	UDP-3-O-acyl-N-acetylglucosamine deacetylase	AG-905-M05_00390	-4
CACEKE010000001.1	340329	341474	-	AG-905-M05_00387	AG-905-M05	381	OG0000537	NA	NA	COG0849	FtsA	Cell division ATPase FtsA	AG-905-M05_00390	-3
CACEKE010000001.1	341467	342159	-	AG-905-M05_00388	AG-905-M05	230	OG0000841	K03589	cell division protein FtsQ	COG1589	FtsQ	Cell division septal protein FtsQ	AG-905-M05_00390	-2
CACEKE010000001.1	342140	343057	-	AG-905-M05_00389	AG-905-M05	305	OG0000580	K01921	D-alanine-D-alanine ligase [EC:6.3.2.4]	COG1181	DdlA	D-alanine-D-alanine ligase or related ATP-grasp enzyme	AG-905-M05_00390	-1
CACEKE010000001.1	343058	343966	-	AG-905-M05_00390	AG-905-M05	302	OG0000330	K00075	UDP-N-acetylmuramate dehydrogenase [EC:1.3.1.98]	COG0812	MurB	UDP-N-acetylenolpyruvoylglucosamine reductase	AG-905-M05_00390	0
CACEKE010000001.1	343963	345360	-	AG-905-M05_00391	AG-905-M05	465	OG0000265	K01924	UDP-N-acetylmuramate--alanine ligase [EC:6.3.2.8]	COG0773	MurC	UDP-N-acetylmuramate-alanine ligase MurC and related ligases, MurC/Mpl family	AG-905-M05_00390	1
CACEKE010000001.1	345350	346423	-	AG-905-M05_00392	AG-905-M05	357	OG0000489	K02563	UDP-N-acetylglucosamine--N-acetylmuramyl-(pentapeptide) pyrophosphoryl-undecaprenol N-acetylglucosamine transferase [EC:2.4.1.227]	COG0707	MurG	UDP-N-acetylglucosamine:LPS N-acetylglucosamine transferase	AG-905-M05_00390	2
CACEKE010000001.1	346423	347544	-	AG-905-M05_00393	AG-905-M05	373	OG0000615	NA	NA	COG0772	FtsW	Peptodoglycan polymerase FtsW/RodA/SpoVE	AG-905-M05_00390	3
CACEKE010000001.1	347531	348814	-	AG-905-M05_00394	AG-905-M05	427	OG0000817	NA	NA	COG0771	MurD	UDP-N-acetylmuramoylalanine-D-glutamate ligase	AG-905-M05_00390	4
CACEKE010000001.1	348814	349899	-	AG-905-M05_00395	AG-905-M05	361	OG0000019	K01000	phospho-N-acetylmuramoyl-pentapeptide-transferase [EC:2.7.8.13]	COG0472	Rfe	UDP-N-acetylmuramyl pentapeptide phosphotransferase/UDP-N-acetylglucosamine-1-phosphate transferase/archaeal AglH	AG-905-M05_00390	5
CACEMI010000028.1	28	684	+	AG-905-O08_01274	AG-905-O08	218	OG0000489	NA	NA	COG0707	MurG	UDP-N-acetylglucosamine:LPS N-acetylglucosamine transferase	AG-905-O08_01276	-2
CACEMI010000028.1	674	2065	+	AG-905-O08_01275	AG-905-O08	463	OG0000265	K01924	UDP-N-acetylmuramate--alanine ligase [EC:6.3.2.8]	COG0773	MurC	UDP-N-acetylmuramate-alanine ligase MurC and related ligases, MurC/Mpl family	AG-905-O08_01276	-1
CACEMI010000028.1	2065	2973	+	AG-905-O08_01276	AG-905-O08	302	OG0000330	K00075	UDP-N-acetylmuramate dehydrogenase [EC:1.3.1.98]	COG0812	MurB	UDP-N-acetylenolpyruvoylglucosamine reductase	AG-905-O08_01276	0
CACEMI010000028.1	2973	3893	+	AG-905-O08_01277	AG-905-O08	306	OG0000580	K01921	D-alanine-D-alanine ligase [EC:6.3.2.4]	COG1181	DdlA	D-alanine-D-alanine ligase or related ATP-grasp enzyme	AG-905-O08_01276	1
CACEPS010000001.1	129098	129937	-	AG-907-B09_00156	AG-907-B09	279	OG0000470	K05807	outer membrane protein assembly factor BamD	COG4105	BamD	Outer membrane protein assembly factor BamD, BamD/ComL family	AG-907-B09_00161	-5
CACEPS010000001.1	129924	130775	-	AG-907-B09_00157	AG-907-B09	283	OG0000300	K02535	UDP-3-O-[3-hydroxymyristoyl] N-acetylglucosamine deacetylase [EC:3.5.1.108]	COG0774	LpxC	UDP-3-O-acyl-N-acetylglucosamine deacetylase	AG-907-B09_00161	-4
CACEPS010000001.1	130837	132048	-	AG-907-B09_00158	AG-907-B09	403	OG0000537	K03590	cell division protein FtsA	COG0849	FtsA	Cell division ATPase FtsA	AG-907-B09_00161	-3
CACEPS010000001.1	132041	132724	-	AG-907-B09_00159	AG-907-B09	227	OG0000841	K03589	cell division protein FtsQ	COG1589	FtsQ	Cell division septal protein FtsQ	AG-907-B09_00161	-2
CACEPS010000001.1	132705	133619	-	AG-907-B09_00160	AG-907-B09	304	OG0000580	K01921	D-alanine-D-alanine ligase [EC:6.3.2.4]	COG1181	DdlA	D-alanine-D-alanine ligase or related ATP-grasp enzyme	AG-907-B09_00161	-1
CACEPS010000001.1	133609	134487	-	AG-907-B09_00161	AG-907-B09	292	OG0000330	K00075	UDP-N-acetylmuramate dehydrogenase [EC:1.3.1.98]	COG0812	MurB	UDP-N-acetylenolpyruvoylglucosamine reductase	AG-907-B09_00161	0
CACEPS010000001.1	134465	135880	-	AG-907-B09_00162	AG-907-B09	471	OG0000265	K01924	UDP-N-acetylmuramate--alanine ligase [EC:6.3.2.8]	COG0773	MurC	UDP-N-acetylmuramate-alanine ligase MurC and related ligases, MurC/Mpl family	AG-907-B09_00161	1
CACEPS010000001.1	135885	136967	-	AG-907-B09_00163	AG-907-B09	360	OG0000489	K02563	UDP-N-acetylglucosamine--N-acetylmuramyl-(pentapeptide) pyrophosphoryl-undecaprenol N-acetylglucosamine transferase [EC:2.4.1.227]	COG0707	MurG	UDP-N-acetylglucosamine:LPS N-acetylglucosamine transferase	AG-907-B09_00161	2
CACEPS010000001.1	136964	138073	-	AG-907-B09_00164	AG-907-B09	369	OG0000615	NA	NA	COG0772	FtsW	Peptodoglycan polymerase FtsW/RodA/SpoVE	AG-907-B09_00161	3
CACEPS010000001.1	138063	139292	-	AG-907-B09_00165	AG-907-B09	409	OG0000817	NA	NA	COG0771	MurD	UDP-N-acetylmuramoylalanine-D-glutamate ligase	AG-907-B09_00161	4
CACEPS010000001.1	139294	140382	-	AG-907-B09_00166	AG-907-B09	362	OG0000019	K01000	phospho-N-acetylmuramoyl-pentapeptide-transferase [EC:2.7.8.13]	COG0472	Rfe	UDP-N-acetylmuramyl pentapeptide phosphotransferase/UDP-N-acetylglucosamine-1-phosphate transferase/archaeal AglH	AG-907-B09_00161	5
CACEQG010000001.1	120064	121149	+	AG-907-C04_00131	AG-907-C04	361	OG0000019	K01000	phospho-N-acetylmuramoyl-pentapeptide-transferase [EC:2.7.8.13]	COG0472	Rfe	UDP-N-acetylmuramyl pentapeptide phosphotransferase/UDP-N-acetylglucosamine-1-phosphate transferase/archaeal AglH	AG-907-C04_00136	-5
CACEQG010000001.1	121149	122459	+	AG-907-C04_00132	AG-907-C04	436	OG0000817	NA	NA	COG0771	MurD	UDP-N-acetylmuramoylalanine-D-glutamate ligase	AG-907-C04_00136	-4
CACEQG010000001.1	122440	123567	+	AG-907-C04_00133	AG-907-C04	375	OG0000615	NA	NA	COG0772	FtsW	Peptodoglycan polymerase FtsW/RodA/SpoVE	AG-907-C04_00136	-3
CACEQG010000001.1	123564	124628	+	AG-907-C04_00134	AG-907-C04	354	OG0000489	K02563	UDP-N-acetylglucosamine--N-acetylmuramyl-(pentapeptide) pyrophosphoryl-undecaprenol N-acetylglucosamine transferase [EC:2.4.1.227]	COG0707	MurG	UDP-N-acetylglucosamine:LPS N-acetylglucosamine transferase	AG-907-C04_00136	-2
CACEQG010000001.1	124618	126012	+	AG-907-C04_00135	AG-907-C04	464	OG0000265	K01924	UDP-N-acetylmuramate--alanine ligase [EC:6.3.2.8]	COG0773	MurC	UDP-N-acetylmuramate-alanine ligase MurC and related ligases, MurC/Mpl family	AG-907-C04_00136	-1
CACEQG010000001.1	126012	126920	+	AG-907-C04_00136	AG-907-C04	302	OG0000330	K00075	UDP-N-acetylmuramate dehydrogenase [EC:1.3.1.98]	COG0812	MurB	UDP-N-acetylenolpyruvoylglucosamine reductase	AG-907-C04_00136	0
CACEQG010000001.1	126922	127836	+	AG-907-C04_00137	AG-907-C04	304	OG0000580	K01921	D-alanine-D-alanine ligase [EC:6.3.2.4]	COG1181	DdlA	D-alanine-D-alanine ligase or related ATP-grasp enzyme	AG-907-C04_00136	1
CACEQG010000001.1	127817	128491	+	AG-907-C04_00138	AG-907-C04	224	OG0000841	K03589	cell division protein FtsQ	COG1589	FtsQ	Cell division septal protein FtsQ	AG-907-C04_00136	2
CACEQG010000001.1	128481	129182	+	AG-907-C04_00139	AG-907-C04	233	OG0000537	NA	NA	NA	NA	NA	AG-907-C04_00136	3
CACEQG010000001.1	129246	130166	+	AG-907-C04_00140	AG-907-C04	306	OG0000300	K02535	UDP-3-O-[3-hydroxymyristoyl] N-acetylglucosamine deacetylase [EC:3.5.1.108]	COG0774	LpxC	UDP-3-O-acyl-N-acetylglucosamine deacetylase	AG-907-C04_00136	4
CACEQG010000001.1	130214	131047	+	AG-907-C04_00141	AG-907-C04	277	OG0000470	K05807	outer membrane protein assembly factor BamD	COG4105	BamD	Outer membrane protein assembly factor BamD, BamD/ComL family	AG-907-C04_00136	5
CACESO010000003.1	48218	49051	-	AG-907-E04_00428	AG-907-E04	277	OG0000470	K05807	outer membrane protein assembly factor BamD	COG4105	BamD	Outer membrane protein assembly factor BamD, BamD/ComL family	AG-907-E04_00433	-5
CACESO010000003.1	49088	50008	-	AG-907-E04_00429	AG-907-E04	306	OG0000300	K02535	UDP-3-O-[3-hydroxymyristoyl] N-acetylglucosamine deacetylase [EC:3.5.1.108]	COG0774	LpxC	UDP-3-O-acyl-N-acetylglucosamine deacetylase	AG-907-E04_00433	-4
CACESO010000003.1	50076	50780	-	AG-907-E04_00430	AG-907-E04	234	OG0000537	NA	NA	COG0849	FtsA	Cell division ATPase FtsA	AG-907-E04_00433	-3
CACESO010000003.1	50773	51447	-	AG-907-E04_00431	AG-907-E04	224	OG0000841	K03589	cell division protein FtsQ	COG1589	FtsQ	Cell division septal protein FtsQ	AG-907-E04_00433	-2
CACESO010000003.1	51428	52339	-	AG-907-E04_00432	AG-907-E04	303	OG0000580	K01921	D-alanine-D-alanine ligase [EC:6.3.2.4]	COG1181	DdlA	D-alanine-D-alanine ligase or related ATP-grasp enzyme	AG-907-E04_00433	-1
CACESO010000003.1	52340	53245	-	AG-907-E04_00433	AG-907-E04	301	OG0000330	K00075	UDP-N-acetylmuramate dehydrogenase [EC:1.3.1.98]	COG0812	MurB	UDP-N-acetylenolpyruvoylglucosamine reductase	AG-907-E04_00433	0
CACESO010000003.1	53245	54642	-	AG-907-E04_00434	AG-907-E04	465	OG0000265	K01924	UDP-N-acetylmuramate--alanine ligase [EC:6.3.2.8]	COG0773	MurC	UDP-N-acetylmuramate-alanine ligase MurC and related ligases, MurC/Mpl family	AG-907-E04_00433	1
CACESO010000003.1	54632	55696	-	AG-907-E04_00435	AG-907-E04	354	OG0000489	K02563	UDP-N-acetylglucosamine--N-acetylmuramyl-(pentapeptide) pyrophosphoryl-undecaprenol N-acetylglucosamine transferase [EC:2.4.1.227]	COG0707	MurG	UDP-N-acetylglucosamine:LPS N-acetylglucosamine transferase	AG-907-E04_00433	2
CACESO010000003.1	55693	56799	-	AG-907-E04_00436	AG-907-E04	368	OG0000615	NA	NA	COG0772	FtsW	Peptodoglycan polymerase FtsW/RodA/SpoVE	AG-907-E04_00433	3
CACESO010000003.1	56803	58110	-	AG-907-E04_00437	AG-907-E04	435	OG0000817	NA	NA	COG0771	MurD	UDP-N-acetylmuramoylalanine-D-glutamate ligase	AG-907-E04_00433	4
CACESO010000003.1	58107	59192	-	AG-907-E04_00438	AG-907-E04	361	OG0000019	K01000	phospho-N-acetylmuramoyl-pentapeptide-transferase [EC:2.7.8.13]	COG0472	Rfe	UDP-N-acetylmuramyl pentapeptide phosphotransferase/UDP-N-acetylglucosamine-1-phosphate transferase/archaeal AglH	AG-907-E04_00433	5
CACETY010000008.1	7573	8658	+	AG-907-F09_00776	AG-907-F09	361	OG0000019	K01000	phospho-N-acetylmuramoyl-pentapeptide-transferase [EC:2.7.8.13]	COG0472	Rfe	UDP-N-acetylmuramyl pentapeptide phosphotransferase/UDP-N-acetylglucosamine-1-phosphate transferase/archaeal AglH	AG-907-F09_00781	-5
CACETY010000008.1	8658	9962	+	AG-907-F09_00777	AG-907-F09	434	OG0000817	NA	NA	COG0771	MurD	UDP-N-acetylmuramoylalanine-D-glutamate ligase	AG-907-F09_00781	-4
CACETY010000008.1	9959	11068	+	AG-907-F09_00778	AG-907-F09	369	OG0000615	NA	NA	COG0772	FtsW	Peptodoglycan polymerase FtsW/RodA/SpoVE	AG-907-F09_00781	-3
CACETY010000008.1	11072	12148	+	AG-907-F09_00779	AG-907-F09	358	OG0000489	K02563	UDP-N-acetylglucosamine--N-acetylmuramyl-(pentapeptide) pyrophosphoryl-undecaprenol N-acetylglucosamine transferase [EC:2.4.1.227]	COG0707	MurG	UDP-N-acetylglucosamine:LPS N-acetylglucosamine transferase	AG-907-F09_00781	-2
CACETY010000008.1	12138	13529	+	AG-907-F09_00780	AG-907-F09	463	OG0000265	K01924	UDP-N-acetylmuramate--alanine ligase [EC:6.3.2.8]	COG0773	MurC	UDP-N-acetylmuramate-alanine ligase MurC and related ligases, MurC/Mpl family	AG-907-F09_00781	-1
CACETY010000008.1	13529	14437	+	AG-907-F09_00781	AG-907-F09	302	OG0000330	K00075	UDP-N-acetylmuramate dehydrogenase [EC:1.3.1.98]	COG0812	MurB	UDP-N-acetylenolpyruvoylglucosamine reductase	AG-907-F09_00781	0
CACETY010000008.1	14437	15357	+	AG-907-F09_00782	AG-907-F09	306	OG0000580	K01921	D-alanine-D-alanine ligase [EC:6.3.2.4]	COG1181	DdlA	D-alanine-D-alanine ligase or related ATP-grasp enzyme	AG-907-F09_00781	1
CACETY010000008.1	15338	16033	+	AG-907-F09_00783	AG-907-F09	231	OG0000841	K03589	cell division protein FtsQ	COG1589	FtsQ	Cell division septal protein FtsQ	AG-907-F09_00781	2
CACETY010000008.1	16026	17192	+	AG-907-F09_00784	AG-907-F09	388	OG0000537	NA	NA	COG0849	FtsA	Cell division ATPase FtsA	AG-907-F09_00781	3
CACETY010000008.1	17255	18178	+	AG-907-F09_00785	AG-907-F09	307	OG0000300	K02535	UDP-3-O-[3-hydroxymyristoyl] N-acetylglucosamine deacetylase [EC:3.5.1.108]	COG0774	LpxC	UDP-3-O-acyl-N-acetylglucosamine deacetylase	AG-907-F09_00781	4
CACETY010000008.1	18217	19053	+	AG-907-F09_00786	AG-907-F09	278	OG0000470	K05807	outer membrane protein assembly factor BamD	COG4105	BamD	Outer membrane protein assembly factor BamD, BamD/ComL family	AG-907-F09_00781	5
CACFHY010000008.1	36108	37193	+	AG-908-C18_00952	AG-908-C18	361	OG0000019	K01000	phospho-N-acetylmuramoyl-pentapeptide-transferase [EC:2.7.8.13]	COG0472	Rfe	UDP-N-acetylmuramyl pentapeptide phosphotransferase/UDP-N-acetylglucosamine-1-phosphate transferase/archaeal AglH	AG-908-C18_00957	-5
CACFHY010000008.1	37193	38491	+	AG-908-C18_00953	AG-908-C18	432	OG0000817	NA	NA	COG0771	MurD	UDP-N-acetylmuramoylalanine-D-glutamate ligase	AG-908-C18_00957	-4
CACFHY010000008.1	38478	39599	+	AG-908-C18_00954	AG-908-C18	373	OG0000615	NA	NA	COG0772	FtsW	Peptodoglycan polymerase FtsW/RodA/SpoVE	AG-908-C18_00957	-3
CACFHY010000008.1	39603	40667	+	AG-908-C18_00955	AG-908-C18	354	OG0000489	K02563	UDP-N-acetylglucosamine--N-acetylmuramyl-(pentapeptide) pyrophosphoryl-undecaprenol N-acetylglucosamine transferase [EC:2.4.1.227]	COG0707	MurG	UDP-N-acetylglucosamine:LPS N-acetylglucosamine transferase	AG-908-C18_00957	-2
CACFHY010000008.1	40657	42054	+	AG-908-C18_00956	AG-908-C18	465	OG0000265	K01924	UDP-N-acetylmuramate--alanine ligase [EC:6.3.2.8]	COG0773	MurC	UDP-N-acetylmuramate-alanine ligase MurC and related ligases, MurC/Mpl family	AG-908-C18_00957	-1
CACFHY010000008.1	42051	42956	+	AG-908-C18_00957	AG-908-C18	301	OG0000330	K00075	UDP-N-acetylmuramate dehydrogenase [EC:1.3.1.98]	COG0812	MurB	UDP-N-acetylenolpyruvoylglucosamine reductase	AG-908-C18_00957	0
CACFHY010000008.1	42958	43872	+	AG-908-C18_00958	AG-908-C18	304	OG0000580	K01921	D-alanine-D-alanine ligase [EC:6.3.2.4]	COG1181	DdlA	D-alanine-D-alanine ligase or related ATP-grasp enzyme	AG-908-C18_00957	1
CACFHY010000008.1	43853	44524	+	AG-908-C18_00959	AG-908-C18	223	OG0000841	K03589	cell division protein FtsQ	COG1589	FtsQ	Cell division septal protein FtsQ	AG-908-C18_00957	2
CACFHY010000008.1	44517	45221	+	AG-908-C18_00960	AG-908-C18	234	OG0000537	NA	NA	NA	NA	NA	AG-908-C18_00957	3
CACFHY010000008.1	45285	46205	+	AG-908-C18_00961	AG-908-C18	306	OG0000300	K02535	UDP-3-O-[3-hydroxymyristoyl] N-acetylglucosamine deacetylase [EC:3.5.1.108]	COG0774	LpxC	UDP-3-O-acyl-N-acetylglucosamine deacetylase	AG-908-C18_00957	4
CACFHY010000008.1	46256	47092	+	AG-908-C18_00962	AG-908-C18	278	OG0000470	K05807	outer membrane protein assembly factor BamD	COG4105	BamD	Outer membrane protein assembly factor BamD, BamD/ComL family	AG-908-C18_00957	5
CACFLJ010000009.1	4194	5279	+	AG-908-F18_00929	AG-908-F18	361	OG0000019	K01000	phospho-N-acetylmuramoyl-pentapeptide-transferase [EC:2.7.8.13]	COG0472	Rfe	UDP-N-acetylmuramyl pentapeptide phosphotransferase/UDP-N-acetylglucosamine-1-phosphate transferase/archaeal AglH	AG-908-F18_00934	-5
CACFLJ010000009.1	5279	6583	+	AG-908-F18_00930	AG-908-F18	434	OG0000817	NA	NA	COG0771	MurD	UDP-N-acetylmuramoylalanine-D-glutamate ligase	AG-908-F18_00934	-4
CACFLJ010000009.1	6580	7689	+	AG-908-F18_00931	AG-908-F18	369	OG0000615	NA	NA	COG0772	FtsW	Peptodoglycan polymerase FtsW/RodA/SpoVE	AG-908-F18_00934	-3
CACFLJ010000009.1	7694	8770	+	AG-908-F18_00932	AG-908-F18	358	OG0000489	K02563	UDP-N-acetylglucosamine--N-acetylmuramyl-(pentapeptide) pyrophosphoryl-undecaprenol N-acetylglucosamine transferase [EC:2.4.1.227]	COG0707	MurG	UDP-N-acetylglucosamine:LPS N-acetylglucosamine transferase	AG-908-F18_00934	-2
CACFLJ010000009.1	8760	10151	+	AG-908-F18_00933	AG-908-F18	463	OG0000265	K01924	UDP-N-acetylmuramate--alanine ligase [EC:6.3.2.8]	COG0773	MurC	UDP-N-acetylmuramate-alanine ligase MurC and related ligases, MurC/Mpl family	AG-908-F18_00934	-1
CACFLJ010000009.1	10151	11059	+	AG-908-F18_00934	AG-908-F18	302	OG0000330	K00075	UDP-N-acetylmuramate dehydrogenase [EC:1.3.1.98]	COG0812	MurB	UDP-N-acetylenolpyruvoylglucosamine reductase	AG-908-F18_00934	0
CACFLJ010000009.1	11059	11979	+	AG-908-F18_00935	AG-908-F18	306	OG0000580	K01921	D-alanine-D-alanine ligase [EC:6.3.2.4]	COG1181	DdlA	D-alanine-D-alanine ligase or related ATP-grasp enzyme	AG-908-F18_00934	1
CACFLJ010000009.1	11960	12655	+	AG-908-F18_00936	AG-908-F18	231	OG0000841	K03589	cell division protein FtsQ	COG1589	FtsQ	Cell division septal protein FtsQ	AG-908-F18_00934	2
CACFLJ010000009.1	12648	13799	+	AG-908-F18_00937	AG-908-F18	383	OG0000537	NA	NA	COG0849	FtsA	Cell division ATPase FtsA	AG-908-F18_00934	3
CACFLJ010000009.1	13861	14784	+	AG-908-F18_00938	AG-908-F18	307	OG0000300	K02535	UDP-3-O-[3-hydroxymyristoyl] N-acetylglucosamine deacetylase [EC:3.5.1.108]	COG0774	LpxC	UDP-3-O-acyl-N-acetylglucosamine deacetylase	AG-908-F18_00934	4
CACFLJ010000009.1	14823	15662	+	AG-908-F18_00939	AG-908-F18	279	OG0000470	K05807	outer membrane protein assembly factor BamD	COG4105	BamD	Outer membrane protein assembly factor BamD, BamD/ComL family	AG-908-F18_00934	5
CACFLK010000004.1	28743	29828	+	AG-908-F20_00715	AG-908-F20	361	OG0000019	K01000	phospho-N-acetylmuramoyl-pentapeptide-transferase [EC:2.7.8.13]	COG0472	Rfe	UDP-N-acetylmuramyl pentapeptide phosphotransferase/UDP-N-acetylglucosamine-1-phosphate transferase/archaeal AglH	AG-908-F20_00720	-5
CACFLK010000004.1	29771	31108	+	AG-908-F20_00716	AG-908-F20	445	OG0000817	NA	NA	COG0771	MurD	UDP-N-acetylmuramoylalanine-D-glutamate ligase	AG-908-F20_00720	-4
CACFLK010000004.1	31101	32225	+	AG-908-F20_00717	AG-908-F20	374	OG0000615	NA	NA	COG0772	FtsW	Peptodoglycan polymerase FtsW/RodA/SpoVE	AG-908-F20_00720	-3
CACFLK010000004.1	32227	33288	+	AG-908-F20_00718	AG-908-F20	353	OG0000489	K02563	UDP-N-acetylglucosamine--N-acetylmuramyl-(pentapeptide) pyrophosphoryl-undecaprenol N-acetylglucosamine transferase [EC:2.4.1.227]	COG0707	MurG	UDP-N-acetylglucosamine:LPS N-acetylglucosamine transferase	AG-908-F20_00720	-2
CACFLK010000004.1	33278	34675	+	AG-908-F20_00719	AG-908-F20	465	OG0000265	K01924	UDP-N-acetylmuramate--alanine ligase [EC:6.3.2.8]	COG0773	MurC	UDP-N-acetylmuramate-alanine ligase MurC and related ligases, MurC/Mpl family	AG-908-F20_00720	-1
CACFLK010000004.1	34672	35580	+	AG-908-F20_00720	AG-908-F20	302	OG0000330	K00075	UDP-N-acetylmuramate dehydrogenase [EC:1.3.1.98]	COG0812	MurB	UDP-N-acetylenolpyruvoylglucosamine reductase	AG-908-F20_00720	0
CACFLK010000004.1	35582	36496	+	AG-908-F20_00721	AG-908-F20	304	OG0000580	K01921	D-alanine-D-alanine ligase [EC:6.3.2.4]	COG1181	DdlA	D-alanine-D-alanine ligase or related ATP-grasp enzyme	AG-908-F20_00720	1
CACFLK010000004.1	36477	37151	+	AG-908-F20_00722	AG-908-F20	224	OG0000841	K03589	cell division protein FtsQ	COG1589	FtsQ	Cell division septal protein FtsQ	AG-908-F20_00720	2
CACFLK010000004.1	37141	37845	+	AG-908-F20_00723	AG-908-F20	234	OG0000537	NA	NA	NA	NA	NA	AG-908-F20_00720	3
CACFLK010000004.1	37908	38828	+	AG-908-F20_00724	AG-908-F20	306	OG0000300	K02535	UDP-3-O-[3-hydroxymyristoyl] N-acetylglucosamine deacetylase [EC:3.5.1.108]	COG0774	LpxC	UDP-3-O-acyl-N-acetylglucosamine deacetylase	AG-908-F20_00720	4
CACFLK010000004.1	38875	39723	+	AG-908-F20_00725	AG-908-F20	282	OG0000470	K05807	outer membrane protein assembly factor BamD	COG4105	BamD	Outer membrane protein assembly factor BamD, BamD/ComL family	AG-908-F20_00720	5
CACFPI010000001.1	24194	25279	+	AG-908-L09_00022	AG-908-L09	361	OG0000019	K01000	phospho-N-acetylmuramoyl-pentapeptide-transferase [EC:2.7.8.13]	COG0472	Rfe	UDP-N-acetylmuramyl pentapeptide phosphotransferase/UDP-N-acetylglucosamine-1-phosphate transferase/archaeal AglH	AG-908-L09_00027	-5
CACFPI010000001.1	25279	26568	+	AG-908-L09_00023	AG-908-L09	429	OG0000817	NA	NA	COG0771	MurD	UDP-N-acetylmuramoylalanine-D-glutamate ligase	AG-908-L09_00027	-4
CACFPI010000001.1	26565	27674	+	AG-908-L09_00024	AG-908-L09	369	OG0000615	NA	NA	COG0772	FtsW	Peptodoglycan polymerase FtsW/RodA/SpoVE	AG-908-L09_00027	-3
CACFPI010000001.1	27676	28752	+	AG-908-L09_00025	AG-908-L09	358	OG0000489	K02563	UDP-N-acetylglucosamine--N-acetylmuramyl-(pentapeptide) pyrophosphoryl-undecaprenol N-acetylglucosamine transferase [EC:2.4.1.227]	COG0707	MurG	UDP-N-acetylglucosamine:LPS N-acetylglucosamine transferase	AG-908-L09_00027	-2
CACFPI010000001.1	28742	30124	+	AG-908-L09_00026	AG-908-L09	460	OG0000265	K01924	UDP-N-acetylmuramate--alanine ligase [EC:6.3.2.8]	COG0773	MurC	UDP-N-acetylmuramate-alanine ligase MurC and related ligases, MurC/Mpl family	AG-908-L09_00027	-1
CACFPI010000001.1	30126	31034	+	AG-908-L09_00027	AG-908-L09	302	OG0000330	K00075	UDP-N-acetylmuramate dehydrogenase [EC:1.3.1.98]	COG0812	MurB	UDP-N-acetylenolpyruvoylglucosamine reductase	AG-908-L09_00027	0
CACFPI010000001.1	31034	31954	+	AG-908-L09_00028	AG-908-L09	306	OG0000580	K01921	D-alanine-D-alanine ligase [EC:6.3.2.4]	COG1181	DdlA	D-alanine-D-alanine ligase or related ATP-grasp enzyme	AG-908-L09_00027	1
CACFPI010000001.1	31935	32624	+	AG-908-L09_00029	AG-908-L09	229	OG0000841	K03589	cell division protein FtsQ	COG1589	FtsQ	Cell division septal protein FtsQ	AG-908-L09_00027	2
CACFPI010000001.1	32617	33777	+	AG-908-L09_00030	AG-908-L09	386	OG0000537	K03590	cell division protein FtsA	COG0849	FtsA	Cell division ATPase FtsA	AG-908-L09_00027	3
CACFPI010000001.1	33840	34760	+	AG-908-L09_00031	AG-908-L09	306	OG0000300	K02535	UDP-3-O-[3-hydroxymyristoyl] N-acetylglucosamine deacetylase [EC:3.5.1.108]	COG0774	LpxC	UDP-3-O-acyl-N-acetylglucosamine deacetylase	AG-908-L09_00027	4
CACFPI010000001.1	34799	35635	+	AG-908-L09_00032	AG-908-L09	278	OG0000470	K05807	outer membrane protein assembly factor BamD	COG4105	BamD	Outer membrane protein assembly factor BamD, BamD/ComL family	AG-908-L09_00027	5
CACFUR010000009.1	6960	7790	-	AG-909-A17_00990	AG-909-A17	276	OG0000470	K05807	outer membrane protein assembly factor BamD	COG4105	BamD	Outer membrane protein assembly factor BamD, BamD/ComL family	AG-909-A17_00995	-5
CACFUR010000009.1	7830	8750	-	AG-909-A17_00991	AG-909-A17	306	OG0000300	K02535	UDP-3-O-[3-hydroxymyristoyl] N-acetylglucosamine deacetylase [EC:3.5.1.108]	COG0774	LpxC	UDP-3-O-acyl-N-acetylglucosamine deacetylase	AG-909-A17_00995	-4
CACFUR010000009.1	8818	9528	-	AG-909-A17_00992	AG-909-A17	236	OG0000537	NA	NA	NA	NA	NA	AG-909-A17_00995	-3
CACFUR010000009.1	9521	10195	-	AG-909-A17_00993	AG-909-A17	224	OG0000841	K03589	cell division protein FtsQ	COG1589	FtsQ	Cell division septal protein FtsQ	AG-909-A17_00995	-2
CACFUR010000009.1	10176	11087	-	AG-909-A17_00994	AG-909-A17	303	OG0000580	K01921	D-alanine-D-alanine ligase [EC:6.3.2.4]	COG1181	DdlA	D-alanine-D-alanine ligase or related ATP-grasp enzyme	AG-909-A17_00995	-1
CACFUR010000009.1	11088	11996	-	AG-909-A17_00995	AG-909-A17	302	OG0000330	K00075	UDP-N-acetylmuramate dehydrogenase [EC:1.3.1.98]	COG0812	MurB	UDP-N-acetylenolpyruvoylglucosamine reductase	AG-909-A17_00995	0
CACFUR010000009.1	11996	13396	-	AG-909-A17_00996	AG-909-A17	466	OG0000265	K01924	UDP-N-acetylmuramate--alanine ligase [EC:6.3.2.8]	COG0773	MurC	UDP-N-acetylmuramate-alanine ligase MurC and related ligases, MurC/Mpl family	AG-909-A17_00995	1
CACFUR010000009.1	13393	14460	-	AG-909-A17_00997	AG-909-A17	355	OG0000489	K02563	UDP-N-acetylglucosamine--N-acetylmuramyl-(pentapeptide) pyrophosphoryl-undecaprenol N-acetylglucosamine transferase [EC:2.4.1.227]	COG0707	MurG	UDP-N-acetylglucosamine:LPS N-acetylglucosamine transferase	AG-909-A17_00995	2
CACFUR010000009.1	14465	15583	-	AG-909-A17_00998	AG-909-A17	372	OG0000615	NA	NA	COG0772	FtsW	Peptodoglycan polymerase FtsW/RodA/SpoVE	AG-909-A17_00995	3
CACFUR010000009.1	15573	16868	-	AG-909-A17_00999	AG-909-A17	431	OG0000817	NA	NA	COG0771	MurD	UDP-N-acetylmuramoylalanine-D-glutamate ligase	AG-909-A17_00995	4
CACFUR010000009.1	16868	17953	-	AG-909-A17_01000	AG-909-A17	361	OG0000019	K01000	phospho-N-acetylmuramoyl-pentapeptide-transferase [EC:2.7.8.13]	COG0472	Rfe	UDP-N-acetylmuramyl pentapeptide phosphotransferase/UDP-N-acetylglucosamine-1-phosphate transferase/archaeal AglH	AG-909-A17_00995	5
CACFZE010000002.1	175794	176630	-	AG-909-F14_00517	AG-909-F14	278	OG0000470	K05807	outer membrane protein assembly factor BamD	COG4105	BamD	Outer membrane protein assembly factor BamD, BamD/ComL family	AG-909-F14_00522	-5
CACFZE010000002.1	176669	177589	-	AG-909-F14_00518	AG-909-F14	306	OG0000300	K02535	UDP-3-O-[3-hydroxymyristoyl] N-acetylglucosamine deacetylase [EC:3.5.1.108]	COG0774	LpxC	UDP-3-O-acyl-N-acetylglucosamine deacetylase	AG-909-F14_00522	-4
CACFZE010000002.1	177651	178817	-	AG-909-F14_00519	AG-909-F14	388	OG0000537	K03590	cell division protein FtsA	COG0849	FtsA	Cell division ATPase FtsA	AG-909-F14_00522	-3
CACFZE010000002.1	178810	179499	-	AG-909-F14_00520	AG-909-F14	229	OG0000841	K03589	cell division protein FtsQ	COG1589	FtsQ	Cell division septal protein FtsQ	AG-909-F14_00522	-2
CACFZE010000002.1	179480	180400	-	AG-909-F14_00521	AG-909-F14	306	OG0000580	K01921	D-alanine-D-alanine ligase [EC:6.3.2.4]	COG1181	DdlA	D-alanine-D-alanine ligase or related ATP-grasp enzyme	AG-909-F14_00522	-1
CACFZE010000002.1	180400	181308	-	AG-909-F14_00522	AG-909-F14	302	OG0000330	K00075	UDP-N-acetylmuramate dehydrogenase [EC:1.3.1.98]	COG0812	MurB	UDP-N-acetylenolpyruvoylglucosamine reductase	AG-909-F14_00522	0
CACFZE010000002.1	181310	182692	-	AG-909-F14_00523	AG-909-F14	460	OG0000265	K01924	UDP-N-acetylmuramate--alanine ligase [EC:6.3.2.8]	COG0773	MurC	UDP-N-acetylmuramate-alanine ligase MurC and related ligases, MurC/Mpl family	AG-909-F14_00522	1
CACFZE010000002.1	182682	183758	-	AG-909-F14_00524	AG-909-F14	358	OG0000489	K02563	UDP-N-acetylglucosamine--N-acetylmuramyl-(pentapeptide) pyrophosphoryl-undecaprenol N-acetylglucosamine transferase [EC:2.4.1.227]	COG0707	MurG	UDP-N-acetylglucosamine:LPS N-acetylglucosamine transferase	AG-909-F14_00522	2
CACFZE010000002.1	183760	184869	-	AG-909-F14_00525	AG-909-F14	369	OG0000615	NA	NA	COG0772	FtsW	Peptodoglycan polymerase FtsW/RodA/SpoVE	AG-909-F14_00522	3
CACFZE010000002.1	184869	186155	-	AG-909-F14_00526	AG-909-F14	428	OG0000817	NA	NA	COG0771	MurD	UDP-N-acetylmuramoylalanine-D-glutamate ligase	AG-909-F14_00522	4
CACFZE010000002.1	186155	187240	-	AG-909-F14_00527	AG-909-F14	361	OG0000019	K01000	phospho-N-acetylmuramoyl-pentapeptide-transferase [EC:2.7.8.13]	COG0472	Rfe	UDP-N-acetylmuramyl pentapeptide phosphotransferase/UDP-N-acetylglucosamine-1-phosphate transferase/archaeal AglH	AG-909-F14_00522	5
CACGAC010000005.1	43694	44539	-	AG-909-G08_00809	AG-909-G08	281	OG0000470	K05807	outer membrane protein assembly factor BamD	COG4105	BamD	Outer membrane protein assembly factor BamD, BamD/ComL family	AG-909-G08_00814	-5
CACGAC010000005.1	44574	45494	-	AG-909-G08_00810	AG-909-G08	306	OG0000300	K02535	UDP-3-O-[3-hydroxymyristoyl] N-acetylglucosamine deacetylase [EC:3.5.1.108]	COG0774	LpxC	UDP-3-O-acyl-N-acetylglucosamine deacetylase	AG-909-G08_00814	-4
CACGAC010000005.1	45558	46259	-	AG-909-G08_00811	AG-909-G08	233	OG0000537	NA	NA	NA	NA	NA	AG-909-G08_00814	-3
CACGAC010000005.1	46249	46923	-	AG-909-G08_00812	AG-909-G08	224	OG0000841	K03589	cell division protein FtsQ	COG1589	FtsQ	Cell division septal protein FtsQ	AG-909-G08_00814	-2
CACGAC010000005.1	46904	47818	-	AG-909-G08_00813	AG-909-G08	304	OG0000580	K01921	D-alanine-D-alanine ligase [EC:6.3.2.4]	COG1181	DdlA	D-alanine-D-alanine ligase or related ATP-grasp enzyme	AG-909-G08_00814	-1
CACGAC010000005.1	47820	48728	-	AG-909-G08_00814	AG-909-G08	302	OG0000330	K00075	UDP-N-acetylmuramate dehydrogenase [EC:1.3.1.98]	COG0812	MurB	UDP-N-acetylenolpyruvoylglucosamine reductase	AG-909-G08_00814	0
CACGAC010000005.1	48728	50122	-	AG-909-G08_00815	AG-909-G08	464	OG0000265	K01924	UDP-N-acetylmuramate--alanine ligase [EC:6.3.2.8]	COG0773	MurC	UDP-N-acetylmuramate-alanine ligase MurC and related ligases, MurC/Mpl family	AG-909-G08_00814	1
CACGAC010000005.1	50112	51176	-	AG-909-G08_00816	AG-909-G08	354	OG0000489	K02563	UDP-N-acetylglucosamine--N-acetylmuramyl-(pentapeptide) pyrophosphoryl-undecaprenol N-acetylglucosamine transferase [EC:2.4.1.227]	COG0707	MurG	UDP-N-acetylglucosamine:LPS N-acetylglucosamine transferase	AG-909-G08_00814	2
CACGAC010000005.1	51173	52300	-	AG-909-G08_00817	AG-909-G08	375	OG0000615	NA	NA	COG0772	FtsW	Peptodoglycan polymerase FtsW/RodA/SpoVE	AG-909-G08_00814	3
CACGAC010000005.1	52281	53591	-	AG-909-G08_00818	AG-909-G08	436	OG0000817	NA	NA	COG0771	MurD	UDP-N-acetylmuramoylalanine-D-glutamate ligase	AG-909-G08_00814	4
CACGAC010000005.1	53591	54676	-	AG-909-G08_00819	AG-909-G08	361	OG0000019	K01000	phospho-N-acetylmuramoyl-pentapeptide-transferase [EC:2.7.8.13]	COG0472	Rfe	UDP-N-acetylmuramyl pentapeptide phosphotransferase/UDP-N-acetylglucosamine-1-phosphate transferase/archaeal AglH	AG-909-G08_00814	5
CACGBV010000031.1	310	1032	+	AG-909-J05_01088	AG-909-J05	240	OG0000615	NA	NA	COG0772	FtsW	Peptodoglycan polymerase FtsW/RodA/SpoVE	AG-909-J05_01091	-3
CACGBV010000031.1	1029	2093	+	AG-909-J05_01089	AG-909-J05	354	OG0000489	K02563	UDP-N-acetylglucosamine--N-acetylmuramyl-(pentapeptide) pyrophosphoryl-undecaprenol N-acetylglucosamine transferase [EC:2.4.1.227]	COG0707	MurG	UDP-N-acetylglucosamine:LPS N-acetylglucosamine transferase	AG-909-J05_01091	-2
CACGBV010000031.1	2083	3477	+	AG-909-J05_01090	AG-909-J05	464	OG0000265	K01924	UDP-N-acetylmuramate--alanine ligase [EC:6.3.2.8]	COG0773	MurC	UDP-N-acetylmuramate-alanine ligase MurC and related ligases, MurC/Mpl family	AG-909-J05_01091	-1
CACGBV010000031.1	3477	4385	+	AG-909-J05_01091	AG-909-J05	302	OG0000330	K00075	UDP-N-acetylmuramate dehydrogenase [EC:1.3.1.98]	COG0812	MurB	UDP-N-acetylenolpyruvoylglucosamine reductase	AG-909-J05_01091	0
CACGJX010000008.1	42001	42834	-	AG-910-B05_00993	AG-910-B05	277	OG0000470	K05807	outer membrane protein assembly factor BamD	COG4105	BamD	Outer membrane protein assembly factor BamD, BamD/ComL family	AG-910-B05_00998	-5
CACGJX010000008.1	42879	43799	-	AG-910-B05_00994	AG-910-B05	306	OG0000300	K02535	UDP-3-O-[3-hydroxymyristoyl] N-acetylglucosamine deacetylase [EC:3.5.1.108]	COG0774	LpxC	UDP-3-O-acyl-N-acetylglucosamine deacetylase	AG-910-B05_00998	-4
CACGJX010000008.1	43863	44564	-	AG-910-B05_00995	AG-910-B05	233	OG0000537	NA	NA	NA	NA	NA	AG-910-B05_00998	-3
CACGJX010000008.1	44554	45147	-	AG-910-B05_00996	AG-910-B05	197	OG0000841	K03589	cell division protein FtsQ	COG1589	FtsQ	Cell division septal protein FtsQ	AG-910-B05_00998	-2
CACGJX010000008.1	45209	46123	-	AG-910-B05_00997	AG-910-B05	304	OG0000580	K01921	D-alanine-D-alanine ligase [EC:6.3.2.4]	COG1181	DdlA	D-alanine-D-alanine ligase or related ATP-grasp enzyme	AG-910-B05_00998	-1
CACGJX010000008.1	46125	47033	-	AG-910-B05_00998	AG-910-B05	302	OG0000330	K00075	UDP-N-acetylmuramate dehydrogenase [EC:1.3.1.98]	COG0812	MurB	UDP-N-acetylenolpyruvoylglucosamine reductase	AG-910-B05_00998	0
CACGJX010000008.1	47033	48427	-	AG-910-B05_00999	AG-910-B05	464	OG0000265	K01924	UDP-N-acetylmuramate--alanine ligase [EC:6.3.2.8]	COG0773	MurC	UDP-N-acetylmuramate-alanine ligase MurC and related ligases, MurC/Mpl family	AG-910-B05_00998	1
CACGJX010000008.1	48417	49481	-	AG-910-B05_01000	AG-910-B05	354	OG0000489	K02563	UDP-N-acetylglucosamine--N-acetylmuramyl-(pentapeptide) pyrophosphoryl-undecaprenol N-acetylglucosamine transferase [EC:2.4.1.227]	COG0707	MurG	UDP-N-acetylglucosamine:LPS N-acetylglucosamine transferase	AG-910-B05_00998	2
CACGJX010000008.1	49478	50605	-	AG-910-B05_01001	AG-910-B05	375	OG0000615	NA	NA	COG0772	FtsW	Peptodoglycan polymerase FtsW/RodA/SpoVE	AG-910-B05_00998	3
CACGJX010000008.1	50586	51896	-	AG-910-B05_01002	AG-910-B05	436	OG0000817	NA	NA	COG0771	MurD	UDP-N-acetylmuramoylalanine-D-glutamate ligase	AG-910-B05_00998	4
CACGJX010000008.1	51896	52981	-	AG-910-B05_01003	AG-910-B05	361	OG0000019	K01000	phospho-N-acetylmuramoyl-pentapeptide-transferase [EC:2.7.8.13]	COG0472	Rfe	UDP-N-acetylmuramyl pentapeptide phosphotransferase/UDP-N-acetylglucosamine-1-phosphate transferase/archaeal AglH	AG-910-B05_00998	5
CACGPY010000001.1	227394	228479	+	AG-910-G11_00247	AG-910-G11	361	OG0000019	K01000	phospho-N-acetylmuramoyl-pentapeptide-transferase [EC:2.7.8.13]	COG0472	Rfe	UDP-N-acetylmuramyl pentapeptide phosphotransferase/UDP-N-acetylglucosamine-1-phosphate transferase/archaeal AglH	AG-910-G11_00252	-5
CACGPY010000001.1	228483	229760	+	AG-910-G11_00248	AG-910-G11	425	OG0000817	NA	NA	COG0771	MurD	UDP-N-acetylmuramoylalanine-D-glutamate ligase	AG-910-G11_00252	-4
CACGPY010000001.1	229741	230868	+	AG-910-G11_00249	AG-910-G11	375	OG0000615	NA	NA	COG0772	FtsW	Peptodoglycan polymerase FtsW/RodA/SpoVE	AG-910-G11_00252	-3
CACGPY010000001.1	230861	231955	+	AG-910-G11_00250	AG-910-G11	364	OG0000489	K02563	UDP-N-acetylglucosamine--N-acetylmuramyl-(pentapeptide) pyrophosphoryl-undecaprenol N-acetylglucosamine transferase [EC:2.4.1.227]	COG0707	MurG	UDP-N-acetylglucosamine:LPS N-acetylglucosamine transferase	AG-910-G11_00252	-2
CACGPY010000001.1	231942	233339	+	AG-910-G11_00251	AG-910-G11	465	OG0000265	K01924	UDP-N-acetylmuramate--alanine ligase [EC:6.3.2.8]	COG0773	MurC	UDP-N-acetylmuramate-alanine ligase MurC and related ligases, MurC/Mpl family	AG-910-G11_00252	-1
CACGPY010000001.1	233336	234241	+	AG-910-G11_00252	AG-910-G11	301	OG0000330	K00075	UDP-N-acetylmuramate dehydrogenase [EC:1.3.1.98]	COG0812	MurB	UDP-N-acetylenolpyruvoylglucosamine reductase	AG-910-G11_00252	0
CACGPY010000001.1	234234	235172	+	AG-910-G11_00253	AG-910-G11	312	OG0000580	K01921	D-alanine-D-alanine ligase [EC:6.3.2.4]	COG1181	DdlA	D-alanine-D-alanine ligase or related ATP-grasp enzyme	AG-910-G11_00252	1
CACGPY010000001.1	235169	235825	+	AG-910-G11_00254	AG-910-G11	218	OG0000841	K03589	cell division protein FtsQ	COG1589	FtsQ	Cell division septal protein FtsQ	AG-910-G11_00252	2
CACGPY010000001.1	235829	237025	+	AG-910-G11_00255	AG-910-G11	398	OG0000537	NA	NA	COG0849	FtsA	Cell division ATPase FtsA	AG-910-G11_00252	3
CACGPY010000001.1	237089	238015	+	AG-910-G11_00256	AG-910-G11	308	OG0000300	K02535	UDP-3-O-[3-hydroxymyristoyl] N-acetylglucosamine deacetylase [EC:3.5.1.108]	COG0774	LpxC	UDP-3-O-acyl-N-acetylglucosamine deacetylase	AG-910-G11_00252	4
CACGPY010000001.1	238065	238907	+	AG-910-G11_00257	AG-910-G11	280	OG0000470	K05807	outer membrane protein assembly factor BamD	COG4105	BamD	Outer membrane protein assembly factor BamD, BamD/ComL family	AG-910-G11_00252	5
CACHCK010000001.1	141805	142887	+	AG-911-E02_00154	AG-911-E02	360	OG0000019	K01000	phospho-N-acetylmuramoyl-pentapeptide-transferase [EC:2.7.8.13]	COG0472	Rfe	UDP-N-acetylmuramyl pentapeptide phosphotransferase/UDP-N-acetylglucosamine-1-phosphate transferase/archaeal AglH	AG-911-E02_00159	-5
CACHCK010000001.1	142892	144208	+	AG-911-E02_00155	AG-911-E02	438	OG0000817	NA	NA	COG0771	MurD	UDP-N-acetylmuramoylalanine-D-glutamate ligase	AG-911-E02_00159	-4
CACHCK010000001.1	144208	145320	+	AG-911-E02_00156	AG-911-E02	370	OG0000615	NA	NA	COG0772	FtsW	Peptodoglycan polymerase FtsW/RodA/SpoVE	AG-911-E02_00159	-3
CACHCK010000001.1	145330	146388	+	AG-911-E02_00157	AG-911-E02	352	OG0000489	K02563	UDP-N-acetylglucosamine--N-acetylmuramyl-(pentapeptide) pyrophosphoryl-undecaprenol N-acetylglucosamine transferase [EC:2.4.1.227]	COG0707	MurG	UDP-N-acetylglucosamine:LPS N-acetylglucosamine transferase	AG-911-E02_00159	-2
CACHCK010000001.1	146385	147776	+	AG-911-E02_00158	AG-911-E02	463	OG0000265	K01924	UDP-N-acetylmuramate--alanine ligase [EC:6.3.2.8]	COG0773	MurC	UDP-N-acetylmuramate-alanine ligase MurC and related ligases, MurC/Mpl family	AG-911-E02_00159	-1
CACHCK010000001.1	147769	148692	+	AG-911-E02_00159	AG-911-E02	307	OG0000330	K00075	UDP-N-acetylmuramate dehydrogenase [EC:1.3.1.98]	COG0812	MurB	UDP-N-acetylenolpyruvoylglucosamine reductase	AG-911-E02_00159	0
CACHCK010000001.1	148689	149597	+	AG-911-E02_00160	AG-911-E02	302	OG0000580	K01921	D-alanine-D-alanine ligase [EC:6.3.2.4]	COG1181	DdlA	D-alanine-D-alanine ligase or related ATP-grasp enzyme	AG-911-E02_00159	1
CACHCK010000001.1	149581	150315	+	AG-911-E02_00161	AG-911-E02	244	OG0000841	K03589	cell division protein FtsQ	COG1589	FtsQ	Cell division septal protein FtsQ	AG-911-E02_00159	2
CACHCK010000001.1	150315	151502	+	AG-911-E02_00162	AG-911-E02	395	OG0000537	K03590	cell division protein FtsA	COG0849	FtsA	Cell division ATPase FtsA	AG-911-E02_00159	3
CACHCK010000001.1	151567	152493	+	AG-911-E02_00163	AG-911-E02	308	OG0000300	K02535	UDP-3-O-[3-hydroxymyristoyl] N-acetylglucosamine deacetylase [EC:3.5.1.108]	COG0774	LpxC	UDP-3-O-acyl-N-acetylglucosamine deacetylase	AG-911-E02_00159	4
CACHCK010000001.1	152537	153301	+	AG-911-E02_00164	AG-911-E02	254	OG0000470	K05807	outer membrane protein assembly factor BamD	COG4105	BamD	Outer membrane protein assembly factor BamD, BamD/ComL family	AG-911-E02_00159	5
CACHCA010000010.1	6157	6990	-	AG-911-E04_01029	AG-911-E04	277	OG0000470	K05807	outer membrane protein assembly factor BamD	COG4105	BamD	Outer membrane protein assembly factor BamD, BamD/ComL family	AG-911-E04_01034	-5
CACHCA010000010.1	7040	7960	-	AG-911-E04_01030	AG-911-E04	306	OG0000300	K02535	UDP-3-O-[3-hydroxymyristoyl] N-acetylglucosamine deacetylase [EC:3.5.1.108]	COG0774	LpxC	UDP-3-O-acyl-N-acetylglucosamine deacetylase	AG-911-E04_01034	-4
CACHCA010000010.1	8024	8731	-	AG-911-E04_01031	AG-911-E04	235	OG0000537	NA	NA	NA	NA	NA	AG-911-E04_01034	-3
CACHCA010000010.1	8721	9395	-	AG-911-E04_01032	AG-911-E04	224	OG0000841	K03589	cell division protein FtsQ	COG1589	FtsQ	Cell division septal protein FtsQ	AG-911-E04_01034	-2
CACHCA010000010.1	9376	10290	-	AG-911-E04_01033	AG-911-E04	304	OG0000580	K01921	D-alanine-D-alanine ligase [EC:6.3.2.4]	COG1181	DdlA	D-alanine-D-alanine ligase or related ATP-grasp enzyme	AG-911-E04_01034	-1
CACHCA010000010.1	10292	11200	-	AG-911-E04_01034	AG-911-E04	302	OG0000330	K00075	UDP-N-acetylmuramate dehydrogenase [EC:1.3.1.98]	COG0812	MurB	UDP-N-acetylenolpyruvoylglucosamine reductase	AG-911-E04_01034	0
CACHCA010000010.1	11200	12594	-	AG-911-E04_01035	AG-911-E04	464	OG0000265	K01924	UDP-N-acetylmuramate--alanine ligase [EC:6.3.2.8]	COG0773	MurC	UDP-N-acetylmuramate-alanine ligase MurC and related ligases, MurC/Mpl family	AG-911-E04_01034	1
CACHCA010000010.1	12584	13648	-	AG-911-E04_01036	AG-911-E04	354	OG0000489	K02563	UDP-N-acetylglucosamine--N-acetylmuramyl-(pentapeptide) pyrophosphoryl-undecaprenol N-acetylglucosamine transferase [EC:2.4.1.227]	COG0707	MurG	UDP-N-acetylglucosamine:LPS N-acetylglucosamine transferase	AG-911-E04_01034	2
CACHCA010000010.1	13645	14772	-	AG-911-E04_01037	AG-911-E04	375	OG0000615	NA	NA	COG0772	FtsW	Peptodoglycan polymerase FtsW/RodA/SpoVE	AG-911-E04_01034	3
CACHCA010000010.1	14753	16063	-	AG-911-E04_01038	AG-911-E04	436	OG0000817	NA	NA	COG0771	MurD	UDP-N-acetylmuramoylalanine-D-glutamate ligase	AG-911-E04_01034	4
CACHCA010000010.1	16063	17148	-	AG-911-E04_01039	AG-911-E04	361	OG0000019	K01000	phospho-N-acetylmuramoyl-pentapeptide-transferase [EC:2.7.8.13]	COG0472	Rfe	UDP-N-acetylmuramyl pentapeptide phosphotransferase/UDP-N-acetylglucosamine-1-phosphate transferase/archaeal AglH	AG-911-E04_01034	5
CACHEO010000002.1	184333	185181	-	AG-911-G03_00462	AG-911-G03	282	OG0000470	K05807	outer membrane protein assembly factor BamD	COG4105	BamD	Outer membrane protein assembly factor BamD, BamD/ComL family	AG-911-G03_00467	-5
CACHEO010000002.1	185231	186151	-	AG-911-G03_00463	AG-911-G03	306	OG0000300	K02535	UDP-3-O-[3-hydroxymyristoyl] N-acetylglucosamine deacetylase [EC:3.5.1.108]	COG0774	LpxC	UDP-3-O-acyl-N-acetylglucosamine deacetylase	AG-911-G03_00467	-4
CACHEO010000002.1	186216	186920	-	AG-911-G03_00464	AG-911-G03	234	OG0000537	NA	NA	NA	NA	NA	AG-911-G03_00467	-3
CACHEO010000002.1	186913	187584	-	AG-911-G03_00465	AG-911-G03	223	OG0000841	K03589	cell division protein FtsQ	COG1589	FtsQ	Cell division septal protein FtsQ	AG-911-G03_00467	-2
CACHEO010000002.1	187565	188479	-	AG-911-G03_00466	AG-911-G03	304	OG0000580	K01921	D-alanine-D-alanine ligase [EC:6.3.2.4]	COG1181	DdlA	D-alanine-D-alanine ligase or related ATP-grasp enzyme	AG-911-G03_00467	-1
CACHEO010000002.1	188481	189386	-	AG-911-G03_00467	AG-911-G03	301	OG0000330	K00075	UDP-N-acetylmuramate dehydrogenase [EC:1.3.1.98]	COG0812	MurB	UDP-N-acetylenolpyruvoylglucosamine reductase	AG-911-G03_00467	0
CACHEO010000002.1	189386	190780	-	AG-911-G03_00468	AG-911-G03	464	OG0000265	K01924	UDP-N-acetylmuramate--alanine ligase [EC:6.3.2.8]	COG0773	MurC	UDP-N-acetylmuramate-alanine ligase MurC and related ligases, MurC/Mpl family	AG-911-G03_00467	1
CACHEO010000002.1	190770	191837	-	AG-911-G03_00469	AG-911-G03	355	OG0000489	K02563	UDP-N-acetylglucosamine--N-acetylmuramyl-(pentapeptide) pyrophosphoryl-undecaprenol N-acetylglucosamine transferase [EC:2.4.1.227]	COG0707	MurG	UDP-N-acetylglucosamine:LPS N-acetylglucosamine transferase	AG-911-G03_00467	2
CACHEO010000002.1	191841	192962	-	AG-911-G03_00470	AG-911-G03	373	OG0000615	NA	NA	COG0772	FtsW	Peptodoglycan polymerase FtsW/RodA/SpoVE	AG-911-G03_00467	3
CACHEO010000002.1	192952	194247	-	AG-911-G03_00471	AG-911-G03	431	OG0000817	NA	NA	COG0771	MurD	UDP-N-acetylmuramoylalanine-D-glutamate ligase	AG-911-G03_00467	4
CACHEO010000002.1	194247	195332	-	AG-911-G03_00472	AG-911-G03	361	OG0000019	K01000	phospho-N-acetylmuramoyl-pentapeptide-transferase [EC:2.7.8.13]	COG0472	Rfe	UDP-N-acetylmuramyl pentapeptide phosphotransferase/UDP-N-acetylglucosamine-1-phosphate transferase/archaeal AglH	AG-911-G03_00467	5
CACHFP010000002.1	93657	94484	-	AG-911-G13_00470	AG-911-G13	275	OG0000470	K05807	outer membrane protein assembly factor BamD	COG4105	BamD	Outer membrane protein assembly factor BamD, BamD/ComL family	AG-911-G13_00475	-5
CACHFP010000002.1	94546	95472	-	AG-911-G13_00471	AG-911-G13	308	OG0000300	K02535	UDP-3-O-[3-hydroxymyristoyl] N-acetylglucosamine deacetylase [EC:3.5.1.108]	COG0774	LpxC	UDP-3-O-acyl-N-acetylglucosamine deacetylase	AG-911-G13_00475	-4
CACHFP010000002.1	95537	96730	-	AG-911-G13_00472	AG-911-G13	397	OG0000537	K03590	cell division protein FtsA	COG0849	FtsA	Cell division ATPase FtsA	AG-911-G13_00475	-3
CACHFP010000002.1	96734	97393	-	AG-911-G13_00473	AG-911-G13	219	OG0000841	K03589	cell division protein FtsQ	COG1589	FtsQ	Cell division septal protein FtsQ	AG-911-G13_00475	-2
CACHFP010000002.1	97390	98325	-	AG-911-G13_00474	AG-911-G13	311	OG0000580	K01921	D-alanine-D-alanine ligase [EC:6.3.2.4]	COG1181	DdlA	D-alanine-D-alanine ligase or related ATP-grasp enzyme	AG-911-G13_00475	-1
CACHFP010000002.1	98318	99223	-	AG-911-G13_00475	AG-911-G13	301	OG0000330	K00075	UDP-N-acetylmuramate dehydrogenase [EC:1.3.1.98]	COG0812	MurB	UDP-N-acetylenolpyruvoylglucosamine reductase	AG-911-G13_00475	0
CACHFP010000002.1	99220	100617	-	AG-911-G13_00476	AG-911-G13	465	OG0000265	K01924	UDP-N-acetylmuramate--alanine ligase [EC:6.3.2.8]	COG0773	MurC	UDP-N-acetylmuramate-alanine ligase MurC and related ligases, MurC/Mpl family	AG-911-G13_00475	1
CACHFP010000002.1	100604	101686	-	AG-911-G13_00477	AG-911-G13	360	OG0000489	K02563	UDP-N-acetylglucosamine--N-acetylmuramyl-(pentapeptide) pyrophosphoryl-undecaprenol N-acetylglucosamine transferase [EC:2.4.1.227]	COG0707	MurG	UDP-N-acetylglucosamine:LPS N-acetylglucosamine transferase	AG-911-G13_00475	2
CACHFP010000002.1	101691	102818	-	AG-911-G13_00478	AG-911-G13	375	OG0000615	NA	NA	COG0772	FtsW	Peptodoglycan polymerase FtsW/RodA/SpoVE	AG-911-G13_00475	3
CACHFP010000002.1	102799	104085	-	AG-911-G13_00479	AG-911-G13	428	OG0000817	NA	NA	COG0771	MurD	UDP-N-acetylmuramoylalanine-D-glutamate ligase	AG-911-G13_00475	4
CACHFP010000002.1	104089	105174	-	AG-911-G13_00480	AG-911-G13	361	OG0000019	K01000	phospho-N-acetylmuramoyl-pentapeptide-transferase [EC:2.7.8.13]	COG0472	Rfe	UDP-N-acetylmuramyl pentapeptide phosphotransferase/UDP-N-acetylglucosamine-1-phosphate transferase/archaeal AglH	AG-911-G13_00475	5
CACHJZ010000001.1	225023	225859	-	AG-911-N14_00219	AG-911-N14	278	OG0000470	K05807	outer membrane protein assembly factor BamD	COG4105	BamD	Outer membrane protein assembly factor BamD, BamD/ComL family	AG-911-N14_00224	-5
CACHJZ010000001.1	225901	226821	-	AG-911-N14_00220	AG-911-N14	306	OG0000300	K02535	UDP-3-O-[3-hydroxymyristoyl] N-acetylglucosamine deacetylase [EC:3.5.1.108]	COG0774	LpxC	UDP-3-O-acyl-N-acetylglucosamine deacetylase	AG-911-N14_00224	-4
CACHJZ010000001.1	226884	227591	-	AG-911-N14_00221	AG-911-N14	235	OG0000537	NA	NA	NA	NA	NA	AG-911-N14_00224	-3
CACHJZ010000001.1	227584	228255	-	AG-911-N14_00222	AG-911-N14	223	OG0000841	K03589	cell division protein FtsQ	COG1589	FtsQ	Cell division septal protein FtsQ	AG-911-N14_00224	-2
CACHJZ010000001.1	228233	229147	-	AG-911-N14_00223	AG-911-N14	304	OG0000580	K01921	D-alanine-D-alanine ligase [EC:6.3.2.4]	COG1181	DdlA	D-alanine-D-alanine ligase or related ATP-grasp enzyme	AG-911-N14_00224	-1
CACHJZ010000001.1	229148	230059	-	AG-911-N14_00224	AG-911-N14	303	OG0000330	K00075	UDP-N-acetylmuramate dehydrogenase [EC:1.3.1.98]	COG0812	MurB	UDP-N-acetylenolpyruvoylglucosamine reductase	AG-911-N14_00224	0
CACHJZ010000001.1	230138	230836	-	AG-911-N14_00225	AG-911-N14	232	OG0000261	NA	NA	COG0176	TalA	Transaldolase/fructose-6-phosphate aldolase	AG-911-N14_00224	1
CACHJZ010000001.1	230846	232240	-	AG-911-N14_00226	AG-911-N14	464	OG0000436	K00325	H+-translocating NAD(P) transhydrogenase subunit beta [EC:1.6.1.2 7.1.1.1]	COG1282	PntB	NAD/NADP transhydrogenase beta subunit	AG-911-N14_00224	2
CACHJZ010000001.1	232241	232549	-	AG-911-N14_00227	AG-911-N14	102	OG0000454	NA	NA	COG3288	PntA	NAD/NADP transhydrogenase alpha subunit	AG-911-N14_00224	3
CACHJZ010000001.1	232551	233633	-	AG-911-N14_00228	AG-911-N14	360	OG0000352	K00324	H+-translocating NAD(P) transhydrogenase subunit alpha [EC:1.6.1.2 7.1.1.1]	COG3288	PntA	NAD/NADP transhydrogenase alpha subunit	AG-911-N14_00224	4
CACHJZ010000001.1	233940	234557	-	AG-911-N14_00230	AG-911-N14	205	OG0000075	NA	NA	COG0451	WcaG	Nucleoside-diphosphate-sugar epimerase	AG-911-N14_00224	5
CACHSE010000003.1	85323	86408	+	AG-912-C08_00560	AG-912-C08	361	OG0000019	K01000	phospho-N-acetylmuramoyl-pentapeptide-transferase [EC:2.7.8.13]	COG0472	Rfe	UDP-N-acetylmuramyl pentapeptide phosphotransferase/UDP-N-acetylglucosamine-1-phosphate transferase/archaeal AglH	AG-912-C08_00565	-5
CACHSE010000003.1	86420	87688	+	AG-912-C08_00561	AG-912-C08	422	OG0000817	NA	NA	COG0771	MurD	UDP-N-acetylmuramoylalanine-D-glutamate ligase	AG-912-C08_00565	-4
CACHSE010000003.1	87681	88805	+	AG-912-C08_00562	AG-912-C08	374	OG0000615	NA	NA	COG0772	FtsW	Peptodoglycan polymerase FtsW/RodA/SpoVE	AG-912-C08_00565	-3
CACHSE010000003.1	88807	89868	+	AG-912-C08_00563	AG-912-C08	353	OG0000489	K02563	UDP-N-acetylglucosamine--N-acetylmuramyl-(pentapeptide) pyrophosphoryl-undecaprenol N-acetylglucosamine transferase [EC:2.4.1.227]	COG0707	MurG	UDP-N-acetylglucosamine:LPS N-acetylglucosamine transferase	AG-912-C08_00565	-2
CACHSE010000003.1	89858	91255	+	AG-912-C08_00564	AG-912-C08	465	OG0000265	K01924	UDP-N-acetylmuramate--alanine ligase [EC:6.3.2.8]	COG0773	MurC	UDP-N-acetylmuramate-alanine ligase MurC and related ligases, MurC/Mpl family	AG-912-C08_00565	-1
CACHSE010000003.1	91252	92160	+	AG-912-C08_00565	AG-912-C08	302	OG0000330	K00075	UDP-N-acetylmuramate dehydrogenase [EC:1.3.1.98]	COG0812	MurB	UDP-N-acetylenolpyruvoylglucosamine reductase	AG-912-C08_00565	0
CACHSE010000003.1	92162	93076	+	AG-912-C08_00566	AG-912-C08	304	OG0000580	K01921	D-alanine-D-alanine ligase [EC:6.3.2.4]	COG1181	DdlA	D-alanine-D-alanine ligase or related ATP-grasp enzyme	AG-912-C08_00565	1
CACHSE010000003.1	93057	93731	+	AG-912-C08_00567	AG-912-C08	224	OG0000841	K03589	cell division protein FtsQ	COG1589	FtsQ	Cell division septal protein FtsQ	AG-912-C08_00565	2
CACHSE010000003.1	93721	94425	+	AG-912-C08_00568	AG-912-C08	234	OG0000537	NA	NA	NA	NA	NA	AG-912-C08_00565	3
CACHSE010000003.1	94488	95408	+	AG-912-C08_00569	AG-912-C08	306	OG0000300	K02535	UDP-3-O-[3-hydroxymyristoyl] N-acetylglucosamine deacetylase [EC:3.5.1.108]	COG0774	LpxC	UDP-3-O-acyl-N-acetylglucosamine deacetylase	AG-912-C08_00565	4
CACHSE010000003.1	95455	96303	+	AG-912-C08_00570	AG-912-C08	282	OG0000470	K05807	outer membrane protein assembly factor BamD	COG4105	BamD	Outer membrane protein assembly factor BamD, BamD/ComL family	AG-912-C08_00565	5
CACHUT010000001.1	263946	264791	-	AG-912-F16_00275	AG-912-F16	281	OG0000470	K05807	outer membrane protein assembly factor BamD	COG4105	BamD	Outer membrane protein assembly factor BamD, BamD/ComL family	AG-912-F16_00280	-5
CACHUT010000001.1	264839	265759	-	AG-912-F16_00276	AG-912-F16	306	OG0000300	K02535	UDP-3-O-[3-hydroxymyristoyl] N-acetylglucosamine deacetylase [EC:3.5.1.108]	COG0774	LpxC	UDP-3-O-acyl-N-acetylglucosamine deacetylase	AG-912-F16_00280	-4
CACHUT010000001.1	265824	266528	-	AG-912-F16_00277	AG-912-F16	234	OG0000537	NA	NA	NA	NA	NA	AG-912-F16_00280	-3
CACHUT010000001.1	266521	267192	-	AG-912-F16_00278	AG-912-F16	223	OG0000841	K03589	cell division protein FtsQ	COG1589	FtsQ	Cell division septal protein FtsQ	AG-912-F16_00280	-2
CACHUT010000001.1	267173	268087	-	AG-912-F16_00279	AG-912-F16	304	OG0000580	K01921	D-alanine-D-alanine ligase [EC:6.3.2.4]	COG1181	DdlA	D-alanine-D-alanine ligase or related ATP-grasp enzyme	AG-912-F16_00280	-1
CACHUT010000001.1	268089	268994	-	AG-912-F16_00280	AG-912-F16	301	OG0000330	K00075	UDP-N-acetylmuramate dehydrogenase [EC:1.3.1.98]	COG0812	MurB	UDP-N-acetylenolpyruvoylglucosamine reductase	AG-912-F16_00280	0
CACHUT010000001.1	268994	270388	-	AG-912-F16_00281	AG-912-F16	464	OG0000265	K01924	UDP-N-acetylmuramate--alanine ligase [EC:6.3.2.8]	COG0773	MurC	UDP-N-acetylmuramate-alanine ligase MurC and related ligases, MurC/Mpl family	AG-912-F16_00280	1
CACHUT010000001.1	270378	271445	-	AG-912-F16_00282	AG-912-F16	355	OG0000489	K02563	UDP-N-acetylglucosamine--N-acetylmuramyl-(pentapeptide) pyrophosphoryl-undecaprenol N-acetylglucosamine transferase [EC:2.4.1.227]	COG0707	MurG	UDP-N-acetylglucosamine:LPS N-acetylglucosamine transferase	AG-912-F16_00280	2
CACHUT010000001.1	271449	272570	-	AG-912-F16_00283	AG-912-F16	373	OG0000615	NA	NA	COG0772	FtsW	Peptodoglycan polymerase FtsW/RodA/SpoVE	AG-912-F16_00280	3
CACHUT010000001.1	272557	273855	-	AG-912-F16_00284	AG-912-F16	432	OG0000817	NA	NA	COG0771	MurD	UDP-N-acetylmuramoylalanine-D-glutamate ligase	AG-912-F16_00280	4
CACHUT010000001.1	273855	274940	-	AG-912-F16_00285	AG-912-F16	361	OG0000019	K01000	phospho-N-acetylmuramoyl-pentapeptide-transferase [EC:2.7.8.13]	COG0472	Rfe	UDP-N-acetylmuramyl pentapeptide phosphotransferase/UDP-N-acetylglucosamine-1-phosphate transferase/archaeal AglH	AG-912-F16_00280	5
CACPIG010000003.1	21573	22409	-	AG-912-I02_00751	AG-912-I02	278	OG0000470	K05807	outer membrane protein assembly factor BamD	COG4105	BamD	Outer membrane protein assembly factor BamD, BamD/ComL family	AG-912-I02_00756	-5
CACPIG010000003.1	22448	23368	-	AG-912-I02_00752	AG-912-I02	306	OG0000300	K02535	UDP-3-O-[3-hydroxymyristoyl] N-acetylglucosamine deacetylase [EC:3.5.1.108]	COG0774	LpxC	UDP-3-O-acyl-N-acetylglucosamine deacetylase	AG-912-I02_00756	-4
CACPIG010000003.1	23430	24596	-	AG-912-I02_00753	AG-912-I02	388	OG0000537	K03590	cell division protein FtsA	COG0849	FtsA	Cell division ATPase FtsA	AG-912-I02_00756	-3
CACPIG010000003.1	24589	25278	-	AG-912-I02_00754	AG-912-I02	229	OG0000841	K03589	cell division protein FtsQ	COG1589	FtsQ	Cell division septal protein FtsQ	AG-912-I02_00756	-2
CACPIG010000003.1	25259	26179	-	AG-912-I02_00755	AG-912-I02	306	OG0000580	K01921	D-alanine-D-alanine ligase [EC:6.3.2.4]	COG1181	DdlA	D-alanine-D-alanine ligase or related ATP-grasp enzyme	AG-912-I02_00756	-1
CACPIG010000003.1	26179	27087	-	AG-912-I02_00756	AG-912-I02	302	OG0000330	K00075	UDP-N-acetylmuramate dehydrogenase [EC:1.3.1.98]	COG0812	MurB	UDP-N-acetylenolpyruvoylglucosamine reductase	AG-912-I02_00756	0
CACPIG010000003.1	27089	28471	-	AG-912-I02_00757	AG-912-I02	460	OG0000265	K01924	UDP-N-acetylmuramate--alanine ligase [EC:6.3.2.8]	COG0773	MurC	UDP-N-acetylmuramate-alanine ligase MurC and related ligases, MurC/Mpl family	AG-912-I02_00756	1
CACPIG010000003.1	28461	29537	-	AG-912-I02_00758	AG-912-I02	358	OG0000489	K02563	UDP-N-acetylglucosamine--N-acetylmuramyl-(pentapeptide) pyrophosphoryl-undecaprenol N-acetylglucosamine transferase [EC:2.4.1.227]	COG0707	MurG	UDP-N-acetylglucosamine:LPS N-acetylglucosamine transferase	AG-912-I02_00756	2
CACPIG010000003.1	29539	30648	-	AG-912-I02_00759	AG-912-I02	369	OG0000615	NA	NA	COG0772	FtsW	Peptodoglycan polymerase FtsW/RodA/SpoVE	AG-912-I02_00756	3
CACPIG010000003.1	30648	31934	-	AG-912-I02_00760	AG-912-I02	428	OG0000817	NA	NA	COG0771	MurD	UDP-N-acetylmuramoylalanine-D-glutamate ligase	AG-912-I02_00756	4
CACPIG010000003.1	31934	33019	-	AG-912-I02_00761	AG-912-I02	361	OG0000019	K01000	phospho-N-acetylmuramoyl-pentapeptide-transferase [EC:2.7.8.13]	COG0472	Rfe	UDP-N-acetylmuramyl pentapeptide phosphotransferase/UDP-N-acetylglucosamine-1-phosphate transferase/archaeal AglH	AG-912-I02_00756	5
CACPIF010000007.1	6051	6926	-	AG-912-L11_01000	AG-912-L11	291	OG0000470	K05807	outer membrane protein assembly factor BamD	COG4105	BamD	Outer membrane protein assembly factor BamD, BamD/ComL family	AG-912-L11_01005	-5
CACPIF010000007.1	6952	7872	-	AG-912-L11_01001	AG-912-L11	306	OG0000300	K02535	UDP-3-O-[3-hydroxymyristoyl] N-acetylglucosamine deacetylase [EC:3.5.1.108]	COG0774	LpxC	UDP-3-O-acyl-N-acetylglucosamine deacetylase	AG-912-L11_01005	-4
CACPIF010000007.1	7937	8641	-	AG-912-L11_01002	AG-912-L11	234	OG0000537	NA	NA	NA	NA	NA	AG-912-L11_01005	-3
CACPIF010000007.1	8634	9305	-	AG-912-L11_01003	AG-912-L11	223	OG0000841	K03589	cell division protein FtsQ	COG1589	FtsQ	Cell division septal protein FtsQ	AG-912-L11_01005	-2
CACPIF010000007.1	9286	10200	-	AG-912-L11_01004	AG-912-L11	304	OG0000580	K01921	D-alanine-D-alanine ligase [EC:6.3.2.4]	COG1181	DdlA	D-alanine-D-alanine ligase or related ATP-grasp enzyme	AG-912-L11_01005	-1
CACPIF010000007.1	10202	11107	-	AG-912-L11_01005	AG-912-L11	301	OG0000330	K00075	UDP-N-acetylmuramate dehydrogenase [EC:1.3.1.98]	COG0812	MurB	UDP-N-acetylenolpyruvoylglucosamine reductase	AG-912-L11_01005	0
CACPIF010000007.1	11104	12501	-	AG-912-L11_01006	AG-912-L11	465	OG0000265	K01924	UDP-N-acetylmuramate--alanine ligase [EC:6.3.2.8]	COG0773	MurC	UDP-N-acetylmuramate-alanine ligase MurC and related ligases, MurC/Mpl family	AG-912-L11_01005	1
CACPIF010000007.1	12491	13555	-	AG-912-L11_01007	AG-912-L11	354	OG0000489	K02563	UDP-N-acetylglucosamine--N-acetylmuramyl-(pentapeptide) pyrophosphoryl-undecaprenol N-acetylglucosamine transferase [EC:2.4.1.227]	COG0707	MurG	UDP-N-acetylglucosamine:LPS N-acetylglucosamine transferase	AG-912-L11_01005	2
CACPIF010000007.1	13559	14680	-	AG-912-L11_01008	AG-912-L11	373	OG0000615	NA	NA	COG0772	FtsW	Peptodoglycan polymerase FtsW/RodA/SpoVE	AG-912-L11_01005	3
CACPIF010000007.1	14667	15965	-	AG-912-L11_01009	AG-912-L11	432	OG0000817	NA	NA	COG0771	MurD	UDP-N-acetylmuramoylalanine-D-glutamate ligase	AG-912-L11_01005	4
CACPIF010000007.1	15965	17050	-	AG-912-L11_01010	AG-912-L11	361	OG0000019	K01000	phospho-N-acetylmuramoyl-pentapeptide-transferase [EC:2.7.8.13]	COG0472	Rfe	UDP-N-acetylmuramyl pentapeptide phosphotransferase/UDP-N-acetylglucosamine-1-phosphate transferase/archaeal AglH	AG-912-L11_01005	5
CACICB010000003.1	54342	55427	+	AG-912-P19_00500	AG-912-P19	361	OG0000019	K01000	phospho-N-acetylmuramoyl-pentapeptide-transferase [EC:2.7.8.13]	COG0472	Rfe	UDP-N-acetylmuramyl pentapeptide phosphotransferase/UDP-N-acetylglucosamine-1-phosphate transferase/archaeal AglH	AG-912-P19_00505	-5
CACICB010000003.1	55431	56717	+	AG-912-P19_00501	AG-912-P19	428	OG0000817	NA	NA	COG0771	MurD	UDP-N-acetylmuramoylalanine-D-glutamate ligase	AG-912-P19_00505	-4
CACICB010000003.1	56698	57825	+	AG-912-P19_00502	AG-912-P19	375	OG0000615	NA	NA	COG0772	FtsW	Peptodoglycan polymerase FtsW/RodA/SpoVE	AG-912-P19_00505	-3
CACICB010000003.1	57818	58909	+	AG-912-P19_00503	AG-912-P19	363	OG0000489	K02563	UDP-N-acetylglucosamine--N-acetylmuramyl-(pentapeptide) pyrophosphoryl-undecaprenol N-acetylglucosamine transferase [EC:2.4.1.227]	COG0707	MurG	UDP-N-acetylglucosamine:LPS N-acetylglucosamine transferase	AG-912-P19_00505	-2
CACICB010000003.1	58896	60290	+	AG-912-P19_00504	AG-912-P19	464	OG0000265	K01924	UDP-N-acetylmuramate--alanine ligase [EC:6.3.2.8]	COG0773	MurC	UDP-N-acetylmuramate-alanine ligase MurC and related ligases, MurC/Mpl family	AG-912-P19_00505	-1
CACICB010000003.1	60287	61192	+	AG-912-P19_00505	AG-912-P19	301	OG0000330	K00075	UDP-N-acetylmuramate dehydrogenase [EC:1.3.1.98]	COG0812	MurB	UDP-N-acetylenolpyruvoylglucosamine reductase	AG-912-P19_00505	0
CACICB010000003.1	61185	62123	+	AG-912-P19_00506	AG-912-P19	312	OG0000580	K01921	D-alanine-D-alanine ligase [EC:6.3.2.4]	COG1181	DdlA	D-alanine-D-alanine ligase or related ATP-grasp enzyme	AG-912-P19_00505	1
CACICB010000003.1	62120	62779	+	AG-912-P19_00507	AG-912-P19	219	OG0000841	K03589	cell division protein FtsQ	COG1589	FtsQ	Cell division septal protein FtsQ	AG-912-P19_00505	2
CACICB010000003.1	62783	63976	+	AG-912-P19_00508	AG-912-P19	397	OG0000537	NA	NA	COG0849	FtsA	Cell division ATPase FtsA	AG-912-P19_00505	3
CACICB010000003.1	64043	64969	+	AG-912-P19_00509	AG-912-P19	308	OG0000300	K02535	UDP-3-O-[3-hydroxymyristoyl] N-acetylglucosamine deacetylase [EC:3.5.1.108]	COG0774	LpxC	UDP-3-O-acyl-N-acetylglucosamine deacetylase	AG-912-P19_00505	4
CACICB010000003.1	65019	65846	+	AG-912-P19_00510	AG-912-P19	275	OG0000470	K05807	outer membrane protein assembly factor BamD	COG4105	BamD	Outer membrane protein assembly factor BamD, BamD/ComL family	AG-912-P19_00505	5
CACIEE010000002.1	174	659	+	AG-913-A04_00389	AG-913-A04	161	OG0000615	NA	NA	COG0772	FtsW	Peptodoglycan polymerase FtsW/RodA/SpoVE	AG-913-A04_00392	-3
CACIEE010000002.1	663	1730	+	AG-913-A04_00390	AG-913-A04	355	OG0000489	K02563	UDP-N-acetylglucosamine--N-acetylmuramyl-(pentapeptide) pyrophosphoryl-undecaprenol N-acetylglucosamine transferase [EC:2.4.1.227]	COG0707	MurG	UDP-N-acetylglucosamine:LPS N-acetylglucosamine transferase	AG-913-A04_00392	-2
CACIEE010000002.1	1720	3114	+	AG-913-A04_00391	AG-913-A04	464	OG0000265	K01924	UDP-N-acetylmuramate--alanine ligase [EC:6.3.2.8]	COG0773	MurC	UDP-N-acetylmuramate-alanine ligase MurC and related ligases, MurC/Mpl family	AG-913-A04_00392	-1
CACIEE010000002.1	3114	4019	+	AG-913-A04_00392	AG-913-A04	301	OG0000330	K00075	UDP-N-acetylmuramate dehydrogenase [EC:1.3.1.98]	COG0812	MurB	UDP-N-acetylenolpyruvoylglucosamine reductase	AG-913-A04_00392	0
CACIEE010000002.1	4021	4935	+	AG-913-A04_00393	AG-913-A04	304	OG0000580	K01921	D-alanine-D-alanine ligase [EC:6.3.2.4]	COG1181	DdlA	D-alanine-D-alanine ligase or related ATP-grasp enzyme	AG-913-A04_00392	1
CACIEE010000002.1	4916	5587	+	AG-913-A04_00394	AG-913-A04	223	OG0000841	K03589	cell division protein FtsQ	COG1589	FtsQ	Cell division septal protein FtsQ	AG-913-A04_00392	2
CACIEE010000002.1	5580	6284	+	AG-913-A04_00395	AG-913-A04	234	OG0000537	NA	NA	NA	NA	NA	AG-913-A04_00392	3
CACIEE010000002.1	6349	7269	+	AG-913-A04_00396	AG-913-A04	306	OG0000300	K02535	UDP-3-O-[3-hydroxymyristoyl] N-acetylglucosamine deacetylase [EC:3.5.1.108]	COG0774	LpxC	UDP-3-O-acyl-N-acetylglucosamine deacetylase	AG-913-A04_00392	4
CACIEE010000002.1	7318	8163	+	AG-913-A04_00397	AG-913-A04	281	OG0000470	K05807	outer membrane protein assembly factor BamD	COG4105	BamD	Outer membrane protein assembly factor BamD, BamD/ComL family	AG-913-A04_00392	5
CACIEO010000001.1	41077	42006	+	AG-913-C02_00040	AG-913-C02	309	OG0000020	K02377	GDP-L-fucose synthase [EC:1.1.1.271]	COG0451	WcaG	Nucleoside-diphosphate-sugar epimerase	AG-913-C02_00046	-5
CACIEO010000001.1	42003	42881	+	AG-913-C02_00041	AG-913-C02	292	OG0000075	NA	NA	COG0451	WcaG	Nucleoside-diphosphate-sugar epimerase	AG-913-C02_00046	-4
CACIEO010000001.1	43190	44272	+	AG-913-C02_00043	AG-913-C02	360	OG0000352	K00324	H+-translocating NAD(P) transhydrogenase subunit alpha [EC:1.6.1.2 7.1.1.1]	COG3288	PntA	NAD/NADP transhydrogenase alpha subunit	AG-913-C02_00046	-3
CACIEO010000001.1	44276	44584	+	AG-913-C02_00044	AG-913-C02	102	OG0000454	NA	NA	COG3288	PntA	NAD/NADP transhydrogenase alpha subunit	AG-913-C02_00046	-2
CACIEO010000001.1	44587	45981	+	AG-913-C02_00045	AG-913-C02	464	OG0000436	K00325	H+-translocating NAD(P) transhydrogenase subunit beta [EC:1.6.1.2 7.1.1.1]	COG1282	PntB	NAD/NADP transhydrogenase beta subunit	AG-913-C02_00046	-1
CACIEO010000001.1	46018	46926	+	AG-913-C02_00046	AG-913-C02	302	OG0000330	K00075	UDP-N-acetylmuramate dehydrogenase [EC:1.3.1.98]	COG0812	MurB	UDP-N-acetylenolpyruvoylglucosamine reductase	AG-913-C02_00046	0
CACIEO010000001.1	46927	47841	+	AG-913-C02_00047	AG-913-C02	304	OG0000580	K01921	D-alanine-D-alanine ligase [EC:6.3.2.4]	COG1181	DdlA	D-alanine-D-alanine ligase or related ATP-grasp enzyme	AG-913-C02_00046	1
CACIEO010000001.1	47822	48490	+	AG-913-C02_00048	AG-913-C02	222	OG0000841	K03589	cell division protein FtsQ	COG1589	FtsQ	Cell division septal protein FtsQ	AG-913-C02_00046	2
CACIEO010000001.1	48483	49190	+	AG-913-C02_00049	AG-913-C02	235	OG0000537	NA	NA	NA	NA	NA	AG-913-C02_00046	3
CACIEO010000001.1	49253	50173	+	AG-913-C02_00050	AG-913-C02	306	OG0000300	K02535	UDP-3-O-[3-hydroxymyristoyl] N-acetylglucosamine deacetylase [EC:3.5.1.108]	COG0774	LpxC	UDP-3-O-acyl-N-acetylglucosamine deacetylase	AG-913-C02_00046	4
CACIEO010000001.1	50215	51048	+	AG-913-C02_00051	AG-913-C02	277	OG0000470	K05807	outer membrane protein assembly factor BamD	COG4105	BamD	Outer membrane protein assembly factor BamD, BamD/ComL family	AG-913-C02_00046	5
CACIEM010000006.1	56730	57815	+	AG-913-C03_00994	AG-913-C03	361	OG0000019	K01000	phospho-N-acetylmuramoyl-pentapeptide-transferase [EC:2.7.8.13]	COG0472	Rfe	UDP-N-acetylmuramyl pentapeptide phosphotransferase/UDP-N-acetylglucosamine-1-phosphate transferase/archaeal AglH	AG-913-C03_00999	-5
CACIEM010000006.1	57815	59110	+	AG-913-C03_00995	AG-913-C03	431	OG0000817	NA	NA	COG0771	MurD	UDP-N-acetylmuramoylalanine-D-glutamate ligase	AG-913-C03_00999	-4
CACIEM010000006.1	59100	60221	+	AG-913-C03_00996	AG-913-C03	373	OG0000615	NA	NA	COG0772	FtsW	Peptodoglycan polymerase FtsW/RodA/SpoVE	AG-913-C03_00999	-3
CACIEM010000006.1	60225	61292	+	AG-913-C03_00997	AG-913-C03	355	OG0000489	K02563	UDP-N-acetylglucosamine--N-acetylmuramyl-(pentapeptide) pyrophosphoryl-undecaprenol N-acetylglucosamine transferase [EC:2.4.1.227]	COG0707	MurG	UDP-N-acetylglucosamine:LPS N-acetylglucosamine transferase	AG-913-C03_00999	-2
CACIEM010000006.1	61282	62676	+	AG-913-C03_00998	AG-913-C03	464	OG0000265	K01924	UDP-N-acetylmuramate--alanine ligase [EC:6.3.2.8]	COG0773	MurC	UDP-N-acetylmuramate-alanine ligase MurC and related ligases, MurC/Mpl family	AG-913-C03_00999	-1
CACIEM010000006.1	62676	63581	+	AG-913-C03_00999	AG-913-C03	301	OG0000330	K00075	UDP-N-acetylmuramate dehydrogenase [EC:1.3.1.98]	COG0812	MurB	UDP-N-acetylenolpyruvoylglucosamine reductase	AG-913-C03_00999	0
CACIEM010000006.1	63583	64497	+	AG-913-C03_01000	AG-913-C03	304	OG0000580	K01921	D-alanine-D-alanine ligase [EC:6.3.2.4]	COG1181	DdlA	D-alanine-D-alanine ligase or related ATP-grasp enzyme	AG-913-C03_00999	1
CACIEM010000006.1	64478	65149	+	AG-913-C03_01001	AG-913-C03	223	OG0000841	K03589	cell division protein FtsQ	COG1589	FtsQ	Cell division septal protein FtsQ	AG-913-C03_00999	2
CACIEM010000006.1	65142	65846	+	AG-913-C03_01002	AG-913-C03	234	OG0000537	NA	NA	NA	NA	NA	AG-913-C03_00999	3
CACIEM010000006.1	65911	66831	+	AG-913-C03_01003	AG-913-C03	306	OG0000300	K02535	UDP-3-O-[3-hydroxymyristoyl] N-acetylglucosamine deacetylase [EC:3.5.1.108]	COG0774	LpxC	UDP-3-O-acyl-N-acetylglucosamine deacetylase	AG-913-C03_00999	4
CACIEM010000006.1	66880	67725	+	AG-913-C03_01004	AG-913-C03	281	OG0000470	K05807	outer membrane protein assembly factor BamD	COG4105	BamD	Outer membrane protein assembly factor BamD, BamD/ComL family	AG-913-C03_00999	5
CACIKZ010000005.1	89701	90786	+	AG-913-F03_00765	AG-913-F03	361	OG0000019	K01000	phospho-N-acetylmuramoyl-pentapeptide-transferase [EC:2.7.8.13]	COG0472	Rfe	UDP-N-acetylmuramyl pentapeptide phosphotransferase/UDP-N-acetylglucosamine-1-phosphate transferase/archaeal AglH	AG-913-F03_00770	-5
CACIKZ010000005.1	90786	92084	+	AG-913-F03_00766	AG-913-F03	432	OG0000817	NA	NA	COG0771	MurD	UDP-N-acetylmuramoylalanine-D-glutamate ligase	AG-913-F03_00770	-4
CACIKZ010000005.1	92071	93192	+	AG-913-F03_00767	AG-913-F03	373	OG0000615	NA	NA	COG0772	FtsW	Peptodoglycan polymerase FtsW/RodA/SpoVE	AG-913-F03_00770	-3
CACIKZ010000005.1	93196	94260	+	AG-913-F03_00768	AG-913-F03	354	OG0000489	K02563	UDP-N-acetylglucosamine--N-acetylmuramyl-(pentapeptide) pyrophosphoryl-undecaprenol N-acetylglucosamine transferase [EC:2.4.1.227]	COG0707	MurG	UDP-N-acetylglucosamine:LPS N-acetylglucosamine transferase	AG-913-F03_00770	-2
CACIKZ010000005.1	94250	95647	+	AG-913-F03_00769	AG-913-F03	465	OG0000265	K01924	UDP-N-acetylmuramate--alanine ligase [EC:6.3.2.8]	COG0773	MurC	UDP-N-acetylmuramate-alanine ligase MurC and related ligases, MurC/Mpl family	AG-913-F03_00770	-1
CACIKZ010000005.1	95657	96562	+	AG-913-F03_00770	AG-913-F03	301	OG0000330	K00075	UDP-N-acetylmuramate dehydrogenase [EC:1.3.1.98]	COG0812	MurB	UDP-N-acetylenolpyruvoylglucosamine reductase	AG-913-F03_00770	0
CACIKZ010000005.1	96564	97478	+	AG-913-F03_00771	AG-913-F03	304	OG0000580	K01921	D-alanine-D-alanine ligase [EC:6.3.2.4]	COG1181	DdlA	D-alanine-D-alanine ligase or related ATP-grasp enzyme	AG-913-F03_00770	1
CACIKZ010000005.1	97459	98130	+	AG-913-F03_00772	AG-913-F03	223	OG0000841	K03589	cell division protein FtsQ	COG1589	FtsQ	Cell division septal protein FtsQ	AG-913-F03_00770	2
CACIKZ010000005.1	98123	98827	+	AG-913-F03_00773	AG-913-F03	234	OG0000537	NA	NA	NA	NA	NA	AG-913-F03_00770	3
CACIKZ010000005.1	98892	99812	+	AG-913-F03_00774	AG-913-F03	306	OG0000300	K02535	UDP-3-O-[3-hydroxymyristoyl] N-acetylglucosamine deacetylase [EC:3.5.1.108]	COG0774	LpxC	UDP-3-O-acyl-N-acetylglucosamine deacetylase	AG-913-F03_00770	4
CACIKZ010000005.1	99861	100706	+	AG-913-F03_00775	AG-913-F03	281	OG0000470	K05807	outer membrane protein assembly factor BamD	COG4105	BamD	Outer membrane protein assembly factor BamD, BamD/ComL family	AG-913-F03_00770	5
CACIIW010000002.1	100069	101154	+	AG-913-G10_00287	AG-913-G10	361	OG0000019	K01000	phospho-N-acetylmuramoyl-pentapeptide-transferase [EC:2.7.8.13]	COG0472	Rfe	UDP-N-acetylmuramyl pentapeptide phosphotransferase/UDP-N-acetylglucosamine-1-phosphate transferase/archaeal AglH	AG-913-G10_00292	-5
CACIIW010000002.1	101154	102443	+	AG-913-G10_00288	AG-913-G10	429	OG0000817	NA	NA	COG0771	MurD	UDP-N-acetylmuramoylalanine-D-glutamate ligase	AG-913-G10_00292	-4
CACIIW010000002.1	102440	103549	+	AG-913-G10_00289	AG-913-G10	369	OG0000615	NA	NA	COG0772	FtsW	Peptodoglycan polymerase FtsW/RodA/SpoVE	AG-913-G10_00292	-3
CACIIW010000002.1	103551	104627	+	AG-913-G10_00290	AG-913-G10	358	OG0000489	K02563	UDP-N-acetylglucosamine--N-acetylmuramyl-(pentapeptide) pyrophosphoryl-undecaprenol N-acetylglucosamine transferase [EC:2.4.1.227]	COG0707	MurG	UDP-N-acetylglucosamine:LPS N-acetylglucosamine transferase	AG-913-G10_00292	-2
CACIIW010000002.1	104617	105999	+	AG-913-G10_00291	AG-913-G10	460	OG0000265	K01924	UDP-N-acetylmuramate--alanine ligase [EC:6.3.2.8]	COG0773	MurC	UDP-N-acetylmuramate-alanine ligase MurC and related ligases, MurC/Mpl family	AG-913-G10_00292	-1
CACIIW010000002.1	106001	106909	+	AG-913-G10_00292	AG-913-G10	302	OG0000330	K00075	UDP-N-acetylmuramate dehydrogenase [EC:1.3.1.98]	COG0812	MurB	UDP-N-acetylenolpyruvoylglucosamine reductase	AG-913-G10_00292	0
CACIIW010000002.1	106909	107829	+	AG-913-G10_00293	AG-913-G10	306	OG0000580	K01921	D-alanine-D-alanine ligase [EC:6.3.2.4]	COG1181	DdlA	D-alanine-D-alanine ligase or related ATP-grasp enzyme	AG-913-G10_00292	1
CACIIW010000002.1	107810	108499	+	AG-913-G10_00294	AG-913-G10	229	OG0000841	K03589	cell division protein FtsQ	COG1589	FtsQ	Cell division septal protein FtsQ	AG-913-G10_00292	2
CACIIW010000002.1	108492	109655	+	AG-913-G10_00295	AG-913-G10	387	OG0000537	K03590	cell division protein FtsA	COG0849	FtsA	Cell division ATPase FtsA	AG-913-G10_00292	3
CACIIW010000002.1	109718	110638	+	AG-913-G10_00296	AG-913-G10	306	OG0000300	K02535	UDP-3-O-[3-hydroxymyristoyl] N-acetylglucosamine deacetylase [EC:3.5.1.108]	COG0774	LpxC	UDP-3-O-acyl-N-acetylglucosamine deacetylase	AG-913-G10_00292	4
CACIIW010000002.1	110678	111514	+	AG-913-G10_00297	AG-913-G10	278	OG0000470	K05807	outer membrane protein assembly factor BamD	COG4105	BamD	Outer membrane protein assembly factor BamD, BamD/ComL family	AG-913-G10_00292	5
CACILH010000002.1	167497	168312	-	AG-913-I06_00616	AG-913-I06	271	OG0000470	K05807	outer membrane protein assembly factor BamD	COG4105	BamD	Outer membrane protein assembly factor BamD, BamD/ComL family	AG-913-I06_00621	-5
CACILH010000002.1	168361	169287	-	AG-913-I06_00617	AG-913-I06	308	OG0000300	K02535	UDP-3-O-[3-hydroxymyristoyl] N-acetylglucosamine deacetylase [EC:3.5.1.108]	COG0774	LpxC	UDP-3-O-acyl-N-acetylglucosamine deacetylase	AG-913-I06_00621	-4
CACILH010000002.1	169354	170550	-	AG-913-I06_00618	AG-913-I06	398	OG0000537	NA	NA	COG0849	FtsA	Cell division ATPase FtsA	AG-913-I06_00621	-3
CACILH010000002.1	170554	171213	-	AG-913-I06_00619	AG-913-I06	219	OG0000841	K03589	cell division protein FtsQ	COG1589	FtsQ	Cell division septal protein FtsQ	AG-913-I06_00621	-2
CACILH010000002.1	171210	172145	-	AG-913-I06_00620	AG-913-I06	311	OG0000580	K01921	D-alanine-D-alanine ligase [EC:6.3.2.4]	COG1181	DdlA	D-alanine-D-alanine ligase or related ATP-grasp enzyme	AG-913-I06_00621	-1
CACILH010000002.1	172126	173043	-	AG-913-I06_00621	AG-913-I06	305	OG0000330	K00075	UDP-N-acetylmuramate dehydrogenase [EC:1.3.1.98]	COG0812	MurB	UDP-N-acetylenolpyruvoylglucosamine reductase	AG-913-I06_00621	0
CACILH010000002.1	173040	174437	-	AG-913-I06_00622	AG-913-I06	465	OG0000265	K01924	UDP-N-acetylmuramate--alanine ligase [EC:6.3.2.8]	COG0773	MurC	UDP-N-acetylmuramate-alanine ligase MurC and related ligases, MurC/Mpl family	AG-913-I06_00621	1
CACILH010000002.1	174424	175524	-	AG-913-I06_00623	AG-913-I06	366	OG0000489	K02563	UDP-N-acetylglucosamine--N-acetylmuramyl-(pentapeptide) pyrophosphoryl-undecaprenol N-acetylglucosamine transferase [EC:2.4.1.227]	COG0707	MurG	UDP-N-acetylglucosamine:LPS N-acetylglucosamine transferase	AG-913-I06_00621	2
CACILH010000002.1	175517	176644	-	AG-913-I06_00624	AG-913-I06	375	OG0000615	NA	NA	COG0772	FtsW	Peptodoglycan polymerase FtsW/RodA/SpoVE	AG-913-I06_00621	3
CACILH010000002.1	176625	177905	-	AG-913-I06_00625	AG-913-I06	426	OG0000817	NA	NA	COG0771	MurD	UDP-N-acetylmuramoylalanine-D-glutamate ligase	AG-913-I06_00621	4
CACILH010000002.1	177909	178994	-	AG-913-I06_00626	AG-913-I06	361	OG0000019	K01000	phospho-N-acetylmuramoyl-pentapeptide-transferase [EC:2.7.8.13]	COG0472	Rfe	UDP-N-acetylmuramyl pentapeptide phosphotransferase/UDP-N-acetylglucosamine-1-phosphate transferase/archaeal AglH	AG-913-I06_00621	5
CACILR010000014.1	4405	5490	+	AG-913-I09_01297	AG-913-I09	361	OG0000019	K01000	phospho-N-acetylmuramoyl-pentapeptide-transferase [EC:2.7.8.13]	COG0472	Rfe	UDP-N-acetylmuramyl pentapeptide phosphotransferase/UDP-N-acetylglucosamine-1-phosphate transferase/archaeal AglH	AG-913-I09_01302	-5
CACILR010000014.1	5490	6779	+	AG-913-I09_01298	AG-913-I09	429	OG0000817	NA	NA	COG0771	MurD	UDP-N-acetylmuramoylalanine-D-glutamate ligase	AG-913-I09_01302	-4
CACILR010000014.1	6776	7885	+	AG-913-I09_01299	AG-913-I09	369	OG0000615	NA	NA	COG0772	FtsW	Peptodoglycan polymerase FtsW/RodA/SpoVE	AG-913-I09_01302	-3
CACILR010000014.1	7887	8963	+	AG-913-I09_01300	AG-913-I09	358	OG0000489	K02563	UDP-N-acetylglucosamine--N-acetylmuramyl-(pentapeptide) pyrophosphoryl-undecaprenol N-acetylglucosamine transferase [EC:2.4.1.227]	COG0707	MurG	UDP-N-acetylglucosamine:LPS N-acetylglucosamine transferase	AG-913-I09_01302	-2
CACILR010000014.1	8953	10335	+	AG-913-I09_01301	AG-913-I09	460	OG0000265	K01924	UDP-N-acetylmuramate--alanine ligase [EC:6.3.2.8]	COG0773	MurC	UDP-N-acetylmuramate-alanine ligase MurC and related ligases, MurC/Mpl family	AG-913-I09_01302	-1
CACILR010000014.1	10337	11245	+	AG-913-I09_01302	AG-913-I09	302	OG0000330	K00075	UDP-N-acetylmuramate dehydrogenase [EC:1.3.1.98]	COG0812	MurB	UDP-N-acetylenolpyruvoylglucosamine reductase	AG-913-I09_01302	0
CACILM010000003.1	6023	6847	-	AG-913-I14_00509	AG-913-I14	274	OG0000470	K05807	outer membrane protein assembly factor BamD	COG4105	BamD	Outer membrane protein assembly factor BamD, BamD/ComL family	AG-913-I14_00514	-5
CACILM010000003.1	6901	7827	-	AG-913-I14_00510	AG-913-I14	308	OG0000300	K02535	UDP-3-O-[3-hydroxymyristoyl] N-acetylglucosamine deacetylase [EC:3.5.1.108]	COG0774	LpxC	UDP-3-O-acyl-N-acetylglucosamine deacetylase	AG-913-I14_00514	-4
CACILM010000003.1	7892	9085	-	AG-913-I14_00511	AG-913-I14	397	OG0000537	NA	NA	NA	NA	NA	AG-913-I14_00514	-3
CACILM010000003.1	9089	9748	-	AG-913-I14_00512	AG-913-I14	219	OG0000841	K03589	cell division protein FtsQ	COG1589	FtsQ	Cell division septal protein FtsQ	AG-913-I14_00514	-2
CACILM010000003.1	9745	10683	-	AG-913-I14_00513	AG-913-I14	312	OG0000580	K01921	D-alanine-D-alanine ligase [EC:6.3.2.4]	COG1181	DdlA	D-alanine-D-alanine ligase or related ATP-grasp enzyme	AG-913-I14_00514	-1
CACILM010000003.1	10664	11575	-	AG-913-I14_00514	AG-913-I14	303	OG0000330	K00075	UDP-N-acetylmuramate dehydrogenase [EC:1.3.1.98]	COG0812	MurB	UDP-N-acetylenolpyruvoylglucosamine reductase	AG-913-I14_00514	0
CACILM010000003.1	11578	12975	-	AG-913-I14_00515	AG-913-I14	465	OG0000265	K01924	UDP-N-acetylmuramate--alanine ligase [EC:6.3.2.8]	COG0773	MurC	UDP-N-acetylmuramate-alanine ligase MurC and related ligases, MurC/Mpl family	AG-913-I14_00514	1
CACILM010000003.1	12962	14059	-	AG-913-I14_00516	AG-913-I14	365	OG0000489	K02563	UDP-N-acetylglucosamine--N-acetylmuramyl-(pentapeptide) pyrophosphoryl-undecaprenol N-acetylglucosamine transferase [EC:2.4.1.227]	COG0707	MurG	UDP-N-acetylglucosamine:LPS N-acetylglucosamine transferase	AG-913-I14_00514	2
CACILM010000003.1	14052	15179	-	AG-913-I14_00517	AG-913-I14	375	OG0000615	NA	NA	COG0772	FtsW	Peptodoglycan polymerase FtsW/RodA/SpoVE	AG-913-I14_00514	3
CACILM010000003.1	15160	16437	-	AG-913-I14_00518	AG-913-I14	425	OG0000817	NA	NA	COG0771	MurD	UDP-N-acetylmuramoylalanine-D-glutamate ligase	AG-913-I14_00514	4
CACILM010000003.1	16450	17535	-	AG-913-I14_00519	AG-913-I14	361	OG0000019	K01000	phospho-N-acetylmuramoyl-pentapeptide-transferase [EC:2.7.8.13]	COG0472	Rfe	UDP-N-acetylmuramyl pentapeptide phosphotransferase/UDP-N-acetylglucosamine-1-phosphate transferase/archaeal AglH	AG-913-I14_00514	5
CACIMN010000001.1	181775	182629	-	AG-913-L03_00190	AG-913-L03	284	OG0000470	K05807	outer membrane protein assembly factor BamD	COG4105	BamD	Outer membrane protein assembly factor BamD, BamD/ComL family	AG-913-L03_00195	-5
CACIMN010000001.1	182675	183595	-	AG-913-L03_00191	AG-913-L03	306	OG0000300	K02535	UDP-3-O-[3-hydroxymyristoyl] N-acetylglucosamine deacetylase [EC:3.5.1.108]	COG0774	LpxC	UDP-3-O-acyl-N-acetylglucosamine deacetylase	AG-913-L03_00195	-4
CACIMN010000001.1	183659	184363	-	AG-913-L03_00192	AG-913-L03	234	OG0000537	NA	NA	NA	NA	NA	AG-913-L03_00195	-3
CACIMN010000001.1	184356	185027	-	AG-913-L03_00193	AG-913-L03	223	OG0000841	K03589	cell division protein FtsQ	COG1589	FtsQ	Cell division septal protein FtsQ	AG-913-L03_00195	-2
CACIMN010000001.1	185008	185922	-	AG-913-L03_00194	AG-913-L03	304	OG0000580	K01921	D-alanine-D-alanine ligase [EC:6.3.2.4]	COG1181	DdlA	D-alanine-D-alanine ligase or related ATP-grasp enzyme	AG-913-L03_00195	-1
CACIMN010000001.1	185924	186829	-	AG-913-L03_00195	AG-913-L03	301	OG0000330	K00075	UDP-N-acetylmuramate dehydrogenase [EC:1.3.1.98]	COG0812	MurB	UDP-N-acetylenolpyruvoylglucosamine reductase	AG-913-L03_00195	0
CACIMN010000001.1	186826	188223	-	AG-913-L03_00196	AG-913-L03	465	OG0000265	K01924	UDP-N-acetylmuramate--alanine ligase [EC:6.3.2.8]	COG0773	MurC	UDP-N-acetylmuramate-alanine ligase MurC and related ligases, MurC/Mpl family	AG-913-L03_00195	1
CACIMN010000001.1	188213	189277	-	AG-913-L03_00197	AG-913-L03	354	OG0000489	K02563	UDP-N-acetylglucosamine--N-acetylmuramyl-(pentapeptide) pyrophosphoryl-undecaprenol N-acetylglucosamine transferase [EC:2.4.1.227]	COG0707	MurG	UDP-N-acetylglucosamine:LPS N-acetylglucosamine transferase	AG-913-L03_00195	2
CACIMN010000001.1	189281	190402	-	AG-913-L03_00198	AG-913-L03	373	OG0000615	NA	NA	COG0772	FtsW	Peptodoglycan polymerase FtsW/RodA/SpoVE	AG-913-L03_00195	3
CACIMN010000001.1	190392	191687	-	AG-913-L03_00199	AG-913-L03	431	OG0000817	NA	NA	COG0771	MurD	UDP-N-acetylmuramoylalanine-D-glutamate ligase	AG-913-L03_00195	4
CACIMN010000001.1	191687	192772	-	AG-913-L03_00200	AG-913-L03	361	OG0000019	K01000	phospho-N-acetylmuramoyl-pentapeptide-transferase [EC:2.7.8.13]	COG0472	Rfe	UDP-N-acetylmuramyl pentapeptide phosphotransferase/UDP-N-acetylglucosamine-1-phosphate transferase/archaeal AglH	AG-913-L03_00195	5
CACINR010000003.1	41212	42054	-	AG-913-M13_00441	AG-913-M13	280	OG0000470	K05807	outer membrane protein assembly factor BamD	COG4105	BamD	Outer membrane protein assembly factor BamD, BamD/ComL family	AG-913-M13_00446	-5
CACINR010000003.1	42105	43025	-	AG-913-M13_00442	AG-913-M13	306	OG0000300	K02535	UDP-3-O-[3-hydroxymyristoyl] N-acetylglucosamine deacetylase [EC:3.5.1.108]	COG0774	LpxC	UDP-3-O-acyl-N-acetylglucosamine deacetylase	AG-913-M13_00446	-4
CACINR010000003.1	43090	43794	-	AG-913-M13_00443	AG-913-M13	234	OG0000537	NA	NA	NA	NA	NA	AG-913-M13_00446	-3
CACINR010000003.1	43787	44458	-	AG-913-M13_00444	AG-913-M13	223	OG0000841	K03589	cell division protein FtsQ	COG1589	FtsQ	Cell division septal protein FtsQ	AG-913-M13_00446	-2
CACINR010000003.1	44439	45353	-	AG-913-M13_00445	AG-913-M13	304	OG0000580	K01921	D-alanine-D-alanine ligase [EC:6.3.2.4]	COG1181	DdlA	D-alanine-D-alanine ligase or related ATP-grasp enzyme	AG-913-M13_00446	-1
CACINR010000003.1	45355	46260	-	AG-913-M13_00446	AG-913-M13	301	OG0000330	K00075	UDP-N-acetylmuramate dehydrogenase [EC:1.3.1.98]	COG0812	MurB	UDP-N-acetylenolpyruvoylglucosamine reductase	AG-913-M13_00446	0
CACINR010000003.1	46257	47654	-	AG-913-M13_00447	AG-913-M13	465	OG0000265	K01924	UDP-N-acetylmuramate--alanine ligase [EC:6.3.2.8]	COG0773	MurC	UDP-N-acetylmuramate-alanine ligase MurC and related ligases, MurC/Mpl family	AG-913-M13_00446	1
CACINR010000003.1	47644	48708	-	AG-913-M13_00448	AG-913-M13	354	OG0000489	K02563	UDP-N-acetylglucosamine--N-acetylmuramyl-(pentapeptide) pyrophosphoryl-undecaprenol N-acetylglucosamine transferase [EC:2.4.1.227]	COG0707	MurG	UDP-N-acetylglucosamine:LPS N-acetylglucosamine transferase	AG-913-M13_00446	2
CACINR010000003.1	48712	49833	-	AG-913-M13_00449	AG-913-M13	373	OG0000615	NA	NA	COG0772	FtsW	Peptodoglycan polymerase FtsW/RodA/SpoVE	AG-913-M13_00446	3
CACINR010000003.1	49820	51118	-	AG-913-M13_00450	AG-913-M13	432	OG0000817	NA	NA	COG0771	MurD	UDP-N-acetylmuramoylalanine-D-glutamate ligase	AG-913-M13_00446	4
CACINR010000003.1	51118	52203	-	AG-913-M13_00451	AG-913-M13	361	OG0000019	K01000	phospho-N-acetylmuramoyl-pentapeptide-transferase [EC:2.7.8.13]	COG0472	Rfe	UDP-N-acetylmuramyl pentapeptide phosphotransferase/UDP-N-acetylglucosamine-1-phosphate transferase/archaeal AglH	AG-913-M13_00446	5
CACIOQ010000002.1	93244	94068	-	AG-913-N09_00272	AG-913-N09	274	OG0000470	K05807	outer membrane protein assembly factor BamD	COG4105	BamD	Outer membrane protein assembly factor BamD, BamD/ComL family	AG-913-N09_00277	-5
CACIOQ010000002.1	94107	95027	-	AG-913-N09_00273	AG-913-N09	306	OG0000300	K02535	UDP-3-O-[3-hydroxymyristoyl] N-acetylglucosamine deacetylase [EC:3.5.1.108]	COG0774	LpxC	UDP-3-O-acyl-N-acetylglucosamine deacetylase	AG-913-N09_00277	-4
CACIOQ010000002.1	95090	96256	-	AG-913-N09_00274	AG-913-N09	388	OG0000537	NA	NA	COG0849	FtsA	Cell division ATPase FtsA	AG-913-N09_00277	-3
CACIOQ010000002.1	96249	96938	-	AG-913-N09_00275	AG-913-N09	229	OG0000841	K03589	cell division protein FtsQ	COG1589	FtsQ	Cell division septal protein FtsQ	AG-913-N09_00277	-2
CACIOQ010000002.1	96919	97839	-	AG-913-N09_00276	AG-913-N09	306	OG0000580	K01921	D-alanine-D-alanine ligase [EC:6.3.2.4]	COG1181	DdlA	D-alanine-D-alanine ligase or related ATP-grasp enzyme	AG-913-N09_00277	-1
CACIOQ010000002.1	97839	98747	-	AG-913-N09_00277	AG-913-N09	302	OG0000330	K00075	UDP-N-acetylmuramate dehydrogenase [EC:1.3.1.98]	COG0812	MurB	UDP-N-acetylenolpyruvoylglucosamine reductase	AG-913-N09_00277	0
CACIOQ010000002.1	98749	100131	-	AG-913-N09_00278	AG-913-N09	460	OG0000265	K01924	UDP-N-acetylmuramate--alanine ligase [EC:6.3.2.8]	COG0773	MurC	UDP-N-acetylmuramate-alanine ligase MurC and related ligases, MurC/Mpl family	AG-913-N09_00277	1
CACIOQ010000002.1	100121	101197	-	AG-913-N09_00279	AG-913-N09	358	OG0000489	K02563	UDP-N-acetylglucosamine--N-acetylmuramyl-(pentapeptide) pyrophosphoryl-undecaprenol N-acetylglucosamine transferase [EC:2.4.1.227]	COG0707	MurG	UDP-N-acetylglucosamine:LPS N-acetylglucosamine transferase	AG-913-N09_00277	2
CACIOQ010000002.1	101199	102308	-	AG-913-N09_00280	AG-913-N09	369	OG0000615	NA	NA	COG0772	FtsW	Peptodoglycan polymerase FtsW/RodA/SpoVE	AG-913-N09_00277	3
CACIOQ010000002.1	102305	103594	-	AG-913-N09_00281	AG-913-N09	429	OG0000817	NA	NA	COG0771	MurD	UDP-N-acetylmuramoylalanine-D-glutamate ligase	AG-913-N09_00277	4
CACIOQ010000002.1	103594	104679	-	AG-913-N09_00282	AG-913-N09	361	OG0000019	K01000	phospho-N-acetylmuramoyl-pentapeptide-transferase [EC:2.7.8.13]	COG0472	Rfe	UDP-N-acetylmuramyl pentapeptide phosphotransferase/UDP-N-acetylglucosamine-1-phosphate transferase/archaeal AglH	AG-913-N09_00277	5
CACIQQ010000003.1	198	374	+	AG-914-A09_00263	AG-914-A09	58	OG0000817	NA	NA	COG0771	MurD	UDP-N-acetylmuramoylalanine-D-glutamate ligase	AG-914-A09_00267	-4
CACIQQ010000003.1	371	1477	+	AG-914-A09_00264	AG-914-A09	368	OG0000615	NA	NA	COG0772	FtsW	Peptodoglycan polymerase FtsW/RodA/SpoVE	AG-914-A09_00267	-3
CACIQQ010000003.1	1474	2538	+	AG-914-A09_00265	AG-914-A09	354	OG0000489	K02563	UDP-N-acetylglucosamine--N-acetylmuramyl-(pentapeptide) pyrophosphoryl-undecaprenol N-acetylglucosamine transferase [EC:2.4.1.227]	COG0707	MurG	UDP-N-acetylglucosamine:LPS N-acetylglucosamine transferase	AG-914-A09_00267	-2
CACIQQ010000003.1	2528	3928	+	AG-914-A09_00266	AG-914-A09	466	OG0000265	K01924	UDP-N-acetylmuramate--alanine ligase [EC:6.3.2.8]	COG0773	MurC	UDP-N-acetylmuramate-alanine ligase MurC and related ligases, MurC/Mpl family	AG-914-A09_00267	-1
CACIQQ010000003.1	3925	4830	+	AG-914-A09_00267	AG-914-A09	301	OG0000330	K00075	UDP-N-acetylmuramate dehydrogenase [EC:1.3.1.98]	COG0812	MurB	UDP-N-acetylenolpyruvoylglucosamine reductase	AG-914-A09_00267	0
CACIQQ010000003.1	4831	5742	+	AG-914-A09_00268	AG-914-A09	303	OG0000580	K01921	D-alanine-D-alanine ligase [EC:6.3.2.4]	COG1181	DdlA	D-alanine-D-alanine ligase or related ATP-grasp enzyme	AG-914-A09_00267	1
CACIQQ010000003.1	5723	6397	+	AG-914-A09_00269	AG-914-A09	224	OG0000841	K03589	cell division protein FtsQ	COG1589	FtsQ	Cell division septal protein FtsQ	AG-914-A09_00267	2
CACIQQ010000003.1	6390	7094	+	AG-914-A09_00270	AG-914-A09	234	OG0000537	NA	NA	COG0849	FtsA	Cell division ATPase FtsA	AG-914-A09_00267	3
CACIQQ010000003.1	7162	8082	+	AG-914-A09_00271	AG-914-A09	306	OG0000300	K02535	UDP-3-O-[3-hydroxymyristoyl] N-acetylglucosamine deacetylase [EC:3.5.1.108]	COG0774	LpxC	UDP-3-O-acyl-N-acetylglucosamine deacetylase	AG-914-A09_00267	4
CACIQQ010000003.1	8119	8952	+	AG-914-A09_00272	AG-914-A09	277	OG0000470	K05807	outer membrane protein assembly factor BamD	COG4105	BamD	Outer membrane protein assembly factor BamD, BamD/ComL family	AG-914-A09_00267	5
CACITU010000023.1	571	1485	-	AG-914-B14_01236	AG-914-B14	304	OG0000580	K01921	D-alanine-D-alanine ligase [EC:6.3.2.4]	COG1181	DdlA	D-alanine-D-alanine ligase or related ATP-grasp enzyme	AG-914-B14_01237	-1
CACITU010000023.1	1487	2392	-	AG-914-B14_01237	AG-914-B14	301	OG0000330	K00075	UDP-N-acetylmuramate dehydrogenase [EC:1.3.1.98]	COG0812	MurB	UDP-N-acetylenolpyruvoylglucosamine reductase	AG-914-B14_01237	0
CACITU010000023.1	2389	3783	-	AG-914-B14_01238	AG-914-B14	464	OG0000265	K01924	UDP-N-acetylmuramate--alanine ligase [EC:6.3.2.8]	COG0773	MurC	UDP-N-acetylmuramate-alanine ligase MurC and related ligases, MurC/Mpl family	AG-914-B14_01237	1
CACITU010000023.1	3773	4837	-	AG-914-B14_01239	AG-914-B14	354	OG0000489	K02563	UDP-N-acetylglucosamine--N-acetylmuramyl-(pentapeptide) pyrophosphoryl-undecaprenol N-acetylglucosamine transferase [EC:2.4.1.227]	COG0707	MurG	UDP-N-acetylglucosamine:LPS N-acetylglucosamine transferase	AG-914-B14_01237	2
CACITU010000023.1	4841	5962	-	AG-914-B14_01240	AG-914-B14	373	OG0000615	NA	NA	COG0772	FtsW	Peptodoglycan polymerase FtsW/RodA/SpoVE	AG-914-B14_01237	3
CACPLO010000006.1	12761	13846	+	AG-914-I16_00697	AG-914-I16	361	OG0000019	K01000	phospho-N-acetylmuramoyl-pentapeptide-transferase [EC:2.7.8.13]	COG0472	Rfe	UDP-N-acetylmuramyl pentapeptide phosphotransferase/UDP-N-acetylglucosamine-1-phosphate transferase/archaeal AglH	AG-914-I16_00702	-5
CACPLO010000006.1	13850	15136	+	AG-914-I16_00698	AG-914-I16	428	OG0000817	NA	NA	COG0771	MurD	UDP-N-acetylmuramoylalanine-D-glutamate ligase	AG-914-I16_00702	-4
CACPLO010000006.1	15117	16244	+	AG-914-I16_00699	AG-914-I16	375	OG0000615	NA	NA	COG0772	FtsW	Peptodoglycan polymerase FtsW/RodA/SpoVE	AG-914-I16_00702	-3
CACPLO010000006.1	16222	17331	+	AG-914-I16_00700	AG-914-I16	369	OG0000489	K02563	UDP-N-acetylglucosamine--N-acetylmuramyl-(pentapeptide) pyrophosphoryl-undecaprenol N-acetylglucosamine transferase [EC:2.4.1.227]	COG0707	MurG	UDP-N-acetylglucosamine:LPS N-acetylglucosamine transferase	AG-914-I16_00702	-2
CACPLO010000006.1	17318	18715	+	AG-914-I16_00701	AG-914-I16	465	OG0000265	K01924	UDP-N-acetylmuramate--alanine ligase [EC:6.3.2.8]	COG0773	MurC	UDP-N-acetylmuramate-alanine ligase MurC and related ligases, MurC/Mpl family	AG-914-I16_00702	-1
CACPLO010000006.1	18712	19620	+	AG-914-I16_00702	AG-914-I16	302	OG0000330	K00075	UDP-N-acetylmuramate dehydrogenase [EC:1.3.1.98]	COG0812	MurB	UDP-N-acetylenolpyruvoylglucosamine reductase	AG-914-I16_00702	0
CACPLO010000006.1	19613	20551	+	AG-914-I16_00703	AG-914-I16	312	OG0000580	K01921	D-alanine-D-alanine ligase [EC:6.3.2.4]	COG1181	DdlA	D-alanine-D-alanine ligase or related ATP-grasp enzyme	AG-914-I16_00702	1
CACPLO010000006.1	20548	21207	+	AG-914-I16_00704	AG-914-I16	219	OG0000841	K03589	cell division protein FtsQ	COG1589	FtsQ	Cell division septal protein FtsQ	AG-914-I16_00702	2
CACPLO010000006.1	21211	22404	+	AG-914-I16_00705	AG-914-I16	397	OG0000537	NA	NA	COG0849	FtsA	Cell division ATPase FtsA	AG-914-I16_00702	3
CACPLO010000006.1	22469	23398	+	AG-914-I16_00706	AG-914-I16	309	OG0000300	K02535	UDP-3-O-[3-hydroxymyristoyl] N-acetylglucosamine deacetylase [EC:3.5.1.108]	COG0774	LpxC	UDP-3-O-acyl-N-acetylglucosamine deacetylase	AG-914-I16_00702	4
CACPLO010000006.1	23444	24268	+	AG-914-I16_00707	AG-914-I16	274	OG0000470	K05807	outer membrane protein assembly factor BamD	COG4105	BamD	Outer membrane protein assembly factor BamD, BamD/ComL family	AG-914-I16_00702	5
CACIWZ010000009.1	10443	11258	-	AG-914-J05_01038	AG-914-J05	271	OG0000470	K05807	outer membrane protein assembly factor BamD	COG4105	BamD	Outer membrane protein assembly factor BamD, BamD/ComL family	AG-914-J05_01043	-5
CACIWZ010000009.1	11306	12232	-	AG-914-J05_01039	AG-914-J05	308	OG0000300	K02535	UDP-3-O-[3-hydroxymyristoyl] N-acetylglucosamine deacetylase [EC:3.5.1.108]	COG0774	LpxC	UDP-3-O-acyl-N-acetylglucosamine deacetylase	AG-914-J05_01043	-4
CACIWZ010000009.1	12297	13493	-	AG-914-J05_01040	AG-914-J05	398	OG0000537	NA	NA	COG0849	FtsA	Cell division ATPase FtsA	AG-914-J05_01043	-3
CACIWZ010000009.1	13497	14156	-	AG-914-J05_01041	AG-914-J05	219	OG0000841	K03589	cell division protein FtsQ	COG1589	FtsQ	Cell division septal protein FtsQ	AG-914-J05_01043	-2
CACIWZ010000009.1	14153	15091	-	AG-914-J05_01042	AG-914-J05	312	OG0000580	K01921	D-alanine-D-alanine ligase [EC:6.3.2.4]	COG1181	DdlA	D-alanine-D-alanine ligase or related ATP-grasp enzyme	AG-914-J05_01043	-1
CACIWZ010000009.1	15084	16016	-	AG-914-J05_01043	AG-914-J05	310	OG0000330	K00075	UDP-N-acetylmuramate dehydrogenase [EC:1.3.1.98]	COG0812	MurB	UDP-N-acetylenolpyruvoylglucosamine reductase	AG-914-J05_01043	0
CACIWZ010000009.1	15986	17383	-	AG-914-J05_01044	AG-914-J05	465	OG0000265	K01924	UDP-N-acetylmuramate--alanine ligase [EC:6.3.2.8]	COG0773	MurC	UDP-N-acetylmuramate-alanine ligase MurC and related ligases, MurC/Mpl family	AG-914-J05_01043	1
CACIWZ010000009.1	17370	18467	-	AG-914-J05_01045	AG-914-J05	365	OG0000489	K02563	UDP-N-acetylglucosamine--N-acetylmuramyl-(pentapeptide) pyrophosphoryl-undecaprenol N-acetylglucosamine transferase [EC:2.4.1.227]	COG0707	MurG	UDP-N-acetylglucosamine:LPS N-acetylglucosamine transferase	AG-914-J05_01043	2
CACIWZ010000009.1	18460	19191	-	AG-914-J05_01046	AG-914-J05	243	OG0000615	NA	NA	COG0772	FtsW	Peptodoglycan polymerase FtsW/RodA/SpoVE	AG-914-J05_01043	3
CACIZB010000035.1	309	1220	-	AG-914-L04_01142	AG-914-L04	303	OG0000580	K01921	D-alanine-D-alanine ligase [EC:6.3.2.4]	COG1181	DdlA	D-alanine-D-alanine ligase or related ATP-grasp enzyme	AG-914-L04_01143	-1
CACIZB010000035.1	1222	2130	-	AG-914-L04_01143	AG-914-L04	302	OG0000330	K00075	UDP-N-acetylmuramate dehydrogenase [EC:1.3.1.98]	COG0812	MurB	UDP-N-acetylenolpyruvoylglucosamine reductase	AG-914-L04_01143	0
CACIZB010000035.1	2130	3227	-	AG-914-L04_01144	AG-914-L04	365	OG0000265	K01924	UDP-N-acetylmuramate--alanine ligase [EC:6.3.2.8]	COG0773	MurC	UDP-N-acetylmuramate-alanine ligase MurC and related ligases, MurC/Mpl family	AG-914-L04_01143	1
CACPMO010000011.1	10126	11520	+	AG-914-L20_01188	AG-914-L20	464	OG0000436	K00325	H+-translocating NAD(P) transhydrogenase subunit beta [EC:1.6.1.2 7.1.1.1]	COG1282	PntB	NAD/NADP transhydrogenase beta subunit	AG-914-L20_01193	-5
CACPMO010000011.1	11530	12228	+	AG-914-L20_01189	AG-914-L20	232	OG0000261	NA	NA	COG0176	TalA	Transaldolase/fructose-6-phosphate aldolase	AG-914-L20_01193	-4
CACPMO010000011.1	12228	12902	+	AG-914-L20_01190	AG-914-L20	224	OG0000008	NA	NA	COG2227	UbiG	2-polyprenyl-3-methyl-5-hydroxy-6-metoxy-1,4-benzoquinol methylase	AG-914-L20_01193	-3
CACPMO010000011.1	12920	13906	+	AG-914-L20_01191	AG-914-L20	328	OG0002122	NA	NA	COG1216	WcaE	Glycosyltransferase, GT2 family	AG-914-L20_01193	-2
CACPMO010000011.1	13899	15155	+	AG-914-L20_01192	AG-914-L20	418	OG0001354	NA	NA	NA	NA	NA	AG-914-L20_01193	-1
CACPMO010000011.1	15194	16105	+	AG-914-L20_01193	AG-914-L20	303	OG0000330	K00075	UDP-N-acetylmuramate dehydrogenase [EC:1.3.1.98]	COG0812	MurB	UDP-N-acetylenolpyruvoylglucosamine reductase	AG-914-L20_01193	0
CACPMO010000011.1	16106	17020	+	AG-914-L20_01194	AG-914-L20	304	OG0000580	K01921	D-alanine-D-alanine ligase [EC:6.3.2.4]	COG1181	DdlA	D-alanine-D-alanine ligase or related ATP-grasp enzyme	AG-914-L20_01193	1
CACJCF010000001.1	312073	312906	-	AG-914-N11_00370	AG-914-N11	277	OG0000470	K05807	outer membrane protein assembly factor BamD	COG4105	BamD	Outer membrane protein assembly factor BamD, BamD/ComL family	AG-914-N11_00375	-5
CACJCF010000001.1	312959	313900	-	AG-914-N11_00371	AG-914-N11	313	OG0000300	K02535	UDP-3-O-[3-hydroxymyristoyl] N-acetylglucosamine deacetylase [EC:3.5.1.108]	COG0774	LpxC	UDP-3-O-acyl-N-acetylglucosamine deacetylase	AG-914-N11_00375	-4
CACJCF010000001.1	313951	315141	-	AG-914-N11_00372	AG-914-N11	396	OG0000537	NA	NA	COG0849	FtsA	Cell division ATPase FtsA	AG-914-N11_00375	-3
CACJCF010000001.1	315145	315801	-	AG-914-N11_00373	AG-914-N11	218	OG0000841	K03589	cell division protein FtsQ	COG1589	FtsQ	Cell division septal protein FtsQ	AG-914-N11_00375	-2
CACJCF010000001.1	315798	316736	-	AG-914-N11_00374	AG-914-N11	312	OG0000580	K01921	D-alanine-D-alanine ligase [EC:6.3.2.4]	COG1181	DdlA	D-alanine-D-alanine ligase or related ATP-grasp enzyme	AG-914-N11_00375	-1
CACJCF010000001.1	316729	317325	-	AG-914-N11_00375	AG-914-N11	198	OG0000330	K00075	UDP-N-acetylmuramate dehydrogenase [EC:1.3.1.98]	COG0812	MurB	UDP-N-acetylenolpyruvoylglucosamine reductase	AG-914-N11_00375	0
CACJFQ010000005.1	68233	69075	-	AG-914-P23_00828	AG-914-P23	280	OG0000470	K05807	outer membrane protein assembly factor BamD	COG4105	BamD	Outer membrane protein assembly factor BamD, BamD/ComL family	AG-914-P23_00833	-5
CACJFQ010000005.1	69124	70044	-	AG-914-P23_00829	AG-914-P23	306	OG0000300	K02535	UDP-3-O-[3-hydroxymyristoyl] N-acetylglucosamine deacetylase [EC:3.5.1.108]	COG0774	LpxC	UDP-3-O-acyl-N-acetylglucosamine deacetylase	AG-914-P23_00833	-4
CACJFQ010000005.1	70109	70813	-	AG-914-P23_00830	AG-914-P23	234	OG0000537	NA	NA	NA	NA	NA	AG-914-P23_00833	-3
CACJFQ010000005.1	70806	71477	-	AG-914-P23_00831	AG-914-P23	223	OG0000841	K03589	cell division protein FtsQ	COG1589	FtsQ	Cell division septal protein FtsQ	AG-914-P23_00833	-2
CACJFQ010000005.1	71458	72372	-	AG-914-P23_00832	AG-914-P23	304	OG0000580	K01921	D-alanine-D-alanine ligase [EC:6.3.2.4]	COG1181	DdlA	D-alanine-D-alanine ligase or related ATP-grasp enzyme	AG-914-P23_00833	-1
CACJFQ010000005.1	72374	73279	-	AG-914-P23_00833	AG-914-P23	301	OG0000330	K00075	UDP-N-acetylmuramate dehydrogenase [EC:1.3.1.98]	COG0812	MurB	UDP-N-acetylenolpyruvoylglucosamine reductase	AG-914-P23_00833	0
CACJFQ010000005.1	73279	74673	-	AG-914-P23_00834	AG-914-P23	464	OG0000265	K01924	UDP-N-acetylmuramate--alanine ligase [EC:6.3.2.8]	COG0773	MurC	UDP-N-acetylmuramate-alanine ligase MurC and related ligases, MurC/Mpl family	AG-914-P23_00833	1
CACJFQ010000005.1	74663	75730	-	AG-914-P23_00835	AG-914-P23	355	OG0000489	K02563	UDP-N-acetylglucosamine--N-acetylmuramyl-(pentapeptide) pyrophosphoryl-undecaprenol N-acetylglucosamine transferase [EC:2.4.1.227]	COG0707	MurG	UDP-N-acetylglucosamine:LPS N-acetylglucosamine transferase	AG-914-P23_00833	2
CACJFQ010000005.1	75734	76855	-	AG-914-P23_00836	AG-914-P23	373	OG0000615	NA	NA	COG0772	FtsW	Peptodoglycan polymerase FtsW/RodA/SpoVE	AG-914-P23_00833	3
CACJFQ010000005.1	76845	77156	-	AG-914-P23_00837	AG-914-P23	103	OG0000817	NA	NA	COG0771	MurD	UDP-N-acetylmuramoylalanine-D-glutamate ligase	AG-914-P23_00833	4
CACJNE010000003.1	90714	91799	+	AG-915-G13_00517	AG-915-G13	361	OG0000019	K01000	phospho-N-acetylmuramoyl-pentapeptide-transferase [EC:2.7.8.13]	COG0472	Rfe	UDP-N-acetylmuramyl pentapeptide phosphotransferase/UDP-N-acetylglucosamine-1-phosphate transferase/archaeal AglH	AG-915-G13_00522	-5
CACJNE010000003.1	91799	93097	+	AG-915-G13_00518	AG-915-G13	432	OG0000817	NA	NA	COG0771	MurD	UDP-N-acetylmuramoylalanine-D-glutamate ligase	AG-915-G13_00522	-4
CACJNE010000003.1	93100	94209	+	AG-915-G13_00519	AG-915-G13	369	OG0000615	NA	NA	COG0772	FtsW	Peptodoglycan polymerase FtsW/RodA/SpoVE	AG-915-G13_00522	-3
CACJNE010000003.1	94214	95290	+	AG-915-G13_00520	AG-915-G13	358	OG0000489	K02563	UDP-N-acetylglucosamine--N-acetylmuramyl-(pentapeptide) pyrophosphoryl-undecaprenol N-acetylglucosamine transferase [EC:2.4.1.227]	COG0707	MurG	UDP-N-acetylglucosamine:LPS N-acetylglucosamine transferase	AG-915-G13_00522	-2
CACJNE010000003.1	95280	96671	+	AG-915-G13_00521	AG-915-G13	463	OG0000265	K01924	UDP-N-acetylmuramate--alanine ligase [EC:6.3.2.8]	COG0773	MurC	UDP-N-acetylmuramate-alanine ligase MurC and related ligases, MurC/Mpl family	AG-915-G13_00522	-1
CACJNE010000003.1	96671	97579	+	AG-915-G13_00522	AG-915-G13	302	OG0000330	K00075	UDP-N-acetylmuramate dehydrogenase [EC:1.3.1.98]	COG0812	MurB	UDP-N-acetylenolpyruvoylglucosamine reductase	AG-915-G13_00522	0
CACJNE010000003.1	97579	98499	+	AG-915-G13_00523	AG-915-G13	306	OG0000580	K01921	D-alanine-D-alanine ligase [EC:6.3.2.4]	COG1181	DdlA	D-alanine-D-alanine ligase or related ATP-grasp enzyme	AG-915-G13_00522	1
CACJNE010000003.1	98480	99175	+	AG-915-G13_00524	AG-915-G13	231	OG0000841	K03589	cell division protein FtsQ	COG1589	FtsQ	Cell division septal protein FtsQ	AG-915-G13_00522	2
CACJNE010000003.1	99168	100334	+	AG-915-G13_00525	AG-915-G13	388	OG0000537	NA	NA	COG0849	FtsA	Cell division ATPase FtsA	AG-915-G13_00522	3
CACJNE010000003.1	100397	101320	+	AG-915-G13_00526	AG-915-G13	307	OG0000300	K02535	UDP-3-O-[3-hydroxymyristoyl] N-acetylglucosamine deacetylase [EC:3.5.1.108]	COG0774	LpxC	UDP-3-O-acyl-N-acetylglucosamine deacetylase	AG-915-G13_00522	4
CACJNE010000003.1	101360	102199	+	AG-915-G13_00527	AG-915-G13	279	OG0000470	K05807	outer membrane protein assembly factor BamD	COG4105	BamD	Outer membrane protein assembly factor BamD, BamD/ComL family	AG-915-G13_00522	5
CACJNI010000001.1	68519	69352	-	AG-915-G14_00075	AG-915-G14	277	OG0000470	K05807	outer membrane protein assembly factor BamD	COG4105	BamD	Outer membrane protein assembly factor BamD, BamD/ComL family	AG-915-G14_00080	-5
CACJNI010000001.1	69393	70313	-	AG-915-G14_00076	AG-915-G14	306	OG0000300	K02535	UDP-3-O-[3-hydroxymyristoyl] N-acetylglucosamine deacetylase [EC:3.5.1.108]	COG0774	LpxC	UDP-3-O-acyl-N-acetylglucosamine deacetylase	AG-915-G14_00080	-4
CACJNI010000001.1	70375	71529	-	AG-915-G14_00077	AG-915-G14	384	OG0000537	NA	NA	COG0849	FtsA	Cell division ATPase FtsA	AG-915-G14_00080	-3
CACJNI010000001.1	71513	72211	-	AG-915-G14_00078	AG-915-G14	232	OG0000841	NA	NA	COG1589	FtsQ	Cell division septal protein FtsQ	AG-915-G14_00080	-2
CACJNI010000001.1	72192	73112	-	AG-915-G14_00079	AG-915-G14	306	OG0000580	K01921	D-alanine-D-alanine ligase [EC:6.3.2.4]	COG1181	DdlA	D-alanine-D-alanine ligase or related ATP-grasp enzyme	AG-915-G14_00080	-1
CACJNI010000001.1	73112	74020	-	AG-915-G14_00080	AG-915-G14	302	OG0000330	K00075	UDP-N-acetylmuramate dehydrogenase [EC:1.3.1.98]	COG0812	MurB	UDP-N-acetylenolpyruvoylglucosamine reductase	AG-915-G14_00080	0
CACJNI010000001.1	74022	75404	-	AG-915-G14_00081	AG-915-G14	460	OG0000265	K01924	UDP-N-acetylmuramate--alanine ligase [EC:6.3.2.8]	COG0773	MurC	UDP-N-acetylmuramate-alanine ligase MurC and related ligases, MurC/Mpl family	AG-915-G14_00080	1
CACJNI010000001.1	75394	76470	-	AG-915-G14_00082	AG-915-G14	358	OG0000489	K02563	UDP-N-acetylglucosamine--N-acetylmuramyl-(pentapeptide) pyrophosphoryl-undecaprenol N-acetylglucosamine transferase [EC:2.4.1.227]	COG0707	MurG	UDP-N-acetylglucosamine:LPS N-acetylglucosamine transferase	AG-915-G14_00080	2
CACJNI010000001.1	76472	77581	-	AG-915-G14_00083	AG-915-G14	369	OG0000615	NA	NA	COG0772	FtsW	Peptodoglycan polymerase FtsW/RodA/SpoVE	AG-915-G14_00080	3
CACJNI010000001.1	77578	78870	-	AG-915-G14_00084	AG-915-G14	430	OG0000817	NA	NA	COG0771	MurD	UDP-N-acetylmuramoylalanine-D-glutamate ligase	AG-915-G14_00080	4
CACJNI010000001.1	78870	79955	-	AG-915-G14_00085	AG-915-G14	361	OG0000019	K01000	phospho-N-acetylmuramoyl-pentapeptide-transferase [EC:2.7.8.13]	COG0472	Rfe	UDP-N-acetylmuramyl pentapeptide phosphotransferase/UDP-N-acetylglucosamine-1-phosphate transferase/archaeal AglH	AG-915-G14_00080	5
CACJMX010000001.1	463326	464411	+	AG-915-K13_00501	AG-915-K13	361	OG0000019	K01000	phospho-N-acetylmuramoyl-pentapeptide-transferase [EC:2.7.8.13]	COG0472	Rfe	UDP-N-acetylmuramyl pentapeptide phosphotransferase/UDP-N-acetylglucosamine-1-phosphate transferase/archaeal AglH	AG-915-K13_00506	-5
CACJMX010000001.1	464411	465706	+	AG-915-K13_00502	AG-915-K13	431	OG0000817	NA	NA	COG0771	MurD	UDP-N-acetylmuramoylalanine-D-glutamate ligase	AG-915-K13_00506	-4
CACJMX010000001.1	465696	466817	+	AG-915-K13_00503	AG-915-K13	373	OG0000615	NA	NA	COG0772	FtsW	Peptodoglycan polymerase FtsW/RodA/SpoVE	AG-915-K13_00506	-3
CACJMX010000001.1	466821	467888	+	AG-915-K13_00504	AG-915-K13	355	OG0000489	K02563	UDP-N-acetylglucosamine--N-acetylmuramyl-(pentapeptide) pyrophosphoryl-undecaprenol N-acetylglucosamine transferase [EC:2.4.1.227]	COG0707	MurG	UDP-N-acetylglucosamine:LPS N-acetylglucosamine transferase	AG-915-K13_00506	-2
CACJMX010000001.1	467878	469272	+	AG-915-K13_00505	AG-915-K13	464	OG0000265	K01924	UDP-N-acetylmuramate--alanine ligase [EC:6.3.2.8]	COG0773	MurC	UDP-N-acetylmuramate-alanine ligase MurC and related ligases, MurC/Mpl family	AG-915-K13_00506	-1
CACJMX010000001.1	469272	470177	+	AG-915-K13_00506	AG-915-K13	301	OG0000330	K00075	UDP-N-acetylmuramate dehydrogenase [EC:1.3.1.98]	COG0812	MurB	UDP-N-acetylenolpyruvoylglucosamine reductase	AG-915-K13_00506	0
CACJMX010000001.1	470179	471093	+	AG-915-K13_00507	AG-915-K13	304	OG0000580	K01921	D-alanine-D-alanine ligase [EC:6.3.2.4]	COG1181	DdlA	D-alanine-D-alanine ligase or related ATP-grasp enzyme	AG-915-K13_00506	1
CACJMX010000001.1	471074	471745	+	AG-915-K13_00508	AG-915-K13	223	OG0000841	K03589	cell division protein FtsQ	COG1589	FtsQ	Cell division septal protein FtsQ	AG-915-K13_00506	2
CACJMX010000001.1	471738	472442	+	AG-915-K13_00509	AG-915-K13	234	OG0000537	NA	NA	NA	NA	NA	AG-915-K13_00506	3
CACJMX010000001.1	472507	473427	+	AG-915-K13_00510	AG-915-K13	306	OG0000300	K02535	UDP-3-O-[3-hydroxymyristoyl] N-acetylglucosamine deacetylase [EC:3.5.1.108]	COG0774	LpxC	UDP-3-O-acyl-N-acetylglucosamine deacetylase	AG-915-K13_00506	4
CACJMX010000001.1	473476	474321	+	AG-915-K13_00511	AG-915-K13	281	OG0000470	K05807	outer membrane protein assembly factor BamD	COG4105	BamD	Outer membrane protein assembly factor BamD, BamD/ComL family	AG-915-K13_00506	5
CACJUF010000005.1	6439	7359	-	AG-916-A16_00520	AG-916-A16	306	OG0000300	K02535	UDP-3-O-[3-hydroxymyristoyl] N-acetylglucosamine deacetylase [EC:3.5.1.108]	COG0774	LpxC	UDP-3-O-acyl-N-acetylglucosamine deacetylase	AG-916-A16_00525	-5
CACJUF010000005.1	7423	7908	-	AG-916-A16_00521	AG-916-A16	161	OG0000537	NA	NA	NA	NA	NA	AG-916-A16_00525	-4
CACJUF010000005.1	7931	8125	-	AG-916-A16_00522	AG-916-A16	64	OG0000537	NA	NA	NA	NA	NA	AG-916-A16_00525	-3
CACJUF010000005.1	8115	8789	-	AG-916-A16_00523	AG-916-A16	224	OG0000841	K03589	cell division protein FtsQ	COG1589	FtsQ	Cell division septal protein FtsQ	AG-916-A16_00525	-2
CACJUF010000005.1	8770	9684	-	AG-916-A16_00524	AG-916-A16	304	OG0000580	K01921	D-alanine-D-alanine ligase [EC:6.3.2.4]	COG1181	DdlA	D-alanine-D-alanine ligase or related ATP-grasp enzyme	AG-916-A16_00525	-1
CACJUF010000005.1	9686	10594	-	AG-916-A16_00525	AG-916-A16	302	OG0000330	K00075	UDP-N-acetylmuramate dehydrogenase [EC:1.3.1.98]	COG0812	MurB	UDP-N-acetylenolpyruvoylglucosamine reductase	AG-916-A16_00525	0
CACJUF010000005.1	10594	11988	-	AG-916-A16_00526	AG-916-A16	464	OG0000265	K01924	UDP-N-acetylmuramate--alanine ligase [EC:6.3.2.8]	COG0773	MurC	UDP-N-acetylmuramate-alanine ligase MurC and related ligases, MurC/Mpl family	AG-916-A16_00525	1
CACJUF010000005.1	11978	13042	-	AG-916-A16_00527	AG-916-A16	354	OG0000489	K02563	UDP-N-acetylglucosamine--N-acetylmuramyl-(pentapeptide) pyrophosphoryl-undecaprenol N-acetylglucosamine transferase [EC:2.4.1.227]	COG0707	MurG	UDP-N-acetylglucosamine:LPS N-acetylglucosamine transferase	AG-916-A16_00525	2
CACJUF010000005.1	13039	14166	-	AG-916-A16_00528	AG-916-A16	375	OG0000615	NA	NA	COG0772	FtsW	Peptodoglycan polymerase FtsW/RodA/SpoVE	AG-916-A16_00525	3
CACJUF010000005.1	14147	15457	-	AG-916-A16_00529	AG-916-A16	436	OG0000817	NA	NA	COG0771	MurD	UDP-N-acetylmuramoylalanine-D-glutamate ligase	AG-916-A16_00525	4
CACJUF010000005.1	15457	16542	-	AG-916-A16_00530	AG-916-A16	361	OG0000019	K01000	phospho-N-acetylmuramoyl-pentapeptide-transferase [EC:2.7.8.13]	COG0472	Rfe	UDP-N-acetylmuramyl pentapeptide phosphotransferase/UDP-N-acetylglucosamine-1-phosphate transferase/archaeal AglH	AG-916-A16_00525	5
CACJUD010000003.1	29843	30928	+	AG-916-A21_00318	AG-916-A21	361	OG0000019	K01000	phospho-N-acetylmuramoyl-pentapeptide-transferase [EC:2.7.8.13]	COG0472	Rfe	UDP-N-acetylmuramyl pentapeptide phosphotransferase/UDP-N-acetylglucosamine-1-phosphate transferase/archaeal AglH	AG-916-A21_00323	-5
CACJUD010000003.1	30928	32223	+	AG-916-A21_00319	AG-916-A21	431	OG0000817	NA	NA	COG0771	MurD	UDP-N-acetylmuramoylalanine-D-glutamate ligase	AG-916-A21_00323	-4
CACJUD010000003.1	32216	33337	+	AG-916-A21_00320	AG-916-A21	373	OG0000615	NA	NA	COG0772	FtsW	Peptodoglycan polymerase FtsW/RodA/SpoVE	AG-916-A21_00323	-3
CACJUD010000003.1	33337	34398	+	AG-916-A21_00321	AG-916-A21	353	OG0000489	K02563	UDP-N-acetylglucosamine--N-acetylmuramyl-(pentapeptide) pyrophosphoryl-undecaprenol N-acetylglucosamine transferase [EC:2.4.1.227]	COG0707	MurG	UDP-N-acetylglucosamine:LPS N-acetylglucosamine transferase	AG-916-A21_00323	-2
CACJUD010000003.1	34402	35799	+	AG-916-A21_00322	AG-916-A21	465	OG0000265	K01924	UDP-N-acetylmuramate--alanine ligase [EC:6.3.2.8]	COG0773	MurC	UDP-N-acetylmuramate-alanine ligase MurC and related ligases, MurC/Mpl family	AG-916-A21_00323	-1
CACJUD010000003.1	35796	36710	+	AG-916-A21_00323	AG-916-A21	304	OG0000330	K00075	UDP-N-acetylmuramate dehydrogenase [EC:1.3.1.98]	COG0812	MurB	UDP-N-acetylenolpyruvoylglucosamine reductase	AG-916-A21_00323	0
CACJUD010000003.1	36707	37618	+	AG-916-A21_00324	AG-916-A21	303	OG0000580	K01921	D-alanine-D-alanine ligase [EC:6.3.2.4]	COG1181	DdlA	D-alanine-D-alanine ligase or related ATP-grasp enzyme	AG-916-A21_00323	1
CACJUD010000003.1	37599	38273	+	AG-916-A21_00325	AG-916-A21	224	OG0000841	K03589	cell division protein FtsQ	COG1589	FtsQ	Cell division septal protein FtsQ	AG-916-A21_00323	2
CACJUD010000003.1	38266	38973	+	AG-916-A21_00326	AG-916-A21	235	OG0000537	NA	NA	NA	NA	NA	AG-916-A21_00323	3
CACJUD010000003.1	39039	39959	+	AG-916-A21_00327	AG-916-A21	306	OG0000300	K02535	UDP-3-O-[3-hydroxymyristoyl] N-acetylglucosamine deacetylase [EC:3.5.1.108]	COG0774	LpxC	UDP-3-O-acyl-N-acetylglucosamine deacetylase	AG-916-A21_00323	4
CACJUD010000003.1	39997	40827	+	AG-916-A21_00328	AG-916-A21	276	OG0000470	K05807	outer membrane protein assembly factor BamD	COG4105	BamD	Outer membrane protein assembly factor BamD, BamD/ComL family	AG-916-A21_00323	5
CACJUJ010000002.1	41251	42084	-	AG-916-B06_00200	AG-916-B06	277	OG0000470	K05807	outer membrane protein assembly factor BamD	COG4105	BamD	Outer membrane protein assembly factor BamD, BamD/ComL family	AG-916-B06_00205	-5
CACJUJ010000002.1	42124	43044	-	AG-916-B06_00201	AG-916-B06	306	OG0000300	K02535	UDP-3-O-[3-hydroxymyristoyl] N-acetylglucosamine deacetylase [EC:3.5.1.108]	COG0774	LpxC	UDP-3-O-acyl-N-acetylglucosamine deacetylase	AG-916-B06_00205	-4
CACJUJ010000002.1	43107	44282	-	AG-916-B06_00202	AG-916-B06	391	OG0000537	NA	NA	COG0849	FtsA	Cell division ATPase FtsA	AG-916-B06_00205	-3
CACJUJ010000002.1	44275	44964	-	AG-916-B06_00203	AG-916-B06	229	OG0000841	K03589	cell division protein FtsQ	COG1589	FtsQ	Cell division septal protein FtsQ	AG-916-B06_00205	-2
CACJUJ010000002.1	44945	45865	-	AG-916-B06_00204	AG-916-B06	306	OG0000580	K01921	D-alanine-D-alanine ligase [EC:6.3.2.4]	COG1181	DdlA	D-alanine-D-alanine ligase or related ATP-grasp enzyme	AG-916-B06_00205	-1
CACJUJ010000002.1	45865	46773	-	AG-916-B06_00205	AG-916-B06	302	OG0000330	K00075	UDP-N-acetylmuramate dehydrogenase [EC:1.3.1.98]	COG0812	MurB	UDP-N-acetylenolpyruvoylglucosamine reductase	AG-916-B06_00205	0
CACJUJ010000002.1	46775	48157	-	AG-916-B06_00206	AG-916-B06	460	OG0000265	K01924	UDP-N-acetylmuramate--alanine ligase [EC:6.3.2.8]	COG0773	MurC	UDP-N-acetylmuramate-alanine ligase MurC and related ligases, MurC/Mpl family	AG-916-B06_00205	1
CACJUJ010000002.1	48147	49223	-	AG-916-B06_00207	AG-916-B06	358	OG0000489	K02563	UDP-N-acetylglucosamine--N-acetylmuramyl-(pentapeptide) pyrophosphoryl-undecaprenol N-acetylglucosamine transferase [EC:2.4.1.227]	COG0707	MurG	UDP-N-acetylglucosamine:LPS N-acetylglucosamine transferase	AG-916-B06_00205	2
CACJUJ010000002.1	49225	50334	-	AG-916-B06_00208	AG-916-B06	369	OG0000615	NA	NA	COG0772	FtsW	Peptodoglycan polymerase FtsW/RodA/SpoVE	AG-916-B06_00205	3
CACJUJ010000002.1	50331	51620	-	AG-916-B06_00209	AG-916-B06	429	OG0000817	NA	NA	COG0771	MurD	UDP-N-acetylmuramoylalanine-D-glutamate ligase	AG-916-B06_00205	4
CACJUJ010000002.1	51620	52705	-	AG-916-B06_00210	AG-916-B06	361	OG0000019	K01000	phospho-N-acetylmuramoyl-pentapeptide-transferase [EC:2.7.8.13]	COG0472	Rfe	UDP-N-acetylmuramyl pentapeptide phosphotransferase/UDP-N-acetylglucosamine-1-phosphate transferase/archaeal AglH	AG-916-B06_00205	5
CACPQM010000002.1	30204	31043	-	AG-916-B15_00236	AG-916-B15	279	OG0000470	K05807	outer membrane protein assembly factor BamD	COG4105	BamD	Outer membrane protein assembly factor BamD, BamD/ComL family	AG-916-B15_00241	-5
CACPQM010000002.1	31082	32005	-	AG-916-B15_00237	AG-916-B15	307	OG0000300	K02535	UDP-3-O-[3-hydroxymyristoyl] N-acetylglucosamine deacetylase [EC:3.5.1.108]	COG0774	LpxC	UDP-3-O-acyl-N-acetylglucosamine deacetylase	AG-916-B15_00241	-4
CACPQM010000002.1	32067	33233	-	AG-916-B15_00238	AG-916-B15	388	OG0000537	NA	NA	COG0849	FtsA	Cell division ATPase FtsA	AG-916-B15_00241	-3
CACPQM010000002.1	33226	33921	-	AG-916-B15_00239	AG-916-B15	231	OG0000841	K03589	cell division protein FtsQ	COG1589	FtsQ	Cell division septal protein FtsQ	AG-916-B15_00241	-2
CACPQM010000002.1	33902	34822	-	AG-916-B15_00240	AG-916-B15	306	OG0000580	K01921	D-alanine-D-alanine ligase [EC:6.3.2.4]	COG1181	DdlA	D-alanine-D-alanine ligase or related ATP-grasp enzyme	AG-916-B15_00241	-1
CACPQM010000002.1	34822	35730	-	AG-916-B15_00241	AG-916-B15	302	OG0000330	K00075	UDP-N-acetylmuramate dehydrogenase [EC:1.3.1.98]	COG0812	MurB	UDP-N-acetylenolpyruvoylglucosamine reductase	AG-916-B15_00241	0
CACPQM010000002.1	35730	37121	-	AG-916-B15_00242	AG-916-B15	463	OG0000265	K01924	UDP-N-acetylmuramate--alanine ligase [EC:6.3.2.8]	COG0773	MurC	UDP-N-acetylmuramate-alanine ligase MurC and related ligases, MurC/Mpl family	AG-916-B15_00241	1
CACPQM010000002.1	37111	38187	-	AG-916-B15_00243	AG-916-B15	358	OG0000489	K02563	UDP-N-acetylglucosamine--N-acetylmuramyl-(pentapeptide) pyrophosphoryl-undecaprenol N-acetylglucosamine transferase [EC:2.4.1.227]	COG0707	MurG	UDP-N-acetylglucosamine:LPS N-acetylglucosamine transferase	AG-916-B15_00241	2
CACPQM010000002.1	38192	39301	-	AG-916-B15_00244	AG-916-B15	369	OG0000615	NA	NA	COG0772	FtsW	Peptodoglycan polymerase FtsW/RodA/SpoVE	AG-916-B15_00241	3
CACPQM010000002.1	39294	40601	-	AG-916-B15_00245	AG-916-B15	435	OG0000817	NA	NA	COG0771	MurD	UDP-N-acetylmuramoylalanine-D-glutamate ligase	AG-916-B15_00241	4
CACPQM010000002.1	40601	41686	-	AG-916-B15_00246	AG-916-B15	361	OG0000019	K01000	phospho-N-acetylmuramoyl-pentapeptide-transferase [EC:2.7.8.13]	COG0472	Rfe	UDP-N-acetylmuramyl pentapeptide phosphotransferase/UDP-N-acetylglucosamine-1-phosphate transferase/archaeal AglH	AG-916-B15_00241	5
CACJWN010000002.1	55	975	+	AG-916-E17_00164	AG-916-E17	306	OG0000615	NA	NA	COG0772	FtsW	Peptodoglycan polymerase FtsW/RodA/SpoVE	AG-916-E17_00167	-3
CACJWN010000002.1	968	2059	+	AG-916-E17_00165	AG-916-E17	363	OG0000489	K02563	UDP-N-acetylglucosamine--N-acetylmuramyl-(pentapeptide) pyrophosphoryl-undecaprenol N-acetylglucosamine transferase [EC:2.4.1.227]	COG0707	MurG	UDP-N-acetylglucosamine:LPS N-acetylglucosamine transferase	AG-916-E17_00167	-2
CACJWN010000002.1	2046	3443	+	AG-916-E17_00166	AG-916-E17	465	OG0000265	K01924	UDP-N-acetylmuramate--alanine ligase [EC:6.3.2.8]	COG0773	MurC	UDP-N-acetylmuramate-alanine ligase MurC and related ligases, MurC/Mpl family	AG-916-E17_00167	-1
CACJWN010000002.1	3440	4345	+	AG-916-E17_00167	AG-916-E17	301	OG0000330	K00075	UDP-N-acetylmuramate dehydrogenase [EC:1.3.1.98]	COG0812	MurB	UDP-N-acetylenolpyruvoylglucosamine reductase	AG-916-E17_00167	0
CACJWN010000002.1	4338	5276	+	AG-916-E17_00168	AG-916-E17	312	OG0000580	K01921	D-alanine-D-alanine ligase [EC:6.3.2.4]	COG1181	DdlA	D-alanine-D-alanine ligase or related ATP-grasp enzyme	AG-916-E17_00167	1
CACJWN010000002.1	5273	5932	+	AG-916-E17_00169	AG-916-E17	219	OG0000841	K03589	cell division protein FtsQ	COG1589	FtsQ	Cell division septal protein FtsQ	AG-916-E17_00167	2
CACJWN010000002.1	5936	7129	+	AG-916-E17_00170	AG-916-E17	397	OG0000537	NA	NA	COG0849	FtsA	Cell division ATPase FtsA	AG-916-E17_00167	3
CACJWN010000002.1	7196	8122	+	AG-916-E17_00171	AG-916-E17	308	OG0000300	K02535	UDP-3-O-[3-hydroxymyristoyl] N-acetylglucosamine deacetylase [EC:3.5.1.108]	COG0774	LpxC	UDP-3-O-acyl-N-acetylglucosamine deacetylase	AG-916-E17_00167	4
CACJWN010000002.1	8172	8999	+	AG-916-E17_00172	AG-916-E17	275	OG0000470	K05807	outer membrane protein assembly factor BamD	COG4105	BamD	Outer membrane protein assembly factor BamD, BamD/ComL family	AG-916-E17_00167	5
CACJWS010000002.1	77	646	-	AG-916-E19_00153	AG-916-E19	189	OG0000300	NA	NA	COG0774	LpxC	UDP-3-O-acyl-N-acetylglucosamine deacetylase	AG-916-E19_00157	-4
CACJWS010000002.1	700	1866	-	AG-916-E19_00154	AG-916-E19	388	OG0000537	K03590	cell division protein FtsA	COG0849	FtsA	Cell division ATPase FtsA	AG-916-E19_00157	-3
CACJWS010000002.1	1859	2545	-	AG-916-E19_00155	AG-916-E19	228	OG0000841	K03589	cell division protein FtsQ	COG1589	FtsQ	Cell division septal protein FtsQ	AG-916-E19_00157	-2
CACJWS010000002.1	2526	3449	-	AG-916-E19_00156	AG-916-E19	307	OG0000580	K01921	D-alanine-D-alanine ligase [EC:6.3.2.4]	COG1181	DdlA	D-alanine-D-alanine ligase or related ATP-grasp enzyme	AG-916-E19_00157	-1
CACJWS010000002.1	3446	4354	-	AG-916-E19_00157	AG-916-E19	302	OG0000330	K00075	UDP-N-acetylmuramate dehydrogenase [EC:1.3.1.98]	COG0812	MurB	UDP-N-acetylenolpyruvoylglucosamine reductase	AG-916-E19_00157	0
CACJWS010000002.1	4356	5738	-	AG-916-E19_00158	AG-916-E19	460	OG0000265	K01924	UDP-N-acetylmuramate--alanine ligase [EC:6.3.2.8]	COG0773	MurC	UDP-N-acetylmuramate-alanine ligase MurC and related ligases, MurC/Mpl family	AG-916-E19_00157	1
CACJWS010000002.1	5728	6804	-	AG-916-E19_00159	AG-916-E19	358	OG0000489	K02563	UDP-N-acetylglucosamine--N-acetylmuramyl-(pentapeptide) pyrophosphoryl-undecaprenol N-acetylglucosamine transferase [EC:2.4.1.227]	COG0707	MurG	UDP-N-acetylglucosamine:LPS N-acetylglucosamine transferase	AG-916-E19_00157	2
CACJWS010000002.1	6806	7915	-	AG-916-E19_00160	AG-916-E19	369	OG0000615	NA	NA	COG0772	FtsW	Peptodoglycan polymerase FtsW/RodA/SpoVE	AG-916-E19_00157	3
CACJWS010000002.1	7915	9207	-	AG-916-E19_00161	AG-916-E19	430	OG0000817	NA	NA	COG0771	MurD	UDP-N-acetylmuramoylalanine-D-glutamate ligase	AG-916-E19_00157	4
CACJWS010000002.1	9207	10292	-	AG-916-E19_00162	AG-916-E19	361	OG0000019	K01000	phospho-N-acetylmuramoyl-pentapeptide-transferase [EC:2.7.8.13]	COG0472	Rfe	UDP-N-acetylmuramyl pentapeptide phosphotransferase/UDP-N-acetylglucosamine-1-phosphate transferase/archaeal AglH	AG-916-E19_00157	5
CACJXK010000001.1	236931	238016	+	AG-916-G09_00250	AG-916-G09	361	OG0000019	K01000	phospho-N-acetylmuramoyl-pentapeptide-transferase [EC:2.7.8.13]	COG0472	Rfe	UDP-N-acetylmuramyl pentapeptide phosphotransferase/UDP-N-acetylglucosamine-1-phosphate transferase/archaeal AglH	AG-916-G09_00255	-5
CACJXK010000001.1	238020	239321	+	AG-916-G09_00251	AG-916-G09	433	OG0000817	NA	NA	COG0771	MurD	UDP-N-acetylmuramoylalanine-D-glutamate ligase	AG-916-G09_00255	-4
CACJXK010000001.1	239318	240427	+	AG-916-G09_00252	AG-916-G09	369	OG0000615	NA	NA	COG0772	FtsW	Peptodoglycan polymerase FtsW/RodA/SpoVE	AG-916-G09_00255	-3
CACJXK010000001.1	240432	241505	+	AG-916-G09_00253	AG-916-G09	357	OG0000489	K02563	UDP-N-acetylglucosamine--N-acetylmuramyl-(pentapeptide) pyrophosphoryl-undecaprenol N-acetylglucosamine transferase [EC:2.4.1.227]	COG0707	MurG	UDP-N-acetylglucosamine:LPS N-acetylglucosamine transferase	AG-916-G09_00255	-2
CACJXK010000001.1	241495	242886	+	AG-916-G09_00254	AG-916-G09	463	OG0000265	K01924	UDP-N-acetylmuramate--alanine ligase [EC:6.3.2.8]	COG0773	MurC	UDP-N-acetylmuramate-alanine ligase MurC and related ligases, MurC/Mpl family	AG-916-G09_00255	-1
CACJXK010000001.1	242886	243794	+	AG-916-G09_00255	AG-916-G09	302	OG0000330	K00075	UDP-N-acetylmuramate dehydrogenase [EC:1.3.1.98]	COG0812	MurB	UDP-N-acetylenolpyruvoylglucosamine reductase	AG-916-G09_00255	0
CACJXK010000001.1	243794	244714	+	AG-916-G09_00256	AG-916-G09	306	OG0000580	K01921	D-alanine-D-alanine ligase [EC:6.3.2.4]	COG1181	DdlA	D-alanine-D-alanine ligase or related ATP-grasp enzyme	AG-916-G09_00255	1
CACJXK010000001.1	244695	245390	+	AG-916-G09_00257	AG-916-G09	231	OG0000841	NA	NA	COG1589	FtsQ	Cell division septal protein FtsQ	AG-916-G09_00255	2
CACJXK010000001.1	245383	246546	+	AG-916-G09_00258	AG-916-G09	387	OG0000537	NA	NA	COG0849	FtsA	Cell division ATPase FtsA	AG-916-G09_00255	3
CACJXK010000001.1	246609	247532	+	AG-916-G09_00259	AG-916-G09	307	OG0000300	K02535	UDP-3-O-[3-hydroxymyristoyl] N-acetylglucosamine deacetylase [EC:3.5.1.108]	COG0774	LpxC	UDP-3-O-acyl-N-acetylglucosamine deacetylase	AG-916-G09_00255	4
CACJXK010000001.1	247571	248410	+	AG-916-G09_00260	AG-916-G09	279	OG0000470	K05807	outer membrane protein assembly factor BamD	COG4105	BamD	Outer membrane protein assembly factor BamD, BamD/ComL family	AG-916-G09_00255	5
CACJZJ010000005.1	41	565	+	AG-916-G19_01015	AG-916-G19	174	OG0000489	NA	NA	COG0707	MurG	UDP-N-acetylglucosamine:LPS N-acetylglucosamine transferase	AG-916-G19_01017	-2
CACJZJ010000005.1	555	1949	+	AG-916-G19_01016	AG-916-G19	464	OG0000265	K01924	UDP-N-acetylmuramate--alanine ligase [EC:6.3.2.8]	COG0773	MurC	UDP-N-acetylmuramate-alanine ligase MurC and related ligases, MurC/Mpl family	AG-916-G19_01017	-1
CACJZJ010000005.1	1949	2857	+	AG-916-G19_01017	AG-916-G19	302	OG0000330	K00075	UDP-N-acetylmuramate dehydrogenase [EC:1.3.1.98]	COG0812	MurB	UDP-N-acetylenolpyruvoylglucosamine reductase	AG-916-G19_01017	0
CACJZJ010000005.1	2859	3773	+	AG-916-G19_01018	AG-916-G19	304	OG0000580	K01921	D-alanine-D-alanine ligase [EC:6.3.2.4]	COG1181	DdlA	D-alanine-D-alanine ligase or related ATP-grasp enzyme	AG-916-G19_01017	1
CACJZJ010000005.1	3754	4422	+	AG-916-G19_01019	AG-916-G19	222	OG0000841	K03589	cell division protein FtsQ	COG1589	FtsQ	Cell division septal protein FtsQ	AG-916-G19_01017	2
CACJZJ010000005.1	4415	5119	+	AG-916-G19_01020	AG-916-G19	234	OG0000537	NA	NA	NA	NA	NA	AG-916-G19_01017	3
CACJZJ010000005.1	5183	6103	+	AG-916-G19_01021	AG-916-G19	306	OG0000300	K02535	UDP-3-O-[3-hydroxymyristoyl] N-acetylglucosamine deacetylase [EC:3.5.1.108]	COG0774	LpxC	UDP-3-O-acyl-N-acetylglucosamine deacetylase	AG-916-G19_01017	4
CACJZJ010000005.1	6151	6999	+	AG-916-G19_01022	AG-916-G19	282	OG0000470	K05807	outer membrane protein assembly factor BamD	COG4105	BamD	Outer membrane protein assembly factor BamD, BamD/ComL family	AG-916-G19_01017	5
CACKAB010000007.1	26978	28372	+	AG-916-J11_00943	AG-916-J11	464	OG0000436	K00325	H+-translocating NAD(P) transhydrogenase subunit beta [EC:1.6.1.2 7.1.1.1]	COG1282	PntB	NAD/NADP transhydrogenase beta subunit	AG-916-J11_00948	-5
CACKAB010000007.1	28382	29080	+	AG-916-J11_00944	AG-916-J11	232	OG0000261	NA	NA	COG0176	TalA	Transaldolase/fructose-6-phosphate aldolase	AG-916-J11_00948	-4
CACKAB010000007.1	29080	29754	+	AG-916-J11_00945	AG-916-J11	224	OG0000008	NA	NA	COG2226	UbiE	Ubiquinone/menaquinone biosynthesis C-methylase UbiE/MenG or 23S rRNA G745 methylase RmlAII or tRNA-U5 methylase TRM9	AG-916-J11_00948	-3
CACKAB010000007.1	29768	30751	+	AG-916-J11_00946	AG-916-J11	327	OG0002122	NA	NA	COG1216	WcaE	Glycosyltransferase, GT2 family	AG-916-J11_00948	-2
CACKAB010000007.1	30748	32010	+	AG-916-J11_00947	AG-916-J11	420	OG0001354	NA	NA	NA	NA	NA	AG-916-J11_00948	-1
CACKAB010000007.1	32051	32959	+	AG-916-J11_00948	AG-916-J11	302	OG0000330	K00075	UDP-N-acetylmuramate dehydrogenase [EC:1.3.1.98]	COG0812	MurB	UDP-N-acetylenolpyruvoylglucosamine reductase	AG-916-J11_00948	0
CACKAB010000007.1	32963	33874	+	AG-916-J11_00949	AG-916-J11	303	OG0000580	K01921	D-alanine-D-alanine ligase [EC:6.3.2.4]	COG1181	DdlA	D-alanine-D-alanine ligase or related ATP-grasp enzyme	AG-916-J11_00948	1
CACKAB010000007.1	33855	34517	+	AG-916-J11_00950	AG-916-J11	220	OG0000841	K03589	cell division protein FtsQ	COG1589	FtsQ	Cell division septal protein FtsQ	AG-916-J11_00948	2
CACKAB010000007.1	34514	35224	+	AG-916-J11_00951	AG-916-J11	236	OG0000537	NA	NA	NA	NA	NA	AG-916-J11_00948	3
CACKAB010000007.1	35286	36206	+	AG-916-J11_00952	AG-916-J11	306	OG0000300	K02535	UDP-3-O-[3-hydroxymyristoyl] N-acetylglucosamine deacetylase [EC:3.5.1.108]	COG0774	LpxC	UDP-3-O-acyl-N-acetylglucosamine deacetylase	AG-916-J11_00948	4
CACKAB010000007.1	36246	37082	+	AG-916-J11_00953	AG-916-J11	278	OG0000470	K05807	outer membrane protein assembly factor BamD	COG4105	BamD	Outer membrane protein assembly factor BamD, BamD/ComL family	AG-916-J11_00948	5
CACKCQ010000001.1	18905	19741	-	AG-916-L11_00017	AG-916-L11	278	OG0000470	K05807	outer membrane protein assembly factor BamD	COG4105	BamD	Outer membrane protein assembly factor BamD, BamD/ComL family	AG-916-L11_00022	-5
CACKCQ010000001.1	19780	20700	-	AG-916-L11_00018	AG-916-L11	306	OG0000300	K02535	UDP-3-O-[3-hydroxymyristoyl] N-acetylglucosamine deacetylase [EC:3.5.1.108]	COG0774	LpxC	UDP-3-O-acyl-N-acetylglucosamine deacetylase	AG-916-L11_00022	-4
CACKCQ010000001.1	20763	21926	-	AG-916-L11_00019	AG-916-L11	387	OG0000537	NA	NA	COG0849	FtsA	Cell division ATPase FtsA	AG-916-L11_00022	-3
CACKCQ010000001.1	21919	22608	-	AG-916-L11_00020	AG-916-L11	229	OG0000841	NA	NA	COG1589	FtsQ	Cell division septal protein FtsQ	AG-916-L11_00022	-2
CACKCQ010000001.1	22589	23509	-	AG-916-L11_00021	AG-916-L11	306	OG0000580	K01921	D-alanine-D-alanine ligase [EC:6.3.2.4]	COG1181	DdlA	D-alanine-D-alanine ligase or related ATP-grasp enzyme	AG-916-L11_00022	-1
CACKCQ010000001.1	23509	24417	-	AG-916-L11_00022	AG-916-L11	302	OG0000330	K00075	UDP-N-acetylmuramate dehydrogenase [EC:1.3.1.98]	COG0812	MurB	UDP-N-acetylenolpyruvoylglucosamine reductase	AG-916-L11_00022	0
CACKCQ010000001.1	24419	25801	-	AG-916-L11_00023	AG-916-L11	460	OG0000265	K01924	UDP-N-acetylmuramate--alanine ligase [EC:6.3.2.8]	COG0773	MurC	UDP-N-acetylmuramate-alanine ligase MurC and related ligases, MurC/Mpl family	AG-916-L11_00022	1
CACKCQ010000001.1	25791	26867	-	AG-916-L11_00024	AG-916-L11	358	OG0000489	K02563	UDP-N-acetylglucosamine--N-acetylmuramyl-(pentapeptide) pyrophosphoryl-undecaprenol N-acetylglucosamine transferase [EC:2.4.1.227]	COG0707	MurG	UDP-N-acetylglucosamine:LPS N-acetylglucosamine transferase	AG-916-L11_00022	2
CACKCQ010000001.1	26869	27978	-	AG-916-L11_00025	AG-916-L11	369	OG0000615	NA	NA	COG0772	FtsW	Peptodoglycan polymerase FtsW/RodA/SpoVE	AG-916-L11_00022	3
CACKCQ010000001.1	27975	29264	-	AG-916-L11_00026	AG-916-L11	429	OG0000817	NA	NA	COG0771	MurD	UDP-N-acetylmuramoylalanine-D-glutamate ligase	AG-916-L11_00022	4
CACKCQ010000001.1	29264	30349	-	AG-916-L11_00027	AG-916-L11	361	OG0000019	K01000	phospho-N-acetylmuramoyl-pentapeptide-transferase [EC:2.7.8.13]	COG0472	Rfe	UDP-N-acetylmuramyl pentapeptide phosphotransferase/UDP-N-acetylglucosamine-1-phosphate transferase/archaeal AglH	AG-916-L11_00022	5
CACKFZ010000002.1	74105	74950	-	AG-916-M15_00184	AG-916-M15	281	OG0000470	K05807	outer membrane protein assembly factor BamD	COG4105	BamD	Outer membrane protein assembly factor BamD, BamD/ComL family	AG-916-M15_00189	-5
CACKFZ010000002.1	74998	75918	-	AG-916-M15_00185	AG-916-M15	306	OG0000300	K02535	UDP-3-O-[3-hydroxymyristoyl] N-acetylglucosamine deacetylase [EC:3.5.1.108]	COG0774	LpxC	UDP-3-O-acyl-N-acetylglucosamine deacetylase	AG-916-M15_00189	-4
CACKFZ010000002.1	75983	76687	-	AG-916-M15_00186	AG-916-M15	234	OG0000537	NA	NA	NA	NA	NA	AG-916-M15_00189	-3
CACKFZ010000002.1	76680	77351	-	AG-916-M15_00187	AG-916-M15	223	OG0000841	K03589	cell division protein FtsQ	COG1589	FtsQ	Cell division septal protein FtsQ	AG-916-M15_00189	-2
CACKFZ010000002.1	77332	78246	-	AG-916-M15_00188	AG-916-M15	304	OG0000580	K01921	D-alanine-D-alanine ligase [EC:6.3.2.4]	COG1181	DdlA	D-alanine-D-alanine ligase or related ATP-grasp enzyme	AG-916-M15_00189	-1
CACKFZ010000002.1	78248	79153	-	AG-916-M15_00189	AG-916-M15	301	OG0000330	K00075	UDP-N-acetylmuramate dehydrogenase [EC:1.3.1.98]	COG0812	MurB	UDP-N-acetylenolpyruvoylglucosamine reductase	AG-916-M15_00189	0
CACKFZ010000002.1	79153	80547	-	AG-916-M15_00190	AG-916-M15	464	OG0000265	K01924	UDP-N-acetylmuramate--alanine ligase [EC:6.3.2.8]	COG0773	MurC	UDP-N-acetylmuramate-alanine ligase MurC and related ligases, MurC/Mpl family	AG-916-M15_00189	1
CACKFZ010000002.1	80537	81604	-	AG-916-M15_00191	AG-916-M15	355	OG0000489	K02563	UDP-N-acetylglucosamine--N-acetylmuramyl-(pentapeptide) pyrophosphoryl-undecaprenol N-acetylglucosamine transferase [EC:2.4.1.227]	COG0707	MurG	UDP-N-acetylglucosamine:LPS N-acetylglucosamine transferase	AG-916-M15_00189	2
CACKFZ010000002.1	81608	82729	-	AG-916-M15_00192	AG-916-M15	373	OG0000615	NA	NA	COG0772	FtsW	Peptodoglycan polymerase FtsW/RodA/SpoVE	AG-916-M15_00189	3
CACKFZ010000002.1	82719	84014	-	AG-916-M15_00193	AG-916-M15	431	OG0000817	NA	NA	COG0771	MurD	UDP-N-acetylmuramoylalanine-D-glutamate ligase	AG-916-M15_00189	4
CACKFZ010000002.1	84014	85099	-	AG-916-M15_00194	AG-916-M15	361	OG0000019	K01000	phospho-N-acetylmuramoyl-pentapeptide-transferase [EC:2.7.8.13]	COG0472	Rfe	UDP-N-acetylmuramyl pentapeptide phosphotransferase/UDP-N-acetylglucosamine-1-phosphate transferase/archaeal AglH	AG-916-M15_00189	5
CACKFA010000019.1	367	1488	+	AG-916-N14_01357	AG-916-N14	373	OG0000615	NA	NA	COG0772	FtsW	Peptodoglycan polymerase FtsW/RodA/SpoVE	AG-916-N14_01360	-3
CACKFA010000019.1	1492	2556	+	AG-916-N14_01358	AG-916-N14	354	OG0000489	K02563	UDP-N-acetylglucosamine--N-acetylmuramyl-(pentapeptide) pyrophosphoryl-undecaprenol N-acetylglucosamine transferase [EC:2.4.1.227]	COG0707	MurG	UDP-N-acetylglucosamine:LPS N-acetylglucosamine transferase	AG-916-N14_01360	-2
CACKFA010000019.1	2546	3943	+	AG-916-N14_01359	AG-916-N14	465	OG0000265	K01924	UDP-N-acetylmuramate--alanine ligase [EC:6.3.2.8]	COG0773	MurC	UDP-N-acetylmuramate-alanine ligase MurC and related ligases, MurC/Mpl family	AG-916-N14_01360	-1
CACKFA010000019.1	3940	4845	+	AG-916-N14_01360	AG-916-N14	301	OG0000330	K00075	UDP-N-acetylmuramate dehydrogenase [EC:1.3.1.98]	COG0812	MurB	UDP-N-acetylenolpyruvoylglucosamine reductase	AG-916-N14_01360	0
CACKFA010000019.1	4847	5761	+	AG-916-N14_01361	AG-916-N14	304	OG0000580	K01921	D-alanine-D-alanine ligase [EC:6.3.2.4]	COG1181	DdlA	D-alanine-D-alanine ligase or related ATP-grasp enzyme	AG-916-N14_01360	1
CACKGK010000022.1	15	935	-	AG-916-O20_01216	AG-916-O20	306	OG0000580	K01921	D-alanine-D-alanine ligase [EC:6.3.2.4]	COG1181	DdlA	D-alanine-D-alanine ligase or related ATP-grasp enzyme	AG-916-O20_01217	-1
CACKGK010000022.1	935	1843	-	AG-916-O20_01217	AG-916-O20	302	OG0000330	K00075	UDP-N-acetylmuramate dehydrogenase [EC:1.3.1.98]	COG0812	MurB	UDP-N-acetylenolpyruvoylglucosamine reductase	AG-916-O20_01217	0
CACKGK010000022.1	1843	3234	-	AG-916-O20_01218	AG-916-O20	463	OG0000265	K01924	UDP-N-acetylmuramate--alanine ligase [EC:6.3.2.8]	COG0773	MurC	UDP-N-acetylmuramate-alanine ligase MurC and related ligases, MurC/Mpl family	AG-916-O20_01217	1
CACKGK010000022.1	3224	4297	-	AG-916-O20_01219	AG-916-O20	357	OG0000489	K02563	UDP-N-acetylglucosamine--N-acetylmuramyl-(pentapeptide) pyrophosphoryl-undecaprenol N-acetylglucosamine transferase [EC:2.4.1.227]	COG0707	MurG	UDP-N-acetylglucosamine:LPS N-acetylglucosamine transferase	AG-916-O20_01217	2
CACKGK010000022.1	4302	5411	-	AG-916-O20_01220	AG-916-O20	369	OG0000615	NA	NA	COG0772	FtsW	Peptodoglycan polymerase FtsW/RodA/SpoVE	AG-916-O20_01217	3
CACKGK010000022.1	5404	6711	-	AG-916-O20_01221	AG-916-O20	435	OG0000817	NA	NA	COG0771	MurD	UDP-N-acetylmuramoylalanine-D-glutamate ligase	AG-916-O20_01217	4
CACKGK010000022.1	6711	7796	-	AG-916-O20_01222	AG-916-O20	361	OG0000019	K01000	phospho-N-acetylmuramoyl-pentapeptide-transferase [EC:2.7.8.13]	COG0472	Rfe	UDP-N-acetylmuramyl pentapeptide phosphotransferase/UDP-N-acetylglucosamine-1-phosphate transferase/archaeal AglH	AG-916-O20_01217	5
CACKJD010000001.1	44450	45280	-	AG-917-B07_00047	AG-917-B07	276	OG0000470	K05807	outer membrane protein assembly factor BamD	COG4105	BamD	Outer membrane protein assembly factor BamD, BamD/ComL family	AG-917-B07_00052	-5
CACKJD010000001.1	45320	46240	-	AG-917-B07_00048	AG-917-B07	306	OG0000300	K02535	UDP-3-O-[3-hydroxymyristoyl] N-acetylglucosamine deacetylase [EC:3.5.1.108]	COG0774	LpxC	UDP-3-O-acyl-N-acetylglucosamine deacetylase	AG-917-B07_00052	-4
CACKJD010000001.1	46307	47017	-	AG-917-B07_00049	AG-917-B07	236	OG0000537	NA	NA	COG0849	FtsA	Cell division ATPase FtsA	AG-917-B07_00052	-3
CACKJD010000001.1	47010	47684	-	AG-917-B07_00050	AG-917-B07	224	OG0000841	K03589	cell division protein FtsQ	COG1589	FtsQ	Cell division septal protein FtsQ	AG-917-B07_00052	-2
CACKJD010000001.1	47665	48573	-	AG-917-B07_00051	AG-917-B07	302	OG0000580	K01921	D-alanine-D-alanine ligase [EC:6.3.2.4]	COG1181	DdlA	D-alanine-D-alanine ligase or related ATP-grasp enzyme	AG-917-B07_00052	-1
CACKJD010000001.1	48574	49482	-	AG-917-B07_00052	AG-917-B07	302	OG0000330	K00075	UDP-N-acetylmuramate dehydrogenase [EC:1.3.1.98]	COG0812	MurB	UDP-N-acetylenolpyruvoylglucosamine reductase	AG-917-B07_00052	0
CACKJD010000001.1	49482	50882	-	AG-917-B07_00053	AG-917-B07	466	OG0000265	K01924	UDP-N-acetylmuramate--alanine ligase [EC:6.3.2.8]	COG0773	MurC	UDP-N-acetylmuramate-alanine ligase MurC and related ligases, MurC/Mpl family	AG-917-B07_00052	1
CACKJD010000001.1	50886	51947	-	AG-917-B07_00054	AG-917-B07	353	OG0000489	K02563	UDP-N-acetylglucosamine--N-acetylmuramyl-(pentapeptide) pyrophosphoryl-undecaprenol N-acetylglucosamine transferase [EC:2.4.1.227]	COG0707	MurG	UDP-N-acetylglucosamine:LPS N-acetylglucosamine transferase	AG-917-B07_00052	2
CACKJD010000001.1	51952	53070	-	AG-917-B07_00055	AG-917-B07	372	OG0000615	NA	NA	COG0772	FtsW	Peptodoglycan polymerase FtsW/RodA/SpoVE	AG-917-B07_00052	3
CACKJD010000001.1	53060	54355	-	AG-917-B07_00056	AG-917-B07	431	OG0000817	NA	NA	COG0771	MurD	UDP-N-acetylmuramoylalanine-D-glutamate ligase	AG-917-B07_00052	4
CACKJD010000001.1	54355	55440	-	AG-917-B07_00057	AG-917-B07	361	OG0000019	K01000	phospho-N-acetylmuramoyl-pentapeptide-transferase [EC:2.7.8.13]	COG0472	Rfe	UDP-N-acetylmuramyl pentapeptide phosphotransferase/UDP-N-acetylglucosamine-1-phosphate transferase/archaeal AglH	AG-917-B07_00052	5
CACKKI010000006.1	50023	51108	+	AG-917-C08_00959	AG-917-C08	361	OG0000019	K01000	phospho-N-acetylmuramoyl-pentapeptide-transferase [EC:2.7.8.13]	COG0472	Rfe	UDP-N-acetylmuramyl pentapeptide phosphotransferase/UDP-N-acetylglucosamine-1-phosphate transferase/archaeal AglH	AG-917-C08_00964	-5
CACKKI010000006.1	51108	52403	+	AG-917-C08_00960	AG-917-C08	431	OG0000817	NA	NA	COG0771	MurD	UDP-N-acetylmuramoylalanine-D-glutamate ligase	AG-917-C08_00964	-4
CACKKI010000006.1	52393	53514	+	AG-917-C08_00961	AG-917-C08	373	OG0000615	NA	NA	COG0772	FtsW	Peptodoglycan polymerase FtsW/RodA/SpoVE	AG-917-C08_00964	-3
CACKKI010000006.1	53518	54585	+	AG-917-C08_00962	AG-917-C08	355	OG0000489	K02563	UDP-N-acetylglucosamine--N-acetylmuramyl-(pentapeptide) pyrophosphoryl-undecaprenol N-acetylglucosamine transferase [EC:2.4.1.227]	COG0707	MurG	UDP-N-acetylglucosamine:LPS N-acetylglucosamine transferase	AG-917-C08_00964	-2
CACKKI010000006.1	54575	55969	+	AG-917-C08_00963	AG-917-C08	464	OG0000265	K01924	UDP-N-acetylmuramate--alanine ligase [EC:6.3.2.8]	COG0773	MurC	UDP-N-acetylmuramate-alanine ligase MurC and related ligases, MurC/Mpl family	AG-917-C08_00964	-1
CACKKI010000006.1	55969	56874	+	AG-917-C08_00964	AG-917-C08	301	OG0000330	K00075	UDP-N-acetylmuramate dehydrogenase [EC:1.3.1.98]	COG0812	MurB	UDP-N-acetylenolpyruvoylglucosamine reductase	AG-917-C08_00964	0
CACKKI010000006.1	56876	57790	+	AG-917-C08_00965	AG-917-C08	304	OG0000580	K01921	D-alanine-D-alanine ligase [EC:6.3.2.4]	COG1181	DdlA	D-alanine-D-alanine ligase or related ATP-grasp enzyme	AG-917-C08_00964	1
CACKKI010000006.1	57771	58442	+	AG-917-C08_00966	AG-917-C08	223	OG0000841	K03589	cell division protein FtsQ	COG1589	FtsQ	Cell division septal protein FtsQ	AG-917-C08_00964	2
CACKKI010000006.1	58435	59139	+	AG-917-C08_00967	AG-917-C08	234	OG0000537	NA	NA	NA	NA	NA	AG-917-C08_00964	3
CACKKI010000006.1	59204	60124	+	AG-917-C08_00968	AG-917-C08	306	OG0000300	K02535	UDP-3-O-[3-hydroxymyristoyl] N-acetylglucosamine deacetylase [EC:3.5.1.108]	COG0774	LpxC	UDP-3-O-acyl-N-acetylglucosamine deacetylase	AG-917-C08_00964	4
CACKKI010000006.1	60173	61018	+	AG-917-C08_00969	AG-917-C08	281	OG0000470	K05807	outer membrane protein assembly factor BamD	COG4105	BamD	Outer membrane protein assembly factor BamD, BamD/ComL family	AG-917-C08_00964	5
CACKKP010000006.1	89	1066	+	AG-917-C11_00542	AG-917-C11	325	OG0000615	NA	NA	COG0772	FtsW	Peptodoglycan polymerase FtsW/RodA/SpoVE	AG-917-C11_00545	-3
CACKKP010000006.1	1070	2137	+	AG-917-C11_00543	AG-917-C11	355	OG0000489	K02563	UDP-N-acetylglucosamine--N-acetylmuramyl-(pentapeptide) pyrophosphoryl-undecaprenol N-acetylglucosamine transferase [EC:2.4.1.227]	COG0707	MurG	UDP-N-acetylglucosamine:LPS N-acetylglucosamine transferase	AG-917-C11_00545	-2
CACKKP010000006.1	2127	3521	+	AG-917-C11_00544	AG-917-C11	464	OG0000265	K01924	UDP-N-acetylmuramate--alanine ligase [EC:6.3.2.8]	COG0773	MurC	UDP-N-acetylmuramate-alanine ligase MurC and related ligases, MurC/Mpl family	AG-917-C11_00545	-1
CACKKP010000006.1	3521	4426	+	AG-917-C11_00545	AG-917-C11	301	OG0000330	K00075	UDP-N-acetylmuramate dehydrogenase [EC:1.3.1.98]	COG0812	MurB	UDP-N-acetylenolpyruvoylglucosamine reductase	AG-917-C11_00545	0
CACKKP010000006.1	4428	5342	+	AG-917-C11_00546	AG-917-C11	304	OG0000580	K01921	D-alanine-D-alanine ligase [EC:6.3.2.4]	COG1181	DdlA	D-alanine-D-alanine ligase or related ATP-grasp enzyme	AG-917-C11_00545	1
CACKKP010000006.1	5323	5994	+	AG-917-C11_00547	AG-917-C11	223	OG0000841	K03589	cell division protein FtsQ	COG1589	FtsQ	Cell division septal protein FtsQ	AG-917-C11_00545	2
CACKKP010000006.1	5987	6691	+	AG-917-C11_00548	AG-917-C11	234	OG0000537	NA	NA	NA	NA	NA	AG-917-C11_00545	3
CACKKP010000006.1	6756	7676	+	AG-917-C11_00549	AG-917-C11	306	OG0000300	K02535	UDP-3-O-[3-hydroxymyristoyl] N-acetylglucosamine deacetylase [EC:3.5.1.108]	COG0774	LpxC	UDP-3-O-acyl-N-acetylglucosamine deacetylase	AG-917-C11_00545	4
CACKKP010000006.1	7725	8570	+	AG-917-C11_00550	AG-917-C11	281	OG0000470	K05807	outer membrane protein assembly factor BamD	COG4105	BamD	Outer membrane protein assembly factor BamD, BamD/ComL family	AG-917-C11_00545	5
CACKLD010000004.1	71631	72467	-	AG-917-D03_00666	AG-917-D03	278	OG0000470	K05807	outer membrane protein assembly factor BamD	COG4105	BamD	Outer membrane protein assembly factor BamD, BamD/ComL family	AG-917-D03_00671	-5
CACKLD010000004.1	72506	73426	-	AG-917-D03_00667	AG-917-D03	306	OG0000300	K02535	UDP-3-O-[3-hydroxymyristoyl] N-acetylglucosamine deacetylase [EC:3.5.1.108]	COG0774	LpxC	UDP-3-O-acyl-N-acetylglucosamine deacetylase	AG-917-D03_00671	-4
CACKLD010000004.1	73488	74633	-	AG-917-D03_00668	AG-917-D03	381	OG0000537	NA	NA	COG0849	FtsA	Cell division ATPase FtsA	AG-917-D03_00671	-3
CACKLD010000004.1	74630	75322	-	AG-917-D03_00669	AG-917-D03	230	OG0000841	K03589	cell division protein FtsQ	COG1589	FtsQ	Cell division septal protein FtsQ	AG-917-D03_00671	-2
CACKLD010000004.1	75300	76220	-	AG-917-D03_00670	AG-917-D03	306	OG0000580	K01921	D-alanine-D-alanine ligase [EC:6.3.2.4]	COG1181	DdlA	D-alanine-D-alanine ligase or related ATP-grasp enzyme	AG-917-D03_00671	-1
CACKLD010000004.1	76220	77128	-	AG-917-D03_00671	AG-917-D03	302	OG0000330	K00075	UDP-N-acetylmuramate dehydrogenase [EC:1.3.1.98]	COG0812	MurB	UDP-N-acetylenolpyruvoylglucosamine reductase	AG-917-D03_00671	0
CACKLD010000004.1	77130	78512	-	AG-917-D03_00672	AG-917-D03	460	OG0000265	K01924	UDP-N-acetylmuramate--alanine ligase [EC:6.3.2.8]	COG0773	MurC	UDP-N-acetylmuramate-alanine ligase MurC and related ligases, MurC/Mpl family	AG-917-D03_00671	1
CACKLD010000004.1	78502	79578	-	AG-917-D03_00673	AG-917-D03	358	OG0000489	K02563	UDP-N-acetylglucosamine--N-acetylmuramyl-(pentapeptide) pyrophosphoryl-undecaprenol N-acetylglucosamine transferase [EC:2.4.1.227]	COG0707	MurG	UDP-N-acetylglucosamine:LPS N-acetylglucosamine transferase	AG-917-D03_00671	2
CACKLD010000004.1	79580	80689	-	AG-917-D03_00674	AG-917-D03	369	OG0000615	NA	NA	COG0772	FtsW	Peptodoglycan polymerase FtsW/RodA/SpoVE	AG-917-D03_00671	3
CACKLD010000004.1	80686	81975	-	AG-917-D03_00675	AG-917-D03	429	OG0000817	NA	NA	COG0771	MurD	UDP-N-acetylmuramoylalanine-D-glutamate ligase	AG-917-D03_00671	4
CACKLD010000004.1	81975	83060	-	AG-917-D03_00676	AG-917-D03	361	OG0000019	K01000	phospho-N-acetylmuramoyl-pentapeptide-transferase [EC:2.7.8.13]	COG0472	Rfe	UDP-N-acetylmuramyl pentapeptide phosphotransferase/UDP-N-acetylglucosamine-1-phosphate transferase/archaeal AglH	AG-917-D03_00671	5
CACKLO010000006.1	66422	67261	-	AG-917-D09_00652	AG-917-D09	279	OG0000470	K05807	outer membrane protein assembly factor BamD	COG4105	BamD	Outer membrane protein assembly factor BamD, BamD/ComL family	AG-917-D09_00657	-5
CACKLO010000006.1	67299	68219	-	AG-917-D09_00653	AG-917-D09	306	OG0000300	K02535	UDP-3-O-[3-hydroxymyristoyl] N-acetylglucosamine deacetylase [EC:3.5.1.108]	COG0774	LpxC	UDP-3-O-acyl-N-acetylglucosamine deacetylase	AG-917-D09_00657	-4
CACKLO010000006.1	68282	69445	-	AG-917-D09_00654	AG-917-D09	387	OG0000537	NA	NA	COG0849	FtsA	Cell division ATPase FtsA	AG-917-D09_00657	-3
CACKLO010000006.1	69453	70142	-	AG-917-D09_00655	AG-917-D09	229	OG0000841	K03589	cell division protein FtsQ	COG1589	FtsQ	Cell division septal protein FtsQ	AG-917-D09_00657	-2
CACKLO010000006.1	70123	71043	-	AG-917-D09_00656	AG-917-D09	306	OG0000580	K01921	D-alanine-D-alanine ligase [EC:6.3.2.4]	COG1181	DdlA	D-alanine-D-alanine ligase or related ATP-grasp enzyme	AG-917-D09_00657	-1
CACKLO010000006.1	71040	71945	-	AG-917-D09_00657	AG-917-D09	301	OG0000330	K00075	UDP-N-acetylmuramate dehydrogenase [EC:1.3.1.98]	COG0812	MurB	UDP-N-acetylenolpyruvoylglucosamine reductase	AG-917-D09_00657	0
CACKLO010000006.1	71956	73335	-	AG-917-D09_00658	AG-917-D09	459	OG0000265	K01924	UDP-N-acetylmuramate--alanine ligase [EC:6.3.2.8]	COG0773	MurC	UDP-N-acetylmuramate-alanine ligase MurC and related ligases, MurC/Mpl family	AG-917-D09_00657	1
CACKLO010000006.1	73325	74389	-	AG-917-D09_00659	AG-917-D09	354	OG0000489	K02563	UDP-N-acetylglucosamine--N-acetylmuramyl-(pentapeptide) pyrophosphoryl-undecaprenol N-acetylglucosamine transferase [EC:2.4.1.227]	COG0707	MurG	UDP-N-acetylglucosamine:LPS N-acetylglucosamine transferase	AG-917-D09_00657	2
CACKLO010000006.1	74386	75498	-	AG-917-D09_00660	AG-917-D09	370	OG0000615	NA	NA	COG0772	FtsW	Peptodoglycan polymerase FtsW/RodA/SpoVE	AG-917-D09_00657	3
CACKLO010000006.1	75491	76384	-	AG-917-D09_00661	AG-917-D09	297	OG0000817	NA	NA	COG0771	MurD	UDP-N-acetylmuramoylalanine-D-glutamate ligase	AG-917-D09_00657	4
CACKLR010000007.1	192	1112	-	AG-917-D14_00613	AG-917-D14	306	OG0000580	K01921	D-alanine-D-alanine ligase [EC:6.3.2.4]	COG1181	DdlA	D-alanine-D-alanine ligase or related ATP-grasp enzyme	AG-917-D14_00614	-1
CACKLR010000007.1	1112	2020	-	AG-917-D14_00614	AG-917-D14	302	OG0000330	K00075	UDP-N-acetylmuramate dehydrogenase [EC:1.3.1.98]	COG0812	MurB	UDP-N-acetylenolpyruvoylglucosamine reductase	AG-917-D14_00614	0
CACKLR010000007.1	2022	3404	-	AG-917-D14_00615	AG-917-D14	460	OG0000265	K01924	UDP-N-acetylmuramate--alanine ligase [EC:6.3.2.8]	COG0773	MurC	UDP-N-acetylmuramate-alanine ligase MurC and related ligases, MurC/Mpl family	AG-917-D14_00614	1
CACKLR010000007.1	3394	4470	-	AG-917-D14_00616	AG-917-D14	358	OG0000489	K02563	UDP-N-acetylglucosamine--N-acetylmuramyl-(pentapeptide) pyrophosphoryl-undecaprenol N-acetylglucosamine transferase [EC:2.4.1.227]	COG0707	MurG	UDP-N-acetylglucosamine:LPS N-acetylglucosamine transferase	AG-917-D14_00614	2
CACKLR010000007.1	4472	5581	-	AG-917-D14_00617	AG-917-D14	369	OG0000615	NA	NA	COG0772	FtsW	Peptodoglycan polymerase FtsW/RodA/SpoVE	AG-917-D14_00614	3
CACKLR010000007.1	5578	6867	-	AG-917-D14_00618	AG-917-D14	429	OG0000817	NA	NA	COG0771	MurD	UDP-N-acetylmuramoylalanine-D-glutamate ligase	AG-917-D14_00614	4
CACKLR010000007.1	6867	7952	-	AG-917-D14_00619	AG-917-D14	361	OG0000019	K01000	phospho-N-acetylmuramoyl-pentapeptide-transferase [EC:2.7.8.13]	COG0472	Rfe	UDP-N-acetylmuramyl pentapeptide phosphotransferase/UDP-N-acetylglucosamine-1-phosphate transferase/archaeal AglH	AG-917-D14_00614	5
CACKMU010000009.1	6178	7014	-	AG-917-E14_00681	AG-917-E14	278	OG0000470	K05807	outer membrane protein assembly factor BamD	COG4105	BamD	Outer membrane protein assembly factor BamD, BamD/ComL family	AG-917-E14_00686	-5
CACKMU010000009.1	7064	7987	-	AG-917-E14_00682	AG-917-E14	307	OG0000300	K02535	UDP-3-O-[3-hydroxymyristoyl] N-acetylglucosamine deacetylase [EC:3.5.1.108]	COG0774	LpxC	UDP-3-O-acyl-N-acetylglucosamine deacetylase	AG-917-E14_00686	-4
CACKMU010000009.1	8053	9246	-	AG-917-E14_00683	AG-917-E14	397	OG0000537	NA	NA	COG0849	FtsA	Cell division ATPase FtsA	AG-917-E14_00686	-3
CACKMU010000009.1	9250	9909	-	AG-917-E14_00684	AG-917-E14	219	OG0000841	K03589	cell division protein FtsQ	COG1589	FtsQ	Cell division septal protein FtsQ	AG-917-E14_00686	-2
CACKMU010000009.1	9906	10844	-	AG-917-E14_00685	AG-917-E14	312	OG0000580	K01921	D-alanine-D-alanine ligase [EC:6.3.2.4]	COG1181	DdlA	D-alanine-D-alanine ligase or related ATP-grasp enzyme	AG-917-E14_00686	-1
CACKMU010000009.1	10837	11742	-	AG-917-E14_00686	AG-917-E14	301	OG0000330	K00075	UDP-N-acetylmuramate dehydrogenase [EC:1.3.1.98]	COG0812	MurB	UDP-N-acetylenolpyruvoylglucosamine reductase	AG-917-E14_00686	0
CACKMU010000009.1	11739	13136	-	AG-917-E14_00687	AG-917-E14	465	OG0000265	K01924	UDP-N-acetylmuramate--alanine ligase [EC:6.3.2.8]	COG0773	MurC	UDP-N-acetylmuramate-alanine ligase MurC and related ligases, MurC/Mpl family	AG-917-E14_00686	1
CACKMU010000009.1	13123	14220	-	AG-917-E14_00688	AG-917-E14	365	OG0000489	K02563	UDP-N-acetylglucosamine--N-acetylmuramyl-(pentapeptide) pyrophosphoryl-undecaprenol N-acetylglucosamine transferase [EC:2.4.1.227]	COG0707	MurG	UDP-N-acetylglucosamine:LPS N-acetylglucosamine transferase	AG-917-E14_00686	2
CACKMU010000009.1	14213	15340	-	AG-917-E14_00689	AG-917-E14	375	OG0000615	NA	NA	COG0772	FtsW	Peptodoglycan polymerase FtsW/RodA/SpoVE	AG-917-E14_00686	3
CACKMU010000009.1	15321	16607	-	AG-917-E14_00690	AG-917-E14	428	OG0000817	NA	NA	COG0771	MurD	UDP-N-acetylmuramoylalanine-D-glutamate ligase	AG-917-E14_00686	4
CACKMU010000009.1	16611	17696	-	AG-917-E14_00691	AG-917-E14	361	OG0000019	K01000	phospho-N-acetylmuramoyl-pentapeptide-transferase [EC:2.7.8.13]	COG0472	Rfe	UDP-N-acetylmuramyl pentapeptide phosphotransferase/UDP-N-acetylglucosamine-1-phosphate transferase/archaeal AglH	AG-917-E14_00686	5
CACKNW010000009.1	34	1014	+	AG-917-F16_00978	AG-917-F16	326	OG0000615	NA	NA	COG0772	FtsW	Peptodoglycan polymerase FtsW/RodA/SpoVE	AG-917-F16_00981	-3
CACKNW010000009.1	1014	2087	+	AG-917-F16_00979	AG-917-F16	357	OG0000489	K02563	UDP-N-acetylglucosamine--N-acetylmuramyl-(pentapeptide) pyrophosphoryl-undecaprenol N-acetylglucosamine transferase [EC:2.4.1.227]	COG0707	MurG	UDP-N-acetylglucosamine:LPS N-acetylglucosamine transferase	AG-917-F16_00981	-2
CACKNW010000009.1	2077	3474	+	AG-917-F16_00980	AG-917-F16	465	OG0000265	K01924	UDP-N-acetylmuramate--alanine ligase [EC:6.3.2.8]	COG0773	MurC	UDP-N-acetylmuramate-alanine ligase MurC and related ligases, MurC/Mpl family	AG-917-F16_00981	-1
CACKNW010000009.1	3471	4379	+	AG-917-F16_00981	AG-917-F16	302	OG0000330	K00075	UDP-N-acetylmuramate dehydrogenase [EC:1.3.1.98]	COG0812	MurB	UDP-N-acetylenolpyruvoylglucosamine reductase	AG-917-F16_00981	0
CACKNW010000009.1	4380	5297	+	AG-917-F16_00982	AG-917-F16	305	OG0000580	K01921	D-alanine-D-alanine ligase [EC:6.3.2.4]	COG1181	DdlA	D-alanine-D-alanine ligase or related ATP-grasp enzyme	AG-917-F16_00981	1
CACKNW010000009.1	5278	5970	+	AG-917-F16_00983	AG-917-F16	230	OG0000841	K03589	cell division protein FtsQ	COG1589	FtsQ	Cell division septal protein FtsQ	AG-917-F16_00981	2
CACKNW010000009.1	5963	7108	+	AG-917-F16_00984	AG-917-F16	381	OG0000537	NA	NA	COG0849	FtsA	Cell division ATPase FtsA	AG-917-F16_00981	3
CACKNW010000009.1	7170	8093	+	AG-917-F16_00985	AG-917-F16	307	OG0000300	K02535	UDP-3-O-[3-hydroxymyristoyl] N-acetylglucosamine deacetylase [EC:3.5.1.108]	COG0774	LpxC	UDP-3-O-acyl-N-acetylglucosamine deacetylase	AG-917-F16_00981	4
CACKNW010000009.1	8130	8966	+	AG-917-F16_00986	AG-917-F16	278	OG0000470	K05807	outer membrane protein assembly factor BamD	COG4105	BamD	Outer membrane protein assembly factor BamD, BamD/ComL family	AG-917-F16_00981	5
CACKNV010000002.1	27436	28269	-	AG-917-F18_00389	AG-917-F18	277	OG0000470	K05807	outer membrane protein assembly factor BamD	COG4105	BamD	Outer membrane protein assembly factor BamD, BamD/ComL family	AG-917-F18_00394	-5
CACKNV010000002.1	28320	29246	-	AG-917-F18_00390	AG-917-F18	308	OG0000300	K02535	UDP-3-O-[3-hydroxymyristoyl] N-acetylglucosamine deacetylase [EC:3.5.1.108]	COG0774	LpxC	UDP-3-O-acyl-N-acetylglucosamine deacetylase	AG-917-F18_00394	-4
CACKNV010000002.1	29314	30510	-	AG-917-F18_00391	AG-917-F18	398	OG0000537	NA	NA	COG0849	FtsA	Cell division ATPase FtsA	AG-917-F18_00394	-3
CACKNV010000002.1	30514	31170	-	AG-917-F18_00392	AG-917-F18	218	OG0000841	K03589	cell division protein FtsQ	COG1589	FtsQ	Cell division septal protein FtsQ	AG-917-F18_00394	-2
CACKNV010000002.1	31167	32105	-	AG-917-F18_00393	AG-917-F18	312	OG0000580	K01921	D-alanine-D-alanine ligase [EC:6.3.2.4]	COG1181	DdlA	D-alanine-D-alanine ligase or related ATP-grasp enzyme	AG-917-F18_00394	-1
CACKNV010000002.1	32098	33003	-	AG-917-F18_00394	AG-917-F18	301	OG0000330	K00075	UDP-N-acetylmuramate dehydrogenase [EC:1.3.1.98]	COG0812	MurB	UDP-N-acetylenolpyruvoylglucosamine reductase	AG-917-F18_00394	0
CACKNV010000002.1	33000	34397	-	AG-917-F18_00395	AG-917-F18	465	OG0000265	K01924	UDP-N-acetylmuramate--alanine ligase [EC:6.3.2.8]	COG0773	MurC	UDP-N-acetylmuramate-alanine ligase MurC and related ligases, MurC/Mpl family	AG-917-F18_00394	1
CACKNV010000002.1	34384	35466	-	AG-917-F18_00396	AG-917-F18	360	OG0000489	K02563	UDP-N-acetylglucosamine--N-acetylmuramyl-(pentapeptide) pyrophosphoryl-undecaprenol N-acetylglucosamine transferase [EC:2.4.1.227]	COG0707	MurG	UDP-N-acetylglucosamine:LPS N-acetylglucosamine transferase	AG-917-F18_00394	2
CACKNV010000002.1	35459	36586	-	AG-917-F18_00397	AG-917-F18	375	OG0000615	NA	NA	COG0772	FtsW	Peptodoglycan polymerase FtsW/RodA/SpoVE	AG-917-F18_00394	3
CACKNV010000002.1	36567	37844	-	AG-917-F18_00398	AG-917-F18	425	OG0000817	NA	NA	COG0771	MurD	UDP-N-acetylmuramoylalanine-D-glutamate ligase	AG-917-F18_00394	4
CACKNV010000002.1	37848	38933	-	AG-917-F18_00399	AG-917-F18	361	OG0000019	K01000	phospho-N-acetylmuramoyl-pentapeptide-transferase [EC:2.7.8.13]	COG0472	Rfe	UDP-N-acetylmuramyl pentapeptide phosphotransferase/UDP-N-acetylglucosamine-1-phosphate transferase/archaeal AglH	AG-917-F18_00394	5
CACKQD010000001.1	215600	216685	+	AG-917-I17_00219	AG-917-I17	361	OG0000019	K01000	phospho-N-acetylmuramoyl-pentapeptide-transferase [EC:2.7.8.13]	COG0472	Rfe	UDP-N-acetylmuramyl pentapeptide phosphotransferase/UDP-N-acetylglucosamine-1-phosphate transferase/archaeal AglH	AG-917-I17_00224	-5
CACKQD010000001.1	216685	217980	+	AG-917-I17_00220	AG-917-I17	431	OG0000817	NA	NA	COG0771	MurD	UDP-N-acetylmuramoylalanine-D-glutamate ligase	AG-917-I17_00224	-4
CACKQD010000001.1	217970	219091	+	AG-917-I17_00221	AG-917-I17	373	OG0000615	NA	NA	COG0772	FtsW	Peptodoglycan polymerase FtsW/RodA/SpoVE	AG-917-I17_00224	-3
CACKQD010000001.1	219095	220162	+	AG-917-I17_00222	AG-917-I17	355	OG0000489	K02563	UDP-N-acetylglucosamine--N-acetylmuramyl-(pentapeptide) pyrophosphoryl-undecaprenol N-acetylglucosamine transferase [EC:2.4.1.227]	COG0707	MurG	UDP-N-acetylglucosamine:LPS N-acetylglucosamine transferase	AG-917-I17_00224	-2
CACKQD010000001.1	220152	221546	+	AG-917-I17_00223	AG-917-I17	464	OG0000265	K01924	UDP-N-acetylmuramate--alanine ligase [EC:6.3.2.8]	COG0773	MurC	UDP-N-acetylmuramate-alanine ligase MurC and related ligases, MurC/Mpl family	AG-917-I17_00224	-1
CACKQD010000001.1	221546	222451	+	AG-917-I17_00224	AG-917-I17	301	OG0000330	K00075	UDP-N-acetylmuramate dehydrogenase [EC:1.3.1.98]	COG0812	MurB	UDP-N-acetylenolpyruvoylglucosamine reductase	AG-917-I17_00224	0
CACKQD010000001.1	222453	223367	+	AG-917-I17_00225	AG-917-I17	304	OG0000580	K01921	D-alanine-D-alanine ligase [EC:6.3.2.4]	COG1181	DdlA	D-alanine-D-alanine ligase or related ATP-grasp enzyme	AG-917-I17_00224	1
CACKQD010000001.1	223348	224019	+	AG-917-I17_00226	AG-917-I17	223	OG0000841	K03589	cell division protein FtsQ	COG1589	FtsQ	Cell division septal protein FtsQ	AG-917-I17_00224	2
CACKQD010000001.1	224012	224716	+	AG-917-I17_00227	AG-917-I17	234	OG0000537	NA	NA	NA	NA	NA	AG-917-I17_00224	3
CACKQD010000001.1	224781	225701	+	AG-917-I17_00228	AG-917-I17	306	OG0000300	K02535	UDP-3-O-[3-hydroxymyristoyl] N-acetylglucosamine deacetylase [EC:3.5.1.108]	COG0774	LpxC	UDP-3-O-acyl-N-acetylglucosamine deacetylase	AG-917-I17_00224	4
CACKQD010000001.1	225749	226594	+	AG-917-I17_00229	AG-917-I17	281	OG0000470	K05807	outer membrane protein assembly factor BamD	COG4105	BamD	Outer membrane protein assembly factor BamD, BamD/ComL family	AG-917-I17_00224	5
CACKQQ010000014.1	16435	17520	+	AG-917-J06_01167	AG-917-J06	361	OG0000019	K01000	phospho-N-acetylmuramoyl-pentapeptide-transferase [EC:2.7.8.13]	COG0472	Rfe	UDP-N-acetylmuramyl pentapeptide phosphotransferase/UDP-N-acetylglucosamine-1-phosphate transferase/archaeal AglH	AG-917-J06_01172	-5
CACKQQ010000014.1	17520	18818	+	AG-917-J06_01168	AG-917-J06	432	OG0000817	NA	NA	COG0771	MurD	UDP-N-acetylmuramoylalanine-D-glutamate ligase	AG-917-J06_01172	-4
CACKQQ010000014.1	18805	19926	+	AG-917-J06_01169	AG-917-J06	373	OG0000615	NA	NA	COG0772	FtsW	Peptodoglycan polymerase FtsW/RodA/SpoVE	AG-917-J06_01172	-3
CACKQQ010000014.1	19930	20994	+	AG-917-J06_01170	AG-917-J06	354	OG0000489	K02563	UDP-N-acetylglucosamine--N-acetylmuramyl-(pentapeptide) pyrophosphoryl-undecaprenol N-acetylglucosamine transferase [EC:2.4.1.227]	COG0707	MurG	UDP-N-acetylglucosamine:LPS N-acetylglucosamine transferase	AG-917-J06_01172	-2
CACKQQ010000014.1	20984	22381	+	AG-917-J06_01171	AG-917-J06	465	OG0000265	K01924	UDP-N-acetylmuramate--alanine ligase [EC:6.3.2.8]	COG0773	MurC	UDP-N-acetylmuramate-alanine ligase MurC and related ligases, MurC/Mpl family	AG-917-J06_01172	-1
CACKQQ010000014.1	22378	23283	+	AG-917-J06_01172	AG-917-J06	301	OG0000330	K00075	UDP-N-acetylmuramate dehydrogenase [EC:1.3.1.98]	COG0812	MurB	UDP-N-acetylenolpyruvoylglucosamine reductase	AG-917-J06_01172	0
CACKQQ010000014.1	23285	24199	+	AG-917-J06_01173	AG-917-J06	304	OG0000580	K01921	D-alanine-D-alanine ligase [EC:6.3.2.4]	COG1181	DdlA	D-alanine-D-alanine ligase or related ATP-grasp enzyme	AG-917-J06_01172	1
CACKQQ010000014.1	24180	24854	+	AG-917-J06_01174	AG-917-J06	224	OG0000841	K03589	cell division protein FtsQ	COG1589	FtsQ	Cell division septal protein FtsQ	AG-917-J06_01172	2
CACLSR010000002.1	281197	282282	+	AG-917-K06_00654	AG-917-K06	361	OG0000019	K01000	phospho-N-acetylmuramoyl-pentapeptide-transferase [EC:2.7.8.13]	COG0472	Rfe	UDP-N-acetylmuramyl pentapeptide phosphotransferase/UDP-N-acetylglucosamine-1-phosphate transferase/archaeal AglH	AG-917-K06_00659	-5
CACLSR010000002.1	282279	283565	+	AG-917-K06_00655	AG-917-K06	428	OG0000817	NA	NA	COG0771	MurD	UDP-N-acetylmuramoylalanine-D-glutamate ligase	AG-917-K06_00659	-4
CACLSR010000002.1	283555	284679	+	AG-917-K06_00656	AG-917-K06	374	OG0000615	NA	NA	COG0772	FtsW	Peptodoglycan polymerase FtsW/RodA/SpoVE	AG-917-K06_00659	-3
CACLSR010000002.1	284681	285745	+	AG-917-K06_00657	AG-917-K06	354	OG0000489	K02563	UDP-N-acetylglucosamine--N-acetylmuramyl-(pentapeptide) pyrophosphoryl-undecaprenol N-acetylglucosamine transferase [EC:2.4.1.227]	COG0707	MurG	UDP-N-acetylglucosamine:LPS N-acetylglucosamine transferase	AG-917-K06_00659	-2
CACLSR010000002.1	285735	287129	+	AG-917-K06_00658	AG-917-K06	464	OG0000265	K01924	UDP-N-acetylmuramate--alanine ligase [EC:6.3.2.8]	COG0773	MurC	UDP-N-acetylmuramate-alanine ligase MurC and related ligases, MurC/Mpl family	AG-917-K06_00659	-1
CACLSR010000002.1	287129	288037	+	AG-917-K06_00659	AG-917-K06	302	OG0000330	K00075	UDP-N-acetylmuramate dehydrogenase [EC:1.3.1.98]	COG0812	MurB	UDP-N-acetylenolpyruvoylglucosamine reductase	AG-917-K06_00659	0
CACLSR010000002.1	288039	288950	+	AG-917-K06_00660	AG-917-K06	303	OG0000580	K01921	D-alanine-D-alanine ligase [EC:6.3.2.4]	COG1181	DdlA	D-alanine-D-alanine ligase or related ATP-grasp enzyme	AG-917-K06_00659	1
CACLSR010000002.1	288931	289599	+	AG-917-K06_00661	AG-917-K06	222	OG0000841	K03589	cell division protein FtsQ	COG1589	FtsQ	Cell division septal protein FtsQ	AG-917-K06_00659	2
CACLSR010000002.1	289592	290296	+	AG-917-K06_00662	AG-917-K06	234	OG0000537	NA	NA	NA	NA	NA	AG-917-K06_00659	3
CACLSR010000002.1	290360	291280	+	AG-917-K06_00663	AG-917-K06	306	OG0000300	K02535	UDP-3-O-[3-hydroxymyristoyl] N-acetylglucosamine deacetylase [EC:3.5.1.108]	COG0774	LpxC	UDP-3-O-acyl-N-acetylglucosamine deacetylase	AG-917-K06_00659	4
CACLSR010000002.1	291328	292176	+	AG-917-K06_00664	AG-917-K06	282	OG0000470	K05807	outer membrane protein assembly factor BamD	COG4105	BamD	Outer membrane protein assembly factor BamD, BamD/ComL family	AG-917-K06_00659	5
CACLTL010000002.1	85041	85880	-	AG-917-K20_00610	AG-917-K20	279	OG0000470	K05807	outer membrane protein assembly factor BamD	COG4105	BamD	Outer membrane protein assembly factor BamD, BamD/ComL family	AG-917-K20_00615	-5
CACLTL010000002.1	85929	86855	-	AG-917-K20_00611	AG-917-K20	308	OG0000300	K02535	UDP-3-O-[3-hydroxymyristoyl] N-acetylglucosamine deacetylase [EC:3.5.1.108]	COG0774	LpxC	UDP-3-O-acyl-N-acetylglucosamine deacetylase	AG-917-K20_00615	-4
CACLTL010000002.1	86923	88119	-	AG-917-K20_00612	AG-917-K20	398	OG0000537	NA	NA	COG0849	FtsA	Cell division ATPase FtsA	AG-917-K20_00615	-3
CACLTL010000002.1	88123	88779	-	AG-917-K20_00613	AG-917-K20	218	OG0000841	K03589	cell division protein FtsQ	COG1589	FtsQ	Cell division septal protein FtsQ	AG-917-K20_00615	-2
CACLTL010000002.1	88776	89714	-	AG-917-K20_00614	AG-917-K20	312	OG0000580	K01921	D-alanine-D-alanine ligase [EC:6.3.2.4]	COG1181	DdlA	D-alanine-D-alanine ligase or related ATP-grasp enzyme	AG-917-K20_00615	-1
CACLTL010000002.1	89707	90612	-	AG-917-K20_00615	AG-917-K20	301	OG0000330	K00075	UDP-N-acetylmuramate dehydrogenase [EC:1.3.1.98]	COG0812	MurB	UDP-N-acetylenolpyruvoylglucosamine reductase	AG-917-K20_00615	0
CACLTL010000002.1	90609	92006	-	AG-917-K20_00616	AG-917-K20	465	OG0000265	K01924	UDP-N-acetylmuramate--alanine ligase [EC:6.3.2.8]	COG0773	MurC	UDP-N-acetylmuramate-alanine ligase MurC and related ligases, MurC/Mpl family	AG-917-K20_00615	1
CACLTL010000002.1	91993	93087	-	AG-917-K20_00617	AG-917-K20	364	OG0000489	K02563	UDP-N-acetylglucosamine--N-acetylmuramyl-(pentapeptide) pyrophosphoryl-undecaprenol N-acetylglucosamine transferase [EC:2.4.1.227]	COG0707	MurG	UDP-N-acetylglucosamine:LPS N-acetylglucosamine transferase	AG-917-K20_00615	2
CACLTL010000002.1	93080	94207	-	AG-917-K20_00618	AG-917-K20	375	OG0000615	NA	NA	COG0772	FtsW	Peptodoglycan polymerase FtsW/RodA/SpoVE	AG-917-K20_00615	3
CACLTL010000002.1	94188	95465	-	AG-917-K20_00619	AG-917-K20	425	OG0000817	NA	NA	COG0771	MurD	UDP-N-acetylmuramoylalanine-D-glutamate ligase	AG-917-K20_00615	4
CACLTL010000002.1	95468	96553	-	AG-917-K20_00620	AG-917-K20	361	OG0000019	K01000	phospho-N-acetylmuramoyl-pentapeptide-transferase [EC:2.7.8.13]	COG0472	Rfe	UDP-N-acetylmuramyl pentapeptide phosphotransferase/UDP-N-acetylglucosamine-1-phosphate transferase/archaeal AglH	AG-917-K20_00615	5
CACLVA010000005.1	52895	53725	-	AG-917-M15_00637	AG-917-M15	276	OG0000470	K05807	outer membrane protein assembly factor BamD	COG4105	BamD	Outer membrane protein assembly factor BamD, BamD/ComL family	AG-917-M15_00642	-5
CACLVA010000005.1	53767	54687	-	AG-917-M15_00638	AG-917-M15	306	OG0000300	K02535	UDP-3-O-[3-hydroxymyristoyl] N-acetylglucosamine deacetylase [EC:3.5.1.108]	COG0774	LpxC	UDP-3-O-acyl-N-acetylglucosamine deacetylase	AG-917-M15_00642	-4
CACLVA010000005.1	54751	55464	-	AG-917-M15_00639	AG-917-M15	237	OG0000537	NA	NA	COG0849	FtsA	Cell division ATPase FtsA	AG-917-M15_00642	-3
CACLVA010000005.1	55457	56131	-	AG-917-M15_00640	AG-917-M15	224	OG0000841	NA	NA	COG1589	FtsQ	Cell division septal protein FtsQ	AG-917-M15_00642	-2
CACLVA010000005.1	56112	57023	-	AG-917-M15_00641	AG-917-M15	303	OG0000580	K01921	D-alanine-D-alanine ligase [EC:6.3.2.4]	COG1181	DdlA	D-alanine-D-alanine ligase or related ATP-grasp enzyme	AG-917-M15_00642	-1
CACLVA010000005.1	57025	57936	-	AG-917-M15_00642	AG-917-M15	303	OG0000330	K00075	UDP-N-acetylmuramate dehydrogenase [EC:1.3.1.98]	COG0812	MurB	UDP-N-acetylenolpyruvoylglucosamine reductase	AG-917-M15_00642	0
CACLVA010000005.1	57936	59333	-	AG-917-M15_00643	AG-917-M15	465	OG0000265	K01924	UDP-N-acetylmuramate--alanine ligase [EC:6.3.2.8]	COG0773	MurC	UDP-N-acetylmuramate-alanine ligase MurC and related ligases, MurC/Mpl family	AG-917-M15_00642	1
CACLVA010000005.1	59336	60397	-	AG-917-M15_00644	AG-917-M15	353	OG0000489	K02563	UDP-N-acetylglucosamine--N-acetylmuramyl-(pentapeptide) pyrophosphoryl-undecaprenol N-acetylglucosamine transferase [EC:2.4.1.227]	COG0707	MurG	UDP-N-acetylglucosamine:LPS N-acetylglucosamine transferase	AG-917-M15_00642	2
CACLVA010000005.1	60402	61517	-	AG-917-M15_00645	AG-917-M15	371	OG0000615	NA	NA	COG0772	FtsW	Peptodoglycan polymerase FtsW/RodA/SpoVE	AG-917-M15_00642	3
CACLVA010000005.1	61510	62802	-	AG-917-M15_00646	AG-917-M15	430	OG0000817	NA	NA	COG0771	MurD	UDP-N-acetylmuramoylalanine-D-glutamate ligase	AG-917-M15_00642	4
CACLVA010000005.1	62802	63887	-	AG-917-M15_00647	AG-917-M15	361	OG0000019	K01000	phospho-N-acetylmuramoyl-pentapeptide-transferase [EC:2.7.8.13]	COG0472	Rfe	UDP-N-acetylmuramyl pentapeptide phosphotransferase/UDP-N-acetylglucosamine-1-phosphate transferase/archaeal AglH	AG-917-M15_00642	5
CACLXR010000004.1	58466	59551	+	AG-917-O20_00551	AG-917-O20	361	OG0000019	K01000	phospho-N-acetylmuramoyl-pentapeptide-transferase [EC:2.7.8.13]	COG0472	Rfe	UDP-N-acetylmuramyl pentapeptide phosphotransferase/UDP-N-acetylglucosamine-1-phosphate transferase/archaeal AglH	AG-917-O20_00556	-5
CACLXR010000004.1	59548	60834	+	AG-917-O20_00552	AG-917-O20	428	OG0000817	NA	NA	COG0771	MurD	UDP-N-acetylmuramoylalanine-D-glutamate ligase	AG-917-O20_00556	-4
CACLXR010000004.1	60824	61957	+	AG-917-O20_00553	AG-917-O20	377	OG0000615	NA	NA	COG0772	FtsW	Peptodoglycan polymerase FtsW/RodA/SpoVE	AG-917-O20_00556	-3
CACLXR010000004.1	61950	63014	+	AG-917-O20_00554	AG-917-O20	354	OG0000489	K02563	UDP-N-acetylglucosamine--N-acetylmuramyl-(pentapeptide) pyrophosphoryl-undecaprenol N-acetylglucosamine transferase [EC:2.4.1.227]	COG0707	MurG	UDP-N-acetylglucosamine:LPS N-acetylglucosamine transferase	AG-917-O20_00556	-2
CACLXR010000004.1	63004	64398	+	AG-917-O20_00555	AG-917-O20	464	OG0000265	K01924	UDP-N-acetylmuramate--alanine ligase [EC:6.3.2.8]	COG0773	MurC	UDP-N-acetylmuramate-alanine ligase MurC and related ligases, MurC/Mpl family	AG-917-O20_00556	-1
CACLXR010000004.1	64398	65306	+	AG-917-O20_00556	AG-917-O20	302	OG0000330	K00075	UDP-N-acetylmuramate dehydrogenase [EC:1.3.1.98]	COG0812	MurB	UDP-N-acetylenolpyruvoylglucosamine reductase	AG-917-O20_00556	0
CACLXR010000004.1	65308	66219	+	AG-917-O20_00557	AG-917-O20	303	OG0000580	K01921	D-alanine-D-alanine ligase [EC:6.3.2.4]	COG1181	DdlA	D-alanine-D-alanine ligase or related ATP-grasp enzyme	AG-917-O20_00556	1
CACLXR010000004.1	66200	66868	+	AG-917-O20_00558	AG-917-O20	222	OG0000841	K03589	cell division protein FtsQ	COG1589	FtsQ	Cell division septal protein FtsQ	AG-917-O20_00556	2
CACLXR010000004.1	66861	67565	+	AG-917-O20_00559	AG-917-O20	234	OG0000537	NA	NA	NA	NA	NA	AG-917-O20_00556	3
CACLXR010000004.1	67630	68550	+	AG-917-O20_00560	AG-917-O20	306	OG0000300	K02535	UDP-3-O-[3-hydroxymyristoyl] N-acetylglucosamine deacetylase [EC:3.5.1.108]	COG0774	LpxC	UDP-3-O-acyl-N-acetylglucosamine deacetylase	AG-917-O20_00556	4
CACLXR010000004.1	68598	69446	+	AG-917-O20_00561	AG-917-O20	282	OG0000470	K05807	outer membrane protein assembly factor BamD	COG4105	BamD	Outer membrane protein assembly factor BamD, BamD/ComL family	AG-917-O20_00556	5
CACPFM010000006.1	6128	6973	-	AG-917-P07_00652	AG-917-P07	281	OG0000470	K05807	outer membrane protein assembly factor BamD	COG4105	BamD	Outer membrane protein assembly factor BamD, BamD/ComL family	AG-917-P07_00657	-5
CACPFM010000006.1	7022	7942	-	AG-917-P07_00653	AG-917-P07	306	OG0000300	K02535	UDP-3-O-[3-hydroxymyristoyl] N-acetylglucosamine deacetylase [EC:3.5.1.108]	COG0774	LpxC	UDP-3-O-acyl-N-acetylglucosamine deacetylase	AG-917-P07_00657	-4
CACPFM010000006.1	8007	8711	-	AG-917-P07_00654	AG-917-P07	234	OG0000537	NA	NA	NA	NA	NA	AG-917-P07_00657	-3
CACPFM010000006.1	8704	9375	-	AG-917-P07_00655	AG-917-P07	223	OG0000841	K03589	cell division protein FtsQ	COG1589	FtsQ	Cell division septal protein FtsQ	AG-917-P07_00657	-2
CACPFM010000006.1	9356	10270	-	AG-917-P07_00656	AG-917-P07	304	OG0000580	K01921	D-alanine-D-alanine ligase [EC:6.3.2.4]	COG1181	DdlA	D-alanine-D-alanine ligase or related ATP-grasp enzyme	AG-917-P07_00657	-1
CACPFM010000006.1	10272	11177	-	AG-917-P07_00657	AG-917-P07	301	OG0000330	K00075	UDP-N-acetylmuramate dehydrogenase [EC:1.3.1.98]	COG0812	MurB	UDP-N-acetylenolpyruvoylglucosamine reductase	AG-917-P07_00657	0
CACPFM010000006.1	11177	12571	-	AG-917-P07_00658	AG-917-P07	464	OG0000265	K01924	UDP-N-acetylmuramate--alanine ligase [EC:6.3.2.8]	COG0773	MurC	UDP-N-acetylmuramate-alanine ligase MurC and related ligases, MurC/Mpl family	AG-917-P07_00657	1
CACPFM010000006.1	12561	13628	-	AG-917-P07_00659	AG-917-P07	355	OG0000489	K02563	UDP-N-acetylglucosamine--N-acetylmuramyl-(pentapeptide) pyrophosphoryl-undecaprenol N-acetylglucosamine transferase [EC:2.4.1.227]	COG0707	MurG	UDP-N-acetylglucosamine:LPS N-acetylglucosamine transferase	AG-917-P07_00657	2
CACPFM010000006.1	13632	14753	-	AG-917-P07_00660	AG-917-P07	373	OG0000615	NA	NA	COG0772	FtsW	Peptodoglycan polymerase FtsW/RodA/SpoVE	AG-917-P07_00657	3
CACPFM010000006.1	14743	16038	-	AG-917-P07_00661	AG-917-P07	431	OG0000817	NA	NA	COG0771	MurD	UDP-N-acetylmuramoylalanine-D-glutamate ligase	AG-917-P07_00657	4
CACPFM010000006.1	16038	17123	-	AG-917-P07_00662	AG-917-P07	361	OG0000019	K01000	phospho-N-acetylmuramoyl-pentapeptide-transferase [EC:2.7.8.13]	COG0472	Rfe	UDP-N-acetylmuramyl pentapeptide phosphotransferase/UDP-N-acetylglucosamine-1-phosphate transferase/archaeal AglH	AG-917-P07_00657	5
CACLYY010000013.1	430	1515	+	AG-918-B06_01081	AG-918-B06	361	OG0000019	K01000	phospho-N-acetylmuramoyl-pentapeptide-transferase [EC:2.7.8.13]	COG0472	Rfe	UDP-N-acetylmuramyl pentapeptide phosphotransferase/UDP-N-acetylglucosamine-1-phosphate transferase/archaeal AglH	AG-918-B06_01086	-5
CACLYY010000013.1	1515	2819	+	AG-918-B06_01082	AG-918-B06	434	OG0000817	NA	NA	COG0771	MurD	UDP-N-acetylmuramoylalanine-D-glutamate ligase	AG-918-B06_01086	-4
CACLYY010000013.1	2816	3925	+	AG-918-B06_01083	AG-918-B06	369	OG0000615	NA	NA	COG0772	FtsW	Peptodoglycan polymerase FtsW/RodA/SpoVE	AG-918-B06_01086	-3
CACLYY010000013.1	3930	5003	+	AG-918-B06_01084	AG-918-B06	357	OG0000489	K02563	UDP-N-acetylglucosamine--N-acetylmuramyl-(pentapeptide) pyrophosphoryl-undecaprenol N-acetylglucosamine transferase [EC:2.4.1.227]	COG0707	MurG	UDP-N-acetylglucosamine:LPS N-acetylglucosamine transferase	AG-918-B06_01086	-2
CACLYY010000013.1	4993	6384	+	AG-918-B06_01085	AG-918-B06	463	OG0000265	K01924	UDP-N-acetylmuramate--alanine ligase [EC:6.3.2.8]	COG0773	MurC	UDP-N-acetylmuramate-alanine ligase MurC and related ligases, MurC/Mpl family	AG-918-B06_01086	-1
CACLYY010000013.1	6384	7292	+	AG-918-B06_01086	AG-918-B06	302	OG0000330	K00075	UDP-N-acetylmuramate dehydrogenase [EC:1.3.1.98]	COG0812	MurB	UDP-N-acetylenolpyruvoylglucosamine reductase	AG-918-B06_01086	0
CACLYY010000013.1	7292	8212	+	AG-918-B06_01087	AG-918-B06	306	OG0000580	K01921	D-alanine-D-alanine ligase [EC:6.3.2.4]	COG1181	DdlA	D-alanine-D-alanine ligase or related ATP-grasp enzyme	AG-918-B06_01086	1
CACLYY010000013.1	8193	8888	+	AG-918-B06_01088	AG-918-B06	231	OG0000841	K03589	cell division protein FtsQ	COG1589	FtsQ	Cell division septal protein FtsQ	AG-918-B06_01086	2
CACLYY010000013.1	8881	10044	+	AG-918-B06_01089	AG-918-B06	387	OG0000537	NA	NA	COG0849	FtsA	Cell division ATPase FtsA	AG-918-B06_01086	3
CACLYY010000013.1	10107	11030	+	AG-918-B06_01090	AG-918-B06	307	OG0000300	K02535	UDP-3-O-[3-hydroxymyristoyl] N-acetylglucosamine deacetylase [EC:3.5.1.108]	COG0774	LpxC	UDP-3-O-acyl-N-acetylglucosamine deacetylase	AG-918-B06_01086	4
CACLYY010000013.1	11069	11908	+	AG-918-B06_01091	AG-918-B06	279	OG0000470	K05807	outer membrane protein assembly factor BamD	COG4105	BamD	Outer membrane protein assembly factor BamD, BamD/ComL family	AG-918-B06_01086	5
CACMAX010000004.1	22930	23766	-	AG-918-E02_00704	AG-918-E02	278	OG0000470	K05807	outer membrane protein assembly factor BamD	COG4105	BamD	Outer membrane protein assembly factor BamD, BamD/ComL family	AG-918-E02_00709	-5
CACMAX010000004.1	23806	24726	-	AG-918-E02_00705	AG-918-E02	306	OG0000300	K02535	UDP-3-O-[3-hydroxymyristoyl] N-acetylglucosamine deacetylase [EC:3.5.1.108]	COG0774	LpxC	UDP-3-O-acyl-N-acetylglucosamine deacetylase	AG-918-E02_00709	-4
CACMAX010000004.1	24789	25952	-	AG-918-E02_00706	AG-918-E02	387	OG0000537	K03590	cell division protein FtsA	COG0849	FtsA	Cell division ATPase FtsA	AG-918-E02_00709	-3
CACMAX010000004.1	25945	26634	-	AG-918-E02_00707	AG-918-E02	229	OG0000841	K03589	cell division protein FtsQ	COG1589	FtsQ	Cell division septal protein FtsQ	AG-918-E02_00709	-2
CACMAX010000004.1	26615	27535	-	AG-918-E02_00708	AG-918-E02	306	OG0000580	K01921	D-alanine-D-alanine ligase [EC:6.3.2.4]	COG1181	DdlA	D-alanine-D-alanine ligase or related ATP-grasp enzyme	AG-918-E02_00709	-1
CACMAX010000004.1	27535	28443	-	AG-918-E02_00709	AG-918-E02	302	OG0000330	K00075	UDP-N-acetylmuramate dehydrogenase [EC:1.3.1.98]	COG0812	MurB	UDP-N-acetylenolpyruvoylglucosamine reductase	AG-918-E02_00709	0
CACMAX010000004.1	28445	29827	-	AG-918-E02_00710	AG-918-E02	460	OG0000265	K01924	UDP-N-acetylmuramate--alanine ligase [EC:6.3.2.8]	COG0773	MurC	UDP-N-acetylmuramate-alanine ligase MurC and related ligases, MurC/Mpl family	AG-918-E02_00709	1
CACMAX010000004.1	29817	30893	-	AG-918-E02_00711	AG-918-E02	358	OG0000489	K02563	UDP-N-acetylglucosamine--N-acetylmuramyl-(pentapeptide) pyrophosphoryl-undecaprenol N-acetylglucosamine transferase [EC:2.4.1.227]	COG0707	MurG	UDP-N-acetylglucosamine:LPS N-acetylglucosamine transferase	AG-918-E02_00709	2
CACMAX010000004.1	30895	32004	-	AG-918-E02_00712	AG-918-E02	369	OG0000615	NA	NA	COG0772	FtsW	Peptodoglycan polymerase FtsW/RodA/SpoVE	AG-918-E02_00709	3
CACMAX010000004.1	32001	33290	-	AG-918-E02_00713	AG-918-E02	429	OG0000817	NA	NA	COG0771	MurD	UDP-N-acetylmuramoylalanine-D-glutamate ligase	AG-918-E02_00709	4
CACMAX010000004.1	33290	34375	-	AG-918-E02_00714	AG-918-E02	361	OG0000019	K01000	phospho-N-acetylmuramoyl-pentapeptide-transferase [EC:2.7.8.13]	COG0472	Rfe	UDP-N-acetylmuramyl pentapeptide phosphotransferase/UDP-N-acetylglucosamine-1-phosphate transferase/archaeal AglH	AG-918-E02_00709	5
CACMDB010000001.1	241259	242344	+	AG-918-G06_00255	AG-918-G06	361	OG0000019	K01000	phospho-N-acetylmuramoyl-pentapeptide-transferase [EC:2.7.8.13]	COG0472	Rfe	UDP-N-acetylmuramyl pentapeptide phosphotransferase/UDP-N-acetylglucosamine-1-phosphate transferase/archaeal AglH	AG-918-G06_00260	-5
CACMDB010000001.1	242341	243627	+	AG-918-G06_00256	AG-918-G06	428	OG0000817	NA	NA	COG0771	MurD	UDP-N-acetylmuramoylalanine-D-glutamate ligase	AG-918-G06_00260	-4
CACMDB010000001.1	243617	244750	+	AG-918-G06_00257	AG-918-G06	377	OG0000615	NA	NA	COG0772	FtsW	Peptodoglycan polymerase FtsW/RodA/SpoVE	AG-918-G06_00260	-3
CACMDB010000001.1	244743	245807	+	AG-918-G06_00258	AG-918-G06	354	OG0000489	K02563	UDP-N-acetylglucosamine--N-acetylmuramyl-(pentapeptide) pyrophosphoryl-undecaprenol N-acetylglucosamine transferase [EC:2.4.1.227]	COG0707	MurG	UDP-N-acetylglucosamine:LPS N-acetylglucosamine transferase	AG-918-G06_00260	-2
CACMDB010000001.1	245797	247191	+	AG-918-G06_00259	AG-918-G06	464	OG0000265	K01924	UDP-N-acetylmuramate--alanine ligase [EC:6.3.2.8]	COG0773	MurC	UDP-N-acetylmuramate-alanine ligase MurC and related ligases, MurC/Mpl family	AG-918-G06_00260	-1
CACMDB010000001.1	247191	248099	+	AG-918-G06_00260	AG-918-G06	302	OG0000330	K00075	UDP-N-acetylmuramate dehydrogenase [EC:1.3.1.98]	COG0812	MurB	UDP-N-acetylenolpyruvoylglucosamine reductase	AG-918-G06_00260	0
CACMDB010000001.1	248101	249012	+	AG-918-G06_00261	AG-918-G06	303	OG0000580	K01921	D-alanine-D-alanine ligase [EC:6.3.2.4]	COG1181	DdlA	D-alanine-D-alanine ligase or related ATP-grasp enzyme	AG-918-G06_00260	1
CACMDB010000001.1	248993	249661	+	AG-918-G06_00262	AG-918-G06	222	OG0000841	K03589	cell division protein FtsQ	COG1589	FtsQ	Cell division septal protein FtsQ	AG-918-G06_00260	2
CACMDB010000001.1	249654	250358	+	AG-918-G06_00263	AG-918-G06	234	OG0000537	NA	NA	COG0849	FtsA	Cell division ATPase FtsA	AG-918-G06_00260	3
CACMDB010000001.1	250422	251342	+	AG-918-G06_00264	AG-918-G06	306	OG0000300	K02535	UDP-3-O-[3-hydroxymyristoyl] N-acetylglucosamine deacetylase [EC:3.5.1.108]	COG0774	LpxC	UDP-3-O-acyl-N-acetylglucosamine deacetylase	AG-918-G06_00260	4
CACMDB010000001.1	251390	252238	+	AG-918-G06_00265	AG-918-G06	282	OG0000470	K05807	outer membrane protein assembly factor BamD	COG4105	BamD	Outer membrane protein assembly factor BamD, BamD/ComL family	AG-918-G06_00260	5
CACMDH010000006.1	24556	25395	-	AG-918-G15_00851	AG-918-G15	279	OG0000470	K05807	outer membrane protein assembly factor BamD	COG4105	BamD	Outer membrane protein assembly factor BamD, BamD/ComL family	AG-918-G15_00856	-5
CACMDH010000006.1	25433	26353	-	AG-918-G15_00852	AG-918-G15	306	OG0000300	K02535	UDP-3-O-[3-hydroxymyristoyl] N-acetylglucosamine deacetylase [EC:3.5.1.108]	COG0774	LpxC	UDP-3-O-acyl-N-acetylglucosamine deacetylase	AG-918-G15_00856	-4
CACMDH010000006.1	26416	27579	-	AG-918-G15_00853	AG-918-G15	387	OG0000537	NA	NA	COG0849	FtsA	Cell division ATPase FtsA	AG-918-G15_00856	-3
CACMDH010000006.1	27587	28276	-	AG-918-G15_00854	AG-918-G15	229	OG0000841	K03589	cell division protein FtsQ	COG1589	FtsQ	Cell division septal protein FtsQ	AG-918-G15_00856	-2
CACMDH010000006.1	28257	29177	-	AG-918-G15_00855	AG-918-G15	306	OG0000580	K01921	D-alanine-D-alanine ligase [EC:6.3.2.4]	COG1181	DdlA	D-alanine-D-alanine ligase or related ATP-grasp enzyme	AG-918-G15_00856	-1
CACMDH010000006.1	29174	30079	-	AG-918-G15_00856	AG-918-G15	301	OG0000330	K00075	UDP-N-acetylmuramate dehydrogenase [EC:1.3.1.98]	COG0812	MurB	UDP-N-acetylenolpyruvoylglucosamine reductase	AG-918-G15_00856	0
CACMDH010000006.1	30090	31469	-	AG-918-G15_00857	AG-918-G15	459	OG0000265	K01924	UDP-N-acetylmuramate--alanine ligase [EC:6.3.2.8]	COG0773	MurC	UDP-N-acetylmuramate-alanine ligase MurC and related ligases, MurC/Mpl family	AG-918-G15_00856	1
CACMDH010000006.1	31459	32523	-	AG-918-G15_00858	AG-918-G15	354	OG0000489	K02563	UDP-N-acetylglucosamine--N-acetylmuramyl-(pentapeptide) pyrophosphoryl-undecaprenol N-acetylglucosamine transferase [EC:2.4.1.227]	COG0707	MurG	UDP-N-acetylglucosamine:LPS N-acetylglucosamine transferase	AG-918-G15_00856	2
CACMDH010000006.1	32520	33632	-	AG-918-G15_00859	AG-918-G15	370	OG0000615	NA	NA	COG0772	FtsW	Peptodoglycan polymerase FtsW/RodA/SpoVE	AG-918-G15_00856	3
CACMDH010000006.1	33625	34923	-	AG-918-G15_00860	AG-918-G15	432	OG0000817	NA	NA	COG0771	MurD	UDP-N-acetylmuramoylalanine-D-glutamate ligase	AG-918-G15_00856	4
CACMDH010000006.1	34923	36008	-	AG-918-G15_00861	AG-918-G15	361	OG0000019	K01000	phospho-N-acetylmuramoyl-pentapeptide-transferase [EC:2.7.8.13]	COG0472	Rfe	UDP-N-acetylmuramyl pentapeptide phosphotransferase/UDP-N-acetylglucosamine-1-phosphate transferase/archaeal AglH	AG-918-G15_00856	5
CACMDY010000001.1	471	1391	-	AG-918-G22_00001	AG-918-G22	306	OG0000580	K01921	D-alanine-D-alanine ligase [EC:6.3.2.4]	COG1181	DdlA	D-alanine-D-alanine ligase or related ATP-grasp enzyme	AG-918-G22_00002	-1
CACMDY010000001.1	1391	2299	-	AG-918-G22_00002	AG-918-G22	302	OG0000330	K00075	UDP-N-acetylmuramate dehydrogenase [EC:1.3.1.98]	COG0812	MurB	UDP-N-acetylenolpyruvoylglucosamine reductase	AG-918-G22_00002	0
CACMDY010000001.1	2301	3683	-	AG-918-G22_00003	AG-918-G22	460	OG0000265	K01924	UDP-N-acetylmuramate--alanine ligase [EC:6.3.2.8]	COG0773	MurC	UDP-N-acetylmuramate-alanine ligase MurC and related ligases, MurC/Mpl family	AG-918-G22_00002	1
CACMDY010000001.1	3673	4749	-	AG-918-G22_00004	AG-918-G22	358	OG0000489	K02563	UDP-N-acetylglucosamine--N-acetylmuramyl-(pentapeptide) pyrophosphoryl-undecaprenol N-acetylglucosamine transferase [EC:2.4.1.227]	COG0707	MurG	UDP-N-acetylglucosamine:LPS N-acetylglucosamine transferase	AG-918-G22_00002	2
CACMDY010000001.1	4751	5860	-	AG-918-G22_00005	AG-918-G22	369	OG0000615	NA	NA	COG0772	FtsW	Peptodoglycan polymerase FtsW/RodA/SpoVE	AG-918-G22_00002	3
CACMDY010000001.1	5857	7146	-	AG-918-G22_00006	AG-918-G22	429	OG0000817	NA	NA	COG0771	MurD	UDP-N-acetylmuramoylalanine-D-glutamate ligase	AG-918-G22_00002	4
CACMDY010000001.1	7146	8231	-	AG-918-G22_00007	AG-918-G22	361	OG0000019	K01000	phospho-N-acetylmuramoyl-pentapeptide-transferase [EC:2.7.8.13]	COG0472	Rfe	UDP-N-acetylmuramyl pentapeptide phosphotransferase/UDP-N-acetylglucosamine-1-phosphate transferase/archaeal AglH	AG-918-G22_00002	5
CACMFM010000003.1	45600	46685	+	AG-918-K09_00659	AG-918-K09	361	OG0000019	K01000	phospho-N-acetylmuramoyl-pentapeptide-transferase [EC:2.7.8.13]	COG0472	Rfe	UDP-N-acetylmuramyl pentapeptide phosphotransferase/UDP-N-acetylglucosamine-1-phosphate transferase/archaeal AglH	AG-918-K09_00664	-5
CACMFM010000003.1	46685	47980	+	AG-918-K09_00660	AG-918-K09	431	OG0000817	NA	NA	COG0771	MurD	UDP-N-acetylmuramoylalanine-D-glutamate ligase	AG-918-K09_00664	-4
CACMFM010000003.1	47970	49091	+	AG-918-K09_00661	AG-918-K09	373	OG0000615	NA	NA	COG0772	FtsW	Peptodoglycan polymerase FtsW/RodA/SpoVE	AG-918-K09_00664	-3
CACMFM010000003.1	49095	50162	+	AG-918-K09_00662	AG-918-K09	355	OG0000489	K02563	UDP-N-acetylglucosamine--N-acetylmuramyl-(pentapeptide) pyrophosphoryl-undecaprenol N-acetylglucosamine transferase [EC:2.4.1.227]	COG0707	MurG	UDP-N-acetylglucosamine:LPS N-acetylglucosamine transferase	AG-918-K09_00664	-2
CACMFM010000003.1	50152	51546	+	AG-918-K09_00663	AG-918-K09	464	OG0000265	K01924	UDP-N-acetylmuramate--alanine ligase [EC:6.3.2.8]	COG0773	MurC	UDP-N-acetylmuramate-alanine ligase MurC and related ligases, MurC/Mpl family	AG-918-K09_00664	-1
CACMFM010000003.1	51546	52451	+	AG-918-K09_00664	AG-918-K09	301	OG0000330	K00075	UDP-N-acetylmuramate dehydrogenase [EC:1.3.1.98]	COG0812	MurB	UDP-N-acetylenolpyruvoylglucosamine reductase	AG-918-K09_00664	0
CACMFM010000003.1	52453	53367	+	AG-918-K09_00665	AG-918-K09	304	OG0000580	K01921	D-alanine-D-alanine ligase [EC:6.3.2.4]	COG1181	DdlA	D-alanine-D-alanine ligase or related ATP-grasp enzyme	AG-918-K09_00664	1
CACMFM010000003.1	53348	54019	+	AG-918-K09_00666	AG-918-K09	223	OG0000841	K03589	cell division protein FtsQ	COG1589	FtsQ	Cell division septal protein FtsQ	AG-918-K09_00664	2
CACMFM010000003.1	54012	54716	+	AG-918-K09_00667	AG-918-K09	234	OG0000537	NA	NA	NA	NA	NA	AG-918-K09_00664	3
CACMFM010000003.1	54781	55701	+	AG-918-K09_00668	AG-918-K09	306	OG0000300	K02535	UDP-3-O-[3-hydroxymyristoyl] N-acetylglucosamine deacetylase [EC:3.5.1.108]	COG0774	LpxC	UDP-3-O-acyl-N-acetylglucosamine deacetylase	AG-918-K09_00664	4
CACMFM010000003.1	55749	56594	+	AG-918-K09_00669	AG-918-K09	281	OG0000470	K05807	outer membrane protein assembly factor BamD	COG4105	BamD	Outer membrane protein assembly factor BamD, BamD/ComL family	AG-918-K09_00664	5
CACMFU010000006.1	39538	40623	+	AG-918-K13_00680	AG-918-K13	361	OG0000019	K01000	phospho-N-acetylmuramoyl-pentapeptide-transferase [EC:2.7.8.13]	COG0472	Rfe	UDP-N-acetylmuramyl pentapeptide phosphotransferase/UDP-N-acetylglucosamine-1-phosphate transferase/archaeal AglH	AG-918-K13_00685	-5
CACMFU010000006.1	40623	41909	+	AG-918-K13_00681	AG-918-K13	428	OG0000817	NA	NA	COG0771	MurD	UDP-N-acetylmuramoylalanine-D-glutamate ligase	AG-918-K13_00685	-4
CACMFU010000006.1	41909	43018	+	AG-918-K13_00682	AG-918-K13	369	OG0000615	NA	NA	COG0772	FtsW	Peptodoglycan polymerase FtsW/RodA/SpoVE	AG-918-K13_00685	-3
CACMFU010000006.1	43020	44099	+	AG-918-K13_00683	AG-918-K13	359	OG0000489	K02563	UDP-N-acetylglucosamine--N-acetylmuramyl-(pentapeptide) pyrophosphoryl-undecaprenol N-acetylglucosamine transferase [EC:2.4.1.227]	COG0707	MurG	UDP-N-acetylglucosamine:LPS N-acetylglucosamine transferase	AG-918-K13_00685	-2
CACMFU010000006.1	44089	45471	+	AG-918-K13_00684	AG-918-K13	460	OG0000265	K01924	UDP-N-acetylmuramate--alanine ligase [EC:6.3.2.8]	COG0773	MurC	UDP-N-acetylmuramate-alanine ligase MurC and related ligases, MurC/Mpl family	AG-918-K13_00685	-1
CACMFU010000006.1	45473	46381	+	AG-918-K13_00685	AG-918-K13	302	OG0000330	K00075	UDP-N-acetylmuramate dehydrogenase [EC:1.3.1.98]	COG0812	MurB	UDP-N-acetylenolpyruvoylglucosamine reductase	AG-918-K13_00685	0
CACMFU010000006.1	46381	47301	+	AG-918-K13_00686	AG-918-K13	306	OG0000580	K01921	D-alanine-D-alanine ligase [EC:6.3.2.4]	COG1181	DdlA	D-alanine-D-alanine ligase or related ATP-grasp enzyme	AG-918-K13_00685	1
CACMFU010000006.1	47282	47971	+	AG-918-K13_00687	AG-918-K13	229	OG0000841	K03589	cell division protein FtsQ	COG1589	FtsQ	Cell division septal protein FtsQ	AG-918-K13_00685	2
CACMFU010000006.1	47964	49127	+	AG-918-K13_00688	AG-918-K13	387	OG0000537	K03590	cell division protein FtsA	COG0849	FtsA	Cell division ATPase FtsA	AG-918-K13_00685	3
CACMFU010000006.1	49190	50110	+	AG-918-K13_00689	AG-918-K13	306	OG0000300	K02535	UDP-3-O-[3-hydroxymyristoyl] N-acetylglucosamine deacetylase [EC:3.5.1.108]	COG0774	LpxC	UDP-3-O-acyl-N-acetylglucosamine deacetylase	AG-918-K13_00685	4
CACMFU010000006.1	50149	50985	+	AG-918-K13_00690	AG-918-K13	278	OG0000470	K05807	outer membrane protein assembly factor BamD	COG4105	BamD	Outer membrane protein assembly factor BamD, BamD/ComL family	AG-918-K13_00685	5
CACMGQ010000001.1	29594	30439	-	AG-918-L07_00028	AG-918-L07	281	OG0000470	K05807	outer membrane protein assembly factor BamD	COG4105	BamD	Outer membrane protein assembly factor BamD, BamD/ComL family	AG-918-L07_00033	-5
CACMGQ010000001.1	30488	31408	-	AG-918-L07_00029	AG-918-L07	306	OG0000300	K02535	UDP-3-O-[3-hydroxymyristoyl] N-acetylglucosamine deacetylase [EC:3.5.1.108]	COG0774	LpxC	UDP-3-O-acyl-N-acetylglucosamine deacetylase	AG-918-L07_00033	-4
CACMGQ010000001.1	31473	32177	-	AG-918-L07_00030	AG-918-L07	234	OG0000537	NA	NA	NA	NA	NA	AG-918-L07_00033	-3
CACMGQ010000001.1	32170	32841	-	AG-918-L07_00031	AG-918-L07	223	OG0000841	K03589	cell division protein FtsQ	COG1589	FtsQ	Cell division septal protein FtsQ	AG-918-L07_00033	-2
CACMGQ010000001.1	32822	33736	-	AG-918-L07_00032	AG-918-L07	304	OG0000580	K01921	D-alanine-D-alanine ligase [EC:6.3.2.4]	COG1181	DdlA	D-alanine-D-alanine ligase or related ATP-grasp enzyme	AG-918-L07_00033	-1
CACMGQ010000001.1	33738	34643	-	AG-918-L07_00033	AG-918-L07	301	OG0000330	K00075	UDP-N-acetylmuramate dehydrogenase [EC:1.3.1.98]	COG0812	MurB	UDP-N-acetylenolpyruvoylglucosamine reductase	AG-918-L07_00033	0
CACMGQ010000001.1	34643	36037	-	AG-918-L07_00034	AG-918-L07	464	OG0000265	K01924	UDP-N-acetylmuramate--alanine ligase [EC:6.3.2.8]	COG0773	MurC	UDP-N-acetylmuramate-alanine ligase MurC and related ligases, MurC/Mpl family	AG-918-L07_00033	1
CACMGQ010000001.1	36027	37094	-	AG-918-L07_00035	AG-918-L07	355	OG0000489	K02563	UDP-N-acetylglucosamine--N-acetylmuramyl-(pentapeptide) pyrophosphoryl-undecaprenol N-acetylglucosamine transferase [EC:2.4.1.227]	COG0707	MurG	UDP-N-acetylglucosamine:LPS N-acetylglucosamine transferase	AG-918-L07_00033	2
CACMGQ010000001.1	37098	38219	-	AG-918-L07_00036	AG-918-L07	373	OG0000615	NA	NA	COG0772	FtsW	Peptodoglycan polymerase FtsW/RodA/SpoVE	AG-918-L07_00033	3
CACMGQ010000001.1	38209	39504	-	AG-918-L07_00037	AG-918-L07	431	OG0000817	NA	NA	COG0771	MurD	UDP-N-acetylmuramoylalanine-D-glutamate ligase	AG-918-L07_00033	4
CACMGQ010000001.1	39504	40589	-	AG-918-L07_00038	AG-918-L07	361	OG0000019	K01000	phospho-N-acetylmuramoyl-pentapeptide-transferase [EC:2.7.8.13]	COG0472	Rfe	UDP-N-acetylmuramyl pentapeptide phosphotransferase/UDP-N-acetylglucosamine-1-phosphate transferase/archaeal AglH	AG-918-L07_00033	5
CACMHD010000004.1	6180	7025	-	AG-918-L21_00360	AG-918-L21	281	OG0000470	K05807	outer membrane protein assembly factor BamD	COG4105	BamD	Outer membrane protein assembly factor BamD, BamD/ComL family	AG-918-L21_00365	-5
CACMHD010000004.1	7073	7993	-	AG-918-L21_00361	AG-918-L21	306	OG0000300	K02535	UDP-3-O-[3-hydroxymyristoyl] N-acetylglucosamine deacetylase [EC:3.5.1.108]	COG0774	LpxC	UDP-3-O-acyl-N-acetylglucosamine deacetylase	AG-918-L21_00365	-4
CACMHD010000004.1	8058	8762	-	AG-918-L21_00362	AG-918-L21	234	OG0000537	NA	NA	NA	NA	NA	AG-918-L21_00365	-3
CACMHD010000004.1	8755	9426	-	AG-918-L21_00363	AG-918-L21	223	OG0000841	K03589	cell division protein FtsQ	COG1589	FtsQ	Cell division septal protein FtsQ	AG-918-L21_00365	-2
CACMHD010000004.1	9407	10321	-	AG-918-L21_00364	AG-918-L21	304	OG0000580	K01921	D-alanine-D-alanine ligase [EC:6.3.2.4]	COG1181	DdlA	D-alanine-D-alanine ligase or related ATP-grasp enzyme	AG-918-L21_00365	-1
CACMHD010000004.1	10323	11228	-	AG-918-L21_00365	AG-918-L21	301	OG0000330	K00075	UDP-N-acetylmuramate dehydrogenase [EC:1.3.1.98]	COG0812	MurB	UDP-N-acetylenolpyruvoylglucosamine reductase	AG-918-L21_00365	0
CACMHD010000004.1	11228	12622	-	AG-918-L21_00366	AG-918-L21	464	OG0000265	K01924	UDP-N-acetylmuramate--alanine ligase [EC:6.3.2.8]	COG0773	MurC	UDP-N-acetylmuramate-alanine ligase MurC and related ligases, MurC/Mpl family	AG-918-L21_00365	1
CACMHD010000004.1	12612	13679	-	AG-918-L21_00367	AG-918-L21	355	OG0000489	K02563	UDP-N-acetylglucosamine--N-acetylmuramyl-(pentapeptide) pyrophosphoryl-undecaprenol N-acetylglucosamine transferase [EC:2.4.1.227]	COG0707	MurG	UDP-N-acetylglucosamine:LPS N-acetylglucosamine transferase	AG-918-L21_00365	2
CACMHD010000004.1	13683	14804	-	AG-918-L21_00368	AG-918-L21	373	OG0000615	NA	NA	COG0772	FtsW	Peptodoglycan polymerase FtsW/RodA/SpoVE	AG-918-L21_00365	3
CACMHD010000004.1	14794	16089	-	AG-918-L21_00369	AG-918-L21	431	OG0000817	NA	NA	COG0771	MurD	UDP-N-acetylmuramoylalanine-D-glutamate ligase	AG-918-L21_00365	4
CACMHD010000004.1	16089	17174	-	AG-918-L21_00370	AG-918-L21	361	OG0000019	K01000	phospho-N-acetylmuramoyl-pentapeptide-transferase [EC:2.7.8.13]	COG0472	Rfe	UDP-N-acetylmuramyl pentapeptide phosphotransferase/UDP-N-acetylglucosamine-1-phosphate transferase/archaeal AglH	AG-918-L21_00365	5
CACMHW010000026.1	13	1326	+	AG-918-M15_01076	AG-918-M15	437	OG0000265	K01924	UDP-N-acetylmuramate--alanine ligase [EC:6.3.2.8]	COG0773	MurC	UDP-N-acetylmuramate-alanine ligase MurC and related ligases, MurC/Mpl family	AG-918-M15_01077	-1
CACMHW010000026.1	1296	2228	+	AG-918-M15_01077	AG-918-M15	310	OG0000330	K00075	UDP-N-acetylmuramate dehydrogenase [EC:1.3.1.98]	COG0812	MurB	UDP-N-acetylenolpyruvoylglucosamine reductase	AG-918-M15_01077	0
CACMJB010000004.1	38791	39618	-	AG-918-N23_00505	AG-918-N23	275	OG0000470	K05807	outer membrane protein assembly factor BamD	COG4105	BamD	Outer membrane protein assembly factor BamD, BamD/ComL family	AG-918-N23_00510	-5
CACMJB010000004.1	39668	40594	-	AG-918-N23_00506	AG-918-N23	308	OG0000300	K02535	UDP-3-O-[3-hydroxymyristoyl] N-acetylglucosamine deacetylase [EC:3.5.1.108]	COG0774	LpxC	UDP-3-O-acyl-N-acetylglucosamine deacetylase	AG-918-N23_00510	-4
CACMJB010000004.1	40660	41790	-	AG-918-N23_00507	AG-918-N23	376	OG0000537	NA	NA	COG0849	FtsA	Cell division ATPase FtsA	AG-918-N23_00510	-3
CACMJB010000004.1	41792	42448	-	AG-918-N23_00508	AG-918-N23	218	OG0000841	K03589	cell division protein FtsQ	COG1589	FtsQ	Cell division septal protein FtsQ	AG-918-N23_00510	-2
CACMJB010000004.1	42445	43380	-	AG-918-N23_00509	AG-918-N23	311	OG0000580	K01921	D-alanine-D-alanine ligase [EC:6.3.2.4]	COG1181	DdlA	D-alanine-D-alanine ligase or related ATP-grasp enzyme	AG-918-N23_00510	-1
CACMJB010000004.1	43373	44278	-	AG-918-N23_00510	AG-918-N23	301	OG0000330	K00075	UDP-N-acetylmuramate dehydrogenase [EC:1.3.1.98]	COG0812	MurB	UDP-N-acetylenolpyruvoylglucosamine reductase	AG-918-N23_00510	0
CACMJB010000004.1	44275	45672	-	AG-918-N23_00511	AG-918-N23	465	OG0000265	K01924	UDP-N-acetylmuramate--alanine ligase [EC:6.3.2.8]	COG0773	MurC	UDP-N-acetylmuramate-alanine ligase MurC and related ligases, MurC/Mpl family	AG-918-N23_00510	1
CACMJB010000004.1	45659	46753	-	AG-918-N23_00512	AG-918-N23	364	OG0000489	K02563	UDP-N-acetylglucosamine--N-acetylmuramyl-(pentapeptide) pyrophosphoryl-undecaprenol N-acetylglucosamine transferase [EC:2.4.1.227]	COG0707	MurG	UDP-N-acetylglucosamine:LPS N-acetylglucosamine transferase	AG-918-N23_00510	2
CACMJB010000004.1	46746	47873	-	AG-918-N23_00513	AG-918-N23	375	OG0000615	NA	NA	COG0772	FtsW	Peptodoglycan polymerase FtsW/RodA/SpoVE	AG-918-N23_00510	3
CACMJB010000004.1	47854	49131	-	AG-918-N23_00514	AG-918-N23	425	OG0000817	NA	NA	COG0771	MurD	UDP-N-acetylmuramoylalanine-D-glutamate ligase	AG-918-N23_00510	4
CACMJB010000004.1	49133	50218	-	AG-918-N23_00515	AG-918-N23	361	OG0000019	K01000	phospho-N-acetylmuramoyl-pentapeptide-transferase [EC:2.7.8.13]	COG0472	Rfe	UDP-N-acetylmuramyl pentapeptide phosphotransferase/UDP-N-acetylglucosamine-1-phosphate transferase/archaeal AglH	AG-918-N23_00510	5
CACMLC010000004.1	70479	71564	+	AG-919-A21_00616	AG-919-A21	361	OG0000019	K01000	phospho-N-acetylmuramoyl-pentapeptide-transferase [EC:2.7.8.13]	COG0472	Rfe	UDP-N-acetylmuramyl pentapeptide phosphotransferase/UDP-N-acetylglucosamine-1-phosphate transferase/archaeal AglH	AG-919-A21_00621	-5
CACMLC010000004.1	71564	72874	+	AG-919-A21_00617	AG-919-A21	436	OG0000817	NA	NA	COG0771	MurD	UDP-N-acetylmuramoylalanine-D-glutamate ligase	AG-919-A21_00621	-4
CACMLC010000004.1	72855	73982	+	AG-919-A21_00618	AG-919-A21	375	OG0000615	NA	NA	COG0772	FtsW	Peptodoglycan polymerase FtsW/RodA/SpoVE	AG-919-A21_00621	-3
CACMLC010000004.1	73979	75043	+	AG-919-A21_00619	AG-919-A21	354	OG0000489	K02563	UDP-N-acetylglucosamine--N-acetylmuramyl-(pentapeptide) pyrophosphoryl-undecaprenol N-acetylglucosamine transferase [EC:2.4.1.227]	COG0707	MurG	UDP-N-acetylglucosamine:LPS N-acetylglucosamine transferase	AG-919-A21_00621	-2
CACMLC010000004.1	75033	76427	+	AG-919-A21_00620	AG-919-A21	464	OG0000265	K01924	UDP-N-acetylmuramate--alanine ligase [EC:6.3.2.8]	COG0773	MurC	UDP-N-acetylmuramate-alanine ligase MurC and related ligases, MurC/Mpl family	AG-919-A21_00621	-1
CACMLC010000004.1	76427	77335	+	AG-919-A21_00621	AG-919-A21	302	OG0000330	K00075	UDP-N-acetylmuramate dehydrogenase [EC:1.3.1.98]	COG0812	MurB	UDP-N-acetylenolpyruvoylglucosamine reductase	AG-919-A21_00621	0
CACMLC010000004.1	77337	78251	+	AG-919-A21_00622	AG-919-A21	304	OG0000580	K01921	D-alanine-D-alanine ligase [EC:6.3.2.4]	COG1181	DdlA	D-alanine-D-alanine ligase or related ATP-grasp enzyme	AG-919-A21_00621	1
CACMLC010000004.1	78232	78906	+	AG-919-A21_00623	AG-919-A21	224	OG0000841	K03589	cell division protein FtsQ	COG1589	FtsQ	Cell division septal protein FtsQ	AG-919-A21_00621	2
CACMLC010000004.1	78896	79597	+	AG-919-A21_00624	AG-919-A21	233	OG0000537	NA	NA	NA	NA	NA	AG-919-A21_00621	3
CACMLC010000004.1	79660	80580	+	AG-919-A21_00625	AG-919-A21	306	OG0000300	K02535	UDP-3-O-[3-hydroxymyristoyl] N-acetylglucosamine deacetylase [EC:3.5.1.108]	COG0774	LpxC	UDP-3-O-acyl-N-acetylglucosamine deacetylase	AG-919-A21_00621	4
CACMLC010000004.1	80630	81463	+	AG-919-A21_00626	AG-919-A21	277	OG0000470	K05807	outer membrane protein assembly factor BamD	COG4105	BamD	Outer membrane protein assembly factor BamD, BamD/ComL family	AG-919-A21_00621	5
CACMQA010000002.1	30779	31609	-	AG-919-F21_00362	AG-919-F21	276	OG0000470	K05807	outer membrane protein assembly factor BamD	COG4105	BamD	Outer membrane protein assembly factor BamD, BamD/ComL family	AG-919-F21_00367	-5
CACMQA010000002.1	31661	32650	-	AG-919-F21_00363	AG-919-F21	329	OG0000300	K02535	UDP-3-O-[3-hydroxymyristoyl] N-acetylglucosamine deacetylase [EC:3.5.1.108]	COG0774	LpxC	UDP-3-O-acyl-N-acetylglucosamine deacetylase	AG-919-F21_00367	-4
CACMQA010000002.1	32654	33850	-	AG-919-F21_00364	AG-919-F21	398	OG0000537	NA	NA	COG0849	FtsA	Cell division ATPase FtsA	AG-919-F21_00367	-3
CACMQA010000002.1	33854	34510	-	AG-919-F21_00365	AG-919-F21	218	OG0000841	K03589	cell division protein FtsQ	COG1589	FtsQ	Cell division septal protein FtsQ	AG-919-F21_00367	-2
CACMQA010000002.1	34507	35445	-	AG-919-F21_00366	AG-919-F21	312	OG0000580	K01921	D-alanine-D-alanine ligase [EC:6.3.2.4]	COG1181	DdlA	D-alanine-D-alanine ligase or related ATP-grasp enzyme	AG-919-F21_00367	-1
CACMQA010000002.1	35438	36370	-	AG-919-F21_00367	AG-919-F21	310	OG0000330	K00075	UDP-N-acetylmuramate dehydrogenase [EC:1.3.1.98]	COG0812	MurB	UDP-N-acetylenolpyruvoylglucosamine reductase	AG-919-F21_00367	0
CACMQA010000002.1	36340	37737	-	AG-919-F21_00368	AG-919-F21	465	OG0000265	K01924	UDP-N-acetylmuramate--alanine ligase [EC:6.3.2.8]	COG0773	MurC	UDP-N-acetylmuramate-alanine ligase MurC and related ligases, MurC/Mpl family	AG-919-F21_00367	1
CACMQA010000002.1	37724	38818	-	AG-919-F21_00369	AG-919-F21	364	OG0000489	K02563	UDP-N-acetylglucosamine--N-acetylmuramyl-(pentapeptide) pyrophosphoryl-undecaprenol N-acetylglucosamine transferase [EC:2.4.1.227]	COG0707	MurG	UDP-N-acetylglucosamine:LPS N-acetylglucosamine transferase	AG-919-F21_00367	2
CACMQA010000002.1	38811	39938	-	AG-919-F21_00370	AG-919-F21	375	OG0000615	NA	NA	COG0772	FtsW	Peptodoglycan polymerase FtsW/RodA/SpoVE	AG-919-F21_00367	3
CACMQA010000002.1	39919	41196	-	AG-919-F21_00371	AG-919-F21	425	OG0000817	NA	NA	COG0771	MurD	UDP-N-acetylmuramoylalanine-D-glutamate ligase	AG-919-F21_00367	4
CACMQA010000002.1	41200	42285	-	AG-919-F21_00372	AG-919-F21	361	OG0000019	K01000	phospho-N-acetylmuramoyl-pentapeptide-transferase [EC:2.7.8.13]	COG0472	Rfe	UDP-N-acetylmuramyl pentapeptide phosphotransferase/UDP-N-acetylglucosamine-1-phosphate transferase/archaeal AglH	AG-919-F21_00367	5
CACMRM010000001.1	11931	12752	-	AG-919-I13_00010	AG-919-I13	273	OG0000470	K05807	outer membrane protein assembly factor BamD	COG4105	BamD	Outer membrane protein assembly factor BamD, BamD/ComL family	AG-919-I13_00015	-5
CACMRM010000001.1	12800	13720	-	AG-919-I13_00011	AG-919-I13	306	OG0000300	K02535	UDP-3-O-[3-hydroxymyristoyl] N-acetylglucosamine deacetylase [EC:3.5.1.108]	COG0774	LpxC	UDP-3-O-acyl-N-acetylglucosamine deacetylase	AG-919-I13_00015	-4
CACMRM010000001.1	13784	14983	-	AG-919-I13_00012	AG-919-I13	399	OG0000537	NA	NA	COG0849	FtsA	Cell division ATPase FtsA	AG-919-I13_00015	-3
CACMRM010000001.1	14987	15646	-	AG-919-I13_00013	AG-919-I13	219	OG0000841	K03589	cell division protein FtsQ	COG1589	FtsQ	Cell division septal protein FtsQ	AG-919-I13_00015	-2
CACMRM010000001.1	15643	16581	-	AG-919-I13_00014	AG-919-I13	312	OG0000580	K01921	D-alanine-D-alanine ligase [EC:6.3.2.4]	COG1181	DdlA	D-alanine-D-alanine ligase or related ATP-grasp enzyme	AG-919-I13_00015	-1
CACMRM010000001.1	16574	17479	-	AG-919-I13_00015	AG-919-I13	301	OG0000330	K00075	UDP-N-acetylmuramate dehydrogenase [EC:1.3.1.98]	COG0812	MurB	UDP-N-acetylenolpyruvoylglucosamine reductase	AG-919-I13_00015	0
CACMRM010000001.1	17476	18873	-	AG-919-I13_00016	AG-919-I13	465	OG0000265	K01924	UDP-N-acetylmuramate--alanine ligase [EC:6.3.2.8]	COG0773	MurC	UDP-N-acetylmuramate-alanine ligase MurC and related ligases, MurC/Mpl family	AG-919-I13_00015	1
CACMRM010000001.1	18866	19957	-	AG-919-I13_00017	AG-919-I13	363	OG0000489	K02563	UDP-N-acetylglucosamine--N-acetylmuramyl-(pentapeptide) pyrophosphoryl-undecaprenol N-acetylglucosamine transferase [EC:2.4.1.227]	COG0707	MurG	UDP-N-acetylglucosamine:LPS N-acetylglucosamine transferase	AG-919-I13_00015	2
CACMRM010000001.1	19950	21077	-	AG-919-I13_00018	AG-919-I13	375	OG0000615	NA	NA	COG0772	FtsW	Peptodoglycan polymerase FtsW/RodA/SpoVE	AG-919-I13_00015	3
CACMRM010000001.1	21058	22344	-	AG-919-I13_00019	AG-919-I13	428	OG0000817	NA	NA	COG0771	MurD	UDP-N-acetylmuramoylalanine-D-glutamate ligase	AG-919-I13_00015	4
CACMRM010000001.1	22348	23433	-	AG-919-I13_00020	AG-919-I13	361	OG0000019	K01000	phospho-N-acetylmuramoyl-pentapeptide-transferase [EC:2.7.8.13]	COG0472	Rfe	UDP-N-acetylmuramyl pentapeptide phosphotransferase/UDP-N-acetylglucosamine-1-phosphate transferase/archaeal AglH	AG-919-I13_00015	5
CACMVB010000002.1	651	1310	-	AG-919-M05_00314	AG-919-M05	219	OG0000841	K03589	cell division protein FtsQ	COG1589	FtsQ	Cell division septal protein FtsQ	AG-919-M05_00316	-2
CACMVB010000002.1	1307	2245	-	AG-919-M05_00315	AG-919-M05	312	OG0000580	K01921	D-alanine-D-alanine ligase [EC:6.3.2.4]	COG1181	DdlA	D-alanine-D-alanine ligase or related ATP-grasp enzyme	AG-919-M05_00316	-1
CACMVB010000002.1	2238	3143	-	AG-919-M05_00316	AG-919-M05	301	OG0000330	K00075	UDP-N-acetylmuramate dehydrogenase [EC:1.3.1.98]	COG0812	MurB	UDP-N-acetylenolpyruvoylglucosamine reductase	AG-919-M05_00316	0
CACMVB010000002.1	3140	4537	-	AG-919-M05_00317	AG-919-M05	465	OG0000265	K01924	UDP-N-acetylmuramate--alanine ligase [EC:6.3.2.8]	COG0773	MurC	UDP-N-acetylmuramate-alanine ligase MurC and related ligases, MurC/Mpl family	AG-919-M05_00316	1
CACMVB010000002.1	4524	5621	-	AG-919-M05_00318	AG-919-M05	365	OG0000489	K02563	UDP-N-acetylglucosamine--N-acetylmuramyl-(pentapeptide) pyrophosphoryl-undecaprenol N-acetylglucosamine transferase [EC:2.4.1.227]	COG0707	MurG	UDP-N-acetylglucosamine:LPS N-acetylglucosamine transferase	AG-919-M05_00316	2
CACMVB010000002.1	5614	6741	-	AG-919-M05_00319	AG-919-M05	375	OG0000615	NA	NA	COG0772	FtsW	Peptodoglycan polymerase FtsW/RodA/SpoVE	AG-919-M05_00316	3
CACMVB010000002.1	6722	8008	-	AG-919-M05_00320	AG-919-M05	428	OG0000817	NA	NA	COG0771	MurD	UDP-N-acetylmuramoylalanine-D-glutamate ligase	AG-919-M05_00316	4
CACMVB010000002.1	8011	9096	-	AG-919-M05_00321	AG-919-M05	361	OG0000019	K01000	phospho-N-acetylmuramoyl-pentapeptide-transferase [EC:2.7.8.13]	COG0472	Rfe	UDP-N-acetylmuramyl pentapeptide phosphotransferase/UDP-N-acetylglucosamine-1-phosphate transferase/archaeal AglH	AG-919-M05_00316	5
CACMWW010000002.1	34601	35365	-	AG-919-N17_00176	AG-919-N17	254	OG0000470	K05807	outer membrane protein assembly factor BamD	COG4105	BamD	Outer membrane protein assembly factor BamD, BamD/ComL family	AG-919-N17_00181	-5
CACMWW010000002.1	35409	36335	-	AG-919-N17_00177	AG-919-N17	308	OG0000300	K02535	UDP-3-O-[3-hydroxymyristoyl] N-acetylglucosamine deacetylase [EC:3.5.1.108]	COG0774	LpxC	UDP-3-O-acyl-N-acetylglucosamine deacetylase	AG-919-N17_00181	-4
CACMWW010000002.1	36400	37587	-	AG-919-N17_00178	AG-919-N17	395	OG0000537	K03590	cell division protein FtsA	COG0849	FtsA	Cell division ATPase FtsA	AG-919-N17_00181	-3
CACMWW010000002.1	37587	38321	-	AG-919-N17_00179	AG-919-N17	244	OG0000841	K03589	cell division protein FtsQ	COG1589	FtsQ	Cell division septal protein FtsQ	AG-919-N17_00181	-2
CACMWW010000002.1	38305	39213	-	AG-919-N17_00180	AG-919-N17	302	OG0000580	K01921	D-alanine-D-alanine ligase [EC:6.3.2.4]	COG1181	DdlA	D-alanine-D-alanine ligase or related ATP-grasp enzyme	AG-919-N17_00181	-1
CACMWW010000002.1	39210	40133	-	AG-919-N17_00181	AG-919-N17	307	OG0000330	K00075	UDP-N-acetylmuramate dehydrogenase [EC:1.3.1.98]	COG0812	MurB	UDP-N-acetylenolpyruvoylglucosamine reductase	AG-919-N17_00181	0
CACMWW010000002.1	40126	41517	-	AG-919-N17_00182	AG-919-N17	463	OG0000265	K01924	UDP-N-acetylmuramate--alanine ligase [EC:6.3.2.8]	COG0773	MurC	UDP-N-acetylmuramate-alanine ligase MurC and related ligases, MurC/Mpl family	AG-919-N17_00181	1
CACMWW010000002.1	41514	42572	-	AG-919-N17_00183	AG-919-N17	352	OG0000489	K02563	UDP-N-acetylglucosamine--N-acetylmuramyl-(pentapeptide) pyrophosphoryl-undecaprenol N-acetylglucosamine transferase [EC:2.4.1.227]	COG0707	MurG	UDP-N-acetylglucosamine:LPS N-acetylglucosamine transferase	AG-919-N17_00181	2
CACMWW010000002.1	42582	43694	-	AG-919-N17_00184	AG-919-N17	370	OG0000615	NA	NA	COG0772	FtsW	Peptodoglycan polymerase FtsW/RodA/SpoVE	AG-919-N17_00181	3
CACMWW010000002.1	43694	45010	-	AG-919-N17_00185	AG-919-N17	438	OG0000817	NA	NA	COG0771	MurD	UDP-N-acetylmuramoylalanine-D-glutamate ligase	AG-919-N17_00181	4
CACMWW010000002.1	45015	46097	-	AG-919-N17_00186	AG-919-N17	360	OG0000019	K01000	phospho-N-acetylmuramoyl-pentapeptide-transferase [EC:2.7.8.13]	COG0472	Rfe	UDP-N-acetylmuramyl pentapeptide phosphotransferase/UDP-N-acetylglucosamine-1-phosphate transferase/archaeal AglH	AG-919-N17_00181	5
CACMXJ010000006.1	20959	22044	+	AG-919-O02_00690	AG-919-O02	361	OG0000019	K01000	phospho-N-acetylmuramoyl-pentapeptide-transferase [EC:2.7.8.13]	COG0472	Rfe	UDP-N-acetylmuramyl pentapeptide phosphotransferase/UDP-N-acetylglucosamine-1-phosphate transferase/archaeal AglH	AG-919-O02_00695	-5
CACMXJ010000006.1	22044	23354	+	AG-919-O02_00691	AG-919-O02	436	OG0000817	NA	NA	COG0771	MurD	UDP-N-acetylmuramoylalanine-D-glutamate ligase	AG-919-O02_00695	-4
CACMXJ010000006.1	23335	24462	+	AG-919-O02_00692	AG-919-O02	375	OG0000615	NA	NA	COG0772	FtsW	Peptodoglycan polymerase FtsW/RodA/SpoVE	AG-919-O02_00695	-3
CACMXJ010000006.1	24459	25520	+	AG-919-O02_00693	AG-919-O02	353	OG0000489	K02563	UDP-N-acetylglucosamine--N-acetylmuramyl-(pentapeptide) pyrophosphoryl-undecaprenol N-acetylglucosamine transferase [EC:2.4.1.227]	COG0707	MurG	UDP-N-acetylglucosamine:LPS N-acetylglucosamine transferase	AG-919-O02_00695	-2
CACMXJ010000006.1	25510	26904	+	AG-919-O02_00694	AG-919-O02	464	OG0000265	K01924	UDP-N-acetylmuramate--alanine ligase [EC:6.3.2.8]	COG0773	MurC	UDP-N-acetylmuramate-alanine ligase MurC and related ligases, MurC/Mpl family	AG-919-O02_00695	-1
CACMXJ010000006.1	26904	27812	+	AG-919-O02_00695	AG-919-O02	302	OG0000330	K00075	UDP-N-acetylmuramate dehydrogenase [EC:1.3.1.98]	COG0812	MurB	UDP-N-acetylenolpyruvoylglucosamine reductase	AG-919-O02_00695	0
CACMXJ010000006.1	27814	28728	+	AG-919-O02_00696	AG-919-O02	304	OG0000580	K01921	D-alanine-D-alanine ligase [EC:6.3.2.4]	COG1181	DdlA	D-alanine-D-alanine ligase or related ATP-grasp enzyme	AG-919-O02_00695	1
CACMXJ010000006.1	28709	29383	+	AG-919-O02_00697	AG-919-O02	224	OG0000841	K03589	cell division protein FtsQ	COG1589	FtsQ	Cell division septal protein FtsQ	AG-919-O02_00695	2
CACMXJ010000006.1	29373	30074	+	AG-919-O02_00698	AG-919-O02	233	OG0000537	NA	NA	NA	NA	NA	AG-919-O02_00695	3
CACMXJ010000006.1	30138	31058	+	AG-919-O02_00699	AG-919-O02	306	OG0000300	K02535	UDP-3-O-[3-hydroxymyristoyl] N-acetylglucosamine deacetylase [EC:3.5.1.108]	COG0774	LpxC	UDP-3-O-acyl-N-acetylglucosamine deacetylase	AG-919-O02_00695	4
CACMXJ010000006.1	31104	31937	+	AG-919-O02_00700	AG-919-O02	277	OG0000470	K05807	outer membrane protein assembly factor BamD	COG4105	BamD	Outer membrane protein assembly factor BamD, BamD/ComL family	AG-919-O02_00695	5
CACMYK010000011.1	184	1179	+	AG-919-P09_01069	AG-919-P09	331	OG0000265	NA	NA	COG0773	MurC	UDP-N-acetylmuramate-alanine ligase MurC and related ligases, MurC/Mpl family	AG-919-P09_01070	-1
CACMYK010000011.1	1172	2095	+	AG-919-P09_01070	AG-919-P09	307	OG0000330	K00075	UDP-N-acetylmuramate dehydrogenase [EC:1.3.1.98]	COG0812	MurB	UDP-N-acetylenolpyruvoylglucosamine reductase	AG-919-P09_01070	0
CACMYK010000011.1	2092	3000	+	AG-919-P09_01071	AG-919-P09	302	OG0000580	K01921	D-alanine-D-alanine ligase [EC:6.3.2.4]	COG1181	DdlA	D-alanine-D-alanine ligase or related ATP-grasp enzyme	AG-919-P09_01070	1
CACMYK010000011.1	2984	3721	+	AG-919-P09_01072	AG-919-P09	245	OG0000841	K03589	cell division protein FtsQ	COG1589	FtsQ	Cell division septal protein FtsQ	AG-919-P09_01070	2
CACMYK010000011.1	3721	4908	+	AG-919-P09_01073	AG-919-P09	395	OG0000537	K03590	cell division protein FtsA	COG0849	FtsA	Cell division ATPase FtsA	AG-919-P09_01070	3
CACMYK010000011.1	4973	5899	+	AG-919-P09_01074	AG-919-P09	308	OG0000300	K02535	UDP-3-O-[3-hydroxymyristoyl] N-acetylglucosamine deacetylase [EC:3.5.1.108]	COG0774	LpxC	UDP-3-O-acyl-N-acetylglucosamine deacetylase	AG-919-P09_01070	4
CACMYK010000011.1	5950	6714	+	AG-919-P09_01075	AG-919-P09	254	OG0000470	K05807	outer membrane protein assembly factor BamD	COG4105	BamD	Outer membrane protein assembly factor BamD, BamD/ComL family	AG-919-P09_01070	5
CACNCB010000003.1	57286	58371	+	AG-920-D05_00587	AG-920-D05	361	OG0000019	K01000	phospho-N-acetylmuramoyl-pentapeptide-transferase [EC:2.7.8.13]	COG0472	Rfe	UDP-N-acetylmuramyl pentapeptide phosphotransferase/UDP-N-acetylglucosamine-1-phosphate transferase/archaeal AglH	AG-920-D05_00592	-5
CACNCB010000003.1	58371	59669	+	AG-920-D05_00588	AG-920-D05	432	OG0000817	NA	NA	COG0771	MurD	UDP-N-acetylmuramoylalanine-D-glutamate ligase	AG-920-D05_00592	-4
CACNCB010000003.1	59656	60777	+	AG-920-D05_00589	AG-920-D05	373	OG0000615	NA	NA	COG0772	FtsW	Peptodoglycan polymerase FtsW/RodA/SpoVE	AG-920-D05_00592	-3
CACNCB010000003.1	60781	61845	+	AG-920-D05_00590	AG-920-D05	354	OG0000489	K02563	UDP-N-acetylglucosamine--N-acetylmuramyl-(pentapeptide) pyrophosphoryl-undecaprenol N-acetylglucosamine transferase [EC:2.4.1.227]	COG0707	MurG	UDP-N-acetylglucosamine:LPS N-acetylglucosamine transferase	AG-920-D05_00592	-2
CACNCB010000003.1	61835	63232	+	AG-920-D05_00591	AG-920-D05	465	OG0000265	K01924	UDP-N-acetylmuramate--alanine ligase [EC:6.3.2.8]	COG0773	MurC	UDP-N-acetylmuramate-alanine ligase MurC and related ligases, MurC/Mpl family	AG-920-D05_00592	-1
CACNCB010000003.1	63229	64134	+	AG-920-D05_00592	AG-920-D05	301	OG0000330	K00075	UDP-N-acetylmuramate dehydrogenase [EC:1.3.1.98]	COG0812	MurB	UDP-N-acetylenolpyruvoylglucosamine reductase	AG-920-D05_00592	0
CACNCB010000003.1	64136	65047	+	AG-920-D05_00593	AG-920-D05	303	OG0000580	K01921	D-alanine-D-alanine ligase [EC:6.3.2.4]	COG1181	DdlA	D-alanine-D-alanine ligase or related ATP-grasp enzyme	AG-920-D05_00592	1
CACNCB010000003.1	65028	65699	+	AG-920-D05_00594	AG-920-D05	223	OG0000841	K03589	cell division protein FtsQ	COG1589	FtsQ	Cell division septal protein FtsQ	AG-920-D05_00592	2
CACNCB010000003.1	65692	66393	+	AG-920-D05_00595	AG-920-D05	233	OG0000537	NA	NA	NA	NA	NA	AG-920-D05_00592	3
CACNCB010000003.1	66460	67374	+	AG-920-D05_00596	AG-920-D05	304	OG0000300	K02535	UDP-3-O-[3-hydroxymyristoyl] N-acetylglucosamine deacetylase [EC:3.5.1.108]	COG0774	LpxC	UDP-3-O-acyl-N-acetylglucosamine deacetylase	AG-920-D05_00592	4
CACNCB010000003.1	67414	68253	+	AG-920-D05_00597	AG-920-D05	279	OG0000470	K05807	outer membrane protein assembly factor BamD	COG4105	BamD	Outer membrane protein assembly factor BamD, BamD/ComL family	AG-920-D05_00592	5
CACNFB010000004.1	20466	21551	+	AG-920-I06_00521	AG-920-I06	361	OG0000019	K01000	phospho-N-acetylmuramoyl-pentapeptide-transferase [EC:2.7.8.13]	COG0472	Rfe	UDP-N-acetylmuramyl pentapeptide phosphotransferase/UDP-N-acetylglucosamine-1-phosphate transferase/archaeal AglH	AG-920-I06_00526	-5
CACNFB010000004.1	21551	22846	+	AG-920-I06_00522	AG-920-I06	431	OG0000817	NA	NA	COG0771	MurD	UDP-N-acetylmuramoylalanine-D-glutamate ligase	AG-920-I06_00526	-4
CACNFB010000004.1	22836	23954	+	AG-920-I06_00523	AG-920-I06	372	OG0000615	NA	NA	COG0772	FtsW	Peptodoglycan polymerase FtsW/RodA/SpoVE	AG-920-I06_00526	-3
CACNFB010000004.1	23959	25026	+	AG-920-I06_00524	AG-920-I06	355	OG0000489	K02563	UDP-N-acetylglucosamine--N-acetylmuramyl-(pentapeptide) pyrophosphoryl-undecaprenol N-acetylglucosamine transferase [EC:2.4.1.227]	COG0707	MurG	UDP-N-acetylglucosamine:LPS N-acetylglucosamine transferase	AG-920-I06_00526	-2
CACNFB010000004.1	25023	26423	+	AG-920-I06_00525	AG-920-I06	466	OG0000265	K01924	UDP-N-acetylmuramate--alanine ligase [EC:6.3.2.8]	COG0773	MurC	UDP-N-acetylmuramate-alanine ligase MurC and related ligases, MurC/Mpl family	AG-920-I06_00526	-1
CACNFB010000004.1	26423	27331	+	AG-920-I06_00526	AG-920-I06	302	OG0000330	K00075	UDP-N-acetylmuramate dehydrogenase [EC:1.3.1.98]	COG0812	MurB	UDP-N-acetylenolpyruvoylglucosamine reductase	AG-920-I06_00526	0
CACNFB010000004.1	27332	28243	+	AG-920-I06_00527	AG-920-I06	303	OG0000580	K01921	D-alanine-D-alanine ligase [EC:6.3.2.4]	COG1181	DdlA	D-alanine-D-alanine ligase or related ATP-grasp enzyme	AG-920-I06_00526	1
CACNFB010000004.1	28224	28898	+	AG-920-I06_00528	AG-920-I06	224	OG0000841	K03589	cell division protein FtsQ	COG1589	FtsQ	Cell division septal protein FtsQ	AG-920-I06_00526	2
CACNFB010000004.1	28891	29601	+	AG-920-I06_00529	AG-920-I06	236	OG0000537	NA	NA	NA	NA	NA	AG-920-I06_00526	3
CACNFB010000004.1	29669	30589	+	AG-920-I06_00530	AG-920-I06	306	OG0000300	K02535	UDP-3-O-[3-hydroxymyristoyl] N-acetylglucosamine deacetylase [EC:3.5.1.108]	COG0774	LpxC	UDP-3-O-acyl-N-acetylglucosamine deacetylase	AG-920-I06_00526	4
CACNFB010000004.1	30626	31459	+	AG-920-I06_00531	AG-920-I06	277	OG0000470	K05807	outer membrane protein assembly factor BamD	COG4105	BamD	Outer membrane protein assembly factor BamD, BamD/ComL family	AG-920-I06_00526	5
CACNFY010000003.1	5912	6748	-	AG-920-I23_00425	AG-920-I23	278	OG0000470	K05807	outer membrane protein assembly factor BamD	COG4105	BamD	Outer membrane protein assembly factor BamD, BamD/ComL family	AG-920-I23_00430	-5
CACNFY010000003.1	6787	7707	-	AG-920-I23_00426	AG-920-I23	306	OG0000300	K02535	UDP-3-O-[3-hydroxymyristoyl] N-acetylglucosamine deacetylase [EC:3.5.1.108]	COG0774	LpxC	UDP-3-O-acyl-N-acetylglucosamine deacetylase	AG-920-I23_00430	-4
CACNFY010000003.1	7770	8903	-	AG-920-I23_00427	AG-920-I23	377	OG0000537	NA	NA	COG0849	FtsA	Cell division ATPase FtsA	AG-920-I23_00430	-3
CACNFY010000003.1	8893	9582	-	AG-920-I23_00428	AG-920-I23	229	OG0000841	K03589	cell division protein FtsQ	COG1589	FtsQ	Cell division septal protein FtsQ	AG-920-I23_00430	-2
CACNFY010000003.1	9563	10477	-	AG-920-I23_00429	AG-920-I23	304	OG0000580	K01921	D-alanine-D-alanine ligase [EC:6.3.2.4]	COG1181	DdlA	D-alanine-D-alanine ligase or related ATP-grasp enzyme	AG-920-I23_00430	-1
CACNFY010000003.1	10478	11386	-	AG-920-I23_00430	AG-920-I23	302	OG0000330	K00075	UDP-N-acetylmuramate dehydrogenase [EC:1.3.1.98]	COG0812	MurB	UDP-N-acetylenolpyruvoylglucosamine reductase	AG-920-I23_00430	0
CACNFY010000003.1	11373	12779	-	AG-920-I23_00431	AG-920-I23	468	OG0000265	K01924	UDP-N-acetylmuramate--alanine ligase [EC:6.3.2.8]	COG0773	MurC	UDP-N-acetylmuramate-alanine ligase MurC and related ligases, MurC/Mpl family	AG-920-I23_00430	1
CACNFY010000003.1	12769	13845	-	AG-920-I23_00432	AG-920-I23	358	OG0000489	K02563	UDP-N-acetylglucosamine--N-acetylmuramyl-(pentapeptide) pyrophosphoryl-undecaprenol N-acetylglucosamine transferase [EC:2.4.1.227]	COG0707	MurG	UDP-N-acetylglucosamine:LPS N-acetylglucosamine transferase	AG-920-I23_00430	2
CACNFY010000003.1	13848	14960	-	AG-920-I23_00433	AG-920-I23	370	OG0000615	NA	NA	COG0772	FtsW	Peptodoglycan polymerase FtsW/RodA/SpoVE	AG-920-I23_00430	3
CACNFY010000003.1	14950	16245	-	AG-920-I23_00434	AG-920-I23	431	OG0000817	NA	NA	COG0771	MurD	UDP-N-acetylmuramoylalanine-D-glutamate ligase	AG-920-I23_00430	4
CACNFY010000003.1	16245	17330	-	AG-920-I23_00435	AG-920-I23	361	OG0000019	K01000	phospho-N-acetylmuramoyl-pentapeptide-transferase [EC:2.7.8.13]	COG0472	Rfe	UDP-N-acetylmuramyl pentapeptide phosphotransferase/UDP-N-acetylglucosamine-1-phosphate transferase/archaeal AglH	AG-920-I23_00430	5
CACNGH010000002.1	6062	6904	-	AG-920-J04_00279	AG-920-J04	280	OG0000470	K05807	outer membrane protein assembly factor BamD	COG4105	BamD	Outer membrane protein assembly factor BamD, BamD/ComL family	AG-920-J04_00284	-5
CACNGH010000002.1	6953	7873	-	AG-920-J04_00280	AG-920-J04	306	OG0000300	K02535	UDP-3-O-[3-hydroxymyristoyl] N-acetylglucosamine deacetylase [EC:3.5.1.108]	COG0774	LpxC	UDP-3-O-acyl-N-acetylglucosamine deacetylase	AG-920-J04_00284	-4
CACNGH010000002.1	7938	8642	-	AG-920-J04_00281	AG-920-J04	234	OG0000537	NA	NA	NA	NA	NA	AG-920-J04_00284	-3
CACNGH010000002.1	8635	9306	-	AG-920-J04_00282	AG-920-J04	223	OG0000841	K03589	cell division protein FtsQ	COG1589	FtsQ	Cell division septal protein FtsQ	AG-920-J04_00284	-2
CACNGH010000002.1	9287	10201	-	AG-920-J04_00283	AG-920-J04	304	OG0000580	K01921	D-alanine-D-alanine ligase [EC:6.3.2.4]	COG1181	DdlA	D-alanine-D-alanine ligase or related ATP-grasp enzyme	AG-920-J04_00284	-1
CACNGH010000002.1	10203	11108	-	AG-920-J04_00284	AG-920-J04	301	OG0000330	K00075	UDP-N-acetylmuramate dehydrogenase [EC:1.3.1.98]	COG0812	MurB	UDP-N-acetylenolpyruvoylglucosamine reductase	AG-920-J04_00284	0
CACNGH010000002.1	11108	12502	-	AG-920-J04_00285	AG-920-J04	464	OG0000265	K01924	UDP-N-acetylmuramate--alanine ligase [EC:6.3.2.8]	COG0773	MurC	UDP-N-acetylmuramate-alanine ligase MurC and related ligases, MurC/Mpl family	AG-920-J04_00284	1
CACNGH010000002.1	12492	13559	-	AG-920-J04_00286	AG-920-J04	355	OG0000489	K02563	UDP-N-acetylglucosamine--N-acetylmuramyl-(pentapeptide) pyrophosphoryl-undecaprenol N-acetylglucosamine transferase [EC:2.4.1.227]	COG0707	MurG	UDP-N-acetylglucosamine:LPS N-acetylglucosamine transferase	AG-920-J04_00284	2
CACNGH010000002.1	13563	14684	-	AG-920-J04_00287	AG-920-J04	373	OG0000615	NA	NA	COG0772	FtsW	Peptodoglycan polymerase FtsW/RodA/SpoVE	AG-920-J04_00284	3
CACNGH010000002.1	14671	15969	-	AG-920-J04_00288	AG-920-J04	432	OG0000817	NA	NA	COG0771	MurD	UDP-N-acetylmuramoylalanine-D-glutamate ligase	AG-920-J04_00284	4
CACNGH010000002.1	15969	17054	-	AG-920-J04_00289	AG-920-J04	361	OG0000019	K01000	phospho-N-acetylmuramoyl-pentapeptide-transferase [EC:2.7.8.13]	COG0472	Rfe	UDP-N-acetylmuramyl pentapeptide phosphotransferase/UDP-N-acetylglucosamine-1-phosphate transferase/archaeal AglH	AG-920-J04_00284	5
CACNIK010000002.1	143360	144445	+	AG-920-L07_00474	AG-920-L07	361	OG0000019	K01000	phospho-N-acetylmuramoyl-pentapeptide-transferase [EC:2.7.8.13]	COG0472	Rfe	UDP-N-acetylmuramyl pentapeptide phosphotransferase/UDP-N-acetylglucosamine-1-phosphate transferase/archaeal AglH	AG-920-L07_00479	-5
CACNIK010000002.1	144445	145719	+	AG-920-L07_00475	AG-920-L07	424	OG0000817	NA	NA	COG0771	MurD	UDP-N-acetylmuramoylalanine-D-glutamate ligase	AG-920-L07_00479	-4
CACNIK010000002.1	145700	146827	+	AG-920-L07_00476	AG-920-L07	375	OG0000615	NA	NA	COG0772	FtsW	Peptodoglycan polymerase FtsW/RodA/SpoVE	AG-920-L07_00479	-3
CACNIK010000002.1	146820	147905	+	AG-920-L07_00477	AG-920-L07	361	OG0000489	K02563	UDP-N-acetylglucosamine--N-acetylmuramyl-(pentapeptide) pyrophosphoryl-undecaprenol N-acetylglucosamine transferase [EC:2.4.1.227]	COG0707	MurG	UDP-N-acetylglucosamine:LPS N-acetylglucosamine transferase	AG-920-L07_00479	-2
CACNIK010000002.1	147895	149289	+	AG-920-L07_00478	AG-920-L07	464	OG0000265	K01924	UDP-N-acetylmuramate--alanine ligase [EC:6.3.2.8]	COG0773	MurC	UDP-N-acetylmuramate-alanine ligase MurC and related ligases, MurC/Mpl family	AG-920-L07_00479	-1
CACNIK010000002.1	149286	150200	+	AG-920-L07_00479	AG-920-L07	304	OG0000330	K00075	UDP-N-acetylmuramate dehydrogenase [EC:1.3.1.98]	COG0812	MurB	UDP-N-acetylenolpyruvoylglucosamine reductase	AG-920-L07_00479	0
CACNIK010000002.1	150193	151122	+	AG-920-L07_00480	AG-920-L07	309	OG0000580	K01921	D-alanine-D-alanine ligase [EC:6.3.2.4]	COG1181	DdlA	D-alanine-D-alanine ligase or related ATP-grasp enzyme	AG-920-L07_00479	1
CACNIK010000002.1	151119	151787	+	AG-920-L07_00481	AG-920-L07	222	OG0000841	K03589	cell division protein FtsQ	COG1589	FtsQ	Cell division septal protein FtsQ	AG-920-L07_00479	2
CACNIK010000002.1	151789	152979	+	AG-920-L07_00482	AG-920-L07	396	OG0000537	K03590	cell division protein FtsA	COG0849	FtsA	Cell division ATPase FtsA	AG-920-L07_00479	3
CACNIK010000002.1	153045	153971	+	AG-920-L07_00483	AG-920-L07	308	OG0000300	K02535	UDP-3-O-[3-hydroxymyristoyl] N-acetylglucosamine deacetylase [EC:3.5.1.108]	COG0774	LpxC	UDP-3-O-acyl-N-acetylglucosamine deacetylase	AG-920-L07_00479	4
CACNIK010000002.1	154017	154859	+	AG-920-L07_00484	AG-920-L07	280	OG0000470	K05807	outer membrane protein assembly factor BamD	COG4105	BamD	Outer membrane protein assembly factor BamD, BamD/ComL family	AG-920-L07_00479	5
CACNJA010000001.1	6012	7094	+	AG-920-L11_00006	AG-920-L11	360	OG0000019	K01000	phospho-N-acetylmuramoyl-pentapeptide-transferase [EC:2.7.8.13]	COG0472	Rfe	UDP-N-acetylmuramyl pentapeptide phosphotransferase/UDP-N-acetylglucosamine-1-phosphate transferase/archaeal AglH	AG-920-L11_00011	-5
CACNJA010000001.1	7099	8415	+	AG-920-L11_00007	AG-920-L11	438	OG0000817	NA	NA	COG0771	MurD	UDP-N-acetylmuramoylalanine-D-glutamate ligase	AG-920-L11_00011	-4
CACNJA010000001.1	8415	9527	+	AG-920-L11_00008	AG-920-L11	370	OG0000615	NA	NA	COG0772	FtsW	Peptodoglycan polymerase FtsW/RodA/SpoVE	AG-920-L11_00011	-3
CACNJA010000001.1	9537	10595	+	AG-920-L11_00009	AG-920-L11	352	OG0000489	K02563	UDP-N-acetylglucosamine--N-acetylmuramyl-(pentapeptide) pyrophosphoryl-undecaprenol N-acetylglucosamine transferase [EC:2.4.1.227]	COG0707	MurG	UDP-N-acetylglucosamine:LPS N-acetylglucosamine transferase	AG-920-L11_00011	-2
CACNJA010000001.1	10592	11983	+	AG-920-L11_00010	AG-920-L11	463	OG0000265	K01924	UDP-N-acetylmuramate--alanine ligase [EC:6.3.2.8]	COG0773	MurC	UDP-N-acetylmuramate-alanine ligase MurC and related ligases, MurC/Mpl family	AG-920-L11_00011	-1
CACNJA010000001.1	11976	12899	+	AG-920-L11_00011	AG-920-L11	307	OG0000330	K00075	UDP-N-acetylmuramate dehydrogenase [EC:1.3.1.98]	COG0812	MurB	UDP-N-acetylenolpyruvoylglucosamine reductase	AG-920-L11_00011	0
CACNJA010000001.1	12896	13804	+	AG-920-L11_00012	AG-920-L11	302	OG0000580	K01921	D-alanine-D-alanine ligase [EC:6.3.2.4]	COG1181	DdlA	D-alanine-D-alanine ligase or related ATP-grasp enzyme	AG-920-L11_00011	1
CACNJA010000001.1	13788	14522	+	AG-920-L11_00013	AG-920-L11	244	OG0000841	K03589	cell division protein FtsQ	COG1589	FtsQ	Cell division septal protein FtsQ	AG-920-L11_00011	2
CACNJA010000001.1	14522	15709	+	AG-920-L11_00014	AG-920-L11	395	OG0000537	K03590	cell division protein FtsA	COG0849	FtsA	Cell division ATPase FtsA	AG-920-L11_00011	3
CACNJA010000001.1	15774	16700	+	AG-920-L11_00015	AG-920-L11	308	OG0000300	K02535	UDP-3-O-[3-hydroxymyristoyl] N-acetylglucosamine deacetylase [EC:3.5.1.108]	COG0774	LpxC	UDP-3-O-acyl-N-acetylglucosamine deacetylase	AG-920-L11_00011	4
CACNJA010000001.1	16744	17508	+	AG-920-L11_00016	AG-920-L11	254	OG0000470	K05807	outer membrane protein assembly factor BamD	COG4105	BamD	Outer membrane protein assembly factor BamD, BamD/ComL family	AG-920-L11_00011	5
CACNIT010000001.1	129865	130695	-	AG-920-L19_00138	AG-920-L19	276	OG0000470	K05807	outer membrane protein assembly factor BamD	COG4105	BamD	Outer membrane protein assembly factor BamD, BamD/ComL family	AG-920-L19_00143	-5
CACNIT010000001.1	130735	131655	-	AG-920-L19_00139	AG-920-L19	306	OG0000300	K02535	UDP-3-O-[3-hydroxymyristoyl] N-acetylglucosamine deacetylase [EC:3.5.1.108]	COG0774	LpxC	UDP-3-O-acyl-N-acetylglucosamine deacetylase	AG-920-L19_00143	-4
CACNIT010000001.1	131722	132432	-	AG-920-L19_00140	AG-920-L19	236	OG0000537	NA	NA	NA	NA	NA	AG-920-L19_00143	-3
CACNIT010000001.1	132425	133099	-	AG-920-L19_00141	AG-920-L19	224	OG0000841	K03589	cell division protein FtsQ	COG1589	FtsQ	Cell division septal protein FtsQ	AG-920-L19_00143	-2
CACNIT010000001.1	133080	133988	-	AG-920-L19_00142	AG-920-L19	302	OG0000580	K01921	D-alanine-D-alanine ligase [EC:6.3.2.4]	COG1181	DdlA	D-alanine-D-alanine ligase or related ATP-grasp enzyme	AG-920-L19_00143	-1
CACNIT010000001.1	133989	134897	-	AG-920-L19_00143	AG-920-L19	302	OG0000330	K00075	UDP-N-acetylmuramate dehydrogenase [EC:1.3.1.98]	COG0812	MurB	UDP-N-acetylenolpyruvoylglucosamine reductase	AG-920-L19_00143	0
CACNIT010000001.1	134897	136297	-	AG-920-L19_00144	AG-920-L19	466	OG0000265	K01924	UDP-N-acetylmuramate--alanine ligase [EC:6.3.2.8]	COG0773	MurC	UDP-N-acetylmuramate-alanine ligase MurC and related ligases, MurC/Mpl family	AG-920-L19_00143	1
CACNIT010000001.1	136301	137362	-	AG-920-L19_00145	AG-920-L19	353	OG0000489	K02563	UDP-N-acetylglucosamine--N-acetylmuramyl-(pentapeptide) pyrophosphoryl-undecaprenol N-acetylglucosamine transferase [EC:2.4.1.227]	COG0707	MurG	UDP-N-acetylglucosamine:LPS N-acetylglucosamine transferase	AG-920-L19_00143	2
CACNIT010000001.1	137367	138485	-	AG-920-L19_00146	AG-920-L19	372	OG0000615	NA	NA	COG0772	FtsW	Peptodoglycan polymerase FtsW/RodA/SpoVE	AG-920-L19_00143	3
CACNIT010000001.1	138475	139770	-	AG-920-L19_00147	AG-920-L19	431	OG0000817	NA	NA	COG0771	MurD	UDP-N-acetylmuramoylalanine-D-glutamate ligase	AG-920-L19_00143	4
CACNIT010000001.1	139770	140855	-	AG-920-L19_00148	AG-920-L19	361	OG0000019	K01000	phospho-N-acetylmuramoyl-pentapeptide-transferase [EC:2.7.8.13]	COG0472	Rfe	UDP-N-acetylmuramyl pentapeptide phosphotransferase/UDP-N-acetylglucosamine-1-phosphate transferase/archaeal AglH	AG-920-L19_00143	5
CACNIV010000006.1	80179	81264	+	AG-920-L20_01016	AG-920-L20	361	OG0000019	K01000	phospho-N-acetylmuramoyl-pentapeptide-transferase [EC:2.7.8.13]	COG0472	Rfe	UDP-N-acetylmuramyl pentapeptide phosphotransferase/UDP-N-acetylglucosamine-1-phosphate transferase/archaeal AglH	AG-920-L20_01021	-5
CACNIV010000006.1	81264	82553	+	AG-920-L20_01017	AG-920-L20	429	OG0000817	NA	NA	COG0771	MurD	UDP-N-acetylmuramoylalanine-D-glutamate ligase	AG-920-L20_01021	-4
CACNIV010000006.1	82550	83659	+	AG-920-L20_01018	AG-920-L20	369	OG0000615	NA	NA	COG0772	FtsW	Peptodoglycan polymerase FtsW/RodA/SpoVE	AG-920-L20_01021	-3
CACNIV010000006.1	83661	84737	+	AG-920-L20_01019	AG-920-L20	358	OG0000489	K02563	UDP-N-acetylglucosamine--N-acetylmuramyl-(pentapeptide) pyrophosphoryl-undecaprenol N-acetylglucosamine transferase [EC:2.4.1.227]	COG0707	MurG	UDP-N-acetylglucosamine:LPS N-acetylglucosamine transferase	AG-920-L20_01021	-2
CACNIV010000006.1	84727	86109	+	AG-920-L20_01020	AG-920-L20	460	OG0000265	K01924	UDP-N-acetylmuramate--alanine ligase [EC:6.3.2.8]	COG0773	MurC	UDP-N-acetylmuramate-alanine ligase MurC and related ligases, MurC/Mpl family	AG-920-L20_01021	-1
CACNIV010000006.1	86111	87019	+	AG-920-L20_01021	AG-920-L20	302	OG0000330	K00075	UDP-N-acetylmuramate dehydrogenase [EC:1.3.1.98]	COG0812	MurB	UDP-N-acetylenolpyruvoylglucosamine reductase	AG-920-L20_01021	0
CACNIV010000006.1	87016	87939	+	AG-920-L20_01022	AG-920-L20	307	OG0000580	K01921	D-alanine-D-alanine ligase [EC:6.3.2.4]	COG1181	DdlA	D-alanine-D-alanine ligase or related ATP-grasp enzyme	AG-920-L20_01021	1
CACNIV010000006.1	87920	88609	+	AG-920-L20_01023	AG-920-L20	229	OG0000841	K03589	cell division protein FtsQ	COG1589	FtsQ	Cell division septal protein FtsQ	AG-920-L20_01021	2
CACNIV010000006.1	88602	89360	+	AG-920-L20_01024	AG-920-L20	252	OG0000537	NA	NA	COG0849	FtsA	Cell division ATPase FtsA	AG-920-L20_01021	3
CACNIV010000006.1	89470	89769	+	AG-920-L20_01025	AG-920-L20	99	OG0000537	NA	NA	NA	NA	NA	AG-920-L20_01021	4
CACNIV010000006.1	89832	90752	+	AG-920-L20_01026	AG-920-L20	306	OG0000300	K02535	UDP-3-O-[3-hydroxymyristoyl] N-acetylglucosamine deacetylase [EC:3.5.1.108]	COG0774	LpxC	UDP-3-O-acyl-N-acetylglucosamine deacetylase	AG-920-L20_01021	5
CACNSD010000014.1	16527	17612	+	AH-287-B07_01179	AH-287-B07	361	OG0000019	K01000	phospho-N-acetylmuramoyl-pentapeptide-transferase [EC:2.7.8.13]	COG0472	Rfe	UDP-N-acetylmuramyl pentapeptide phosphotransferase/UDP-N-acetylglucosamine-1-phosphate transferase/archaeal AglH	AH-287-B07_01184	-5
CACNSD010000014.1	17612	18910	+	AH-287-B07_01180	AH-287-B07	432	OG0000817	NA	NA	COG0771	MurD	UDP-N-acetylmuramoylalanine-D-glutamate ligase	AH-287-B07_01184	-4
CACNSD010000014.1	18897	20018	+	AH-287-B07_01181	AH-287-B07	373	OG0000615	NA	NA	COG0772	FtsW	Peptodoglycan polymerase FtsW/RodA/SpoVE	AH-287-B07_01184	-3
CACNSD010000014.1	20022	21086	+	AH-287-B07_01182	AH-287-B07	354	OG0000489	K02563	UDP-N-acetylglucosamine--N-acetylmuramyl-(pentapeptide) pyrophosphoryl-undecaprenol N-acetylglucosamine transferase [EC:2.4.1.227]	COG0707	MurG	UDP-N-acetylglucosamine:LPS N-acetylglucosamine transferase	AH-287-B07_01184	-2
CACNSD010000014.1	21076	22473	+	AH-287-B07_01183	AH-287-B07	465	OG0000265	K01924	UDP-N-acetylmuramate--alanine ligase [EC:6.3.2.8]	COG0773	MurC	UDP-N-acetylmuramate-alanine ligase MurC and related ligases, MurC/Mpl family	AH-287-B07_01184	-1
CACNSD010000014.1	22470	23375	+	AH-287-B07_01184	AH-287-B07	301	OG0000330	K00075	UDP-N-acetylmuramate dehydrogenase [EC:1.3.1.98]	COG0812	MurB	UDP-N-acetylenolpyruvoylglucosamine reductase	AH-287-B07_01184	0
CACNSD010000014.1	23377	24291	+	AH-287-B07_01185	AH-287-B07	304	OG0000580	K01921	D-alanine-D-alanine ligase [EC:6.3.2.4]	COG1181	DdlA	D-alanine-D-alanine ligase or related ATP-grasp enzyme	AH-287-B07_01184	1
CACNSD010000014.1	24272	24943	+	AH-287-B07_01186	AH-287-B07	223	OG0000841	K03589	cell division protein FtsQ	COG1589	FtsQ	Cell division septal protein FtsQ	AH-287-B07_01184	2
CACNTN010000009.1	4127	5212	+	AH-287-C13_00950	AH-287-C13	361	OG0000019	K01000	phospho-N-acetylmuramoyl-pentapeptide-transferase [EC:2.7.8.13]	COG0472	Rfe	UDP-N-acetylmuramyl pentapeptide phosphotransferase/UDP-N-acetylglucosamine-1-phosphate transferase/archaeal AglH	AH-287-C13_00955	-5
CACNTN010000009.1	5216	6493	+	AH-287-C13_00951	AH-287-C13	425	OG0000817	NA	NA	COG0771	MurD	UDP-N-acetylmuramoylalanine-D-glutamate ligase	AH-287-C13_00955	-4
CACNTN010000009.1	6474	7601	+	AH-287-C13_00952	AH-287-C13	375	OG0000615	NA	NA	COG0772	FtsW	Peptodoglycan polymerase FtsW/RodA/SpoVE	AH-287-C13_00955	-3
CACNTN010000009.1	7594	8688	+	AH-287-C13_00953	AH-287-C13	364	OG0000489	K02563	UDP-N-acetylglucosamine--N-acetylmuramyl-(pentapeptide) pyrophosphoryl-undecaprenol N-acetylglucosamine transferase [EC:2.4.1.227]	COG0707	MurG	UDP-N-acetylglucosamine:LPS N-acetylglucosamine transferase	AH-287-C13_00955	-2
CACNTN010000009.1	8675	10072	+	AH-287-C13_00954	AH-287-C13	465	OG0000265	K01924	UDP-N-acetylmuramate--alanine ligase [EC:6.3.2.8]	COG0773	MurC	UDP-N-acetylmuramate-alanine ligase MurC and related ligases, MurC/Mpl family	AH-287-C13_00955	-1
CACNTN010000009.1	10042	10986	+	AH-287-C13_00955	AH-287-C13	314	OG0000330	K00075	UDP-N-acetylmuramate dehydrogenase [EC:1.3.1.98]	COG0812	MurB	UDP-N-acetylenolpyruvoylglucosamine reductase	AH-287-C13_00955	0
CACNTN010000009.1	10967	11905	+	AH-287-C13_00956	AH-287-C13	312	OG0000580	K01921	D-alanine-D-alanine ligase [EC:6.3.2.4]	COG1181	DdlA	D-alanine-D-alanine ligase or related ATP-grasp enzyme	AH-287-C13_00955	1
CACNTN010000009.1	11902	12558	+	AH-287-C13_00957	AH-287-C13	218	OG0000841	K03589	cell division protein FtsQ	COG1589	FtsQ	Cell division septal protein FtsQ	AH-287-C13_00955	2
CACNTN010000009.1	12562	13758	+	AH-287-C13_00958	AH-287-C13	398	OG0000537	K03590	cell division protein FtsA	COG0849	FtsA	Cell division ATPase FtsA	AH-287-C13_00955	3
CACNTN010000009.1	13826	14752	+	AH-287-C13_00959	AH-287-C13	308	OG0000300	K02535	UDP-3-O-[3-hydroxymyristoyl] N-acetylglucosamine deacetylase [EC:3.5.1.108]	COG0774	LpxC	UDP-3-O-acyl-N-acetylglucosamine deacetylase	AH-287-C13_00955	4
CACNTN010000009.1	14801	15631	+	AH-287-C13_00960	AH-287-C13	276	OG0000470	K05807	outer membrane protein assembly factor BamD	COG4105	BamD	Outer membrane protein assembly factor BamD, BamD/ComL family	AH-287-C13_00955	5
CACNWC010000002.1	109663	110502	-	AH-287-E08_00282	AH-287-E08	279	OG0000470	K05807	outer membrane protein assembly factor BamD	COG4105	BamD	Outer membrane protein assembly factor BamD, BamD/ComL family	AH-287-E08_00287	-5
CACNWC010000002.1	110532	111452	-	AH-287-E08_00283	AH-287-E08	306	OG0000300	K02535	UDP-3-O-[3-hydroxymyristoyl] N-acetylglucosamine deacetylase [EC:3.5.1.108]	COG0774	LpxC	UDP-3-O-acyl-N-acetylglucosamine deacetylase	AH-287-E08_00287	-4
CACNWC010000002.1	111525	112229	-	AH-287-E08_00284	AH-287-E08	234	OG0000537	NA	NA	COG0849	FtsA	Cell division ATPase FtsA	AH-287-E08_00287	-3
CACNWC010000002.1	112222	112884	-	AH-287-E08_00285	AH-287-E08	220	OG0000841	K03589	cell division protein FtsQ	COG1589	FtsQ	Cell division septal protein FtsQ	AH-287-E08_00287	-2
CACNWC010000002.1	112865	113779	-	AH-287-E08_00286	AH-287-E08	304	OG0000580	K01921	D-alanine-D-alanine ligase [EC:6.3.2.4]	COG1181	DdlA	D-alanine-D-alanine ligase or related ATP-grasp enzyme	AH-287-E08_00287	-1
CACNWC010000002.1	113781	114689	-	AH-287-E08_00287	AH-287-E08	302	OG0000330	K00075	UDP-N-acetylmuramate dehydrogenase [EC:1.3.1.98]	COG0812	MurB	UDP-N-acetylenolpyruvoylglucosamine reductase	AH-287-E08_00287	0
CACNWC010000002.1	114689	116083	-	AH-287-E08_00288	AH-287-E08	464	OG0000265	K01924	UDP-N-acetylmuramate--alanine ligase [EC:6.3.2.8]	COG0773	MurC	UDP-N-acetylmuramate-alanine ligase MurC and related ligases, MurC/Mpl family	AH-287-E08_00287	1
CACNWC010000002.1	116073	117137	-	AH-287-E08_00289	AH-287-E08	354	OG0000489	K02563	UDP-N-acetylglucosamine--N-acetylmuramyl-(pentapeptide) pyrophosphoryl-undecaprenol N-acetylglucosamine transferase [EC:2.4.1.227]	COG0707	MurG	UDP-N-acetylglucosamine:LPS N-acetylglucosamine transferase	AH-287-E08_00287	2
CACNWC010000002.1	117139	118263	-	AH-287-E08_00290	AH-287-E08	374	OG0000615	NA	NA	COG0772	FtsW	Peptodoglycan polymerase FtsW/RodA/SpoVE	AH-287-E08_00287	3
CACNWC010000002.1	118250	119542	-	AH-287-E08_00291	AH-287-E08	430	OG0000817	NA	NA	COG0771	MurD	UDP-N-acetylmuramoylalanine-D-glutamate ligase	AH-287-E08_00287	4
CACNWC010000002.1	119554	120639	-	AH-287-E08_00292	AH-287-E08	361	OG0000019	K01000	phospho-N-acetylmuramoyl-pentapeptide-transferase [EC:2.7.8.13]	COG0472	Rfe	UDP-N-acetylmuramyl pentapeptide phosphotransferase/UDP-N-acetylglucosamine-1-phosphate transferase/archaeal AglH	AH-287-E08_00287	5
CACNWL010000005.1	15465	16307	-	AH-287-E17_00600	AH-287-E17	280	OG0000470	K05807	outer membrane protein assembly factor BamD	COG4105	BamD	Outer membrane protein assembly factor BamD, BamD/ComL family	AH-287-E17_00605	-5
CACNWL010000005.1	16358	17278	-	AH-287-E17_00601	AH-287-E17	306	OG0000300	K02535	UDP-3-O-[3-hydroxymyristoyl] N-acetylglucosamine deacetylase [EC:3.5.1.108]	COG0774	LpxC	UDP-3-O-acyl-N-acetylglucosamine deacetylase	AH-287-E17_00605	-4
CACNWL010000005.1	17342	18043	-	AH-287-E17_00602	AH-287-E17	233	OG0000537	NA	NA	NA	NA	NA	AH-287-E17_00605	-3
CACNWL010000005.1	18024	18710	-	AH-287-E17_00603	AH-287-E17	228	OG0000841	K03589	cell division protein FtsQ	COG1589	FtsQ	Cell division septal protein FtsQ	AH-287-E17_00605	-2
CACNWL010000005.1	18691	19605	-	AH-287-E17_00604	AH-287-E17	304	OG0000580	K01921	D-alanine-D-alanine ligase [EC:6.3.2.4]	COG1181	DdlA	D-alanine-D-alanine ligase or related ATP-grasp enzyme	AH-287-E17_00605	-1
CACNWL010000005.1	19607	20515	-	AH-287-E17_00605	AH-287-E17	302	OG0000330	K00075	UDP-N-acetylmuramate dehydrogenase [EC:1.3.1.98]	COG0812	MurB	UDP-N-acetylenolpyruvoylglucosamine reductase	AH-287-E17_00605	0
CACNWL010000005.1	20512	21906	-	AH-287-E17_00606	AH-287-E17	464	OG0000265	K01924	UDP-N-acetylmuramate--alanine ligase [EC:6.3.2.8]	COG0773	MurC	UDP-N-acetylmuramate-alanine ligase MurC and related ligases, MurC/Mpl family	AH-287-E17_00605	1
CACNWL010000005.1	21896	22960	-	AH-287-E17_00607	AH-287-E17	354	OG0000489	K02563	UDP-N-acetylglucosamine--N-acetylmuramyl-(pentapeptide) pyrophosphoryl-undecaprenol N-acetylglucosamine transferase [EC:2.4.1.227]	COG0707	MurG	UDP-N-acetylglucosamine:LPS N-acetylglucosamine transferase	AH-287-E17_00605	2
CACNWL010000005.1	22964	24085	-	AH-287-E17_00608	AH-287-E17	373	OG0000615	NA	NA	COG0772	FtsW	Peptodoglycan polymerase FtsW/RodA/SpoVE	AH-287-E17_00605	3
CACNWL010000005.1	24072	25370	-	AH-287-E17_00609	AH-287-E17	432	OG0000817	NA	NA	COG0771	MurD	UDP-N-acetylmuramoylalanine-D-glutamate ligase	AH-287-E17_00605	4
CACNWL010000005.1	25370	26455	-	AH-287-E17_00610	AH-287-E17	361	OG0000019	K01000	phospho-N-acetylmuramoyl-pentapeptide-transferase [EC:2.7.8.13]	COG0472	Rfe	UDP-N-acetylmuramyl pentapeptide phosphotransferase/UDP-N-acetylglucosamine-1-phosphate transferase/archaeal AglH	AH-287-E17_00605	5
CACNWV010000026.1	45	965	+	AH-287-E19_01000	AH-287-E19	306	OG0000615	NA	NA	COG0772	FtsW	Peptodoglycan polymerase FtsW/RodA/SpoVE	AH-287-E19_01003	-3
CACNWV010000026.1	958	2052	+	AH-287-E19_01001	AH-287-E19	364	OG0000489	K02563	UDP-N-acetylglucosamine--N-acetylmuramyl-(pentapeptide) pyrophosphoryl-undecaprenol N-acetylglucosamine transferase [EC:2.4.1.227]	COG0707	MurG	UDP-N-acetylglucosamine:LPS N-acetylglucosamine transferase	AH-287-E19_01003	-2
CACNWV010000026.1	2039	3436	+	AH-287-E19_01002	AH-287-E19	465	OG0000265	K01924	UDP-N-acetylmuramate--alanine ligase [EC:6.3.2.8]	COG0773	MurC	UDP-N-acetylmuramate-alanine ligase MurC and related ligases, MurC/Mpl family	AH-287-E19_01003	-1
CACNWV010000026.1	3433	4338	+	AH-287-E19_01003	AH-287-E19	301	OG0000330	K00075	UDP-N-acetylmuramate dehydrogenase [EC:1.3.1.98]	COG0812	MurB	UDP-N-acetylenolpyruvoylglucosamine reductase	AH-287-E19_01003	0
CACNWV010000026.1	4331	5269	+	AH-287-E19_01004	AH-287-E19	312	OG0000580	K01921	D-alanine-D-alanine ligase [EC:6.3.2.4]	COG1181	DdlA	D-alanine-D-alanine ligase or related ATP-grasp enzyme	AH-287-E19_01003	1
CACNXQ010000002.1	253890	254636	-	AH-287-F15_00696	AH-287-F15	248	OG0000470	K05807	outer membrane protein assembly factor BamD	COG4105	BamD	Outer membrane protein assembly factor BamD, BamD/ComL family	AH-287-F15_00701	-5
CACNXQ010000002.1	254687	255619	-	AH-287-F15_00697	AH-287-F15	310	OG0000300	K02535	UDP-3-O-[3-hydroxymyristoyl] N-acetylglucosamine deacetylase [EC:3.5.1.108]	COG0774	LpxC	UDP-3-O-acyl-N-acetylglucosamine deacetylase	AH-287-F15_00701	-4
CACNXQ010000002.1	255684	256871	-	AH-287-F15_00698	AH-287-F15	395	OG0000537	K03590	cell division protein FtsA	COG0849	FtsA	Cell division ATPase FtsA	AH-287-F15_00701	-3
CACNXQ010000002.1	256871	257608	-	AH-287-F15_00699	AH-287-F15	245	OG0000841	K03589	cell division protein FtsQ	COG1589	FtsQ	Cell division septal protein FtsQ	AH-287-F15_00701	-2
CACNXQ010000002.1	257589	258500	-	AH-287-F15_00700	AH-287-F15	303	OG0000580	K01921	D-alanine-D-alanine ligase [EC:6.3.2.4]	COG1181	DdlA	D-alanine-D-alanine ligase or related ATP-grasp enzyme	AH-287-F15_00701	-1
CACNXQ010000002.1	258497	259420	-	AH-287-F15_00701	AH-287-F15	307	OG0000330	K00075	UDP-N-acetylmuramate dehydrogenase [EC:1.3.1.98]	COG0812	MurB	UDP-N-acetylenolpyruvoylglucosamine reductase	AH-287-F15_00701	0
CACNXQ010000002.1	259413	260801	-	AH-287-F15_00702	AH-287-F15	462	OG0000265	K01924	UDP-N-acetylmuramate--alanine ligase [EC:6.3.2.8]	COG0773	MurC	UDP-N-acetylmuramate-alanine ligase MurC and related ligases, MurC/Mpl family	AH-287-F15_00701	1
CACNXQ010000002.1	260792	261844	-	AH-287-F15_00703	AH-287-F15	350	OG0000489	K02563	UDP-N-acetylglucosamine--N-acetylmuramyl-(pentapeptide) pyrophosphoryl-undecaprenol N-acetylglucosamine transferase [EC:2.4.1.227]	COG0707	MurG	UDP-N-acetylglucosamine:LPS N-acetylglucosamine transferase	AH-287-F15_00701	2
CACNXQ010000002.1	261845	262966	-	AH-287-F15_00704	AH-287-F15	373	OG0000615	NA	NA	COG0772	FtsW	Peptodoglycan polymerase FtsW/RodA/SpoVE	AH-287-F15_00701	3
CACNXQ010000002.1	262969	264267	-	AH-287-F15_00705	AH-287-F15	432	OG0000817	NA	NA	COG0771	MurD	UDP-N-acetylmuramoylalanine-D-glutamate ligase	AH-287-F15_00701	4
CACNXQ010000002.1	264275	265357	-	AH-287-F15_00706	AH-287-F15	360	OG0000019	K01000	phospho-N-acetylmuramoyl-pentapeptide-transferase [EC:2.7.8.13]	COG0472	Rfe	UDP-N-acetylmuramyl pentapeptide phosphotransferase/UDP-N-acetylglucosamine-1-phosphate transferase/archaeal AglH	AH-287-F15_00701	5
CACNXC010000001.1	6956	7804	-	AH-287-G05_00004	AH-287-G05	282	OG0000470	K05807	outer membrane protein assembly factor BamD	COG4105	BamD	Outer membrane protein assembly factor BamD, BamD/ComL family	AH-287-G05_00009	-5
CACNXC010000001.1	7852	8772	-	AH-287-G05_00005	AH-287-G05	306	OG0000300	K02535	UDP-3-O-[3-hydroxymyristoyl] N-acetylglucosamine deacetylase [EC:3.5.1.108]	COG0774	LpxC	UDP-3-O-acyl-N-acetylglucosamine deacetylase	AH-287-G05_00009	-4
CACNXC010000001.1	8836	9540	-	AH-287-G05_00006	AH-287-G05	234	OG0000537	NA	NA	COG0849	FtsA	Cell division ATPase FtsA	AH-287-G05_00009	-3
CACNXC010000001.1	9533	10201	-	AH-287-G05_00007	AH-287-G05	222	OG0000841	K03589	cell division protein FtsQ	COG1589	FtsQ	Cell division septal protein FtsQ	AH-287-G05_00009	-2
CACNXC010000001.1	10182	11093	-	AH-287-G05_00008	AH-287-G05	303	OG0000580	K01921	D-alanine-D-alanine ligase [EC:6.3.2.4]	COG1181	DdlA	D-alanine-D-alanine ligase or related ATP-grasp enzyme	AH-287-G05_00009	-1
CACNXC010000001.1	11095	12003	-	AH-287-G05_00009	AH-287-G05	302	OG0000330	K00075	UDP-N-acetylmuramate dehydrogenase [EC:1.3.1.98]	COG0812	MurB	UDP-N-acetylenolpyruvoylglucosamine reductase	AH-287-G05_00009	0
CACNXC010000001.1	12003	13397	-	AH-287-G05_00010	AH-287-G05	464	OG0000265	K01924	UDP-N-acetylmuramate--alanine ligase [EC:6.3.2.8]	COG0773	MurC	UDP-N-acetylmuramate-alanine ligase MurC and related ligases, MurC/Mpl family	AH-287-G05_00009	1
CACNXC010000001.1	13387	14451	-	AH-287-G05_00011	AH-287-G05	354	OG0000489	K02563	UDP-N-acetylglucosamine--N-acetylmuramyl-(pentapeptide) pyrophosphoryl-undecaprenol N-acetylglucosamine transferase [EC:2.4.1.227]	COG0707	MurG	UDP-N-acetylglucosamine:LPS N-acetylglucosamine transferase	AH-287-G05_00009	2
CACNXC010000001.1	14444	15577	-	AH-287-G05_00012	AH-287-G05	377	OG0000615	NA	NA	COG0772	FtsW	Peptodoglycan polymerase FtsW/RodA/SpoVE	AH-287-G05_00009	3
CACNXC010000001.1	15567	16853	-	AH-287-G05_00013	AH-287-G05	428	OG0000817	NA	NA	COG0771	MurD	UDP-N-acetylmuramoylalanine-D-glutamate ligase	AH-287-G05_00009	4
CACNXC010000001.1	16850	17935	-	AH-287-G05_00014	AH-287-G05	361	OG0000019	K01000	phospho-N-acetylmuramoyl-pentapeptide-transferase [EC:2.7.8.13]	COG0472	Rfe	UDP-N-acetylmuramyl pentapeptide phosphotransferase/UDP-N-acetylglucosamine-1-phosphate transferase/archaeal AglH	AH-287-G05_00009	5
CACNZK010000009.1	54756	55589	-	AH-287-J18_00835	AH-287-J18	277	OG0000470	K05807	outer membrane protein assembly factor BamD	COG4105	BamD	Outer membrane protein assembly factor BamD, BamD/ComL family	AH-287-J18_00840	-5
CACNZK010000009.1	55638	56558	-	AH-287-J18_00836	AH-287-J18	306	OG0000300	K02535	UDP-3-O-[3-hydroxymyristoyl] N-acetylglucosamine deacetylase [EC:3.5.1.108]	COG0774	LpxC	UDP-3-O-acyl-N-acetylglucosamine deacetylase	AH-287-J18_00840	-4
CACNZK010000009.1	56622	57323	-	AH-287-J18_00837	AH-287-J18	233	OG0000537	NA	NA	NA	NA	NA	AH-287-J18_00840	-3
CACNZK010000009.1	57313	57987	-	AH-287-J18_00838	AH-287-J18	224	OG0000841	K03589	cell division protein FtsQ	COG1589	FtsQ	Cell division septal protein FtsQ	AH-287-J18_00840	-2
CACNZK010000009.1	57968	58882	-	AH-287-J18_00839	AH-287-J18	304	OG0000580	K01921	D-alanine-D-alanine ligase [EC:6.3.2.4]	COG1181	DdlA	D-alanine-D-alanine ligase or related ATP-grasp enzyme	AH-287-J18_00840	-1
CACNZK010000009.1	58884	59792	-	AH-287-J18_00840	AH-287-J18	302	OG0000330	K00075	UDP-N-acetylmuramate dehydrogenase [EC:1.3.1.98]	COG0812	MurB	UDP-N-acetylenolpyruvoylglucosamine reductase	AH-287-J18_00840	0
CACNZK010000009.1	59792	61186	-	AH-287-J18_00841	AH-287-J18	464	OG0000265	K01924	UDP-N-acetylmuramate--alanine ligase [EC:6.3.2.8]	COG0773	MurC	UDP-N-acetylmuramate-alanine ligase MurC and related ligases, MurC/Mpl family	AH-287-J18_00840	1
CACNZK010000009.1	61176	62240	-	AH-287-J18_00842	AH-287-J18	354	OG0000489	K02563	UDP-N-acetylglucosamine--N-acetylmuramyl-(pentapeptide) pyrophosphoryl-undecaprenol N-acetylglucosamine transferase [EC:2.4.1.227]	COG0707	MurG	UDP-N-acetylglucosamine:LPS N-acetylglucosamine transferase	AH-287-J18_00840	2
CACNZK010000009.1	62237	63364	-	AH-287-J18_00843	AH-287-J18	375	OG0000615	NA	NA	COG0772	FtsW	Peptodoglycan polymerase FtsW/RodA/SpoVE	AH-287-J18_00840	3
CACOCP010000001.1	13200	14285	+	AH-287-O09_00014	AH-287-O09	361	OG0000019	K01000	phospho-N-acetylmuramoyl-pentapeptide-transferase [EC:2.7.8.13]	COG0472	Rfe	UDP-N-acetylmuramyl pentapeptide phosphotransferase/UDP-N-acetylglucosamine-1-phosphate transferase/archaeal AglH	AH-287-O09_00019	-5
CACOCP010000001.1	14285	15583	+	AH-287-O09_00015	AH-287-O09	432	OG0000817	NA	NA	COG0771	MurD	UDP-N-acetylmuramoylalanine-D-glutamate ligase	AH-287-O09_00019	-4
CACOCP010000001.1	15576	16688	+	AH-287-O09_00016	AH-287-O09	370	OG0000615	NA	NA	COG0772	FtsW	Peptodoglycan polymerase FtsW/RodA/SpoVE	AH-287-O09_00019	-3
CACOCP010000001.1	16685	17749	+	AH-287-O09_00017	AH-287-O09	354	OG0000489	K02563	UDP-N-acetylglucosamine--N-acetylmuramyl-(pentapeptide) pyrophosphoryl-undecaprenol N-acetylglucosamine transferase [EC:2.4.1.227]	COG0707	MurG	UDP-N-acetylglucosamine:LPS N-acetylglucosamine transferase	AH-287-O09_00019	-2
CACOCP010000001.1	17739	19118	+	AH-287-O09_00018	AH-287-O09	459	OG0000265	K01924	UDP-N-acetylmuramate--alanine ligase [EC:6.3.2.8]	COG0773	MurC	UDP-N-acetylmuramate-alanine ligase MurC and related ligases, MurC/Mpl family	AH-287-O09_00019	-1
CACOCP010000001.1	19128	20033	+	AH-287-O09_00019	AH-287-O09	301	OG0000330	K00075	UDP-N-acetylmuramate dehydrogenase [EC:1.3.1.98]	COG0812	MurB	UDP-N-acetylenolpyruvoylglucosamine reductase	AH-287-O09_00019	0
CACOCP010000001.1	20030	20950	+	AH-287-O09_00020	AH-287-O09	306	OG0000580	K01921	D-alanine-D-alanine ligase [EC:6.3.2.4]	COG1181	DdlA	D-alanine-D-alanine ligase or related ATP-grasp enzyme	AH-287-O09_00019	1
CACOCP010000001.1	20931	21620	+	AH-287-O09_00021	AH-287-O09	229	OG0000841	K03589	cell division protein FtsQ	COG1589	FtsQ	Cell division septal protein FtsQ	AH-287-O09_00019	2
CACOCP010000001.1	21628	22791	+	AH-287-O09_00022	AH-287-O09	387	OG0000537	NA	NA	COG0849	FtsA	Cell division ATPase FtsA	AH-287-O09_00019	3
CACOCP010000001.1	22854	23774	+	AH-287-O09_00023	AH-287-O09	306	OG0000300	K02535	UDP-3-O-[3-hydroxymyristoyl] N-acetylglucosamine deacetylase [EC:3.5.1.108]	COG0774	LpxC	UDP-3-O-acyl-N-acetylglucosamine deacetylase	AH-287-O09_00019	4
CACOCP010000001.1	23812	24651	+	AH-287-O09_00024	AH-287-O09	279	OG0000470	K05807	outer membrane protein assembly factor BamD	COG4105	BamD	Outer membrane protein assembly factor BamD, BamD/ComL family	AH-287-O09_00019	5
CACOEF010000003.1	7141	8226	+	AH-321-A17_00440	AH-321-A17	361	OG0000019	K01000	phospho-N-acetylmuramoyl-pentapeptide-transferase [EC:2.7.8.13]	COG0472	Rfe	UDP-N-acetylmuramyl pentapeptide phosphotransferase/UDP-N-acetylglucosamine-1-phosphate transferase/archaeal AglH	AH-321-A17_00445	-5
CACOEF010000003.1	8226	9524	+	AH-321-A17_00441	AH-321-A17	432	OG0000817	NA	NA	COG0771	MurD	UDP-N-acetylmuramoylalanine-D-glutamate ligase	AH-321-A17_00445	-4
CACOEF010000003.1	9511	10632	+	AH-321-A17_00442	AH-321-A17	373	OG0000615	NA	NA	COG0772	FtsW	Peptodoglycan polymerase FtsW/RodA/SpoVE	AH-321-A17_00445	-3
CACOEF010000003.1	10636	11700	+	AH-321-A17_00443	AH-321-A17	354	OG0000489	K02563	UDP-N-acetylglucosamine--N-acetylmuramyl-(pentapeptide) pyrophosphoryl-undecaprenol N-acetylglucosamine transferase [EC:2.4.1.227]	COG0707	MurG	UDP-N-acetylglucosamine:LPS N-acetylglucosamine transferase	AH-321-A17_00445	-2
CACOEF010000003.1	11690	13087	+	AH-321-A17_00444	AH-321-A17	465	OG0000265	K01924	UDP-N-acetylmuramate--alanine ligase [EC:6.3.2.8]	COG0773	MurC	UDP-N-acetylmuramate-alanine ligase MurC and related ligases, MurC/Mpl family	AH-321-A17_00445	-1
CACOEF010000003.1	13084	13989	+	AH-321-A17_00445	AH-321-A17	301	OG0000330	K00075	UDP-N-acetylmuramate dehydrogenase [EC:1.3.1.98]	COG0812	MurB	UDP-N-acetylenolpyruvoylglucosamine reductase	AH-321-A17_00445	0
CACOEF010000003.1	13991	14908	+	AH-321-A17_00446	AH-321-A17	305	OG0000580	K01921	D-alanine-D-alanine ligase [EC:6.3.2.4]	COG1181	DdlA	D-alanine-D-alanine ligase or related ATP-grasp enzyme	AH-321-A17_00445	1
CACOEF010000003.1	14886	15572	+	AH-321-A17_00447	AH-321-A17	228	OG0000841	K03589	cell division protein FtsQ	COG1589	FtsQ	Cell division septal protein FtsQ	AH-321-A17_00445	2
CACOEF010000003.1	15550	16254	+	AH-321-A17_00448	AH-321-A17	234	OG0000537	NA	NA	NA	NA	NA	AH-321-A17_00445	3
CACOEF010000003.1	16319	17239	+	AH-321-A17_00449	AH-321-A17	306	OG0000300	K02535	UDP-3-O-[3-hydroxymyristoyl] N-acetylglucosamine deacetylase [EC:3.5.1.108]	COG0774	LpxC	UDP-3-O-acyl-N-acetylglucosamine deacetylase	AH-321-A17_00445	4
CACOEF010000003.1	17288	18145	+	AH-321-A17_00450	AH-321-A17	285	OG0000470	K05807	outer membrane protein assembly factor BamD	COG4105	BamD	Outer membrane protein assembly factor BamD, BamD/ComL family	AH-321-A17_00445	5
CACOGC010000006.1	37337	38185	-	AH-321-D17_00832	AH-321-D17	282	OG0000470	K05807	outer membrane protein assembly factor BamD	COG4105	BamD	Outer membrane protein assembly factor BamD, BamD/ComL family	AH-321-D17_00837	-5
CACOGC010000006.1	38233	39153	-	AH-321-D17_00833	AH-321-D17	306	OG0000300	K02535	UDP-3-O-[3-hydroxymyristoyl] N-acetylglucosamine deacetylase [EC:3.5.1.108]	COG0774	LpxC	UDP-3-O-acyl-N-acetylglucosamine deacetylase	AH-321-D17_00837	-4
CACOGC010000006.1	39217	39921	-	AH-321-D17_00834	AH-321-D17	234	OG0000537	NA	NA	NA	NA	NA	AH-321-D17_00837	-3
CACOGC010000006.1	39914	40582	-	AH-321-D17_00835	AH-321-D17	222	OG0000841	K03589	cell division protein FtsQ	COG1589	FtsQ	Cell division septal protein FtsQ	AH-321-D17_00837	-2
CACOGC010000006.1	40563	41474	-	AH-321-D17_00836	AH-321-D17	303	OG0000580	K01921	D-alanine-D-alanine ligase [EC:6.3.2.4]	COG1181	DdlA	D-alanine-D-alanine ligase or related ATP-grasp enzyme	AH-321-D17_00837	-1
CACOGC010000006.1	41476	42384	-	AH-321-D17_00837	AH-321-D17	302	OG0000330	K00075	UDP-N-acetylmuramate dehydrogenase [EC:1.3.1.98]	COG0812	MurB	UDP-N-acetylenolpyruvoylglucosamine reductase	AH-321-D17_00837	0
CACOGC010000006.1	42384	43778	-	AH-321-D17_00838	AH-321-D17	464	OG0000265	K01924	UDP-N-acetylmuramate--alanine ligase [EC:6.3.2.8]	COG0773	MurC	UDP-N-acetylmuramate-alanine ligase MurC and related ligases, MurC/Mpl family	AH-321-D17_00837	1
CACOGC010000006.1	43768	44832	-	AH-321-D17_00839	AH-321-D17	354	OG0000489	K02563	UDP-N-acetylglucosamine--N-acetylmuramyl-(pentapeptide) pyrophosphoryl-undecaprenol N-acetylglucosamine transferase [EC:2.4.1.227]	COG0707	MurG	UDP-N-acetylglucosamine:LPS N-acetylglucosamine transferase	AH-321-D17_00837	2
CACOGC010000006.1	44834	45958	-	AH-321-D17_00840	AH-321-D17	374	OG0000615	NA	NA	COG0772	FtsW	Peptodoglycan polymerase FtsW/RodA/SpoVE	AH-321-D17_00837	3
CACOGC010000006.1	45948	47234	-	AH-321-D17_00841	AH-321-D17	428	OG0000817	NA	NA	COG0771	MurD	UDP-N-acetylmuramoylalanine-D-glutamate ligase	AH-321-D17_00837	4
CACOGC010000006.1	47231	48316	-	AH-321-D17_00842	AH-321-D17	361	OG0000019	K01000	phospho-N-acetylmuramoyl-pentapeptide-transferase [EC:2.7.8.13]	COG0472	Rfe	UDP-N-acetylmuramyl pentapeptide phosphotransferase/UDP-N-acetylglucosamine-1-phosphate transferase/archaeal AglH	AH-321-D17_00837	5
CACOIL010000006.1	41606	42445	-	AH-321-I23_00496	AH-321-I23	279	OG0000470	K05807	outer membrane protein assembly factor BamD	COG4105	BamD	Outer membrane protein assembly factor BamD, BamD/ComL family	AH-321-I23_00501	-5
CACOIL010000006.1	42493	43398	-	AH-321-I23_00497	AH-321-I23	301	OG0000300	K02535	UDP-3-O-[3-hydroxymyristoyl] N-acetylglucosamine deacetylase [EC:3.5.1.108]	COG0774	LpxC	UDP-3-O-acyl-N-acetylglucosamine deacetylase	AH-321-I23_00501	-4
CACOIL010000006.1	43463	44659	-	AH-321-I23_00498	AH-321-I23	398	OG0000537	NA	NA	COG0849	FtsA	Cell division ATPase FtsA	AH-321-I23_00501	-3
CACOIL010000006.1	44663	45322	-	AH-321-I23_00499	AH-321-I23	219	OG0000841	K03589	cell division protein FtsQ	COG1589	FtsQ	Cell division septal protein FtsQ	AH-321-I23_00501	-2
CACOIL010000006.1	45319	46233	-	AH-321-I23_00500	AH-321-I23	304	OG0000580	K01921	D-alanine-D-alanine ligase [EC:6.3.2.4]	COG1181	DdlA	D-alanine-D-alanine ligase or related ATP-grasp enzyme	AH-321-I23_00501	-1
CACOIL010000006.1	46250	47155	-	AH-321-I23_00501	AH-321-I23	301	OG0000330	K00075	UDP-N-acetylmuramate dehydrogenase [EC:1.3.1.98]	COG0812	MurB	UDP-N-acetylenolpyruvoylglucosamine reductase	AH-321-I23_00501	0
CACOIL010000006.1	47152	48549	-	AH-321-I23_00502	AH-321-I23	465	OG0000265	K01924	UDP-N-acetylmuramate--alanine ligase [EC:6.3.2.8]	COG0773	MurC	UDP-N-acetylmuramate-alanine ligase MurC and related ligases, MurC/Mpl family	AH-321-I23_00501	1
CACOIL010000006.1	48536	49633	-	AH-321-I23_00503	AH-321-I23	365	OG0000489	K02563	UDP-N-acetylglucosamine--N-acetylmuramyl-(pentapeptide) pyrophosphoryl-undecaprenol N-acetylglucosamine transferase [EC:2.4.1.227]	COG0707	MurG	UDP-N-acetylglucosamine:LPS N-acetylglucosamine transferase	AH-321-I23_00501	2
CACOIL010000006.1	49626	50753	-	AH-321-I23_00504	AH-321-I23	375	OG0000615	NA	NA	COG0772	FtsW	Peptodoglycan polymerase FtsW/RodA/SpoVE	AH-321-I23_00501	3
CACOIL010000006.1	50734	52020	-	AH-321-I23_00505	AH-321-I23	428	OG0000817	NA	NA	COG0771	MurD	UDP-N-acetylmuramoylalanine-D-glutamate ligase	AH-321-I23_00501	4
CACOIL010000006.1	52024	53109	-	AH-321-I23_00506	AH-321-I23	361	OG0000019	K01000	phospho-N-acetylmuramoyl-pentapeptide-transferase [EC:2.7.8.13]	COG0472	Rfe	UDP-N-acetylmuramyl pentapeptide phosphotransferase/UDP-N-acetylglucosamine-1-phosphate transferase/archaeal AglH	AH-321-I23_00501	5
CACOKI010000007.1	51933	53018	+	AH-321-L23_00704	AH-321-L23	361	OG0000019	K01000	phospho-N-acetylmuramoyl-pentapeptide-transferase [EC:2.7.8.13]	COG0472	Rfe	UDP-N-acetylmuramyl pentapeptide phosphotransferase/UDP-N-acetylglucosamine-1-phosphate transferase/archaeal AglH	AH-321-L23_00709	-5
CACOKI010000007.1	53057	54322	+	AH-321-L23_00705	AH-321-L23	421	OG0000817	NA	NA	COG0771	MurD	UDP-N-acetylmuramoylalanine-D-glutamate ligase	AH-321-L23_00709	-4
CACOKI010000007.1	54309	55433	+	AH-321-L23_00706	AH-321-L23	374	OG0000615	NA	NA	COG0772	FtsW	Peptodoglycan polymerase FtsW/RodA/SpoVE	AH-321-L23_00709	-3
CACOKI010000007.1	55435	56499	+	AH-321-L23_00707	AH-321-L23	354	OG0000489	K02563	UDP-N-acetylglucosamine--N-acetylmuramyl-(pentapeptide) pyrophosphoryl-undecaprenol N-acetylglucosamine transferase [EC:2.4.1.227]	COG0707	MurG	UDP-N-acetylglucosamine:LPS N-acetylglucosamine transferase	AH-321-L23_00709	-2
CACOKI010000007.1	56489	57886	+	AH-321-L23_00708	AH-321-L23	465	OG0000265	K01924	UDP-N-acetylmuramate--alanine ligase [EC:6.3.2.8]	COG0773	MurC	UDP-N-acetylmuramate-alanine ligase MurC and related ligases, MurC/Mpl family	AH-321-L23_00709	-1
CACOKI010000007.1	57883	58791	+	AH-321-L23_00709	AH-321-L23	302	OG0000330	K00075	UDP-N-acetylmuramate dehydrogenase [EC:1.3.1.98]	COG0812	MurB	UDP-N-acetylenolpyruvoylglucosamine reductase	AH-321-L23_00709	0
CACOKI010000007.1	58793	59707	+	AH-321-L23_00710	AH-321-L23	304	OG0000580	K01921	D-alanine-D-alanine ligase [EC:6.3.2.4]	COG1181	DdlA	D-alanine-D-alanine ligase or related ATP-grasp enzyme	AH-321-L23_00709	1
CACOKI010000007.1	59688	60359	+	AH-321-L23_00711	AH-321-L23	223	OG0000841	K03589	cell division protein FtsQ	COG1589	FtsQ	Cell division septal protein FtsQ	AH-321-L23_00709	2
CACOKN010000004.1	81352	82437	+	AH-321-M13_00806	AH-321-M13	361	OG0000019	K01000	phospho-N-acetylmuramoyl-pentapeptide-transferase [EC:2.7.8.13]	COG0472	Rfe	UDP-N-acetylmuramyl pentapeptide phosphotransferase/UDP-N-acetylglucosamine-1-phosphate transferase/archaeal AglH	AH-321-M13_00811	-5
CACOKN010000004.1	82434	83720	+	AH-321-M13_00807	AH-321-M13	428	OG0000817	NA	NA	COG0771	MurD	UDP-N-acetylmuramoylalanine-D-glutamate ligase	AH-321-M13_00811	-4
CACOKN010000004.1	83710	84843	+	AH-321-M13_00808	AH-321-M13	377	OG0000615	NA	NA	COG0772	FtsW	Peptodoglycan polymerase FtsW/RodA/SpoVE	AH-321-M13_00811	-3
CACOKN010000004.1	84836	85900	+	AH-321-M13_00809	AH-321-M13	354	OG0000489	K02563	UDP-N-acetylglucosamine--N-acetylmuramyl-(pentapeptide) pyrophosphoryl-undecaprenol N-acetylglucosamine transferase [EC:2.4.1.227]	COG0707	MurG	UDP-N-acetylglucosamine:LPS N-acetylglucosamine transferase	AH-321-M13_00811	-2
CACOKN010000004.1	85890	87284	+	AH-321-M13_00810	AH-321-M13	464	OG0000265	K01924	UDP-N-acetylmuramate--alanine ligase [EC:6.3.2.8]	COG0773	MurC	UDP-N-acetylmuramate-alanine ligase MurC and related ligases, MurC/Mpl family	AH-321-M13_00811	-1
CACOKN010000004.1	87284	88192	+	AH-321-M13_00811	AH-321-M13	302	OG0000330	K00075	UDP-N-acetylmuramate dehydrogenase [EC:1.3.1.98]	COG0812	MurB	UDP-N-acetylenolpyruvoylglucosamine reductase	AH-321-M13_00811	0
CACOKN010000004.1	88194	89105	+	AH-321-M13_00812	AH-321-M13	303	OG0000580	K01921	D-alanine-D-alanine ligase [EC:6.3.2.4]	COG1181	DdlA	D-alanine-D-alanine ligase or related ATP-grasp enzyme	AH-321-M13_00811	1
CACOKN010000004.1	89086	89754	+	AH-321-M13_00813	AH-321-M13	222	OG0000841	K03589	cell division protein FtsQ	COG1589	FtsQ	Cell division septal protein FtsQ	AH-321-M13_00811	2
CACOKN010000004.1	89747	90451	+	AH-321-M13_00814	AH-321-M13	234	OG0000537	NA	NA	NA	NA	NA	AH-321-M13_00811	3
CACOKN010000004.1	90516	91436	+	AH-321-M13_00815	AH-321-M13	306	OG0000300	K02535	UDP-3-O-[3-hydroxymyristoyl] N-acetylglucosamine deacetylase [EC:3.5.1.108]	COG0774	LpxC	UDP-3-O-acyl-N-acetylglucosamine deacetylase	AH-321-M13_00811	4
CACOKN010000004.1	91486	92334	+	AH-321-M13_00816	AH-321-M13	282	OG0000470	K05807	outer membrane protein assembly factor BamD	COG4105	BamD	Outer membrane protein assembly factor BamD, BamD/ComL family	AH-321-M13_00811	5
CACOLY010000028.1	167	802	+	AH-321-P04_01035	AH-321-P04	211	OG0000330	K00075	UDP-N-acetylmuramate dehydrogenase [EC:1.3.1.98]	COG0812	MurB	UDP-N-acetylenolpyruvoylglucosamine reductase	AH-321-P04_01035	0
CACOLY010000028.1	819	1718	+	AH-321-P04_01036	AH-321-P04	299	OG0000580	K01921	D-alanine-D-alanine ligase [EC:6.3.2.4]	COG1181	DdlA	D-alanine-D-alanine ligase or related ATP-grasp enzyme	AH-321-P04_01035	1
CACOLY010000028.1	1699	2370	+	AH-321-P04_01037	AH-321-P04	223	OG0000841	K03589	cell division protein FtsQ	COG1589	FtsQ	Cell division septal protein FtsQ	AH-321-P04_01035	2
CACOLY010000028.1	2363	3067	+	AH-321-P04_01038	AH-321-P04	234	OG0000537	NA	NA	NA	NA	NA	AH-321-P04_01035	3
CACOLY010000028.1	3132	4052	+	AH-321-P04_01039	AH-321-P04	306	OG0000300	K02535	UDP-3-O-[3-hydroxymyristoyl] N-acetylglucosamine deacetylase [EC:3.5.1.108]	COG0774	LpxC	UDP-3-O-acyl-N-acetylglucosamine deacetylase	AH-321-P04_01035	4
CACOOX010000004.1	19033	20427	+	AH-324-E14_00558	AH-324-E14	464	OG0000436	K00325	H+-translocating NAD(P) transhydrogenase subunit beta [EC:1.6.1.2 7.1.1.1]	COG1282	PntB	NAD/NADP transhydrogenase beta subunit	AH-324-E14_00563	-5
CACOOX010000004.1	20437	21135	+	AH-324-E14_00559	AH-324-E14	232	OG0000261	NA	NA	COG0176	TalA	Transaldolase/fructose-6-phosphate aldolase	AH-324-E14_00563	-4
CACOOX010000004.1	21135	21809	+	AH-324-E14_00560	AH-324-E14	224	OG0000008	NA	NA	COG2226	UbiE	Ubiquinone/menaquinone biosynthesis C-methylase UbiE/MenG or 23S rRNA G745 methylase RmlAII or tRNA-U5 methylase TRM9	AH-324-E14_00563	-3
CACOOX010000004.1	21827	22813	+	AH-324-E14_00561	AH-324-E14	328	OG0002122	NA	NA	COG1216	WcaE	Glycosyltransferase, GT2 family	AH-324-E14_00563	-2
CACOOX010000004.1	22806	24062	+	AH-324-E14_00562	AH-324-E14	418	OG0001354	NA	NA	NA	NA	NA	AH-324-E14_00563	-1
CACOOX010000004.1	24101	25012	+	AH-324-E14_00563	AH-324-E14	303	OG0000330	K00075	UDP-N-acetylmuramate dehydrogenase [EC:1.3.1.98]	COG0812	MurB	UDP-N-acetylenolpyruvoylglucosamine reductase	AH-324-E14_00563	0
CACOOX010000004.1	25013	25927	+	AH-324-E14_00564	AH-324-E14	304	OG0000580	K01921	D-alanine-D-alanine ligase [EC:6.3.2.4]	COG1181	DdlA	D-alanine-D-alanine ligase or related ATP-grasp enzyme	AH-324-E14_00563	1
CACOOX010000004.1	25908	26576	+	AH-324-E14_00565	AH-324-E14	222	OG0000841	K03589	cell division protein FtsQ	COG1589	FtsQ	Cell division septal protein FtsQ	AH-324-E14_00563	2
CACOOX010000004.1	26569	27261	+	AH-324-E14_00566	AH-324-E14	230	OG0000537	NA	NA	COG0849	FtsA	Cell division ATPase FtsA	AH-324-E14_00563	3
CACOOX010000004.1	27325	28245	+	AH-324-E14_00567	AH-324-E14	306	OG0000300	K02535	UDP-3-O-[3-hydroxymyristoyl] N-acetylglucosamine deacetylase [EC:3.5.1.108]	COG0774	LpxC	UDP-3-O-acyl-N-acetylglucosamine deacetylase	AH-324-E14_00563	4
CACOOX010000004.1	28287	29123	+	AH-324-E14_00568	AH-324-E14	278	OG0000470	K05807	outer membrane protein assembly factor BamD	COG4105	BamD	Outer membrane protein assembly factor BamD, BamD/ComL family	AH-324-E14_00563	5
CACOPB010000002.1	204837	205922	+	AH-324-F03_00531	AH-324-F03	361	OG0000019	K01000	phospho-N-acetylmuramoyl-pentapeptide-transferase [EC:2.7.8.13]	COG0472	Rfe	UDP-N-acetylmuramyl pentapeptide phosphotransferase/UDP-N-acetylglucosamine-1-phosphate transferase/archaeal AglH	AH-324-F03_00536	-5
CACOPB010000002.1	205922	207220	+	AH-324-F03_00532	AH-324-F03	432	OG0000817	NA	NA	COG0771	MurD	UDP-N-acetylmuramoylalanine-D-glutamate ligase	AH-324-F03_00536	-4
CACOPB010000002.1	207207	208328	+	AH-324-F03_00533	AH-324-F03	373	OG0000615	NA	NA	COG0772	FtsW	Peptodoglycan polymerase FtsW/RodA/SpoVE	AH-324-F03_00536	-3
CACOPB010000002.1	208329	209393	+	AH-324-F03_00534	AH-324-F03	354	OG0000489	K02563	UDP-N-acetylglucosamine--N-acetylmuramyl-(pentapeptide) pyrophosphoryl-undecaprenol N-acetylglucosamine transferase [EC:2.4.1.227]	COG0707	MurG	UDP-N-acetylglucosamine:LPS N-acetylglucosamine transferase	AH-324-F03_00536	-2
CACOPB010000002.1	209383	210780	+	AH-324-F03_00535	AH-324-F03	465	OG0000265	K01924	UDP-N-acetylmuramate--alanine ligase [EC:6.3.2.8]	COG0773	MurC	UDP-N-acetylmuramate-alanine ligase MurC and related ligases, MurC/Mpl family	AH-324-F03_00536	-1
CACOPB010000002.1	210777	211682	+	AH-324-F03_00536	AH-324-F03	301	OG0000330	K00075	UDP-N-acetylmuramate dehydrogenase [EC:1.3.1.98]	COG0812	MurB	UDP-N-acetylenolpyruvoylglucosamine reductase	AH-324-F03_00536	0
CACOPB010000002.1	211684	212598	+	AH-324-F03_00537	AH-324-F03	304	OG0000580	K01921	D-alanine-D-alanine ligase [EC:6.3.2.4]	COG1181	DdlA	D-alanine-D-alanine ligase or related ATP-grasp enzyme	AH-324-F03_00536	1
CACOPB010000002.1	212579	213250	+	AH-324-F03_00538	AH-324-F03	223	OG0000841	K03589	cell division protein FtsQ	COG1589	FtsQ	Cell division septal protein FtsQ	AH-324-F03_00536	2
CACOPB010000002.1	213243	213953	+	AH-324-F03_00539	AH-324-F03	236	OG0000537	NA	NA	COG0849	FtsA	Cell division ATPase FtsA	AH-324-F03_00536	3
CACOPB010000002.1	214017	214937	+	AH-324-F03_00540	AH-324-F03	306	OG0000300	K02535	UDP-3-O-[3-hydroxymyristoyl] N-acetylglucosamine deacetylase [EC:3.5.1.108]	COG0774	LpxC	UDP-3-O-acyl-N-acetylglucosamine deacetylase	AH-324-F03_00536	4
CACOPB010000002.1	214982	215833	+	AH-324-F03_00541	AH-324-F03	283	OG0000470	K05807	outer membrane protein assembly factor BamD	COG4105	BamD	Outer membrane protein assembly factor BamD, BamD/ComL family	AH-324-F03_00536	5
CACOQN010000006.1	22173	23021	-	AH-324-J07_00681	AH-324-J07	282	OG0000470	K05807	outer membrane protein assembly factor BamD	COG4105	BamD	Outer membrane protein assembly factor BamD, BamD/ComL family	AH-324-J07_00686	-5
CACOQN010000006.1	23070	23990	-	AH-324-J07_00682	AH-324-J07	306	OG0000300	K02535	UDP-3-O-[3-hydroxymyristoyl] N-acetylglucosamine deacetylase [EC:3.5.1.108]	COG0774	LpxC	UDP-3-O-acyl-N-acetylglucosamine deacetylase	AH-324-J07_00686	-4
CACOQN010000006.1	24055	24753	-	AH-324-J07_00683	AH-324-J07	232	OG0000537	NA	NA	NA	NA	NA	AH-324-J07_00686	-3
CACOQN010000006.1	24746	25417	-	AH-324-J07_00684	AH-324-J07	223	OG0000841	K03589	cell division protein FtsQ	COG1589	FtsQ	Cell division septal protein FtsQ	AH-324-J07_00686	-2
CACOQN010000006.1	25398	26312	-	AH-324-J07_00685	AH-324-J07	304	OG0000580	K01921	D-alanine-D-alanine ligase [EC:6.3.2.4]	COG1181	DdlA	D-alanine-D-alanine ligase or related ATP-grasp enzyme	AH-324-J07_00686	-1
CACOQN010000006.1	26314	27219	-	AH-324-J07_00686	AH-324-J07	301	OG0000330	K00075	UDP-N-acetylmuramate dehydrogenase [EC:1.3.1.98]	COG0812	MurB	UDP-N-acetylenolpyruvoylglucosamine reductase	AH-324-J07_00686	0
CACOQN010000006.1	27216	28613	-	AH-324-J07_00687	AH-324-J07	465	OG0000265	K01924	UDP-N-acetylmuramate--alanine ligase [EC:6.3.2.8]	COG0773	MurC	UDP-N-acetylmuramate-alanine ligase MurC and related ligases, MurC/Mpl family	AH-324-J07_00686	1
CACOQN010000006.1	28603	29667	-	AH-324-J07_00688	AH-324-J07	354	OG0000489	K02563	UDP-N-acetylglucosamine--N-acetylmuramyl-(pentapeptide) pyrophosphoryl-undecaprenol N-acetylglucosamine transferase [EC:2.4.1.227]	COG0707	MurG	UDP-N-acetylglucosamine:LPS N-acetylglucosamine transferase	AH-324-J07_00686	2
CACOQN010000006.1	29671	30792	-	AH-324-J07_00689	AH-324-J07	373	OG0000615	NA	NA	COG0772	FtsW	Peptodoglycan polymerase FtsW/RodA/SpoVE	AH-324-J07_00686	3
CACOQN010000006.1	30779	32077	-	AH-324-J07_00690	AH-324-J07	432	OG0000817	NA	NA	COG0771	MurD	UDP-N-acetylmuramoylalanine-D-glutamate ligase	AH-324-J07_00686	4
CACOQN010000006.1	32077	33162	-	AH-324-J07_00691	AH-324-J07	361	OG0000019	K01000	phospho-N-acetylmuramoyl-pentapeptide-transferase [EC:2.7.8.13]	COG0472	Rfe	UDP-N-acetylmuramyl pentapeptide phosphotransferase/UDP-N-acetylglucosamine-1-phosphate transferase/archaeal AglH	AH-324-J07_00686	5
CACORJ010000010.1	4317	5402	+	AH-324-K07_00965	AH-324-K07	361	OG0000019	K01000	phospho-N-acetylmuramoyl-pentapeptide-transferase [EC:2.7.8.13]	COG0472	Rfe	UDP-N-acetylmuramyl pentapeptide phosphotransferase/UDP-N-acetylglucosamine-1-phosphate transferase/archaeal AglH	AH-324-K07_00970	-5
CACORJ010000010.1	5402	6703	+	AH-324-K07_00966	AH-324-K07	433	OG0000817	NA	NA	COG0771	MurD	UDP-N-acetylmuramoylalanine-D-glutamate ligase	AH-324-K07_00970	-4
CACORJ010000010.1	6693	7826	+	AH-324-K07_00967	AH-324-K07	377	OG0000615	NA	NA	COG0772	FtsW	Peptodoglycan polymerase FtsW/RodA/SpoVE	AH-324-K07_00970	-3
CACORJ010000010.1	7823	8887	+	AH-324-K07_00968	AH-324-K07	354	OG0000489	K02563	UDP-N-acetylglucosamine--N-acetylmuramyl-(pentapeptide) pyrophosphoryl-undecaprenol N-acetylglucosamine transferase [EC:2.4.1.227]	COG0707	MurG	UDP-N-acetylglucosamine:LPS N-acetylglucosamine transferase	AH-324-K07_00970	-2
CACORJ010000010.1	8877	10271	+	AH-324-K07_00969	AH-324-K07	464	OG0000265	K01924	UDP-N-acetylmuramate--alanine ligase [EC:6.3.2.8]	COG0773	MurC	UDP-N-acetylmuramate-alanine ligase MurC and related ligases, MurC/Mpl family	AH-324-K07_00970	-1
CACORJ010000010.1	10271	11182	+	AH-324-K07_00970	AH-324-K07	303	OG0000330	K00075	UDP-N-acetylmuramate dehydrogenase [EC:1.3.1.98]	COG0812	MurB	UDP-N-acetylenolpyruvoylglucosamine reductase	AH-324-K07_00970	0
CACORJ010000010.1	11179	12093	+	AH-324-K07_00971	AH-324-K07	304	OG0000580	K01921	D-alanine-D-alanine ligase [EC:6.3.2.4]	COG1181	DdlA	D-alanine-D-alanine ligase or related ATP-grasp enzyme	AH-324-K07_00970	1
CACORJ010000010.1	12074	12742	+	AH-324-K07_00972	AH-324-K07	222	OG0000841	K03589	cell division protein FtsQ	COG1589	FtsQ	Cell division septal protein FtsQ	AH-324-K07_00970	2
CACORJ010000010.1	12735	13439	+	AH-324-K07_00973	AH-324-K07	234	OG0000537	NA	NA	NA	NA	NA	AH-324-K07_00970	3
CACORJ010000010.1	13503	14423	+	AH-324-K07_00974	AH-324-K07	306	OG0000300	K02535	UDP-3-O-[3-hydroxymyristoyl] N-acetylglucosamine deacetylase [EC:3.5.1.108]	COG0774	LpxC	UDP-3-O-acyl-N-acetylglucosamine deacetylase	AH-324-K07_00970	4
CACORJ010000010.1	14462	15298	+	AH-324-K07_00975	AH-324-K07	278	OG0000470	K05807	outer membrane protein assembly factor BamD	COG4105	BamD	Outer membrane protein assembly factor BamD, BamD/ComL family	AH-324-K07_00970	5
CACORG010000005.1	38884	39723	-	AH-324-K09_00549	AH-324-K09	279	OG0000470	K05807	outer membrane protein assembly factor BamD	COG4105	BamD	Outer membrane protein assembly factor BamD, BamD/ComL family	AH-324-K09_00554	-5
CACORG010000005.1	39762	40682	-	AH-324-K09_00550	AH-324-K09	306	OG0000300	K02535	UDP-3-O-[3-hydroxymyristoyl] N-acetylglucosamine deacetylase [EC:3.5.1.108]	COG0774	LpxC	UDP-3-O-acyl-N-acetylglucosamine deacetylase	AH-324-K09_00554	-4
CACORG010000005.1	40746	41924	-	AH-324-K09_00551	AH-324-K09	392	OG0000537	NA	NA	COG0849	FtsA	Cell division ATPase FtsA	AH-324-K09_00554	-3
CACORG010000005.1	41914	42606	-	AH-324-K09_00552	AH-324-K09	230	OG0000841	K03589	cell division protein FtsQ	COG1589	FtsQ	Cell division septal protein FtsQ	AH-324-K09_00554	-2
CACORG010000005.1	42587	43507	-	AH-324-K09_00553	AH-324-K09	306	OG0000580	K01921	D-alanine-D-alanine ligase [EC:6.3.2.4]	COG1181	DdlA	D-alanine-D-alanine ligase or related ATP-grasp enzyme	AH-324-K09_00554	-1
CACORG010000005.1	43504	44409	-	AH-324-K09_00554	AH-324-K09	301	OG0000330	K00075	UDP-N-acetylmuramate dehydrogenase [EC:1.3.1.98]	COG0812	MurB	UDP-N-acetylenolpyruvoylglucosamine reductase	AH-324-K09_00554	0
CACORG010000005.1	44409	45797	-	AH-324-K09_00555	AH-324-K09	462	OG0000265	K01924	UDP-N-acetylmuramate--alanine ligase [EC:6.3.2.8]	COG0773	MurC	UDP-N-acetylmuramate-alanine ligase MurC and related ligases, MurC/Mpl family	AH-324-K09_00554	1
CACORG010000005.1	45787	46848	-	AH-324-K09_00556	AH-324-K09	353	OG0000489	K02563	UDP-N-acetylglucosamine--N-acetylmuramyl-(pentapeptide) pyrophosphoryl-undecaprenol N-acetylglucosamine transferase [EC:2.4.1.227]	COG0707	MurG	UDP-N-acetylglucosamine:LPS N-acetylglucosamine transferase	AH-324-K09_00554	2
CACORG010000005.1	46851	47957	-	AH-324-K09_00557	AH-324-K09	368	OG0000615	NA	NA	COG0772	FtsW	Peptodoglycan polymerase FtsW/RodA/SpoVE	AH-324-K09_00554	3
CACORG010000005.1	47950	49248	-	AH-324-K09_00558	AH-324-K09	432	OG0000817	NA	NA	COG0771	MurD	UDP-N-acetylmuramoylalanine-D-glutamate ligase	AH-324-K09_00554	4
CACORG010000005.1	49248	50333	-	AH-324-K09_00559	AH-324-K09	361	OG0000019	K01000	phospho-N-acetylmuramoyl-pentapeptide-transferase [EC:2.7.8.13]	COG0472	Rfe	UDP-N-acetylmuramyl pentapeptide phosphotransferase/UDP-N-acetylglucosamine-1-phosphate transferase/archaeal AglH	AH-324-K09_00554	5
CACOSU010000007.1	47529	48614	+	AH-324-N03_00937	AH-324-N03	361	OG0000019	K01000	phospho-N-acetylmuramoyl-pentapeptide-transferase [EC:2.7.8.13]	COG0472	Rfe	UDP-N-acetylmuramyl pentapeptide phosphotransferase/UDP-N-acetylglucosamine-1-phosphate transferase/archaeal AglH	AH-324-N03_00942	-5
CACOSU010000007.1	48614	49912	+	AH-324-N03_00938	AH-324-N03	432	OG0000817	NA	NA	COG0771	MurD	UDP-N-acetylmuramoylalanine-D-glutamate ligase	AH-324-N03_00942	-4
CACOSU010000007.1	49899	51020	+	AH-324-N03_00939	AH-324-N03	373	OG0000615	NA	NA	COG0772	FtsW	Peptodoglycan polymerase FtsW/RodA/SpoVE	AH-324-N03_00942	-3
CACOSU010000007.1	51023	52087	+	AH-324-N03_00940	AH-324-N03	354	OG0000489	K02563	UDP-N-acetylglucosamine--N-acetylmuramyl-(pentapeptide) pyrophosphoryl-undecaprenol N-acetylglucosamine transferase [EC:2.4.1.227]	COG0707	MurG	UDP-N-acetylglucosamine:LPS N-acetylglucosamine transferase	AH-324-N03_00942	-2
CACOSU010000007.1	52077	53474	+	AH-324-N03_00941	AH-324-N03	465	OG0000265	K01924	UDP-N-acetylmuramate--alanine ligase [EC:6.3.2.8]	COG0773	MurC	UDP-N-acetylmuramate-alanine ligase MurC and related ligases, MurC/Mpl family	AH-324-N03_00942	-1
CACOSU010000007.1	53471	54376	+	AH-324-N03_00942	AH-324-N03	301	OG0000330	K00075	UDP-N-acetylmuramate dehydrogenase [EC:1.3.1.98]	COG0812	MurB	UDP-N-acetylenolpyruvoylglucosamine reductase	AH-324-N03_00942	0
CACOSU010000007.1	54378	55292	+	AH-324-N03_00943	AH-324-N03	304	OG0000580	K01921	D-alanine-D-alanine ligase [EC:6.3.2.4]	COG1181	DdlA	D-alanine-D-alanine ligase or related ATP-grasp enzyme	AH-324-N03_00942	1
NZES01000033.1	12317	13402	+	ARS1_00804	ARS1	361	OG0000019	K01000	phospho-N-acetylmuramoyl-pentapeptide-transferase [EC:2.7.8.13]	COG0472	Rfe	UDP-N-acetylmuramyl pentapeptide phosphotransferase/UDP-N-acetylglucosamine-1-phosphate transferase/archaeal AglH	ARS1_00809	-5
NZES01000033.1	13406	14728	+	ARS1_00805	ARS1	440	OG0000817	NA	NA	COG0771	MurD	UDP-N-acetylmuramoylalanine-D-glutamate ligase	ARS1_00809	-4
NZES01000033.1	14721	15866	+	ARS1_00806	ARS1	381	OG0000615	NA	NA	COG0772	FtsW	Peptodoglycan polymerase FtsW/RodA/SpoVE	ARS1_00809	-3
NZES01000033.1	15859	16935	+	ARS1_00807	ARS1	358	OG0000489	K02563	UDP-N-acetylglucosamine--N-acetylmuramyl-(pentapeptide) pyrophosphoryl-undecaprenol N-acetylglucosamine transferase [EC:2.4.1.227]	COG0707	MurG	UDP-N-acetylglucosamine:LPS N-acetylglucosamine transferase	ARS1_00809	-2
NZES01000033.1	16938	18335	+	ARS1_00808	ARS1	465	OG0000265	K01924	UDP-N-acetylmuramate--alanine ligase [EC:6.3.2.8]	COG0773	MurC	UDP-N-acetylmuramate-alanine ligase MurC and related ligases, MurC/Mpl family	ARS1_00809	-1
NZES01000033.1	18332	19243	+	ARS1_00809	ARS1	303	OG0000330	K00075	UDP-N-acetylmuramate dehydrogenase [EC:1.3.1.98]	COG0812	MurB	UDP-N-acetylenolpyruvoylglucosamine reductase	ARS1_00809	0
NZES01000033.1	19240	20145	+	ARS1_00810	ARS1	301	OG0000580	K01921	D-alanine-D-alanine ligase [EC:6.3.2.4]	COG1181	DdlA	D-alanine-D-alanine ligase or related ATP-grasp enzyme	ARS1_00809	1
NZES01000033.1	20142	20825	+	ARS1_00811	ARS1	227	OG0000841	K03589	cell division protein FtsQ	COG1589	FtsQ	Cell division septal protein FtsQ	ARS1_00809	2
NZES01000033.1	20828	21142	+	ARS1_00812	ARS1	104	OG0000537	NA	NA	COG0849	FtsA	Cell division ATPase FtsA	ARS1_00809	3
NZES01000033.1	21180	22064	+	ARS1_00813	ARS1	294	OG0000537	K03590	cell division protein FtsA	COG0849	FtsA	Cell division ATPase FtsA	ARS1_00809	4
NZES01000033.1	22136	23062	+	ARS1_00814	ARS1	308	OG0000300	K02535	UDP-3-O-[3-hydroxymyristoyl] N-acetylglucosamine deacetylase [EC:3.5.1.108]	COG0774	LpxC	UDP-3-O-acyl-N-acetylglucosamine deacetylase	ARS1_00809	5
LIBV01000125.1	192	1106	-	BACL5_MAG-120820-bin39_01080	BACL5_MAG-120820-bin39	304	OG0000580	K01921	D-alanine-D-alanine ligase [EC:6.3.2.4]	COG1181	DdlA	D-alanine-D-alanine ligase or related ATP-grasp enzyme	BACL5_MAG-120820-bin39_01081	-1
LIBV01000125.1	1107	2015	-	BACL5_MAG-120820-bin39_01081	BACL5_MAG-120820-bin39	302	OG0000330	K00075	UDP-N-acetylmuramate dehydrogenase [EC:1.3.1.98]	COG0812	MurB	UDP-N-acetylenolpyruvoylglucosamine reductase	BACL5_MAG-120820-bin39_01081	0
LIBV01000125.1	2012	2611	-	BACL5_MAG-120820-bin39_01082	BACL5_MAG-120820-bin39	199	OG0000265	NA	NA	COG0773	MurC	UDP-N-acetylmuramate-alanine ligase MurC and related ligases, MurC/Mpl family	BACL5_MAG-120820-bin39_01081	1
LIBW01000186.1	135	434	+	BACL5_MAG-121015-bin10_01168	BACL5_MAG-121015-bin10	99	OG0000330	NA	NA	COG0812	MurB	UDP-N-acetylenolpyruvoylglucosamine reductase	BACL5_MAG-121015-bin10_01168	0
LIBW01000186.1	435	1349	+	BACL5_MAG-121015-bin10_01169	BACL5_MAG-121015-bin10	304	OG0000580	K01921	D-alanine-D-alanine ligase [EC:6.3.2.4]	COG1181	DdlA	D-alanine-D-alanine ligase or related ATP-grasp enzyme	BACL5_MAG-121015-bin10_01168	1
LIBW01000186.1	1330	2001	+	BACL5_MAG-121015-bin10_01170	BACL5_MAG-121015-bin10	223	OG0000841	K03589	cell division protein FtsQ	COG1589	FtsQ	Cell division septal protein FtsQ	BACL5_MAG-121015-bin10_01168	2
NSIJ01000008.1	41571	42656	+	Baikal-G1_01148	Baikal-G1	361	OG0000019	K01000	phospho-N-acetylmuramoyl-pentapeptide-transferase [EC:2.7.8.13]	COG0472	Rfe	UDP-N-acetylmuramyl pentapeptide phosphotransferase/UDP-N-acetylglucosamine-1-phosphate transferase/archaeal AglH	Baikal-G1_01153	-5
NSIJ01000008.1	42656	43963	+	Baikal-G1_01149	Baikal-G1	435	OG0000817	NA	NA	COG0771	MurD	UDP-N-acetylmuramoylalanine-D-glutamate ligase	Baikal-G1_01153	-4
NSIJ01000008.1	43950	45077	+	Baikal-G1_01150	Baikal-G1	375	OG0000615	NA	NA	COG0772	FtsW	Peptodoglycan polymerase FtsW/RodA/SpoVE	Baikal-G1_01153	-3
NSIJ01000008.1	45080	46147	+	Baikal-G1_01151	Baikal-G1	355	OG0000489	K02563	UDP-N-acetylglucosamine--N-acetylmuramyl-(pentapeptide) pyrophosphoryl-undecaprenol N-acetylglucosamine transferase [EC:2.4.1.227]	COG0707	MurG	UDP-N-acetylglucosamine:LPS N-acetylglucosamine transferase	Baikal-G1_01153	-2
NSIJ01000008.1	46137	47534	+	Baikal-G1_01152	Baikal-G1	465	OG0000265	K01924	UDP-N-acetylmuramate--alanine ligase [EC:6.3.2.8]	COG0773	MurC	UDP-N-acetylmuramate-alanine ligase MurC and related ligases, MurC/Mpl family	Baikal-G1_01153	-1
NSIJ01000008.1	47531	48439	+	Baikal-G1_01153	Baikal-G1	302	OG0000330	K00075	UDP-N-acetylmuramate dehydrogenase [EC:1.3.1.98]	COG0812	MurB	UDP-N-acetylenolpyruvoylglucosamine reductase	Baikal-G1_01153	0
NSIJ01000008.1	48411	49355	+	Baikal-G1_01154	Baikal-G1	314	OG0000580	K01921	D-alanine-D-alanine ligase [EC:6.3.2.4]	COG1181	DdlA	D-alanine-D-alanine ligase or related ATP-grasp enzyme	Baikal-G1_01153	1
NSIJ01000008.1	49333	50010	+	Baikal-G1_01155	Baikal-G1	225	OG0000841	K03589	cell division protein FtsQ	COG1589	FtsQ	Cell division septal protein FtsQ	Baikal-G1_01153	2
NSIJ01000008.1	50000	50707	+	Baikal-G1_01156	Baikal-G1	235	OG0000537	NA	NA	NA	NA	NA	Baikal-G1_01153	3
NSIJ01000008.1	50772	51692	+	Baikal-G1_01157	Baikal-G1	306	OG0000300	K02535	UDP-3-O-[3-hydroxymyristoyl] N-acetylglucosamine deacetylase [EC:3.5.1.108]	COG0774	LpxC	UDP-3-O-acyl-N-acetylglucosamine deacetylase	Baikal-G1_01153	4
NSIJ01000008.1	51741	52583	+	Baikal-G1_01158	Baikal-G1	280	OG0000470	K05807	outer membrane protein assembly factor BamD	COG4105	BamD	Outer membrane protein assembly factor BamD, BamD/ComL family	Baikal-G1_01153	5
NYVZ01000012.1	45566	46372	-	CPC289_00750	CPC289	268	OG0000470	K05807	outer membrane protein assembly factor BamD	COG4105	BamD	Outer membrane protein assembly factor BamD, BamD/ComL family	CPC289_00755	-5
NYVZ01000012.1	46413	47267	-	CPC289_00751	CPC289	284	OG0000300	K02535	UDP-3-O-[3-hydroxymyristoyl] N-acetylglucosamine deacetylase [EC:3.5.1.108]	COG0774	LpxC	UDP-3-O-acyl-N-acetylglucosamine deacetylase	CPC289_00755	-4
NYVZ01000012.1	47324	48526	-	CPC289_00752	CPC289	400	OG0000537	K03590	cell division protein FtsA	COG0849	FtsA	Cell division ATPase FtsA	CPC289_00755	-3
NYVZ01000012.1	48523	49194	-	CPC289_00753	CPC289	223	OG0000841	K03589	cell division protein FtsQ	COG1589	FtsQ	Cell division septal protein FtsQ	CPC289_00755	-2
NYVZ01000012.1	49175	50089	-	CPC289_00754	CPC289	304	OG0000580	K01921	D-alanine-D-alanine ligase [EC:6.3.2.4]	COG1181	DdlA	D-alanine-D-alanine ligase or related ATP-grasp enzyme	CPC289_00755	-1
NYVZ01000012.1	50079	50939	-	CPC289_00755	CPC289	286	OG0000330	K00075	UDP-N-acetylmuramate dehydrogenase [EC:1.3.1.98]	COG0812	MurB	UDP-N-acetylenolpyruvoylglucosamine reductase	CPC289_00755	0
NYVZ01000012.1	50940	52337	-	CPC289_00756	CPC289	465	OG0000265	K01924	UDP-N-acetylmuramate--alanine ligase [EC:6.3.2.8]	COG0773	MurC	UDP-N-acetylmuramate-alanine ligase MurC and related ligases, MurC/Mpl family	CPC289_00755	1
NYVZ01000012.1	52318	53433	-	CPC289_00757	CPC289	371	OG0000489	K02563	UDP-N-acetylglucosamine--N-acetylmuramyl-(pentapeptide) pyrophosphoryl-undecaprenol N-acetylglucosamine transferase [EC:2.4.1.227]	COG0707	MurG	UDP-N-acetylglucosamine:LPS N-acetylglucosamine transferase	CPC289_00755	2
NYVZ01000012.1	53433	54548	-	CPC289_00758	CPC289	371	OG0000615	NA	NA	COG0772	FtsW	Peptodoglycan polymerase FtsW/RodA/SpoVE	CPC289_00755	3
NYVZ01000012.1	54523	55722	-	CPC289_00759	CPC289	399	OG0000817	NA	NA	COG0771	MurD	UDP-N-acetylmuramoylalanine-D-glutamate ligase	CPC289_00755	4
NYVZ01000012.1	55723	56811	-	CPC289_00760	CPC289	362	OG0000019	K01000	phospho-N-acetylmuramoyl-pentapeptide-transferase [EC:2.7.8.13]	COG0472	Rfe	UDP-N-acetylmuramyl pentapeptide phosphotransferase/UDP-N-acetylglucosamine-1-phosphate transferase/archaeal AglH	CPC289_00755	5
JAGFVZ010000020.1	404	637	+	ETNP2013_S02_SV82_300m_MAG_01_00285	ETNP2013_S02_SV82_300m_MAG_01	77	NA	NA	NA	NA	NA	NA	ETNP2013_S02_SV82_300m_MAG_01_00288	-3
JAGFVZ010000020.1	958	1638	-	ETNP2013_S02_SV82_300m_MAG_01_00286	ETNP2013_S02_SV82_300m_MAG_01	226	OG0000841	K03589	cell division protein FtsQ	COG1589	FtsQ	Cell division septal protein FtsQ	ETNP2013_S02_SV82_300m_MAG_01_00288	-2
JAGFVZ010000020.1	1635	2564	-	ETNP2013_S02_SV82_300m_MAG_01_00287	ETNP2013_S02_SV82_300m_MAG_01	309	OG0000580	K01921	D-alanine-D-alanine ligase [EC:6.3.2.4]	COG1181	DdlA	D-alanine-D-alanine ligase or related ATP-grasp enzyme	ETNP2013_S02_SV82_300m_MAG_01_00288	-1
JAGFVZ010000020.1	2567	3439	-	ETNP2013_S02_SV82_300m_MAG_01_00288	ETNP2013_S02_SV82_300m_MAG_01	290	OG0000330	K00075	UDP-N-acetylmuramate dehydrogenase [EC:1.3.1.98]	COG0812	MurB	UDP-N-acetylenolpyruvoylglucosamine reductase	ETNP2013_S02_SV82_300m_MAG_01_00288	0
JAGFVZ010000020.1	3441	4835	-	ETNP2013_S02_SV82_300m_MAG_01_00289	ETNP2013_S02_SV82_300m_MAG_01	464	OG0000265	K01924	UDP-N-acetylmuramate--alanine ligase [EC:6.3.2.8]	COG0773	MurC	UDP-N-acetylmuramate-alanine ligase MurC and related ligases, MurC/Mpl family	ETNP2013_S02_SV82_300m_MAG_01_00288	1
JAGFVZ010000020.1	4896	5915	-	ETNP2013_S02_SV82_300m_MAG_01_00290	ETNP2013_S02_SV82_300m_MAG_01	339	OG0000489	K02563	UDP-N-acetylglucosamine--N-acetylmuramyl-(pentapeptide) pyrophosphoryl-undecaprenol N-acetylglucosamine transferase [EC:2.4.1.227]	COG0707	MurG	UDP-N-acetylglucosamine:LPS N-acetylglucosamine transferase	ETNP2013_S02_SV82_300m_MAG_01_00288	2
JAGFVZ010000020.1	5916	7055	-	ETNP2013_S02_SV82_300m_MAG_01_00291	ETNP2013_S02_SV82_300m_MAG_01	379	OG0000615	NA	NA	COG0772	FtsW	Peptodoglycan polymerase FtsW/RodA/SpoVE	ETNP2013_S02_SV82_300m_MAG_01_00288	3
JAGFVZ010000020.1	7036	8349	-	ETNP2013_S02_SV82_300m_MAG_01_00292	ETNP2013_S02_SV82_300m_MAG_01	437	OG0000817	NA	NA	COG0771	MurD	UDP-N-acetylmuramoylalanine-D-glutamate ligase	ETNP2013_S02_SV82_300m_MAG_01_00288	4
JAGFVZ010000020.1	8351	9436	-	ETNP2013_S02_SV82_300m_MAG_01_00293	ETNP2013_S02_SV82_300m_MAG_01	361	OG0000019	K01000	phospho-N-acetylmuramoyl-pentapeptide-transferase [EC:2.7.8.13]	COG0472	Rfe	UDP-N-acetylmuramyl pentapeptide phosphotransferase/UDP-N-acetylglucosamine-1-phosphate transferase/archaeal AglH	ETNP2013_S02_SV82_300m_MAG_01_00288	5
CP031125.1	817675	818760	+	FZCC0015_00867	FZCC0015	361	OG0000019	K01000	phospho-N-acetylmuramoyl-pentapeptide-transferase [EC:2.7.8.13]	COG0472	Rfe	UDP-N-acetylmuramyl pentapeptide phosphotransferase/UDP-N-acetylglucosamine-1-phosphate transferase/archaeal AglH	FZCC0015_00872	-5
CP031125.1	818760	820058	+	FZCC0015_00868	FZCC0015	432	OG0000817	NA	NA	COG0771	MurD	UDP-N-acetylmuramoylalanine-D-glutamate ligase	FZCC0015_00872	-4
CP031125.1	820045	821166	+	FZCC0015_00869	FZCC0015	373	OG0000615	NA	NA	COG0772	FtsW	Peptodoglycan polymerase FtsW/RodA/SpoVE	FZCC0015_00872	-3
CP031125.1	821170	822234	+	FZCC0015_00870	FZCC0015	354	OG0000489	K02563	UDP-N-acetylglucosamine--N-acetylmuramyl-(pentapeptide) pyrophosphoryl-undecaprenol N-acetylglucosamine transferase [EC:2.4.1.227]	COG0707	MurG	UDP-N-acetylglucosamine:LPS N-acetylglucosamine transferase	FZCC0015_00872	-2
CP031125.1	822224	823621	+	FZCC0015_00871	FZCC0015	465	OG0000265	K01924	UDP-N-acetylmuramate--alanine ligase [EC:6.3.2.8]	COG0773	MurC	UDP-N-acetylmuramate-alanine ligase MurC and related ligases, MurC/Mpl family	FZCC0015_00872	-1
CP031125.1	823618	824523	+	FZCC0015_00872	FZCC0015	301	OG0000330	K00075	UDP-N-acetylmuramate dehydrogenase [EC:1.3.1.98]	COG0812	MurB	UDP-N-acetylenolpyruvoylglucosamine reductase	FZCC0015_00872	0
CP031125.1	824525	825436	+	FZCC0015_00873	FZCC0015	303	OG0000580	K01921	D-alanine-D-alanine ligase [EC:6.3.2.4]	COG1181	DdlA	D-alanine-D-alanine ligase or related ATP-grasp enzyme	FZCC0015_00872	1
CP031125.1	825417	826088	+	FZCC0015_00874	FZCC0015	223	OG0000841	K03589	cell division protein FtsQ	COG1589	FtsQ	Cell division septal protein FtsQ	FZCC0015_00872	2
CP031125.1	826081	826782	+	FZCC0015_00875	FZCC0015	233	OG0000537	NA	NA	NA	NA	NA	FZCC0015_00872	3
CP031125.1	826847	827767	+	FZCC0015_00876	FZCC0015	306	OG0000300	K02535	UDP-3-O-[3-hydroxymyristoyl] N-acetylglucosamine deacetylase [EC:3.5.1.108]	COG0774	LpxC	UDP-3-O-acyl-N-acetylglucosamine deacetylase	FZCC0015_00872	4
CP031125.1	827816	828661	+	FZCC0015_00877	FZCC0015	281	OG0000470	K05807	outer membrane protein assembly factor BamD	COG4105	BamD	Outer membrane protein assembly factor BamD, BamD/ComL family	FZCC0015_00872	5
LHBX01000073.1	39530	40615	+	GOM-A1_01206	GOM-A1	361	OG0000019	K01000	phospho-N-acetylmuramoyl-pentapeptide-transferase [EC:2.7.8.13]	COG0472	Rfe	UDP-N-acetylmuramyl pentapeptide phosphotransferase/UDP-N-acetylglucosamine-1-phosphate transferase/archaeal AglH	GOM-A1_01211	-5
LHBX01000073.1	40615	41901	+	GOM-A1_01207	GOM-A1	428	OG0000817	NA	NA	COG0771	MurD	UDP-N-acetylmuramoylalanine-D-glutamate ligase	GOM-A1_01211	-4
LHBX01000073.1	41898	43007	+	GOM-A1_01208	GOM-A1	369	OG0000615	NA	NA	COG0772	FtsW	Peptodoglycan polymerase FtsW/RodA/SpoVE	GOM-A1_01211	-3
LHBX01000073.1	43009	44085	+	GOM-A1_01209	GOM-A1	358	OG0000489	K02563	UDP-N-acetylglucosamine--N-acetylmuramyl-(pentapeptide) pyrophosphoryl-undecaprenol N-acetylglucosamine transferase [EC:2.4.1.227]	COG0707	MurG	UDP-N-acetylglucosamine:LPS N-acetylglucosamine transferase	GOM-A1_01211	-2
LHBX01000073.1	44075	45457	+	GOM-A1_01210	GOM-A1	460	OG0000265	K01924	UDP-N-acetylmuramate--alanine ligase [EC:6.3.2.8]	COG0773	MurC	UDP-N-acetylmuramate-alanine ligase MurC and related ligases, MurC/Mpl family	GOM-A1_01211	-1
LHBX01000073.1	45459	46367	+	GOM-A1_01211	GOM-A1	302	OG0000330	K00075	UDP-N-acetylmuramate dehydrogenase [EC:1.3.1.98]	COG0812	MurB	UDP-N-acetylenolpyruvoylglucosamine reductase	GOM-A1_01211	0
LHBX01000073.1	46367	47287	+	GOM-A1_01212	GOM-A1	306	OG0000580	K01921	D-alanine-D-alanine ligase [EC:6.3.2.4]	COG1181	DdlA	D-alanine-D-alanine ligase or related ATP-grasp enzyme	GOM-A1_01211	1
LHBX01000073.1	47268	47957	+	GOM-A1_01213	GOM-A1	229	OG0000841	K03589	cell division protein FtsQ	COG1589	FtsQ	Cell division septal protein FtsQ	GOM-A1_01211	2
LHBX01000073.1	47950	49116	+	GOM-A1_01214	GOM-A1	388	OG0000537	K03590	cell division protein FtsA	COG0849	FtsA	Cell division ATPase FtsA	GOM-A1_01211	3
LHBX01000073.1	49179	50099	+	GOM-A1_01215	GOM-A1	306	OG0000300	K02535	UDP-3-O-[3-hydroxymyristoyl] N-acetylglucosamine deacetylase [EC:3.5.1.108]	COG0774	LpxC	UDP-3-O-acyl-N-acetylglucosamine deacetylase	GOM-A1_01211	4
ATTF01000007.1	145	1080	-	HIMB058_00454	HIMB058	311	OG0000580	K01921	D-alanine-D-alanine ligase [EC:6.3.2.4]	COG1181	DdlA	D-alanine-D-alanine ligase or related ATP-grasp enzyme	HIMB058_00455	-1
ATTF01000007.1	1073	1978	-	HIMB058_00455	HIMB058	301	OG0000330	K00075	UDP-N-acetylmuramate dehydrogenase [EC:1.3.1.98]	COG0812	MurB	UDP-N-acetylenolpyruvoylglucosamine reductase	HIMB058_00455	0
ATTF01000007.1	1975	3372	-	HIMB058_00456	HIMB058	465	OG0000265	K01924	UDP-N-acetylmuramate--alanine ligase [EC:6.3.2.8]	COG0773	MurC	UDP-N-acetylmuramate-alanine ligase MurC and related ligases, MurC/Mpl family	HIMB058_00455	1
ATTF01000007.1	3359	4453	-	HIMB058_00457	HIMB058	364	OG0000489	K02563	UDP-N-acetylglucosamine--N-acetylmuramyl-(pentapeptide) pyrophosphoryl-undecaprenol N-acetylglucosamine transferase [EC:2.4.1.227]	COG0707	MurG	UDP-N-acetylglucosamine:LPS N-acetylglucosamine transferase	HIMB058_00455	2
ATTF01000007.1	4446	5573	-	HIMB058_00458	HIMB058	375	OG0000615	NA	NA	COG0772	FtsW	Peptodoglycan polymerase FtsW/RodA/SpoVE	HIMB058_00455	3
ATTF01000007.1	5554	6831	-	HIMB058_00459	HIMB058	425	OG0000817	NA	NA	COG0771	MurD	UDP-N-acetylmuramoylalanine-D-glutamate ligase	HIMB058_00455	4
ATTF01000007.1	6833	7918	-	HIMB058_00460	HIMB058	361	OG0000019	K01000	phospho-N-acetylmuramoyl-pentapeptide-transferase [EC:2.7.8.13]	COG0472	Rfe	UDP-N-acetylmuramyl pentapeptide phosphotransferase/UDP-N-acetylglucosamine-1-phosphate transferase/archaeal AglH	HIMB058_00455	5
AZAL01000001.1	1164057	1165142	+	HIMB083_01250	HIMB083	361	OG0000019	K01000	phospho-N-acetylmuramoyl-pentapeptide-transferase [EC:2.7.8.13]	COG0472	Rfe	UDP-N-acetylmuramyl pentapeptide phosphotransferase/UDP-N-acetylglucosamine-1-phosphate transferase/archaeal AglH	HIMB083_01255	-5
AZAL01000001.1	1165142	1166440	+	HIMB083_01251	HIMB083	432	OG0000817	NA	NA	COG0771	MurD	UDP-N-acetylmuramoylalanine-D-glutamate ligase	HIMB083_01255	-4
AZAL01000001.1	1166427	1167548	+	HIMB083_01252	HIMB083	373	OG0000615	NA	NA	COG0772	FtsW	Peptodoglycan polymerase FtsW/RodA/SpoVE	HIMB083_01255	-3
AZAL01000001.1	1167552	1168616	+	HIMB083_01253	HIMB083	354	OG0000489	K02563	UDP-N-acetylglucosamine--N-acetylmuramyl-(pentapeptide) pyrophosphoryl-undecaprenol N-acetylglucosamine transferase [EC:2.4.1.227]	COG0707	MurG	UDP-N-acetylglucosamine:LPS N-acetylglucosamine transferase	HIMB083_01255	-2
AZAL01000001.1	1168606	1170000	+	HIMB083_01254	HIMB083	464	OG0000265	K01924	UDP-N-acetylmuramate--alanine ligase [EC:6.3.2.8]	COG0773	MurC	UDP-N-acetylmuramate-alanine ligase MurC and related ligases, MurC/Mpl family	HIMB083_01255	-1
AZAL01000001.1	1170000	1170905	+	HIMB083_01255	HIMB083	301	OG0000330	K00075	UDP-N-acetylmuramate dehydrogenase [EC:1.3.1.98]	COG0812	MurB	UDP-N-acetylenolpyruvoylglucosamine reductase	HIMB083_01255	0
AZAL01000001.1	1170907	1171821	+	HIMB083_01256	HIMB083	304	OG0000580	K01921	D-alanine-D-alanine ligase [EC:6.3.2.4]	COG1181	DdlA	D-alanine-D-alanine ligase or related ATP-grasp enzyme	HIMB083_01255	1
AZAL01000001.1	1171802	1172473	+	HIMB083_01257	HIMB083	223	OG0000841	K03589	cell division protein FtsQ	COG1589	FtsQ	Cell division septal protein FtsQ	HIMB083_01255	2
AZAL01000001.1	1172466	1173164	+	HIMB083_01258	HIMB083	232	OG0000537	NA	NA	NA	NA	NA	HIMB083_01255	3
AZAL01000001.1	1173231	1174145	+	HIMB083_01259	HIMB083	304	OG0000300	K02535	UDP-3-O-[3-hydroxymyristoyl] N-acetylglucosamine deacetylase [EC:3.5.1.108]	COG0774	LpxC	UDP-3-O-acyl-N-acetylglucosamine deacetylase	HIMB083_01255	4
AZAL01000001.1	1174183	1175019	+	HIMB083_01260	HIMB083	278	OG0000470	K05807	outer membrane protein assembly factor BamD	COG4105	BamD	Outer membrane protein assembly factor BamD, BamD/ComL family	HIMB083_01255	5
HIMB109-00000000002	169366	170571	-	HIMB109_00518	HIMB109	401	OG0000537	K03590	cell division protein FtsA	COG0849	FtsA	Cell division ATPase FtsA	HIMB109_00523	-5
HIMB109-00000000002	170568	171032	-	HIMB109_00519	HIMB109	154	OG0000841	K03589	cell division protein FtsQ	COG1589	FtsQ	Cell division septal protein FtsQ	HIMB109_00523	-4
HIMB109-00000000002	171010	171240	-	HIMB109_00520	HIMB109	76	OG0000841	NA	NA	NA	NA	NA	HIMB109_00523	-3
HIMB109-00000000002	171221	171370	-	HIMB109_00521	HIMB109	49	OG0000580	NA	NA	COG1181	DdlA	D-alanine-D-alanine ligase or related ATP-grasp enzyme	HIMB109_00523	-2
HIMB109-00000000002	171778	172134	-	HIMB109_00522	HIMB109	118	OG0000580	K01921	D-alanine-D-alanine ligase [EC:6.3.2.4]	COG1181	DdlA	D-alanine-D-alanine ligase or related ATP-grasp enzyme	HIMB109_00523	-1
HIMB109-00000000002	172124	172987	-	HIMB109_00523	HIMB109	287	OG0000330	K00075	UDP-N-acetylmuramate dehydrogenase [EC:1.3.1.98]	COG0812	MurB	UDP-N-acetylenolpyruvoylglucosamine reductase	HIMB109_00523	0
HIMB109-00000000002	172987	174378	-	HIMB109_00524	HIMB109	463	OG0000265	K01924	UDP-N-acetylmuramate--alanine ligase [EC:6.3.2.8]	COG0773	MurC	UDP-N-acetylmuramate-alanine ligase MurC and related ligases, MurC/Mpl family	HIMB109_00523	1
HIMB109-00000000002	174418	175527	-	HIMB109_00525	HIMB109	369	OG0000615	NA	NA	COG0772	FtsW	Peptodoglycan polymerase FtsW/RodA/SpoVE	HIMB109_00523	2
HIMB109-00000000002	175508	176032	-	HIMB109_00526	HIMB109	174	OG0000817	NA	NA	COG0771	MurD	UDP-N-acetylmuramoylalanine-D-glutamate ligase	HIMB109_00523	3
ADAC02000001.1	159200	160531	+	HIMB114_00173	HIMB114	443	OG0000125	K01929	UDP-N-acetylmuramoyl-tripeptide--D-alanyl-D-alanine ligase [EC:6.3.2.10]	COG0770	MurF	UDP-N-acetylmuramyl pentapeptide synthase	HIMB114_00178	-5
ADAC02000001.1	160531	161619	+	HIMB114_00174	HIMB114	362	OG0000019	K01000	phospho-N-acetylmuramoyl-pentapeptide-transferase [EC:2.7.8.13]	COG0472	Rfe	UDP-N-acetylmuramyl pentapeptide phosphotransferase/UDP-N-acetylglucosamine-1-phosphate transferase/archaeal AglH	HIMB114_00178	-4
ADAC02000001.1	161620	162825	+	HIMB114_00175	HIMB114	401	OG0000817	NA	NA	COG0771	MurD	UDP-N-acetylmuramoylalanine-D-glutamate ligase	HIMB114_00178	-3
ADAC02000001.1	162806	163915	+	HIMB114_00176	HIMB114	369	OG0000615	NA	NA	COG0772	FtsW	Peptodoglycan polymerase FtsW/RodA/SpoVE	HIMB114_00178	-2
ADAC02000001.1	163955	165346	+	HIMB114_00177	HIMB114	463	OG0000265	K01924	UDP-N-acetylmuramate--alanine ligase [EC:6.3.2.8]	COG0773	MurC	UDP-N-acetylmuramate-alanine ligase MurC and related ligases, MurC/Mpl family	HIMB114_00178	-1
ADAC02000001.1	165346	166209	+	HIMB114_00178	HIMB114	287	OG0000330	K00075	UDP-N-acetylmuramate dehydrogenase [EC:1.3.1.98]	COG0812	MurB	UDP-N-acetylenolpyruvoylglucosamine reductase	HIMB114_00178	0
ADAC02000001.1	166229	167116	+	HIMB114_00179	HIMB114	295	OG0000580	K01921	D-alanine-D-alanine ligase [EC:6.3.2.4]	COG1181	DdlA	D-alanine-D-alanine ligase or related ATP-grasp enzyme	HIMB114_00178	1
ADAC02000001.1	167097	167765	+	HIMB114_00180	HIMB114	222	OG0000841	K03589	cell division protein FtsQ	COG1589	FtsQ	Cell division septal protein FtsQ	HIMB114_00178	2
ADAC02000001.1	167755	168957	+	HIMB114_00181	HIMB114	400	OG0000537	K03590	cell division protein FtsA	COG0849	FtsA	Cell division ATPase FtsA	HIMB114_00178	3
ADAC02000001.1	169010	169852	+	HIMB114_00182	HIMB114	280	OG0000300	K02535	UDP-3-O-[3-hydroxymyristoyl] N-acetylglucosamine deacetylase [EC:3.5.1.108]	COG0774	LpxC	UDP-3-O-acyl-N-acetylglucosamine deacetylase	HIMB114_00178	4
ADAC02000001.1	169903	170736	+	HIMB114_00183	HIMB114	277	OG0000470	K05807	outer membrane protein assembly factor BamD	COG4105	BamD	Outer membrane protein assembly factor BamD, BamD/ComL family	HIMB114_00178	5
O147DRAFT_scaffold00001.1	109874	110719	-	HIMB122_00115	HIMB122	281	OG0000470	K05807	outer membrane protein assembly factor BamD	COG4105	BamD	Outer membrane protein assembly factor BamD, BamD/ComL family	HIMB122_00120	-5
O147DRAFT_scaffold00001.1	110766	111686	-	HIMB122_00116	HIMB122	306	OG0000300	K02535	UDP-3-O-[3-hydroxymyristoyl] N-acetylglucosamine deacetylase [EC:3.5.1.108]	COG0774	LpxC	UDP-3-O-acyl-N-acetylglucosamine deacetylase	HIMB122_00120	-4
O147DRAFT_scaffold00001.1	111751	112455	-	HIMB122_00117	HIMB122	234	OG0000537	NA	NA	NA	NA	NA	HIMB122_00120	-3
O147DRAFT_scaffold00001.1	112448	113122	-	HIMB122_00118	HIMB122	224	OG0000841	K03589	cell division protein FtsQ	COG1589	FtsQ	Cell division septal protein FtsQ	HIMB122_00120	-2
O147DRAFT_scaffold00001.1	113103	114017	-	HIMB122_00119	HIMB122	304	OG0000580	K01921	D-alanine-D-alanine ligase [EC:6.3.2.4]	COG1181	DdlA	D-alanine-D-alanine ligase or related ATP-grasp enzyme	HIMB122_00120	-1
O147DRAFT_scaffold00001.1	114019	114924	-	HIMB122_00120	HIMB122	301	OG0000330	K00075	UDP-N-acetylmuramate dehydrogenase [EC:1.3.1.98]	COG0812	MurB	UDP-N-acetylenolpyruvoylglucosamine reductase	HIMB122_00120	0
O147DRAFT_scaffold00001.1	114924	116318	-	HIMB122_00121	HIMB122	464	OG0000265	K01924	UDP-N-acetylmuramate--alanine ligase [EC:6.3.2.8]	COG0773	MurC	UDP-N-acetylmuramate-alanine ligase MurC and related ligases, MurC/Mpl family	HIMB122_00120	1
O147DRAFT_scaffold00001.1	116308	117375	-	HIMB122_00122	HIMB122	355	OG0000489	K02563	UDP-N-acetylglucosamine--N-acetylmuramyl-(pentapeptide) pyrophosphoryl-undecaprenol N-acetylglucosamine transferase [EC:2.4.1.227]	COG0707	MurG	UDP-N-acetylglucosamine:LPS N-acetylglucosamine transferase	HIMB122_00120	2
O147DRAFT_scaffold00001.1	117376	118497	-	HIMB122_00123	HIMB122	373	OG0000615	NA	NA	COG0772	FtsW	Peptodoglycan polymerase FtsW/RodA/SpoVE	HIMB122_00120	3
O147DRAFT_scaffold00001.1	118487	119770	-	HIMB122_00124	HIMB122	427	OG0000817	NA	NA	COG0771	MurD	UDP-N-acetylmuramoylalanine-D-glutamate ligase	HIMB122_00120	4
O147DRAFT_scaffold00001.1	119770	120855	-	HIMB122_00125	HIMB122	361	OG0000019	K01000	phospho-N-acetylmuramoyl-pentapeptide-transferase [EC:2.7.8.13]	COG0472	Rfe	UDP-N-acetylmuramyl pentapeptide phosphotransferase/UDP-N-acetylglucosamine-1-phosphate transferase/archaeal AglH	HIMB122_00120	5
HIMB123-00000000002	29017	29871	-	HIMB123_00076	HIMB123	284	OG0000470	K05807	outer membrane protein assembly factor BamD	COG4105	BamD	Outer membrane protein assembly factor BamD, BamD/ComL family	HIMB123_00081	-5
HIMB123-00000000002	29921	30841	-	HIMB123_00077	HIMB123	306	OG0000300	K02535	UDP-3-O-[3-hydroxymyristoyl] N-acetylglucosamine deacetylase [EC:3.5.1.108]	COG0774	LpxC	UDP-3-O-acyl-N-acetylglucosamine deacetylase	HIMB123_00081	-4
HIMB123-00000000002	30906	31610	-	HIMB123_00078	HIMB123	234	OG0000537	NA	NA	NA	NA	NA	HIMB123_00081	-3
HIMB123-00000000002	31607	32275	-	HIMB123_00079	HIMB123	222	OG0000841	NA	NA	COG1589	FtsQ	Cell division septal protein FtsQ	HIMB123_00081	-2
HIMB123-00000000002	32256	33170	-	HIMB123_00080	HIMB123	304	OG0000580	K01921	D-alanine-D-alanine ligase [EC:6.3.2.4]	COG1181	DdlA	D-alanine-D-alanine ligase or related ATP-grasp enzyme	HIMB123_00081	-1
HIMB123-00000000002	33172	34077	-	HIMB123_00081	HIMB123	301	OG0000330	K00075	UDP-N-acetylmuramate dehydrogenase [EC:1.3.1.98]	COG0812	MurB	UDP-N-acetylenolpyruvoylglucosamine reductase	HIMB123_00081	0
HIMB123-00000000002	34074	35471	-	HIMB123_00082	HIMB123	465	OG0000265	K01924	UDP-N-acetylmuramate--alanine ligase [EC:6.3.2.8]	COG0773	MurC	UDP-N-acetylmuramate-alanine ligase MurC and related ligases, MurC/Mpl family	HIMB123_00081	1
HIMB123-00000000002	35461	36525	-	HIMB123_00083	HIMB123	354	OG0000489	K02563	UDP-N-acetylglucosamine--N-acetylmuramyl-(pentapeptide) pyrophosphoryl-undecaprenol N-acetylglucosamine transferase [EC:2.4.1.227]	COG0707	MurG	UDP-N-acetylglucosamine:LPS N-acetylglucosamine transferase	HIMB123_00081	2
HIMB123-00000000002	36529	37650	-	HIMB123_00084	HIMB123	373	OG0000615	NA	NA	COG0772	FtsW	Peptodoglycan polymerase FtsW/RodA/SpoVE	HIMB123_00081	3
HIMB123-00000000002	37637	38935	-	HIMB123_00085	HIMB123	432	OG0000817	NA	NA	COG0771	MurD	UDP-N-acetylmuramoylalanine-D-glutamate ligase	HIMB123_00081	4
HIMB123-00000000002	38935	40020	-	HIMB123_00086	HIMB123	361	OG0000019	K01000	phospho-N-acetylmuramoyl-pentapeptide-transferase [EC:2.7.8.13]	COG0472	Rfe	UDP-N-acetylmuramyl pentapeptide phosphotransferase/UDP-N-acetylglucosamine-1-phosphate transferase/archaeal AglH	HIMB123_00081	5
LT840186.1	101557	102642	+	HIMB1321_00111	HIMB1321	361	OG0000019	K01000	phospho-N-acetylmuramoyl-pentapeptide-transferase [EC:2.7.8.13]	COG0472	Rfe	UDP-N-acetylmuramyl pentapeptide phosphotransferase/UDP-N-acetylglucosamine-1-phosphate transferase/archaeal AglH	HIMB1321_00116	-5
LT840186.1	102642	103934	+	HIMB1321_00112	HIMB1321	430	OG0000817	NA	NA	COG0771	MurD	UDP-N-acetylmuramoylalanine-D-glutamate ligase	HIMB1321_00116	-4
LT840186.1	103931	105058	+	HIMB1321_00113	HIMB1321	375	OG0000615	NA	NA	COG0772	FtsW	Peptodoglycan polymerase FtsW/RodA/SpoVE	HIMB1321_00116	-3
LT840186.1	105061	106125	+	HIMB1321_00114	HIMB1321	354	OG0000489	K02563	UDP-N-acetylglucosamine--N-acetylmuramyl-(pentapeptide) pyrophosphoryl-undecaprenol N-acetylglucosamine transferase [EC:2.4.1.227]	COG0707	MurG	UDP-N-acetylglucosamine:LPS N-acetylglucosamine transferase	HIMB1321_00116	-2
LT840186.1	106115	107512	+	HIMB1321_00115	HIMB1321	465	OG0000265	K01924	UDP-N-acetylmuramate--alanine ligase [EC:6.3.2.8]	COG0773	MurC	UDP-N-acetylmuramate-alanine ligase MurC and related ligases, MurC/Mpl family	HIMB1321_00116	-1
LT840186.1	107509	108420	+	HIMB1321_00116	HIMB1321	303	OG0000330	K00075	UDP-N-acetylmuramate dehydrogenase [EC:1.3.1.98]	COG0812	MurB	UDP-N-acetylenolpyruvoylglucosamine reductase	HIMB1321_00116	0
LT840186.1	108417	109331	+	HIMB1321_00117	HIMB1321	304	OG0000580	K01921	D-alanine-D-alanine ligase [EC:6.3.2.4]	COG1181	DdlA	D-alanine-D-alanine ligase or related ATP-grasp enzyme	HIMB1321_00116	1
LT840186.1	109309	109986	+	HIMB1321_00118	HIMB1321	225	OG0000841	K03589	cell division protein FtsQ	COG1589	FtsQ	Cell division septal protein FtsQ	HIMB1321_00116	2
LT840186.1	109979	110677	+	HIMB1321_00119	HIMB1321	232	OG0000537	NA	NA	NA	NA	NA	HIMB1321_00116	3
LT840186.1	110741	111661	+	HIMB1321_00120	HIMB1321	306	OG0000300	K02535	UDP-3-O-[3-hydroxymyristoyl] N-acetylglucosamine deacetylase [EC:3.5.1.108]	COG0774	LpxC	UDP-3-O-acyl-N-acetylglucosamine deacetylase	HIMB1321_00116	4
LT840186.1	111711	112547	+	HIMB1321_00121	HIMB1321	278	OG0000470	K05807	outer membrane protein assembly factor BamD	COG4105	BamD	Outer membrane protein assembly factor BamD, BamD/ComL family	HIMB1321_00116	5
HIMB1402-00000000001	82559	83644	+	HIMB1402_00090	HIMB1402	361	OG0000019	K01000	phospho-N-acetylmuramoyl-pentapeptide-transferase [EC:2.7.8.13]	COG0472	Rfe	UDP-N-acetylmuramyl pentapeptide phosphotransferase/UDP-N-acetylglucosamine-1-phosphate transferase/archaeal AglH	HIMB1402_00095	-5
HIMB1402-00000000001	83641	84927	+	HIMB1402_00091	HIMB1402	428	OG0000817	NA	NA	COG0771	MurD	UDP-N-acetylmuramoylalanine-D-glutamate ligase	HIMB1402_00095	-4
HIMB1402-00000000001	84917	86041	+	HIMB1402_00092	HIMB1402	374	OG0000615	NA	NA	COG0772	FtsW	Peptodoglycan polymerase FtsW/RodA/SpoVE	HIMB1402_00095	-3
HIMB1402-00000000001	86043	87107	+	HIMB1402_00093	HIMB1402	354	OG0000489	K02563	UDP-N-acetylglucosamine--N-acetylmuramyl-(pentapeptide) pyrophosphoryl-undecaprenol N-acetylglucosamine transferase [EC:2.4.1.227]	COG0707	MurG	UDP-N-acetylglucosamine:LPS N-acetylglucosamine transferase	HIMB1402_00095	-2
HIMB1402-00000000001	87097	88491	+	HIMB1402_00094	HIMB1402	464	OG0000265	K01924	UDP-N-acetylmuramate--alanine ligase [EC:6.3.2.8]	COG0773	MurC	UDP-N-acetylmuramate-alanine ligase MurC and related ligases, MurC/Mpl family	HIMB1402_00095	-1
HIMB1402-00000000001	88491	89399	+	HIMB1402_00095	HIMB1402	302	OG0000330	K00075	UDP-N-acetylmuramate dehydrogenase [EC:1.3.1.98]	COG0812	MurB	UDP-N-acetylenolpyruvoylglucosamine reductase	HIMB1402_00095	0
HIMB1402-00000000001	89401	90312	+	HIMB1402_00096	HIMB1402	303	OG0000580	K01921	D-alanine-D-alanine ligase [EC:6.3.2.4]	COG1181	DdlA	D-alanine-D-alanine ligase or related ATP-grasp enzyme	HIMB1402_00095	1
HIMB1402-00000000001	90293	90961	+	HIMB1402_00097	HIMB1402	222	OG0000841	K03589	cell division protein FtsQ	COG1589	FtsQ	Cell division septal protein FtsQ	HIMB1402_00095	2
HIMB1402-00000000001	90954	91658	+	HIMB1402_00098	HIMB1402	234	OG0000537	NA	NA	NA	NA	NA	HIMB1402_00095	3
HIMB1402-00000000001	91723	92643	+	HIMB1402_00099	HIMB1402	306	OG0000300	K02535	UDP-3-O-[3-hydroxymyristoyl] N-acetylglucosamine deacetylase [EC:3.5.1.108]	COG0774	LpxC	UDP-3-O-acyl-N-acetylglucosamine deacetylase	HIMB1402_00095	4
HIMB1402-00000000001	92691	93539	+	HIMB1402_00100	HIMB1402	282	OG0000470	K05807	outer membrane protein assembly factor BamD	COG4105	BamD	Outer membrane protein assembly factor BamD, BamD/ComL family	HIMB1402_00095	5
HIMB1409-00000000006	885	1805	-	HIMB1409_01069	HIMB1409	306	OG0000300	K02535	UDP-3-O-[3-hydroxymyristoyl] N-acetylglucosamine deacetylase [EC:3.5.1.108]	COG0774	LpxC	UDP-3-O-acyl-N-acetylglucosamine deacetylase	HIMB1409_01073	-4
HIMB1409-00000000006	1869	2573	-	HIMB1409_01070	HIMB1409	234	OG0000537	NA	NA	NA	NA	NA	HIMB1409_01073	-3
HIMB1409-00000000006	2566	3237	-	HIMB1409_01071	HIMB1409	223	OG0000841	K03589	cell division protein FtsQ	COG1589	FtsQ	Cell division septal protein FtsQ	HIMB1409_01073	-2
HIMB1409-00000000006	3218	4132	-	HIMB1409_01072	HIMB1409	304	OG0000580	K01921	D-alanine-D-alanine ligase [EC:6.3.2.4]	COG1181	DdlA	D-alanine-D-alanine ligase or related ATP-grasp enzyme	HIMB1409_01073	-1
HIMB1409-00000000006	4134	5039	-	HIMB1409_01073	HIMB1409	301	OG0000330	K00075	UDP-N-acetylmuramate dehydrogenase [EC:1.3.1.98]	COG0812	MurB	UDP-N-acetylenolpyruvoylglucosamine reductase	HIMB1409_01073	0
HIMB1409-00000000006	5036	6433	-	HIMB1409_01074	HIMB1409	465	OG0000265	K01924	UDP-N-acetylmuramate--alanine ligase [EC:6.3.2.8]	COG0773	MurC	UDP-N-acetylmuramate-alanine ligase MurC and related ligases, MurC/Mpl family	HIMB1409_01073	1
HIMB1409-00000000006	6423	7487	-	HIMB1409_01075	HIMB1409	354	OG0000489	K02563	UDP-N-acetylglucosamine--N-acetylmuramyl-(pentapeptide) pyrophosphoryl-undecaprenol N-acetylglucosamine transferase [EC:2.4.1.227]	COG0707	MurG	UDP-N-acetylglucosamine:LPS N-acetylglucosamine transferase	HIMB1409_01073	2
HIMB1409-00000000006	7491	8612	-	HIMB1409_01076	HIMB1409	373	OG0000615	NA	NA	COG0772	FtsW	Peptodoglycan polymerase FtsW/RodA/SpoVE	HIMB1409_01073	3
HIMB1409-00000000006	8599	9897	-	HIMB1409_01077	HIMB1409	432	OG0000817	NA	NA	COG0771	MurD	UDP-N-acetylmuramoylalanine-D-glutamate ligase	HIMB1409_01073	4
HIMB1409-00000000006	9897	10982	-	HIMB1409_01078	HIMB1409	361	OG0000019	K01000	phospho-N-acetylmuramoyl-pentapeptide-transferase [EC:2.7.8.13]	COG0472	Rfe	UDP-N-acetylmuramyl pentapeptide phosphotransferase/UDP-N-acetylglucosamine-1-phosphate transferase/archaeal AglH	HIMB1409_01073	5
NZ_LAMZ01000001.1	581802	582647	-	HIMB140_00656	HIMB140	281	OG0000470	K05807	outer membrane protein assembly factor BamD	COG4105	BamD	Outer membrane protein assembly factor BamD, BamD/ComL family	HIMB140_00661	-5
NZ_LAMZ01000001.1	582695	583615	-	HIMB140_00657	HIMB140	306	OG0000300	K02535	UDP-3-O-[3-hydroxymyristoyl] N-acetylglucosamine deacetylase [EC:3.5.1.108]	COG0774	LpxC	UDP-3-O-acyl-N-acetylglucosamine deacetylase	HIMB140_00661	-4
NZ_LAMZ01000001.1	583680	584348	-	HIMB140_00658	HIMB140	222	OG0000537	NA	NA	NA	NA	NA	HIMB140_00661	-3
NZ_LAMZ01000001.1	584341	585015	-	HIMB140_00659	HIMB140	224	OG0000841	K03589	cell division protein FtsQ	COG1589	FtsQ	Cell division septal protein FtsQ	HIMB140_00661	-2
NZ_LAMZ01000001.1	584996	585910	-	HIMB140_00660	HIMB140	304	OG0000580	K01921	D-alanine-D-alanine ligase [EC:6.3.2.4]	COG1181	DdlA	D-alanine-D-alanine ligase or related ATP-grasp enzyme	HIMB140_00661	-1
NZ_LAMZ01000001.1	585912	586817	-	HIMB140_00661	HIMB140	301	OG0000330	K00075	UDP-N-acetylmuramate dehydrogenase [EC:1.3.1.98]	COG0812	MurB	UDP-N-acetylenolpyruvoylglucosamine reductase	HIMB140_00661	0
NZ_LAMZ01000001.1	586814	588211	-	HIMB140_00662	HIMB140	465	OG0000265	K01924	UDP-N-acetylmuramate--alanine ligase [EC:6.3.2.8]	COG0773	MurC	UDP-N-acetylmuramate-alanine ligase MurC and related ligases, MurC/Mpl family	HIMB140_00661	1
NZ_LAMZ01000001.1	588201	589268	-	HIMB140_00663	HIMB140	355	OG0000489	K02563	UDP-N-acetylglucosamine--N-acetylmuramyl-(pentapeptide) pyrophosphoryl-undecaprenol N-acetylglucosamine transferase [EC:2.4.1.227]	COG0707	MurG	UDP-N-acetylglucosamine:LPS N-acetylglucosamine transferase	HIMB140_00661	2
NZ_LAMZ01000001.1	589272	590390	-	HIMB140_00664	HIMB140	372	OG0000615	NA	NA	COG0772	FtsW	Peptodoglycan polymerase FtsW/RodA/SpoVE	HIMB140_00661	3
NZ_LAMZ01000001.1	590380	591663	-	HIMB140_00665	HIMB140	427	OG0000817	NA	NA	COG0771	MurD	UDP-N-acetylmuramoylalanine-D-glutamate ligase	HIMB140_00661	4
NZ_LAMZ01000001.1	591663	592748	-	HIMB140_00666	HIMB140	361	OG0000019	K01000	phospho-N-acetylmuramoyl-pentapeptide-transferase [EC:2.7.8.13]	COG0472	Rfe	UDP-N-acetylmuramyl pentapeptide phosphotransferase/UDP-N-acetylglucosamine-1-phosphate transferase/archaeal AglH	HIMB140_00661	5
HIMB1412-00000000001	476905	477990	+	HIMB1412_00506	HIMB1412	361	OG0000019	K01000	phospho-N-acetylmuramoyl-pentapeptide-transferase [EC:2.7.8.13]	COG0472	Rfe	UDP-N-acetylmuramyl pentapeptide phosphotransferase/UDP-N-acetylglucosamine-1-phosphate transferase/archaeal AglH	HIMB1412_00511	-5
HIMB1412-00000000001	477987	479303	+	HIMB1412_00507	HIMB1412	438	OG0000817	NA	NA	COG0771	MurD	UDP-N-acetylmuramoylalanine-D-glutamate ligase	HIMB1412_00511	-4
HIMB1412-00000000001	479281	480405	+	HIMB1412_00508	HIMB1412	374	OG0000615	NA	NA	COG0772	FtsW	Peptodoglycan polymerase FtsW/RodA/SpoVE	HIMB1412_00511	-3
HIMB1412-00000000001	480405	481463	+	HIMB1412_00509	HIMB1412	352	OG0000489	K02563	UDP-N-acetylglucosamine--N-acetylmuramyl-(pentapeptide) pyrophosphoryl-undecaprenol N-acetylglucosamine transferase [EC:2.4.1.227]	COG0707	MurG	UDP-N-acetylglucosamine:LPS N-acetylglucosamine transferase	HIMB1412_00511	-2
HIMB1412-00000000001	481460	482854	+	HIMB1412_00510	HIMB1412	464	OG0000265	K01924	UDP-N-acetylmuramate--alanine ligase [EC:6.3.2.8]	COG0773	MurC	UDP-N-acetylmuramate-alanine ligase MurC and related ligases, MurC/Mpl family	HIMB1412_00511	-1
HIMB1412-00000000001	482854	483762	+	HIMB1412_00511	HIMB1412	302	OG0000330	K00075	UDP-N-acetylmuramate dehydrogenase [EC:1.3.1.98]	COG0812	MurB	UDP-N-acetylenolpyruvoylglucosamine reductase	HIMB1412_00511	0
HIMB1412-00000000001	483764	484675	+	HIMB1412_00512	HIMB1412	303	OG0000580	K01921	D-alanine-D-alanine ligase [EC:6.3.2.4]	COG1181	DdlA	D-alanine-D-alanine ligase or related ATP-grasp enzyme	HIMB1412_00511	1
HIMB1412-00000000001	484653	485330	+	HIMB1412_00513	HIMB1412	225	OG0000841	K03589	cell division protein FtsQ	COG1589	FtsQ	Cell division septal protein FtsQ	HIMB1412_00511	2
HIMB1412-00000000001	485320	486018	+	HIMB1412_00514	HIMB1412	232	OG0000537	NA	NA	NA	NA	NA	HIMB1412_00511	3
HIMB1412-00000000001	486082	486999	+	HIMB1412_00515	HIMB1412	305	OG0000300	K02535	UDP-3-O-[3-hydroxymyristoyl] N-acetylglucosamine deacetylase [EC:3.5.1.108]	COG0774	LpxC	UDP-3-O-acyl-N-acetylglucosamine deacetylase	HIMB1412_00511	4
HIMB1412-00000000001	487045	487878	+	HIMB1412_00516	HIMB1412	277	OG0000470	K05807	outer membrane protein assembly factor BamD	COG4105	BamD	Outer membrane protein assembly factor BamD, BamD/ComL family	HIMB1412_00511	5
HIMB1413-00000000001	863801	864637	-	HIMB1413_00939	HIMB1413	278	OG0000470	K05807	outer membrane protein assembly factor BamD	COG4105	BamD	Outer membrane protein assembly factor BamD, BamD/ComL family	HIMB1413_00944	-5
HIMB1413-00000000001	864688	865608	-	HIMB1413_00940	HIMB1413	306	OG0000300	K02535	UDP-3-O-[3-hydroxymyristoyl] N-acetylglucosamine deacetylase [EC:3.5.1.108]	COG0774	LpxC	UDP-3-O-acyl-N-acetylglucosamine deacetylase	HIMB1413_00944	-4
HIMB1413-00000000001	865672	866376	-	HIMB1413_00941	HIMB1413	234	OG0000537	NA	NA	NA	NA	NA	HIMB1413_00944	-3
HIMB1413-00000000001	866369	867040	-	HIMB1413_00942	HIMB1413	223	OG0000841	K03589	cell division protein FtsQ	COG1589	FtsQ	Cell division septal protein FtsQ	HIMB1413_00944	-2
HIMB1413-00000000001	867021	867923	-	HIMB1413_00943	HIMB1413	300	OG0000580	K01921	D-alanine-D-alanine ligase [EC:6.3.2.4]	COG1181	DdlA	D-alanine-D-alanine ligase or related ATP-grasp enzyme	HIMB1413_00944	-1
HIMB1413-00000000001	867937	868842	-	HIMB1413_00944	HIMB1413	301	OG0000330	K00075	UDP-N-acetylmuramate dehydrogenase [EC:1.3.1.98]	COG0812	MurB	UDP-N-acetylenolpyruvoylglucosamine reductase	HIMB1413_00944	0
HIMB1413-00000000001	868839	870236	-	HIMB1413_00945	HIMB1413	465	OG0000265	K01924	UDP-N-acetylmuramate--alanine ligase [EC:6.3.2.8]	COG0773	MurC	UDP-N-acetylmuramate-alanine ligase MurC and related ligases, MurC/Mpl family	HIMB1413_00944	1
HIMB1413-00000000001	870226	871290	-	HIMB1413_00946	HIMB1413	354	OG0000489	K02563	UDP-N-acetylglucosamine--N-acetylmuramyl-(pentapeptide) pyrophosphoryl-undecaprenol N-acetylglucosamine transferase [EC:2.4.1.227]	COG0707	MurG	UDP-N-acetylglucosamine:LPS N-acetylglucosamine transferase	HIMB1413_00944	2
HIMB1413-00000000001	871294	872415	-	HIMB1413_00947	HIMB1413	373	OG0000615	NA	NA	COG0772	FtsW	Peptodoglycan polymerase FtsW/RodA/SpoVE	HIMB1413_00944	3
HIMB1413-00000000001	872402	873700	-	HIMB1413_00948	HIMB1413	432	OG0000817	NA	NA	COG0771	MurD	UDP-N-acetylmuramoylalanine-D-glutamate ligase	HIMB1413_00944	4
HIMB1413-00000000001	873700	874785	-	HIMB1413_00949	HIMB1413	361	OG0000019	K01000	phospho-N-acetylmuramoyl-pentapeptide-transferase [EC:2.7.8.13]	COG0472	Rfe	UDP-N-acetylmuramyl pentapeptide phosphotransferase/UDP-N-acetylglucosamine-1-phosphate transferase/archaeal AglH	HIMB1413_00944	5
HIMB1420-00000000001	219374	220225	-	HIMB1420_00208	HIMB1420	283	OG0000470	K05807	outer membrane protein assembly factor BamD	COG4105	BamD	Outer membrane protein assembly factor BamD, BamD/ComL family	HIMB1420_00213	-5
HIMB1420-00000000001	220263	221183	-	HIMB1420_00209	HIMB1420	306	OG0000300	K02535	UDP-3-O-[3-hydroxymyristoyl] N-acetylglucosamine deacetylase [EC:3.5.1.108]	COG0774	LpxC	UDP-3-O-acyl-N-acetylglucosamine deacetylase	HIMB1420_00213	-4
HIMB1420-00000000001	221254	221955	-	HIMB1420_00210	HIMB1420	233	OG0000537	NA	NA	NA	NA	NA	HIMB1420_00213	-3
HIMB1420-00000000001	221945	222619	-	HIMB1420_00211	HIMB1420	224	OG0000841	K03589	cell division protein FtsQ	COG1589	FtsQ	Cell division septal protein FtsQ	HIMB1420_00213	-2
HIMB1420-00000000001	222600	223511	-	HIMB1420_00212	HIMB1420	303	OG0000580	K01921	D-alanine-D-alanine ligase [EC:6.3.2.4]	COG1181	DdlA	D-alanine-D-alanine ligase or related ATP-grasp enzyme	HIMB1420_00213	-1
HIMB1420-00000000001	223513	224421	-	HIMB1420_00213	HIMB1420	302	OG0000330	K00075	UDP-N-acetylmuramate dehydrogenase [EC:1.3.1.98]	COG0812	MurB	UDP-N-acetylenolpyruvoylglucosamine reductase	HIMB1420_00213	0
HIMB1420-00000000001	224421	225815	-	HIMB1420_00214	HIMB1420	464	OG0000265	K01924	UDP-N-acetylmuramate--alanine ligase [EC:6.3.2.8]	COG0773	MurC	UDP-N-acetylmuramate-alanine ligase MurC and related ligases, MurC/Mpl family	HIMB1420_00213	1
HIMB1420-00000000001	225812	226870	-	HIMB1420_00215	HIMB1420	352	OG0000489	K02563	UDP-N-acetylglucosamine--N-acetylmuramyl-(pentapeptide) pyrophosphoryl-undecaprenol N-acetylglucosamine transferase [EC:2.4.1.227]	COG0707	MurG	UDP-N-acetylglucosamine:LPS N-acetylglucosamine transferase	HIMB1420_00213	2
HIMB1420-00000000001	226870	227994	-	HIMB1420_00216	HIMB1420	374	OG0000615	NA	NA	COG0772	FtsW	Peptodoglycan polymerase FtsW/RodA/SpoVE	HIMB1420_00213	3
HIMB1420-00000000001	227972	229288	-	HIMB1420_00217	HIMB1420	438	OG0000817	NA	NA	COG0771	MurD	UDP-N-acetylmuramoylalanine-D-glutamate ligase	HIMB1420_00213	4
HIMB1420-00000000001	229285	230370	-	HIMB1420_00218	HIMB1420	361	OG0000019	K01000	phospho-N-acetylmuramoyl-pentapeptide-transferase [EC:2.7.8.13]	COG0472	Rfe	UDP-N-acetylmuramyl pentapeptide phosphotransferase/UDP-N-acetylglucosamine-1-phosphate transferase/archaeal AglH	HIMB1420_00213	5
HIMB1427-00000000007	63655	64740	+	HIMB1427_00911	HIMB1427	361	OG0000019	K01000	phospho-N-acetylmuramoyl-pentapeptide-transferase [EC:2.7.8.13]	COG0472	Rfe	UDP-N-acetylmuramyl pentapeptide phosphotransferase/UDP-N-acetylglucosamine-1-phosphate transferase/archaeal AglH	HIMB1427_00916	-5
HIMB1427-00000000007	64737	66053	+	HIMB1427_00912	HIMB1427	438	OG0000817	NA	NA	COG0771	MurD	UDP-N-acetylmuramoylalanine-D-glutamate ligase	HIMB1427_00916	-4
HIMB1427-00000000007	66031	67155	+	HIMB1427_00913	HIMB1427	374	OG0000615	NA	NA	COG0772	FtsW	Peptodoglycan polymerase FtsW/RodA/SpoVE	HIMB1427_00916	-3
HIMB1427-00000000007	67155	68213	+	HIMB1427_00914	HIMB1427	352	OG0000489	K02563	UDP-N-acetylglucosamine--N-acetylmuramyl-(pentapeptide) pyrophosphoryl-undecaprenol N-acetylglucosamine transferase [EC:2.4.1.227]	COG0707	MurG	UDP-N-acetylglucosamine:LPS N-acetylglucosamine transferase	HIMB1427_00916	-2
HIMB1427-00000000007	68210	69604	+	HIMB1427_00915	HIMB1427	464	OG0000265	K01924	UDP-N-acetylmuramate--alanine ligase [EC:6.3.2.8]	COG0773	MurC	UDP-N-acetylmuramate-alanine ligase MurC and related ligases, MurC/Mpl family	HIMB1427_00916	-1
HIMB1427-00000000007	69604	70512	+	HIMB1427_00916	HIMB1427	302	OG0000330	K00075	UDP-N-acetylmuramate dehydrogenase [EC:1.3.1.98]	COG0812	MurB	UDP-N-acetylenolpyruvoylglucosamine reductase	HIMB1427_00916	0
HIMB1427-00000000007	70514	71425	+	HIMB1427_00917	HIMB1427	303	OG0000580	K01921	D-alanine-D-alanine ligase [EC:6.3.2.4]	COG1181	DdlA	D-alanine-D-alanine ligase or related ATP-grasp enzyme	HIMB1427_00916	1
HIMB1427-00000000007	71406	72080	+	HIMB1427_00918	HIMB1427	224	OG0000841	K03589	cell division protein FtsQ	COG1589	FtsQ	Cell division septal protein FtsQ	HIMB1427_00916	2
HIMB1430-00000000026	9546	10391	-	HIMB1430_01524	HIMB1430	281	OG0000470	K05807	outer membrane protein assembly factor BamD	COG4105	BamD	Outer membrane protein assembly factor BamD, BamD/ComL family	HIMB1430_01529	-5
HIMB1430-00000000026	10439	11359	-	HIMB1430_01525	HIMB1430	306	OG0000300	K02535	UDP-3-O-[3-hydroxymyristoyl] N-acetylglucosamine deacetylase [EC:3.5.1.108]	COG0774	LpxC	UDP-3-O-acyl-N-acetylglucosamine deacetylase	HIMB1430_01529	-4
HIMB1430-00000000026	11423	12127	-	HIMB1430_01526	HIMB1430	234	OG0000537	NA	NA	NA	NA	NA	HIMB1430_01529	-3
HIMB1430-00000000026	12120	12794	-	HIMB1430_01527	HIMB1430	224	OG0000841	K03589	cell division protein FtsQ	COG1589	FtsQ	Cell division septal protein FtsQ	HIMB1430_01529	-2
HIMB1430-00000000026	12775	13689	-	HIMB1430_01528	HIMB1430	304	OG0000580	K01921	D-alanine-D-alanine ligase [EC:6.3.2.4]	COG1181	DdlA	D-alanine-D-alanine ligase or related ATP-grasp enzyme	HIMB1430_01529	-1
HIMB1430-00000000026	13691	14596	-	HIMB1430_01529	HIMB1430	301	OG0000330	K00075	UDP-N-acetylmuramate dehydrogenase [EC:1.3.1.98]	COG0812	MurB	UDP-N-acetylenolpyruvoylglucosamine reductase	HIMB1430_01529	0
HIMB1430-00000000026	14596	15990	-	HIMB1430_01530	HIMB1430	464	OG0000265	K01924	UDP-N-acetylmuramate--alanine ligase [EC:6.3.2.8]	COG0773	MurC	UDP-N-acetylmuramate-alanine ligase MurC and related ligases, MurC/Mpl family	HIMB1430_01529	1
HIMB1430-00000000026	15980	17047	-	HIMB1430_01531	HIMB1430	355	OG0000489	K02563	UDP-N-acetylglucosamine--N-acetylmuramyl-(pentapeptide) pyrophosphoryl-undecaprenol N-acetylglucosamine transferase [EC:2.4.1.227]	COG0707	MurG	UDP-N-acetylglucosamine:LPS N-acetylglucosamine transferase	HIMB1430_01529	2
HIMB1430-00000000026	17051	18169	-	HIMB1430_01532	HIMB1430	372	OG0000615	NA	NA	COG0772	FtsW	Peptodoglycan polymerase FtsW/RodA/SpoVE	HIMB1430_01529	3
HIMB1430-00000000026	18159	19442	-	HIMB1430_01533	HIMB1430	427	OG0000817	NA	NA	COG0771	MurD	UDP-N-acetylmuramoylalanine-D-glutamate ligase	HIMB1430_01529	4
HIMB1430-00000000026	19442	20527	-	HIMB1430_01534	HIMB1430	361	OG0000019	K01000	phospho-N-acetylmuramoyl-pentapeptide-transferase [EC:2.7.8.13]	COG0472	Rfe	UDP-N-acetylmuramyl pentapeptide phosphotransferase/UDP-N-acetylglucosamine-1-phosphate transferase/archaeal AglH	HIMB1430_01529	5
HIMB1436-00000000001	479701	480786	+	HIMB1436_00511	HIMB1436	361	OG0000019	K01000	phospho-N-acetylmuramoyl-pentapeptide-transferase [EC:2.7.8.13]	COG0472	Rfe	UDP-N-acetylmuramyl pentapeptide phosphotransferase/UDP-N-acetylglucosamine-1-phosphate transferase/archaeal AglH	HIMB1436_00516	-5
HIMB1436-00000000001	480786	482096	+	HIMB1436_00512	HIMB1436	436	OG0000817	NA	NA	COG0771	MurD	UDP-N-acetylmuramoylalanine-D-glutamate ligase	HIMB1436_00516	-4
HIMB1436-00000000001	482077	483204	+	HIMB1436_00513	HIMB1436	375	OG0000615	NA	NA	COG0772	FtsW	Peptodoglycan polymerase FtsW/RodA/SpoVE	HIMB1436_00516	-3
HIMB1436-00000000001	483201	484265	+	HIMB1436_00514	HIMB1436	354	OG0000489	K02563	UDP-N-acetylglucosamine--N-acetylmuramyl-(pentapeptide) pyrophosphoryl-undecaprenol N-acetylglucosamine transferase [EC:2.4.1.227]	COG0707	MurG	UDP-N-acetylglucosamine:LPS N-acetylglucosamine transferase	HIMB1436_00516	-2
HIMB1436-00000000001	484255	485649	+	HIMB1436_00515	HIMB1436	464	OG0000265	K01924	UDP-N-acetylmuramate--alanine ligase [EC:6.3.2.8]	COG0773	MurC	UDP-N-acetylmuramate-alanine ligase MurC and related ligases, MurC/Mpl family	HIMB1436_00516	-1
HIMB1436-00000000001	485649	486557	+	HIMB1436_00516	HIMB1436	302	OG0000330	K00075	UDP-N-acetylmuramate dehydrogenase [EC:1.3.1.98]	COG0812	MurB	UDP-N-acetylenolpyruvoylglucosamine reductase	HIMB1436_00516	0
HIMB1436-00000000001	486559	487473	+	HIMB1436_00517	HIMB1436	304	OG0000580	K01921	D-alanine-D-alanine ligase [EC:6.3.2.4]	COG1181	DdlA	D-alanine-D-alanine ligase or related ATP-grasp enzyme	HIMB1436_00516	1
HIMB1436-00000000001	487454	488128	+	HIMB1436_00518	HIMB1436	224	OG0000841	K03589	cell division protein FtsQ	COG1589	FtsQ	Cell division septal protein FtsQ	HIMB1436_00516	2
HIMB1436-00000000001	488118	488819	+	HIMB1436_00519	HIMB1436	233	OG0000537	NA	NA	NA	NA	NA	HIMB1436_00516	3
HIMB1436-00000000001	488883	489803	+	HIMB1436_00520	HIMB1436	306	OG0000300	K02535	UDP-3-O-[3-hydroxymyristoyl] N-acetylglucosamine deacetylase [EC:3.5.1.108]	COG0774	LpxC	UDP-3-O-acyl-N-acetylglucosamine deacetylase	HIMB1436_00516	4
HIMB1436-00000000001	489852	490685	+	HIMB1436_00521	HIMB1436	277	OG0000470	K05807	outer membrane protein assembly factor BamD	COG4105	BamD	Outer membrane protein assembly factor BamD, BamD/ComL family	HIMB1436_00516	5
HIMB1437-00000000001	392787	393635	-	HIMB1437_00443	HIMB1437	282	OG0000470	K05807	outer membrane protein assembly factor BamD	COG4105	BamD	Outer membrane protein assembly factor BamD, BamD/ComL family	HIMB1437_00448	-5
HIMB1437-00000000001	393683	394603	-	HIMB1437_00444	HIMB1437	306	OG0000300	K02535	UDP-3-O-[3-hydroxymyristoyl] N-acetylglucosamine deacetylase [EC:3.5.1.108]	COG0774	LpxC	UDP-3-O-acyl-N-acetylglucosamine deacetylase	HIMB1437_00448	-4
HIMB1437-00000000001	394667	395371	-	HIMB1437_00445	HIMB1437	234	OG0000537	NA	NA	COG0849	FtsA	Cell division ATPase FtsA	HIMB1437_00448	-3
HIMB1437-00000000001	395364	396032	-	HIMB1437_00446	HIMB1437	222	OG0000841	K03589	cell division protein FtsQ	COG1589	FtsQ	Cell division septal protein FtsQ	HIMB1437_00448	-2
HIMB1437-00000000001	396013	396924	-	HIMB1437_00447	HIMB1437	303	OG0000580	K01921	D-alanine-D-alanine ligase [EC:6.3.2.4]	COG1181	DdlA	D-alanine-D-alanine ligase or related ATP-grasp enzyme	HIMB1437_00448	-1
HIMB1437-00000000001	396926	397834	-	HIMB1437_00448	HIMB1437	302	OG0000330	K00075	UDP-N-acetylmuramate dehydrogenase [EC:1.3.1.98]	COG0812	MurB	UDP-N-acetylenolpyruvoylglucosamine reductase	HIMB1437_00448	0
HIMB1437-00000000001	397834	399228	-	HIMB1437_00449	HIMB1437	464	OG0000265	K01924	UDP-N-acetylmuramate--alanine ligase [EC:6.3.2.8]	COG0773	MurC	UDP-N-acetylmuramate-alanine ligase MurC and related ligases, MurC/Mpl family	HIMB1437_00448	1
HIMB1437-00000000001	399218	400282	-	HIMB1437_00450	HIMB1437	354	OG0000489	K02563	UDP-N-acetylglucosamine--N-acetylmuramyl-(pentapeptide) pyrophosphoryl-undecaprenol N-acetylglucosamine transferase [EC:2.4.1.227]	COG0707	MurG	UDP-N-acetylglucosamine:LPS N-acetylglucosamine transferase	HIMB1437_00448	2
HIMB1437-00000000001	400275	401408	-	HIMB1437_00451	HIMB1437	377	OG0000615	NA	NA	COG0772	FtsW	Peptodoglycan polymerase FtsW/RodA/SpoVE	HIMB1437_00448	3
HIMB1437-00000000001	401398	402684	-	HIMB1437_00452	HIMB1437	428	OG0000817	NA	NA	COG0771	MurD	UDP-N-acetylmuramoylalanine-D-glutamate ligase	HIMB1437_00448	4
HIMB1437-00000000001	402681	403766	-	HIMB1437_00453	HIMB1437	361	OG0000019	K01000	phospho-N-acetylmuramoyl-pentapeptide-transferase [EC:2.7.8.13]	COG0472	Rfe	UDP-N-acetylmuramyl pentapeptide phosphotransferase/UDP-N-acetylglucosamine-1-phosphate transferase/archaeal AglH	HIMB1437_00448	5
HIMB1444-00000000001	267622	268707	+	HIMB1444_00285	HIMB1444	361	OG0000019	K01000	phospho-N-acetylmuramoyl-pentapeptide-transferase [EC:2.7.8.13]	COG0472	Rfe	UDP-N-acetylmuramyl pentapeptide phosphotransferase/UDP-N-acetylglucosamine-1-phosphate transferase/archaeal AglH	HIMB1444_00290	-5
HIMB1444-00000000001	268707	270005	+	HIMB1444_00286	HIMB1444	432	OG0000817	NA	NA	COG0771	MurD	UDP-N-acetylmuramoylalanine-D-glutamate ligase	HIMB1444_00290	-4
HIMB1444-00000000001	269992	271116	+	HIMB1444_00287	HIMB1444	374	OG0000615	NA	NA	COG0772	FtsW	Peptodoglycan polymerase FtsW/RodA/SpoVE	HIMB1444_00290	-3
HIMB1444-00000000001	271117	272181	+	HIMB1444_00288	HIMB1444	354	OG0000489	K02563	UDP-N-acetylglucosamine--N-acetylmuramyl-(pentapeptide) pyrophosphoryl-undecaprenol N-acetylglucosamine transferase [EC:2.4.1.227]	COG0707	MurG	UDP-N-acetylglucosamine:LPS N-acetylglucosamine transferase	HIMB1444_00290	-2
HIMB1444-00000000001	272171	273565	+	HIMB1444_00289	HIMB1444	464	OG0000265	K01924	UDP-N-acetylmuramate--alanine ligase [EC:6.3.2.8]	COG0773	MurC	UDP-N-acetylmuramate-alanine ligase MurC and related ligases, MurC/Mpl family	HIMB1444_00290	-1
HIMB1444-00000000001	273565	274470	+	HIMB1444_00290	HIMB1444	301	OG0000330	K00075	UDP-N-acetylmuramate dehydrogenase [EC:1.3.1.98]	COG0812	MurB	UDP-N-acetylenolpyruvoylglucosamine reductase	HIMB1444_00290	0
HIMB1444-00000000001	274493	275386	+	HIMB1444_00291	HIMB1444	297	OG0000580	K01921	D-alanine-D-alanine ligase [EC:6.3.2.4]	COG1181	DdlA	D-alanine-D-alanine ligase or related ATP-grasp enzyme	HIMB1444_00290	1
HIMB1444-00000000001	275367	276038	+	HIMB1444_00292	HIMB1444	223	OG0000841	K03589	cell division protein FtsQ	COG1589	FtsQ	Cell division septal protein FtsQ	HIMB1444_00290	2
HIMB1444-00000000001	276031	276729	+	HIMB1444_00293	HIMB1444	232	OG0000537	NA	NA	NA	NA	NA	HIMB1444_00290	3
HIMB1444-00000000001	276794	277714	+	HIMB1444_00294	HIMB1444	306	OG0000300	K02535	UDP-3-O-[3-hydroxymyristoyl] N-acetylglucosamine deacetylase [EC:3.5.1.108]	COG0774	LpxC	UDP-3-O-acyl-N-acetylglucosamine deacetylase	HIMB1444_00290	4
HIMB1444-00000000001	277763	278599	+	HIMB1444_00295	HIMB1444	278	OG0000470	K05807	outer membrane protein assembly factor BamD	COG4105	BamD	Outer membrane protein assembly factor BamD, BamD/ComL family	HIMB1444_00290	5
HIMB1456-00000000003	88607	89692	+	HIMB1456_00728	HIMB1456	361	OG0000019	K01000	phospho-N-acetylmuramoyl-pentapeptide-transferase [EC:2.7.8.13]	COG0472	Rfe	UDP-N-acetylmuramyl pentapeptide phosphotransferase/UDP-N-acetylglucosamine-1-phosphate transferase/archaeal AglH	HIMB1456_00733	-5
HIMB1456-00000000003	89692	90990	+	HIMB1456_00729	HIMB1456	432	OG0000817	NA	NA	COG0771	MurD	UDP-N-acetylmuramoylalanine-D-glutamate ligase	HIMB1456_00733	-4
HIMB1456-00000000003	90977	92098	+	HIMB1456_00730	HIMB1456	373	OG0000615	NA	NA	COG0772	FtsW	Peptodoglycan polymerase FtsW/RodA/SpoVE	HIMB1456_00733	-3
HIMB1456-00000000003	92102	93166	+	HIMB1456_00731	HIMB1456	354	OG0000489	K02563	UDP-N-acetylglucosamine--N-acetylmuramyl-(pentapeptide) pyrophosphoryl-undecaprenol N-acetylglucosamine transferase [EC:2.4.1.227]	COG0707	MurG	UDP-N-acetylglucosamine:LPS N-acetylglucosamine transferase	HIMB1456_00733	-2
HIMB1456-00000000003	93156	94553	+	HIMB1456_00732	HIMB1456	465	OG0000265	K01924	UDP-N-acetylmuramate--alanine ligase [EC:6.3.2.8]	COG0773	MurC	UDP-N-acetylmuramate-alanine ligase MurC and related ligases, MurC/Mpl family	HIMB1456_00733	-1
HIMB1456-00000000003	94550	95455	+	HIMB1456_00733	HIMB1456	301	OG0000330	K00075	UDP-N-acetylmuramate dehydrogenase [EC:1.3.1.98]	COG0812	MurB	UDP-N-acetylenolpyruvoylglucosamine reductase	HIMB1456_00733	0
HIMB1456-00000000003	95457	96371	+	HIMB1456_00734	HIMB1456	304	OG0000580	K01921	D-alanine-D-alanine ligase [EC:6.3.2.4]	COG1181	DdlA	D-alanine-D-alanine ligase or related ATP-grasp enzyme	HIMB1456_00733	1
HIMB1456-00000000003	96352	97023	+	HIMB1456_00735	HIMB1456	223	OG0000841	K03589	cell division protein FtsQ	COG1589	FtsQ	Cell division septal protein FtsQ	HIMB1456_00733	2
HIMB1456-00000000003	97016	97714	+	HIMB1456_00736	HIMB1456	232	OG0000537	NA	NA	NA	NA	NA	HIMB1456_00733	3
HIMB1456-00000000003	97779	98699	+	HIMB1456_00737	HIMB1456	306	OG0000300	K02535	UDP-3-O-[3-hydroxymyristoyl] N-acetylglucosamine deacetylase [EC:3.5.1.108]	COG0774	LpxC	UDP-3-O-acyl-N-acetylglucosamine deacetylase	HIMB1456_00733	4
HIMB1463-00000000006	123	1034	-	HIMB1463_00396	HIMB1463	303	OG0000580	K01921	D-alanine-D-alanine ligase [EC:6.3.2.4]	COG1181	DdlA	D-alanine-D-alanine ligase or related ATP-grasp enzyme	HIMB1463_00397	-1
HIMB1463-00000000006	1036	1944	-	HIMB1463_00397	HIMB1463	302	OG0000330	K00075	UDP-N-acetylmuramate dehydrogenase [EC:1.3.1.98]	COG0812	MurB	UDP-N-acetylenolpyruvoylglucosamine reductase	HIMB1463_00397	0
HIMB1463-00000000006	1944	3338	-	HIMB1463_00398	HIMB1463	464	OG0000265	K01924	UDP-N-acetylmuramate--alanine ligase [EC:6.3.2.8]	COG0773	MurC	UDP-N-acetylmuramate-alanine ligase MurC and related ligases, MurC/Mpl family	HIMB1463_00397	1
HIMB1463-00000000006	3328	4389	-	HIMB1463_00399	HIMB1463	353	OG0000489	K02563	UDP-N-acetylglucosamine--N-acetylmuramyl-(pentapeptide) pyrophosphoryl-undecaprenol N-acetylglucosamine transferase [EC:2.4.1.227]	COG0707	MurG	UDP-N-acetylglucosamine:LPS N-acetylglucosamine transferase	HIMB1463_00397	2
HIMB1463-00000000006	4386	5513	-	HIMB1463_00400	HIMB1463	375	OG0000615	NA	NA	COG0772	FtsW	Peptodoglycan polymerase FtsW/RodA/SpoVE	HIMB1463_00397	3
HIMB1463-00000000006	5491	6789	-	HIMB1463_00401	HIMB1463	432	OG0000817	NA	NA	COG0771	MurD	UDP-N-acetylmuramoylalanine-D-glutamate ligase	HIMB1463_00397	4
HIMB1463-00000000006	6786	7871	-	HIMB1463_00402	HIMB1463	361	OG0000019	K01000	phospho-N-acetylmuramoyl-pentapeptide-transferase [EC:2.7.8.13]	COG0472	Rfe	UDP-N-acetylmuramyl pentapeptide phosphotransferase/UDP-N-acetylglucosamine-1-phosphate transferase/archaeal AglH	HIMB1463_00397	5
HIMB1483-00000000002	361657	362742	+	HIMB1483_00515	HIMB1483	361	OG0000019	K01000	phospho-N-acetylmuramoyl-pentapeptide-transferase [EC:2.7.8.13]	COG0472	Rfe	UDP-N-acetylmuramyl pentapeptide phosphotransferase/UDP-N-acetylglucosamine-1-phosphate transferase/archaeal AglH	HIMB1483_00520	-5
HIMB1483-00000000002	362742	364037	+	HIMB1483_00516	HIMB1483	431	OG0000817	NA	NA	COG0771	MurD	UDP-N-acetylmuramoylalanine-D-glutamate ligase	HIMB1483_00520	-4
HIMB1483-00000000002	364027	365151	+	HIMB1483_00517	HIMB1483	374	OG0000615	NA	NA	COG0772	FtsW	Peptodoglycan polymerase FtsW/RodA/SpoVE	HIMB1483_00520	-3
HIMB1483-00000000002	365153	366214	+	HIMB1483_00518	HIMB1483	353	OG0000489	K02563	UDP-N-acetylglucosamine--N-acetylmuramyl-(pentapeptide) pyrophosphoryl-undecaprenol N-acetylglucosamine transferase [EC:2.4.1.227]	COG0707	MurG	UDP-N-acetylglucosamine:LPS N-acetylglucosamine transferase	HIMB1483_00520	-2
HIMB1483-00000000002	366204	367601	+	HIMB1483_00519	HIMB1483	465	OG0000265	K01924	UDP-N-acetylmuramate--alanine ligase [EC:6.3.2.8]	COG0773	MurC	UDP-N-acetylmuramate-alanine ligase MurC and related ligases, MurC/Mpl family	HIMB1483_00520	-1
HIMB1483-00000000002	367598	368506	+	HIMB1483_00520	HIMB1483	302	OG0000330	K00075	UDP-N-acetylmuramate dehydrogenase [EC:1.3.1.98]	COG0812	MurB	UDP-N-acetylenolpyruvoylglucosamine reductase	HIMB1483_00520	0
HIMB1483-00000000002	368508	369422	+	HIMB1483_00521	HIMB1483	304	OG0000580	K01921	D-alanine-D-alanine ligase [EC:6.3.2.4]	COG1181	DdlA	D-alanine-D-alanine ligase or related ATP-grasp enzyme	HIMB1483_00520	1
HIMB1483-00000000002	369403	370068	+	HIMB1483_00522	HIMB1483	221	OG0000841	K03589	cell division protein FtsQ	COG1589	FtsQ	Cell division septal protein FtsQ	HIMB1483_00520	2
HIMB1483-00000000002	370061	370765	+	HIMB1483_00523	HIMB1483	234	OG0000537	NA	NA	NA	NA	NA	HIMB1483_00520	3
HIMB1483-00000000002	370829	371749	+	HIMB1483_00524	HIMB1483	306	OG0000300	K02535	UDP-3-O-[3-hydroxymyristoyl] N-acetylglucosamine deacetylase [EC:3.5.1.108]	COG0774	LpxC	UDP-3-O-acyl-N-acetylglucosamine deacetylase	HIMB1483_00520	4
HIMB1483-00000000002	371801	372649	+	HIMB1483_00525	HIMB1483	282	OG0000470	K05807	outer membrane protein assembly factor BamD	COG4105	BamD	Outer membrane protein assembly factor BamD, BamD/ComL family	HIMB1483_00520	5
HIMB1485-00000000002	540064	541149	+	HIMB1485_01056	HIMB1485	361	OG0000019	K01000	phospho-N-acetylmuramoyl-pentapeptide-transferase [EC:2.7.8.13]	COG0472	Rfe	UDP-N-acetylmuramyl pentapeptide phosphotransferase/UDP-N-acetylglucosamine-1-phosphate transferase/archaeal AglH	HIMB1485_01061	-5
HIMB1485-00000000002	541149	542432	+	HIMB1485_01057	HIMB1485	427	OG0000817	NA	NA	COG0771	MurD	UDP-N-acetylmuramoylalanine-D-glutamate ligase	HIMB1485_01061	-4
HIMB1485-00000000002	542422	543540	+	HIMB1485_01058	HIMB1485	372	OG0000615	NA	NA	COG0772	FtsW	Peptodoglycan polymerase FtsW/RodA/SpoVE	HIMB1485_01061	-3
HIMB1485-00000000002	543544	544611	+	HIMB1485_01059	HIMB1485	355	OG0000489	K02563	UDP-N-acetylglucosamine--N-acetylmuramyl-(pentapeptide) pyrophosphoryl-undecaprenol N-acetylglucosamine transferase [EC:2.4.1.227]	COG0707	MurG	UDP-N-acetylglucosamine:LPS N-acetylglucosamine transferase	HIMB1485_01061	-2
HIMB1485-00000000002	544601	545995	+	HIMB1485_01060	HIMB1485	464	OG0000265	K01924	UDP-N-acetylmuramate--alanine ligase [EC:6.3.2.8]	COG0773	MurC	UDP-N-acetylmuramate-alanine ligase MurC and related ligases, MurC/Mpl family	HIMB1485_01061	-1
HIMB1485-00000000002	545995	546900	+	HIMB1485_01061	HIMB1485	301	OG0000330	K00075	UDP-N-acetylmuramate dehydrogenase [EC:1.3.1.98]	COG0812	MurB	UDP-N-acetylenolpyruvoylglucosamine reductase	HIMB1485_01061	0
HIMB1485-00000000002	546902	547816	+	HIMB1485_01062	HIMB1485	304	OG0000580	K01921	D-alanine-D-alanine ligase [EC:6.3.2.4]	COG1181	DdlA	D-alanine-D-alanine ligase or related ATP-grasp enzyme	HIMB1485_01061	1
HIMB1485-00000000002	547797	548471	+	HIMB1485_01063	HIMB1485	224	OG0000841	K03589	cell division protein FtsQ	COG1589	FtsQ	Cell division septal protein FtsQ	HIMB1485_01061	2
HIMB1485-00000000002	548464	549168	+	HIMB1485_01064	HIMB1485	234	OG0000537	NA	NA	NA	NA	NA	HIMB1485_01061	3
HIMB1485-00000000002	549233	550153	+	HIMB1485_01065	HIMB1485	306	OG0000300	K02535	UDP-3-O-[3-hydroxymyristoyl] N-acetylglucosamine deacetylase [EC:3.5.1.108]	COG0774	LpxC	UDP-3-O-acyl-N-acetylglucosamine deacetylase	HIMB1485_01061	4
HIMB1485-00000000002	550201	551046	+	HIMB1485_01066	HIMB1485	281	OG0000470	K05807	outer membrane protein assembly factor BamD	COG4105	BamD	Outer membrane protein assembly factor BamD, BamD/ComL family	HIMB1485_01061	5
HIMB1488-00000000001	343592	344677	+	HIMB1488_00367	HIMB1488	361	OG0000019	K01000	phospho-N-acetylmuramoyl-pentapeptide-transferase [EC:2.7.8.13]	COG0472	Rfe	UDP-N-acetylmuramyl pentapeptide phosphotransferase/UDP-N-acetylglucosamine-1-phosphate transferase/archaeal AglH	HIMB1488_00372	-5
HIMB1488-00000000001	344677	345960	+	HIMB1488_00368	HIMB1488	427	OG0000817	NA	NA	COG0771	MurD	UDP-N-acetylmuramoylalanine-D-glutamate ligase	HIMB1488_00372	-4
HIMB1488-00000000001	345950	347068	+	HIMB1488_00369	HIMB1488	372	OG0000615	NA	NA	COG0772	FtsW	Peptodoglycan polymerase FtsW/RodA/SpoVE	HIMB1488_00372	-3
HIMB1488-00000000001	347072	348139	+	HIMB1488_00370	HIMB1488	355	OG0000489	K02563	UDP-N-acetylglucosamine--N-acetylmuramyl-(pentapeptide) pyrophosphoryl-undecaprenol N-acetylglucosamine transferase [EC:2.4.1.227]	COG0707	MurG	UDP-N-acetylglucosamine:LPS N-acetylglucosamine transferase	HIMB1488_00372	-2
HIMB1488-00000000001	348129	349523	+	HIMB1488_00371	HIMB1488	464	OG0000265	K01924	UDP-N-acetylmuramate--alanine ligase [EC:6.3.2.8]	COG0773	MurC	UDP-N-acetylmuramate-alanine ligase MurC and related ligases, MurC/Mpl family	HIMB1488_00372	-1
HIMB1488-00000000001	349523	350428	+	HIMB1488_00372	HIMB1488	301	OG0000330	K00075	UDP-N-acetylmuramate dehydrogenase [EC:1.3.1.98]	COG0812	MurB	UDP-N-acetylenolpyruvoylglucosamine reductase	HIMB1488_00372	0
HIMB1488-00000000001	350430	351344	+	HIMB1488_00373	HIMB1488	304	OG0000580	K01921	D-alanine-D-alanine ligase [EC:6.3.2.4]	COG1181	DdlA	D-alanine-D-alanine ligase or related ATP-grasp enzyme	HIMB1488_00372	1
HIMB1488-00000000001	351325	351999	+	HIMB1488_00374	HIMB1488	224	OG0000841	K03589	cell division protein FtsQ	COG1589	FtsQ	Cell division septal protein FtsQ	HIMB1488_00372	2
HIMB1488-00000000001	351992	352696	+	HIMB1488_00375	HIMB1488	234	OG0000537	NA	NA	NA	NA	NA	HIMB1488_00372	3
HIMB1488-00000000001	352761	353681	+	HIMB1488_00376	HIMB1488	306	OG0000300	K02535	UDP-3-O-[3-hydroxymyristoyl] N-acetylglucosamine deacetylase [EC:3.5.1.108]	COG0774	LpxC	UDP-3-O-acyl-N-acetylglucosamine deacetylase	HIMB1488_00372	4
HIMB1488-00000000001	353731	354588	+	HIMB1488_00377	HIMB1488	285	OG0000470	K05807	outer membrane protein assembly factor BamD	COG4105	BamD	Outer membrane protein assembly factor BamD, BamD/ComL family	HIMB1488_00372	5
HIMB1491-00000000001	111313	112152	-	HIMB1491_00113	HIMB1491	279	OG0000470	K05807	outer membrane protein assembly factor BamD	COG4105	BamD	Outer membrane protein assembly factor BamD, BamD/ComL family	HIMB1491_00118	-5
HIMB1491-00000000001	112207	113127	-	HIMB1491_00114	HIMB1491	306	OG0000300	K02535	UDP-3-O-[3-hydroxymyristoyl] N-acetylglucosamine deacetylase [EC:3.5.1.108]	COG0774	LpxC	UDP-3-O-acyl-N-acetylglucosamine deacetylase	HIMB1491_00118	-4
HIMB1491-00000000001	113192	113896	-	HIMB1491_00115	HIMB1491	234	OG0000537	NA	NA	NA	NA	NA	HIMB1491_00118	-3
HIMB1491-00000000001	113889	114563	-	HIMB1491_00116	HIMB1491	224	OG0000841	K03589	cell division protein FtsQ	COG1589	FtsQ	Cell division septal protein FtsQ	HIMB1491_00118	-2
HIMB1491-00000000001	114544	115458	-	HIMB1491_00117	HIMB1491	304	OG0000580	K01921	D-alanine-D-alanine ligase [EC:6.3.2.4]	COG1181	DdlA	D-alanine-D-alanine ligase or related ATP-grasp enzyme	HIMB1491_00118	-1
HIMB1491-00000000001	115460	116365	-	HIMB1491_00118	HIMB1491	301	OG0000330	K00075	UDP-N-acetylmuramate dehydrogenase [EC:1.3.1.98]	COG0812	MurB	UDP-N-acetylenolpyruvoylglucosamine reductase	HIMB1491_00118	0
HIMB1491-00000000001	116365	117759	-	HIMB1491_00119	HIMB1491	464	OG0000265	K01924	UDP-N-acetylmuramate--alanine ligase [EC:6.3.2.8]	COG0773	MurC	UDP-N-acetylmuramate-alanine ligase MurC and related ligases, MurC/Mpl family	HIMB1491_00118	1
HIMB1491-00000000001	117749	118816	-	HIMB1491_00120	HIMB1491	355	OG0000489	K02563	UDP-N-acetylglucosamine--N-acetylmuramyl-(pentapeptide) pyrophosphoryl-undecaprenol N-acetylglucosamine transferase [EC:2.4.1.227]	COG0707	MurG	UDP-N-acetylglucosamine:LPS N-acetylglucosamine transferase	HIMB1491_00118	2
HIMB1491-00000000001	118820	119938	-	HIMB1491_00121	HIMB1491	372	OG0000615	NA	NA	COG0772	FtsW	Peptodoglycan polymerase FtsW/RodA/SpoVE	HIMB1491_00118	3
HIMB1491-00000000001	119928	121211	-	HIMB1491_00122	HIMB1491	427	OG0000817	NA	NA	COG0771	MurD	UDP-N-acetylmuramoylalanine-D-glutamate ligase	HIMB1491_00118	4
HIMB1491-00000000001	121211	122296	-	HIMB1491_00123	HIMB1491	361	OG0000019	K01000	phospho-N-acetylmuramoyl-pentapeptide-transferase [EC:2.7.8.13]	COG0472	Rfe	UDP-N-acetylmuramyl pentapeptide phosphotransferase/UDP-N-acetylglucosamine-1-phosphate transferase/archaeal AglH	HIMB1491_00118	5
HIMB1492-00000000024	638	1543	-	HIMB1492_00446	HIMB1492	301	OG0000330	K00075	UDP-N-acetylmuramate dehydrogenase [EC:1.3.1.98]	COG0812	MurB	UDP-N-acetylenolpyruvoylglucosamine reductase	HIMB1492_00446	0
HIMB1492-00000000024	1540	2937	-	HIMB1492_00447	HIMB1492	465	OG0000265	K01924	UDP-N-acetylmuramate--alanine ligase [EC:6.3.2.8]	COG0773	MurC	UDP-N-acetylmuramate-alanine ligase MurC and related ligases, MurC/Mpl family	HIMB1492_00446	1
HIMB1492-00000000024	2927	3991	-	HIMB1492_00448	HIMB1492	354	OG0000489	K02563	UDP-N-acetylglucosamine--N-acetylmuramyl-(pentapeptide) pyrophosphoryl-undecaprenol N-acetylglucosamine transferase [EC:2.4.1.227]	COG0707	MurG	UDP-N-acetylglucosamine:LPS N-acetylglucosamine transferase	HIMB1492_00446	2
HIMB1492-00000000024	3995	5113	-	HIMB1492_00449	HIMB1492	372	OG0000615	NA	NA	COG0772	FtsW	Peptodoglycan polymerase FtsW/RodA/SpoVE	HIMB1492_00446	3
HIMB1492-00000000024	5103	6386	-	HIMB1492_00450	HIMB1492	427	OG0000817	NA	NA	COG0771	MurD	UDP-N-acetylmuramoylalanine-D-glutamate ligase	HIMB1492_00446	4
HIMB1492-00000000024	6386	7471	-	HIMB1492_00451	HIMB1492	361	OG0000019	K01000	phospho-N-acetylmuramoyl-pentapeptide-transferase [EC:2.7.8.13]	COG0472	Rfe	UDP-N-acetylmuramyl pentapeptide phosphotransferase/UDP-N-acetylglucosamine-1-phosphate transferase/archaeal AglH	HIMB1492_00446	5
HIMB1493-00000000001	856262	857101	-	HIMB1493_00921	HIMB1493	279	OG0000470	K05807	outer membrane protein assembly factor BamD	COG4105	BamD	Outer membrane protein assembly factor BamD, BamD/ComL family	HIMB1493_00926	-5
HIMB1493-00000000001	857147	858067	-	HIMB1493_00922	HIMB1493	306	OG0000300	K02535	UDP-3-O-[3-hydroxymyristoyl] N-acetylglucosamine deacetylase [EC:3.5.1.108]	COG0774	LpxC	UDP-3-O-acyl-N-acetylglucosamine deacetylase	HIMB1493_00926	-4
HIMB1493-00000000001	858132	858836	-	HIMB1493_00923	HIMB1493	234	OG0000537	NA	NA	NA	NA	NA	HIMB1493_00926	-3
HIMB1493-00000000001	858829	859503	-	HIMB1493_00924	HIMB1493	224	OG0000841	K03589	cell division protein FtsQ	COG1589	FtsQ	Cell division septal protein FtsQ	HIMB1493_00926	-2
HIMB1493-00000000001	859484	860398	-	HIMB1493_00925	HIMB1493	304	OG0000580	K01921	D-alanine-D-alanine ligase [EC:6.3.2.4]	COG1181	DdlA	D-alanine-D-alanine ligase or related ATP-grasp enzyme	HIMB1493_00926	-1
HIMB1493-00000000001	860400	861305	-	HIMB1493_00926	HIMB1493	301	OG0000330	K00075	UDP-N-acetylmuramate dehydrogenase [EC:1.3.1.98]	COG0812	MurB	UDP-N-acetylenolpyruvoylglucosamine reductase	HIMB1493_00926	0
HIMB1493-00000000001	861302	862699	-	HIMB1493_00927	HIMB1493	465	OG0000265	K01924	UDP-N-acetylmuramate--alanine ligase [EC:6.3.2.8]	COG0773	MurC	UDP-N-acetylmuramate-alanine ligase MurC and related ligases, MurC/Mpl family	HIMB1493_00926	1
HIMB1493-00000000001	862689	863753	-	HIMB1493_00928	HIMB1493	354	OG0000489	K02563	UDP-N-acetylglucosamine--N-acetylmuramyl-(pentapeptide) pyrophosphoryl-undecaprenol N-acetylglucosamine transferase [EC:2.4.1.227]	COG0707	MurG	UDP-N-acetylglucosamine:LPS N-acetylglucosamine transferase	HIMB1493_00926	2
HIMB1493-00000000001	863757	864875	-	HIMB1493_00929	HIMB1493	372	OG0000615	NA	NA	COG0772	FtsW	Peptodoglycan polymerase FtsW/RodA/SpoVE	HIMB1493_00926	3
HIMB1493-00000000001	864865	866148	-	HIMB1493_00930	HIMB1493	427	OG0000817	NA	NA	COG0771	MurD	UDP-N-acetylmuramoylalanine-D-glutamate ligase	HIMB1493_00926	4
HIMB1493-00000000001	866148	867233	-	HIMB1493_00931	HIMB1493	361	OG0000019	K01000	phospho-N-acetylmuramoyl-pentapeptide-transferase [EC:2.7.8.13]	COG0472	Rfe	UDP-N-acetylmuramyl pentapeptide phosphotransferase/UDP-N-acetylglucosamine-1-phosphate transferase/archaeal AglH	HIMB1493_00926	5
HIMB1494-00000000001	551833	552918	+	HIMB1494_00577	HIMB1494	361	OG0000019	K01000	phospho-N-acetylmuramoyl-pentapeptide-transferase [EC:2.7.8.13]	COG0472	Rfe	UDP-N-acetylmuramyl pentapeptide phosphotransferase/UDP-N-acetylglucosamine-1-phosphate transferase/archaeal AglH	HIMB1494_00582	-5
HIMB1494-00000000001	552918	554201	+	HIMB1494_00578	HIMB1494	427	OG0000817	NA	NA	COG0771	MurD	UDP-N-acetylmuramoylalanine-D-glutamate ligase	HIMB1494_00582	-4
HIMB1494-00000000001	554191	555309	+	HIMB1494_00579	HIMB1494	372	OG0000615	NA	NA	COG0772	FtsW	Peptodoglycan polymerase FtsW/RodA/SpoVE	HIMB1494_00582	-3
HIMB1494-00000000001	555313	556380	+	HIMB1494_00580	HIMB1494	355	OG0000489	K02563	UDP-N-acetylglucosamine--N-acetylmuramyl-(pentapeptide) pyrophosphoryl-undecaprenol N-acetylglucosamine transferase [EC:2.4.1.227]	COG0707	MurG	UDP-N-acetylglucosamine:LPS N-acetylglucosamine transferase	HIMB1494_00582	-2
HIMB1494-00000000001	556370	557764	+	HIMB1494_00581	HIMB1494	464	OG0000265	K01924	UDP-N-acetylmuramate--alanine ligase [EC:6.3.2.8]	COG0773	MurC	UDP-N-acetylmuramate-alanine ligase MurC and related ligases, MurC/Mpl family	HIMB1494_00582	-1
HIMB1494-00000000001	557764	558669	+	HIMB1494_00582	HIMB1494	301	OG0000330	K00075	UDP-N-acetylmuramate dehydrogenase [EC:1.3.1.98]	COG0812	MurB	UDP-N-acetylenolpyruvoylglucosamine reductase	HIMB1494_00582	0
HIMB1494-00000000001	558671	559585	+	HIMB1494_00583	HIMB1494	304	OG0000580	K01921	D-alanine-D-alanine ligase [EC:6.3.2.4]	COG1181	DdlA	D-alanine-D-alanine ligase or related ATP-grasp enzyme	HIMB1494_00582	1
HIMB1494-00000000001	559566	560240	+	HIMB1494_00584	HIMB1494	224	OG0000841	K03589	cell division protein FtsQ	COG1589	FtsQ	Cell division septal protein FtsQ	HIMB1494_00582	2
HIMB1494-00000000001	560233	560937	+	HIMB1494_00585	HIMB1494	234	OG0000537	NA	NA	NA	NA	NA	HIMB1494_00582	3
HIMB1494-00000000001	561002	561922	+	HIMB1494_00586	HIMB1494	306	OG0000300	K02535	UDP-3-O-[3-hydroxymyristoyl] N-acetylglucosamine deacetylase [EC:3.5.1.108]	COG0774	LpxC	UDP-3-O-acyl-N-acetylglucosamine deacetylase	HIMB1494_00582	4
HIMB1494-00000000001	561972	562811	+	HIMB1494_00587	HIMB1494	279	OG0000470	K05807	outer membrane protein assembly factor BamD	COG4105	BamD	Outer membrane protein assembly factor BamD, BamD/ComL family	HIMB1494_00582	5
HIMB1495-00000000001	528538	529623	+	HIMB1495_00555	HIMB1495	361	OG0000019	K01000	phospho-N-acetylmuramoyl-pentapeptide-transferase [EC:2.7.8.13]	COG0472	Rfe	UDP-N-acetylmuramyl pentapeptide phosphotransferase/UDP-N-acetylglucosamine-1-phosphate transferase/archaeal AglH	HIMB1495_00560	-5
HIMB1495-00000000001	529623	530906	+	HIMB1495_00556	HIMB1495	427	OG0000817	NA	NA	COG0771	MurD	UDP-N-acetylmuramoylalanine-D-glutamate ligase	HIMB1495_00560	-4
HIMB1495-00000000001	530896	532014	+	HIMB1495_00557	HIMB1495	372	OG0000615	NA	NA	COG0772	FtsW	Peptodoglycan polymerase FtsW/RodA/SpoVE	HIMB1495_00560	-3
HIMB1495-00000000001	532018	533085	+	HIMB1495_00558	HIMB1495	355	OG0000489	K02563	UDP-N-acetylglucosamine--N-acetylmuramyl-(pentapeptide) pyrophosphoryl-undecaprenol N-acetylglucosamine transferase [EC:2.4.1.227]	COG0707	MurG	UDP-N-acetylglucosamine:LPS N-acetylglucosamine transferase	HIMB1495_00560	-2
HIMB1495-00000000001	533075	534469	+	HIMB1495_00559	HIMB1495	464	OG0000265	K01924	UDP-N-acetylmuramate--alanine ligase [EC:6.3.2.8]	COG0773	MurC	UDP-N-acetylmuramate-alanine ligase MurC and related ligases, MurC/Mpl family	HIMB1495_00560	-1
HIMB1495-00000000001	534469	535374	+	HIMB1495_00560	HIMB1495	301	OG0000330	K00075	UDP-N-acetylmuramate dehydrogenase [EC:1.3.1.98]	COG0812	MurB	UDP-N-acetylenolpyruvoylglucosamine reductase	HIMB1495_00560	0
HIMB1495-00000000001	535376	536290	+	HIMB1495_00561	HIMB1495	304	OG0000580	K01921	D-alanine-D-alanine ligase [EC:6.3.2.4]	COG1181	DdlA	D-alanine-D-alanine ligase or related ATP-grasp enzyme	HIMB1495_00560	1
HIMB1495-00000000001	536271	536945	+	HIMB1495_00562	HIMB1495	224	OG0000841	K03589	cell division protein FtsQ	COG1589	FtsQ	Cell division septal protein FtsQ	HIMB1495_00560	2
HIMB1495-00000000001	536938	537642	+	HIMB1495_00563	HIMB1495	234	OG0000537	NA	NA	NA	NA	NA	HIMB1495_00560	3
HIMB1495-00000000001	537707	538627	+	HIMB1495_00564	HIMB1495	306	OG0000300	K02535	UDP-3-O-[3-hydroxymyristoyl] N-acetylglucosamine deacetylase [EC:3.5.1.108]	COG0774	LpxC	UDP-3-O-acyl-N-acetylglucosamine deacetylase	HIMB1495_00560	4
HIMB1495-00000000001	538677	539516	+	HIMB1495_00565	HIMB1495	279	OG0000470	K05807	outer membrane protein assembly factor BamD	COG4105	BamD	Outer membrane protein assembly factor BamD, BamD/ComL family	HIMB1495_00560	5
HIMB1505-00000000001	530543	531628	+	HIMB1505_00560	HIMB1505	361	OG0000019	K01000	phospho-N-acetylmuramoyl-pentapeptide-transferase [EC:2.7.8.13]	COG0472	Rfe	UDP-N-acetylmuramyl pentapeptide phosphotransferase/UDP-N-acetylglucosamine-1-phosphate transferase/archaeal AglH	HIMB1505_00565	-5
HIMB1505-00000000001	531628	532920	+	HIMB1505_00561	HIMB1505	430	OG0000817	NA	NA	COG0771	MurD	UDP-N-acetylmuramoylalanine-D-glutamate ligase	HIMB1505_00565	-4
HIMB1505-00000000001	532917	534044	+	HIMB1505_00562	HIMB1505	375	OG0000615	NA	NA	COG0772	FtsW	Peptodoglycan polymerase FtsW/RodA/SpoVE	HIMB1505_00565	-3
HIMB1505-00000000001	534047	535111	+	HIMB1505_00563	HIMB1505	354	OG0000489	K02563	UDP-N-acetylglucosamine--N-acetylmuramyl-(pentapeptide) pyrophosphoryl-undecaprenol N-acetylglucosamine transferase [EC:2.4.1.227]	COG0707	MurG	UDP-N-acetylglucosamine:LPS N-acetylglucosamine transferase	HIMB1505_00565	-2
HIMB1505-00000000001	535101	536498	+	HIMB1505_00564	HIMB1505	465	OG0000265	K01924	UDP-N-acetylmuramate--alanine ligase [EC:6.3.2.8]	COG0773	MurC	UDP-N-acetylmuramate-alanine ligase MurC and related ligases, MurC/Mpl family	HIMB1505_00565	-1
HIMB1505-00000000001	536495	537406	+	HIMB1505_00565	HIMB1505	303	OG0000330	K00075	UDP-N-acetylmuramate dehydrogenase [EC:1.3.1.98]	COG0812	MurB	UDP-N-acetylenolpyruvoylglucosamine reductase	HIMB1505_00565	0
HIMB1505-00000000001	537403	538317	+	HIMB1505_00566	HIMB1505	304	OG0000580	K01921	D-alanine-D-alanine ligase [EC:6.3.2.4]	COG1181	DdlA	D-alanine-D-alanine ligase or related ATP-grasp enzyme	HIMB1505_00565	1
HIMB1505-00000000001	538298	538972	+	HIMB1505_00567	HIMB1505	224	OG0000841	K03589	cell division protein FtsQ	COG1589	FtsQ	Cell division septal protein FtsQ	HIMB1505_00565	2
HIMB1505-00000000001	538965	539669	+	HIMB1505_00568	HIMB1505	234	OG0000537	NA	NA	NA	NA	NA	HIMB1505_00565	3
HIMB1505-00000000001	539737	540657	+	HIMB1505_00569	HIMB1505	306	OG0000300	K02535	UDP-3-O-[3-hydroxymyristoyl] N-acetylglucosamine deacetylase [EC:3.5.1.108]	COG0774	LpxC	UDP-3-O-acyl-N-acetylglucosamine deacetylase	HIMB1505_00565	4
HIMB1505-00000000001	540729	541529	+	HIMB1505_00570	HIMB1505	266	OG0000470	K05807	outer membrane protein assembly factor BamD	COG4105	BamD	Outer membrane protein assembly factor BamD, BamD/ComL family	HIMB1505_00565	5
HIMB1506-00000000001	929994	930842	-	HIMB1506_01012	HIMB1506	282	OG0000470	K05807	outer membrane protein assembly factor BamD	COG4105	BamD	Outer membrane protein assembly factor BamD, BamD/ComL family	HIMB1506_01017	-5
HIMB1506-00000000001	930890	931810	-	HIMB1506_01013	HIMB1506	306	OG0000300	K02535	UDP-3-O-[3-hydroxymyristoyl] N-acetylglucosamine deacetylase [EC:3.5.1.108]	COG0774	LpxC	UDP-3-O-acyl-N-acetylglucosamine deacetylase	HIMB1506_01017	-4
HIMB1506-00000000001	931875	932579	-	HIMB1506_01014	HIMB1506	234	OG0000537	NA	NA	COG0849	FtsA	Cell division ATPase FtsA	HIMB1506_01017	-3
HIMB1506-00000000001	932572	933243	-	HIMB1506_01015	HIMB1506	223	OG0000841	K03589	cell division protein FtsQ	COG1589	FtsQ	Cell division septal protein FtsQ	HIMB1506_01017	-2
HIMB1506-00000000001	933224	934138	-	HIMB1506_01016	HIMB1506	304	OG0000580	K01921	D-alanine-D-alanine ligase [EC:6.3.2.4]	COG1181	DdlA	D-alanine-D-alanine ligase or related ATP-grasp enzyme	HIMB1506_01017	-1
HIMB1506-00000000001	934140	935045	-	HIMB1506_01017	HIMB1506	301	OG0000330	K00075	UDP-N-acetylmuramate dehydrogenase [EC:1.3.1.98]	COG0812	MurB	UDP-N-acetylenolpyruvoylglucosamine reductase	HIMB1506_01017	0
HIMB1506-00000000001	935045	936439	-	HIMB1506_01018	HIMB1506	464	OG0000265	K01924	UDP-N-acetylmuramate--alanine ligase [EC:6.3.2.8]	COG0773	MurC	UDP-N-acetylmuramate-alanine ligase MurC and related ligases, MurC/Mpl family	HIMB1506_01017	1
HIMB1506-00000000001	936429	937496	-	HIMB1506_01019	HIMB1506	355	OG0000489	K02563	UDP-N-acetylglucosamine--N-acetylmuramyl-(pentapeptide) pyrophosphoryl-undecaprenol N-acetylglucosamine transferase [EC:2.4.1.227]	COG0707	MurG	UDP-N-acetylglucosamine:LPS N-acetylglucosamine transferase	HIMB1506_01017	2
HIMB1506-00000000001	937500	938618	-	HIMB1506_01020	HIMB1506	372	OG0000615	NA	NA	COG0772	FtsW	Peptodoglycan polymerase FtsW/RodA/SpoVE	HIMB1506_01017	3
HIMB1506-00000000001	938608	939891	-	HIMB1506_01021	HIMB1506	427	OG0000817	NA	NA	COG0771	MurD	UDP-N-acetylmuramoylalanine-D-glutamate ligase	HIMB1506_01017	4
HIMB1506-00000000001	939891	940976	-	HIMB1506_01022	HIMB1506	361	OG0000019	K01000	phospho-N-acetylmuramoyl-pentapeptide-transferase [EC:2.7.8.13]	COG0472	Rfe	UDP-N-acetylmuramyl pentapeptide phosphotransferase/UDP-N-acetylglucosamine-1-phosphate transferase/archaeal AglH	HIMB1506_01017	5
HIMB1507-00000000001	106347	107201	-	HIMB1507_00108	HIMB1507	284	OG0000470	K05807	outer membrane protein assembly factor BamD	COG4105	BamD	Outer membrane protein assembly factor BamD, BamD/ComL family	HIMB1507_00113	-5
HIMB1507-00000000001	107257	108177	-	HIMB1507_00109	HIMB1507	306	OG0000300	K02535	UDP-3-O-[3-hydroxymyristoyl] N-acetylglucosamine deacetylase [EC:3.5.1.108]	COG0774	LpxC	UDP-3-O-acyl-N-acetylglucosamine deacetylase	HIMB1507_00113	-4
HIMB1507-00000000001	108242	108946	-	HIMB1507_00110	HIMB1507	234	OG0000537	NA	NA	NA	NA	NA	HIMB1507_00113	-3
HIMB1507-00000000001	108939	109613	-	HIMB1507_00111	HIMB1507	224	OG0000841	K03589	cell division protein FtsQ	COG1589	FtsQ	Cell division septal protein FtsQ	HIMB1507_00113	-2
HIMB1507-00000000001	109594	110508	-	HIMB1507_00112	HIMB1507	304	OG0000580	K01921	D-alanine-D-alanine ligase [EC:6.3.2.4]	COG1181	DdlA	D-alanine-D-alanine ligase or related ATP-grasp enzyme	HIMB1507_00113	-1
HIMB1507-00000000001	110510	111415	-	HIMB1507_00113	HIMB1507	301	OG0000330	K00075	UDP-N-acetylmuramate dehydrogenase [EC:1.3.1.98]	COG0812	MurB	UDP-N-acetylenolpyruvoylglucosamine reductase	HIMB1507_00113	0
HIMB1507-00000000001	111415	112809	-	HIMB1507_00114	HIMB1507	464	OG0000265	K01924	UDP-N-acetylmuramate--alanine ligase [EC:6.3.2.8]	COG0773	MurC	UDP-N-acetylmuramate-alanine ligase MurC and related ligases, MurC/Mpl family	HIMB1507_00113	1
HIMB1507-00000000001	112799	113866	-	HIMB1507_00115	HIMB1507	355	OG0000489	K02563	UDP-N-acetylglucosamine--N-acetylmuramyl-(pentapeptide) pyrophosphoryl-undecaprenol N-acetylglucosamine transferase [EC:2.4.1.227]	COG0707	MurG	UDP-N-acetylglucosamine:LPS N-acetylglucosamine transferase	HIMB1507_00113	2
HIMB1507-00000000001	113870	114988	-	HIMB1507_00116	HIMB1507	372	OG0000615	NA	NA	COG0772	FtsW	Peptodoglycan polymerase FtsW/RodA/SpoVE	HIMB1507_00113	3
HIMB1507-00000000001	114978	116261	-	HIMB1507_00117	HIMB1507	427	OG0000817	NA	NA	COG0771	MurD	UDP-N-acetylmuramoylalanine-D-glutamate ligase	HIMB1507_00113	4
HIMB1507-00000000001	116261	117346	-	HIMB1507_00118	HIMB1507	361	OG0000019	K01000	phospho-N-acetylmuramoyl-pentapeptide-transferase [EC:2.7.8.13]	COG0472	Rfe	UDP-N-acetylmuramyl pentapeptide phosphotransferase/UDP-N-acetylglucosamine-1-phosphate transferase/archaeal AglH	HIMB1507_00113	5
HIMB1509-00000000001	513931	515016	+	HIMB1509_00534	HIMB1509	361	OG0000019	K01000	phospho-N-acetylmuramoyl-pentapeptide-transferase [EC:2.7.8.13]	COG0472	Rfe	UDP-N-acetylmuramyl pentapeptide phosphotransferase/UDP-N-acetylglucosamine-1-phosphate transferase/archaeal AglH	HIMB1509_00539	-5
HIMB1509-00000000001	515016	516299	+	HIMB1509_00535	HIMB1509	427	OG0000817	NA	NA	COG0771	MurD	UDP-N-acetylmuramoylalanine-D-glutamate ligase	HIMB1509_00539	-4
HIMB1509-00000000001	516289	517407	+	HIMB1509_00536	HIMB1509	372	OG0000615	NA	NA	COG0772	FtsW	Peptodoglycan polymerase FtsW/RodA/SpoVE	HIMB1509_00539	-3
HIMB1509-00000000001	517411	518478	+	HIMB1509_00537	HIMB1509	355	OG0000489	K02563	UDP-N-acetylglucosamine--N-acetylmuramyl-(pentapeptide) pyrophosphoryl-undecaprenol N-acetylglucosamine transferase [EC:2.4.1.227]	COG0707	MurG	UDP-N-acetylglucosamine:LPS N-acetylglucosamine transferase	HIMB1509_00539	-2
HIMB1509-00000000001	518468	519862	+	HIMB1509_00538	HIMB1509	464	OG0000265	K01924	UDP-N-acetylmuramate--alanine ligase [EC:6.3.2.8]	COG0773	MurC	UDP-N-acetylmuramate-alanine ligase MurC and related ligases, MurC/Mpl family	HIMB1509_00539	-1
HIMB1509-00000000001	519862	520767	+	HIMB1509_00539	HIMB1509	301	OG0000330	K00075	UDP-N-acetylmuramate dehydrogenase [EC:1.3.1.98]	COG0812	MurB	UDP-N-acetylenolpyruvoylglucosamine reductase	HIMB1509_00539	0
HIMB1509-00000000001	520769	521683	+	HIMB1509_00540	HIMB1509	304	OG0000580	K01921	D-alanine-D-alanine ligase [EC:6.3.2.4]	COG1181	DdlA	D-alanine-D-alanine ligase or related ATP-grasp enzyme	HIMB1509_00539	1
HIMB1509-00000000001	521664	522338	+	HIMB1509_00541	HIMB1509	224	OG0000841	K03589	cell division protein FtsQ	COG1589	FtsQ	Cell division septal protein FtsQ	HIMB1509_00539	2
HIMB1509-00000000001	522331	522999	+	HIMB1509_00542	HIMB1509	222	OG0000537	NA	NA	NA	NA	NA	HIMB1509_00539	3
HIMB1509-00000000001	523064	523984	+	HIMB1509_00543	HIMB1509	306	OG0000300	K02535	UDP-3-O-[3-hydroxymyristoyl] N-acetylglucosamine deacetylase [EC:3.5.1.108]	COG0774	LpxC	UDP-3-O-acyl-N-acetylglucosamine deacetylase	HIMB1509_00539	4
HIMB1509-00000000001	524041	524868	+	HIMB1509_00544	HIMB1509	275	OG0000470	K05807	outer membrane protein assembly factor BamD	COG4105	BamD	Outer membrane protein assembly factor BamD, BamD/ComL family	HIMB1509_00539	5
HIMB1513-00000000001	106823	107668	-	HIMB1513_00108	HIMB1513	281	OG0000470	K05807	outer membrane protein assembly factor BamD	COG4105	BamD	Outer membrane protein assembly factor BamD, BamD/ComL family	HIMB1513_00113	-5
HIMB1513-00000000001	107716	108636	-	HIMB1513_00109	HIMB1513	306	OG0000300	K02535	UDP-3-O-[3-hydroxymyristoyl] N-acetylglucosamine deacetylase [EC:3.5.1.108]	COG0774	LpxC	UDP-3-O-acyl-N-acetylglucosamine deacetylase	HIMB1513_00113	-4
HIMB1513-00000000001	108701	109405	-	HIMB1513_00110	HIMB1513	234	OG0000537	NA	NA	NA	NA	NA	HIMB1513_00113	-3
HIMB1513-00000000001	109398	110072	-	HIMB1513_00111	HIMB1513	224	OG0000841	K03589	cell division protein FtsQ	COG1589	FtsQ	Cell division septal protein FtsQ	HIMB1513_00113	-2
HIMB1513-00000000001	110053	110967	-	HIMB1513_00112	HIMB1513	304	OG0000580	K01921	D-alanine-D-alanine ligase [EC:6.3.2.4]	COG1181	DdlA	D-alanine-D-alanine ligase or related ATP-grasp enzyme	HIMB1513_00113	-1
HIMB1513-00000000001	110969	111874	-	HIMB1513_00113	HIMB1513	301	OG0000330	K00075	UDP-N-acetylmuramate dehydrogenase [EC:1.3.1.98]	COG0812	MurB	UDP-N-acetylenolpyruvoylglucosamine reductase	HIMB1513_00113	0
HIMB1513-00000000001	111874	113268	-	HIMB1513_00114	HIMB1513	464	OG0000265	K01924	UDP-N-acetylmuramate--alanine ligase [EC:6.3.2.8]	COG0773	MurC	UDP-N-acetylmuramate-alanine ligase MurC and related ligases, MurC/Mpl family	HIMB1513_00113	1
HIMB1513-00000000001	113258	114325	-	HIMB1513_00115	HIMB1513	355	OG0000489	K02563	UDP-N-acetylglucosamine--N-acetylmuramyl-(pentapeptide) pyrophosphoryl-undecaprenol N-acetylglucosamine transferase [EC:2.4.1.227]	COG0707	MurG	UDP-N-acetylglucosamine:LPS N-acetylglucosamine transferase	HIMB1513_00113	2
HIMB1513-00000000001	114329	115447	-	HIMB1513_00116	HIMB1513	372	OG0000615	NA	NA	COG0772	FtsW	Peptodoglycan polymerase FtsW/RodA/SpoVE	HIMB1513_00113	3
HIMB1513-00000000001	115437	116720	-	HIMB1513_00117	HIMB1513	427	OG0000817	NA	NA	COG0771	MurD	UDP-N-acetylmuramoylalanine-D-glutamate ligase	HIMB1513_00113	4
HIMB1513-00000000001	116720	117805	-	HIMB1513_00118	HIMB1513	361	OG0000019	K01000	phospho-N-acetylmuramoyl-pentapeptide-transferase [EC:2.7.8.13]	COG0472	Rfe	UDP-N-acetylmuramyl pentapeptide phosphotransferase/UDP-N-acetylglucosamine-1-phosphate transferase/archaeal AglH	HIMB1513_00113	5
HIMB1517-00000000019	435	1319	-	HIMB1517_01352	HIMB1517	294	OG0000580	K01921	D-alanine-D-alanine ligase [EC:6.3.2.4]	COG1181	DdlA	D-alanine-D-alanine ligase or related ATP-grasp enzyme	HIMB1517_01353	-1
HIMB1517-00000000019	1339	2202	-	HIMB1517_01353	HIMB1517	287	OG0000330	K00075	UDP-N-acetylmuramate dehydrogenase [EC:1.3.1.98]	COG0812	MurB	UDP-N-acetylenolpyruvoylglucosamine reductase	HIMB1517_01353	0
HIMB1517-00000000019	2202	3593	-	HIMB1517_01354	HIMB1517	463	OG0000265	K01924	UDP-N-acetylmuramate--alanine ligase [EC:6.3.2.8]	COG0773	MurC	UDP-N-acetylmuramate-alanine ligase MurC and related ligases, MurC/Mpl family	HIMB1517_01353	1
HIMB1517-00000000019	3633	4742	-	HIMB1517_01355	HIMB1517	369	OG0000615	NA	NA	COG0772	FtsW	Peptodoglycan polymerase FtsW/RodA/SpoVE	HIMB1517_01353	2
HIMB1517-00000000019	4723	5928	-	HIMB1517_01356	HIMB1517	401	OG0000817	NA	NA	COG0771	MurD	UDP-N-acetylmuramoylalanine-D-glutamate ligase	HIMB1517_01353	3
HIMB1517-00000000019	5929	7017	-	HIMB1517_01357	HIMB1517	362	OG0000019	K01000	phospho-N-acetylmuramoyl-pentapeptide-transferase [EC:2.7.8.13]	COG0472	Rfe	UDP-N-acetylmuramyl pentapeptide phosphotransferase/UDP-N-acetylglucosamine-1-phosphate transferase/archaeal AglH	HIMB1517_01353	4
HIMB1517-00000000019	7017	8348	-	HIMB1517_01358	HIMB1517	443	OG0000125	K01929	UDP-N-acetylmuramoyl-tripeptide--D-alanyl-D-alanine ligase [EC:6.3.2.10]	COG0770	MurF	UDP-N-acetylmuramyl pentapeptide synthase	HIMB1517_01353	5
HIMB1518-00000000001	1011713	1012552	-	HIMB1518_01076	HIMB1518	279	OG0000470	K05807	outer membrane protein assembly factor BamD	COG4105	BamD	Outer membrane protein assembly factor BamD, BamD/ComL family	HIMB1518_01081	-5
HIMB1518-00000000001	1012598	1013518	-	HIMB1518_01077	HIMB1518	306	OG0000300	K02535	UDP-3-O-[3-hydroxymyristoyl] N-acetylglucosamine deacetylase [EC:3.5.1.108]	COG0774	LpxC	UDP-3-O-acyl-N-acetylglucosamine deacetylase	HIMB1518_01081	-4
HIMB1518-00000000001	1013583	1014287	-	HIMB1518_01078	HIMB1518	234	OG0000537	NA	NA	NA	NA	NA	HIMB1518_01081	-3
HIMB1518-00000000001	1014280	1014954	-	HIMB1518_01079	HIMB1518	224	OG0000841	K03589	cell division protein FtsQ	COG1589	FtsQ	Cell division septal protein FtsQ	HIMB1518_01081	-2
HIMB1518-00000000001	1014935	1015849	-	HIMB1518_01080	HIMB1518	304	OG0000580	K01921	D-alanine-D-alanine ligase [EC:6.3.2.4]	COG1181	DdlA	D-alanine-D-alanine ligase or related ATP-grasp enzyme	HIMB1518_01081	-1
HIMB1518-00000000001	1015851	1016756	-	HIMB1518_01081	HIMB1518	301	OG0000330	K00075	UDP-N-acetylmuramate dehydrogenase [EC:1.3.1.98]	COG0812	MurB	UDP-N-acetylenolpyruvoylglucosamine reductase	HIMB1518_01081	0
HIMB1518-00000000001	1016753	1018150	-	HIMB1518_01082	HIMB1518	465	OG0000265	K01924	UDP-N-acetylmuramate--alanine ligase [EC:6.3.2.8]	COG0773	MurC	UDP-N-acetylmuramate-alanine ligase MurC and related ligases, MurC/Mpl family	HIMB1518_01081	1
HIMB1518-00000000001	1018140	1019204	-	HIMB1518_01083	HIMB1518	354	OG0000489	K02563	UDP-N-acetylglucosamine--N-acetylmuramyl-(pentapeptide) pyrophosphoryl-undecaprenol N-acetylglucosamine transferase [EC:2.4.1.227]	COG0707	MurG	UDP-N-acetylglucosamine:LPS N-acetylglucosamine transferase	HIMB1518_01081	2
HIMB1518-00000000001	1019208	1020326	-	HIMB1518_01084	HIMB1518	372	OG0000615	NA	NA	COG0772	FtsW	Peptodoglycan polymerase FtsW/RodA/SpoVE	HIMB1518_01081	3
HIMB1518-00000000001	1020316	1021599	-	HIMB1518_01085	HIMB1518	427	OG0000817	NA	NA	COG0771	MurD	UDP-N-acetylmuramoylalanine-D-glutamate ligase	HIMB1518_01081	4
HIMB1518-00000000001	1021599	1022684	-	HIMB1518_01086	HIMB1518	361	OG0000019	K01000	phospho-N-acetylmuramoyl-pentapeptide-transferase [EC:2.7.8.13]	COG0472	Rfe	UDP-N-acetylmuramyl pentapeptide phosphotransferase/UDP-N-acetylglucosamine-1-phosphate transferase/archaeal AglH	HIMB1518_01081	5
HIMB1520-00000000001	557689	558552	-	HIMB1520_00634	HIMB1520	287	OG0000470	K05807	outer membrane protein assembly factor BamD	COG4105	BamD	Outer membrane protein assembly factor BamD, BamD/ComL family	HIMB1520_00639	-5
HIMB1520-00000000001	558590	559510	-	HIMB1520_00635	HIMB1520	306	OG0000300	K02535	UDP-3-O-[3-hydroxymyristoyl] N-acetylglucosamine deacetylase [EC:3.5.1.108]	COG0774	LpxC	UDP-3-O-acyl-N-acetylglucosamine deacetylase	HIMB1520_00639	-4
HIMB1520-00000000001	559583	560281	-	HIMB1520_00636	HIMB1520	232	OG0000537	NA	NA	NA	NA	NA	HIMB1520_00639	-3
HIMB1520-00000000001	560268	560948	-	HIMB1520_00637	HIMB1520	226	OG0000841	K03589	cell division protein FtsQ	COG1589	FtsQ	Cell division septal protein FtsQ	HIMB1520_00639	-2
HIMB1520-00000000001	560926	561837	-	HIMB1520_00638	HIMB1520	303	OG0000580	K01921	D-alanine-D-alanine ligase [EC:6.3.2.4]	COG1181	DdlA	D-alanine-D-alanine ligase or related ATP-grasp enzyme	HIMB1520_00639	-1
HIMB1520-00000000001	561839	562747	-	HIMB1520_00639	HIMB1520	302	OG0000330	K00075	UDP-N-acetylmuramate dehydrogenase [EC:1.3.1.98]	COG0812	MurB	UDP-N-acetylenolpyruvoylglucosamine reductase	HIMB1520_00639	0
HIMB1520-00000000001	562747	564141	-	HIMB1520_00640	HIMB1520	464	OG0000265	K01924	UDP-N-acetylmuramate--alanine ligase [EC:6.3.2.8]	COG0773	MurC	UDP-N-acetylmuramate-alanine ligase MurC and related ligases, MurC/Mpl family	HIMB1520_00639	1
HIMB1520-00000000001	564131	565192	-	HIMB1520_00641	HIMB1520	353	OG0000489	K02563	UDP-N-acetylglucosamine--N-acetylmuramyl-(pentapeptide) pyrophosphoryl-undecaprenol N-acetylglucosamine transferase [EC:2.4.1.227]	COG0707	MurG	UDP-N-acetylglucosamine:LPS N-acetylglucosamine transferase	HIMB1520_00639	2
HIMB1520-00000000001	565189	566316	-	HIMB1520_00642	HIMB1520	375	OG0000615	NA	NA	COG0772	FtsW	Peptodoglycan polymerase FtsW/RodA/SpoVE	HIMB1520_00639	3
HIMB1520-00000000001	566294	567592	-	HIMB1520_00643	HIMB1520	432	OG0000817	NA	NA	COG0771	MurD	UDP-N-acetylmuramoylalanine-D-glutamate ligase	HIMB1520_00639	4
HIMB1520-00000000001	567589	568674	-	HIMB1520_00644	HIMB1520	361	OG0000019	K01000	phospho-N-acetylmuramoyl-pentapeptide-transferase [EC:2.7.8.13]	COG0472	Rfe	UDP-N-acetylmuramyl pentapeptide phosphotransferase/UDP-N-acetylglucosamine-1-phosphate transferase/archaeal AglH	HIMB1520_00639	5
HIMB1521-00000000014	316	990	-	HIMB1521_01319	HIMB1521	224	OG0000841	K03589	cell division protein FtsQ	COG1589	FtsQ	Cell division septal protein FtsQ	HIMB1521_01321	-2
HIMB1521-00000000014	971	1885	-	HIMB1521_01320	HIMB1521	304	OG0000580	K01921	D-alanine-D-alanine ligase [EC:6.3.2.4]	COG1181	DdlA	D-alanine-D-alanine ligase or related ATP-grasp enzyme	HIMB1521_01321	-1
HIMB1521-00000000014	1887	2792	-	HIMB1521_01321	HIMB1521	301	OG0000330	K00075	UDP-N-acetylmuramate dehydrogenase [EC:1.3.1.98]	COG0812	MurB	UDP-N-acetylenolpyruvoylglucosamine reductase	HIMB1521_01321	0
HIMB1521-00000000014	2792	4186	-	HIMB1521_01322	HIMB1521	464	OG0000265	K01924	UDP-N-acetylmuramate--alanine ligase [EC:6.3.2.8]	COG0773	MurC	UDP-N-acetylmuramate-alanine ligase MurC and related ligases, MurC/Mpl family	HIMB1521_01321	1
HIMB1521-00000000014	4176	5243	-	HIMB1521_01323	HIMB1521	355	OG0000489	K02563	UDP-N-acetylglucosamine--N-acetylmuramyl-(pentapeptide) pyrophosphoryl-undecaprenol N-acetylglucosamine transferase [EC:2.4.1.227]	COG0707	MurG	UDP-N-acetylglucosamine:LPS N-acetylglucosamine transferase	HIMB1521_01321	2
HIMB1521-00000000014	5247	6365	-	HIMB1521_01324	HIMB1521	372	OG0000615	NA	NA	COG0772	FtsW	Peptodoglycan polymerase FtsW/RodA/SpoVE	HIMB1521_01321	3
HIMB1521-00000000014	6355	7638	-	HIMB1521_01325	HIMB1521	427	OG0000817	NA	NA	COG0771	MurD	UDP-N-acetylmuramoylalanine-D-glutamate ligase	HIMB1521_01321	4
HIMB1521-00000000014	7638	8723	-	HIMB1521_01326	HIMB1521	361	OG0000019	K01000	phospho-N-acetylmuramoyl-pentapeptide-transferase [EC:2.7.8.13]	COG0472	Rfe	UDP-N-acetylmuramyl pentapeptide phosphotransferase/UDP-N-acetylglucosamine-1-phosphate transferase/archaeal AglH	HIMB1521_01321	5
HIMB1526-00000000001	404308	405393	+	HIMB1526_00422	HIMB1526	361	OG0000019	K01000	phospho-N-acetylmuramoyl-pentapeptide-transferase [EC:2.7.8.13]	COG0472	Rfe	UDP-N-acetylmuramyl pentapeptide phosphotransferase/UDP-N-acetylglucosamine-1-phosphate transferase/archaeal AglH	HIMB1526_00427	-5
HIMB1526-00000000001	405393	406676	+	HIMB1526_00423	HIMB1526	427	OG0000817	NA	NA	COG0771	MurD	UDP-N-acetylmuramoylalanine-D-glutamate ligase	HIMB1526_00427	-4
HIMB1526-00000000001	406666	407784	+	HIMB1526_00424	HIMB1526	372	OG0000615	NA	NA	COG0772	FtsW	Peptodoglycan polymerase FtsW/RodA/SpoVE	HIMB1526_00427	-3
HIMB1526-00000000001	407788	408855	+	HIMB1526_00425	HIMB1526	355	OG0000489	K02563	UDP-N-acetylglucosamine--N-acetylmuramyl-(pentapeptide) pyrophosphoryl-undecaprenol N-acetylglucosamine transferase [EC:2.4.1.227]	COG0707	MurG	UDP-N-acetylglucosamine:LPS N-acetylglucosamine transferase	HIMB1526_00427	-2
HIMB1526-00000000001	408845	410239	+	HIMB1526_00426	HIMB1526	464	OG0000265	K01924	UDP-N-acetylmuramate--alanine ligase [EC:6.3.2.8]	COG0773	MurC	UDP-N-acetylmuramate-alanine ligase MurC and related ligases, MurC/Mpl family	HIMB1526_00427	-1
HIMB1526-00000000001	410239	411144	+	HIMB1526_00427	HIMB1526	301	OG0000330	K00075	UDP-N-acetylmuramate dehydrogenase [EC:1.3.1.98]	COG0812	MurB	UDP-N-acetylenolpyruvoylglucosamine reductase	HIMB1526_00427	0
HIMB1526-00000000001	411146	412060	+	HIMB1526_00428	HIMB1526	304	OG0000580	K01921	D-alanine-D-alanine ligase [EC:6.3.2.4]	COG1181	DdlA	D-alanine-D-alanine ligase or related ATP-grasp enzyme	HIMB1526_00427	1
HIMB1526-00000000001	412041	412715	+	HIMB1526_00429	HIMB1526	224	OG0000841	K03589	cell division protein FtsQ	COG1589	FtsQ	Cell division septal protein FtsQ	HIMB1526_00427	2
HIMB1526-00000000001	412708	413412	+	HIMB1526_00430	HIMB1526	234	OG0000537	NA	NA	NA	NA	NA	HIMB1526_00427	3
HIMB1526-00000000001	413478	414398	+	HIMB1526_00431	HIMB1526	306	OG0000300	K02535	UDP-3-O-[3-hydroxymyristoyl] N-acetylglucosamine deacetylase [EC:3.5.1.108]	COG0774	LpxC	UDP-3-O-acyl-N-acetylglucosamine deacetylase	HIMB1526_00427	4
HIMB1526-00000000001	414445	415284	+	HIMB1526_00432	HIMB1526	279	OG0000470	K05807	outer membrane protein assembly factor BamD	COG4105	BamD	Outer membrane protein assembly factor BamD, BamD/ComL family	HIMB1526_00427	5
HIMB1527-00000000001	113996	114853	-	HIMB1527_00108	HIMB1527	285	OG0000470	K05807	outer membrane protein assembly factor BamD	COG4105	BamD	Outer membrane protein assembly factor BamD, BamD/ComL family	HIMB1527_00113	-5
HIMB1527-00000000001	114892	115812	-	HIMB1527_00109	HIMB1527	306	OG0000300	K02535	UDP-3-O-[3-hydroxymyristoyl] N-acetylglucosamine deacetylase [EC:3.5.1.108]	COG0774	LpxC	UDP-3-O-acyl-N-acetylglucosamine deacetylase	HIMB1527_00113	-4
HIMB1527-00000000001	115880	116578	-	HIMB1527_00110	HIMB1527	232	OG0000537	NA	NA	NA	NA	NA	HIMB1527_00113	-3
HIMB1527-00000000001	116571	117248	-	HIMB1527_00111	HIMB1527	225	OG0000841	K03589	cell division protein FtsQ	COG1589	FtsQ	Cell division septal protein FtsQ	HIMB1527_00113	-2
HIMB1527-00000000001	117226	118140	-	HIMB1527_00112	HIMB1527	304	OG0000580	K01921	D-alanine-D-alanine ligase [EC:6.3.2.4]	COG1181	DdlA	D-alanine-D-alanine ligase or related ATP-grasp enzyme	HIMB1527_00113	-1
HIMB1527-00000000001	118137	119048	-	HIMB1527_00113	HIMB1527	303	OG0000330	K00075	UDP-N-acetylmuramate dehydrogenase [EC:1.3.1.98]	COG0812	MurB	UDP-N-acetylenolpyruvoylglucosamine reductase	HIMB1527_00113	0
HIMB1527-00000000001	119045	120442	-	HIMB1527_00114	HIMB1527	465	OG0000265	K01924	UDP-N-acetylmuramate--alanine ligase [EC:6.3.2.8]	COG0773	MurC	UDP-N-acetylmuramate-alanine ligase MurC and related ligases, MurC/Mpl family	HIMB1527_00113	1
HIMB1527-00000000001	120432	121496	-	HIMB1527_00115	HIMB1527	354	OG0000489	K02563	UDP-N-acetylglucosamine--N-acetylmuramyl-(pentapeptide) pyrophosphoryl-undecaprenol N-acetylglucosamine transferase [EC:2.4.1.227]	COG0707	MurG	UDP-N-acetylglucosamine:LPS N-acetylglucosamine transferase	HIMB1527_00113	2
HIMB1527-00000000001	121499	122626	-	HIMB1527_00116	HIMB1527	375	OG0000615	NA	NA	COG0772	FtsW	Peptodoglycan polymerase FtsW/RodA/SpoVE	HIMB1527_00113	3
HIMB1527-00000000001	122623	123915	-	HIMB1527_00117	HIMB1527	430	OG0000817	NA	NA	COG0771	MurD	UDP-N-acetylmuramoylalanine-D-glutamate ligase	HIMB1527_00113	4
HIMB1527-00000000001	123915	125000	-	HIMB1527_00118	HIMB1527	361	OG0000019	K01000	phospho-N-acetylmuramoyl-pentapeptide-transferase [EC:2.7.8.13]	COG0472	Rfe	UDP-N-acetylmuramyl pentapeptide phosphotransferase/UDP-N-acetylglucosamine-1-phosphate transferase/archaeal AglH	HIMB1527_00113	5
HIMB1542-00000000002	87823	88659	-	HIMB1542_00964	HIMB1542	278	OG0000470	K05807	outer membrane protein assembly factor BamD	COG4105	BamD	Outer membrane protein assembly factor BamD, BamD/ComL family	HIMB1542_00969	-5
HIMB1542-00000000002	88706	89626	-	HIMB1542_00965	HIMB1542	306	OG0000300	K02535	UDP-3-O-[3-hydroxymyristoyl] N-acetylglucosamine deacetylase [EC:3.5.1.108]	COG0774	LpxC	UDP-3-O-acyl-N-acetylglucosamine deacetylase	HIMB1542_00969	-4
HIMB1542-00000000002	89690	90394	-	HIMB1542_00966	HIMB1542	234	OG0000537	NA	NA	NA	NA	NA	HIMB1542_00969	-3
HIMB1542-00000000002	90394	91068	-	HIMB1542_00967	HIMB1542	224	OG0000841	K03589	cell division protein FtsQ	COG1589	FtsQ	Cell division septal protein FtsQ	HIMB1542_00969	-2
HIMB1542-00000000002	91049	91963	-	HIMB1542_00968	HIMB1542	304	OG0000580	K01921	D-alanine-D-alanine ligase [EC:6.3.2.4]	COG1181	DdlA	D-alanine-D-alanine ligase or related ATP-grasp enzyme	HIMB1542_00969	-1
HIMB1542-00000000002	91965	92870	-	HIMB1542_00969	HIMB1542	301	OG0000330	K00075	UDP-N-acetylmuramate dehydrogenase [EC:1.3.1.98]	COG0812	MurB	UDP-N-acetylenolpyruvoylglucosamine reductase	HIMB1542_00969	0
HIMB1542-00000000002	92870	94264	-	HIMB1542_00970	HIMB1542	464	OG0000265	K01924	UDP-N-acetylmuramate--alanine ligase [EC:6.3.2.8]	COG0773	MurC	UDP-N-acetylmuramate-alanine ligase MurC and related ligases, MurC/Mpl family	HIMB1542_00969	1
HIMB1542-00000000002	94254	95321	-	HIMB1542_00971	HIMB1542	355	OG0000489	K02563	UDP-N-acetylglucosamine--N-acetylmuramyl-(pentapeptide) pyrophosphoryl-undecaprenol N-acetylglucosamine transferase [EC:2.4.1.227]	COG0707	MurG	UDP-N-acetylglucosamine:LPS N-acetylglucosamine transferase	HIMB1542_00969	2
HIMB1542-00000000002	95325	96443	-	HIMB1542_00972	HIMB1542	372	OG0000615	NA	NA	COG0772	FtsW	Peptodoglycan polymerase FtsW/RodA/SpoVE	HIMB1542_00969	3
HIMB1542-00000000002	96433	97716	-	HIMB1542_00973	HIMB1542	427	OG0000817	NA	NA	COG0771	MurD	UDP-N-acetylmuramoylalanine-D-glutamate ligase	HIMB1542_00969	4
HIMB1542-00000000002	97716	98801	-	HIMB1542_00974	HIMB1542	361	OG0000019	K01000	phospho-N-acetylmuramoyl-pentapeptide-transferase [EC:2.7.8.13]	COG0472	Rfe	UDP-N-acetylmuramyl pentapeptide phosphotransferase/UDP-N-acetylglucosamine-1-phosphate transferase/archaeal AglH	HIMB1542_00969	5
HIMB1549-00000000001	99957	101042	+	HIMB1549_00109	HIMB1549	361	OG0000019	K01000	phospho-N-acetylmuramoyl-pentapeptide-transferase [EC:2.7.8.13]	COG0472	Rfe	UDP-N-acetylmuramyl pentapeptide phosphotransferase/UDP-N-acetylglucosamine-1-phosphate transferase/archaeal AglH	HIMB1549_00114	-5
HIMB1549-00000000001	101042	102334	+	HIMB1549_00110	HIMB1549	430	OG0000817	NA	NA	COG0771	MurD	UDP-N-acetylmuramoylalanine-D-glutamate ligase	HIMB1549_00114	-4
HIMB1549-00000000001	102331	103458	+	HIMB1549_00111	HIMB1549	375	OG0000615	NA	NA	COG0772	FtsW	Peptodoglycan polymerase FtsW/RodA/SpoVE	HIMB1549_00114	-3
HIMB1549-00000000001	103461	104525	+	HIMB1549_00112	HIMB1549	354	OG0000489	K02563	UDP-N-acetylglucosamine--N-acetylmuramyl-(pentapeptide) pyrophosphoryl-undecaprenol N-acetylglucosamine transferase [EC:2.4.1.227]	COG0707	MurG	UDP-N-acetylglucosamine:LPS N-acetylglucosamine transferase	HIMB1549_00114	-2
HIMB1549-00000000001	104515	105912	+	HIMB1549_00113	HIMB1549	465	OG0000265	K01924	UDP-N-acetylmuramate--alanine ligase [EC:6.3.2.8]	COG0773	MurC	UDP-N-acetylmuramate-alanine ligase MurC and related ligases, MurC/Mpl family	HIMB1549_00114	-1
HIMB1549-00000000001	105909	106820	+	HIMB1549_00114	HIMB1549	303	OG0000330	K00075	UDP-N-acetylmuramate dehydrogenase [EC:1.3.1.98]	COG0812	MurB	UDP-N-acetylenolpyruvoylglucosamine reductase	HIMB1549_00114	0
HIMB1549-00000000001	106817	107731	+	HIMB1549_00115	HIMB1549	304	OG0000580	K01921	D-alanine-D-alanine ligase [EC:6.3.2.4]	COG1181	DdlA	D-alanine-D-alanine ligase or related ATP-grasp enzyme	HIMB1549_00114	1
HIMB1549-00000000001	107709	108386	+	HIMB1549_00116	HIMB1549	225	OG0000841	K03589	cell division protein FtsQ	COG1589	FtsQ	Cell division septal protein FtsQ	HIMB1549_00114	2
HIMB1549-00000000001	108379	109077	+	HIMB1549_00117	HIMB1549	232	OG0000537	NA	NA	NA	NA	NA	HIMB1549_00114	3
HIMB1549-00000000001	109141	110061	+	HIMB1549_00118	HIMB1549	306	OG0000300	K02535	UDP-3-O-[3-hydroxymyristoyl] N-acetylglucosamine deacetylase [EC:3.5.1.108]	COG0774	LpxC	UDP-3-O-acyl-N-acetylglucosamine deacetylase	HIMB1549_00114	4
HIMB1549-00000000001	110108	110944	+	HIMB1549_00119	HIMB1549	278	OG0000470	K05807	outer membrane protein assembly factor BamD	COG4105	BamD	Outer membrane protein assembly factor BamD, BamD/ComL family	HIMB1549_00114	5
HIMB1552-00000000001	1384024	1385109	+	HIMB1552_01472	HIMB1552	361	OG0000019	K01000	phospho-N-acetylmuramoyl-pentapeptide-transferase [EC:2.7.8.13]	COG0472	Rfe	UDP-N-acetylmuramyl pentapeptide phosphotransferase/UDP-N-acetylglucosamine-1-phosphate transferase/archaeal AglH	HIMB1552_01477	-5
HIMB1552-00000000001	1385109	1386392	+	HIMB1552_01473	HIMB1552	427	OG0000817	NA	NA	COG0771	MurD	UDP-N-acetylmuramoylalanine-D-glutamate ligase	HIMB1552_01477	-4
HIMB1552-00000000001	1386382	1387500	+	HIMB1552_01474	HIMB1552	372	OG0000615	NA	NA	COG0772	FtsW	Peptodoglycan polymerase FtsW/RodA/SpoVE	HIMB1552_01477	-3
HIMB1552-00000000001	1387504	1388571	+	HIMB1552_01475	HIMB1552	355	OG0000489	K02563	UDP-N-acetylglucosamine--N-acetylmuramyl-(pentapeptide) pyrophosphoryl-undecaprenol N-acetylglucosamine transferase [EC:2.4.1.227]	COG0707	MurG	UDP-N-acetylglucosamine:LPS N-acetylglucosamine transferase	HIMB1552_01477	-2
HIMB1552-00000000001	1388561	1389955	+	HIMB1552_01476	HIMB1552	464	OG0000265	K01924	UDP-N-acetylmuramate--alanine ligase [EC:6.3.2.8]	COG0773	MurC	UDP-N-acetylmuramate-alanine ligase MurC and related ligases, MurC/Mpl family	HIMB1552_01477	-1
HIMB1552-00000000001	1389955	1390860	+	HIMB1552_01477	HIMB1552	301	OG0000330	K00075	UDP-N-acetylmuramate dehydrogenase [EC:1.3.1.98]	COG0812	MurB	UDP-N-acetylenolpyruvoylglucosamine reductase	HIMB1552_01477	0
HIMB1552-00000000001	1390862	1391776	+	HIMB1552_01478	HIMB1552	304	OG0000580	K01921	D-alanine-D-alanine ligase [EC:6.3.2.4]	COG1181	DdlA	D-alanine-D-alanine ligase or related ATP-grasp enzyme	HIMB1552_01477	1
HIMB1552-00000000001	1391757	1392431	+	HIMB1552_01479	HIMB1552	224	OG0000841	K03589	cell division protein FtsQ	COG1589	FtsQ	Cell division septal protein FtsQ	HIMB1552_01477	2
HIMB1552-00000000001	1392424	1393128	+	HIMB1552_01480	HIMB1552	234	OG0000537	NA	NA	NA	NA	NA	HIMB1552_01477	3
HIMB1552-00000000001	1393194	1394114	+	HIMB1552_01481	HIMB1552	306	OG0000300	K02535	UDP-3-O-[3-hydroxymyristoyl] N-acetylglucosamine deacetylase [EC:3.5.1.108]	COG0774	LpxC	UDP-3-O-acyl-N-acetylglucosamine deacetylase	HIMB1552_01477	4
HIMB1552-00000000001	1394161	1395000	+	HIMB1552_01482	HIMB1552	279	OG0000470	K05807	outer membrane protein assembly factor BamD	COG4105	BamD	Outer membrane protein assembly factor BamD, BamD/ComL family	HIMB1552_01477	5
HIMB1556-00000000001	34075	34914	-	HIMB1556_00033	HIMB1556	279	OG0000470	K05807	outer membrane protein assembly factor BamD	COG4105	BamD	Outer membrane protein assembly factor BamD, BamD/ComL family	HIMB1556_00038	-5
HIMB1556-00000000001	34961	35881	-	HIMB1556_00034	HIMB1556	306	OG0000300	K02535	UDP-3-O-[3-hydroxymyristoyl] N-acetylglucosamine deacetylase [EC:3.5.1.108]	COG0774	LpxC	UDP-3-O-acyl-N-acetylglucosamine deacetylase	HIMB1556_00038	-4
HIMB1556-00000000001	35947	36651	-	HIMB1556_00035	HIMB1556	234	OG0000537	NA	NA	NA	NA	NA	HIMB1556_00038	-3
HIMB1556-00000000001	36644	37318	-	HIMB1556_00036	HIMB1556	224	OG0000841	K03589	cell division protein FtsQ	COG1589	FtsQ	Cell division septal protein FtsQ	HIMB1556_00038	-2
HIMB1556-00000000001	37299	38213	-	HIMB1556_00037	HIMB1556	304	OG0000580	K01921	D-alanine-D-alanine ligase [EC:6.3.2.4]	COG1181	DdlA	D-alanine-D-alanine ligase or related ATP-grasp enzyme	HIMB1556_00038	-1
HIMB1556-00000000001	38215	39120	-	HIMB1556_00038	HIMB1556	301	OG0000330	K00075	UDP-N-acetylmuramate dehydrogenase [EC:1.3.1.98]	COG0812	MurB	UDP-N-acetylenolpyruvoylglucosamine reductase	HIMB1556_00038	0
HIMB1556-00000000001	39120	40514	-	HIMB1556_00039	HIMB1556	464	OG0000265	K01924	UDP-N-acetylmuramate--alanine ligase [EC:6.3.2.8]	COG0773	MurC	UDP-N-acetylmuramate-alanine ligase MurC and related ligases, MurC/Mpl family	HIMB1556_00038	1
HIMB1556-00000000001	40504	41571	-	HIMB1556_00040	HIMB1556	355	OG0000489	K02563	UDP-N-acetylglucosamine--N-acetylmuramyl-(pentapeptide) pyrophosphoryl-undecaprenol N-acetylglucosamine transferase [EC:2.4.1.227]	COG0707	MurG	UDP-N-acetylglucosamine:LPS N-acetylglucosamine transferase	HIMB1556_00038	2
HIMB1556-00000000001	41575	42693	-	HIMB1556_00041	HIMB1556	372	OG0000615	NA	NA	COG0772	FtsW	Peptodoglycan polymerase FtsW/RodA/SpoVE	HIMB1556_00038	3
HIMB1556-00000000001	42683	43966	-	HIMB1556_00042	HIMB1556	427	OG0000817	NA	NA	COG0771	MurD	UDP-N-acetylmuramoylalanine-D-glutamate ligase	HIMB1556_00038	4
HIMB1556-00000000001	43966	45051	-	HIMB1556_00043	HIMB1556	361	OG0000019	K01000	phospho-N-acetylmuramoyl-pentapeptide-transferase [EC:2.7.8.13]	COG0472	Rfe	UDP-N-acetylmuramyl pentapeptide phosphotransferase/UDP-N-acetylglucosamine-1-phosphate transferase/archaeal AglH	HIMB1556_00038	5
HIMB1559-00000000001	1369845	1370930	+	HIMB1559_01479	HIMB1559	361	OG0000019	K01000	phospho-N-acetylmuramoyl-pentapeptide-transferase [EC:2.7.8.13]	COG0472	Rfe	UDP-N-acetylmuramyl pentapeptide phosphotransferase/UDP-N-acetylglucosamine-1-phosphate transferase/archaeal AglH	HIMB1559_01484	-5
HIMB1559-00000000001	1370930	1372213	+	HIMB1559_01480	HIMB1559	427	OG0000817	NA	NA	COG0771	MurD	UDP-N-acetylmuramoylalanine-D-glutamate ligase	HIMB1559_01484	-4
HIMB1559-00000000001	1372203	1373321	+	HIMB1559_01481	HIMB1559	372	OG0000615	NA	NA	COG0772	FtsW	Peptodoglycan polymerase FtsW/RodA/SpoVE	HIMB1559_01484	-3
HIMB1559-00000000001	1373325	1374392	+	HIMB1559_01482	HIMB1559	355	OG0000489	K02563	UDP-N-acetylglucosamine--N-acetylmuramyl-(pentapeptide) pyrophosphoryl-undecaprenol N-acetylglucosamine transferase [EC:2.4.1.227]	COG0707	MurG	UDP-N-acetylglucosamine:LPS N-acetylglucosamine transferase	HIMB1559_01484	-2
HIMB1559-00000000001	1374382	1375776	+	HIMB1559_01483	HIMB1559	464	OG0000265	K01924	UDP-N-acetylmuramate--alanine ligase [EC:6.3.2.8]	COG0773	MurC	UDP-N-acetylmuramate-alanine ligase MurC and related ligases, MurC/Mpl family	HIMB1559_01484	-1
HIMB1559-00000000001	1375776	1376681	+	HIMB1559_01484	HIMB1559	301	OG0000330	K00075	UDP-N-acetylmuramate dehydrogenase [EC:1.3.1.98]	COG0812	MurB	UDP-N-acetylenolpyruvoylglucosamine reductase	HIMB1559_01484	0
HIMB1559-00000000001	1376683	1377597	+	HIMB1559_01485	HIMB1559	304	OG0000580	K01921	D-alanine-D-alanine ligase [EC:6.3.2.4]	COG1181	DdlA	D-alanine-D-alanine ligase or related ATP-grasp enzyme	HIMB1559_01484	1
HIMB1559-00000000001	1377578	1378252	+	HIMB1559_01486	HIMB1559	224	OG0000841	K03589	cell division protein FtsQ	COG1589	FtsQ	Cell division septal protein FtsQ	HIMB1559_01484	2
HIMB1559-00000000001	1378245	1378949	+	HIMB1559_01487	HIMB1559	234	OG0000537	NA	NA	NA	NA	NA	HIMB1559_01484	3
HIMB1559-00000000001	1379014	1379934	+	HIMB1559_01488	HIMB1559	306	OG0000300	K02535	UDP-3-O-[3-hydroxymyristoyl] N-acetylglucosamine deacetylase [EC:3.5.1.108]	COG0774	LpxC	UDP-3-O-acyl-N-acetylglucosamine deacetylase	HIMB1559_01484	4
HIMB1559-00000000001	1379984	1380823	+	HIMB1559_01489	HIMB1559	279	OG0000470	K05807	outer membrane protein assembly factor BamD	COG4105	BamD	Outer membrane protein assembly factor BamD, BamD/ComL family	HIMB1559_01484	5
HIMB1564-00000000001	971991	972842	-	HIMB1564_01039	HIMB1564	283	OG0000470	K05807	outer membrane protein assembly factor BamD	COG4105	BamD	Outer membrane protein assembly factor BamD, BamD/ComL family	HIMB1564_01044	-5
HIMB1564-00000000001	972879	973799	-	HIMB1564_01040	HIMB1564	306	OG0000300	K02535	UDP-3-O-[3-hydroxymyristoyl] N-acetylglucosamine deacetylase [EC:3.5.1.108]	COG0774	LpxC	UDP-3-O-acyl-N-acetylglucosamine deacetylase	HIMB1564_01044	-4
HIMB1564-00000000001	973863	974567	-	HIMB1564_01041	HIMB1564	234	OG0000537	NA	NA	NA	NA	NA	HIMB1564_01044	-3
HIMB1564-00000000001	974557	975234	-	HIMB1564_01042	HIMB1564	225	OG0000841	K03589	cell division protein FtsQ	COG1589	FtsQ	Cell division septal protein FtsQ	HIMB1564_01044	-2
HIMB1564-00000000001	975212	976123	-	HIMB1564_01043	HIMB1564	303	OG0000580	K01921	D-alanine-D-alanine ligase [EC:6.3.2.4]	COG1181	DdlA	D-alanine-D-alanine ligase or related ATP-grasp enzyme	HIMB1564_01044	-1
HIMB1564-00000000001	976125	977033	-	HIMB1564_01044	HIMB1564	302	OG0000330	K00075	UDP-N-acetylmuramate dehydrogenase [EC:1.3.1.98]	COG0812	MurB	UDP-N-acetylenolpyruvoylglucosamine reductase	HIMB1564_01044	0
HIMB1564-00000000001	977033	978427	-	HIMB1564_01045	HIMB1564	464	OG0000265	K01924	UDP-N-acetylmuramate--alanine ligase [EC:6.3.2.8]	COG0773	MurC	UDP-N-acetylmuramate-alanine ligase MurC and related ligases, MurC/Mpl family	HIMB1564_01044	1
HIMB1564-00000000001	978417	979478	-	HIMB1564_01046	HIMB1564	353	OG0000489	K02563	UDP-N-acetylglucosamine--N-acetylmuramyl-(pentapeptide) pyrophosphoryl-undecaprenol N-acetylglucosamine transferase [EC:2.4.1.227]	COG0707	MurG	UDP-N-acetylglucosamine:LPS N-acetylglucosamine transferase	HIMB1564_01044	2
HIMB1564-00000000001	979475	980602	-	HIMB1564_01047	HIMB1564	375	OG0000615	NA	NA	COG0772	FtsW	Peptodoglycan polymerase FtsW/RodA/SpoVE	HIMB1564_01044	3
HIMB1564-00000000001	980580	981878	-	HIMB1564_01048	HIMB1564	432	OG0000817	NA	NA	COG0771	MurD	UDP-N-acetylmuramoylalanine-D-glutamate ligase	HIMB1564_01044	4
HIMB1564-00000000001	981875	982960	-	HIMB1564_01049	HIMB1564	361	OG0000019	K01000	phospho-N-acetylmuramoyl-pentapeptide-transferase [EC:2.7.8.13]	COG0472	Rfe	UDP-N-acetylmuramyl pentapeptide phosphotransferase/UDP-N-acetylglucosamine-1-phosphate transferase/archaeal AglH	HIMB1564_01044	5
HIMB1565-00000000001	559540	560871	+	HIMB1565_00621	HIMB1565	443	OG0000125	K01929	UDP-N-acetylmuramoyl-tripeptide--D-alanyl-D-alanine ligase [EC:6.3.2.10]	COG0770	MurF	UDP-N-acetylmuramyl pentapeptide synthase	HIMB1565_00626	-5
HIMB1565-00000000001	560871	561959	+	HIMB1565_00622	HIMB1565	362	OG0000019	K01000	phospho-N-acetylmuramoyl-pentapeptide-transferase [EC:2.7.8.13]	COG0472	Rfe	UDP-N-acetylmuramyl pentapeptide phosphotransferase/UDP-N-acetylglucosamine-1-phosphate transferase/archaeal AglH	HIMB1565_00626	-4
HIMB1565-00000000001	561960	563162	+	HIMB1565_00623	HIMB1565	400	OG0000817	NA	NA	COG0771	MurD	UDP-N-acetylmuramoylalanine-D-glutamate ligase	HIMB1565_00626	-3
HIMB1565-00000000001	563143	564252	+	HIMB1565_00624	HIMB1565	369	OG0000615	NA	NA	COG0772	FtsW	Peptodoglycan polymerase FtsW/RodA/SpoVE	HIMB1565_00626	-2
HIMB1565-00000000001	564292	565683	+	HIMB1565_00625	HIMB1565	463	OG0000265	K01924	UDP-N-acetylmuramate--alanine ligase [EC:6.3.2.8]	COG0773	MurC	UDP-N-acetylmuramate-alanine ligase MurC and related ligases, MurC/Mpl family	HIMB1565_00626	-1
HIMB1565-00000000001	565683	566546	+	HIMB1565_00626	HIMB1565	287	OG0000330	K00075	UDP-N-acetylmuramate dehydrogenase [EC:1.3.1.98]	COG0812	MurB	UDP-N-acetylenolpyruvoylglucosamine reductase	HIMB1565_00626	0
HIMB1565-00000000001	566566	567453	+	HIMB1565_00627	HIMB1565	295	OG0000580	K01921	D-alanine-D-alanine ligase [EC:6.3.2.4]	COG1181	DdlA	D-alanine-D-alanine ligase or related ATP-grasp enzyme	HIMB1565_00626	1
HIMB1565-00000000001	567434	568102	+	HIMB1565_00628	HIMB1565	222	OG0000841	K03589	cell division protein FtsQ	COG1589	FtsQ	Cell division septal protein FtsQ	HIMB1565_00626	2
HIMB1565-00000000001	568092	569294	+	HIMB1565_00629	HIMB1565	400	OG0000537	K03590	cell division protein FtsA	COG0849	FtsA	Cell division ATPase FtsA	HIMB1565_00626	3
HIMB1565-00000000001	569347	570189	+	HIMB1565_00630	HIMB1565	280	OG0000300	K02535	UDP-3-O-[3-hydroxymyristoyl] N-acetylglucosamine deacetylase [EC:3.5.1.108]	COG0774	LpxC	UDP-3-O-acyl-N-acetylglucosamine deacetylase	HIMB1565_00626	4
HIMB1565-00000000001	570240	571073	+	HIMB1565_00631	HIMB1565	277	OG0000470	K05807	outer membrane protein assembly factor BamD	COG4105	BamD	Outer membrane protein assembly factor BamD, BamD/ComL family	HIMB1565_00626	5
HIMB1573-00000000001	111815	112660	-	HIMB1573_00114	HIMB1573	281	OG0000470	K05807	outer membrane protein assembly factor BamD	COG4105	BamD	Outer membrane protein assembly factor BamD, BamD/ComL family	HIMB1573_00119	-5
HIMB1573-00000000001	112708	113628	-	HIMB1573_00115	HIMB1573	306	OG0000300	K02535	UDP-3-O-[3-hydroxymyristoyl] N-acetylglucosamine deacetylase [EC:3.5.1.108]	COG0774	LpxC	UDP-3-O-acyl-N-acetylglucosamine deacetylase	HIMB1573_00119	-4
HIMB1573-00000000001	113693	114397	-	HIMB1573_00116	HIMB1573	234	OG0000537	NA	NA	NA	NA	NA	HIMB1573_00119	-3
HIMB1573-00000000001	114390	115064	-	HIMB1573_00117	HIMB1573	224	OG0000841	K03589	cell division protein FtsQ	COG1589	FtsQ	Cell division septal protein FtsQ	HIMB1573_00119	-2
HIMB1573-00000000001	115045	115959	-	HIMB1573_00118	HIMB1573	304	OG0000580	K01921	D-alanine-D-alanine ligase [EC:6.3.2.4]	COG1181	DdlA	D-alanine-D-alanine ligase or related ATP-grasp enzyme	HIMB1573_00119	-1
HIMB1573-00000000001	115961	116866	-	HIMB1573_00119	HIMB1573	301	OG0000330	K00075	UDP-N-acetylmuramate dehydrogenase [EC:1.3.1.98]	COG0812	MurB	UDP-N-acetylenolpyruvoylglucosamine reductase	HIMB1573_00119	0
HIMB1573-00000000001	116863	118260	-	HIMB1573_00120	HIMB1573	465	OG0000265	K01924	UDP-N-acetylmuramate--alanine ligase [EC:6.3.2.8]	COG0773	MurC	UDP-N-acetylmuramate-alanine ligase MurC and related ligases, MurC/Mpl family	HIMB1573_00119	1
HIMB1573-00000000001	118250	119317	-	HIMB1573_00121	HIMB1573	355	OG0000489	K02563	UDP-N-acetylglucosamine--N-acetylmuramyl-(pentapeptide) pyrophosphoryl-undecaprenol N-acetylglucosamine transferase [EC:2.4.1.227]	COG0707	MurG	UDP-N-acetylglucosamine:LPS N-acetylglucosamine transferase	HIMB1573_00119	2
HIMB1573-00000000001	119321	120439	-	HIMB1573_00122	HIMB1573	372	OG0000615	NA	NA	COG0772	FtsW	Peptodoglycan polymerase FtsW/RodA/SpoVE	HIMB1573_00119	3
HIMB1573-00000000001	120429	121712	-	HIMB1573_00123	HIMB1573	427	OG0000817	NA	NA	COG0771	MurD	UDP-N-acetylmuramoylalanine-D-glutamate ligase	HIMB1573_00119	4
HIMB1573-00000000001	121712	122797	-	HIMB1573_00124	HIMB1573	361	OG0000019	K01000	phospho-N-acetylmuramoyl-pentapeptide-transferase [EC:2.7.8.13]	COG0472	Rfe	UDP-N-acetylmuramyl pentapeptide phosphotransferase/UDP-N-acetylglucosamine-1-phosphate transferase/archaeal AglH	HIMB1573_00119	5
HIMB1577-00000000001	987412	988497	+	HIMB1577_01044	HIMB1577	361	OG0000019	K01000	phospho-N-acetylmuramoyl-pentapeptide-transferase [EC:2.7.8.13]	COG0472	Rfe	UDP-N-acetylmuramyl pentapeptide phosphotransferase/UDP-N-acetylglucosamine-1-phosphate transferase/archaeal AglH	HIMB1577_01049	-5
HIMB1577-00000000001	988497	989780	+	HIMB1577_01045	HIMB1577	427	OG0000817	NA	NA	COG0771	MurD	UDP-N-acetylmuramoylalanine-D-glutamate ligase	HIMB1577_01049	-4
HIMB1577-00000000001	989770	990888	+	HIMB1577_01046	HIMB1577	372	OG0000615	NA	NA	COG0772	FtsW	Peptodoglycan polymerase FtsW/RodA/SpoVE	HIMB1577_01049	-3
HIMB1577-00000000001	990892	991959	+	HIMB1577_01047	HIMB1577	355	OG0000489	K02563	UDP-N-acetylglucosamine--N-acetylmuramyl-(pentapeptide) pyrophosphoryl-undecaprenol N-acetylglucosamine transferase [EC:2.4.1.227]	COG0707	MurG	UDP-N-acetylglucosamine:LPS N-acetylglucosamine transferase	HIMB1577_01049	-2
HIMB1577-00000000001	991949	993343	+	HIMB1577_01048	HIMB1577	464	OG0000265	K01924	UDP-N-acetylmuramate--alanine ligase [EC:6.3.2.8]	COG0773	MurC	UDP-N-acetylmuramate-alanine ligase MurC and related ligases, MurC/Mpl family	HIMB1577_01049	-1
HIMB1577-00000000001	993343	994248	+	HIMB1577_01049	HIMB1577	301	OG0000330	K00075	UDP-N-acetylmuramate dehydrogenase [EC:1.3.1.98]	COG0812	MurB	UDP-N-acetylenolpyruvoylglucosamine reductase	HIMB1577_01049	0
HIMB1577-00000000001	994250	995164	+	HIMB1577_01050	HIMB1577	304	OG0000580	K01921	D-alanine-D-alanine ligase [EC:6.3.2.4]	COG1181	DdlA	D-alanine-D-alanine ligase or related ATP-grasp enzyme	HIMB1577_01049	1
HIMB1577-00000000001	995145	995819	+	HIMB1577_01051	HIMB1577	224	OG0000841	K03589	cell division protein FtsQ	COG1589	FtsQ	Cell division septal protein FtsQ	HIMB1577_01049	2
HIMB1577-00000000001	995812	996516	+	HIMB1577_01052	HIMB1577	234	OG0000537	NA	NA	NA	NA	NA	HIMB1577_01049	3
HIMB1577-00000000001	996580	997500	+	HIMB1577_01053	HIMB1577	306	OG0000300	K02535	UDP-3-O-[3-hydroxymyristoyl] N-acetylglucosamine deacetylase [EC:3.5.1.108]	COG0774	LpxC	UDP-3-O-acyl-N-acetylglucosamine deacetylase	HIMB1577_01049	4
HIMB1577-00000000001	997549	998391	+	HIMB1577_01054	HIMB1577	280	OG0000470	K05807	outer membrane protein assembly factor BamD	COG4105	BamD	Outer membrane protein assembly factor BamD, BamD/ComL family	HIMB1577_01049	5
HIMB1587-00000000002	552846	553931	+	HIMB1587_01472	HIMB1587	361	OG0000019	K01000	phospho-N-acetylmuramoyl-pentapeptide-transferase [EC:2.7.8.13]	COG0472	Rfe	UDP-N-acetylmuramyl pentapeptide phosphotransferase/UDP-N-acetylglucosamine-1-phosphate transferase/archaeal AglH	HIMB1587_01477	-5
HIMB1587-00000000002	553931	555214	+	HIMB1587_01473	HIMB1587	427	OG0000817	NA	NA	COG0771	MurD	UDP-N-acetylmuramoylalanine-D-glutamate ligase	HIMB1587_01477	-4
HIMB1587-00000000002	555204	556322	+	HIMB1587_01474	HIMB1587	372	OG0000615	NA	NA	COG0772	FtsW	Peptodoglycan polymerase FtsW/RodA/SpoVE	HIMB1587_01477	-3
HIMB1587-00000000002	556326	557393	+	HIMB1587_01475	HIMB1587	355	OG0000489	K02563	UDP-N-acetylglucosamine--N-acetylmuramyl-(pentapeptide) pyrophosphoryl-undecaprenol N-acetylglucosamine transferase [EC:2.4.1.227]	COG0707	MurG	UDP-N-acetylglucosamine:LPS N-acetylglucosamine transferase	HIMB1587_01477	-2
HIMB1587-00000000002	557383	558777	+	HIMB1587_01476	HIMB1587	464	OG0000265	K01924	UDP-N-acetylmuramate--alanine ligase [EC:6.3.2.8]	COG0773	MurC	UDP-N-acetylmuramate-alanine ligase MurC and related ligases, MurC/Mpl family	HIMB1587_01477	-1
HIMB1587-00000000002	558777	559682	+	HIMB1587_01477	HIMB1587	301	OG0000330	K00075	UDP-N-acetylmuramate dehydrogenase [EC:1.3.1.98]	COG0812	MurB	UDP-N-acetylenolpyruvoylglucosamine reductase	HIMB1587_01477	0
HIMB1587-00000000002	559684	560598	+	HIMB1587_01478	HIMB1587	304	OG0000580	K01921	D-alanine-D-alanine ligase [EC:6.3.2.4]	COG1181	DdlA	D-alanine-D-alanine ligase or related ATP-grasp enzyme	HIMB1587_01477	1
HIMB1587-00000000002	560579	561253	+	HIMB1587_01479	HIMB1587	224	OG0000841	K03589	cell division protein FtsQ	COG1589	FtsQ	Cell division septal protein FtsQ	HIMB1587_01477	2
HIMB1587-00000000002	561246	561950	+	HIMB1587_01480	HIMB1587	234	OG0000537	NA	NA	NA	NA	NA	HIMB1587_01477	3
HIMB1587-00000000002	562015	562935	+	HIMB1587_01481	HIMB1587	306	OG0000300	K02535	UDP-3-O-[3-hydroxymyristoyl] N-acetylglucosamine deacetylase [EC:3.5.1.108]	COG0774	LpxC	UDP-3-O-acyl-N-acetylglucosamine deacetylase	HIMB1587_01477	4
HIMB1587-00000000002	562985	563824	+	HIMB1587_01482	HIMB1587	279	OG0000470	K05807	outer membrane protein assembly factor BamD	COG4105	BamD	Outer membrane protein assembly factor BamD, BamD/ComL family	HIMB1587_01477	5
HIMB1593-00000000001	546730	547815	+	HIMB1593_00568	HIMB1593	361	OG0000019	K01000	phospho-N-acetylmuramoyl-pentapeptide-transferase [EC:2.7.8.13]	COG0472	Rfe	UDP-N-acetylmuramyl pentapeptide phosphotransferase/UDP-N-acetylglucosamine-1-phosphate transferase/archaeal AglH	HIMB1593_00573	-5
HIMB1593-00000000001	547815	549098	+	HIMB1593_00569	HIMB1593	427	OG0000817	NA	NA	COG0771	MurD	UDP-N-acetylmuramoylalanine-D-glutamate ligase	HIMB1593_00573	-4
HIMB1593-00000000001	549088	550206	+	HIMB1593_00570	HIMB1593	372	OG0000615	NA	NA	COG0772	FtsW	Peptodoglycan polymerase FtsW/RodA/SpoVE	HIMB1593_00573	-3
HIMB1593-00000000001	550210	551277	+	HIMB1593_00571	HIMB1593	355	OG0000489	K02563	UDP-N-acetylglucosamine--N-acetylmuramyl-(pentapeptide) pyrophosphoryl-undecaprenol N-acetylglucosamine transferase [EC:2.4.1.227]	COG0707	MurG	UDP-N-acetylglucosamine:LPS N-acetylglucosamine transferase	HIMB1593_00573	-2
HIMB1593-00000000001	551267	552661	+	HIMB1593_00572	HIMB1593	464	OG0000265	K01924	UDP-N-acetylmuramate--alanine ligase [EC:6.3.2.8]	COG0773	MurC	UDP-N-acetylmuramate-alanine ligase MurC and related ligases, MurC/Mpl family	HIMB1593_00573	-1
HIMB1593-00000000001	552661	553566	+	HIMB1593_00573	HIMB1593	301	OG0000330	K00075	UDP-N-acetylmuramate dehydrogenase [EC:1.3.1.98]	COG0812	MurB	UDP-N-acetylenolpyruvoylglucosamine reductase	HIMB1593_00573	0
HIMB1593-00000000001	553568	554482	+	HIMB1593_00574	HIMB1593	304	OG0000580	K01921	D-alanine-D-alanine ligase [EC:6.3.2.4]	COG1181	DdlA	D-alanine-D-alanine ligase or related ATP-grasp enzyme	HIMB1593_00573	1
HIMB1593-00000000001	554463	555137	+	HIMB1593_00575	HIMB1593	224	OG0000841	K03589	cell division protein FtsQ	COG1589	FtsQ	Cell division septal protein FtsQ	HIMB1593_00573	2
HIMB1593-00000000001	555130	555834	+	HIMB1593_00576	HIMB1593	234	OG0000537	NA	NA	NA	NA	NA	HIMB1593_00573	3
HIMB1593-00000000001	555899	556819	+	HIMB1593_00577	HIMB1593	306	OG0000300	K02535	UDP-3-O-[3-hydroxymyristoyl] N-acetylglucosamine deacetylase [EC:3.5.1.108]	COG0774	LpxC	UDP-3-O-acyl-N-acetylglucosamine deacetylase	HIMB1593_00573	4
HIMB1593-00000000001	556876	557712	+	HIMB1593_00578	HIMB1593	278	OG0000470	K05807	outer membrane protein assembly factor BamD	COG4105	BamD	Outer membrane protein assembly factor BamD, BamD/ComL family	HIMB1593_00573	5
HIMB1597-00000000001	430599	431438	-	HIMB1597_00464	HIMB1597	279	OG0000470	K05807	outer membrane protein assembly factor BamD	COG4105	BamD	Outer membrane protein assembly factor BamD, BamD/ComL family	HIMB1597_00469	-5
HIMB1597-00000000001	431488	432408	-	HIMB1597_00465	HIMB1597	306	OG0000300	K02535	UDP-3-O-[3-hydroxymyristoyl] N-acetylglucosamine deacetylase [EC:3.5.1.108]	COG0774	LpxC	UDP-3-O-acyl-N-acetylglucosamine deacetylase	HIMB1597_00469	-4
HIMB1597-00000000001	432473	433177	-	HIMB1597_00466	HIMB1597	234	OG0000537	NA	NA	NA	NA	NA	HIMB1597_00469	-3
HIMB1597-00000000001	433170	433844	-	HIMB1597_00467	HIMB1597	224	OG0000841	K03589	cell division protein FtsQ	COG1589	FtsQ	Cell division septal protein FtsQ	HIMB1597_00469	-2
HIMB1597-00000000001	433825	434739	-	HIMB1597_00468	HIMB1597	304	OG0000580	K01921	D-alanine-D-alanine ligase [EC:6.3.2.4]	COG1181	DdlA	D-alanine-D-alanine ligase or related ATP-grasp enzyme	HIMB1597_00469	-1
HIMB1597-00000000001	434741	435646	-	HIMB1597_00469	HIMB1597	301	OG0000330	K00075	UDP-N-acetylmuramate dehydrogenase [EC:1.3.1.98]	COG0812	MurB	UDP-N-acetylenolpyruvoylglucosamine reductase	HIMB1597_00469	0
HIMB1597-00000000001	435646	437040	-	HIMB1597_00470	HIMB1597	464	OG0000265	K01924	UDP-N-acetylmuramate--alanine ligase [EC:6.3.2.8]	COG0773	MurC	UDP-N-acetylmuramate-alanine ligase MurC and related ligases, MurC/Mpl family	HIMB1597_00469	1
HIMB1597-00000000001	437030	438097	-	HIMB1597_00471	HIMB1597	355	OG0000489	K02563	UDP-N-acetylglucosamine--N-acetylmuramyl-(pentapeptide) pyrophosphoryl-undecaprenol N-acetylglucosamine transferase [EC:2.4.1.227]	COG0707	MurG	UDP-N-acetylglucosamine:LPS N-acetylglucosamine transferase	HIMB1597_00469	2
HIMB1597-00000000001	438101	439219	-	HIMB1597_00472	HIMB1597	372	OG0000615	NA	NA	COG0772	FtsW	Peptodoglycan polymerase FtsW/RodA/SpoVE	HIMB1597_00469	3
HIMB1597-00000000001	439209	440492	-	HIMB1597_00473	HIMB1597	427	OG0000817	NA	NA	COG0771	MurD	UDP-N-acetylmuramoylalanine-D-glutamate ligase	HIMB1597_00469	4
HIMB1597-00000000001	440492	441577	-	HIMB1597_00474	HIMB1597	361	OG0000019	K01000	phospho-N-acetylmuramoyl-pentapeptide-transferase [EC:2.7.8.13]	COG0472	Rfe	UDP-N-acetylmuramyl pentapeptide phosphotransferase/UDP-N-acetylglucosamine-1-phosphate transferase/archaeal AglH	HIMB1597_00469	5
HIMB1602-00000000168	83	997	-	HIMB1602_01107	HIMB1602	304	OG0000580	K01921	D-alanine-D-alanine ligase [EC:6.3.2.4]	COG1181	DdlA	D-alanine-D-alanine ligase or related ATP-grasp enzyme	HIMB1602_01108	-1
HIMB1602-00000000168	999	1904	-	HIMB1602_01108	HIMB1602	301	OG0000330	K00075	UDP-N-acetylmuramate dehydrogenase [EC:1.3.1.98]	COG0812	MurB	UDP-N-acetylenolpyruvoylglucosamine reductase	HIMB1602_01108	0
HIMB1602-00000000168	1904	2239	-	HIMB1602_01109	HIMB1602	111	OG0000265	NA	NA	COG0773	MurC	UDP-N-acetylmuramate-alanine ligase MurC and related ligases, MurC/Mpl family	HIMB1602_01108	1
HIMB1611-00000000001	903737	904582	-	HIMB1611_00999	HIMB1611	281	OG0000470	K05807	outer membrane protein assembly factor BamD	COG4105	BamD	Outer membrane protein assembly factor BamD, BamD/ComL family	HIMB1611_01004	-5
HIMB1611-00000000001	904630	905550	-	HIMB1611_01000	HIMB1611	306	OG0000300	K02535	UDP-3-O-[3-hydroxymyristoyl] N-acetylglucosamine deacetylase [EC:3.5.1.108]	COG0774	LpxC	UDP-3-O-acyl-N-acetylglucosamine deacetylase	HIMB1611_01004	-4
HIMB1611-00000000001	905614	906318	-	HIMB1611_01001	HIMB1611	234	OG0000537	NA	NA	NA	NA	NA	HIMB1611_01004	-3
HIMB1611-00000000001	906311	906985	-	HIMB1611_01002	HIMB1611	224	OG0000841	K03589	cell division protein FtsQ	COG1589	FtsQ	Cell division septal protein FtsQ	HIMB1611_01004	-2
HIMB1611-00000000001	906966	907880	-	HIMB1611_01003	HIMB1611	304	OG0000580	K01921	D-alanine-D-alanine ligase [EC:6.3.2.4]	COG1181	DdlA	D-alanine-D-alanine ligase or related ATP-grasp enzyme	HIMB1611_01004	-1
HIMB1611-00000000001	907882	908787	-	HIMB1611_01004	HIMB1611	301	OG0000330	K00075	UDP-N-acetylmuramate dehydrogenase [EC:1.3.1.98]	COG0812	MurB	UDP-N-acetylenolpyruvoylglucosamine reductase	HIMB1611_01004	0
HIMB1611-00000000001	908787	910181	-	HIMB1611_01005	HIMB1611	464	OG0000265	K01924	UDP-N-acetylmuramate--alanine ligase [EC:6.3.2.8]	COG0773	MurC	UDP-N-acetylmuramate-alanine ligase MurC and related ligases, MurC/Mpl family	HIMB1611_01004	1
HIMB1611-00000000001	910171	911238	-	HIMB1611_01006	HIMB1611	355	OG0000489	K02563	UDP-N-acetylglucosamine--N-acetylmuramyl-(pentapeptide) pyrophosphoryl-undecaprenol N-acetylglucosamine transferase [EC:2.4.1.227]	COG0707	MurG	UDP-N-acetylglucosamine:LPS N-acetylglucosamine transferase	HIMB1611_01004	2
HIMB1611-00000000001	911242	912360	-	HIMB1611_01007	HIMB1611	372	OG0000615	NA	NA	COG0772	FtsW	Peptodoglycan polymerase FtsW/RodA/SpoVE	HIMB1611_01004	3
HIMB1611-00000000001	912350	913633	-	HIMB1611_01008	HIMB1611	427	OG0000817	NA	NA	COG0771	MurD	UDP-N-acetylmuramoylalanine-D-glutamate ligase	HIMB1611_01004	4
HIMB1611-00000000001	913633	914718	-	HIMB1611_01009	HIMB1611	361	OG0000019	K01000	phospho-N-acetylmuramoyl-pentapeptide-transferase [EC:2.7.8.13]	COG0472	Rfe	UDP-N-acetylmuramyl pentapeptide phosphotransferase/UDP-N-acetylglucosamine-1-phosphate transferase/archaeal AglH	HIMB1611_01004	5
HIMB1623-00000000013	502499	503584	+	HIMB1623_01465	HIMB1623	361	OG0000019	K01000	phospho-N-acetylmuramoyl-pentapeptide-transferase [EC:2.7.8.13]	COG0472	Rfe	UDP-N-acetylmuramyl pentapeptide phosphotransferase/UDP-N-acetylglucosamine-1-phosphate transferase/archaeal AglH	HIMB1623_01470	-5
HIMB1623-00000000013	503584	504867	+	HIMB1623_01466	HIMB1623	427	OG0000817	NA	NA	COG0771	MurD	UDP-N-acetylmuramoylalanine-D-glutamate ligase	HIMB1623_01470	-4
HIMB1623-00000000013	504857	505978	+	HIMB1623_01467	HIMB1623	373	OG0000615	NA	NA	COG0772	FtsW	Peptodoglycan polymerase FtsW/RodA/SpoVE	HIMB1623_01470	-3
HIMB1623-00000000013	505982	507049	+	HIMB1623_01468	HIMB1623	355	OG0000489	K02563	UDP-N-acetylglucosamine--N-acetylmuramyl-(pentapeptide) pyrophosphoryl-undecaprenol N-acetylglucosamine transferase [EC:2.4.1.227]	COG0707	MurG	UDP-N-acetylglucosamine:LPS N-acetylglucosamine transferase	HIMB1623_01470	-2
HIMB1623-00000000013	507039	508433	+	HIMB1623_01469	HIMB1623	464	OG0000265	K01924	UDP-N-acetylmuramate--alanine ligase [EC:6.3.2.8]	COG0773	MurC	UDP-N-acetylmuramate-alanine ligase MurC and related ligases, MurC/Mpl family	HIMB1623_01470	-1
HIMB1623-00000000013	508433	509338	+	HIMB1623_01470	HIMB1623	301	OG0000330	K00075	UDP-N-acetylmuramate dehydrogenase [EC:1.3.1.98]	COG0812	MurB	UDP-N-acetylenolpyruvoylglucosamine reductase	HIMB1623_01470	0
HIMB1623-00000000013	509340	510254	+	HIMB1623_01471	HIMB1623	304	OG0000580	K01921	D-alanine-D-alanine ligase [EC:6.3.2.4]	COG1181	DdlA	D-alanine-D-alanine ligase or related ATP-grasp enzyme	HIMB1623_01470	1
HIMB1623-00000000013	510235	510903	+	HIMB1623_01472	HIMB1623	222	OG0000841	K03589	cell division protein FtsQ	COG1589	FtsQ	Cell division septal protein FtsQ	HIMB1623_01470	2
HIMB1631-00000000001	1317170	1318255	+	HIMB1631_01413	HIMB1631	361	OG0000019	K01000	phospho-N-acetylmuramoyl-pentapeptide-transferase [EC:2.7.8.13]	COG0472	Rfe	UDP-N-acetylmuramyl pentapeptide phosphotransferase/UDP-N-acetylglucosamine-1-phosphate transferase/archaeal AglH	HIMB1631_01418	-5
HIMB1631-00000000001	1318255	1319538	+	HIMB1631_01414	HIMB1631	427	OG0000817	NA	NA	COG0771	MurD	UDP-N-acetylmuramoylalanine-D-glutamate ligase	HIMB1631_01418	-4
HIMB1631-00000000001	1319528	1320646	+	HIMB1631_01415	HIMB1631	372	OG0000615	NA	NA	COG0772	FtsW	Peptodoglycan polymerase FtsW/RodA/SpoVE	HIMB1631_01418	-3
HIMB1631-00000000001	1320650	1321717	+	HIMB1631_01416	HIMB1631	355	OG0000489	K02563	UDP-N-acetylglucosamine--N-acetylmuramyl-(pentapeptide) pyrophosphoryl-undecaprenol N-acetylglucosamine transferase [EC:2.4.1.227]	COG0707	MurG	UDP-N-acetylglucosamine:LPS N-acetylglucosamine transferase	HIMB1631_01418	-2
HIMB1631-00000000001	1321707	1323101	+	HIMB1631_01417	HIMB1631	464	OG0000265	K01924	UDP-N-acetylmuramate--alanine ligase [EC:6.3.2.8]	COG0773	MurC	UDP-N-acetylmuramate-alanine ligase MurC and related ligases, MurC/Mpl family	HIMB1631_01418	-1
HIMB1631-00000000001	1323101	1324006	+	HIMB1631_01418	HIMB1631	301	OG0000330	K00075	UDP-N-acetylmuramate dehydrogenase [EC:1.3.1.98]	COG0812	MurB	UDP-N-acetylenolpyruvoylglucosamine reductase	HIMB1631_01418	0
HIMB1631-00000000001	1324008	1324922	+	HIMB1631_01419	HIMB1631	304	OG0000580	K01921	D-alanine-D-alanine ligase [EC:6.3.2.4]	COG1181	DdlA	D-alanine-D-alanine ligase or related ATP-grasp enzyme	HIMB1631_01418	1
HIMB1631-00000000001	1324903	1325577	+	HIMB1631_01420	HIMB1631	224	OG0000841	K03589	cell division protein FtsQ	COG1589	FtsQ	Cell division septal protein FtsQ	HIMB1631_01418	2
HIMB1631-00000000001	1325570	1326274	+	HIMB1631_01421	HIMB1631	234	OG0000537	NA	NA	NA	NA	NA	HIMB1631_01418	3
HIMB1631-00000000001	1326338	1327258	+	HIMB1631_01422	HIMB1631	306	OG0000300	K02535	UDP-3-O-[3-hydroxymyristoyl] N-acetylglucosamine deacetylase [EC:3.5.1.108]	COG0774	LpxC	UDP-3-O-acyl-N-acetylglucosamine deacetylase	HIMB1631_01418	4
HIMB1631-00000000001	1327307	1328149	+	HIMB1631_01423	HIMB1631	280	OG0000470	K05807	outer membrane protein assembly factor BamD	COG4105	BamD	Outer membrane protein assembly factor BamD, BamD/ComL family	HIMB1631_01418	5
HIMB1636-00000000001	879426	880265	-	HIMB1636_00929	HIMB1636	279	OG0000470	K05807	outer membrane protein assembly factor BamD	COG4105	BamD	Outer membrane protein assembly factor BamD, BamD/ComL family	HIMB1636_00934	-5
HIMB1636-00000000001	880312	881232	-	HIMB1636_00930	HIMB1636	306	OG0000300	K02535	UDP-3-O-[3-hydroxymyristoyl] N-acetylglucosamine deacetylase [EC:3.5.1.108]	COG0774	LpxC	UDP-3-O-acyl-N-acetylglucosamine deacetylase	HIMB1636_00934	-4
HIMB1636-00000000001	881298	882002	-	HIMB1636_00931	HIMB1636	234	OG0000537	NA	NA	NA	NA	NA	HIMB1636_00934	-3
HIMB1636-00000000001	881995	882669	-	HIMB1636_00932	HIMB1636	224	OG0000841	K03589	cell division protein FtsQ	COG1589	FtsQ	Cell division septal protein FtsQ	HIMB1636_00934	-2
HIMB1636-00000000001	882650	883564	-	HIMB1636_00933	HIMB1636	304	OG0000580	K01921	D-alanine-D-alanine ligase [EC:6.3.2.4]	COG1181	DdlA	D-alanine-D-alanine ligase or related ATP-grasp enzyme	HIMB1636_00934	-1
HIMB1636-00000000001	883566	884471	-	HIMB1636_00934	HIMB1636	301	OG0000330	K00075	UDP-N-acetylmuramate dehydrogenase [EC:1.3.1.98]	COG0812	MurB	UDP-N-acetylenolpyruvoylglucosamine reductase	HIMB1636_00934	0
HIMB1636-00000000001	884471	885865	-	HIMB1636_00935	HIMB1636	464	OG0000265	K01924	UDP-N-acetylmuramate--alanine ligase [EC:6.3.2.8]	COG0773	MurC	UDP-N-acetylmuramate-alanine ligase MurC and related ligases, MurC/Mpl family	HIMB1636_00934	1
HIMB1636-00000000001	885855	886922	-	HIMB1636_00936	HIMB1636	355	OG0000489	K02563	UDP-N-acetylglucosamine--N-acetylmuramyl-(pentapeptide) pyrophosphoryl-undecaprenol N-acetylglucosamine transferase [EC:2.4.1.227]	COG0707	MurG	UDP-N-acetylglucosamine:LPS N-acetylglucosamine transferase	HIMB1636_00934	2
HIMB1636-00000000001	886926	888044	-	HIMB1636_00937	HIMB1636	372	OG0000615	NA	NA	COG0772	FtsW	Peptodoglycan polymerase FtsW/RodA/SpoVE	HIMB1636_00934	3
HIMB1636-00000000001	888034	889317	-	HIMB1636_00938	HIMB1636	427	OG0000817	NA	NA	COG0771	MurD	UDP-N-acetylmuramoylalanine-D-glutamate ligase	HIMB1636_00934	4
HIMB1636-00000000001	889317	890402	-	HIMB1636_00939	HIMB1636	361	OG0000019	K01000	phospho-N-acetylmuramoyl-pentapeptide-transferase [EC:2.7.8.13]	COG0472	Rfe	UDP-N-acetylmuramyl pentapeptide phosphotransferase/UDP-N-acetylglucosamine-1-phosphate transferase/archaeal AglH	HIMB1636_00934	5
HIMB1641-00000000001	34145	34984	-	HIMB1641_00033	HIMB1641	279	OG0000470	K05807	outer membrane protein assembly factor BamD	COG4105	BamD	Outer membrane protein assembly factor BamD, BamD/ComL family	HIMB1641_00038	-5
HIMB1641-00000000001	35031	35951	-	HIMB1641_00034	HIMB1641	306	OG0000300	K02535	UDP-3-O-[3-hydroxymyristoyl] N-acetylglucosamine deacetylase [EC:3.5.1.108]	COG0774	LpxC	UDP-3-O-acyl-N-acetylglucosamine deacetylase	HIMB1641_00038	-4
HIMB1641-00000000001	36017	36721	-	HIMB1641_00035	HIMB1641	234	OG0000537	NA	NA	NA	NA	NA	HIMB1641_00038	-3
HIMB1641-00000000001	36714	37388	-	HIMB1641_00036	HIMB1641	224	OG0000841	K03589	cell division protein FtsQ	COG1589	FtsQ	Cell division septal protein FtsQ	HIMB1641_00038	-2
HIMB1641-00000000001	37369	38283	-	HIMB1641_00037	HIMB1641	304	OG0000580	K01921	D-alanine-D-alanine ligase [EC:6.3.2.4]	COG1181	DdlA	D-alanine-D-alanine ligase or related ATP-grasp enzyme	HIMB1641_00038	-1
HIMB1641-00000000001	38285	39190	-	HIMB1641_00038	HIMB1641	301	OG0000330	K00075	UDP-N-acetylmuramate dehydrogenase [EC:1.3.1.98]	COG0812	MurB	UDP-N-acetylenolpyruvoylglucosamine reductase	HIMB1641_00038	0
HIMB1641-00000000001	39190	40584	-	HIMB1641_00039	HIMB1641	464	OG0000265	K01924	UDP-N-acetylmuramate--alanine ligase [EC:6.3.2.8]	COG0773	MurC	UDP-N-acetylmuramate-alanine ligase MurC and related ligases, MurC/Mpl family	HIMB1641_00038	1
HIMB1641-00000000001	40574	41641	-	HIMB1641_00040	HIMB1641	355	OG0000489	K02563	UDP-N-acetylglucosamine--N-acetylmuramyl-(pentapeptide) pyrophosphoryl-undecaprenol N-acetylglucosamine transferase [EC:2.4.1.227]	COG0707	MurG	UDP-N-acetylglucosamine:LPS N-acetylglucosamine transferase	HIMB1641_00038	2
HIMB1641-00000000001	41645	42763	-	HIMB1641_00041	HIMB1641	372	OG0000615	NA	NA	COG0772	FtsW	Peptodoglycan polymerase FtsW/RodA/SpoVE	HIMB1641_00038	3
HIMB1641-00000000001	42753	44036	-	HIMB1641_00042	HIMB1641	427	OG0000817	NA	NA	COG0771	MurD	UDP-N-acetylmuramoylalanine-D-glutamate ligase	HIMB1641_00038	4
HIMB1641-00000000001	44036	45121	-	HIMB1641_00043	HIMB1641	361	OG0000019	K01000	phospho-N-acetylmuramoyl-pentapeptide-transferase [EC:2.7.8.13]	COG0472	Rfe	UDP-N-acetylmuramyl pentapeptide phosphotransferase/UDP-N-acetylglucosamine-1-phosphate transferase/archaeal AglH	HIMB1641_00038	5
HIMB1662-00000000001	43932	44771	-	HIMB1662_00044	HIMB1662	279	OG0000470	K05807	outer membrane protein assembly factor BamD	COG4105	BamD	Outer membrane protein assembly factor BamD, BamD/ComL family	HIMB1662_00049	-5
HIMB1662-00000000001	44818	45738	-	HIMB1662_00045	HIMB1662	306	OG0000300	K02535	UDP-3-O-[3-hydroxymyristoyl] N-acetylglucosamine deacetylase [EC:3.5.1.108]	COG0774	LpxC	UDP-3-O-acyl-N-acetylglucosamine deacetylase	HIMB1662_00049	-4
HIMB1662-00000000001	45803	46507	-	HIMB1662_00046	HIMB1662	234	OG0000537	NA	NA	NA	NA	NA	HIMB1662_00049	-3
HIMB1662-00000000001	46500	47174	-	HIMB1662_00047	HIMB1662	224	OG0000841	K03589	cell division protein FtsQ	COG1589	FtsQ	Cell division septal protein FtsQ	HIMB1662_00049	-2
HIMB1662-00000000001	47155	48069	-	HIMB1662_00048	HIMB1662	304	OG0000580	K01921	D-alanine-D-alanine ligase [EC:6.3.2.4]	COG1181	DdlA	D-alanine-D-alanine ligase or related ATP-grasp enzyme	HIMB1662_00049	-1
HIMB1662-00000000001	48071	48976	-	HIMB1662_00049	HIMB1662	301	OG0000330	K00075	UDP-N-acetylmuramate dehydrogenase [EC:1.3.1.98]	COG0812	MurB	UDP-N-acetylenolpyruvoylglucosamine reductase	HIMB1662_00049	0
HIMB1662-00000000001	48976	50370	-	HIMB1662_00050	HIMB1662	464	OG0000265	K01924	UDP-N-acetylmuramate--alanine ligase [EC:6.3.2.8]	COG0773	MurC	UDP-N-acetylmuramate-alanine ligase MurC and related ligases, MurC/Mpl family	HIMB1662_00049	1
HIMB1662-00000000001	50360	51427	-	HIMB1662_00051	HIMB1662	355	OG0000489	K02563	UDP-N-acetylglucosamine--N-acetylmuramyl-(pentapeptide) pyrophosphoryl-undecaprenol N-acetylglucosamine transferase [EC:2.4.1.227]	COG0707	MurG	UDP-N-acetylglucosamine:LPS N-acetylglucosamine transferase	HIMB1662_00049	2
HIMB1662-00000000001	51431	52549	-	HIMB1662_00052	HIMB1662	372	OG0000615	NA	NA	COG0772	FtsW	Peptodoglycan polymerase FtsW/RodA/SpoVE	HIMB1662_00049	3
HIMB1662-00000000001	52539	53822	-	HIMB1662_00053	HIMB1662	427	OG0000817	NA	NA	COG0771	MurD	UDP-N-acetylmuramoylalanine-D-glutamate ligase	HIMB1662_00049	4
HIMB1662-00000000001	53822	54907	-	HIMB1662_00054	HIMB1662	361	OG0000019	K01000	phospho-N-acetylmuramoyl-pentapeptide-transferase [EC:2.7.8.13]	COG0472	Rfe	UDP-N-acetylmuramyl pentapeptide phosphotransferase/UDP-N-acetylglucosamine-1-phosphate transferase/archaeal AglH	HIMB1662_00049	5
HIMB1685-00000000001	611465	612304	-	HIMB1685_00675	HIMB1685	279	OG0000470	K05807	outer membrane protein assembly factor BamD	COG4105	BamD	Outer membrane protein assembly factor BamD, BamD/ComL family	HIMB1685_00680	-5
HIMB1685-00000000001	612362	613282	-	HIMB1685_00676	HIMB1685	306	OG0000300	K02535	UDP-3-O-[3-hydroxymyristoyl] N-acetylglucosamine deacetylase [EC:3.5.1.108]	COG0774	LpxC	UDP-3-O-acyl-N-acetylglucosamine deacetylase	HIMB1685_00680	-4
HIMB1685-00000000001	613347	614051	-	HIMB1685_00677	HIMB1685	234	OG0000537	NA	NA	NA	NA	NA	HIMB1685_00680	-3
HIMB1685-00000000001	614044	614718	-	HIMB1685_00678	HIMB1685	224	OG0000841	K03589	cell division protein FtsQ	COG1589	FtsQ	Cell division septal protein FtsQ	HIMB1685_00680	-2
HIMB1685-00000000001	614699	615613	-	HIMB1685_00679	HIMB1685	304	OG0000580	K01921	D-alanine-D-alanine ligase [EC:6.3.2.4]	COG1181	DdlA	D-alanine-D-alanine ligase or related ATP-grasp enzyme	HIMB1685_00680	-1
HIMB1685-00000000001	615615	616520	-	HIMB1685_00680	HIMB1685	301	OG0000330	K00075	UDP-N-acetylmuramate dehydrogenase [EC:1.3.1.98]	COG0812	MurB	UDP-N-acetylenolpyruvoylglucosamine reductase	HIMB1685_00680	0
HIMB1685-00000000001	616520	617914	-	HIMB1685_00681	HIMB1685	464	OG0000265	K01924	UDP-N-acetylmuramate--alanine ligase [EC:6.3.2.8]	COG0773	MurC	UDP-N-acetylmuramate-alanine ligase MurC and related ligases, MurC/Mpl family	HIMB1685_00680	1
HIMB1685-00000000001	617904	618971	-	HIMB1685_00682	HIMB1685	355	OG0000489	K02563	UDP-N-acetylglucosamine--N-acetylmuramyl-(pentapeptide) pyrophosphoryl-undecaprenol N-acetylglucosamine transferase [EC:2.4.1.227]	COG0707	MurG	UDP-N-acetylglucosamine:LPS N-acetylglucosamine transferase	HIMB1685_00680	2
HIMB1685-00000000001	618975	620093	-	HIMB1685_00683	HIMB1685	372	OG0000615	NA	NA	COG0772	FtsW	Peptodoglycan polymerase FtsW/RodA/SpoVE	HIMB1685_00680	3
HIMB1685-00000000001	620083	621366	-	HIMB1685_00684	HIMB1685	427	OG0000817	NA	NA	COG0771	MurD	UDP-N-acetylmuramoylalanine-D-glutamate ligase	HIMB1685_00680	4
HIMB1685-00000000001	621366	622451	-	HIMB1685_00685	HIMB1685	361	OG0000019	K01000	phospho-N-acetylmuramoyl-pentapeptide-transferase [EC:2.7.8.13]	COG0472	Rfe	UDP-N-acetylmuramyl pentapeptide phosphotransferase/UDP-N-acetylglucosamine-1-phosphate transferase/archaeal AglH	HIMB1685_00680	5
HIMB1695-00000000001	700914	701750	-	HIMB1695_00770	HIMB1695	278	OG0000470	K05807	outer membrane protein assembly factor BamD	COG4105	BamD	Outer membrane protein assembly factor BamD, BamD/ComL family	HIMB1695_00775	-5
HIMB1695-00000000001	701797	702717	-	HIMB1695_00771	HIMB1695	306	OG0000300	K02535	UDP-3-O-[3-hydroxymyristoyl] N-acetylglucosamine deacetylase [EC:3.5.1.108]	COG0774	LpxC	UDP-3-O-acyl-N-acetylglucosamine deacetylase	HIMB1695_00775	-4
HIMB1695-00000000001	702782	703486	-	HIMB1695_00772	HIMB1695	234	OG0000537	NA	NA	NA	NA	NA	HIMB1695_00775	-3
HIMB1695-00000000001	703479	704153	-	HIMB1695_00773	HIMB1695	224	OG0000841	K03589	cell division protein FtsQ	COG1589	FtsQ	Cell division septal protein FtsQ	HIMB1695_00775	-2
HIMB1695-00000000001	704134	705048	-	HIMB1695_00774	HIMB1695	304	OG0000580	K01921	D-alanine-D-alanine ligase [EC:6.3.2.4]	COG1181	DdlA	D-alanine-D-alanine ligase or related ATP-grasp enzyme	HIMB1695_00775	-1
HIMB1695-00000000001	705050	705955	-	HIMB1695_00775	HIMB1695	301	OG0000330	K00075	UDP-N-acetylmuramate dehydrogenase [EC:1.3.1.98]	COG0812	MurB	UDP-N-acetylenolpyruvoylglucosamine reductase	HIMB1695_00775	0
HIMB1695-00000000001	705955	707349	-	HIMB1695_00776	HIMB1695	464	OG0000265	K01924	UDP-N-acetylmuramate--alanine ligase [EC:6.3.2.8]	COG0773	MurC	UDP-N-acetylmuramate-alanine ligase MurC and related ligases, MurC/Mpl family	HIMB1695_00775	1
HIMB1695-00000000001	707339	708406	-	HIMB1695_00777	HIMB1695	355	OG0000489	K02563	UDP-N-acetylglucosamine--N-acetylmuramyl-(pentapeptide) pyrophosphoryl-undecaprenol N-acetylglucosamine transferase [EC:2.4.1.227]	COG0707	MurG	UDP-N-acetylglucosamine:LPS N-acetylglucosamine transferase	HIMB1695_00775	2
HIMB1695-00000000001	708410	709528	-	HIMB1695_00778	HIMB1695	372	OG0000615	NA	NA	COG0772	FtsW	Peptodoglycan polymerase FtsW/RodA/SpoVE	HIMB1695_00775	3
HIMB1695-00000000001	709518	710801	-	HIMB1695_00779	HIMB1695	427	OG0000817	NA	NA	COG0771	MurD	UDP-N-acetylmuramoylalanine-D-glutamate ligase	HIMB1695_00775	4
HIMB1695-00000000001	710801	711886	-	HIMB1695_00780	HIMB1695	361	OG0000019	K01000	phospho-N-acetylmuramoyl-pentapeptide-transferase [EC:2.7.8.13]	COG0472	Rfe	UDP-N-acetylmuramyl pentapeptide phosphotransferase/UDP-N-acetylglucosamine-1-phosphate transferase/archaeal AglH	HIMB1695_00775	5
HIMB1701-00000000001	612410	613255	-	HIMB1701_00684	HIMB1701	281	OG0000470	K05807	outer membrane protein assembly factor BamD	COG4105	BamD	Outer membrane protein assembly factor BamD, BamD/ComL family	HIMB1701_00689	-5
HIMB1701-00000000001	613306	614226	-	HIMB1701_00685	HIMB1701	306	OG0000300	K02535	UDP-3-O-[3-hydroxymyristoyl] N-acetylglucosamine deacetylase [EC:3.5.1.108]	COG0774	LpxC	UDP-3-O-acyl-N-acetylglucosamine deacetylase	HIMB1701_00689	-4
HIMB1701-00000000001	614291	614995	-	HIMB1701_00686	HIMB1701	234	OG0000537	NA	NA	NA	NA	NA	HIMB1701_00689	-3
HIMB1701-00000000001	614988	615662	-	HIMB1701_00687	HIMB1701	224	OG0000841	K03589	cell division protein FtsQ	COG1589	FtsQ	Cell division septal protein FtsQ	HIMB1701_00689	-2
HIMB1701-00000000001	615643	616557	-	HIMB1701_00688	HIMB1701	304	OG0000580	K01921	D-alanine-D-alanine ligase [EC:6.3.2.4]	COG1181	DdlA	D-alanine-D-alanine ligase or related ATP-grasp enzyme	HIMB1701_00689	-1
HIMB1701-00000000001	616559	617464	-	HIMB1701_00689	HIMB1701	301	OG0000330	K00075	UDP-N-acetylmuramate dehydrogenase [EC:1.3.1.98]	COG0812	MurB	UDP-N-acetylenolpyruvoylglucosamine reductase	HIMB1701_00689	0
HIMB1701-00000000001	617464	618858	-	HIMB1701_00690	HIMB1701	464	OG0000265	K01924	UDP-N-acetylmuramate--alanine ligase [EC:6.3.2.8]	COG0773	MurC	UDP-N-acetylmuramate-alanine ligase MurC and related ligases, MurC/Mpl family	HIMB1701_00689	1
HIMB1701-00000000001	618848	619915	-	HIMB1701_00691	HIMB1701	355	OG0000489	K02563	UDP-N-acetylglucosamine--N-acetylmuramyl-(pentapeptide) pyrophosphoryl-undecaprenol N-acetylglucosamine transferase [EC:2.4.1.227]	COG0707	MurG	UDP-N-acetylglucosamine:LPS N-acetylglucosamine transferase	HIMB1701_00689	2
HIMB1701-00000000001	619919	621037	-	HIMB1701_00692	HIMB1701	372	OG0000615	NA	NA	COG0772	FtsW	Peptodoglycan polymerase FtsW/RodA/SpoVE	HIMB1701_00689	3
HIMB1701-00000000001	621027	622310	-	HIMB1701_00693	HIMB1701	427	OG0000817	NA	NA	COG0771	MurD	UDP-N-acetylmuramoylalanine-D-glutamate ligase	HIMB1701_00689	4
HIMB1701-00000000001	622310	623395	-	HIMB1701_00694	HIMB1701	361	OG0000019	K01000	phospho-N-acetylmuramoyl-pentapeptide-transferase [EC:2.7.8.13]	COG0472	Rfe	UDP-N-acetylmuramyl pentapeptide phosphotransferase/UDP-N-acetylglucosamine-1-phosphate transferase/archaeal AglH	HIMB1701_00689	5
HIMB1702-00000000001	545772	546857	+	HIMB1702_00566	HIMB1702	361	OG0000019	K01000	phospho-N-acetylmuramoyl-pentapeptide-transferase [EC:2.7.8.13]	COG0472	Rfe	UDP-N-acetylmuramyl pentapeptide phosphotransferase/UDP-N-acetylglucosamine-1-phosphate transferase/archaeal AglH	HIMB1702_00571	-5
HIMB1702-00000000001	546857	548140	+	HIMB1702_00567	HIMB1702	427	OG0000817	NA	NA	COG0771	MurD	UDP-N-acetylmuramoylalanine-D-glutamate ligase	HIMB1702_00571	-4
HIMB1702-00000000001	548130	549248	+	HIMB1702_00568	HIMB1702	372	OG0000615	NA	NA	COG0772	FtsW	Peptodoglycan polymerase FtsW/RodA/SpoVE	HIMB1702_00571	-3
HIMB1702-00000000001	549252	550319	+	HIMB1702_00569	HIMB1702	355	OG0000489	K02563	UDP-N-acetylglucosamine--N-acetylmuramyl-(pentapeptide) pyrophosphoryl-undecaprenol N-acetylglucosamine transferase [EC:2.4.1.227]	COG0707	MurG	UDP-N-acetylglucosamine:LPS N-acetylglucosamine transferase	HIMB1702_00571	-2
HIMB1702-00000000001	550309	551703	+	HIMB1702_00570	HIMB1702	464	OG0000265	K01924	UDP-N-acetylmuramate--alanine ligase [EC:6.3.2.8]	COG0773	MurC	UDP-N-acetylmuramate-alanine ligase MurC and related ligases, MurC/Mpl family	HIMB1702_00571	-1
HIMB1702-00000000001	551703	552608	+	HIMB1702_00571	HIMB1702	301	OG0000330	K00075	UDP-N-acetylmuramate dehydrogenase [EC:1.3.1.98]	COG0812	MurB	UDP-N-acetylenolpyruvoylglucosamine reductase	HIMB1702_00571	0
HIMB1702-00000000001	552610	553524	+	HIMB1702_00572	HIMB1702	304	OG0000580	K01921	D-alanine-D-alanine ligase [EC:6.3.2.4]	COG1181	DdlA	D-alanine-D-alanine ligase or related ATP-grasp enzyme	HIMB1702_00571	1
HIMB1702-00000000001	553505	554179	+	HIMB1702_00573	HIMB1702	224	OG0000841	K03589	cell division protein FtsQ	COG1589	FtsQ	Cell division septal protein FtsQ	HIMB1702_00571	2
HIMB1702-00000000001	554172	554876	+	HIMB1702_00574	HIMB1702	234	OG0000537	NA	NA	NA	NA	NA	HIMB1702_00571	3
HIMB1702-00000000001	554942	555862	+	HIMB1702_00575	HIMB1702	306	OG0000300	K02535	UDP-3-O-[3-hydroxymyristoyl] N-acetylglucosamine deacetylase [EC:3.5.1.108]	COG0774	LpxC	UDP-3-O-acyl-N-acetylglucosamine deacetylase	HIMB1702_00571	4
HIMB1702-00000000001	555909	556748	+	HIMB1702_00576	HIMB1702	279	OG0000470	K05807	outer membrane protein assembly factor BamD	COG4105	BamD	Outer membrane protein assembly factor BamD, BamD/ComL family	HIMB1702_00571	5
HIMB1709-00000000001	670064	670888	-	HIMB1709_00738	HIMB1709	274	OG0000470	K05807	outer membrane protein assembly factor BamD	COG4105	BamD	Outer membrane protein assembly factor BamD, BamD/ComL family	HIMB1709_00743	-5
HIMB1709-00000000001	670943	671863	-	HIMB1709_00739	HIMB1709	306	OG0000300	K02535	UDP-3-O-[3-hydroxymyristoyl] N-acetylglucosamine deacetylase [EC:3.5.1.108]	COG0774	LpxC	UDP-3-O-acyl-N-acetylglucosamine deacetylase	HIMB1709_00743	-4
HIMB1709-00000000001	671928	672632	-	HIMB1709_00740	HIMB1709	234	OG0000537	NA	NA	NA	NA	NA	HIMB1709_00743	-3
HIMB1709-00000000001	672629	673297	-	HIMB1709_00741	HIMB1709	222	OG0000841	K03589	cell division protein FtsQ	COG1589	FtsQ	Cell division septal protein FtsQ	HIMB1709_00743	-2
HIMB1709-00000000001	673278	674192	-	HIMB1709_00742	HIMB1709	304	OG0000580	K01921	D-alanine-D-alanine ligase [EC:6.3.2.4]	COG1181	DdlA	D-alanine-D-alanine ligase or related ATP-grasp enzyme	HIMB1709_00743	-1
HIMB1709-00000000001	674194	675099	-	HIMB1709_00743	HIMB1709	301	OG0000330	K00075	UDP-N-acetylmuramate dehydrogenase [EC:1.3.1.98]	COG0812	MurB	UDP-N-acetylenolpyruvoylglucosamine reductase	HIMB1709_00743	0
HIMB1709-00000000001	675099	676493	-	HIMB1709_00744	HIMB1709	464	OG0000265	K01924	UDP-N-acetylmuramate--alanine ligase [EC:6.3.2.8]	COG0773	MurC	UDP-N-acetylmuramate-alanine ligase MurC and related ligases, MurC/Mpl family	HIMB1709_00743	1
HIMB1709-00000000001	676483	677550	-	HIMB1709_00745	HIMB1709	355	OG0000489	K02563	UDP-N-acetylglucosamine--N-acetylmuramyl-(pentapeptide) pyrophosphoryl-undecaprenol N-acetylglucosamine transferase [EC:2.4.1.227]	COG0707	MurG	UDP-N-acetylglucosamine:LPS N-acetylglucosamine transferase	HIMB1709_00743	2
HIMB1709-00000000001	677554	678675	-	HIMB1709_00746	HIMB1709	373	OG0000615	NA	NA	COG0772	FtsW	Peptodoglycan polymerase FtsW/RodA/SpoVE	HIMB1709_00743	3
HIMB1709-00000000001	678665	679948	-	HIMB1709_00747	HIMB1709	427	OG0000817	NA	NA	COG0771	MurD	UDP-N-acetylmuramoylalanine-D-glutamate ligase	HIMB1709_00743	4
HIMB1709-00000000001	679948	681033	-	HIMB1709_00748	HIMB1709	361	OG0000019	K01000	phospho-N-acetylmuramoyl-pentapeptide-transferase [EC:2.7.8.13]	COG0472	Rfe	UDP-N-acetylmuramyl pentapeptide phosphotransferase/UDP-N-acetylglucosamine-1-phosphate transferase/archaeal AglH	HIMB1709_00743	5
HIMB1710-00000000003	521753	522838	+	HIMB1710_00562	HIMB1710	361	OG0000019	K01000	phospho-N-acetylmuramoyl-pentapeptide-transferase [EC:2.7.8.13]	COG0472	Rfe	UDP-N-acetylmuramyl pentapeptide phosphotransferase/UDP-N-acetylglucosamine-1-phosphate transferase/archaeal AglH	HIMB1710_00567	-5
HIMB1710-00000000003	522838	524121	+	HIMB1710_00563	HIMB1710	427	OG0000817	NA	NA	COG0771	MurD	UDP-N-acetylmuramoylalanine-D-glutamate ligase	HIMB1710_00567	-4
HIMB1710-00000000003	524111	525229	+	HIMB1710_00564	HIMB1710	372	OG0000615	NA	NA	COG0772	FtsW	Peptodoglycan polymerase FtsW/RodA/SpoVE	HIMB1710_00567	-3
HIMB1710-00000000003	525233	526300	+	HIMB1710_00565	HIMB1710	355	OG0000489	K02563	UDP-N-acetylglucosamine--N-acetylmuramyl-(pentapeptide) pyrophosphoryl-undecaprenol N-acetylglucosamine transferase [EC:2.4.1.227]	COG0707	MurG	UDP-N-acetylglucosamine:LPS N-acetylglucosamine transferase	HIMB1710_00567	-2
HIMB1710-00000000003	526290	527684	+	HIMB1710_00566	HIMB1710	464	OG0000265	K01924	UDP-N-acetylmuramate--alanine ligase [EC:6.3.2.8]	COG0773	MurC	UDP-N-acetylmuramate-alanine ligase MurC and related ligases, MurC/Mpl family	HIMB1710_00567	-1
HIMB1710-00000000003	527684	528589	+	HIMB1710_00567	HIMB1710	301	OG0000330	K00075	UDP-N-acetylmuramate dehydrogenase [EC:1.3.1.98]	COG0812	MurB	UDP-N-acetylenolpyruvoylglucosamine reductase	HIMB1710_00567	0
HIMB1710-00000000003	528591	529505	+	HIMB1710_00568	HIMB1710	304	OG0000580	K01921	D-alanine-D-alanine ligase [EC:6.3.2.4]	COG1181	DdlA	D-alanine-D-alanine ligase or related ATP-grasp enzyme	HIMB1710_00567	1
HIMB1710-00000000003	529486	530160	+	HIMB1710_00569	HIMB1710	224	OG0000841	K03589	cell division protein FtsQ	COG1589	FtsQ	Cell division septal protein FtsQ	HIMB1710_00567	2
HIMB1710-00000000003	530153	530857	+	HIMB1710_00570	HIMB1710	234	OG0000537	NA	NA	NA	NA	NA	HIMB1710_00567	3
HIMB1710-00000000003	530923	531843	+	HIMB1710_00571	HIMB1710	306	OG0000300	K02535	UDP-3-O-[3-hydroxymyristoyl] N-acetylglucosamine deacetylase [EC:3.5.1.108]	COG0774	LpxC	UDP-3-O-acyl-N-acetylglucosamine deacetylase	HIMB1710_00567	4
HIMB1710-00000000003	531890	532729	+	HIMB1710_00572	HIMB1710	279	OG0000470	K05807	outer membrane protein assembly factor BamD	COG4105	BamD	Outer membrane protein assembly factor BamD, BamD/ComL family	HIMB1710_00567	5
HIMB1715-00000000027	624	1538	-	HIMB1715_01262	HIMB1715	304	OG0000580	K01921	D-alanine-D-alanine ligase [EC:6.3.2.4]	COG1181	DdlA	D-alanine-D-alanine ligase or related ATP-grasp enzyme	HIMB1715_01263	-1
HIMB1715-00000000027	1540	2445	-	HIMB1715_01263	HIMB1715	301	OG0000330	K00075	UDP-N-acetylmuramate dehydrogenase [EC:1.3.1.98]	COG0812	MurB	UDP-N-acetylenolpyruvoylglucosamine reductase	HIMB1715_01263	0
HIMB1715-00000000027	2442	3839	-	HIMB1715_01264	HIMB1715	465	OG0000265	K01924	UDP-N-acetylmuramate--alanine ligase [EC:6.3.2.8]	COG0773	MurC	UDP-N-acetylmuramate-alanine ligase MurC and related ligases, MurC/Mpl family	HIMB1715_01263	1
HIMB1715-00000000027	3829	4896	-	HIMB1715_01265	HIMB1715	355	OG0000489	K02563	UDP-N-acetylglucosamine--N-acetylmuramyl-(pentapeptide) pyrophosphoryl-undecaprenol N-acetylglucosamine transferase [EC:2.4.1.227]	COG0707	MurG	UDP-N-acetylglucosamine:LPS N-acetylglucosamine transferase	HIMB1715_01263	2
HIMB1715-00000000027	4900	6018	-	HIMB1715_01266	HIMB1715	372	OG0000615	NA	NA	COG0772	FtsW	Peptodoglycan polymerase FtsW/RodA/SpoVE	HIMB1715_01263	3
HIMB1715-00000000027	6008	7291	-	HIMB1715_01267	HIMB1715	427	OG0000817	NA	NA	COG0771	MurD	UDP-N-acetylmuramoylalanine-D-glutamate ligase	HIMB1715_01263	4
HIMB1715-00000000027	7291	8376	-	HIMB1715_01268	HIMB1715	361	OG0000019	K01000	phospho-N-acetylmuramoyl-pentapeptide-transferase [EC:2.7.8.13]	COG0472	Rfe	UDP-N-acetylmuramyl pentapeptide phosphotransferase/UDP-N-acetylglucosamine-1-phosphate transferase/archaeal AglH	HIMB1715_01263	5
HIMB1723-00000000001	360653	361489	-	HIMB1723_00395	HIMB1723	278	OG0000470	K05807	outer membrane protein assembly factor BamD	COG4105	BamD	Outer membrane protein assembly factor BamD, BamD/ComL family	HIMB1723_00400	-5
HIMB1723-00000000001	361533	362453	-	HIMB1723_00396	HIMB1723	306	OG0000300	K02535	UDP-3-O-[3-hydroxymyristoyl] N-acetylglucosamine deacetylase [EC:3.5.1.108]	COG0774	LpxC	UDP-3-O-acyl-N-acetylglucosamine deacetylase	HIMB1723_00400	-4
HIMB1723-00000000001	362518	363222	-	HIMB1723_00397	HIMB1723	234	OG0000537	NA	NA	NA	NA	NA	HIMB1723_00400	-3
HIMB1723-00000000001	363215	363889	-	HIMB1723_00398	HIMB1723	224	OG0000841	K03589	cell division protein FtsQ	COG1589	FtsQ	Cell division septal protein FtsQ	HIMB1723_00400	-2
HIMB1723-00000000001	363870	364784	-	HIMB1723_00399	HIMB1723	304	OG0000580	K01921	D-alanine-D-alanine ligase [EC:6.3.2.4]	COG1181	DdlA	D-alanine-D-alanine ligase or related ATP-grasp enzyme	HIMB1723_00400	-1
HIMB1723-00000000001	364786	365691	-	HIMB1723_00400	HIMB1723	301	OG0000330	K00075	UDP-N-acetylmuramate dehydrogenase [EC:1.3.1.98]	COG0812	MurB	UDP-N-acetylenolpyruvoylglucosamine reductase	HIMB1723_00400	0
HIMB1723-00000000001	365691	367085	-	HIMB1723_00401	HIMB1723	464	OG0000265	K01924	UDP-N-acetylmuramate--alanine ligase [EC:6.3.2.8]	COG0773	MurC	UDP-N-acetylmuramate-alanine ligase MurC and related ligases, MurC/Mpl family	HIMB1723_00400	1
HIMB1723-00000000001	367075	368142	-	HIMB1723_00402	HIMB1723	355	OG0000489	K02563	UDP-N-acetylglucosamine--N-acetylmuramyl-(pentapeptide) pyrophosphoryl-undecaprenol N-acetylglucosamine transferase [EC:2.4.1.227]	COG0707	MurG	UDP-N-acetylglucosamine:LPS N-acetylglucosamine transferase	HIMB1723_00400	2
HIMB1723-00000000001	368146	369264	-	HIMB1723_00403	HIMB1723	372	OG0000615	NA	NA	COG0772	FtsW	Peptodoglycan polymerase FtsW/RodA/SpoVE	HIMB1723_00400	3
HIMB1723-00000000001	369254	370537	-	HIMB1723_00404	HIMB1723	427	OG0000817	NA	NA	COG0771	MurD	UDP-N-acetylmuramoylalanine-D-glutamate ligase	HIMB1723_00400	4
HIMB1723-00000000001	370537	371622	-	HIMB1723_00405	HIMB1723	361	OG0000019	K01000	phospho-N-acetylmuramoyl-pentapeptide-transferase [EC:2.7.8.13]	COG0472	Rfe	UDP-N-acetylmuramyl pentapeptide phosphotransferase/UDP-N-acetylglucosamine-1-phosphate transferase/archaeal AglH	HIMB1723_00400	5
HIMB1746-00000000002	11	685	-	HIMB1746_00557	HIMB1746	224	OG0000841	K03589	cell division protein FtsQ	COG1589	FtsQ	Cell division septal protein FtsQ	HIMB1746_00559	-2
HIMB1746-00000000002	666	1580	-	HIMB1746_00558	HIMB1746	304	OG0000580	K01921	D-alanine-D-alanine ligase [EC:6.3.2.4]	COG1181	DdlA	D-alanine-D-alanine ligase or related ATP-grasp enzyme	HIMB1746_00559	-1
HIMB1746-00000000002	1582	2487	-	HIMB1746_00559	HIMB1746	301	OG0000330	K00075	UDP-N-acetylmuramate dehydrogenase [EC:1.3.1.98]	COG0812	MurB	UDP-N-acetylenolpyruvoylglucosamine reductase	HIMB1746_00559	0
HIMB1746-00000000002	2487	3881	-	HIMB1746_00560	HIMB1746	464	OG0000265	K01924	UDP-N-acetylmuramate--alanine ligase [EC:6.3.2.8]	COG0773	MurC	UDP-N-acetylmuramate-alanine ligase MurC and related ligases, MurC/Mpl family	HIMB1746_00559	1
HIMB1746-00000000002	3871	4938	-	HIMB1746_00561	HIMB1746	355	OG0000489	K02563	UDP-N-acetylglucosamine--N-acetylmuramyl-(pentapeptide) pyrophosphoryl-undecaprenol N-acetylglucosamine transferase [EC:2.4.1.227]	COG0707	MurG	UDP-N-acetylglucosamine:LPS N-acetylglucosamine transferase	HIMB1746_00559	2
HIMB1746-00000000002	4942	6060	-	HIMB1746_00562	HIMB1746	372	OG0000615	NA	NA	COG0772	FtsW	Peptodoglycan polymerase FtsW/RodA/SpoVE	HIMB1746_00559	3
HIMB1746-00000000002	6050	7333	-	HIMB1746_00563	HIMB1746	427	OG0000817	NA	NA	COG0771	MurD	UDP-N-acetylmuramoylalanine-D-glutamate ligase	HIMB1746_00559	4
HIMB1746-00000000002	7333	8418	-	HIMB1746_00564	HIMB1746	361	OG0000019	K01000	phospho-N-acetylmuramoyl-pentapeptide-transferase [EC:2.7.8.13]	COG0472	Rfe	UDP-N-acetylmuramyl pentapeptide phosphotransferase/UDP-N-acetylglucosamine-1-phosphate transferase/archaeal AglH	HIMB1746_00559	5
HIMB1748-00000000001	518554	519639	+	HIMB1748_00539	HIMB1748	361	OG0000019	K01000	phospho-N-acetylmuramoyl-pentapeptide-transferase [EC:2.7.8.13]	COG0472	Rfe	UDP-N-acetylmuramyl pentapeptide phosphotransferase/UDP-N-acetylglucosamine-1-phosphate transferase/archaeal AglH	HIMB1748_00544	-5
HIMB1748-00000000001	519639	520922	+	HIMB1748_00540	HIMB1748	427	OG0000817	NA	NA	COG0771	MurD	UDP-N-acetylmuramoylalanine-D-glutamate ligase	HIMB1748_00544	-4
HIMB1748-00000000001	520912	522030	+	HIMB1748_00541	HIMB1748	372	OG0000615	NA	NA	COG0772	FtsW	Peptodoglycan polymerase FtsW/RodA/SpoVE	HIMB1748_00544	-3
HIMB1748-00000000001	522034	523101	+	HIMB1748_00542	HIMB1748	355	OG0000489	K02563	UDP-N-acetylglucosamine--N-acetylmuramyl-(pentapeptide) pyrophosphoryl-undecaprenol N-acetylglucosamine transferase [EC:2.4.1.227]	COG0707	MurG	UDP-N-acetylglucosamine:LPS N-acetylglucosamine transferase	HIMB1748_00544	-2
HIMB1748-00000000001	523091	524485	+	HIMB1748_00543	HIMB1748	464	OG0000265	K01924	UDP-N-acetylmuramate--alanine ligase [EC:6.3.2.8]	COG0773	MurC	UDP-N-acetylmuramate-alanine ligase MurC and related ligases, MurC/Mpl family	HIMB1748_00544	-1
HIMB1748-00000000001	524485	525390	+	HIMB1748_00544	HIMB1748	301	OG0000330	K00075	UDP-N-acetylmuramate dehydrogenase [EC:1.3.1.98]	COG0812	MurB	UDP-N-acetylenolpyruvoylglucosamine reductase	HIMB1748_00544	0
HIMB1748-00000000001	525392	526306	+	HIMB1748_00545	HIMB1748	304	OG0000580	K01921	D-alanine-D-alanine ligase [EC:6.3.2.4]	COG1181	DdlA	D-alanine-D-alanine ligase or related ATP-grasp enzyme	HIMB1748_00544	1
HIMB1748-00000000001	526287	526487	+	HIMB1748_00546	HIMB1748	66	OG0000841	NA	NA	NA	NA	NA	HIMB1748_00544	2
HIMB1748-00000000001	526950	527654	+	HIMB1748_00547	HIMB1748	234	OG0000537	NA	NA	NA	NA	NA	HIMB1748_00544	3
HIMB1748-00000000001	527720	528640	+	HIMB1748_00548	HIMB1748	306	OG0000300	K02535	UDP-3-O-[3-hydroxymyristoyl] N-acetylglucosamine deacetylase [EC:3.5.1.108]	COG0774	LpxC	UDP-3-O-acyl-N-acetylglucosamine deacetylase	HIMB1748_00544	4
HIMB1748-00000000001	528687	529526	+	HIMB1748_00549	HIMB1748	279	OG0000470	K05807	outer membrane protein assembly factor BamD	COG4105	BamD	Outer membrane protein assembly factor BamD, BamD/ComL family	HIMB1748_00544	5
HIMB1758-00000000001	108881	109726	-	HIMB1758_00111	HIMB1758	281	OG0000470	K05807	outer membrane protein assembly factor BamD	COG4105	BamD	Outer membrane protein assembly factor BamD, BamD/ComL family	HIMB1758_00116	-5
HIMB1758-00000000001	109774	110694	-	HIMB1758_00112	HIMB1758	306	OG0000300	K02535	UDP-3-O-[3-hydroxymyristoyl] N-acetylglucosamine deacetylase [EC:3.5.1.108]	COG0774	LpxC	UDP-3-O-acyl-N-acetylglucosamine deacetylase	HIMB1758_00116	-4
HIMB1758-00000000001	110758	111462	-	HIMB1758_00113	HIMB1758	234	OG0000537	NA	NA	NA	NA	NA	HIMB1758_00116	-3
HIMB1758-00000000001	111455	112129	-	HIMB1758_00114	HIMB1758	224	OG0000841	K03589	cell division protein FtsQ	COG1589	FtsQ	Cell division septal protein FtsQ	HIMB1758_00116	-2
HIMB1758-00000000001	112110	113024	-	HIMB1758_00115	HIMB1758	304	OG0000580	K01921	D-alanine-D-alanine ligase [EC:6.3.2.4]	COG1181	DdlA	D-alanine-D-alanine ligase or related ATP-grasp enzyme	HIMB1758_00116	-1
HIMB1758-00000000001	113026	113931	-	HIMB1758_00116	HIMB1758	301	OG0000330	K00075	UDP-N-acetylmuramate dehydrogenase [EC:1.3.1.98]	COG0812	MurB	UDP-N-acetylenolpyruvoylglucosamine reductase	HIMB1758_00116	0
HIMB1758-00000000001	113931	115325	-	HIMB1758_00117	HIMB1758	464	OG0000265	K01924	UDP-N-acetylmuramate--alanine ligase [EC:6.3.2.8]	COG0773	MurC	UDP-N-acetylmuramate-alanine ligase MurC and related ligases, MurC/Mpl family	HIMB1758_00116	1
HIMB1758-00000000001	115315	116382	-	HIMB1758_00118	HIMB1758	355	OG0000489	K02563	UDP-N-acetylglucosamine--N-acetylmuramyl-(pentapeptide) pyrophosphoryl-undecaprenol N-acetylglucosamine transferase [EC:2.4.1.227]	COG0707	MurG	UDP-N-acetylglucosamine:LPS N-acetylglucosamine transferase	HIMB1758_00116	2
HIMB1758-00000000001	116386	117504	-	HIMB1758_00119	HIMB1758	372	OG0000615	NA	NA	COG0772	FtsW	Peptodoglycan polymerase FtsW/RodA/SpoVE	HIMB1758_00116	3
HIMB1758-00000000001	117494	118777	-	HIMB1758_00120	HIMB1758	427	OG0000817	NA	NA	COG0771	MurD	UDP-N-acetylmuramoylalanine-D-glutamate ligase	HIMB1758_00116	4
HIMB1758-00000000001	118777	119862	-	HIMB1758_00121	HIMB1758	361	OG0000019	K01000	phospho-N-acetylmuramoyl-pentapeptide-transferase [EC:2.7.8.13]	COG0472	Rfe	UDP-N-acetylmuramyl pentapeptide phosphotransferase/UDP-N-acetylglucosamine-1-phosphate transferase/archaeal AglH	HIMB1758_00116	5
HIMB1765-00000000001	1306186	1307271	+	HIMB1765_01400	HIMB1765	361	OG0000019	K01000	phospho-N-acetylmuramoyl-pentapeptide-transferase [EC:2.7.8.13]	COG0472	Rfe	UDP-N-acetylmuramyl pentapeptide phosphotransferase/UDP-N-acetylglucosamine-1-phosphate transferase/archaeal AglH	HIMB1765_01405	-5
HIMB1765-00000000001	1307271	1308554	+	HIMB1765_01401	HIMB1765	427	OG0000817	NA	NA	COG0771	MurD	UDP-N-acetylmuramoylalanine-D-glutamate ligase	HIMB1765_01405	-4
HIMB1765-00000000001	1308544	1309662	+	HIMB1765_01402	HIMB1765	372	OG0000615	NA	NA	COG0772	FtsW	Peptodoglycan polymerase FtsW/RodA/SpoVE	HIMB1765_01405	-3
HIMB1765-00000000001	1309666	1310733	+	HIMB1765_01403	HIMB1765	355	OG0000489	K02563	UDP-N-acetylglucosamine--N-acetylmuramyl-(pentapeptide) pyrophosphoryl-undecaprenol N-acetylglucosamine transferase [EC:2.4.1.227]	COG0707	MurG	UDP-N-acetylglucosamine:LPS N-acetylglucosamine transferase	HIMB1765_01405	-2
HIMB1765-00000000001	1310723	1312117	+	HIMB1765_01404	HIMB1765	464	OG0000265	K01924	UDP-N-acetylmuramate--alanine ligase [EC:6.3.2.8]	COG0773	MurC	UDP-N-acetylmuramate-alanine ligase MurC and related ligases, MurC/Mpl family	HIMB1765_01405	-1
HIMB1765-00000000001	1312117	1313022	+	HIMB1765_01405	HIMB1765	301	OG0000330	K00075	UDP-N-acetylmuramate dehydrogenase [EC:1.3.1.98]	COG0812	MurB	UDP-N-acetylenolpyruvoylglucosamine reductase	HIMB1765_01405	0
HIMB1765-00000000001	1313024	1313938	+	HIMB1765_01406	HIMB1765	304	OG0000580	K01921	D-alanine-D-alanine ligase [EC:6.3.2.4]	COG1181	DdlA	D-alanine-D-alanine ligase or related ATP-grasp enzyme	HIMB1765_01405	1
HIMB1765-00000000001	1313919	1314593	+	HIMB1765_01407	HIMB1765	224	OG0000841	K03589	cell division protein FtsQ	COG1589	FtsQ	Cell division septal protein FtsQ	HIMB1765_01405	2
HIMB1765-00000000001	1314586	1315290	+	HIMB1765_01408	HIMB1765	234	OG0000537	NA	NA	NA	NA	NA	HIMB1765_01405	3
HIMB1765-00000000001	1315355	1316275	+	HIMB1765_01409	HIMB1765	306	OG0000300	K02535	UDP-3-O-[3-hydroxymyristoyl] N-acetylglucosamine deacetylase [EC:3.5.1.108]	COG0774	LpxC	UDP-3-O-acyl-N-acetylglucosamine deacetylase	HIMB1765_01405	4
HIMB1765-00000000001	1316320	1317174	+	HIMB1765_01410	HIMB1765	284	OG0000470	K05807	outer membrane protein assembly factor BamD	COG4105	BamD	Outer membrane protein assembly factor BamD, BamD/ComL family	HIMB1765_01405	5
HIMB1770-00000000001	489990	490829	-	HIMB1770_00543	HIMB1770	279	OG0000470	K05807	outer membrane protein assembly factor BamD	COG4105	BamD	Outer membrane protein assembly factor BamD, BamD/ComL family	HIMB1770_00548	-5
HIMB1770-00000000001	490875	491795	-	HIMB1770_00544	HIMB1770	306	OG0000300	K02535	UDP-3-O-[3-hydroxymyristoyl] N-acetylglucosamine deacetylase [EC:3.5.1.108]	COG0774	LpxC	UDP-3-O-acyl-N-acetylglucosamine deacetylase	HIMB1770_00548	-4
HIMB1770-00000000001	491860	492564	-	HIMB1770_00545	HIMB1770	234	OG0000537	NA	NA	NA	NA	NA	HIMB1770_00548	-3
HIMB1770-00000000001	492557	493231	-	HIMB1770_00546	HIMB1770	224	OG0000841	K03589	cell division protein FtsQ	COG1589	FtsQ	Cell division septal protein FtsQ	HIMB1770_00548	-2
HIMB1770-00000000001	493212	494126	-	HIMB1770_00547	HIMB1770	304	OG0000580	K01921	D-alanine-D-alanine ligase [EC:6.3.2.4]	COG1181	DdlA	D-alanine-D-alanine ligase or related ATP-grasp enzyme	HIMB1770_00548	-1
HIMB1770-00000000001	494128	495033	-	HIMB1770_00548	HIMB1770	301	OG0000330	K00075	UDP-N-acetylmuramate dehydrogenase [EC:1.3.1.98]	COG0812	MurB	UDP-N-acetylenolpyruvoylglucosamine reductase	HIMB1770_00548	0
HIMB1770-00000000001	495030	496427	-	HIMB1770_00549	HIMB1770	465	OG0000265	K01924	UDP-N-acetylmuramate--alanine ligase [EC:6.3.2.8]	COG0773	MurC	UDP-N-acetylmuramate-alanine ligase MurC and related ligases, MurC/Mpl family	HIMB1770_00548	1
HIMB1770-00000000001	496417	497481	-	HIMB1770_00550	HIMB1770	354	OG0000489	K02563	UDP-N-acetylglucosamine--N-acetylmuramyl-(pentapeptide) pyrophosphoryl-undecaprenol N-acetylglucosamine transferase [EC:2.4.1.227]	COG0707	MurG	UDP-N-acetylglucosamine:LPS N-acetylglucosamine transferase	HIMB1770_00548	2
HIMB1770-00000000001	497485	498603	-	HIMB1770_00551	HIMB1770	372	OG0000615	NA	NA	COG0772	FtsW	Peptodoglycan polymerase FtsW/RodA/SpoVE	HIMB1770_00548	3
HIMB1770-00000000001	498593	499876	-	HIMB1770_00552	HIMB1770	427	OG0000817	NA	NA	COG0771	MurD	UDP-N-acetylmuramoylalanine-D-glutamate ligase	HIMB1770_00548	4
HIMB1770-00000000001	499876	500961	-	HIMB1770_00553	HIMB1770	361	OG0000019	K01000	phospho-N-acetylmuramoyl-pentapeptide-transferase [EC:2.7.8.13]	COG0472	Rfe	UDP-N-acetylmuramyl pentapeptide phosphotransferase/UDP-N-acetylglucosamine-1-phosphate transferase/archaeal AglH	HIMB1770_00548	5
HIMB1782-00000000001	324865	325716	-	HIMB1782_00346	HIMB1782	283	OG0000470	K05807	outer membrane protein assembly factor BamD	COG4105	BamD	Outer membrane protein assembly factor BamD, BamD/ComL family	HIMB1782_00351	-5
HIMB1782-00000000001	325762	326682	-	HIMB1782_00347	HIMB1782	306	OG0000300	K02535	UDP-3-O-[3-hydroxymyristoyl] N-acetylglucosamine deacetylase [EC:3.5.1.108]	COG0774	LpxC	UDP-3-O-acyl-N-acetylglucosamine deacetylase	HIMB1782_00351	-4
HIMB1782-00000000001	326747	327451	-	HIMB1782_00348	HIMB1782	234	OG0000537	NA	NA	NA	NA	NA	HIMB1782_00351	-3
HIMB1782-00000000001	327444	328118	-	HIMB1782_00349	HIMB1782	224	OG0000841	K03589	cell division protein FtsQ	COG1589	FtsQ	Cell division septal protein FtsQ	HIMB1782_00351	-2
HIMB1782-00000000001	328099	329013	-	HIMB1782_00350	HIMB1782	304	OG0000580	K01921	D-alanine-D-alanine ligase [EC:6.3.2.4]	COG1181	DdlA	D-alanine-D-alanine ligase or related ATP-grasp enzyme	HIMB1782_00351	-1
HIMB1782-00000000001	329015	329920	-	HIMB1782_00351	HIMB1782	301	OG0000330	K00075	UDP-N-acetylmuramate dehydrogenase [EC:1.3.1.98]	COG0812	MurB	UDP-N-acetylenolpyruvoylglucosamine reductase	HIMB1782_00351	0
HIMB1782-00000000001	329920	331314	-	HIMB1782_00352	HIMB1782	464	OG0000265	K01924	UDP-N-acetylmuramate--alanine ligase [EC:6.3.2.8]	COG0773	MurC	UDP-N-acetylmuramate-alanine ligase MurC and related ligases, MurC/Mpl family	HIMB1782_00351	1
HIMB1782-00000000001	331304	332371	-	HIMB1782_00353	HIMB1782	355	OG0000489	K02563	UDP-N-acetylglucosamine--N-acetylmuramyl-(pentapeptide) pyrophosphoryl-undecaprenol N-acetylglucosamine transferase [EC:2.4.1.227]	COG0707	MurG	UDP-N-acetylglucosamine:LPS N-acetylglucosamine transferase	HIMB1782_00351	2
HIMB1782-00000000001	332375	333493	-	HIMB1782_00354	HIMB1782	372	OG0000615	NA	NA	COG0772	FtsW	Peptodoglycan polymerase FtsW/RodA/SpoVE	HIMB1782_00351	3
HIMB1782-00000000001	333483	334766	-	HIMB1782_00355	HIMB1782	427	OG0000817	NA	NA	COG0771	MurD	UDP-N-acetylmuramoylalanine-D-glutamate ligase	HIMB1782_00351	4
HIMB1782-00000000001	334766	335851	-	HIMB1782_00356	HIMB1782	361	OG0000019	K01000	phospho-N-acetylmuramoyl-pentapeptide-transferase [EC:2.7.8.13]	COG0472	Rfe	UDP-N-acetylmuramyl pentapeptide phosphotransferase/UDP-N-acetylglucosamine-1-phosphate transferase/archaeal AglH	HIMB1782_00351	5
HIMB1835-00000000225	253	606	+	HIMB1835_01098	HIMB1835	117	OG0000265	NA	NA	COG0773	MurC	UDP-N-acetylmuramate-alanine ligase MurC and related ligases, MurC/Mpl family	HIMB1835_01099	-1
HIMB1835-00000000225	606	1514	+	HIMB1835_01099	HIMB1835	302	OG0000330	K00075	UDP-N-acetylmuramate dehydrogenase [EC:1.3.1.98]	COG0812	MurB	UDP-N-acetylenolpyruvoylglucosamine reductase	HIMB1835_01099	0
HIMB1835-00000000225	1516	2427	+	HIMB1835_01100	HIMB1835	303	OG0000580	K01921	D-alanine-D-alanine ligase [EC:6.3.2.4]	COG1181	DdlA	D-alanine-D-alanine ligase or related ATP-grasp enzyme	HIMB1835_01099	1
HIMB1838-00000000055	363	1031	-	HIMB1838_01213	HIMB1838	222	OG0000841	K03589	cell division protein FtsQ	COG1589	FtsQ	Cell division septal protein FtsQ	HIMB1838_01216	-3
HIMB1838-00000000055	1012	1479	-	HIMB1838_01214	HIMB1838	155	OG0000580	K01921	D-alanine-D-alanine ligase [EC:6.3.2.4]	COG1181	DdlA	D-alanine-D-alanine ligase or related ATP-grasp enzyme	HIMB1838_01216	-2
HIMB1838-00000000055	1418	1924	-	HIMB1838_01215	HIMB1838	168	OG0000580	K01921	D-alanine-D-alanine ligase [EC:6.3.2.4]	COG1181	DdlA	D-alanine-D-alanine ligase or related ATP-grasp enzyme	HIMB1838_01216	-1
HIMB1838-00000000055	1926	2834	-	HIMB1838_01216	HIMB1838	302	OG0000330	K00075	UDP-N-acetylmuramate dehydrogenase [EC:1.3.1.98]	COG0812	MurB	UDP-N-acetylenolpyruvoylglucosamine reductase	HIMB1838_01216	0
HIMB1838-00000000055	2834	3187	-	HIMB1838_01217	HIMB1838	117	OG0000265	NA	NA	COG0773	MurC	UDP-N-acetylmuramate-alanine ligase MurC and related ligases, MurC/Mpl family	HIMB1838_01216	1
HIMB1863-00000000017	51	719	-	HIMB1863_01260	HIMB1863	222	OG0000841	K03589	cell division protein FtsQ	COG1589	FtsQ	Cell division septal protein FtsQ	HIMB1863_01262	-2
HIMB1863-00000000017	700	1611	-	HIMB1863_01261	HIMB1863	303	OG0000580	K01921	D-alanine-D-alanine ligase [EC:6.3.2.4]	COG1181	DdlA	D-alanine-D-alanine ligase or related ATP-grasp enzyme	HIMB1863_01262	-1
HIMB1863-00000000017	1613	2521	-	HIMB1863_01262	HIMB1863	302	OG0000330	K00075	UDP-N-acetylmuramate dehydrogenase [EC:1.3.1.98]	COG0812	MurB	UDP-N-acetylenolpyruvoylglucosamine reductase	HIMB1863_01262	0
HIMB1863-00000000017	2521	3915	-	HIMB1863_01263	HIMB1863	464	OG0000265	K01924	UDP-N-acetylmuramate--alanine ligase [EC:6.3.2.8]	COG0773	MurC	UDP-N-acetylmuramate-alanine ligase MurC and related ligases, MurC/Mpl family	HIMB1863_01262	1
HIMB1863-00000000017	3905	4969	-	HIMB1863_01264	HIMB1863	354	OG0000489	K02563	UDP-N-acetylglucosamine--N-acetylmuramyl-(pentapeptide) pyrophosphoryl-undecaprenol N-acetylglucosamine transferase [EC:2.4.1.227]	COG0707	MurG	UDP-N-acetylglucosamine:LPS N-acetylglucosamine transferase	HIMB1863_01262	2
HIMB1863-00000000017	4971	6095	-	HIMB1863_01265	HIMB1863	374	OG0000615	NA	NA	COG0772	FtsW	Peptodoglycan polymerase FtsW/RodA/SpoVE	HIMB1863_01262	3
HIMB1863-00000000017	6085	7371	-	HIMB1863_01266	HIMB1863	428	OG0000817	NA	NA	COG0771	MurD	UDP-N-acetylmuramoylalanine-D-glutamate ligase	HIMB1863_01262	4
HIMB1863-00000000017	7368	8453	-	HIMB1863_01267	HIMB1863	361	OG0000019	K01000	phospho-N-acetylmuramoyl-pentapeptide-transferase [EC:2.7.8.13]	COG0472	Rfe	UDP-N-acetylmuramyl pentapeptide phosphotransferase/UDP-N-acetylglucosamine-1-phosphate transferase/archaeal AglH	HIMB1863_01262	5
HIMB2104-00000000007	105	1016	-	HIMB2104_01019	HIMB2104	303	OG0000580	K01921	D-alanine-D-alanine ligase [EC:6.3.2.4]	COG1181	DdlA	D-alanine-D-alanine ligase or related ATP-grasp enzyme	HIMB2104_01020	-1
HIMB2104-00000000007	1018	1926	-	HIMB2104_01020	HIMB2104	302	OG0000330	K00075	UDP-N-acetylmuramate dehydrogenase [EC:1.3.1.98]	COG0812	MurB	UDP-N-acetylenolpyruvoylglucosamine reductase	HIMB2104_01020	0
HIMB2104-00000000007	1926	3320	-	HIMB2104_01021	HIMB2104	464	OG0000265	K01924	UDP-N-acetylmuramate--alanine ligase [EC:6.3.2.8]	COG0773	MurC	UDP-N-acetylmuramate-alanine ligase MurC and related ligases, MurC/Mpl family	HIMB2104_01020	1
HIMB2104-00000000007	3310	4374	-	HIMB2104_01022	HIMB2104	354	OG0000489	K02563	UDP-N-acetylglucosamine--N-acetylmuramyl-(pentapeptide) pyrophosphoryl-undecaprenol N-acetylglucosamine transferase [EC:2.4.1.227]	COG0707	MurG	UDP-N-acetylglucosamine:LPS N-acetylglucosamine transferase	HIMB2104_01020	2
HIMB2104-00000000007	4376	5500	-	HIMB2104_01023	HIMB2104	374	OG0000615	NA	NA	COG0772	FtsW	Peptodoglycan polymerase FtsW/RodA/SpoVE	HIMB2104_01020	3
HIMB2104-00000000007	5490	6776	-	HIMB2104_01024	HIMB2104	428	OG0000817	NA	NA	COG0771	MurD	UDP-N-acetylmuramoylalanine-D-glutamate ligase	HIMB2104_01020	4
HIMB2104-00000000007	6773	7858	-	HIMB2104_01025	HIMB2104	361	OG0000019	K01000	phospho-N-acetylmuramoyl-pentapeptide-transferase [EC:2.7.8.13]	COG0472	Rfe	UDP-N-acetylmuramyl pentapeptide phosphotransferase/UDP-N-acetylglucosamine-1-phosphate transferase/archaeal AglH	HIMB2104_01020	5
HIMB2187-00000000001	405589	406422	-	HIMB2187_00450	HIMB2187	277	OG0000470	K05807	outer membrane protein assembly factor BamD	COG4105	BamD	Outer membrane protein assembly factor BamD, BamD/ComL family	HIMB2187_00455	-5
HIMB2187-00000000001	406471	407391	-	HIMB2187_00451	HIMB2187	306	OG0000300	K02535	UDP-3-O-[3-hydroxymyristoyl] N-acetylglucosamine deacetylase [EC:3.5.1.108]	COG0774	LpxC	UDP-3-O-acyl-N-acetylglucosamine deacetylase	HIMB2187_00455	-4
HIMB2187-00000000001	407455	408156	-	HIMB2187_00452	HIMB2187	233	OG0000537	NA	NA	NA	NA	NA	HIMB2187_00455	-3
HIMB2187-00000000001	408146	408820	-	HIMB2187_00453	HIMB2187	224	OG0000841	K03589	cell division protein FtsQ	COG1589	FtsQ	Cell division septal protein FtsQ	HIMB2187_00455	-2
HIMB2187-00000000001	408801	409715	-	HIMB2187_00454	HIMB2187	304	OG0000580	K01921	D-alanine-D-alanine ligase [EC:6.3.2.4]	COG1181	DdlA	D-alanine-D-alanine ligase or related ATP-grasp enzyme	HIMB2187_00455	-1
HIMB2187-00000000001	409717	410625	-	HIMB2187_00455	HIMB2187	302	OG0000330	K00075	UDP-N-acetylmuramate dehydrogenase [EC:1.3.1.98]	COG0812	MurB	UDP-N-acetylenolpyruvoylglucosamine reductase	HIMB2187_00455	0
HIMB2187-00000000001	410625	412019	-	HIMB2187_00456	HIMB2187	464	OG0000265	K01924	UDP-N-acetylmuramate--alanine ligase [EC:6.3.2.8]	COG0773	MurC	UDP-N-acetylmuramate-alanine ligase MurC and related ligases, MurC/Mpl family	HIMB2187_00455	1
HIMB2187-00000000001	412009	413073	-	HIMB2187_00457	HIMB2187	354	OG0000489	K02563	UDP-N-acetylglucosamine--N-acetylmuramyl-(pentapeptide) pyrophosphoryl-undecaprenol N-acetylglucosamine transferase [EC:2.4.1.227]	COG0707	MurG	UDP-N-acetylglucosamine:LPS N-acetylglucosamine transferase	HIMB2187_00455	2
HIMB2187-00000000001	413070	414197	-	HIMB2187_00458	HIMB2187	375	OG0000615	NA	NA	COG0772	FtsW	Peptodoglycan polymerase FtsW/RodA/SpoVE	HIMB2187_00455	3
HIMB2187-00000000001	414178	415488	-	HIMB2187_00459	HIMB2187	436	OG0000817	NA	NA	COG0771	MurD	UDP-N-acetylmuramoylalanine-D-glutamate ligase	HIMB2187_00455	4
HIMB2187-00000000001	415488	416573	-	HIMB2187_00460	HIMB2187	361	OG0000019	K01000	phospho-N-acetylmuramoyl-pentapeptide-transferase [EC:2.7.8.13]	COG0472	Rfe	UDP-N-acetylmuramyl pentapeptide phosphotransferase/UDP-N-acetylglucosamine-1-phosphate transferase/archaeal AglH	HIMB2187_00455	5
HIMB2200-00000000005	579	1664	+	HIMB2200_00610	HIMB2200	361	OG0000019	K01000	phospho-N-acetylmuramoyl-pentapeptide-transferase [EC:2.7.8.13]	COG0472	Rfe	UDP-N-acetylmuramyl pentapeptide phosphotransferase/UDP-N-acetylglucosamine-1-phosphate transferase/archaeal AglH	HIMB2200_00615	-5
HIMB2200-00000000005	1661	2947	+	HIMB2200_00611	HIMB2200	428	OG0000817	NA	NA	COG0771	MurD	UDP-N-acetylmuramoylalanine-D-glutamate ligase	HIMB2200_00615	-4
HIMB2200-00000000005	2937	4061	+	HIMB2200_00612	HIMB2200	374	OG0000615	NA	NA	COG0772	FtsW	Peptodoglycan polymerase FtsW/RodA/SpoVE	HIMB2200_00615	-3
HIMB2200-00000000005	4063	5127	+	HIMB2200_00613	HIMB2200	354	OG0000489	K02563	UDP-N-acetylglucosamine--N-acetylmuramyl-(pentapeptide) pyrophosphoryl-undecaprenol N-acetylglucosamine transferase [EC:2.4.1.227]	COG0707	MurG	UDP-N-acetylglucosamine:LPS N-acetylglucosamine transferase	HIMB2200_00615	-2
HIMB2200-00000000005	5117	6511	+	HIMB2200_00614	HIMB2200	464	OG0000265	K01924	UDP-N-acetylmuramate--alanine ligase [EC:6.3.2.8]	COG0773	MurC	UDP-N-acetylmuramate-alanine ligase MurC and related ligases, MurC/Mpl family	HIMB2200_00615	-1
HIMB2200-00000000005	6511	7419	+	HIMB2200_00615	HIMB2200	302	OG0000330	K00075	UDP-N-acetylmuramate dehydrogenase [EC:1.3.1.98]	COG0812	MurB	UDP-N-acetylenolpyruvoylglucosamine reductase	HIMB2200_00615	0
HIMB2200-00000000005	7421	8332	+	HIMB2200_00616	HIMB2200	303	OG0000580	K01921	D-alanine-D-alanine ligase [EC:6.3.2.4]	COG1181	DdlA	D-alanine-D-alanine ligase or related ATP-grasp enzyme	HIMB2200_00615	1
HIMB2200-00000000005	8313	8981	+	HIMB2200_00617	HIMB2200	222	OG0000841	K03589	cell division protein FtsQ	COG1589	FtsQ	Cell division septal protein FtsQ	HIMB2200_00615	2
HIMB2200-00000000005	8974	9678	+	HIMB2200_00618	HIMB2200	234	OG0000537	NA	NA	NA	NA	NA	HIMB2200_00615	3
HIMB2200-00000000005	9743	10663	+	HIMB2200_00619	HIMB2200	306	OG0000300	K02535	UDP-3-O-[3-hydroxymyristoyl] N-acetylglucosamine deacetylase [EC:3.5.1.108]	COG0774	LpxC	UDP-3-O-acyl-N-acetylglucosamine deacetylase	HIMB2200_00615	4
HIMB2200-00000000005	10711	11559	+	HIMB2200_00620	HIMB2200	282	OG0000470	K05807	outer membrane protein assembly factor BamD	COG4105	BamD	Outer membrane protein assembly factor BamD, BamD/ComL family	HIMB2200_00615	5
HIMB2201-00000000001	1350169	1351254	+	HIMB2201_01464	HIMB2201	361	OG0000019	K01000	phospho-N-acetylmuramoyl-pentapeptide-transferase [EC:2.7.8.13]	COG0472	Rfe	UDP-N-acetylmuramyl pentapeptide phosphotransferase/UDP-N-acetylglucosamine-1-phosphate transferase/archaeal AglH	HIMB2201_01469	-5
HIMB2201-00000000001	1351254	1352552	+	HIMB2201_01465	HIMB2201	432	OG0000817	NA	NA	COG0771	MurD	UDP-N-acetylmuramoylalanine-D-glutamate ligase	HIMB2201_01469	-4
HIMB2201-00000000001	1352539	1353660	+	HIMB2201_01466	HIMB2201	373	OG0000615	NA	NA	COG0772	FtsW	Peptodoglycan polymerase FtsW/RodA/SpoVE	HIMB2201_01469	-3
HIMB2201-00000000001	1353664	1354728	+	HIMB2201_01467	HIMB2201	354	OG0000489	K02563	UDP-N-acetylglucosamine--N-acetylmuramyl-(pentapeptide) pyrophosphoryl-undecaprenol N-acetylglucosamine transferase [EC:2.4.1.227]	COG0707	MurG	UDP-N-acetylglucosamine:LPS N-acetylglucosamine transferase	HIMB2201_01469	-2
HIMB2201-00000000001	1354718	1356112	+	HIMB2201_01468	HIMB2201	464	OG0000265	K01924	UDP-N-acetylmuramate--alanine ligase [EC:6.3.2.8]	COG0773	MurC	UDP-N-acetylmuramate-alanine ligase MurC and related ligases, MurC/Mpl family	HIMB2201_01469	-1
HIMB2201-00000000001	1356112	1357017	+	HIMB2201_01469	HIMB2201	301	OG0000330	K00075	UDP-N-acetylmuramate dehydrogenase [EC:1.3.1.98]	COG0812	MurB	UDP-N-acetylenolpyruvoylglucosamine reductase	HIMB2201_01469	0
HIMB2201-00000000001	1357019	1357933	+	HIMB2201_01470	HIMB2201	304	OG0000580	K01921	D-alanine-D-alanine ligase [EC:6.3.2.4]	COG1181	DdlA	D-alanine-D-alanine ligase or related ATP-grasp enzyme	HIMB2201_01469	1
HIMB2201-00000000001	1357914	1358585	+	HIMB2201_01471	HIMB2201	223	OG0000841	K03589	cell division protein FtsQ	COG1589	FtsQ	Cell division septal protein FtsQ	HIMB2201_01469	2
HIMB2201-00000000001	1358578	1359279	+	HIMB2201_01472	HIMB2201	233	OG0000537	NA	NA	NA	NA	NA	HIMB2201_01469	3
HIMB2204-00000000001	322070	322918	-	HIMB2204_00353	HIMB2204	282	OG0000470	K05807	outer membrane protein assembly factor BamD	COG4105	BamD	Outer membrane protein assembly factor BamD, BamD/ComL family	HIMB2204_00358	-5
HIMB2204-00000000001	322966	323886	-	HIMB2204_00354	HIMB2204	306	OG0000300	K02535	UDP-3-O-[3-hydroxymyristoyl] N-acetylglucosamine deacetylase [EC:3.5.1.108]	COG0774	LpxC	UDP-3-O-acyl-N-acetylglucosamine deacetylase	HIMB2204_00358	-4
HIMB2204-00000000001	323950	324654	-	HIMB2204_00355	HIMB2204	234	OG0000537	NA	NA	NA	NA	NA	HIMB2204_00358	-3
HIMB2204-00000000001	324647	325315	-	HIMB2204_00356	HIMB2204	222	OG0000841	K03589	cell division protein FtsQ	COG1589	FtsQ	Cell division septal protein FtsQ	HIMB2204_00358	-2
HIMB2204-00000000001	325296	326207	-	HIMB2204_00357	HIMB2204	303	OG0000580	K01921	D-alanine-D-alanine ligase [EC:6.3.2.4]	COG1181	DdlA	D-alanine-D-alanine ligase or related ATP-grasp enzyme	HIMB2204_00358	-1
HIMB2204-00000000001	326209	327117	-	HIMB2204_00358	HIMB2204	302	OG0000330	K00075	UDP-N-acetylmuramate dehydrogenase [EC:1.3.1.98]	COG0812	MurB	UDP-N-acetylenolpyruvoylglucosamine reductase	HIMB2204_00358	0
HIMB2204-00000000001	327117	328511	-	HIMB2204_00359	HIMB2204	464	OG0000265	K01924	UDP-N-acetylmuramate--alanine ligase [EC:6.3.2.8]	COG0773	MurC	UDP-N-acetylmuramate-alanine ligase MurC and related ligases, MurC/Mpl family	HIMB2204_00358	1
HIMB2204-00000000001	328501	329565	-	HIMB2204_00360	HIMB2204	354	OG0000489	K02563	UDP-N-acetylglucosamine--N-acetylmuramyl-(pentapeptide) pyrophosphoryl-undecaprenol N-acetylglucosamine transferase [EC:2.4.1.227]	COG0707	MurG	UDP-N-acetylglucosamine:LPS N-acetylglucosamine transferase	HIMB2204_00358	2
HIMB2204-00000000001	329567	330691	-	HIMB2204_00361	HIMB2204	374	OG0000615	NA	NA	COG0772	FtsW	Peptodoglycan polymerase FtsW/RodA/SpoVE	HIMB2204_00358	3
HIMB2204-00000000001	330681	331967	-	HIMB2204_00362	HIMB2204	428	OG0000817	NA	NA	COG0771	MurD	UDP-N-acetylmuramoylalanine-D-glutamate ligase	HIMB2204_00358	4
HIMB2204-00000000001	331964	333049	-	HIMB2204_00363	HIMB2204	361	OG0000019	K01000	phospho-N-acetylmuramoyl-pentapeptide-transferase [EC:2.7.8.13]	COG0472	Rfe	UDP-N-acetylmuramyl pentapeptide phosphotransferase/UDP-N-acetylglucosamine-1-phosphate transferase/archaeal AglH	HIMB2204_00358	5
HIMB2211-00000000001	887977	888825	-	HIMB2211_00963	HIMB2211	282	OG0000470	K05807	outer membrane protein assembly factor BamD	COG4105	BamD	Outer membrane protein assembly factor BamD, BamD/ComL family	HIMB2211_00968	-5
HIMB2211-00000000001	888873	889793	-	HIMB2211_00964	HIMB2211	306	OG0000300	K02535	UDP-3-O-[3-hydroxymyristoyl] N-acetylglucosamine deacetylase [EC:3.5.1.108]	COG0774	LpxC	UDP-3-O-acyl-N-acetylglucosamine deacetylase	HIMB2211_00968	-4
HIMB2211-00000000001	889858	890562	-	HIMB2211_00965	HIMB2211	234	OG0000537	NA	NA	COG0849	FtsA	Cell division ATPase FtsA	HIMB2211_00968	-3
HIMB2211-00000000001	890555	891226	-	HIMB2211_00966	HIMB2211	223	OG0000841	K03589	cell division protein FtsQ	COG1589	FtsQ	Cell division septal protein FtsQ	HIMB2211_00968	-2
HIMB2211-00000000001	891207	892121	-	HIMB2211_00967	HIMB2211	304	OG0000580	K01921	D-alanine-D-alanine ligase [EC:6.3.2.4]	COG1181	DdlA	D-alanine-D-alanine ligase or related ATP-grasp enzyme	HIMB2211_00968	-1
HIMB2211-00000000001	892123	893028	-	HIMB2211_00968	HIMB2211	301	OG0000330	K00075	UDP-N-acetylmuramate dehydrogenase [EC:1.3.1.98]	COG0812	MurB	UDP-N-acetylenolpyruvoylglucosamine reductase	HIMB2211_00968	0
HIMB2211-00000000001	893028	894422	-	HIMB2211_00969	HIMB2211	464	OG0000265	K01924	UDP-N-acetylmuramate--alanine ligase [EC:6.3.2.8]	COG0773	MurC	UDP-N-acetylmuramate-alanine ligase MurC and related ligases, MurC/Mpl family	HIMB2211_00968	1
HIMB2211-00000000001	894412	895479	-	HIMB2211_00970	HIMB2211	355	OG0000489	K02563	UDP-N-acetylglucosamine--N-acetylmuramyl-(pentapeptide) pyrophosphoryl-undecaprenol N-acetylglucosamine transferase [EC:2.4.1.227]	COG0707	MurG	UDP-N-acetylglucosamine:LPS N-acetylglucosamine transferase	HIMB2211_00968	2
HIMB2211-00000000001	895483	896601	-	HIMB2211_00971	HIMB2211	372	OG0000615	NA	NA	COG0772	FtsW	Peptodoglycan polymerase FtsW/RodA/SpoVE	HIMB2211_00968	3
HIMB2211-00000000001	896591	897874	-	HIMB2211_00972	HIMB2211	427	OG0000817	NA	NA	COG0771	MurD	UDP-N-acetylmuramoylalanine-D-glutamate ligase	HIMB2211_00968	4
HIMB2211-00000000001	897874	898959	-	HIMB2211_00973	HIMB2211	361	OG0000019	K01000	phospho-N-acetylmuramoyl-pentapeptide-transferase [EC:2.7.8.13]	COG0472	Rfe	UDP-N-acetylmuramyl pentapeptide phosphotransferase/UDP-N-acetylglucosamine-1-phosphate transferase/archaeal AglH	HIMB2211_00968	5
HIMB2215-00000000002	91773	92618	-	HIMB2215_00341	HIMB2215	281	OG0000470	K05807	outer membrane protein assembly factor BamD	COG4105	BamD	Outer membrane protein assembly factor BamD, BamD/ComL family	HIMB2215_00346	-5
HIMB2215-00000000002	92666	93586	-	HIMB2215_00342	HIMB2215	306	OG0000300	K02535	UDP-3-O-[3-hydroxymyristoyl] N-acetylglucosamine deacetylase [EC:3.5.1.108]	COG0774	LpxC	UDP-3-O-acyl-N-acetylglucosamine deacetylase	HIMB2215_00346	-4
HIMB2215-00000000002	93650	94354	-	HIMB2215_00343	HIMB2215	234	OG0000537	NA	NA	COG0849	FtsA	Cell division ATPase FtsA	HIMB2215_00346	-3
HIMB2215-00000000002	94347	95015	-	HIMB2215_00344	HIMB2215	222	OG0000841	K03589	cell division protein FtsQ	COG1589	FtsQ	Cell division septal protein FtsQ	HIMB2215_00346	-2
HIMB2215-00000000002	94996	95907	-	HIMB2215_00345	HIMB2215	303	OG0000580	K01921	D-alanine-D-alanine ligase [EC:6.3.2.4]	COG1181	DdlA	D-alanine-D-alanine ligase or related ATP-grasp enzyme	HIMB2215_00346	-1
HIMB2215-00000000002	95909	96817	-	HIMB2215_00346	HIMB2215	302	OG0000330	K00075	UDP-N-acetylmuramate dehydrogenase [EC:1.3.1.98]	COG0812	MurB	UDP-N-acetylenolpyruvoylglucosamine reductase	HIMB2215_00346	0
HIMB2215-00000000002	96817	98211	-	HIMB2215_00347	HIMB2215	464	OG0000265	K01924	UDP-N-acetylmuramate--alanine ligase [EC:6.3.2.8]	COG0773	MurC	UDP-N-acetylmuramate-alanine ligase MurC and related ligases, MurC/Mpl family	HIMB2215_00346	1
HIMB2215-00000000002	98201	99265	-	HIMB2215_00348	HIMB2215	354	OG0000489	K02563	UDP-N-acetylglucosamine--N-acetylmuramyl-(pentapeptide) pyrophosphoryl-undecaprenol N-acetylglucosamine transferase [EC:2.4.1.227]	COG0707	MurG	UDP-N-acetylglucosamine:LPS N-acetylglucosamine transferase	HIMB2215_00346	2
HIMB2215-00000000002	99258	100391	-	HIMB2215_00349	HIMB2215	377	OG0000615	NA	NA	COG0772	FtsW	Peptodoglycan polymerase FtsW/RodA/SpoVE	HIMB2215_00346	3
HIMB2215-00000000002	100381	101667	-	HIMB2215_00350	HIMB2215	428	OG0000817	NA	NA	COG0771	MurD	UDP-N-acetylmuramoylalanine-D-glutamate ligase	HIMB2215_00346	4
HIMB2215-00000000002	101664	102749	-	HIMB2215_00351	HIMB2215	361	OG0000019	K01000	phospho-N-acetylmuramoyl-pentapeptide-transferase [EC:2.7.8.13]	COG0472	Rfe	UDP-N-acetylmuramyl pentapeptide phosphotransferase/UDP-N-acetylglucosamine-1-phosphate transferase/archaeal AglH	HIMB2215_00346	5
HIMB2226-00000000001	184295	185128	-	HIMB2226_00191	HIMB2226	277	OG0000470	K05807	outer membrane protein assembly factor BamD	COG4105	BamD	Outer membrane protein assembly factor BamD, BamD/ComL family	HIMB2226_00196	-5
HIMB2226-00000000001	185178	186098	-	HIMB2226_00192	HIMB2226	306	OG0000300	K02535	UDP-3-O-[3-hydroxymyristoyl] N-acetylglucosamine deacetylase [EC:3.5.1.108]	COG0774	LpxC	UDP-3-O-acyl-N-acetylglucosamine deacetylase	HIMB2226_00196	-4
HIMB2226-00000000001	186162	186869	-	HIMB2226_00193	HIMB2226	235	OG0000537	NA	NA	NA	NA	NA	HIMB2226_00196	-3
HIMB2226-00000000001	186859	187533	-	HIMB2226_00194	HIMB2226	224	OG0000841	K03589	cell division protein FtsQ	COG1589	FtsQ	Cell division septal protein FtsQ	HIMB2226_00196	-2
HIMB2226-00000000001	187514	188452	-	HIMB2226_00195	HIMB2226	312	OG0000580	K01921	D-alanine-D-alanine ligase [EC:6.3.2.4]	COG1181	DdlA	D-alanine-D-alanine ligase or related ATP-grasp enzyme	HIMB2226_00196	-1
HIMB2226-00000000001	188430	189338	-	HIMB2226_00196	HIMB2226	302	OG0000330	K00075	UDP-N-acetylmuramate dehydrogenase [EC:1.3.1.98]	COG0812	MurB	UDP-N-acetylenolpyruvoylglucosamine reductase	HIMB2226_00196	0
HIMB2226-00000000001	189338	190732	-	HIMB2226_00197	HIMB2226	464	OG0000265	K01924	UDP-N-acetylmuramate--alanine ligase [EC:6.3.2.8]	COG0773	MurC	UDP-N-acetylmuramate-alanine ligase MurC and related ligases, MurC/Mpl family	HIMB2226_00196	1
HIMB2226-00000000001	190722	191786	-	HIMB2226_00198	HIMB2226	354	OG0000489	K02563	UDP-N-acetylglucosamine--N-acetylmuramyl-(pentapeptide) pyrophosphoryl-undecaprenol N-acetylglucosamine transferase [EC:2.4.1.227]	COG0707	MurG	UDP-N-acetylglucosamine:LPS N-acetylglucosamine transferase	HIMB2226_00196	2
HIMB2226-00000000001	191783	192910	-	HIMB2226_00199	HIMB2226	375	OG0000615	NA	NA	COG0772	FtsW	Peptodoglycan polymerase FtsW/RodA/SpoVE	HIMB2226_00196	3
HIMB2226-00000000001	192891	194201	-	HIMB2226_00200	HIMB2226	436	OG0000817	NA	NA	COG0771	MurD	UDP-N-acetylmuramoylalanine-D-glutamate ligase	HIMB2226_00196	4
HIMB2226-00000000001	194201	195286	-	HIMB2226_00201	HIMB2226	361	OG0000019	K01000	phospho-N-acetylmuramoyl-pentapeptide-transferase [EC:2.7.8.13]	COG0472	Rfe	UDP-N-acetylmuramyl pentapeptide phosphotransferase/UDP-N-acetylglucosamine-1-phosphate transferase/archaeal AglH	HIMB2226_00196	5
HIMB2250-00000000001	953230	954078	-	HIMB2250_01032	HIMB2250	282	OG0000470	K05807	outer membrane protein assembly factor BamD	COG4105	BamD	Outer membrane protein assembly factor BamD, BamD/ComL family	HIMB2250_01037	-5
HIMB2250-00000000001	954125	955045	-	HIMB2250_01033	HIMB2250	306	OG0000300	K02535	UDP-3-O-[3-hydroxymyristoyl] N-acetylglucosamine deacetylase [EC:3.5.1.108]	COG0774	LpxC	UDP-3-O-acyl-N-acetylglucosamine deacetylase	HIMB2250_01037	-4
HIMB2250-00000000001	955110	955844	-	HIMB2250_01034	HIMB2250	244	OG0000537	NA	NA	NA	NA	NA	HIMB2250_01037	-3
HIMB2250-00000000001	955807	956475	-	HIMB2250_01035	HIMB2250	222	OG0000841	K03589	cell division protein FtsQ	COG1589	FtsQ	Cell division septal protein FtsQ	HIMB2250_01037	-2
HIMB2250-00000000001	956456	957370	-	HIMB2250_01036	HIMB2250	304	OG0000580	K01921	D-alanine-D-alanine ligase [EC:6.3.2.4]	COG1181	DdlA	D-alanine-D-alanine ligase or related ATP-grasp enzyme	HIMB2250_01037	-1
HIMB2250-00000000001	957372	958277	-	HIMB2250_01037	HIMB2250	301	OG0000330	K00075	UDP-N-acetylmuramate dehydrogenase [EC:1.3.1.98]	COG0812	MurB	UDP-N-acetylenolpyruvoylglucosamine reductase	HIMB2250_01037	0
HIMB2250-00000000001	958274	959671	-	HIMB2250_01038	HIMB2250	465	OG0000265	K01924	UDP-N-acetylmuramate--alanine ligase [EC:6.3.2.8]	COG0773	MurC	UDP-N-acetylmuramate-alanine ligase MurC and related ligases, MurC/Mpl family	HIMB2250_01037	1
HIMB2250-00000000001	959661	960725	-	HIMB2250_01039	HIMB2250	354	OG0000489	K02563	UDP-N-acetylglucosamine--N-acetylmuramyl-(pentapeptide) pyrophosphoryl-undecaprenol N-acetylglucosamine transferase [EC:2.4.1.227]	COG0707	MurG	UDP-N-acetylglucosamine:LPS N-acetylglucosamine transferase	HIMB2250_01037	2
HIMB2250-00000000001	960729	961850	-	HIMB2250_01040	HIMB2250	373	OG0000615	NA	NA	COG0772	FtsW	Peptodoglycan polymerase FtsW/RodA/SpoVE	HIMB2250_01037	3
HIMB2250-00000000001	961837	963135	-	HIMB2250_01041	HIMB2250	432	OG0000817	NA	NA	COG0771	MurD	UDP-N-acetylmuramoylalanine-D-glutamate ligase	HIMB2250_01037	4
HIMB2250-00000000001	963135	964220	-	HIMB2250_01042	HIMB2250	361	OG0000019	K01000	phospho-N-acetylmuramoyl-pentapeptide-transferase [EC:2.7.8.13]	COG0472	Rfe	UDP-N-acetylmuramyl pentapeptide phosphotransferase/UDP-N-acetylglucosamine-1-phosphate transferase/archaeal AglH	HIMB2250_01037	5
HIMB2305-00000000008	357	1058	-	HIMB2305_00413	HIMB2305	233	OG0000841	K03589	cell division protein FtsQ	COG1589	FtsQ	Cell division septal protein FtsQ	HIMB2305_00415	-2
HIMB2305-00000000008	1039	1959	-	HIMB2305_00414	HIMB2305	306	OG0000580	K01921	D-alanine-D-alanine ligase [EC:6.3.2.4]	COG1181	DdlA	D-alanine-D-alanine ligase or related ATP-grasp enzyme	HIMB2305_00415	-1
HIMB2305-00000000008	1956	2861	-	HIMB2305_00415	HIMB2305	301	OG0000330	K00075	UDP-N-acetylmuramate dehydrogenase [EC:1.3.1.98]	COG0812	MurB	UDP-N-acetylenolpyruvoylglucosamine reductase	HIMB2305_00415	0
HIMB2305-00000000008	2873	4252	-	HIMB2305_00416	HIMB2305	459	OG0000265	K01924	UDP-N-acetylmuramate--alanine ligase [EC:6.3.2.8]	COG0773	MurC	UDP-N-acetylmuramate-alanine ligase MurC and related ligases, MurC/Mpl family	HIMB2305_00415	1
HIMB2305-00000000008	4242	5306	-	HIMB2305_00417	HIMB2305	354	OG0000489	K02563	UDP-N-acetylglucosamine--N-acetylmuramyl-(pentapeptide) pyrophosphoryl-undecaprenol N-acetylglucosamine transferase [EC:2.4.1.227]	COG0707	MurG	UDP-N-acetylglucosamine:LPS N-acetylglucosamine transferase	HIMB2305_00415	2
HIMB2305-00000000008	5303	6415	-	HIMB2305_00418	HIMB2305	370	OG0000615	NA	NA	COG0772	FtsW	Peptodoglycan polymerase FtsW/RodA/SpoVE	HIMB2305_00415	3
HIMB2305-00000000008	6416	7711	-	HIMB2305_00419	HIMB2305	431	OG0000817	NA	NA	COG0771	MurD	UDP-N-acetylmuramoylalanine-D-glutamate ligase	HIMB2305_00415	4
HIMB2305-00000000008	7711	8796	-	HIMB2305_00420	HIMB2305	361	OG0000019	K01000	phospho-N-acetylmuramoyl-pentapeptide-transferase [EC:2.7.8.13]	COG0472	Rfe	UDP-N-acetylmuramyl pentapeptide phosphotransferase/UDP-N-acetylglucosamine-1-phosphate transferase/archaeal AglH	HIMB2305_00415	5
NZ_JBPPFS010000001.1	1109333	1110133	-	HIMB4_01199	HIMB4	266	OG0000470	K05807	outer membrane protein assembly factor BamD	COG4105	BamD	Outer membrane protein assembly factor BamD, BamD/ComL family	HIMB4_01204	-5
NZ_JBPPFS010000001.1	1110205	1111125	-	HIMB4_01200	HIMB4	306	OG0000300	K02535	UDP-3-O-[3-hydroxymyristoyl] N-acetylglucosamine deacetylase [EC:3.5.1.108]	COG0774	LpxC	UDP-3-O-acyl-N-acetylglucosamine deacetylase	HIMB4_01204	-4
NZ_JBPPFS010000001.1	1111193	1111897	-	HIMB4_01201	HIMB4	234	OG0000537	NA	NA	NA	NA	NA	HIMB4_01204	-3
NZ_JBPPFS010000001.1	1111890	1112564	-	HIMB4_01202	HIMB4	224	OG0000841	K03589	cell division protein FtsQ	COG1589	FtsQ	Cell division septal protein FtsQ	HIMB4_01204	-2
NZ_JBPPFS010000001.1	1112545	1113459	-	HIMB4_01203	HIMB4	304	OG0000580	K01921	D-alanine-D-alanine ligase [EC:6.3.2.4]	COG1181	DdlA	D-alanine-D-alanine ligase or related ATP-grasp enzyme	HIMB4_01204	-1
NZ_JBPPFS010000001.1	1113456	1114367	-	HIMB4_01204	HIMB4	303	OG0000330	K00075	UDP-N-acetylmuramate dehydrogenase [EC:1.3.1.98]	COG0812	MurB	UDP-N-acetylenolpyruvoylglucosamine reductase	HIMB4_01204	0
NZ_JBPPFS010000001.1	1114364	1115761	-	HIMB4_01205	HIMB4	465	OG0000265	K01924	UDP-N-acetylmuramate--alanine ligase [EC:6.3.2.8]	COG0773	MurC	UDP-N-acetylmuramate-alanine ligase MurC and related ligases, MurC/Mpl family	HIMB4_01204	1
NZ_JBPPFS010000001.1	1115751	1116815	-	HIMB4_01206	HIMB4	354	OG0000489	K02563	UDP-N-acetylglucosamine--N-acetylmuramyl-(pentapeptide) pyrophosphoryl-undecaprenol N-acetylglucosamine transferase [EC:2.4.1.227]	COG0707	MurG	UDP-N-acetylglucosamine:LPS N-acetylglucosamine transferase	HIMB4_01204	2
NZ_JBPPFS010000001.1	1116818	1117945	-	HIMB4_01207	HIMB4	375	OG0000615	NA	NA	COG0772	FtsW	Peptodoglycan polymerase FtsW/RodA/SpoVE	HIMB4_01204	3
NZ_JBPPFS010000001.1	1117942	1119234	-	HIMB4_01208	HIMB4	430	OG0000817	NA	NA	COG0771	MurD	UDP-N-acetylmuramoylalanine-D-glutamate ligase	HIMB4_01204	4
NZ_JBPPFS010000001.1	1119234	1120319	-	HIMB4_01209	HIMB4	361	OG0000019	K01000	phospho-N-acetylmuramoyl-pentapeptide-transferase [EC:2.7.8.13]	COG0472	Rfe	UDP-N-acetylmuramyl pentapeptide phosphotransferase/UDP-N-acetylglucosamine-1-phosphate transferase/archaeal AglH	HIMB4_01204	5
CP003809.1	185593	186456	+	HIMB5_00195	HIMB5	287	OG0000019	K01000	phospho-N-acetylmuramoyl-pentapeptide-transferase [EC:2.7.8.13]	COG0472	Rfe	UDP-N-acetylmuramyl pentapeptide phosphotransferase/UDP-N-acetylglucosamine-1-phosphate transferase/archaeal AglH	HIMB5_00200	-5
CP003809.1	186835	187749	+	HIMB5_00196	HIMB5	304	OG0000817	NA	NA	COG0771	MurD	UDP-N-acetylmuramoylalanine-D-glutamate ligase	HIMB5_00200	-4
CP003809.1	187727	188854	+	HIMB5_00197	HIMB5	375	OG0000615	NA	NA	COG0772	FtsW	Peptodoglycan polymerase FtsW/RodA/SpoVE	HIMB5_00200	-3
CP003809.1	188851	189912	+	HIMB5_00198	HIMB5	353	OG0000489	K02563	UDP-N-acetylglucosamine--N-acetylmuramyl-(pentapeptide) pyrophosphoryl-undecaprenol N-acetylglucosamine transferase [EC:2.4.1.227]	COG0707	MurG	UDP-N-acetylglucosamine:LPS N-acetylglucosamine transferase	HIMB5_00200	-2
CP003809.1	189902	191296	+	HIMB5_00199	HIMB5	464	OG0000265	K01924	UDP-N-acetylmuramate--alanine ligase [EC:6.3.2.8]	COG0773	MurC	UDP-N-acetylmuramate-alanine ligase MurC and related ligases, MurC/Mpl family	HIMB5_00200	-1
CP003809.1	191296	192204	+	HIMB5_00200	HIMB5	302	OG0000330	K00075	UDP-N-acetylmuramate dehydrogenase [EC:1.3.1.98]	COG0812	MurB	UDP-N-acetylenolpyruvoylglucosamine reductase	HIMB5_00200	0
CP003809.1	192206	193117	+	HIMB5_00201	HIMB5	303	OG0000580	K01921	D-alanine-D-alanine ligase [EC:6.3.2.4]	COG1181	DdlA	D-alanine-D-alanine ligase or related ATP-grasp enzyme	HIMB5_00200	1
CP003809.1	193098	193772	+	HIMB5_00202	HIMB5	224	OG0000841	K03589	cell division protein FtsQ	COG1589	FtsQ	Cell division septal protein FtsQ	HIMB5_00200	2
CP003809.1	193762	193989	+	HIMB5_00203	HIMB5	75	OG0000537	NA	NA	NA	NA	NA	HIMB5_00200	3
CP003809.1	193937	194461	+	HIMB5_00204	HIMB5	174	OG0000537	NA	NA	NA	NA	NA	HIMB5_00200	4
CP003809.1	194532	195452	+	HIMB5_00205	HIMB5	306	OG0000300	K02535	UDP-3-O-[3-hydroxymyristoyl] N-acetylglucosamine deacetylase [EC:3.5.1.108]	COG0774	LpxC	UDP-3-O-acyl-N-acetylglucosamine deacetylase	HIMB5_00200	5
CH724130.1	1172860	1173945	+	HTCC1002_01256	HTCC1002	361	OG0000019	K01000	phospho-N-acetylmuramoyl-pentapeptide-transferase [EC:2.7.8.13]	COG0472	Rfe	UDP-N-acetylmuramyl pentapeptide phosphotransferase/UDP-N-acetylglucosamine-1-phosphate transferase/archaeal AglH	HTCC1002_01261	-5
CH724130.1	1173945	1175240	+	HTCC1002_01257	HTCC1002	431	OG0000817	NA	NA	COG0771	MurD	UDP-N-acetylmuramoylalanine-D-glutamate ligase	HTCC1002_01261	-4
CH724130.1	1175237	1176361	+	HTCC1002_01258	HTCC1002	374	OG0000615	NA	NA	COG0772	FtsW	Peptodoglycan polymerase FtsW/RodA/SpoVE	HTCC1002_01261	-3
CH724130.1	1176362	1177432	+	HTCC1002_01259	HTCC1002	356	OG0000489	K02563	UDP-N-acetylglucosamine--N-acetylmuramyl-(pentapeptide) pyrophosphoryl-undecaprenol N-acetylglucosamine transferase [EC:2.4.1.227]	COG0707	MurG	UDP-N-acetylglucosamine:LPS N-acetylglucosamine transferase	HTCC1002_01261	-2
CH724130.1	1177422	1178816	+	HTCC1002_01260	HTCC1002	464	OG0000265	K01924	UDP-N-acetylmuramate--alanine ligase [EC:6.3.2.8]	COG0773	MurC	UDP-N-acetylmuramate-alanine ligase MurC and related ligases, MurC/Mpl family	HTCC1002_01261	-1
CH724130.1	1178816	1179724	+	HTCC1002_01261	HTCC1002	302	OG0000330	K00075	UDP-N-acetylmuramate dehydrogenase [EC:1.3.1.98]	COG0812	MurB	UDP-N-acetylenolpyruvoylglucosamine reductase	HTCC1002_01261	0
CH724130.1	1179726	1180640	+	HTCC1002_01262	HTCC1002	304	OG0000580	K01921	D-alanine-D-alanine ligase [EC:6.3.2.4]	COG1181	DdlA	D-alanine-D-alanine ligase or related ATP-grasp enzyme	HTCC1002_01261	1
CH724130.1	1180621	1181298	+	HTCC1002_01263	HTCC1002	225	OG0000841	K03589	cell division protein FtsQ	COG1589	FtsQ	Cell division septal protein FtsQ	HTCC1002_01261	2
CH724130.1	1181298	1182407	+	HTCC1002_01264	HTCC1002	369	OG0000537	K03590	cell division protein FtsA	COG0849	FtsA	Cell division ATPase FtsA	HTCC1002_01261	3
CH724130.1	1182473	1183393	+	HTCC1002_01265	HTCC1002	306	OG0000300	K02535	UDP-3-O-[3-hydroxymyristoyl] N-acetylglucosamine deacetylase [EC:3.5.1.108]	COG0774	LpxC	UDP-3-O-acyl-N-acetylglucosamine deacetylase	HTCC1002_01261	4
CH724130.1	1183432	1184280	+	HTCC1002_01266	HTCC1002	282	OG0000470	K05807	outer membrane protein assembly factor BamD	COG4105	BamD	Outer membrane protein assembly factor BamD, BamD/ComL family	HTCC1002_01261	5
KI421438.1	409625	410473	-	HTCC1013_01235	HTCC1013	282	OG0000470	K05807	outer membrane protein assembly factor BamD	COG4105	BamD	Outer membrane protein assembly factor BamD, BamD/ComL family	HTCC1013_01240	-5
KI421438.1	410512	411432	-	HTCC1013_01236	HTCC1013	306	OG0000300	K02535	UDP-3-O-[3-hydroxymyristoyl] N-acetylglucosamine deacetylase [EC:3.5.1.108]	COG0774	LpxC	UDP-3-O-acyl-N-acetylglucosamine deacetylase	HTCC1013_01240	-4
KI421438.1	411498	412607	-	HTCC1013_01237	HTCC1013	369	OG0000537	K03590	cell division protein FtsA	COG0849	FtsA	Cell division ATPase FtsA	HTCC1013_01240	-3
KI421438.1	412607	413284	-	HTCC1013_01238	HTCC1013	225	OG0000841	K03589	cell division protein FtsQ	COG1589	FtsQ	Cell division septal protein FtsQ	HTCC1013_01240	-2
KI421438.1	413265	414179	-	HTCC1013_01239	HTCC1013	304	OG0000580	K01921	D-alanine-D-alanine ligase [EC:6.3.2.4]	COG1181	DdlA	D-alanine-D-alanine ligase or related ATP-grasp enzyme	HTCC1013_01240	-1
KI421438.1	414181	415089	-	HTCC1013_01240	HTCC1013	302	OG0000330	K00075	UDP-N-acetylmuramate dehydrogenase [EC:1.3.1.98]	COG0812	MurB	UDP-N-acetylenolpyruvoylglucosamine reductase	HTCC1013_01240	0
KI421438.1	415089	416483	-	HTCC1013_01241	HTCC1013	464	OG0000265	K01924	UDP-N-acetylmuramate--alanine ligase [EC:6.3.2.8]	COG0773	MurC	UDP-N-acetylmuramate-alanine ligase MurC and related ligases, MurC/Mpl family	HTCC1013_01240	1
KI421438.1	416473	417543	-	HTCC1013_01242	HTCC1013	356	OG0000489	K02563	UDP-N-acetylglucosamine--N-acetylmuramyl-(pentapeptide) pyrophosphoryl-undecaprenol N-acetylglucosamine transferase [EC:2.4.1.227]	COG0707	MurG	UDP-N-acetylglucosamine:LPS N-acetylglucosamine transferase	HTCC1013_01240	2
KI421438.1	417544	418668	-	HTCC1013_01243	HTCC1013	374	OG0000615	NA	NA	COG0772	FtsW	Peptodoglycan polymerase FtsW/RodA/SpoVE	HTCC1013_01240	3
KI421438.1	418665	419960	-	HTCC1013_01244	HTCC1013	431	OG0000817	NA	NA	COG0771	MurD	UDP-N-acetylmuramoylalanine-D-glutamate ligase	HTCC1013_01240	4
KI421438.1	419960	421045	-	HTCC1013_01245	HTCC1013	361	OG0000019	K01000	phospho-N-acetylmuramoyl-pentapeptide-transferase [EC:2.7.8.13]	COG0472	Rfe	UDP-N-acetylmuramyl pentapeptide phosphotransferase/UDP-N-acetylglucosamine-1-phosphate transferase/archaeal AglH	HTCC1013_01240	5
A3QGDRAFT_scaffold_1.2	426913	427761	-	HTCC1016_01329	HTCC1016	282	OG0000470	K05807	outer membrane protein assembly factor BamD	COG4105	BamD	Outer membrane protein assembly factor BamD, BamD/ComL family	HTCC1016_01334	-5
A3QGDRAFT_scaffold_1.2	427800	428720	-	HTCC1016_01330	HTCC1016	306	OG0000300	K02535	UDP-3-O-[3-hydroxymyristoyl] N-acetylglucosamine deacetylase [EC:3.5.1.108]	COG0774	LpxC	UDP-3-O-acyl-N-acetylglucosamine deacetylase	HTCC1016_01334	-4
A3QGDRAFT_scaffold_1.2	428786	429895	-	HTCC1016_01331	HTCC1016	369	OG0000537	K03590	cell division protein FtsA	COG0849	FtsA	Cell division ATPase FtsA	HTCC1016_01334	-3
A3QGDRAFT_scaffold_1.2	429895	430572	-	HTCC1016_01332	HTCC1016	225	OG0000841	K03589	cell division protein FtsQ	COG1589	FtsQ	Cell division septal protein FtsQ	HTCC1016_01334	-2
A3QGDRAFT_scaffold_1.2	430553	431467	-	HTCC1016_01333	HTCC1016	304	OG0000580	K01921	D-alanine-D-alanine ligase [EC:6.3.2.4]	COG1181	DdlA	D-alanine-D-alanine ligase or related ATP-grasp enzyme	HTCC1016_01334	-1
A3QGDRAFT_scaffold_1.2	431469	432407	-	HTCC1016_01334	HTCC1016	312	OG0000330	K00075	UDP-N-acetylmuramate dehydrogenase [EC:1.3.1.98]	COG0812	MurB	UDP-N-acetylenolpyruvoylglucosamine reductase	HTCC1016_01334	0
A3QGDRAFT_scaffold_1.2	432377	433771	-	HTCC1016_01335	HTCC1016	464	OG0000265	K01924	UDP-N-acetylmuramate--alanine ligase [EC:6.3.2.8]	COG0773	MurC	UDP-N-acetylmuramate-alanine ligase MurC and related ligases, MurC/Mpl family	HTCC1016_01334	1
A3QGDRAFT_scaffold_1.2	433761	434831	-	HTCC1016_01336	HTCC1016	356	OG0000489	K02563	UDP-N-acetylglucosamine--N-acetylmuramyl-(pentapeptide) pyrophosphoryl-undecaprenol N-acetylglucosamine transferase [EC:2.4.1.227]	COG0707	MurG	UDP-N-acetylglucosamine:LPS N-acetylglucosamine transferase	HTCC1016_01334	2
A3QGDRAFT_scaffold_1.2	434832	435956	-	HTCC1016_01337	HTCC1016	374	OG0000615	NA	NA	COG0772	FtsW	Peptodoglycan polymerase FtsW/RodA/SpoVE	HTCC1016_01334	3
A3QGDRAFT_scaffold_1.2	435953	437248	-	HTCC1016_01338	HTCC1016	431	OG0000817	NA	NA	COG0771	MurD	UDP-N-acetylmuramoylalanine-D-glutamate ligase	HTCC1016_01334	4
A3QGDRAFT_scaffold_1.2	437248	438333	-	HTCC1016_01339	HTCC1016	361	OG0000019	K01000	phospho-N-acetylmuramoyl-pentapeptide-transferase [EC:2.7.8.13]	COG0472	Rfe	UDP-N-acetylmuramyl pentapeptide phosphotransferase/UDP-N-acetylglucosamine-1-phosphate transferase/archaeal AglH	HTCC1016_01334	5
ARVY01000001.1	1158244	1159092	-	HTCC1040_01251	HTCC1040	282	OG0000470	K05807	outer membrane protein assembly factor BamD	COG4105	BamD	Outer membrane protein assembly factor BamD, BamD/ComL family	HTCC1040_01256	-5
ARVY01000001.1	1159131	1160051	-	HTCC1040_01252	HTCC1040	306	OG0000300	K02535	UDP-3-O-[3-hydroxymyristoyl] N-acetylglucosamine deacetylase [EC:3.5.1.108]	COG0774	LpxC	UDP-3-O-acyl-N-acetylglucosamine deacetylase	HTCC1040_01256	-4
ARVY01000001.1	1160117	1161226	-	HTCC1040_01253	HTCC1040	369	OG0000537	K03590	cell division protein FtsA	COG0849	FtsA	Cell division ATPase FtsA	HTCC1040_01256	-3
ARVY01000001.1	1161226	1161903	-	HTCC1040_01254	HTCC1040	225	OG0000841	K03589	cell division protein FtsQ	COG1589	FtsQ	Cell division septal protein FtsQ	HTCC1040_01256	-2
ARVY01000001.1	1161884	1162798	-	HTCC1040_01255	HTCC1040	304	OG0000580	K01921	D-alanine-D-alanine ligase [EC:6.3.2.4]	COG1181	DdlA	D-alanine-D-alanine ligase or related ATP-grasp enzyme	HTCC1040_01256	-1
ARVY01000001.1	1162800	1163708	-	HTCC1040_01256	HTCC1040	302	OG0000330	K00075	UDP-N-acetylmuramate dehydrogenase [EC:1.3.1.98]	COG0812	MurB	UDP-N-acetylenolpyruvoylglucosamine reductase	HTCC1040_01256	0
ARVY01000001.1	1163708	1165102	-	HTCC1040_01257	HTCC1040	464	OG0000265	K01924	UDP-N-acetylmuramate--alanine ligase [EC:6.3.2.8]	COG0773	MurC	UDP-N-acetylmuramate-alanine ligase MurC and related ligases, MurC/Mpl family	HTCC1040_01256	1
ARVY01000001.1	1165092	1166162	-	HTCC1040_01258	HTCC1040	356	OG0000489	K02563	UDP-N-acetylglucosamine--N-acetylmuramyl-(pentapeptide) pyrophosphoryl-undecaprenol N-acetylglucosamine transferase [EC:2.4.1.227]	COG0707	MurG	UDP-N-acetylglucosamine:LPS N-acetylglucosamine transferase	HTCC1040_01256	2
ARVY01000001.1	1166163	1167287	-	HTCC1040_01259	HTCC1040	374	OG0000615	NA	NA	COG0772	FtsW	Peptodoglycan polymerase FtsW/RodA/SpoVE	HTCC1040_01256	3
ARVY01000001.1	1167284	1168579	-	HTCC1040_01260	HTCC1040	431	OG0000817	NA	NA	COG0771	MurD	UDP-N-acetylmuramoylalanine-D-glutamate ligase	HTCC1040_01256	4
ARVY01000001.1	1168579	1169664	-	HTCC1040_01261	HTCC1040	361	OG0000019	K01000	phospho-N-acetylmuramoyl-pentapeptide-transferase [EC:2.7.8.13]	COG0472	Rfe	UDP-N-acetylmuramyl pentapeptide phosphotransferase/UDP-N-acetylglucosamine-1-phosphate transferase/archaeal AglH	HTCC1040_01256	5
CP000084.1	19571	20419	-	HTCC1062_00018	HTCC1062	282	OG0000470	K05807	outer membrane protein assembly factor BamD	COG4105	BamD	Outer membrane protein assembly factor BamD, BamD/ComL family	HTCC1062_00023	-5
CP000084.1	20458	21378	-	HTCC1062_00019	HTCC1062	306	OG0000300	K02535	UDP-3-O-[3-hydroxymyristoyl] N-acetylglucosamine deacetylase [EC:3.5.1.108]	COG0774	LpxC	UDP-3-O-acyl-N-acetylglucosamine deacetylase	HTCC1062_00023	-4
CP000084.1	21444	22553	-	HTCC1062_00020	HTCC1062	369	OG0000537	K03590	cell division protein FtsA	COG0849	FtsA	Cell division ATPase FtsA	HTCC1062_00023	-3
CP000084.1	22553	23230	-	HTCC1062_00021	HTCC1062	225	OG0000841	K03589	cell division protein FtsQ	COG1589	FtsQ	Cell division septal protein FtsQ	HTCC1062_00023	-2
CP000084.1	23211	24125	-	HTCC1062_00022	HTCC1062	304	OG0000580	K01921	D-alanine-D-alanine ligase [EC:6.3.2.4]	COG1181	DdlA	D-alanine-D-alanine ligase or related ATP-grasp enzyme	HTCC1062_00023	-1
CP000084.1	24127	25065	-	HTCC1062_00023	HTCC1062	312	OG0000330	K00075	UDP-N-acetylmuramate dehydrogenase [EC:1.3.1.98]	COG0812	MurB	UDP-N-acetylenolpyruvoylglucosamine reductase	HTCC1062_00023	0
CP000084.1	25035	26429	-	HTCC1062_00024	HTCC1062	464	OG0000265	K01924	UDP-N-acetylmuramate--alanine ligase [EC:6.3.2.8]	COG0773	MurC	UDP-N-acetylmuramate-alanine ligase MurC and related ligases, MurC/Mpl family	HTCC1062_00023	1
CP000084.1	26419	27489	-	HTCC1062_00025	HTCC1062	356	OG0000489	K02563	UDP-N-acetylglucosamine--N-acetylmuramyl-(pentapeptide) pyrophosphoryl-undecaprenol N-acetylglucosamine transferase [EC:2.4.1.227]	COG0707	MurG	UDP-N-acetylglucosamine:LPS N-acetylglucosamine transferase	HTCC1062_00023	2
CP000084.1	27490	28614	-	HTCC1062_00026	HTCC1062	374	OG0000615	NA	NA	COG0772	FtsW	Peptodoglycan polymerase FtsW/RodA/SpoVE	HTCC1062_00023	3
CP000084.1	28611	29906	-	HTCC1062_00027	HTCC1062	431	OG0000817	NA	NA	COG0771	MurD	UDP-N-acetylmuramoylalanine-D-glutamate ligase	HTCC1062_00023	4
CP000084.1	29906	30991	-	HTCC1062_00028	HTCC1062	361	OG0000019	K01000	phospho-N-acetylmuramoyl-pentapeptide-transferase [EC:2.7.8.13]	COG0472	Rfe	UDP-N-acetylmuramyl pentapeptide phosphotransferase/UDP-N-acetylglucosamine-1-phosphate transferase/archaeal AglH	HTCC1062_00023	5
DS995298.1	501914	502999	+	HTCC7211_00533	HTCC7211	361	OG0000019	K01000	phospho-N-acetylmuramoyl-pentapeptide-transferase [EC:2.7.8.13]	COG0472	Rfe	UDP-N-acetylmuramyl pentapeptide phosphotransferase/UDP-N-acetylglucosamine-1-phosphate transferase/archaeal AglH	HTCC7211_00538	-5
DS995298.1	502999	504294	+	HTCC7211_00534	HTCC7211	431	OG0000817	NA	NA	COG0771	MurD	UDP-N-acetylmuramoylalanine-D-glutamate ligase	HTCC7211_00538	-4
DS995298.1	504284	505405	+	HTCC7211_00535	HTCC7211	373	OG0000615	NA	NA	COG0772	FtsW	Peptodoglycan polymerase FtsW/RodA/SpoVE	HTCC7211_00538	-3
DS995298.1	505409	506476	+	HTCC7211_00536	HTCC7211	355	OG0000489	K02563	UDP-N-acetylglucosamine--N-acetylmuramyl-(pentapeptide) pyrophosphoryl-undecaprenol N-acetylglucosamine transferase [EC:2.4.1.227]	COG0707	MurG	UDP-N-acetylglucosamine:LPS N-acetylglucosamine transferase	HTCC7211_00538	-2
DS995298.1	506466	507860	+	HTCC7211_00537	HTCC7211	464	OG0000265	K01924	UDP-N-acetylmuramate--alanine ligase [EC:6.3.2.8]	COG0773	MurC	UDP-N-acetylmuramate-alanine ligase MurC and related ligases, MurC/Mpl family	HTCC7211_00538	-1
DS995298.1	507860	508765	+	HTCC7211_00538	HTCC7211	301	OG0000330	K00075	UDP-N-acetylmuramate dehydrogenase [EC:1.3.1.98]	COG0812	MurB	UDP-N-acetylenolpyruvoylglucosamine reductase	HTCC7211_00538	0
DS995298.1	508767	509681	+	HTCC7211_00539	HTCC7211	304	OG0000580	K01921	D-alanine-D-alanine ligase [EC:6.3.2.4]	COG1181	DdlA	D-alanine-D-alanine ligase or related ATP-grasp enzyme	HTCC7211_00538	1
DS995298.1	509662	510339	+	HTCC7211_00540	HTCC7211	225	OG0000841	K03589	cell division protein FtsQ	COG1589	FtsQ	Cell division septal protein FtsQ	HTCC7211_00538	2
DS995298.1	510332	511033	+	HTCC7211_00541	HTCC7211	233	OG0000537	NA	NA	NA	NA	NA	HTCC7211_00538	3
DS995298.1	511098	512018	+	HTCC7211_00542	HTCC7211	306	OG0000300	K02535	UDP-3-O-[3-hydroxymyristoyl] N-acetylglucosamine deacetylase [EC:3.5.1.108]	COG0774	LpxC	UDP-3-O-acyl-N-acetylglucosamine deacetylase	HTCC7211_00538	4
DS995298.1	512075	512926	+	HTCC7211_00543	HTCC7211	283	OG0000470	K05807	outer membrane protein assembly factor BamD	COG4105	BamD	Outer membrane protein assembly factor BamD, BamD/ComL family	HTCC7211_00538	5
KL370779.1	136849	137700	-	HTCC7214_00135	HTCC7214	283	OG0000470	K05807	outer membrane protein assembly factor BamD	COG4105	BamD	Outer membrane protein assembly factor BamD, BamD/ComL family	HTCC7214_00140	-5
KL370779.1	137756	138676	-	HTCC7214_00136	HTCC7214	306	OG0000300	K02535	UDP-3-O-[3-hydroxymyristoyl] N-acetylglucosamine deacetylase [EC:3.5.1.108]	COG0774	LpxC	UDP-3-O-acyl-N-acetylglucosamine deacetylase	HTCC7214_00140	-4
KL370779.1	138741	139442	-	HTCC7214_00137	HTCC7214	233	OG0000537	NA	NA	NA	NA	NA	HTCC7214_00140	-3
KL370779.1	139435	140112	-	HTCC7214_00138	HTCC7214	225	OG0000841	K03589	cell division protein FtsQ	COG1589	FtsQ	Cell division septal protein FtsQ	HTCC7214_00140	-2
KL370779.1	140093	141007	-	HTCC7214_00139	HTCC7214	304	OG0000580	K01921	D-alanine-D-alanine ligase [EC:6.3.2.4]	COG1181	DdlA	D-alanine-D-alanine ligase or related ATP-grasp enzyme	HTCC7214_00140	-1
KL370779.1	141009	141914	-	HTCC7214_00140	HTCC7214	301	OG0000330	K00075	UDP-N-acetylmuramate dehydrogenase [EC:1.3.1.98]	COG0812	MurB	UDP-N-acetylenolpyruvoylglucosamine reductase	HTCC7214_00140	0
KL370779.1	141914	143308	-	HTCC7214_00141	HTCC7214	464	OG0000265	K01924	UDP-N-acetylmuramate--alanine ligase [EC:6.3.2.8]	COG0773	MurC	UDP-N-acetylmuramate-alanine ligase MurC and related ligases, MurC/Mpl family	HTCC7214_00140	1
KL370779.1	143298	144365	-	HTCC7214_00142	HTCC7214	355	OG0000489	K02563	UDP-N-acetylglucosamine--N-acetylmuramyl-(pentapeptide) pyrophosphoryl-undecaprenol N-acetylglucosamine transferase [EC:2.4.1.227]	COG0707	MurG	UDP-N-acetylglucosamine:LPS N-acetylglucosamine transferase	HTCC7214_00140	2
KL370779.1	144369	145490	-	HTCC7214_00143	HTCC7214	373	OG0000615	NA	NA	COG0772	FtsW	Peptodoglycan polymerase FtsW/RodA/SpoVE	HTCC7214_00140	3
KL370779.1	145480	146775	-	HTCC7214_00144	HTCC7214	431	OG0000817	NA	NA	COG0771	MurD	UDP-N-acetylmuramoylalanine-D-glutamate ligase	HTCC7214_00140	4
KL370779.1	146775	147860	-	HTCC7214_00145	HTCC7214	361	OG0000019	K01000	phospho-N-acetylmuramoyl-pentapeptide-transferase [EC:2.7.8.13]	COG0472	Rfe	UDP-N-acetylmuramyl pentapeptide phosphotransferase/UDP-N-acetylglucosamine-1-phosphate transferase/archaeal AglH	HTCC7214_00140	5
JNIU01000001.1	1301663	1302748	+	HTCC7217_01400	HTCC7217	361	OG0000019	K01000	phospho-N-acetylmuramoyl-pentapeptide-transferase [EC:2.7.8.13]	COG0472	Rfe	UDP-N-acetylmuramyl pentapeptide phosphotransferase/UDP-N-acetylglucosamine-1-phosphate transferase/archaeal AglH	HTCC7217_01405	-5
JNIU01000001.1	1302748	1304043	+	HTCC7217_01401	HTCC7217	431	OG0000817	NA	NA	COG0771	MurD	UDP-N-acetylmuramoylalanine-D-glutamate ligase	HTCC7217_01405	-4
JNIU01000001.1	1304033	1305154	+	HTCC7217_01402	HTCC7217	373	OG0000615	NA	NA	COG0772	FtsW	Peptodoglycan polymerase FtsW/RodA/SpoVE	HTCC7217_01405	-3
JNIU01000001.1	1305158	1306225	+	HTCC7217_01403	HTCC7217	355	OG0000489	K02563	UDP-N-acetylglucosamine--N-acetylmuramyl-(pentapeptide) pyrophosphoryl-undecaprenol N-acetylglucosamine transferase [EC:2.4.1.227]	COG0707	MurG	UDP-N-acetylglucosamine:LPS N-acetylglucosamine transferase	HTCC7217_01405	-2
JNIU01000001.1	1306215	1307609	+	HTCC7217_01404	HTCC7217	464	OG0000265	K01924	UDP-N-acetylmuramate--alanine ligase [EC:6.3.2.8]	COG0773	MurC	UDP-N-acetylmuramate-alanine ligase MurC and related ligases, MurC/Mpl family	HTCC7217_01405	-1
JNIU01000001.1	1307609	1308514	+	HTCC7217_01405	HTCC7217	301	OG0000330	K00075	UDP-N-acetylmuramate dehydrogenase [EC:1.3.1.98]	COG0812	MurB	UDP-N-acetylenolpyruvoylglucosamine reductase	HTCC7217_01405	0
JNIU01000001.1	1308516	1309430	+	HTCC7217_01406	HTCC7217	304	OG0000580	K01921	D-alanine-D-alanine ligase [EC:6.3.2.4]	COG1181	DdlA	D-alanine-D-alanine ligase or related ATP-grasp enzyme	HTCC7217_01405	1
JNIU01000001.1	1309411	1310088	+	HTCC7217_01407	HTCC7217	225	OG0000841	K03589	cell division protein FtsQ	COG1589	FtsQ	Cell division septal protein FtsQ	HTCC7217_01405	2
JNIU01000001.1	1310081	1310782	+	HTCC7217_01408	HTCC7217	233	OG0000537	NA	NA	NA	NA	NA	HTCC7217_01405	3
JNIU01000001.1	1310847	1311767	+	HTCC7217_01409	HTCC7217	306	OG0000300	K02535	UDP-3-O-[3-hydroxymyristoyl] N-acetylglucosamine deacetylase [EC:3.5.1.108]	COG0774	LpxC	UDP-3-O-acyl-N-acetylglucosamine deacetylase	HTCC7217_01405	4
JNIU01000001.1	1311824	1312675	+	HTCC7217_01410	HTCC7217	283	OG0000470	K05807	outer membrane protein assembly factor BamD	COG4105	BamD	Outer membrane protein assembly factor BamD, BamD/ComL family	HTCC7217_01405	5
KI421440.1	186255	187340	+	HTCC8051_00193	HTCC8051	361	OG0000019	K01000	phospho-N-acetylmuramoyl-pentapeptide-transferase [EC:2.7.8.13]	COG0472	Rfe	UDP-N-acetylmuramyl pentapeptide phosphotransferase/UDP-N-acetylglucosamine-1-phosphate transferase/archaeal AglH	HTCC8051_00198	-5
KI421440.1	187340	188656	+	HTCC8051_00194	HTCC8051	438	OG0000817	NA	NA	COG0771	MurD	UDP-N-acetylmuramoylalanine-D-glutamate ligase	HTCC8051_00198	-4
KI421440.1	188631	189758	+	HTCC8051_00195	HTCC8051	375	OG0000615	NA	NA	COG0772	FtsW	Peptodoglycan polymerase FtsW/RodA/SpoVE	HTCC8051_00198	-3
KI421440.1	189759	190826	+	HTCC8051_00196	HTCC8051	355	OG0000489	K02563	UDP-N-acetylglucosamine--N-acetylmuramyl-(pentapeptide) pyrophosphoryl-undecaprenol N-acetylglucosamine transferase [EC:2.4.1.227]	COG0707	MurG	UDP-N-acetylglucosamine:LPS N-acetylglucosamine transferase	HTCC8051_00198	-2
KI421440.1	190816	192210	+	HTCC8051_00197	HTCC8051	464	OG0000265	K01924	UDP-N-acetylmuramate--alanine ligase [EC:6.3.2.8]	COG0773	MurC	UDP-N-acetylmuramate-alanine ligase MurC and related ligases, MurC/Mpl family	HTCC8051_00198	-1
KI421440.1	192216	193115	+	HTCC8051_00198	HTCC8051	299	OG0000330	K00075	UDP-N-acetylmuramate dehydrogenase [EC:1.3.1.98]	COG0812	MurB	UDP-N-acetylenolpyruvoylglucosamine reductase	HTCC8051_00198	0
KI421440.1	193117	194031	+	HTCC8051_00199	HTCC8051	304	OG0000580	K01921	D-alanine-D-alanine ligase [EC:6.3.2.4]	COG1181	DdlA	D-alanine-D-alanine ligase or related ATP-grasp enzyme	HTCC8051_00198	1
KI421440.1	194012	194692	+	HTCC8051_00200	HTCC8051	226	OG0000841	K03589	cell division protein FtsQ	COG1589	FtsQ	Cell division septal protein FtsQ	HTCC8051_00198	2
KI421440.1	194676	195374	+	HTCC8051_00201	HTCC8051	232	OG0000537	NA	NA	COG1221	PspF	Transcriptional regulators containing sigma54-interacting ATPase domain	HTCC8051_00198	3
KI421440.1	195439	196359	+	HTCC8051_00202	HTCC8051	306	OG0000300	K02535	UDP-3-O-[3-hydroxymyristoyl] N-acetylglucosamine deacetylase [EC:3.5.1.108]	COG0774	LpxC	UDP-3-O-acyl-N-acetylglucosamine deacetylase	HTCC8051_00198	4
KI421440.1	196409	197254	+	HTCC8051_00203	HTCC8051	281	OG0000470	K05807	outer membrane protein assembly factor BamD	COG4105	BamD	Outer membrane protein assembly factor BamD, BamD/ComL family	HTCC8051_00198	5
KI421433.1	99755	100840	+	HTCC9022_00662	HTCC9022	361	OG0000019	K01000	phospho-N-acetylmuramoyl-pentapeptide-transferase [EC:2.7.8.13]	COG0472	Rfe	UDP-N-acetylmuramyl pentapeptide phosphotransferase/UDP-N-acetylglucosamine-1-phosphate transferase/archaeal AglH	HTCC9022_00667	-5
KI421433.1	100840	102141	+	HTCC9022_00663	HTCC9022	433	OG0000817	NA	NA	COG0771	MurD	UDP-N-acetylmuramoylalanine-D-glutamate ligase	HTCC9022_00667	-4
KI421433.1	102131	103258	+	HTCC9022_00664	HTCC9022	375	OG0000615	NA	NA	COG0772	FtsW	Peptodoglycan polymerase FtsW/RodA/SpoVE	HTCC9022_00667	-3
KI421433.1	103260	104327	+	HTCC9022_00665	HTCC9022	355	OG0000489	K02563	UDP-N-acetylglucosamine--N-acetylmuramyl-(pentapeptide) pyrophosphoryl-undecaprenol N-acetylglucosamine transferase [EC:2.4.1.227]	COG0707	MurG	UDP-N-acetylglucosamine:LPS N-acetylglucosamine transferase	HTCC9022_00667	-2
KI421433.1	104317	105714	+	HTCC9022_00666	HTCC9022	465	OG0000265	K01924	UDP-N-acetylmuramate--alanine ligase [EC:6.3.2.8]	COG0773	MurC	UDP-N-acetylmuramate-alanine ligase MurC and related ligases, MurC/Mpl family	HTCC9022_00667	-1
KI421433.1	105711	106616	+	HTCC9022_00667	HTCC9022	301	OG0000330	K00075	UDP-N-acetylmuramate dehydrogenase [EC:1.3.1.98]	COG0812	MurB	UDP-N-acetylenolpyruvoylglucosamine reductase	HTCC9022_00667	0
KI421433.1	106618	107532	+	HTCC9022_00668	HTCC9022	304	OG0000580	K01921	D-alanine-D-alanine ligase [EC:6.3.2.4]	COG1181	DdlA	D-alanine-D-alanine ligase or related ATP-grasp enzyme	HTCC9022_00667	1
KI421433.1	107513	108181	+	HTCC9022_00669	HTCC9022	222	OG0000841	K03589	cell division protein FtsQ	COG1589	FtsQ	Cell division septal protein FtsQ	HTCC9022_00667	2
KI421433.1	108174	108869	+	HTCC9022_00670	HTCC9022	231	OG0000537	NA	NA	NA	NA	NA	HTCC9022_00667	3
KI421433.1	108934	109854	+	HTCC9022_00671	HTCC9022	306	OG0000300	K02535	UDP-3-O-[3-hydroxymyristoyl] N-acetylglucosamine deacetylase [EC:3.5.1.108]	COG0774	LpxC	UDP-3-O-acyl-N-acetylglucosamine deacetylase	HTCC9022_00667	4
KI421433.1	109901	110740	+	HTCC9022_00672	HTCC9022	279	OG0000470	K05807	outer membrane protein assembly factor BamD	COG4105	BamD	Outer membrane protein assembly factor BamD, BamD/ComL family	HTCC9022_00667	5
NZ_LANA01000001.1	688017	689102	+	HTCC9565_00737	HTCC9565	361	OG0000019	K01000	phospho-N-acetylmuramoyl-pentapeptide-transferase [EC:2.7.8.13]	COG0472	Rfe	UDP-N-acetylmuramyl pentapeptide phosphotransferase/UDP-N-acetylglucosamine-1-phosphate transferase/archaeal AglH	HTCC9565_00742	-5
NZ_LANA01000001.1	689102	690373	+	HTCC9565_00738	HTCC9565	423	OG0000817	NA	NA	COG0771	MurD	UDP-N-acetylmuramoylalanine-D-glutamate ligase	HTCC9565_00742	-4
NZ_LANA01000001.1	690374	691498	+	HTCC9565_00739	HTCC9565	374	OG0000615	NA	NA	COG0772	FtsW	Peptodoglycan polymerase FtsW/RodA/SpoVE	HTCC9565_00742	-3
NZ_LANA01000001.1	691499	692569	+	HTCC9565_00740	HTCC9565	356	OG0000489	K02563	UDP-N-acetylglucosamine--N-acetylmuramyl-(pentapeptide) pyrophosphoryl-undecaprenol N-acetylglucosamine transferase [EC:2.4.1.227]	COG0707	MurG	UDP-N-acetylglucosamine:LPS N-acetylglucosamine transferase	HTCC9565_00742	-2
NZ_LANA01000001.1	692559	693953	+	HTCC9565_00741	HTCC9565	464	OG0000265	K01924	UDP-N-acetylmuramate--alanine ligase [EC:6.3.2.8]	COG0773	MurC	UDP-N-acetylmuramate-alanine ligase MurC and related ligases, MurC/Mpl family	HTCC9565_00742	-1
NZ_LANA01000001.1	693950	694861	+	HTCC9565_00742	HTCC9565	303	OG0000330	K00075	UDP-N-acetylmuramate dehydrogenase [EC:1.3.1.98]	COG0812	MurB	UDP-N-acetylenolpyruvoylglucosamine reductase	HTCC9565_00742	0
NZ_LANA01000001.1	694864	695778	+	HTCC9565_00743	HTCC9565	304	OG0000580	K01921	D-alanine-D-alanine ligase [EC:6.3.2.4]	COG1181	DdlA	D-alanine-D-alanine ligase or related ATP-grasp enzyme	HTCC9565_00742	1
NZ_LANA01000001.1	695759	696436	+	HTCC9565_00744	HTCC9565	225	OG0000841	K03589	cell division protein FtsQ	COG1589	FtsQ	Cell division septal protein FtsQ	HTCC9565_00742	2
NZ_LANA01000001.1	696433	697539	+	HTCC9565_00745	HTCC9565	368	OG0000537	NA	NA	COG0849	FtsA	Cell division ATPase FtsA	HTCC9565_00742	3
NZ_LANA01000001.1	697609	698529	+	HTCC9565_00746	HTCC9565	306	OG0000300	K02535	UDP-3-O-[3-hydroxymyristoyl] N-acetylglucosamine deacetylase [EC:3.5.1.108]	COG0774	LpxC	UDP-3-O-acyl-N-acetylglucosamine deacetylase	HTCC9565_00742	4
NZ_LANA01000001.1	698567	699412	+	HTCC9565_00747	HTCC9565	281	OG0000470	K05807	outer membrane protein assembly factor BamD	COG4105	BamD	Outer membrane protein assembly factor BamD, BamD/ComL family	HTCC9565_00742	5
CP002511.1	671901	673187	+	IMCC9063_00763	IMCC9063	428	OG0000817	NA	NA	COG0771	MurD	UDP-N-acetylmuramoylalanine-D-glutamate ligase	IMCC9063_00768	-5
CP002511.1	673180	673848	+	IMCC9063_00764	IMCC9063	222	OG0000615	NA	NA	COG0772	FtsW	Peptodoglycan polymerase FtsW/RodA/SpoVE	IMCC9063_00768	-4
CP002511.1	673854	674291	+	IMCC9063_00765	IMCC9063	145	OG0000615	NA	NA	COG0772	FtsW	Peptodoglycan polymerase FtsW/RodA/SpoVE	IMCC9063_00768	-3
CP002511.1	674288	675361	+	IMCC9063_00766	IMCC9063	357	OG0000489	K02563	UDP-N-acetylglucosamine--N-acetylmuramyl-(pentapeptide) pyrophosphoryl-undecaprenol N-acetylglucosamine transferase [EC:2.4.1.227]	COG0707	MurG	UDP-N-acetylglucosamine:LPS N-acetylglucosamine transferase	IMCC9063_00768	-2
CP002511.1	675364	676767	+	IMCC9063_00767	IMCC9063	467	OG0000265	K01924	UDP-N-acetylmuramate--alanine ligase [EC:6.3.2.8]	COG0773	MurC	UDP-N-acetylmuramate-alanine ligase MurC and related ligases, MurC/Mpl family	IMCC9063_00768	-1
CP002511.1	676754	677653	+	IMCC9063_00768	IMCC9063	299	OG0000330	K00075	UDP-N-acetylmuramate dehydrogenase [EC:1.3.1.98]	COG0812	MurB	UDP-N-acetylenolpyruvoylglucosamine reductase	IMCC9063_00768	0
CP002511.1	677650	678558	+	IMCC9063_00769	IMCC9063	302	OG0000580	K01921	D-alanine-D-alanine ligase [EC:6.3.2.4]	COG1181	DdlA	D-alanine-D-alanine ligase or related ATP-grasp enzyme	IMCC9063_00768	1
CP002511.1	678539	679219	+	IMCC9063_00770	IMCC9063	226	OG0000841	K03589	cell division protein FtsQ	COG1589	FtsQ	Cell division septal protein FtsQ	IMCC9063_00768	2
CP002511.1	679212	680429	+	IMCC9063_00771	IMCC9063	405	OG0000537	K03590	cell division protein FtsA	COG0849	FtsA	Cell division ATPase FtsA	IMCC9063_00768	3
CP002511.1	680499	681422	+	IMCC9063_00772	IMCC9063	307	OG0000300	K02535	UDP-3-O-[3-hydroxymyristoyl] N-acetylglucosamine deacetylase [EC:3.5.1.108]	COG0774	LpxC	UDP-3-O-acyl-N-acetylglucosamine deacetylase	IMCC9063_00768	4
CP002511.1	681466	682305	+	IMCC9063_00773	IMCC9063	279	OG0000470	K05807	outer membrane protein assembly factor BamD	COG4105	BamD	Outer membrane protein assembly factor BamD, BamD/ComL family	IMCC9063_00768	5
Ga0182791_11	835042	835866	-	LSUCC0261_00897	LSUCC0261	274	OG0000470	K05807	outer membrane protein assembly factor BamD	COG4105	BamD	Outer membrane protein assembly factor BamD, BamD/ComL family	LSUCC0261_00902	-5
Ga0182791_11	835900	836829	-	LSUCC0261_00898	LSUCC0261	309	OG0000300	K02535	UDP-3-O-[3-hydroxymyristoyl] N-acetylglucosamine deacetylase [EC:3.5.1.108]	COG0774	LpxC	UDP-3-O-acyl-N-acetylglucosamine deacetylase	LSUCC0261_00902	-4
Ga0182791_11	836897	838126	-	LSUCC0261_00899	LSUCC0261	409	OG0000537	K03590	cell division protein FtsA	COG0849	FtsA	Cell division ATPase FtsA	LSUCC0261_00902	-3
Ga0182791_11	838119	838805	-	LSUCC0261_00900	LSUCC0261	228	OG0000841	K03589	cell division protein FtsQ	COG1589	FtsQ	Cell division septal protein FtsQ	LSUCC0261_00902	-2
Ga0182791_11	838786	839664	-	LSUCC0261_00901	LSUCC0261	292	OG0000580	K01921	D-alanine-D-alanine ligase [EC:6.3.2.4]	COG1181	DdlA	D-alanine-D-alanine ligase or related ATP-grasp enzyme	LSUCC0261_00902	-1
Ga0182791_11	839685	840587	-	LSUCC0261_00902	LSUCC0261	300	OG0000330	K00075	UDP-N-acetylmuramate dehydrogenase [EC:1.3.1.98]	COG0812	MurB	UDP-N-acetylenolpyruvoylglucosamine reductase	LSUCC0261_00902	0
Ga0182791_11	840568	841980	-	LSUCC0261_00903	LSUCC0261	470	OG0000265	K01924	UDP-N-acetylmuramate--alanine ligase [EC:6.3.2.8]	COG0773	MurC	UDP-N-acetylmuramate-alanine ligase MurC and related ligases, MurC/Mpl family	LSUCC0261_00902	1
Ga0182791_11	841980	843056	-	LSUCC0261_00904	LSUCC0261	358	OG0000489	K02563	UDP-N-acetylglucosamine--N-acetylmuramyl-(pentapeptide) pyrophosphoryl-undecaprenol N-acetylglucosamine transferase [EC:2.4.1.227]	COG0707	MurG	UDP-N-acetylglucosamine:LPS N-acetylglucosamine transferase	LSUCC0261_00902	2
Ga0182791_11	843056	844168	-	LSUCC0261_00905	LSUCC0261	370	OG0000615	NA	NA	COG0772	FtsW	Peptodoglycan polymerase FtsW/RodA/SpoVE	LSUCC0261_00902	3
Ga0182791_11	844169	845452	-	LSUCC0261_00906	LSUCC0261	427	OG0000817	NA	NA	COG0771	MurD	UDP-N-acetylmuramoylalanine-D-glutamate ligase	LSUCC0261_00902	4
Ga0182791_11	845452	846540	-	LSUCC0261_00907	LSUCC0261	362	OG0000019	K01000	phospho-N-acetylmuramoyl-pentapeptide-transferase [EC:2.7.8.13]	COG0472	Rfe	UDP-N-acetylmuramyl pentapeptide phosphotransferase/UDP-N-acetylglucosamine-1-phosphate transferase/archaeal AglH	LSUCC0261_00902	5
CP024034.1	770105	770929	-	LSUCC0530_00849	LSUCC0530	274	OG0000470	K05807	outer membrane protein assembly factor BamD	COG4105	BamD	Outer membrane protein assembly factor BamD, BamD/ComL family	LSUCC0530_00854	-5
CP024034.1	770979	771896	-	LSUCC0530_00850	LSUCC0530	305	OG0000300	K02535	UDP-3-O-[3-hydroxymyristoyl] N-acetylglucosamine deacetylase [EC:3.5.1.108]	COG0774	LpxC	UDP-3-O-acyl-N-acetylglucosamine deacetylase	LSUCC0530_00854	-4
CP024034.1	771962	773194	-	LSUCC0530_00851	LSUCC0530	410	OG0000537	K03590	cell division protein FtsA	COG0849	FtsA	Cell division ATPase FtsA	LSUCC0530_00854	-3
CP024034.1	773198	773866	-	LSUCC0530_00852	LSUCC0530	222	OG0000841	K03589	cell division protein FtsQ	COG1589	FtsQ	Cell division septal protein FtsQ	LSUCC0530_00854	-2
CP024034.1	773863	774783	-	LSUCC0530_00853	LSUCC0530	306	OG0000580	K01921	D-alanine-D-alanine ligase [EC:6.3.2.4]	COG1181	DdlA	D-alanine-D-alanine ligase or related ATP-grasp enzyme	LSUCC0530_00854	-1
CP024034.1	774780	775688	-	LSUCC0530_00854	LSUCC0530	302	OG0000330	K00075	UDP-N-acetylmuramate dehydrogenase [EC:1.3.1.98]	COG0812	MurB	UDP-N-acetylenolpyruvoylglucosamine reductase	LSUCC0530_00854	0
CP024034.1	775678	777084	-	LSUCC0530_00855	LSUCC0530	468	OG0000265	K01924	UDP-N-acetylmuramate--alanine ligase [EC:6.3.2.8]	COG0773	MurC	UDP-N-acetylmuramate-alanine ligase MurC and related ligases, MurC/Mpl family	LSUCC0530_00854	1
CP024034.1	777084	778160	-	LSUCC0530_00856	LSUCC0530	358	OG0000489	K02563	UDP-N-acetylglucosamine--N-acetylmuramyl-(pentapeptide) pyrophosphoryl-undecaprenol N-acetylglucosamine transferase [EC:2.4.1.227]	COG0707	MurG	UDP-N-acetylglucosamine:LPS N-acetylglucosamine transferase	LSUCC0530_00854	2
CP024034.1	778160	779284	-	LSUCC0530_00857	LSUCC0530	374	OG0000615	NA	NA	COG0772	FtsW	Peptodoglycan polymerase FtsW/RodA/SpoVE	LSUCC0530_00854	3
CP024034.1	779281	780582	-	LSUCC0530_00858	LSUCC0530	433	OG0000817	NA	NA	COG0771	MurD	UDP-N-acetylmuramoylalanine-D-glutamate ligase	LSUCC0530_00854	4
CP024034.1	780582	781670	-	LSUCC0530_00859	LSUCC0530	362	OG0000019	K01000	phospho-N-acetylmuramoyl-pentapeptide-transferase [EC:2.7.8.13]	COG0472	Rfe	UDP-N-acetylmuramyl pentapeptide phosphotransferase/UDP-N-acetylglucosamine-1-phosphate transferase/archaeal AglH	LSUCC0530_00854	5
Ga0255589_11	252846	254171	+	LSUCC0664_00277	LSUCC0664	441	OG0000125	K01929	UDP-N-acetylmuramoyl-tripeptide--D-alanyl-D-alanine ligase [EC:6.3.2.10]	COG0770	MurF	UDP-N-acetylmuramyl pentapeptide synthase	LSUCC0664_00282	-5
Ga0255589_11	254171	255259	+	LSUCC0664_00278	LSUCC0664	362	OG0000019	K01000	phospho-N-acetylmuramoyl-pentapeptide-transferase [EC:2.7.8.13]	COG0472	Rfe	UDP-N-acetylmuramyl pentapeptide phosphotransferase/UDP-N-acetylglucosamine-1-phosphate transferase/archaeal AglH	LSUCC0664_00282	-4
Ga0255589_11	255261	256460	+	LSUCC0664_00279	LSUCC0664	399	OG0000817	NA	NA	COG0771	MurD	UDP-N-acetylmuramoylalanine-D-glutamate ligase	LSUCC0664_00282	-3
Ga0255589_11	256444	257553	+	LSUCC0664_00280	LSUCC0664	369	OG0000615	NA	NA	COG0772	FtsW	Peptodoglycan polymerase FtsW/RodA/SpoVE	LSUCC0664_00282	-2
Ga0255589_11	257594	259000	+	LSUCC0664_00281	LSUCC0664	468	OG0000265	K01924	UDP-N-acetylmuramate--alanine ligase [EC:6.3.2.8]	COG0773	MurC	UDP-N-acetylmuramate-alanine ligase MurC and related ligases, MurC/Mpl family	LSUCC0664_00282	-1
Ga0255589_11	258987	259847	+	LSUCC0664_00282	LSUCC0664	286	OG0000330	K00075	UDP-N-acetylmuramate dehydrogenase [EC:1.3.1.98]	COG0812	MurB	UDP-N-acetylenolpyruvoylglucosamine reductase	LSUCC0664_00282	0
Ga0255589_11	259867	260751	+	LSUCC0664_00283	LSUCC0664	294	OG0000580	K01921	D-alanine-D-alanine ligase [EC:6.3.2.4]	COG1181	DdlA	D-alanine-D-alanine ligase or related ATP-grasp enzyme	LSUCC0664_00282	1
Ga0255589_11	260729	261403	+	LSUCC0664_00284	LSUCC0664	224	OG0000841	K03589	cell division protein FtsQ	COG1589	FtsQ	Cell division septal protein FtsQ	LSUCC0664_00282	2
Ga0255589_11	261400	262602	+	LSUCC0664_00285	LSUCC0664	400	OG0000537	K03590	cell division protein FtsA	COG0849	FtsA	Cell division ATPase FtsA	LSUCC0664_00282	3
Ga0255589_11	262660	263511	+	LSUCC0664_00286	LSUCC0664	283	OG0000300	K02535	UDP-3-O-[3-hydroxymyristoyl] N-acetylglucosamine deacetylase [EC:3.5.1.108]	COG0774	LpxC	UDP-3-O-acyl-N-acetylglucosamine deacetylase	LSUCC0664_00282	4
Ga0255589_11	263565	264416	+	LSUCC0664_00287	LSUCC0664	283	OG0000470	K05807	outer membrane protein assembly factor BamD	COG4105	BamD	Outer membrane protein assembly factor BamD, BamD/ComL family	LSUCC0664_00282	5
Ga0197930_11	788881	789717	-	LSUCC0723_00861	LSUCC0723	278	OG0000470	K05807	outer membrane protein assembly factor BamD	COG4105	BamD	Outer membrane protein assembly factor BamD, BamD/ComL family	LSUCC0723_00866	-5
Ga0197930_11	789768	790583	-	LSUCC0723_00862	LSUCC0723	271	OG0000300	K02535	UDP-3-O-[3-hydroxymyristoyl] N-acetylglucosamine deacetylase [EC:3.5.1.108]	COG0774	LpxC	UDP-3-O-acyl-N-acetylglucosamine deacetylase	LSUCC0723_00866	-4
Ga0197930_11	790673	791875	-	LSUCC0723_00863	LSUCC0723	400	OG0000537	K03590	cell division protein FtsA	COG0849	FtsA	Cell division ATPase FtsA	LSUCC0723_00866	-3
Ga0197930_11	791872	792537	-	LSUCC0723_00864	LSUCC0723	221	OG0000841	K03589	cell division protein FtsQ	COG1589	FtsQ	Cell division septal protein FtsQ	LSUCC0723_00866	-2
Ga0197930_11	792518	793402	-	LSUCC0723_00865	LSUCC0723	294	OG0000580	K01921	D-alanine-D-alanine ligase [EC:6.3.2.4]	COG1181	DdlA	D-alanine-D-alanine ligase or related ATP-grasp enzyme	LSUCC0723_00866	-1
Ga0197930_11	793422	794285	-	LSUCC0723_00866	LSUCC0723	287	OG0000330	K00075	UDP-N-acetylmuramate dehydrogenase [EC:1.3.1.98]	COG0812	MurB	UDP-N-acetylenolpyruvoylglucosamine reductase	LSUCC0723_00866	0
Ga0197930_11	794285	795676	-	LSUCC0723_00867	LSUCC0723	463	OG0000265	K01924	UDP-N-acetylmuramate--alanine ligase [EC:6.3.2.8]	COG0773	MurC	UDP-N-acetylmuramate-alanine ligase MurC and related ligases, MurC/Mpl family	LSUCC0723_00866	1
Ga0197930_11	795716	796825	-	LSUCC0723_00868	LSUCC0723	369	OG0000615	NA	NA	COG0772	FtsW	Peptodoglycan polymerase FtsW/RodA/SpoVE	LSUCC0723_00866	2
Ga0197930_11	796806	798011	-	LSUCC0723_00869	LSUCC0723	401	OG0000817	NA	NA	COG0771	MurD	UDP-N-acetylmuramoylalanine-D-glutamate ligase	LSUCC0723_00866	3
Ga0197930_11	798012	799100	-	LSUCC0723_00870	LSUCC0723	362	OG0000019	K01000	phospho-N-acetylmuramoyl-pentapeptide-transferase [EC:2.7.8.13]	COG0472	Rfe	UDP-N-acetylmuramyl pentapeptide phosphotransferase/UDP-N-acetylglucosamine-1-phosphate transferase/archaeal AglH	LSUCC0723_00866	4
Ga0197930_11	799100	800431	-	LSUCC0723_00871	LSUCC0723	443	OG0000125	K01929	UDP-N-acetylmuramoyl-tripeptide--D-alanyl-D-alanine ligase [EC:6.3.2.10]	COG0770	MurF	UDP-N-acetylmuramyl pentapeptide synthase	LSUCC0723_00866	5
OZ249404.1	670008	670832	-	ME-17_00761	ME-17	274	OG0000470	K05807	outer membrane protein assembly factor BamD	COG4105	BamD	Outer membrane protein assembly factor BamD, BamD/ComL family	ME-17_00766	-5
OZ249404.1	670882	671799	-	ME-17_00762	ME-17	305	OG0000300	K02535	UDP-3-O-[3-hydroxymyristoyl] N-acetylglucosamine deacetylase [EC:3.5.1.108]	COG0774	LpxC	UDP-3-O-acyl-N-acetylglucosamine deacetylase	ME-17_00766	-4
OZ249404.1	671865	673097	-	ME-17_00763	ME-17	410	OG0000537	K03590	cell division protein FtsA	COG0849	FtsA	Cell division ATPase FtsA	ME-17_00766	-3
OZ249404.1	673101	673769	-	ME-17_00764	ME-17	222	OG0000841	K03589	cell division protein FtsQ	COG1589	FtsQ	Cell division septal protein FtsQ	ME-17_00766	-2
OZ249404.1	673766	674686	-	ME-17_00765	ME-17	306	OG0000580	K01921	D-alanine-D-alanine ligase [EC:6.3.2.4]	COG1181	DdlA	D-alanine-D-alanine ligase or related ATP-grasp enzyme	ME-17_00766	-1
OZ249404.1	674683	675591	-	ME-17_00766	ME-17	302	OG0000330	K00075	UDP-N-acetylmuramate dehydrogenase [EC:1.3.1.98]	COG0812	MurB	UDP-N-acetylenolpyruvoylglucosamine reductase	ME-17_00766	0
OZ249404.1	675581	676987	-	ME-17_00767	ME-17	468	OG0000265	K01924	UDP-N-acetylmuramate--alanine ligase [EC:6.3.2.8]	COG0773	MurC	UDP-N-acetylmuramate-alanine ligase MurC and related ligases, MurC/Mpl family	ME-17_00766	1
OZ249404.1	676984	678063	-	ME-17_00768	ME-17	359	OG0000489	K02563	UDP-N-acetylglucosamine--N-acetylmuramyl-(pentapeptide) pyrophosphoryl-undecaprenol N-acetylglucosamine transferase [EC:2.4.1.227]	COG0707	MurG	UDP-N-acetylglucosamine:LPS N-acetylglucosamine transferase	ME-17_00766	2
OZ249404.1	678063	679187	-	ME-17_00769	ME-17	374	OG0000615	NA	NA	COG0772	FtsW	Peptodoglycan polymerase FtsW/RodA/SpoVE	ME-17_00766	3
OZ249404.1	679184	680485	-	ME-17_00770	ME-17	433	OG0000817	NA	NA	COG0771	MurD	UDP-N-acetylmuramoylalanine-D-glutamate ligase	ME-17_00766	4
OZ249404.1	680485	681573	-	ME-17_00771	ME-17	362	OG0000019	K01000	phospho-N-acetylmuramoyl-pentapeptide-transferase [EC:2.7.8.13]	COG0472	Rfe	UDP-N-acetylmuramyl pentapeptide phosphotransferase/UDP-N-acetylglucosamine-1-phosphate transferase/archaeal AglH	ME-17_00766	5
OZ247825.1	701422	702246	-	ME-18_00784	ME-18	274	OG0000470	K05807	outer membrane protein assembly factor BamD	COG4105	BamD	Outer membrane protein assembly factor BamD, BamD/ComL family	ME-18_00789	-5
OZ247825.1	702296	703213	-	ME-18_00785	ME-18	305	OG0000300	K02535	UDP-3-O-[3-hydroxymyristoyl] N-acetylglucosamine deacetylase [EC:3.5.1.108]	COG0774	LpxC	UDP-3-O-acyl-N-acetylglucosamine deacetylase	ME-18_00789	-4
OZ247825.1	703279	704511	-	ME-18_00786	ME-18	410	OG0000537	K03590	cell division protein FtsA	COG0849	FtsA	Cell division ATPase FtsA	ME-18_00789	-3
OZ247825.1	704515	705183	-	ME-18_00787	ME-18	222	OG0000841	K03589	cell division protein FtsQ	COG1589	FtsQ	Cell division septal protein FtsQ	ME-18_00789	-2
OZ247825.1	705180	706100	-	ME-18_00788	ME-18	306	OG0000580	K01921	D-alanine-D-alanine ligase [EC:6.3.2.4]	COG1181	DdlA	D-alanine-D-alanine ligase or related ATP-grasp enzyme	ME-18_00789	-1
OZ247825.1	706097	707005	-	ME-18_00789	ME-18	302	OG0000330	K00075	UDP-N-acetylmuramate dehydrogenase [EC:1.3.1.98]	COG0812	MurB	UDP-N-acetylenolpyruvoylglucosamine reductase	ME-18_00789	0
OZ247825.1	706995	708401	-	ME-18_00790	ME-18	468	OG0000265	K01924	UDP-N-acetylmuramate--alanine ligase [EC:6.3.2.8]	COG0773	MurC	UDP-N-acetylmuramate-alanine ligase MurC and related ligases, MurC/Mpl family	ME-18_00789	1
OZ247825.1	708398	709477	-	ME-18_00791	ME-18	359	OG0000489	K02563	UDP-N-acetylglucosamine--N-acetylmuramyl-(pentapeptide) pyrophosphoryl-undecaprenol N-acetylglucosamine transferase [EC:2.4.1.227]	COG0707	MurG	UDP-N-acetylglucosamine:LPS N-acetylglucosamine transferase	ME-18_00789	2
OZ247825.1	709477	710601	-	ME-18_00792	ME-18	374	OG0000615	NA	NA	COG0772	FtsW	Peptodoglycan polymerase FtsW/RodA/SpoVE	ME-18_00789	3
OZ247825.1	710598	711899	-	ME-18_00793	ME-18	433	OG0000817	NA	NA	COG0771	MurD	UDP-N-acetylmuramoylalanine-D-glutamate ligase	ME-18_00789	4
OZ247825.1	711899	712987	-	ME-18_00794	ME-18	362	OG0000019	K01000	phospho-N-acetylmuramoyl-pentapeptide-transferase [EC:2.7.8.13]	COG0472	Rfe	UDP-N-acetylmuramyl pentapeptide phosphotransferase/UDP-N-acetylglucosamine-1-phosphate transferase/archaeal AglH	ME-18_00789	5
OZ247816.1	687972	688796	-	ME-20_00763	ME-20	274	OG0000470	K05807	outer membrane protein assembly factor BamD	COG4105	BamD	Outer membrane protein assembly factor BamD, BamD/ComL family	ME-20_00768	-5
OZ247816.1	688846	689763	-	ME-20_00764	ME-20	305	OG0000300	K02535	UDP-3-O-[3-hydroxymyristoyl] N-acetylglucosamine deacetylase [EC:3.5.1.108]	COG0774	LpxC	UDP-3-O-acyl-N-acetylglucosamine deacetylase	ME-20_00768	-4
OZ247816.1	689829	691061	-	ME-20_00765	ME-20	410	OG0000537	K03590	cell division protein FtsA	COG0849	FtsA	Cell division ATPase FtsA	ME-20_00768	-3
OZ247816.1	691065	691733	-	ME-20_00766	ME-20	222	OG0000841	K03589	cell division protein FtsQ	COG1589	FtsQ	Cell division septal protein FtsQ	ME-20_00768	-2
OZ247816.1	691730	692650	-	ME-20_00767	ME-20	306	OG0000580	K01921	D-alanine-D-alanine ligase [EC:6.3.2.4]	COG1181	DdlA	D-alanine-D-alanine ligase or related ATP-grasp enzyme	ME-20_00768	-1
OZ247816.1	692647	693555	-	ME-20_00768	ME-20	302	OG0000330	K00075	UDP-N-acetylmuramate dehydrogenase [EC:1.3.1.98]	COG0812	MurB	UDP-N-acetylenolpyruvoylglucosamine reductase	ME-20_00768	0
OZ247816.1	693545	694951	-	ME-20_00769	ME-20	468	OG0000265	K01924	UDP-N-acetylmuramate--alanine ligase [EC:6.3.2.8]	COG0773	MurC	UDP-N-acetylmuramate-alanine ligase MurC and related ligases, MurC/Mpl family	ME-20_00768	1
OZ247816.1	694948	696027	-	ME-20_00770	ME-20	359	OG0000489	K02563	UDP-N-acetylglucosamine--N-acetylmuramyl-(pentapeptide) pyrophosphoryl-undecaprenol N-acetylglucosamine transferase [EC:2.4.1.227]	COG0707	MurG	UDP-N-acetylglucosamine:LPS N-acetylglucosamine transferase	ME-20_00768	2
OZ247816.1	696027	697151	-	ME-20_00771	ME-20	374	OG0000615	NA	NA	COG0772	FtsW	Peptodoglycan polymerase FtsW/RodA/SpoVE	ME-20_00768	3
OZ247816.1	697148	698449	-	ME-20_00772	ME-20	433	OG0000817	NA	NA	COG0771	MurD	UDP-N-acetylmuramoylalanine-D-glutamate ligase	ME-20_00768	4
OZ247816.1	698449	699537	-	ME-20_00773	ME-20	362	OG0000019	K01000	phospho-N-acetylmuramoyl-pentapeptide-transferase [EC:2.7.8.13]	COG0472	Rfe	UDP-N-acetylmuramyl pentapeptide phosphotransferase/UDP-N-acetylglucosamine-1-phosphate transferase/archaeal AglH	ME-20_00768	5
OZ247817.1	715793	716617	-	ME-31_00792	ME-31	274	OG0000470	K05807	outer membrane protein assembly factor BamD	COG4105	BamD	Outer membrane protein assembly factor BamD, BamD/ComL family	ME-31_00797	-5
OZ247817.1	716667	717584	-	ME-31_00793	ME-31	305	OG0000300	K02535	UDP-3-O-[3-hydroxymyristoyl] N-acetylglucosamine deacetylase [EC:3.5.1.108]	COG0774	LpxC	UDP-3-O-acyl-N-acetylglucosamine deacetylase	ME-31_00797	-4
OZ247817.1	717650	718882	-	ME-31_00794	ME-31	410	OG0000537	K03590	cell division protein FtsA	COG0849	FtsA	Cell division ATPase FtsA	ME-31_00797	-3
OZ247817.1	718886	719554	-	ME-31_00795	ME-31	222	OG0000841	K03589	cell division protein FtsQ	COG1589	FtsQ	Cell division septal protein FtsQ	ME-31_00797	-2
OZ247817.1	719551	720471	-	ME-31_00796	ME-31	306	OG0000580	K01921	D-alanine-D-alanine ligase [EC:6.3.2.4]	COG1181	DdlA	D-alanine-D-alanine ligase or related ATP-grasp enzyme	ME-31_00797	-1
OZ247817.1	720468	721376	-	ME-31_00797	ME-31	302	OG0000330	K00075	UDP-N-acetylmuramate dehydrogenase [EC:1.3.1.98]	COG0812	MurB	UDP-N-acetylenolpyruvoylglucosamine reductase	ME-31_00797	0
OZ247817.1	721366	722772	-	ME-31_00798	ME-31	468	OG0000265	K01924	UDP-N-acetylmuramate--alanine ligase [EC:6.3.2.8]	COG0773	MurC	UDP-N-acetylmuramate-alanine ligase MurC and related ligases, MurC/Mpl family	ME-31_00797	1
OZ247817.1	722769	723848	-	ME-31_00799	ME-31	359	OG0000489	K02563	UDP-N-acetylglucosamine--N-acetylmuramyl-(pentapeptide) pyrophosphoryl-undecaprenol N-acetylglucosamine transferase [EC:2.4.1.227]	COG0707	MurG	UDP-N-acetylglucosamine:LPS N-acetylglucosamine transferase	ME-31_00797	2
OZ247817.1	723848	724972	-	ME-31_00800	ME-31	374	OG0000615	NA	NA	COG0772	FtsW	Peptodoglycan polymerase FtsW/RodA/SpoVE	ME-31_00797	3
OZ247817.1	724969	726270	-	ME-31_00801	ME-31	433	OG0000817	NA	NA	COG0771	MurD	UDP-N-acetylmuramoylalanine-D-glutamate ligase	ME-31_00797	4
OZ247817.1	726270	727358	-	ME-31_00802	ME-31	362	OG0000019	K01000	phospho-N-acetylmuramoyl-pentapeptide-transferase [EC:2.7.8.13]	COG0472	Rfe	UDP-N-acetylmuramyl pentapeptide phosphotransferase/UDP-N-acetylglucosamine-1-phosphate transferase/archaeal AglH	ME-31_00797	5
OZ247815.1	710823	711647	-	ME-33_00795	ME-33	274	OG0000470	K05807	outer membrane protein assembly factor BamD	COG4105	BamD	Outer membrane protein assembly factor BamD, BamD/ComL family	ME-33_00800	-5
OZ247815.1	711697	712614	-	ME-33_00796	ME-33	305	OG0000300	K02535	UDP-3-O-[3-hydroxymyristoyl] N-acetylglucosamine deacetylase [EC:3.5.1.108]	COG0774	LpxC	UDP-3-O-acyl-N-acetylglucosamine deacetylase	ME-33_00800	-4
OZ247815.1	712680	713912	-	ME-33_00797	ME-33	410	OG0000537	K03590	cell division protein FtsA	COG0849	FtsA	Cell division ATPase FtsA	ME-33_00800	-3
OZ247815.1	713916	714584	-	ME-33_00798	ME-33	222	OG0000841	K03589	cell division protein FtsQ	COG1589	FtsQ	Cell division septal protein FtsQ	ME-33_00800	-2
OZ247815.1	714581	715501	-	ME-33_00799	ME-33	306	OG0000580	K01921	D-alanine-D-alanine ligase [EC:6.3.2.4]	COG1181	DdlA	D-alanine-D-alanine ligase or related ATP-grasp enzyme	ME-33_00800	-1
OZ247815.1	715498	716406	-	ME-33_00800	ME-33	302	OG0000330	K00075	UDP-N-acetylmuramate dehydrogenase [EC:1.3.1.98]	COG0812	MurB	UDP-N-acetylenolpyruvoylglucosamine reductase	ME-33_00800	0
OZ247815.1	716396	717802	-	ME-33_00801	ME-33	468	OG0000265	K01924	UDP-N-acetylmuramate--alanine ligase [EC:6.3.2.8]	COG0773	MurC	UDP-N-acetylmuramate-alanine ligase MurC and related ligases, MurC/Mpl family	ME-33_00800	1
OZ247815.1	717799	718878	-	ME-33_00802	ME-33	359	OG0000489	K02563	UDP-N-acetylglucosamine--N-acetylmuramyl-(pentapeptide) pyrophosphoryl-undecaprenol N-acetylglucosamine transferase [EC:2.4.1.227]	COG0707	MurG	UDP-N-acetylglucosamine:LPS N-acetylglucosamine transferase	ME-33_00800	2
OZ247815.1	718878	719912	-	ME-33_00803	ME-33	344	OG0000615	NA	NA	COG0772	FtsW	Peptodoglycan polymerase FtsW/RodA/SpoVE	ME-33_00800	3
OZ247815.1	719999	721300	-	ME-33_00804	ME-33	433	OG0000817	NA	NA	COG0771	MurD	UDP-N-acetylmuramoylalanine-D-glutamate ligase	ME-33_00800	4
OZ247815.1	721300	722388	-	ME-33_00805	ME-33	362	OG0000019	K01000	phospho-N-acetylmuramoyl-pentapeptide-transferase [EC:2.7.8.13]	COG0472	Rfe	UDP-N-acetylmuramyl pentapeptide phosphotransferase/UDP-N-acetylglucosamine-1-phosphate transferase/archaeal AglH	ME-33_00800	5
NTJN01000003.1	110481	111566	+	MED-G40_00638	MED-G40	361	OG0000019	K01000	phospho-N-acetylmuramoyl-pentapeptide-transferase [EC:2.7.8.13]	COG0472	Rfe	UDP-N-acetylmuramyl pentapeptide phosphotransferase/UDP-N-acetylglucosamine-1-phosphate transferase/archaeal AglH	MED-G40_00643	-5
NTJN01000003.1	111570	112865	+	MED-G40_00639	MED-G40	431	OG0000817	NA	NA	COG0771	MurD	UDP-N-acetylmuramoylalanine-D-glutamate ligase	MED-G40_00643	-4
NTJN01000003.1	112846	113979	+	MED-G40_00640	MED-G40	377	OG0000615	NA	NA	COG0772	FtsW	Peptodoglycan polymerase FtsW/RodA/SpoVE	MED-G40_00643	-3
NTJN01000003.1	113963	115051	+	MED-G40_00641	MED-G40	362	OG0000489	K02563	UDP-N-acetylglucosamine--N-acetylmuramyl-(pentapeptide) pyrophosphoryl-undecaprenol N-acetylglucosamine transferase [EC:2.4.1.227]	COG0707	MurG	UDP-N-acetylglucosamine:LPS N-acetylglucosamine transferase	MED-G40_00643	-2
NTJN01000003.1	115044	116441	+	MED-G40_00642	MED-G40	465	OG0000265	K01924	UDP-N-acetylmuramate--alanine ligase [EC:6.3.2.8]	COG0773	MurC	UDP-N-acetylmuramate-alanine ligase MurC and related ligases, MurC/Mpl family	MED-G40_00643	-1
NTJN01000003.1	116411	117343	+	MED-G40_00643	MED-G40	310	OG0000330	K00075	UDP-N-acetylmuramate dehydrogenase [EC:1.3.1.98]	COG0812	MurB	UDP-N-acetylenolpyruvoylglucosamine reductase	MED-G40_00643	0
NTJN01000003.1	117350	118279	+	MED-G40_00644	MED-G40	309	OG0000580	K01921	D-alanine-D-alanine ligase [EC:6.3.2.4]	COG1181	DdlA	D-alanine-D-alanine ligase or related ATP-grasp enzyme	MED-G40_00643	1
NTJN01000003.1	118276	118944	+	MED-G40_00645	MED-G40	222	OG0000841	K03589	cell division protein FtsQ	COG1589	FtsQ	Cell division septal protein FtsQ	MED-G40_00643	2
NTJN01000003.1	118950	120149	+	MED-G40_00646	MED-G40	399	OG0000537	K03590	cell division protein FtsA	COG0849	FtsA	Cell division ATPase FtsA	MED-G40_00643	3
NTJN01000003.1	120219	121142	+	MED-G40_00647	MED-G40	307	OG0000300	K02535	UDP-3-O-[3-hydroxymyristoyl] N-acetylglucosamine deacetylase [EC:3.5.1.108]	COG0774	LpxC	UDP-3-O-acyl-N-acetylglucosamine deacetylase	MED-G40_00643	4
NTJN01000003.1	121187	122020	+	MED-G40_00648	MED-G40	277	OG0000470	K05807	outer membrane protein assembly factor BamD	COG4105	BamD	Outer membrane protein assembly factor BamD, BamD/ComL family	MED-G40_00643	5
NZJW01000011.1	12899	13987	+	MED1116_00149	MED1116	362	OG0000019	K01000	phospho-N-acetylmuramoyl-pentapeptide-transferase [EC:2.7.8.13]	COG0472	Rfe	UDP-N-acetylmuramyl pentapeptide phosphotransferase/UDP-N-acetylglucosamine-1-phosphate transferase/archaeal AglH	MED1116_00154	-5
NZJW01000011.1	13988	15187	+	MED1116_00150	MED1116	399	OG0000817	NA	NA	COG0771	MurD	UDP-N-acetylmuramoylalanine-D-glutamate ligase	MED1116_00154	-4
NZJW01000011.1	15162	16277	+	MED1116_00151	MED1116	371	OG0000615	NA	NA	COG0772	FtsW	Peptodoglycan polymerase FtsW/RodA/SpoVE	MED1116_00154	-3
NZJW01000011.1	16277	17371	+	MED1116_00152	MED1116	364	OG0000489	K02563	UDP-N-acetylglucosamine--N-acetylmuramyl-(pentapeptide) pyrophosphoryl-undecaprenol N-acetylglucosamine transferase [EC:2.4.1.227]	COG0707	MurG	UDP-N-acetylglucosamine:LPS N-acetylglucosamine transferase	MED1116_00154	-2
NZJW01000011.1	17355	18752	+	MED1116_00153	MED1116	465	OG0000265	K01924	UDP-N-acetylmuramate--alanine ligase [EC:6.3.2.8]	COG0773	MurC	UDP-N-acetylmuramate-alanine ligase MurC and related ligases, MurC/Mpl family	MED1116_00154	-1
NZJW01000011.1	18753	19613	+	MED1116_00154	MED1116	286	OG0000330	K00075	UDP-N-acetylmuramate dehydrogenase [EC:1.3.1.98]	COG0812	MurB	UDP-N-acetylenolpyruvoylglucosamine reductase	MED1116_00154	0
NZJW01000011.1	19633	20517	+	MED1116_00155	MED1116	294	OG0000580	K01921	D-alanine-D-alanine ligase [EC:6.3.2.4]	COG1181	DdlA	D-alanine-D-alanine ligase or related ATP-grasp enzyme	MED1116_00154	1
NZJW01000011.1	20498	21169	+	MED1116_00156	MED1116	223	OG0000841	K03589	cell division protein FtsQ	COG1589	FtsQ	Cell division septal protein FtsQ	MED1116_00154	2
NZJW01000011.1	21166	22368	+	MED1116_00157	MED1116	400	OG0000537	K03590	cell division protein FtsA	COG0849	FtsA	Cell division ATPase FtsA	MED1116_00154	3
NZJW01000011.1	22426	23280	+	MED1116_00158	MED1116	284	OG0000300	K02535	UDP-3-O-[3-hydroxymyristoyl] N-acetylglucosamine deacetylase [EC:3.5.1.108]	COG0774	LpxC	UDP-3-O-acyl-N-acetylglucosamine deacetylase	MED1116_00154	4
NZJW01000011.1	23277	24158	+	MED1116_00159	MED1116	293	OG0000470	K05807	outer membrane protein assembly factor BamD	COG4105	BamD	Outer membrane protein assembly factor BamD, BamD/ComL family	MED1116_00154	5
NZIR01000006.1	101768	102856	+	MED602_01736	MED602	362	OG0000019	K01000	phospho-N-acetylmuramoyl-pentapeptide-transferase [EC:2.7.8.13]	COG0472	Rfe	UDP-N-acetylmuramyl pentapeptide phosphotransferase/UDP-N-acetylglucosamine-1-phosphate transferase/archaeal AglH	MED602_01741	-5
NZIR01000006.1	102858	104087	+	MED602_01737	MED602	409	OG0000817	NA	NA	COG0771	MurD	UDP-N-acetylmuramoylalanine-D-glutamate ligase	MED602_01741	-4
NZIR01000006.1	104077	105186	+	MED602_01738	MED602	369	OG0000615	NA	NA	COG0772	FtsW	Peptodoglycan polymerase FtsW/RodA/SpoVE	MED602_01741	-3
NZIR01000006.1	105183	106265	+	MED602_01739	MED602	360	OG0000489	K02563	UDP-N-acetylglucosamine--N-acetylmuramyl-(pentapeptide) pyrophosphoryl-undecaprenol N-acetylglucosamine transferase [EC:2.4.1.227]	COG0707	MurG	UDP-N-acetylglucosamine:LPS N-acetylglucosamine transferase	MED602_01741	-2
NZIR01000006.1	106270	107685	+	MED602_01740	MED602	471	OG0000265	K01924	UDP-N-acetylmuramate--alanine ligase [EC:6.3.2.8]	COG0773	MurC	UDP-N-acetylmuramate-alanine ligase MurC and related ligases, MurC/Mpl family	MED602_01741	-1
NZIR01000006.1	107663	108538	+	MED602_01741	MED602	291	OG0000330	K00075	UDP-N-acetylmuramate dehydrogenase [EC:1.3.1.98]	COG0812	MurB	UDP-N-acetylenolpyruvoylglucosamine reductase	MED602_01741	0
NZIR01000006.1	108528	109016	+	MED602_01742	MED602	162	OG0000580	K01921	D-alanine-D-alanine ligase [EC:6.3.2.4]	COG1181	DdlA	D-alanine-D-alanine ligase or related ATP-grasp enzyme	MED602_01741	1
NZIR01000006.1	109042	109443	+	MED602_01743	MED602	133	OG0000580	K01921	D-alanine-D-alanine ligase [EC:6.3.2.4]	COG1181	DdlA	D-alanine-D-alanine ligase or related ATP-grasp enzyme	MED602_01741	2
NZIR01000006.1	109424	110104	+	MED602_01744	MED602	226	OG0000841	K03589	cell division protein FtsQ	COG1589	FtsQ	Cell division septal protein FtsQ	MED602_01741	3
NZIR01000006.1	110097	111308	+	MED602_01745	MED602	403	OG0000537	K03590	cell division protein FtsA	COG0849	FtsA	Cell division ATPase FtsA	MED602_01741	4
NZIR01000006.1	111370	112221	+	MED602_01746	MED602	283	OG0000300	K02535	UDP-3-O-[3-hydroxymyristoyl] N-acetylglucosamine deacetylase [EC:3.5.1.108]	COG0774	LpxC	UDP-3-O-acyl-N-acetylglucosamine deacetylase	MED602_01741	5
NZIO01000014.1	16	1140	+	MED605_00615	MED605	374	OG0000489	K02563	UDP-N-acetylglucosamine--N-acetylmuramyl-(pentapeptide) pyrophosphoryl-undecaprenol N-acetylglucosamine transferase [EC:2.4.1.227]	COG0707	MurG	UDP-N-acetylglucosamine:LPS N-acetylglucosamine transferase	MED605_00618	-3
NZIO01000014.1	1133	1492	+	MED605_00616	MED605	119	OG0000265	NA	NA	COG0773	MurC	UDP-N-acetylmuramate-alanine ligase MurC and related ligases, MurC/Mpl family	MED605_00618	-2
NZIO01000014.1	1434	2531	+	MED605_00617	MED605	365	OG0000265	K01924	UDP-N-acetylmuramate--alanine ligase [EC:6.3.2.8]	COG0773	MurC	UDP-N-acetylmuramate-alanine ligase MurC and related ligases, MurC/Mpl family	MED605_00618	-1
NZIO01000014.1	2528	3445	+	MED605_00618	MED605	305	OG0000330	K00075	UDP-N-acetylmuramate dehydrogenase [EC:1.3.1.98]	COG0812	MurB	UDP-N-acetylenolpyruvoylglucosamine reductase	MED605_00618	0
NZIO01000014.1	3438	4364	+	MED605_00619	MED605	308	OG0000580	K01921	D-alanine-D-alanine ligase [EC:6.3.2.4]	COG1181	DdlA	D-alanine-D-alanine ligase or related ATP-grasp enzyme	MED605_00618	1
NZIO01000014.1	4345	5031	+	MED605_00620	MED605	228	OG0000841	K03589	cell division protein FtsQ	COG1589	FtsQ	Cell division septal protein FtsQ	MED605_00618	2
NZIO01000014.1	5031	6245	+	MED605_00621	MED605	404	OG0000537	K03590	cell division protein FtsA	COG0849	FtsA	Cell division ATPase FtsA	MED605_00618	3
NZIO01000014.1	6314	7240	+	MED605_00622	MED605	308	OG0000300	K02535	UDP-3-O-[3-hydroxymyristoyl] N-acetylglucosamine deacetylase [EC:3.5.1.108]	COG0774	LpxC	UDP-3-O-acyl-N-acetylglucosamine deacetylase	MED605_00618	4
NZIO01000014.1	7298	8128	+	MED605_00623	MED605	276	OG0000470	K05807	outer membrane protein assembly factor BamD	COG4105	BamD	Outer membrane protein assembly factor BamD, BamD/ComL family	MED605_00618	5
OZ247814.1	736676	737764	+	MKE-138_00832	MKE-138	362	OG0000019	K01000	phospho-N-acetylmuramoyl-pentapeptide-transferase [EC:2.7.8.13]	COG0472	Rfe	UDP-N-acetylmuramyl pentapeptide phosphotransferase/UDP-N-acetylglucosamine-1-phosphate transferase/archaeal AglH	MKE-138_00837	-5
OZ247814.1	737764	739065	+	MKE-138_00833	MKE-138	433	OG0000817	NA	NA	COG0771	MurD	UDP-N-acetylmuramoylalanine-D-glutamate ligase	MKE-138_00837	-4
OZ247814.1	739062	740186	+	MKE-138_00834	MKE-138	374	OG0000615	NA	NA	COG0772	FtsW	Peptodoglycan polymerase FtsW/RodA/SpoVE	MKE-138_00837	-3
OZ247814.1	740186	741265	+	MKE-138_00835	MKE-138	359	OG0000489	K02563	UDP-N-acetylglucosamine--N-acetylmuramyl-(pentapeptide) pyrophosphoryl-undecaprenol N-acetylglucosamine transferase [EC:2.4.1.227]	COG0707	MurG	UDP-N-acetylglucosamine:LPS N-acetylglucosamine transferase	MKE-138_00837	-2
OZ247814.1	741262	742668	+	MKE-138_00836	MKE-138	468	OG0000265	K01924	UDP-N-acetylmuramate--alanine ligase [EC:6.3.2.8]	COG0773	MurC	UDP-N-acetylmuramate-alanine ligase MurC and related ligases, MurC/Mpl family	MKE-138_00837	-1
OZ247814.1	742658	743566	+	MKE-138_00837	MKE-138	302	OG0000330	K00075	UDP-N-acetylmuramate dehydrogenase [EC:1.3.1.98]	COG0812	MurB	UDP-N-acetylenolpyruvoylglucosamine reductase	MKE-138_00837	0
OZ247814.1	743563	744483	+	MKE-138_00838	MKE-138	306	OG0000580	K01921	D-alanine-D-alanine ligase [EC:6.3.2.4]	COG1181	DdlA	D-alanine-D-alanine ligase or related ATP-grasp enzyme	MKE-138_00837	1
OZ247814.1	744480	745148	+	MKE-138_00839	MKE-138	222	OG0000841	K03589	cell division protein FtsQ	COG1589	FtsQ	Cell division septal protein FtsQ	MKE-138_00837	2
OZ247814.1	745152	746384	+	MKE-138_00840	MKE-138	410	OG0000537	K03590	cell division protein FtsA	COG0849	FtsA	Cell division ATPase FtsA	MKE-138_00837	3
OZ247814.1	746450	747367	+	MKE-138_00841	MKE-138	305	OG0000300	K02535	UDP-3-O-[3-hydroxymyristoyl] N-acetylglucosamine deacetylase [EC:3.5.1.108]	COG0774	LpxC	UDP-3-O-acyl-N-acetylglucosamine deacetylase	MKE-138_00837	4
OZ247814.1	747418	748242	+	MKE-138_00842	MKE-138	274	OG0000470	K05807	outer membrane protein assembly factor BamD	COG4105	BamD	Outer membrane protein assembly factor BamD, BamD/ComL family	MKE-138_00837	5
OZ249405.1	706878	707702	-	MiE-29_00793	MiE-29	274	OG0000470	K05807	outer membrane protein assembly factor BamD	COG4105	BamD	Outer membrane protein assembly factor BamD, BamD/ComL family	MiE-29_00798	-5
OZ249405.1	707753	708670	-	MiE-29_00794	MiE-29	305	OG0000300	K02535	UDP-3-O-[3-hydroxymyristoyl] N-acetylglucosamine deacetylase [EC:3.5.1.108]	COG0774	LpxC	UDP-3-O-acyl-N-acetylglucosamine deacetylase	MiE-29_00798	-4
OZ249405.1	708736	709968	-	MiE-29_00795	MiE-29	410	OG0000537	K03590	cell division protein FtsA	COG0849	FtsA	Cell division ATPase FtsA	MiE-29_00798	-3
OZ249405.1	709972	710640	-	MiE-29_00796	MiE-29	222	OG0000841	K03589	cell division protein FtsQ	COG1589	FtsQ	Cell division septal protein FtsQ	MiE-29_00798	-2
OZ249405.1	710637	711557	-	MiE-29_00797	MiE-29	306	OG0000580	K01921	D-alanine-D-alanine ligase [EC:6.3.2.4]	COG1181	DdlA	D-alanine-D-alanine ligase or related ATP-grasp enzyme	MiE-29_00798	-1
OZ249405.1	711554	712462	-	MiE-29_00798	MiE-29	302	OG0000330	K00075	UDP-N-acetylmuramate dehydrogenase [EC:1.3.1.98]	COG0812	MurB	UDP-N-acetylenolpyruvoylglucosamine reductase	MiE-29_00798	0
OZ249405.1	712452	713858	-	MiE-29_00799	MiE-29	468	OG0000265	K01924	UDP-N-acetylmuramate--alanine ligase [EC:6.3.2.8]	COG0773	MurC	UDP-N-acetylmuramate-alanine ligase MurC and related ligases, MurC/Mpl family	MiE-29_00798	1
OZ249405.1	713855	714934	-	MiE-29_00800	MiE-29	359	OG0000489	K02563	UDP-N-acetylglucosamine--N-acetylmuramyl-(pentapeptide) pyrophosphoryl-undecaprenol N-acetylglucosamine transferase [EC:2.4.1.227]	COG0707	MurG	UDP-N-acetylglucosamine:LPS N-acetylglucosamine transferase	MiE-29_00798	2
OZ249405.1	714934	716058	-	MiE-29_00801	MiE-29	374	OG0000615	NA	NA	COG0772	FtsW	Peptodoglycan polymerase FtsW/RodA/SpoVE	MiE-29_00798	3
OZ249405.1	716055	717356	-	MiE-29_00802	MiE-29	433	OG0000817	NA	NA	COG0771	MurD	UDP-N-acetylmuramoylalanine-D-glutamate ligase	MiE-29_00798	4
OZ249405.1	717356	718444	-	MiE-29_00803	MiE-29	362	OG0000019	K01000	phospho-N-acetylmuramoyl-pentapeptide-transferase [EC:2.7.8.13]	COG0472	Rfe	UDP-N-acetylmuramyl pentapeptide phosphotransferase/UDP-N-acetylglucosamine-1-phosphate transferase/archaeal AglH	MiE-29_00798	5
CP038852.1	1154601	1155383	+	NP1_01263	NP1	260	OG0000019	K01000	phospho-N-acetylmuramoyl-pentapeptide-transferase [EC:2.7.8.13]	COG0472	Rfe	UDP-N-acetylmuramyl pentapeptide phosphotransferase/UDP-N-acetylglucosamine-1-phosphate transferase/archaeal AglH	NP1_01268	-5
CP038852.1	1155383	1156678	+	NP1_01264	NP1	431	OG0000817	NA	NA	COG0771	MurD	UDP-N-acetylmuramoylalanine-D-glutamate ligase	NP1_01268	-4
CP038852.1	1156675	1157799	+	NP1_01265	NP1	374	OG0000615	NA	NA	COG0772	FtsW	Peptodoglycan polymerase FtsW/RodA/SpoVE	NP1_01268	-3
CP038852.1	1157800	1158870	+	NP1_01266	NP1	356	OG0000489	K02563	UDP-N-acetylglucosamine--N-acetylmuramyl-(pentapeptide) pyrophosphoryl-undecaprenol N-acetylglucosamine transferase [EC:2.4.1.227]	COG0707	MurG	UDP-N-acetylglucosamine:LPS N-acetylglucosamine transferase	NP1_01268	-2
CP038852.1	1158860	1160257	+	NP1_01267	NP1	465	OG0000265	K01924	UDP-N-acetylmuramate--alanine ligase [EC:6.3.2.8]	COG0773	MurC	UDP-N-acetylmuramate-alanine ligase MurC and related ligases, MurC/Mpl family	NP1_01268	-1
CP038852.1	1160254	1161162	+	NP1_01268	NP1	302	OG0000330	K00075	UDP-N-acetylmuramate dehydrogenase [EC:1.3.1.98]	COG0812	MurB	UDP-N-acetylenolpyruvoylglucosamine reductase	NP1_01268	0
CP038852.1	1161164	1162078	+	NP1_01269	NP1	304	OG0000580	K01921	D-alanine-D-alanine ligase [EC:6.3.2.4]	COG1181	DdlA	D-alanine-D-alanine ligase or related ATP-grasp enzyme	NP1_01268	1
CP038852.1	1162059	1162736	+	NP1_01270	NP1	225	OG0000841	K03589	cell division protein FtsQ	COG1589	FtsQ	Cell division septal protein FtsQ	NP1_01268	2
CP038852.1	1162736	1163845	+	NP1_01271	NP1	369	OG0000537	K03590	cell division protein FtsA	COG0849	FtsA	Cell division ATPase FtsA	NP1_01268	3
CP038852.1	1163911	1164831	+	NP1_01272	NP1	306	OG0000300	K02535	UDP-3-O-[3-hydroxymyristoyl] N-acetylglucosamine deacetylase [EC:3.5.1.108]	COG0774	LpxC	UDP-3-O-acyl-N-acetylglucosamine deacetylase	NP1_01268	4
CP038852.1	1164870	1165718	+	NP1_01273	NP1	282	OG0000470	K05807	outer membrane protein assembly factor BamD	COG4105	BamD	Outer membrane protein assembly factor BamD, BamD/ComL family	NP1_01268	5
CAJQSQ010000002.1	89424	90272	-	RIS-SAG-41_00090	RIS-SAG-41	282	OG0000470	K05807	outer membrane protein assembly factor BamD	COG4105	BamD	Outer membrane protein assembly factor BamD, BamD/ComL family	RIS-SAG-41_00095	-5
CAJQSQ010000002.1	90311	91231	-	RIS-SAG-41_00091	RIS-SAG-41	306	OG0000300	K02535	UDP-3-O-[3-hydroxymyristoyl] N-acetylglucosamine deacetylase [EC:3.5.1.108]	COG0774	LpxC	UDP-3-O-acyl-N-acetylglucosamine deacetylase	RIS-SAG-41_00095	-4
CAJQSQ010000002.1	91297	92406	-	RIS-SAG-41_00092	RIS-SAG-41	369	OG0000537	K03590	cell division protein FtsA	COG0849	FtsA	Cell division ATPase FtsA	RIS-SAG-41_00095	-3
CAJQSQ010000002.1	92406	93083	-	RIS-SAG-41_00093	RIS-SAG-41	225	OG0000841	K03589	cell division protein FtsQ	COG1589	FtsQ	Cell division septal protein FtsQ	RIS-SAG-41_00095	-2
CAJQSQ010000002.1	93064	93978	-	RIS-SAG-41_00094	RIS-SAG-41	304	OG0000580	K01921	D-alanine-D-alanine ligase [EC:6.3.2.4]	COG1181	DdlA	D-alanine-D-alanine ligase or related ATP-grasp enzyme	RIS-SAG-41_00095	-1
CAJQSQ010000002.1	93980	94918	-	RIS-SAG-41_00095	RIS-SAG-41	312	OG0000330	K00075	UDP-N-acetylmuramate dehydrogenase [EC:1.3.1.98]	COG0812	MurB	UDP-N-acetylenolpyruvoylglucosamine reductase	RIS-SAG-41_00095	0
CAJQSQ010000002.1	94888	96282	-	RIS-SAG-41_00096	RIS-SAG-41	464	OG0000265	K01924	UDP-N-acetylmuramate--alanine ligase [EC:6.3.2.8]	COG0773	MurC	UDP-N-acetylmuramate-alanine ligase MurC and related ligases, MurC/Mpl family	RIS-SAG-41_00095	1
CAJQSQ010000002.1	96272	97342	-	RIS-SAG-41_00097	RIS-SAG-41	356	OG0000489	K02563	UDP-N-acetylglucosamine--N-acetylmuramyl-(pentapeptide) pyrophosphoryl-undecaprenol N-acetylglucosamine transferase [EC:2.4.1.227]	COG0707	MurG	UDP-N-acetylglucosamine:LPS N-acetylglucosamine transferase	RIS-SAG-41_00095	2
CAJQSQ010000002.1	97343	98467	-	RIS-SAG-41_00098	RIS-SAG-41	374	OG0000615	NA	NA	COG0772	FtsW	Peptodoglycan polymerase FtsW/RodA/SpoVE	RIS-SAG-41_00095	3
CAJQSQ010000002.1	98464	99759	-	RIS-SAG-41_00099	RIS-SAG-41	431	OG0000817	NA	NA	COG0771	MurD	UDP-N-acetylmuramoylalanine-D-glutamate ligase	RIS-SAG-41_00095	4
CAJQSQ010000002.1	99759	100844	-	RIS-SAG-41_00100	RIS-SAG-41	361	OG0000019	K01000	phospho-N-acetylmuramoyl-pentapeptide-transferase [EC:2.7.8.13]	COG0472	Rfe	UDP-N-acetylmuramyl pentapeptide phosphotransferase/UDP-N-acetylglucosamine-1-phosphate transferase/archaeal AglH	RIS-SAG-41_00095	5
CP020777.1	1003690	1004523	-	RS39_01098	RS39	277	OG0000470	K05807	outer membrane protein assembly factor BamD	COG4105	BamD	Outer membrane protein assembly factor BamD, BamD/ComL family	RS39_01103	-5
CP020777.1	1004572	1005492	-	RS39_01099	RS39	306	OG0000300	K02535	UDP-3-O-[3-hydroxymyristoyl] N-acetylglucosamine deacetylase [EC:3.5.1.108]	COG0774	LpxC	UDP-3-O-acyl-N-acetylglucosamine deacetylase	RS39_01103	-4
CP020777.1	1005556	1006257	-	RS39_01100	RS39	233	OG0000537	NA	NA	NA	NA	NA	RS39_01103	-3
CP020777.1	1006247	1006921	-	RS39_01101	RS39	224	OG0000841	K03589	cell division protein FtsQ	COG1589	FtsQ	Cell division septal protein FtsQ	RS39_01103	-2
CP020777.1	1006902	1007816	-	RS39_01102	RS39	304	OG0000580	K01921	D-alanine-D-alanine ligase [EC:6.3.2.4]	COG1181	DdlA	D-alanine-D-alanine ligase or related ATP-grasp enzyme	RS39_01103	-1
CP020777.1	1007818	1008726	-	RS39_01103	RS39	302	OG0000330	K00075	UDP-N-acetylmuramate dehydrogenase [EC:1.3.1.98]	COG0812	MurB	UDP-N-acetylenolpyruvoylglucosamine reductase	RS39_01103	0
CP020777.1	1008726	1010120	-	RS39_01104	RS39	464	OG0000265	K01924	UDP-N-acetylmuramate--alanine ligase [EC:6.3.2.8]	COG0773	MurC	UDP-N-acetylmuramate-alanine ligase MurC and related ligases, MurC/Mpl family	RS39_01103	1
CP020777.1	1010110	1011174	-	RS39_01105	RS39	354	OG0000489	K02563	UDP-N-acetylglucosamine--N-acetylmuramyl-(pentapeptide) pyrophosphoryl-undecaprenol N-acetylglucosamine transferase [EC:2.4.1.227]	COG0707	MurG	UDP-N-acetylglucosamine:LPS N-acetylglucosamine transferase	RS39_01103	2
CP020777.1	1011171	1012298	-	RS39_01106	RS39	375	OG0000615	NA	NA	COG0772	FtsW	Peptodoglycan polymerase FtsW/RodA/SpoVE	RS39_01103	3
CP020777.1	1012279	1013589	-	RS39_01107	RS39	436	OG0000817	NA	NA	COG0771	MurD	UDP-N-acetylmuramoylalanine-D-glutamate ligase	RS39_01103	4
CP020777.1	1013589	1014674	-	RS39_01108	RS39	361	OG0000019	K01000	phospho-N-acetylmuramoyl-pentapeptide-transferase [EC:2.7.8.13]	COG0472	Rfe	UDP-N-acetylmuramyl pentapeptide phosphotransferase/UDP-N-acetylglucosamine-1-phosphate transferase/archaeal AglH	RS39_01103	5
CP020778.1	319070	319909	-	RS40_00352	RS40	279	OG0000470	K05807	outer membrane protein assembly factor BamD	COG4105	BamD	Outer membrane protein assembly factor BamD, BamD/ComL family	RS40_00357	-5
CP020778.1	319947	320867	-	RS40_00353	RS40	306	OG0000300	K02535	UDP-3-O-[3-hydroxymyristoyl] N-acetylglucosamine deacetylase [EC:3.5.1.108]	COG0774	LpxC	UDP-3-O-acyl-N-acetylglucosamine deacetylase	RS40_00357	-4
CP020778.1	320930	322093	-	RS40_00354	RS40	387	OG0000537	NA	NA	COG0849	FtsA	Cell division ATPase FtsA	RS40_00357	-3
CP020778.1	322101	322790	-	RS40_00355	RS40	229	OG0000841	K03589	cell division protein FtsQ	COG1589	FtsQ	Cell division septal protein FtsQ	RS40_00357	-2
CP020778.1	322771	323691	-	RS40_00356	RS40	306	OG0000580	K01921	D-alanine-D-alanine ligase [EC:6.3.2.4]	COG1181	DdlA	D-alanine-D-alanine ligase or related ATP-grasp enzyme	RS40_00357	-1
CP020778.1	323688	324593	-	RS40_00357	RS40	301	OG0000330	K00075	UDP-N-acetylmuramate dehydrogenase [EC:1.3.1.98]	COG0812	MurB	UDP-N-acetylenolpyruvoylglucosamine reductase	RS40_00357	0
CP020778.1	324604	325983	-	RS40_00358	RS40	459	OG0000265	K01924	UDP-N-acetylmuramate--alanine ligase [EC:6.3.2.8]	COG0773	MurC	UDP-N-acetylmuramate-alanine ligase MurC and related ligases, MurC/Mpl family	RS40_00357	1
CP020778.1	325973	327037	-	RS40_00359	RS40	354	OG0000489	K02563	UDP-N-acetylglucosamine--N-acetylmuramyl-(pentapeptide) pyrophosphoryl-undecaprenol N-acetylglucosamine transferase [EC:2.4.1.227]	COG0707	MurG	UDP-N-acetylglucosamine:LPS N-acetylglucosamine transferase	RS40_00357	2
CP020778.1	327034	328146	-	RS40_00360	RS40	370	OG0000615	NA	NA	COG0772	FtsW	Peptodoglycan polymerase FtsW/RodA/SpoVE	RS40_00357	3
CP020778.1	328139	329437	-	RS40_00361	RS40	432	OG0000817	NA	NA	COG0771	MurD	UDP-N-acetylmuramoylalanine-D-glutamate ligase	RS40_00357	4
CP020778.1	329437	330522	-	RS40_00362	RS40	361	OG0000019	K01000	phospho-N-acetylmuramoyl-pentapeptide-transferase [EC:2.7.8.13]	COG0472	Rfe	UDP-N-acetylmuramyl pentapeptide phosphotransferase/UDP-N-acetylglucosamine-1-phosphate transferase/archaeal AglH	RS40_00357	5
JACWCY010000012.1	83	205	+	SAG-MED01_00338	SAG-MED01	40	OG0000489	NA	NA	NA	NA	NA	SAG-MED01_00340	-2
JACWCY010000012.1	195	1589	+	SAG-MED01_00339	SAG-MED01	464	OG0000265	K01924	UDP-N-acetylmuramate--alanine ligase [EC:6.3.2.8]	COG0773	MurC	UDP-N-acetylmuramate-alanine ligase MurC and related ligases, MurC/Mpl family	SAG-MED01_00340	-1
JACWCY010000012.1	1589	2497	+	SAG-MED01_00340	SAG-MED01	302	OG0000330	K00075	UDP-N-acetylmuramate dehydrogenase [EC:1.3.1.98]	COG0812	MurB	UDP-N-acetylenolpyruvoylglucosamine reductase	SAG-MED01_00340	0
JACWCY010000012.1	2499	3413	+	SAG-MED01_00341	SAG-MED01	304	OG0000580	K01921	D-alanine-D-alanine ligase [EC:6.3.2.4]	COG1181	DdlA	D-alanine-D-alanine ligase or related ATP-grasp enzyme	SAG-MED01_00340	1
JACWCY010000012.1	3394	4065	+	SAG-MED01_00342	SAG-MED01	223	OG0000841	K03589	cell division protein FtsQ	COG1589	FtsQ	Cell division septal protein FtsQ	SAG-MED01_00340	2
JACWCY010000012.1	4058	4762	+	SAG-MED01_00343	SAG-MED01	234	OG0000537	NA	NA	NA	NA	NA	SAG-MED01_00340	3
JACWCY010000012.1	4826	5746	+	SAG-MED01_00344	SAG-MED01	306	OG0000300	K02535	UDP-3-O-[3-hydroxymyristoyl] N-acetylglucosamine deacetylase [EC:3.5.1.108]	COG0774	LpxC	UDP-3-O-acyl-N-acetylglucosamine deacetylase	SAG-MED01_00340	4
JACWCY010000012.1	5794	6624	+	SAG-MED01_00345	SAG-MED01	276	OG0000470	K05807	outer membrane protein assembly factor BamD	COG4105	BamD	Outer membrane protein assembly factor BamD, BamD/ComL family	SAG-MED01_00340	5
JACWDC010000004.1	11487	12572	+	SAG-MED05_00576	SAG-MED05	361	OG0000019	K01000	phospho-N-acetylmuramoyl-pentapeptide-transferase [EC:2.7.8.13]	COG0472	Rfe	UDP-N-acetylmuramyl pentapeptide phosphotransferase/UDP-N-acetylglucosamine-1-phosphate transferase/archaeal AglH	SAG-MED05_00581	-5
JACWDC010000004.1	12572	13846	+	SAG-MED05_00577	SAG-MED05	424	OG0000817	NA	NA	COG0771	MurD	UDP-N-acetylmuramoylalanine-D-glutamate ligase	SAG-MED05_00581	-4
JACWDC010000004.1	13827	14963	+	SAG-MED05_00578	SAG-MED05	378	OG0000615	NA	NA	COG0772	FtsW	Peptodoglycan polymerase FtsW/RodA/SpoVE	SAG-MED05_00581	-3
JACWDC010000004.1	14953	16056	+	SAG-MED05_00579	SAG-MED05	367	OG0000489	K02563	UDP-N-acetylglucosamine--N-acetylmuramyl-(pentapeptide) pyrophosphoryl-undecaprenol N-acetylglucosamine transferase [EC:2.4.1.227]	COG0707	MurG	UDP-N-acetylglucosamine:LPS N-acetylglucosamine transferase	SAG-MED05_00581	-2
JACWDC010000004.1	16043	17440	+	SAG-MED05_00580	SAG-MED05	465	OG0000265	K01924	UDP-N-acetylmuramate--alanine ligase [EC:6.3.2.8]	COG0773	MurC	UDP-N-acetylmuramate-alanine ligase MurC and related ligases, MurC/Mpl family	SAG-MED05_00581	-1
JACWDC010000004.1	17437	18345	+	SAG-MED05_00581	SAG-MED05	302	OG0000330	K00075	UDP-N-acetylmuramate dehydrogenase [EC:1.3.1.98]	COG0812	MurB	UDP-N-acetylenolpyruvoylglucosamine reductase	SAG-MED05_00581	0
JACWDC010000004.1	18335	19264	+	SAG-MED05_00582	SAG-MED05	309	OG0000580	K01921	D-alanine-D-alanine ligase [EC:6.3.2.4]	COG1181	DdlA	D-alanine-D-alanine ligase or related ATP-grasp enzyme	SAG-MED05_00581	1
JACWDC010000004.1	19261	19920	+	SAG-MED05_00583	SAG-MED05	219	OG0000841	K03589	cell division protein FtsQ	COG1589	FtsQ	Cell division septal protein FtsQ	SAG-MED05_00581	2
JACWDC010000004.1	19924	21123	+	SAG-MED05_00584	SAG-MED05	399	OG0000537	NA	NA	COG0849	FtsA	Cell division ATPase FtsA	SAG-MED05_00581	3
JACWDC010000004.1	21189	22109	+	SAG-MED05_00585	SAG-MED05	306	OG0000300	K02535	UDP-3-O-[3-hydroxymyristoyl] N-acetylglucosamine deacetylase [EC:3.5.1.108]	COG0774	LpxC	UDP-3-O-acyl-N-acetylglucosamine deacetylase	SAG-MED05_00581	4
JACWDC010000004.1	22157	22978	+	SAG-MED05_00586	SAG-MED05	273	OG0000470	K05807	outer membrane protein assembly factor BamD	COG4105	BamD	Outer membrane protein assembly factor BamD, BamD/ComL family	SAG-MED05_00581	5
JACWDD010000004.1	20741	21826	+	SAG-MED06_00907	SAG-MED06	361	OG0000019	K01000	phospho-N-acetylmuramoyl-pentapeptide-transferase [EC:2.7.8.13]	COG0472	Rfe	UDP-N-acetylmuramyl pentapeptide phosphotransferase/UDP-N-acetylglucosamine-1-phosphate transferase/archaeal AglH	SAG-MED06_00912	-5
JACWDD010000004.1	21826	23127	+	SAG-MED06_00908	SAG-MED06	433	OG0000817	NA	NA	COG0771	MurD	UDP-N-acetylmuramoylalanine-D-glutamate ligase	SAG-MED06_00912	-4
JACWDD010000004.1	23117	24244	+	SAG-MED06_00909	SAG-MED06	375	OG0000615	NA	NA	COG0772	FtsW	Peptodoglycan polymerase FtsW/RodA/SpoVE	SAG-MED06_00912	-3
JACWDD010000004.1	24246	25313	+	SAG-MED06_00910	SAG-MED06	355	OG0000489	K02563	UDP-N-acetylglucosamine--N-acetylmuramyl-(pentapeptide) pyrophosphoryl-undecaprenol N-acetylglucosamine transferase [EC:2.4.1.227]	COG0707	MurG	UDP-N-acetylglucosamine:LPS N-acetylglucosamine transferase	SAG-MED06_00912	-2
JACWDD010000004.1	25303	26697	+	SAG-MED06_00911	SAG-MED06	464	OG0000265	K01924	UDP-N-acetylmuramate--alanine ligase [EC:6.3.2.8]	COG0773	MurC	UDP-N-acetylmuramate-alanine ligase MurC and related ligases, MurC/Mpl family	SAG-MED06_00912	-1
JACWDD010000004.1	26697	27602	+	SAG-MED06_00912	SAG-MED06	301	OG0000330	K00075	UDP-N-acetylmuramate dehydrogenase [EC:1.3.1.98]	COG0812	MurB	UDP-N-acetylenolpyruvoylglucosamine reductase	SAG-MED06_00912	0
JACWDD010000004.1	27604	28518	+	SAG-MED06_00913	SAG-MED06	304	OG0000580	K01921	D-alanine-D-alanine ligase [EC:6.3.2.4]	COG1181	DdlA	D-alanine-D-alanine ligase or related ATP-grasp enzyme	SAG-MED06_00912	1
JACWDD010000004.1	28499	29155	+	SAG-MED06_00914	SAG-MED06	218	OG0000841	K03589	cell division protein FtsQ	COG1589	FtsQ	Cell division septal protein FtsQ	SAG-MED06_00912	2
JACWDD010000004.1	29148	29429	+	SAG-MED06_00915	SAG-MED06	93	OG0000537	NA	NA	NA	NA	NA	SAG-MED06_00912	3
JACWDD010000004.1	29510	29833	+	SAG-MED06_00916	SAG-MED06	107	OG0000537	NA	NA	NA	NA	NA	SAG-MED06_00912	4
JACWDD010000004.1	29898	30818	+	SAG-MED06_00917	SAG-MED06	306	OG0000300	K02535	UDP-3-O-[3-hydroxymyristoyl] N-acetylglucosamine deacetylase [EC:3.5.1.108]	COG0774	LpxC	UDP-3-O-acyl-N-acetylglucosamine deacetylase	SAG-MED06_00912	5
JACWDF010000004.1	65163	66176	+	SAG-MED08_00906	SAG-MED08	337	OG0000817	NA	NA	COG0771	MurD	UDP-N-acetylmuramoylalanine-D-glutamate ligase	SAG-MED08_00911	-5
JACWDF010000004.1	66133	66459	+	SAG-MED08_00907	SAG-MED08	108	OG0000817	NA	NA	COG0771	MurD	UDP-N-acetylmuramoylalanine-D-glutamate ligase	SAG-MED08_00911	-4
JACWDF010000004.1	66449	67570	+	SAG-MED08_00908	SAG-MED08	373	OG0000615	NA	NA	COG0772	FtsW	Peptodoglycan polymerase FtsW/RodA/SpoVE	SAG-MED08_00911	-3
JACWDF010000004.1	67574	68641	+	SAG-MED08_00909	SAG-MED08	355	OG0000489	K02563	UDP-N-acetylglucosamine--N-acetylmuramyl-(pentapeptide) pyrophosphoryl-undecaprenol N-acetylglucosamine transferase [EC:2.4.1.227]	COG0707	MurG	UDP-N-acetylglucosamine:LPS N-acetylglucosamine transferase	SAG-MED08_00911	-2
JACWDF010000004.1	68631	70025	+	SAG-MED08_00910	SAG-MED08	464	OG0000265	K01924	UDP-N-acetylmuramate--alanine ligase [EC:6.3.2.8]	COG0773	MurC	UDP-N-acetylmuramate-alanine ligase MurC and related ligases, MurC/Mpl family	SAG-MED08_00911	-1
JACWDF010000004.1	69995	70930	+	SAG-MED08_00911	SAG-MED08	311	OG0000330	K00075	UDP-N-acetylmuramate dehydrogenase [EC:1.3.1.98]	COG0812	MurB	UDP-N-acetylenolpyruvoylglucosamine reductase	SAG-MED08_00911	0
JACWDF010000004.1	70932	71846	+	SAG-MED08_00912	SAG-MED08	304	OG0000580	K01921	D-alanine-D-alanine ligase [EC:6.3.2.4]	COG1181	DdlA	D-alanine-D-alanine ligase or related ATP-grasp enzyme	SAG-MED08_00911	1
JACWDF010000004.1	71827	72498	+	SAG-MED08_00913	SAG-MED08	223	OG0000841	K03589	cell division protein FtsQ	COG1589	FtsQ	Cell division septal protein FtsQ	SAG-MED08_00911	2
JACWDF010000004.1	72491	73195	+	SAG-MED08_00914	SAG-MED08	234	OG0000537	NA	NA	NA	NA	NA	SAG-MED08_00911	3
JACWDF010000004.1	73260	74180	+	SAG-MED08_00915	SAG-MED08	306	OG0000300	K02535	UDP-3-O-[3-hydroxymyristoyl] N-acetylglucosamine deacetylase [EC:3.5.1.108]	COG0774	LpxC	UDP-3-O-acyl-N-acetylglucosamine deacetylase	SAG-MED08_00911	4
JACWDF010000004.1	74228	75073	+	SAG-MED08_00916	SAG-MED08	281	OG0000470	K05807	outer membrane protein assembly factor BamD	COG4105	BamD	Outer membrane protein assembly factor BamD, BamD/ComL family	SAG-MED08_00911	5
JACWDI010000001.1	309060	309908	-	SAG-MED11_00345	SAG-MED11	282	OG0000470	K05807	outer membrane protein assembly factor BamD	COG4105	BamD	Outer membrane protein assembly factor BamD, BamD/ComL family	SAG-MED11_00350	-5
JACWDI010000001.1	309956	310876	-	SAG-MED11_00346	SAG-MED11	306	OG0000300	K02535	UDP-3-O-[3-hydroxymyristoyl] N-acetylglucosamine deacetylase [EC:3.5.1.108]	COG0774	LpxC	UDP-3-O-acyl-N-acetylglucosamine deacetylase	SAG-MED11_00350	-4
JACWDI010000001.1	310940	311644	-	SAG-MED11_00347	SAG-MED11	234	OG0000537	NA	NA	NA	NA	NA	SAG-MED11_00350	-3
JACWDI010000001.1	311637	312305	-	SAG-MED11_00348	SAG-MED11	222	OG0000841	K03589	cell division protein FtsQ	COG1589	FtsQ	Cell division septal protein FtsQ	SAG-MED11_00350	-2
JACWDI010000001.1	312286	313200	-	SAG-MED11_00349	SAG-MED11	304	OG0000580	K01921	D-alanine-D-alanine ligase [EC:6.3.2.4]	COG1181	DdlA	D-alanine-D-alanine ligase or related ATP-grasp enzyme	SAG-MED11_00350	-1
JACWDI010000001.1	313202	314110	-	SAG-MED11_00350	SAG-MED11	302	OG0000330	K00075	UDP-N-acetylmuramate dehydrogenase [EC:1.3.1.98]	COG0812	MurB	UDP-N-acetylenolpyruvoylglucosamine reductase	SAG-MED11_00350	0
JACWDI010000001.1	314110	315504	-	SAG-MED11_00351	SAG-MED11	464	OG0000265	K01924	UDP-N-acetylmuramate--alanine ligase [EC:6.3.2.8]	COG0773	MurC	UDP-N-acetylmuramate-alanine ligase MurC and related ligases, MurC/Mpl family	SAG-MED11_00350	1
JACWDI010000001.1	315494	316558	-	SAG-MED11_00352	SAG-MED11	354	OG0000489	K02563	UDP-N-acetylglucosamine--N-acetylmuramyl-(pentapeptide) pyrophosphoryl-undecaprenol N-acetylglucosamine transferase [EC:2.4.1.227]	COG0707	MurG	UDP-N-acetylglucosamine:LPS N-acetylglucosamine transferase	SAG-MED11_00350	2
JACWDI010000001.1	316560	317684	-	SAG-MED11_00353	SAG-MED11	374	OG0000615	NA	NA	COG0772	FtsW	Peptodoglycan polymerase FtsW/RodA/SpoVE	SAG-MED11_00350	3
JACWDI010000001.1	317674	318969	-	SAG-MED11_00354	SAG-MED11	431	OG0000817	NA	NA	COG0771	MurD	UDP-N-acetylmuramoylalanine-D-glutamate ligase	SAG-MED11_00350	4
JACWDI010000001.1	318969	320054	-	SAG-MED11_00355	SAG-MED11	361	OG0000019	K01000	phospho-N-acetylmuramoyl-pentapeptide-transferase [EC:2.7.8.13]	COG0472	Rfe	UDP-N-acetylmuramyl pentapeptide phosphotransferase/UDP-N-acetylglucosamine-1-phosphate transferase/archaeal AglH	SAG-MED11_00350	5
JACWDM010000001.1	187	999	+	SAG-MED15_00001	SAG-MED15	270	OG0000265	NA	NA	COG0773	MurC	UDP-N-acetylmuramate-alanine ligase MurC and related ligases, MurC/Mpl family	SAG-MED15_00002	-1
JACWDM010000001.1	996	1130	+	SAG-MED15_00002	SAG-MED15	44	OG0000330	NA	NA	NA	NA	NA	SAG-MED15_00002	0
JACWDM010000001.1	1286	1906	+	SAG-MED15_00003	SAG-MED15	206	OG0000330	K00075	UDP-N-acetylmuramate dehydrogenase [EC:1.3.1.98]	COG0812	MurB	UDP-N-acetylenolpyruvoylglucosamine reductase	SAG-MED15_00002	1
JACWDM010000001.1	1907	2824	+	SAG-MED15_00004	SAG-MED15	305	OG0000580	K01921	D-alanine-D-alanine ligase [EC:6.3.2.4]	COG1181	DdlA	D-alanine-D-alanine ligase or related ATP-grasp enzyme	SAG-MED15_00002	2
JACWDM010000001.1	2802	3470	+	SAG-MED15_00005	SAG-MED15	222	OG0000841	K03589	cell division protein FtsQ	COG1589	FtsQ	Cell division septal protein FtsQ	SAG-MED15_00002	3
JACWDM010000001.1	3463	4161	+	SAG-MED15_00006	SAG-MED15	232	OG0000537	NA	NA	COG0849	FtsA	Cell division ATPase FtsA	SAG-MED15_00002	4
JACWDM010000001.1	4223	5143	+	SAG-MED15_00007	SAG-MED15	306	OG0000300	K02535	UDP-3-O-[3-hydroxymyristoyl] N-acetylglucosamine deacetylase [EC:3.5.1.108]	COG0774	LpxC	UDP-3-O-acyl-N-acetylglucosamine deacetylase	SAG-MED15_00002	5
JACWDM010000001.1	187	999	+	SAG-MED15_00001	SAG-MED15	270	OG0000265	NA	NA	COG0773	MurC	UDP-N-acetylmuramate-alanine ligase MurC and related ligases, MurC/Mpl family	SAG-MED15_00003	-2
JACWDM010000001.1	996	1130	+	SAG-MED15_00002	SAG-MED15	44	OG0000330	NA	NA	NA	NA	NA	SAG-MED15_00003	-1
JACWDM010000001.1	1286	1906	+	SAG-MED15_00003	SAG-MED15	206	OG0000330	K00075	UDP-N-acetylmuramate dehydrogenase [EC:1.3.1.98]	COG0812	MurB	UDP-N-acetylenolpyruvoylglucosamine reductase	SAG-MED15_00003	0
JACWDM010000001.1	1907	2824	+	SAG-MED15_00004	SAG-MED15	305	OG0000580	K01921	D-alanine-D-alanine ligase [EC:6.3.2.4]	COG1181	DdlA	D-alanine-D-alanine ligase or related ATP-grasp enzyme	SAG-MED15_00003	1
JACWDM010000001.1	2802	3470	+	SAG-MED15_00005	SAG-MED15	222	OG0000841	K03589	cell division protein FtsQ	COG1589	FtsQ	Cell division septal protein FtsQ	SAG-MED15_00003	2
JACWDM010000001.1	3463	4161	+	SAG-MED15_00006	SAG-MED15	232	OG0000537	NA	NA	COG0849	FtsA	Cell division ATPase FtsA	SAG-MED15_00003	3
JACWDM010000001.1	4223	5143	+	SAG-MED15_00007	SAG-MED15	306	OG0000300	K02535	UDP-3-O-[3-hydroxymyristoyl] N-acetylglucosamine deacetylase [EC:3.5.1.108]	COG0774	LpxC	UDP-3-O-acyl-N-acetylglucosamine deacetylase	SAG-MED15_00003	4
JACWDM010000001.1	5184	6020	+	SAG-MED15_00008	SAG-MED15	278	OG0000470	K05807	outer membrane protein assembly factor BamD	COG4105	BamD	Outer membrane protein assembly factor BamD, BamD/ComL family	SAG-MED15_00003	5
JACWDT010000003.1	12408	12986	-	SAG-MED22_00790	SAG-MED22	192	OG0000470	K05807	outer membrane protein assembly factor BamD	COG4105	BamD	Outer membrane protein assembly factor BamD, BamD/ComL family	SAG-MED22_00795	-5
JACWDT010000003.1	13034	13954	-	SAG-MED22_00791	SAG-MED22	306	OG0000300	K02535	UDP-3-O-[3-hydroxymyristoyl] N-acetylglucosamine deacetylase [EC:3.5.1.108]	COG0774	LpxC	UDP-3-O-acyl-N-acetylglucosamine deacetylase	SAG-MED22_00795	-4
JACWDT010000003.1	14019	14723	-	SAG-MED22_00792	SAG-MED22	234	OG0000537	NA	NA	NA	NA	NA	SAG-MED22_00795	-3
JACWDT010000003.1	14716	15387	-	SAG-MED22_00793	SAG-MED22	223	OG0000841	K03589	cell division protein FtsQ	COG1589	FtsQ	Cell division septal protein FtsQ	SAG-MED22_00795	-2
JACWDT010000003.1	15368	16282	-	SAG-MED22_00794	SAG-MED22	304	OG0000580	K01921	D-alanine-D-alanine ligase [EC:6.3.2.4]	COG1181	DdlA	D-alanine-D-alanine ligase or related ATP-grasp enzyme	SAG-MED22_00795	-1
JACWDT010000003.1	16284	17189	-	SAG-MED22_00795	SAG-MED22	301	OG0000330	K00075	UDP-N-acetylmuramate dehydrogenase [EC:1.3.1.98]	COG0812	MurB	UDP-N-acetylenolpyruvoylglucosamine reductase	SAG-MED22_00795	0
JACWDT010000003.1	17189	18583	-	SAG-MED22_00796	SAG-MED22	464	OG0000265	K01924	UDP-N-acetylmuramate--alanine ligase [EC:6.3.2.8]	COG0773	MurC	UDP-N-acetylmuramate-alanine ligase MurC and related ligases, MurC/Mpl family	SAG-MED22_00795	1
JACWDT010000003.1	18573	19640	-	SAG-MED22_00797	SAG-MED22	355	OG0000489	K02563	UDP-N-acetylglucosamine--N-acetylmuramyl-(pentapeptide) pyrophosphoryl-undecaprenol N-acetylglucosamine transferase [EC:2.4.1.227]	COG0707	MurG	UDP-N-acetylglucosamine:LPS N-acetylglucosamine transferase	SAG-MED22_00795	2
JACWDT010000003.1	19644	20765	-	SAG-MED22_00798	SAG-MED22	373	OG0000615	NA	NA	COG0772	FtsW	Peptodoglycan polymerase FtsW/RodA/SpoVE	SAG-MED22_00795	3
JACWDT010000003.1	20755	22050	-	SAG-MED22_00799	SAG-MED22	431	OG0000817	NA	NA	COG0771	MurD	UDP-N-acetylmuramoylalanine-D-glutamate ligase	SAG-MED22_00795	4
JACWDT010000003.1	22050	23135	-	SAG-MED22_00800	SAG-MED22	361	OG0000019	K01000	phospho-N-acetylmuramoyl-pentapeptide-transferase [EC:2.7.8.13]	COG0472	Rfe	UDP-N-acetylmuramyl pentapeptide phosphotransferase/UDP-N-acetylglucosamine-1-phosphate transferase/archaeal AglH	SAG-MED22_00795	5
JACWDY010000009.1	18354	19172	-	SAG-MED28_01083	SAG-MED28	272	OG0000470	K05807	outer membrane protein assembly factor BamD	COG4105	BamD	Outer membrane protein assembly factor BamD, BamD/ComL family	SAG-MED28_01088	-5
JACWDY010000009.1	19227	20153	-	SAG-MED28_01084	SAG-MED28	308	OG0000300	K02535	UDP-3-O-[3-hydroxymyristoyl] N-acetylglucosamine deacetylase [EC:3.5.1.108]	COG0774	LpxC	UDP-3-O-acyl-N-acetylglucosamine deacetylase	SAG-MED28_01088	-4
JACWDY010000009.1	20220	21416	-	SAG-MED28_01085	SAG-MED28	398	OG0000537	NA	NA	NA	NA	NA	SAG-MED28_01088	-3
JACWDY010000009.1	21419	22075	-	SAG-MED28_01086	SAG-MED28	218	OG0000841	K03589	cell division protein FtsQ	COG1589	FtsQ	Cell division septal protein FtsQ	SAG-MED28_01088	-2
JACWDY010000009.1	22072	22983	-	SAG-MED28_01087	SAG-MED28	303	OG0000580	K01921	D-alanine-D-alanine ligase [EC:6.3.2.4]	COG1181	DdlA	D-alanine-D-alanine ligase or related ATP-grasp enzyme	SAG-MED28_01088	-1
JACWDY010000009.1	23000	23908	-	SAG-MED28_01088	SAG-MED28	302	OG0000330	K00075	UDP-N-acetylmuramate dehydrogenase [EC:1.3.1.98]	COG0812	MurB	UDP-N-acetylenolpyruvoylglucosamine reductase	SAG-MED28_01088	0
JACWDY010000009.1	23905	25302	-	SAG-MED28_01089	SAG-MED28	465	OG0000265	K01924	UDP-N-acetylmuramate--alanine ligase [EC:6.3.2.8]	COG0773	MurC	UDP-N-acetylmuramate-alanine ligase MurC and related ligases, MurC/Mpl family	SAG-MED28_01088	1
JACWDY010000009.1	25289	26383	-	SAG-MED28_01090	SAG-MED28	364	OG0000489	K02563	UDP-N-acetylglucosamine--N-acetylmuramyl-(pentapeptide) pyrophosphoryl-undecaprenol N-acetylglucosamine transferase [EC:2.4.1.227]	COG0707	MurG	UDP-N-acetylglucosamine:LPS N-acetylglucosamine transferase	SAG-MED28_01088	2
JACWDY010000009.1	26376	27503	-	SAG-MED28_01091	SAG-MED28	375	OG0000615	NA	NA	COG0772	FtsW	Peptodoglycan polymerase FtsW/RodA/SpoVE	SAG-MED28_01088	3
JACWDY010000009.1	27484	28761	-	SAG-MED28_01092	SAG-MED28	425	OG0000817	NA	NA	COG0771	MurD	UDP-N-acetylmuramoylalanine-D-glutamate ligase	SAG-MED28_01088	4
JACWDY010000009.1	28765	29850	-	SAG-MED28_01093	SAG-MED28	361	OG0000019	K01000	phospho-N-acetylmuramoyl-pentapeptide-transferase [EC:2.7.8.13]	COG0472	Rfe	UDP-N-acetylmuramyl pentapeptide phosphotransferase/UDP-N-acetylglucosamine-1-phosphate transferase/archaeal AglH	SAG-MED28_01088	5
JACWEO010000002.1	23775	24860	+	SAG-MED47_00492	SAG-MED47	361	OG0000019	K01000	phospho-N-acetylmuramoyl-pentapeptide-transferase [EC:2.7.8.13]	COG0472	Rfe	UDP-N-acetylmuramyl pentapeptide phosphotransferase/UDP-N-acetylglucosamine-1-phosphate transferase/archaeal AglH	SAG-MED47_00497	-5
JACWEO010000002.1	24870	26159	+	SAG-MED47_00493	SAG-MED47	429	OG0000817	NA	NA	COG0771	MurD	UDP-N-acetylmuramoylalanine-D-glutamate ligase	SAG-MED47_00497	-4
JACWEO010000002.1	26149	27273	+	SAG-MED47_00494	SAG-MED47	374	OG0000615	NA	NA	COG0772	FtsW	Peptodoglycan polymerase FtsW/RodA/SpoVE	SAG-MED47_00497	-3
JACWEO010000002.1	27275	28339	+	SAG-MED47_00495	SAG-MED47	354	OG0000489	K02563	UDP-N-acetylglucosamine--N-acetylmuramyl-(pentapeptide) pyrophosphoryl-undecaprenol N-acetylglucosamine transferase [EC:2.4.1.227]	COG0707	MurG	UDP-N-acetylglucosamine:LPS N-acetylglucosamine transferase	SAG-MED47_00497	-2
JACWEO010000002.1	28329	29723	+	SAG-MED47_00496	SAG-MED47	464	OG0000265	K01924	UDP-N-acetylmuramate--alanine ligase [EC:6.3.2.8]	COG0773	MurC	UDP-N-acetylmuramate-alanine ligase MurC and related ligases, MurC/Mpl family	SAG-MED47_00497	-1
JACWEO010000002.1	29723	30631	+	SAG-MED47_00497	SAG-MED47	302	OG0000330	K00075	UDP-N-acetylmuramate dehydrogenase [EC:1.3.1.98]	COG0812	MurB	UDP-N-acetylenolpyruvoylglucosamine reductase	SAG-MED47_00497	0
JACWEO010000002.1	30633	31547	+	SAG-MED47_00498	SAG-MED47	304	OG0000580	K01921	D-alanine-D-alanine ligase [EC:6.3.2.4]	COG1181	DdlA	D-alanine-D-alanine ligase or related ATP-grasp enzyme	SAG-MED47_00497	1
JACWEO010000002.1	31528	32199	+	SAG-MED47_00499	SAG-MED47	223	OG0000841	K03589	cell division protein FtsQ	COG1589	FtsQ	Cell division septal protein FtsQ	SAG-MED47_00497	2
JACWEO010000002.1	32192	32893	+	SAG-MED47_00500	SAG-MED47	233	OG0000537	NA	NA	NA	NA	NA	SAG-MED47_00497	3
JACWEO010000002.1	32958	33878	+	SAG-MED47_00501	SAG-MED47	306	OG0000300	K02535	UDP-3-O-[3-hydroxymyristoyl] N-acetylglucosamine deacetylase [EC:3.5.1.108]	COG0774	LpxC	UDP-3-O-acyl-N-acetylglucosamine deacetylase	SAG-MED47_00497	4
JACWEO010000002.1	33907	34740	+	SAG-MED47_00502	SAG-MED47	277	OG0000470	K05807	outer membrane protein assembly factor BamD	COG4105	BamD	Outer membrane protein assembly factor BamD, BamD/ComL family	SAG-MED47_00497	5
JACWEQ010000011.1	31194	32279	+	SAG-MED49_00309	SAG-MED49	361	OG0000019	K01000	phospho-N-acetylmuramoyl-pentapeptide-transferase [EC:2.7.8.13]	COG0472	Rfe	UDP-N-acetylmuramyl pentapeptide phosphotransferase/UDP-N-acetylglucosamine-1-phosphate transferase/archaeal AglH	SAG-MED49_00314	-5
JACWEQ010000011.1	32279	33580	+	SAG-MED49_00310	SAG-MED49	433	OG0000817	NA	NA	COG0771	MurD	UDP-N-acetylmuramoylalanine-D-glutamate ligase	SAG-MED49_00314	-4
JACWEQ010000011.1	33570	34703	+	SAG-MED49_00311	SAG-MED49	377	OG0000615	NA	NA	COG0772	FtsW	Peptodoglycan polymerase FtsW/RodA/SpoVE	SAG-MED49_00314	-3
JACWEQ010000011.1	34700	35767	+	SAG-MED49_00312	SAG-MED49	355	OG0000489	K02563	UDP-N-acetylglucosamine--N-acetylmuramyl-(pentapeptide) pyrophosphoryl-undecaprenol N-acetylglucosamine transferase [EC:2.4.1.227]	COG0707	MurG	UDP-N-acetylglucosamine:LPS N-acetylglucosamine transferase	SAG-MED49_00314	-2
JACWEQ010000011.1	35757	37151	+	SAG-MED49_00313	SAG-MED49	464	OG0000265	K01924	UDP-N-acetylmuramate--alanine ligase [EC:6.3.2.8]	COG0773	MurC	UDP-N-acetylmuramate-alanine ligase MurC and related ligases, MurC/Mpl family	SAG-MED49_00314	-1
JACWEQ010000011.1	37151	38050	+	SAG-MED49_00314	SAG-MED49	299	OG0000330	K00075	UDP-N-acetylmuramate dehydrogenase [EC:1.3.1.98]	COG0812	MurB	UDP-N-acetylenolpyruvoylglucosamine reductase	SAG-MED49_00314	0
JACWEQ010000011.1	38052	38966	+	SAG-MED49_00315	SAG-MED49	304	OG0000580	K01921	D-alanine-D-alanine ligase [EC:6.3.2.4]	COG1181	DdlA	D-alanine-D-alanine ligase or related ATP-grasp enzyme	SAG-MED49_00314	1
JACWEQ010000011.1	38947	39618	+	SAG-MED49_00316	SAG-MED49	223	OG0000841	K03589	cell division protein FtsQ	COG1589	FtsQ	Cell division septal protein FtsQ	SAG-MED49_00314	2
JACWEQ010000011.1	39611	40312	+	SAG-MED49_00317	SAG-MED49	233	OG0000537	NA	NA	NA	NA	NA	SAG-MED49_00314	3
JACWEQ010000011.1	40377	41297	+	SAG-MED49_00318	SAG-MED49	306	OG0000300	K02535	UDP-3-O-[3-hydroxymyristoyl] N-acetylglucosamine deacetylase [EC:3.5.1.108]	COG0774	LpxC	UDP-3-O-acyl-N-acetylglucosamine deacetylase	SAG-MED49_00314	4
JACWEQ010000011.1	41353	42201	+	SAG-MED49_00319	SAG-MED49	282	OG0000470	K05807	outer membrane protein assembly factor BamD	COG4105	BamD	Outer membrane protein assembly factor BamD, BamD/ComL family	SAG-MED49_00314	5
JACWER010000008.1	17667	18752	+	SAG-MED50_01255	SAG-MED50	361	OG0000019	K01000	phospho-N-acetylmuramoyl-pentapeptide-transferase [EC:2.7.8.13]	COG0472	Rfe	UDP-N-acetylmuramyl pentapeptide phosphotransferase/UDP-N-acetylglucosamine-1-phosphate transferase/archaeal AglH	SAG-MED50_01260	-5
JACWER010000008.1	18752	20053	+	SAG-MED50_01256	SAG-MED50	433	OG0000817	NA	NA	COG0771	MurD	UDP-N-acetylmuramoylalanine-D-glutamate ligase	SAG-MED50_01260	-4
JACWER010000008.1	20043	21170	+	SAG-MED50_01257	SAG-MED50	375	OG0000615	NA	NA	COG0772	FtsW	Peptodoglycan polymerase FtsW/RodA/SpoVE	SAG-MED50_01260	-3
JACWER010000008.1	21172	22239	+	SAG-MED50_01258	SAG-MED50	355	OG0000489	K02563	UDP-N-acetylglucosamine--N-acetylmuramyl-(pentapeptide) pyrophosphoryl-undecaprenol N-acetylglucosamine transferase [EC:2.4.1.227]	COG0707	MurG	UDP-N-acetylglucosamine:LPS N-acetylglucosamine transferase	SAG-MED50_01260	-2
JACWER010000008.1	22229	23623	+	SAG-MED50_01259	SAG-MED50	464	OG0000265	K01924	UDP-N-acetylmuramate--alanine ligase [EC:6.3.2.8]	COG0773	MurC	UDP-N-acetylmuramate-alanine ligase MurC and related ligases, MurC/Mpl family	SAG-MED50_01260	-1
JACWER010000008.1	23623	24528	+	SAG-MED50_01260	SAG-MED50	301	OG0000330	K00075	UDP-N-acetylmuramate dehydrogenase [EC:1.3.1.98]	COG0812	MurB	UDP-N-acetylenolpyruvoylglucosamine reductase	SAG-MED50_01260	0
JACWER010000008.1	24530	25444	+	SAG-MED50_01261	SAG-MED50	304	OG0000580	K01921	D-alanine-D-alanine ligase [EC:6.3.2.4]	COG1181	DdlA	D-alanine-D-alanine ligase or related ATP-grasp enzyme	SAG-MED50_01260	1
JACWER010000008.1	25425	26081	+	SAG-MED50_01262	SAG-MED50	218	OG0000841	K03589	cell division protein FtsQ	COG1589	FtsQ	Cell division septal protein FtsQ	SAG-MED50_01260	2
JACWER010000008.1	26074	26760	+	SAG-MED50_01263	SAG-MED50	228	OG0000537	NA	NA	NA	NA	NA	SAG-MED50_01260	3
JACWER010000008.1	26825	27745	+	SAG-MED50_01264	SAG-MED50	306	OG0000300	K02535	UDP-3-O-[3-hydroxymyristoyl] N-acetylglucosamine deacetylase [EC:3.5.1.108]	COG0774	LpxC	UDP-3-O-acyl-N-acetylglucosamine deacetylase	SAG-MED50_01260	4
JACWER010000008.1	27792	28631	+	SAG-MED50_01265	SAG-MED50	279	OG0000470	K05807	outer membrane protein assembly factor BamD	COG4105	BamD	Outer membrane protein assembly factor BamD, BamD/ComL family	SAG-MED50_01260	5
PBKK01000003.1	64366	65454	+	SP27_00486	SP27	362	OG0000019	K01000	phospho-N-acetylmuramoyl-pentapeptide-transferase [EC:2.7.8.13]	COG0472	Rfe	UDP-N-acetylmuramyl pentapeptide phosphotransferase/UDP-N-acetylglucosamine-1-phosphate transferase/archaeal AglH	SP27_00491	-5
PBKK01000003.1	65455	66654	+	SP27_00487	SP27	399	OG0000817	NA	NA	COG0771	MurD	UDP-N-acetylmuramoylalanine-D-glutamate ligase	SP27_00491	-4
PBKK01000003.1	66632	67741	+	SP27_00488	SP27	369	OG0000615	NA	NA	COG0772	FtsW	Peptodoglycan polymerase FtsW/RodA/SpoVE	SP27_00491	-3
PBKK01000003.1	67741	68856	+	SP27_00489	SP27	371	OG0000489	K02563	UDP-N-acetylglucosamine--N-acetylmuramyl-(pentapeptide) pyrophosphoryl-undecaprenol N-acetylglucosamine transferase [EC:2.4.1.227]	COG0707	MurG	UDP-N-acetylglucosamine:LPS N-acetylglucosamine transferase	SP27_00491	-2
PBKK01000003.1	68840	70231	+	SP27_00490	SP27	463	OG0000265	K01924	UDP-N-acetylmuramate--alanine ligase [EC:6.3.2.8]	COG0773	MurC	UDP-N-acetylmuramate-alanine ligase MurC and related ligases, MurC/Mpl family	SP27_00491	-1
PBKK01000003.1	70237	71097	+	SP27_00491	SP27	286	OG0000330	K00075	UDP-N-acetylmuramate dehydrogenase [EC:1.3.1.98]	COG0812	MurB	UDP-N-acetylenolpyruvoylglucosamine reductase	SP27_00491	0
PBKK01000003.1	71117	72001	+	SP27_00492	SP27	294	OG0000580	K01921	D-alanine-D-alanine ligase [EC:6.3.2.4]	COG1181	DdlA	D-alanine-D-alanine ligase or related ATP-grasp enzyme	SP27_00491	1
PBKK01000003.1	71982	72659	+	SP27_00493	SP27	225	OG0000841	K03589	cell division protein FtsQ	COG1589	FtsQ	Cell division septal protein FtsQ	SP27_00491	2
PBKK01000003.1	72656	73861	+	SP27_00494	SP27	401	OG0000537	K03590	cell division protein FtsA	COG0849	FtsA	Cell division ATPase FtsA	SP27_00491	3
PBKK01000003.1	73917	74819	+	SP27_00495	SP27	300	OG0000300	K02535	UDP-3-O-[3-hydroxymyristoyl] N-acetylglucosamine deacetylase [EC:3.5.1.108]	COG0774	LpxC	UDP-3-O-acyl-N-acetylglucosamine deacetylase	SP27_00491	4
PBKK01000003.1	74843	75688	+	SP27_00496	SP27	281	OG0000470	K05807	outer membrane protein assembly factor BamD	COG4105	BamD	Outer membrane protein assembly factor BamD, BamD/ComL family	SP27_00491	5
CP159810.1	994811	995659	-	Uisw_090_01116	Uisw_090	282	OG0000470	K05807	outer membrane protein assembly factor BamD	COG4105	BamD	Outer membrane protein assembly factor BamD, BamD/ComL family	Uisw_090_01121	-5
CP159810.1	995698	996618	-	Uisw_090_01117	Uisw_090	306	OG0000300	K02535	UDP-3-O-[3-hydroxymyristoyl] N-acetylglucosamine deacetylase [EC:3.5.1.108]	COG0774	LpxC	UDP-3-O-acyl-N-acetylglucosamine deacetylase	Uisw_090_01121	-4
CP159810.1	996683	997792	-	Uisw_090_01118	Uisw_090	369	OG0000537	K03590	cell division protein FtsA	COG0849	FtsA	Cell division ATPase FtsA	Uisw_090_01121	-3
CP159810.1	997792	998466	-	Uisw_090_01119	Uisw_090	224	OG0000841	K03589	cell division protein FtsQ	COG1589	FtsQ	Cell division septal protein FtsQ	Uisw_090_01121	-2
CP159810.1	998447	999361	-	Uisw_090_01120	Uisw_090	304	OG0000580	K01921	D-alanine-D-alanine ligase [EC:6.3.2.4]	COG1181	DdlA	D-alanine-D-alanine ligase or related ATP-grasp enzyme	Uisw_090_01121	-1
CP159810.1	999364	1000302	-	Uisw_090_01121	Uisw_090	312	OG0000330	K00075	UDP-N-acetylmuramate dehydrogenase [EC:1.3.1.98]	COG0812	MurB	UDP-N-acetylenolpyruvoylglucosamine reductase	Uisw_090_01121	0
CP159810.1	1000272	1001102	-	Uisw_090_01122	Uisw_090	276	OG0000265	NA	NA	COG0773	MurC	UDP-N-acetylmuramate-alanine ligase MurC and related ligases, MurC/Mpl family	Uisw_090_01121	1
CP159810.1	1001173	1001667	-	Uisw_090_01123	Uisw_090	164	OG0000265	NA	NA	COG0773	MurC	UDP-N-acetylmuramate-alanine ligase MurC and related ligases, MurC/Mpl family	Uisw_090_01121	2
CP159810.1	1001648	1002727	-	Uisw_090_01124	Uisw_090	359	OG0000489	K02563	UDP-N-acetylglucosamine--N-acetylmuramyl-(pentapeptide) pyrophosphoryl-undecaprenol N-acetylglucosamine transferase [EC:2.4.1.227]	COG0707	MurG	UDP-N-acetylglucosamine:LPS N-acetylglucosamine transferase	Uisw_090_01121	3
CP159810.1	1002728	1003852	-	Uisw_090_01125	Uisw_090	374	OG0000615	NA	NA	COG0772	FtsW	Peptodoglycan polymerase FtsW/RodA/SpoVE	Uisw_090_01121	4
CP159810.1	1003845	1005116	-	Uisw_090_01126	Uisw_090	423	OG0000817	NA	NA	COG0771	MurD	UDP-N-acetylmuramoylalanine-D-glutamate ligase	Uisw_090_01121	5
CP159824.1	224272	225336	+	Uisw_092_00243	Uisw_092	354	OG0000817	NA	NA	COG0771	MurD	UDP-N-acetylmuramoylalanine-D-glutamate ligase	Uisw_092_00248	-5
CP159824.1	225329	226453	+	Uisw_092_00244	Uisw_092	374	OG0000615	NA	NA	COG0772	FtsW	Peptodoglycan polymerase FtsW/RodA/SpoVE	Uisw_092_00248	-4
CP159824.1	226454	226705	+	Uisw_092_00245	Uisw_092	83	OG0000489	NA	NA	COG0707	MurG	UDP-N-acetylglucosamine:LPS N-acetylglucosamine transferase	Uisw_092_00248	-3
CP159824.1	226702	227538	+	Uisw_092_00246	Uisw_092	278	OG0000489	K02563	UDP-N-acetylglucosamine--N-acetylmuramyl-(pentapeptide) pyrophosphoryl-undecaprenol N-acetylglucosamine transferase [EC:2.4.1.227]	COG0707	MurG	UDP-N-acetylglucosamine:LPS N-acetylglucosamine transferase	Uisw_092_00248	-2
CP159824.1	227513	228907	+	Uisw_092_00247	Uisw_092	464	OG0000265	K01924	UDP-N-acetylmuramate--alanine ligase [EC:6.3.2.8]	COG0773	MurC	UDP-N-acetylmuramate-alanine ligase MurC and related ligases, MurC/Mpl family	Uisw_092_00248	-1
CP159824.1	228907	229788	+	Uisw_092_00248	Uisw_092	293	OG0000330	K00075	UDP-N-acetylmuramate dehydrogenase [EC:1.3.1.98]	COG0812	MurB	UDP-N-acetylenolpyruvoylglucosamine reductase	Uisw_092_00248	0
CP159824.1	229816	230730	+	Uisw_092_00249	Uisw_092	304	OG0000580	K01921	D-alanine-D-alanine ligase [EC:6.3.2.4]	COG1181	DdlA	D-alanine-D-alanine ligase or related ATP-grasp enzyme	Uisw_092_00248	1
CP159824.1	230711	231388	+	Uisw_092_00250	Uisw_092	225	OG0000841	K03589	cell division protein FtsQ	COG1589	FtsQ	Cell division septal protein FtsQ	Uisw_092_00248	2
CP159824.1	231388	232497	+	Uisw_092_00251	Uisw_092	369	OG0000537	K03590	cell division protein FtsA	COG0849	FtsA	Cell division ATPase FtsA	Uisw_092_00248	3
CP159824.1	232562	233482	+	Uisw_092_00252	Uisw_092	306	OG0000300	K02535	UDP-3-O-[3-hydroxymyristoyl] N-acetylglucosamine deacetylase [EC:3.5.1.108]	COG0774	LpxC	UDP-3-O-acyl-N-acetylglucosamine deacetylase	Uisw_092_00248	4
CP159824.1	233520	234347	+	Uisw_092_00253	Uisw_092	275	OG0000470	K05807	outer membrane protein assembly factor BamD	COG4105	BamD	Outer membrane protein assembly factor BamD, BamD/ComL family	Uisw_092_00248	5
CP159823.1	1018310	1019158	-	Uisw_094_01136	Uisw_094	282	OG0000470	K05807	outer membrane protein assembly factor BamD	COG4105	BamD	Outer membrane protein assembly factor BamD, BamD/ComL family	Uisw_094_01141	-5
CP159823.1	1019197	1020117	-	Uisw_094_01137	Uisw_094	306	OG0000300	K02535	UDP-3-O-[3-hydroxymyristoyl] N-acetylglucosamine deacetylase [EC:3.5.1.108]	COG0774	LpxC	UDP-3-O-acyl-N-acetylglucosamine deacetylase	Uisw_094_01141	-4
CP159823.1	1020183	1021292	-	Uisw_094_01138	Uisw_094	369	OG0000537	K03590	cell division protein FtsA	COG0849	FtsA	Cell division ATPase FtsA	Uisw_094_01141	-3
CP159823.1	1021292	1021969	-	Uisw_094_01139	Uisw_094	225	OG0000841	K03589	cell division protein FtsQ	COG1589	FtsQ	Cell division septal protein FtsQ	Uisw_094_01141	-2
CP159823.1	1021950	1022864	-	Uisw_094_01140	Uisw_094	304	OG0000580	K01921	D-alanine-D-alanine ligase [EC:6.3.2.4]	COG1181	DdlA	D-alanine-D-alanine ligase or related ATP-grasp enzyme	Uisw_094_01141	-1
CP159823.1	1022866	1023804	-	Uisw_094_01141	Uisw_094	312	OG0000330	K00075	UDP-N-acetylmuramate dehydrogenase [EC:1.3.1.98]	COG0812	MurB	UDP-N-acetylenolpyruvoylglucosamine reductase	Uisw_094_01141	0
CP159823.1	1023771	1025168	-	Uisw_094_01142	Uisw_094	465	OG0000265	K01924	UDP-N-acetylmuramate--alanine ligase [EC:6.3.2.8]	COG0773	MurC	UDP-N-acetylmuramate-alanine ligase MurC and related ligases, MurC/Mpl family	Uisw_094_01141	1
CP159823.1	1025158	1026228	-	Uisw_094_01143	Uisw_094	356	OG0000489	K02563	UDP-N-acetylglucosamine--N-acetylmuramyl-(pentapeptide) pyrophosphoryl-undecaprenol N-acetylglucosamine transferase [EC:2.4.1.227]	COG0707	MurG	UDP-N-acetylglucosamine:LPS N-acetylglucosamine transferase	Uisw_094_01141	2
CP159823.1	1026229	1027017	-	Uisw_094_01144	Uisw_094	262	OG0000615	NA	NA	COG0772	FtsW	Peptodoglycan polymerase FtsW/RodA/SpoVE	Uisw_094_01141	3
CP159823.1	1026969	1027352	-	Uisw_094_01145	Uisw_094	127	OG0000615	NA	NA	COG0772	FtsW	Peptodoglycan polymerase FtsW/RodA/SpoVE	Uisw_094_01141	4
CP159823.1	1027349	1028647	-	Uisw_094_01146	Uisw_094	432	OG0000817	NA	NA	COG0771	MurD	UDP-N-acetylmuramoylalanine-D-glutamate ligase	Uisw_094_01141	5
CP159822.1	894852	895688	-	Uisw_099_02_00991	Uisw_099_02	278	OG0000470	K05807	outer membrane protein assembly factor BamD	COG4105	BamD	Outer membrane protein assembly factor BamD, BamD/ComL family	Uisw_099_02_00996	-5
CP159822.1	895730	896650	-	Uisw_099_02_00992	Uisw_099_02	306	OG0000300	K02535	UDP-3-O-[3-hydroxymyristoyl] N-acetylglucosamine deacetylase [EC:3.5.1.108]	COG0774	LpxC	UDP-3-O-acyl-N-acetylglucosamine deacetylase	Uisw_099_02_00996	-4
CP159822.1	896715	897830	-	Uisw_099_02_00993	Uisw_099_02	371	OG0000537	K03590	cell division protein FtsA	COG0849	FtsA	Cell division ATPase FtsA	Uisw_099_02_00996	-3
CP159822.1	897859	898506	-	Uisw_099_02_00994	Uisw_099_02	215	OG0000841	K03589	cell division protein FtsQ	COG1589	FtsQ	Cell division septal protein FtsQ	Uisw_099_02_00996	-2
CP159822.1	898487	899401	-	Uisw_099_02_00995	Uisw_099_02	304	OG0000580	K01921	D-alanine-D-alanine ligase [EC:6.3.2.4]	COG1181	DdlA	D-alanine-D-alanine ligase or related ATP-grasp enzyme	Uisw_099_02_00996	-1
CP159822.1	899404	900312	-	Uisw_099_02_00996	Uisw_099_02	302	OG0000330	K00075	UDP-N-acetylmuramate dehydrogenase [EC:1.3.1.98]	COG0812	MurB	UDP-N-acetylenolpyruvoylglucosamine reductase	Uisw_099_02_00996	0
CP159822.1	900312	901706	-	Uisw_099_02_00997	Uisw_099_02	464	OG0000265	K01924	UDP-N-acetylmuramate--alanine ligase [EC:6.3.2.8]	COG0773	MurC	UDP-N-acetylmuramate-alanine ligase MurC and related ligases, MurC/Mpl family	Uisw_099_02_00996	1
CP159822.1	901687	902766	-	Uisw_099_02_00998	Uisw_099_02	359	OG0000489	K02563	UDP-N-acetylglucosamine--N-acetylmuramyl-(pentapeptide) pyrophosphoryl-undecaprenol N-acetylglucosamine transferase [EC:2.4.1.227]	COG0707	MurG	UDP-N-acetylglucosamine:LPS N-acetylglucosamine transferase	Uisw_099_02_00996	2
CP159822.1	902767	903891	-	Uisw_099_02_00999	Uisw_099_02	374	OG0000615	NA	NA	COG0772	FtsW	Peptodoglycan polymerase FtsW/RodA/SpoVE	Uisw_099_02_00996	3
CP159822.1	903884	905155	-	Uisw_099_02_01000	Uisw_099_02	423	OG0000817	NA	NA	COG0771	MurD	UDP-N-acetylmuramoylalanine-D-glutamate ligase	Uisw_099_02_00996	4
CP159822.1	905155	906240	-	Uisw_099_02_01001	Uisw_099_02	361	OG0000019	K01000	phospho-N-acetylmuramoyl-pentapeptide-transferase [EC:2.7.8.13]	COG0472	Rfe	UDP-N-acetylmuramyl pentapeptide phosphotransferase/UDP-N-acetylglucosamine-1-phosphate transferase/archaeal AglH	Uisw_099_02_00996	5
CP159821.1	1076804	1077652	-	Uisw_101_01167	Uisw_101	282	OG0000470	K05807	outer membrane protein assembly factor BamD	COG4105	BamD	Outer membrane protein assembly factor BamD, BamD/ComL family	Uisw_101_01172	-5
CP159821.1	1077691	1078611	-	Uisw_101_01168	Uisw_101	306	OG0000300	K02535	UDP-3-O-[3-hydroxymyristoyl] N-acetylglucosamine deacetylase [EC:3.5.1.108]	COG0774	LpxC	UDP-3-O-acyl-N-acetylglucosamine deacetylase	Uisw_101_01172	-4
CP159821.1	1078677	1079786	-	Uisw_101_01169	Uisw_101	369	OG0000537	K03590	cell division protein FtsA	COG0849	FtsA	Cell division ATPase FtsA	Uisw_101_01172	-3
CP159821.1	1079786	1080463	-	Uisw_101_01170	Uisw_101	225	OG0000841	K03589	cell division protein FtsQ	COG1589	FtsQ	Cell division septal protein FtsQ	Uisw_101_01172	-2
CP159821.1	1080444	1081358	-	Uisw_101_01171	Uisw_101	304	OG0000580	K01921	D-alanine-D-alanine ligase [EC:6.3.2.4]	COG1181	DdlA	D-alanine-D-alanine ligase or related ATP-grasp enzyme	Uisw_101_01172	-1
CP159821.1	1081360	1082298	-	Uisw_101_01172	Uisw_101	312	OG0000330	K00075	UDP-N-acetylmuramate dehydrogenase [EC:1.3.1.98]	COG0812	MurB	UDP-N-acetylenolpyruvoylglucosamine reductase	Uisw_101_01172	0
CP159821.1	1082268	1083662	-	Uisw_101_01173	Uisw_101	464	OG0000265	K01924	UDP-N-acetylmuramate--alanine ligase [EC:6.3.2.8]	COG0773	MurC	UDP-N-acetylmuramate-alanine ligase MurC and related ligases, MurC/Mpl family	Uisw_101_01172	1
CP159821.1	1083652	1084722	-	Uisw_101_01174	Uisw_101	356	OG0000489	K02563	UDP-N-acetylglucosamine--N-acetylmuramyl-(pentapeptide) pyrophosphoryl-undecaprenol N-acetylglucosamine transferase [EC:2.4.1.227]	COG0707	MurG	UDP-N-acetylglucosamine:LPS N-acetylglucosamine transferase	Uisw_101_01172	2
CP159821.1	1084723	1085847	-	Uisw_101_01175	Uisw_101	374	OG0000615	NA	NA	COG0772	FtsW	Peptodoglycan polymerase FtsW/RodA/SpoVE	Uisw_101_01172	3
CP159821.1	1085844	1087139	-	Uisw_101_01176	Uisw_101	431	OG0000817	NA	NA	COG0771	MurD	UDP-N-acetylmuramoylalanine-D-glutamate ligase	Uisw_101_01172	4
CP159821.1	1087139	1088224	-	Uisw_101_01177	Uisw_101	361	OG0000019	K01000	phospho-N-acetylmuramoyl-pentapeptide-transferase [EC:2.7.8.13]	COG0472	Rfe	UDP-N-acetylmuramyl pentapeptide phosphotransferase/UDP-N-acetylglucosamine-1-phosphate transferase/archaeal AglH	Uisw_101_01172	5
CP159820.1	1073195	1074043	-	Uisw_104_01180	Uisw_104	282	OG0000470	K05807	outer membrane protein assembly factor BamD	COG4105	BamD	Outer membrane protein assembly factor BamD, BamD/ComL family	Uisw_104_01185	-5
CP159820.1	1074082	1075002	-	Uisw_104_01181	Uisw_104	306	OG0000300	K02535	UDP-3-O-[3-hydroxymyristoyl] N-acetylglucosamine deacetylase [EC:3.5.1.108]	COG0774	LpxC	UDP-3-O-acyl-N-acetylglucosamine deacetylase	Uisw_104_01185	-4
CP159820.1	1075068	1076177	-	Uisw_104_01182	Uisw_104	369	OG0000537	K03590	cell division protein FtsA	COG0849	FtsA	Cell division ATPase FtsA	Uisw_104_01185	-3
CP159820.1	1076177	1076854	-	Uisw_104_01183	Uisw_104	225	OG0000841	K03589	cell division protein FtsQ	COG1589	FtsQ	Cell division septal protein FtsQ	Uisw_104_01185	-2
CP159820.1	1076835	1077749	-	Uisw_104_01184	Uisw_104	304	OG0000580	K01921	D-alanine-D-alanine ligase [EC:6.3.2.4]	COG1181	DdlA	D-alanine-D-alanine ligase or related ATP-grasp enzyme	Uisw_104_01185	-1
CP159820.1	1077751	1078659	-	Uisw_104_01185	Uisw_104	302	OG0000330	K00075	UDP-N-acetylmuramate dehydrogenase [EC:1.3.1.98]	COG0812	MurB	UDP-N-acetylenolpyruvoylglucosamine reductase	Uisw_104_01185	0
CP159820.1	1078659	1080053	-	Uisw_104_01186	Uisw_104	464	OG0000265	K01924	UDP-N-acetylmuramate--alanine ligase [EC:6.3.2.8]	COG0773	MurC	UDP-N-acetylmuramate-alanine ligase MurC and related ligases, MurC/Mpl family	Uisw_104_01185	1
CP159820.1	1080043	1081113	-	Uisw_104_01187	Uisw_104	356	OG0000489	K02563	UDP-N-acetylglucosamine--N-acetylmuramyl-(pentapeptide) pyrophosphoryl-undecaprenol N-acetylglucosamine transferase [EC:2.4.1.227]	COG0707	MurG	UDP-N-acetylglucosamine:LPS N-acetylglucosamine transferase	Uisw_104_01185	2
CP159820.1	1081114	1082238	-	Uisw_104_01188	Uisw_104	374	OG0000615	NA	NA	COG0772	FtsW	Peptodoglycan polymerase FtsW/RodA/SpoVE	Uisw_104_01185	3
CP159820.1	1082235	1083530	-	Uisw_104_01189	Uisw_104	431	OG0000817	NA	NA	COG0771	MurD	UDP-N-acetylmuramoylalanine-D-glutamate ligase	Uisw_104_01185	4
CP159820.1	1083530	1084615	-	Uisw_104_01190	Uisw_104	361	OG0000019	K01000	phospho-N-acetylmuramoyl-pentapeptide-transferase [EC:2.7.8.13]	COG0472	Rfe	UDP-N-acetylmuramyl pentapeptide phosphotransferase/UDP-N-acetylglucosamine-1-phosphate transferase/archaeal AglH	Uisw_104_01185	5
CP159819.1	978440	979288	-	Uisw_106_01098	Uisw_106	282	OG0000470	K05807	outer membrane protein assembly factor BamD	COG4105	BamD	Outer membrane protein assembly factor BamD, BamD/ComL family	Uisw_106_01103	-5
CP159819.1	979327	980247	-	Uisw_106_01099	Uisw_106	306	OG0000300	K02535	UDP-3-O-[3-hydroxymyristoyl] N-acetylglucosamine deacetylase [EC:3.5.1.108]	COG0774	LpxC	UDP-3-O-acyl-N-acetylglucosamine deacetylase	Uisw_106_01103	-4
CP159819.1	980313	981422	-	Uisw_106_01100	Uisw_106	369	OG0000537	K03590	cell division protein FtsA	COG0849	FtsA	Cell division ATPase FtsA	Uisw_106_01103	-3
CP159819.1	981422	982099	-	Uisw_106_01101	Uisw_106	225	OG0000841	K03589	cell division protein FtsQ	COG1589	FtsQ	Cell division septal protein FtsQ	Uisw_106_01103	-2
CP159819.1	982080	982994	-	Uisw_106_01102	Uisw_106	304	OG0000580	K01921	D-alanine-D-alanine ligase [EC:6.3.2.4]	COG1181	DdlA	D-alanine-D-alanine ligase or related ATP-grasp enzyme	Uisw_106_01103	-1
CP159819.1	982996	983904	-	Uisw_106_01103	Uisw_106	302	OG0000330	K00075	UDP-N-acetylmuramate dehydrogenase [EC:1.3.1.98]	COG0812	MurB	UDP-N-acetylenolpyruvoylglucosamine reductase	Uisw_106_01103	0
CP159819.1	983904	985298	-	Uisw_106_01104	Uisw_106	464	OG0000265	K01924	UDP-N-acetylmuramate--alanine ligase [EC:6.3.2.8]	COG0773	MurC	UDP-N-acetylmuramate-alanine ligase MurC and related ligases, MurC/Mpl family	Uisw_106_01103	1
CP159819.1	985288	986358	-	Uisw_106_01105	Uisw_106	356	OG0000489	K02563	UDP-N-acetylglucosamine--N-acetylmuramyl-(pentapeptide) pyrophosphoryl-undecaprenol N-acetylglucosamine transferase [EC:2.4.1.227]	COG0707	MurG	UDP-N-acetylglucosamine:LPS N-acetylglucosamine transferase	Uisw_106_01103	2
CP159819.1	986359	987483	-	Uisw_106_01106	Uisw_106	374	OG0000615	NA	NA	COG0772	FtsW	Peptodoglycan polymerase FtsW/RodA/SpoVE	Uisw_106_01103	3
CP159819.1	987480	988775	-	Uisw_106_01107	Uisw_106	431	OG0000817	NA	NA	COG0771	MurD	UDP-N-acetylmuramoylalanine-D-glutamate ligase	Uisw_106_01103	4
CP159819.1	988775	989860	-	Uisw_106_01108	Uisw_106	361	OG0000019	K01000	phospho-N-acetylmuramoyl-pentapeptide-transferase [EC:2.7.8.13]	COG0472	Rfe	UDP-N-acetylmuramyl pentapeptide phosphotransferase/UDP-N-acetylglucosamine-1-phosphate transferase/archaeal AglH	Uisw_106_01103	5
CP159809.1	994294	995133	-	Uisw_113_01078	Uisw_113	279	OG0000470	K05807	outer membrane protein assembly factor BamD	COG4105	BamD	Outer membrane protein assembly factor BamD, BamD/ComL family	Uisw_113_01083	-5
CP159809.1	995173	996093	-	Uisw_113_01079	Uisw_113	306	OG0000300	K02535	UDP-3-O-[3-hydroxymyristoyl] N-acetylglucosamine deacetylase [EC:3.5.1.108]	COG0774	LpxC	UDP-3-O-acyl-N-acetylglucosamine deacetylase	Uisw_113_01083	-4
CP159809.1	996160	997266	-	Uisw_113_01080	Uisw_113	368	OG0000537	K03590	cell division protein FtsA	COG0849	FtsA	Cell division ATPase FtsA	Uisw_113_01083	-3
CP159809.1	997266	997943	-	Uisw_113_01081	Uisw_113	225	OG0000841	K03589	cell division protein FtsQ	COG1589	FtsQ	Cell division septal protein FtsQ	Uisw_113_01083	-2
CP159809.1	997924	998838	-	Uisw_113_01082	Uisw_113	304	OG0000580	K01921	D-alanine-D-alanine ligase [EC:6.3.2.4]	COG1181	DdlA	D-alanine-D-alanine ligase or related ATP-grasp enzyme	Uisw_113_01083	-1
CP159809.1	998840	999778	-	Uisw_113_01083	Uisw_113	312	OG0000330	K00075	UDP-N-acetylmuramate dehydrogenase [EC:1.3.1.98]	COG0812	MurB	UDP-N-acetylenolpyruvoylglucosamine reductase	Uisw_113_01083	0
CP159809.1	999748	1001142	-	Uisw_113_01084	Uisw_113	464	OG0000265	K01924	UDP-N-acetylmuramate--alanine ligase [EC:6.3.2.8]	COG0773	MurC	UDP-N-acetylmuramate-alanine ligase MurC and related ligases, MurC/Mpl family	Uisw_113_01083	1
CP159809.1	1001132	1002202	-	Uisw_113_01085	Uisw_113	356	OG0000489	K02563	UDP-N-acetylglucosamine--N-acetylmuramyl-(pentapeptide) pyrophosphoryl-undecaprenol N-acetylglucosamine transferase [EC:2.4.1.227]	COG0707	MurG	UDP-N-acetylglucosamine:LPS N-acetylglucosamine transferase	Uisw_113_01083	2
CP159809.1	1002203	1003327	-	Uisw_113_01086	Uisw_113	374	OG0000615	NA	NA	COG0772	FtsW	Peptodoglycan polymerase FtsW/RodA/SpoVE	Uisw_113_01083	3
CP159809.1	1003324	1004619	-	Uisw_113_01087	Uisw_113	431	OG0000817	NA	NA	COG0771	MurD	UDP-N-acetylmuramoylalanine-D-glutamate ligase	Uisw_113_01083	4
CP159809.1	1004619	1005704	-	Uisw_113_01088	Uisw_113	361	OG0000019	K01000	phospho-N-acetylmuramoyl-pentapeptide-transferase [EC:2.7.8.13]	COG0472	Rfe	UDP-N-acetylmuramyl pentapeptide phosphotransferase/UDP-N-acetylglucosamine-1-phosphate transferase/archaeal AglH	Uisw_113_01083	5
CP159818.1	987131	987988	-	Uisw_114_01186	Uisw_114	285	OG0000470	K05807	outer membrane protein assembly factor BamD	COG4105	BamD	Outer membrane protein assembly factor BamD, BamD/ComL family	Uisw_114_01191	-5
CP159818.1	988028	988948	-	Uisw_114_01187	Uisw_114	306	OG0000300	K02535	UDP-3-O-[3-hydroxymyristoyl] N-acetylglucosamine deacetylase [EC:3.5.1.108]	COG0774	LpxC	UDP-3-O-acyl-N-acetylglucosamine deacetylase	Uisw_114_01191	-4
CP159818.1	989013	990122	-	Uisw_114_01188	Uisw_114	369	OG0000537	K03590	cell division protein FtsA	COG0849	FtsA	Cell division ATPase FtsA	Uisw_114_01191	-3
CP159818.1	990122	990799	-	Uisw_114_01189	Uisw_114	225	OG0000841	K03589	cell division protein FtsQ	COG1589	FtsQ	Cell division septal protein FtsQ	Uisw_114_01191	-2
CP159818.1	990780	991694	-	Uisw_114_01190	Uisw_114	304	OG0000580	K01921	D-alanine-D-alanine ligase [EC:6.3.2.4]	COG1181	DdlA	D-alanine-D-alanine ligase or related ATP-grasp enzyme	Uisw_114_01191	-1
CP159818.1	991728	991892	-	Uisw_114_01191	Uisw_114	54	OG0000330	NA	NA	COG0812	MurB	UDP-N-acetylenolpyruvoylglucosamine reductase	Uisw_114_01191	0
CP159818.1	991868	992602	-	Uisw_114_01192	Uisw_114	244	OG0000330	K00075	UDP-N-acetylmuramate dehydrogenase [EC:1.3.1.98]	COG0812	MurB	UDP-N-acetylenolpyruvoylglucosamine reductase	Uisw_114_01191	1
CP159818.1	992602	993996	-	Uisw_114_01193	Uisw_114	464	OG0000265	K01924	UDP-N-acetylmuramate--alanine ligase [EC:6.3.2.8]	COG0773	MurC	UDP-N-acetylmuramate-alanine ligase MurC and related ligases, MurC/Mpl family	Uisw_114_01191	2
CP159818.1	994047	995054	-	Uisw_114_01194	Uisw_114	335	OG0000489	K02563	UDP-N-acetylglucosamine--N-acetylmuramyl-(pentapeptide) pyrophosphoryl-undecaprenol N-acetylglucosamine transferase [EC:2.4.1.227]	COG0707	MurG	UDP-N-acetylglucosamine:LPS N-acetylglucosamine transferase	Uisw_114_01191	3
CP159818.1	995055	996179	-	Uisw_114_01195	Uisw_114	374	OG0000615	NA	NA	COG0772	FtsW	Peptodoglycan polymerase FtsW/RodA/SpoVE	Uisw_114_01191	4
CP159818.1	996176	997471	-	Uisw_114_01196	Uisw_114	431	OG0000817	NA	NA	COG0771	MurD	UDP-N-acetylmuramoylalanine-D-glutamate ligase	Uisw_114_01191	5
CP159818.1	988028	988948	-	Uisw_114_01187	Uisw_114	306	OG0000300	K02535	UDP-3-O-[3-hydroxymyristoyl] N-acetylglucosamine deacetylase [EC:3.5.1.108]	COG0774	LpxC	UDP-3-O-acyl-N-acetylglucosamine deacetylase	Uisw_114_01192	-5
CP159818.1	989013	990122	-	Uisw_114_01188	Uisw_114	369	OG0000537	K03590	cell division protein FtsA	COG0849	FtsA	Cell division ATPase FtsA	Uisw_114_01192	-4
CP159818.1	990122	990799	-	Uisw_114_01189	Uisw_114	225	OG0000841	K03589	cell division protein FtsQ	COG1589	FtsQ	Cell division septal protein FtsQ	Uisw_114_01192	-3
CP159818.1	990780	991694	-	Uisw_114_01190	Uisw_114	304	OG0000580	K01921	D-alanine-D-alanine ligase [EC:6.3.2.4]	COG1181	DdlA	D-alanine-D-alanine ligase or related ATP-grasp enzyme	Uisw_114_01192	-2
CP159818.1	991728	991892	-	Uisw_114_01191	Uisw_114	54	OG0000330	NA	NA	COG0812	MurB	UDP-N-acetylenolpyruvoylglucosamine reductase	Uisw_114_01192	-1
CP159818.1	991868	992602	-	Uisw_114_01192	Uisw_114	244	OG0000330	K00075	UDP-N-acetylmuramate dehydrogenase [EC:1.3.1.98]	COG0812	MurB	UDP-N-acetylenolpyruvoylglucosamine reductase	Uisw_114_01192	0
CP159818.1	992602	993996	-	Uisw_114_01193	Uisw_114	464	OG0000265	K01924	UDP-N-acetylmuramate--alanine ligase [EC:6.3.2.8]	COG0773	MurC	UDP-N-acetylmuramate-alanine ligase MurC and related ligases, MurC/Mpl family	Uisw_114_01192	1
CP159818.1	994047	995054	-	Uisw_114_01194	Uisw_114	335	OG0000489	K02563	UDP-N-acetylglucosamine--N-acetylmuramyl-(pentapeptide) pyrophosphoryl-undecaprenol N-acetylglucosamine transferase [EC:2.4.1.227]	COG0707	MurG	UDP-N-acetylglucosamine:LPS N-acetylglucosamine transferase	Uisw_114_01192	2
CP159818.1	995055	996179	-	Uisw_114_01195	Uisw_114	374	OG0000615	NA	NA	COG0772	FtsW	Peptodoglycan polymerase FtsW/RodA/SpoVE	Uisw_114_01192	3
CP159818.1	996176	997471	-	Uisw_114_01196	Uisw_114	431	OG0000817	NA	NA	COG0771	MurD	UDP-N-acetylmuramoylalanine-D-glutamate ligase	Uisw_114_01192	4
CP159818.1	997471	998556	-	Uisw_114_01197	Uisw_114	361	OG0000019	K01000	phospho-N-acetylmuramoyl-pentapeptide-transferase [EC:2.7.8.13]	COG0472	Rfe	UDP-N-acetylmuramyl pentapeptide phosphotransferase/UDP-N-acetylglucosamine-1-phosphate transferase/archaeal AglH	Uisw_114_01192	5
CP159817.1	902738	903595	-	Uisw_116_01030	Uisw_116	285	OG0000470	K05807	outer membrane protein assembly factor BamD	COG4105	BamD	Outer membrane protein assembly factor BamD, BamD/ComL family	Uisw_116_01035	-5
CP159817.1	903635	904555	-	Uisw_116_01031	Uisw_116	306	OG0000300	K02535	UDP-3-O-[3-hydroxymyristoyl] N-acetylglucosamine deacetylase [EC:3.5.1.108]	COG0774	LpxC	UDP-3-O-acyl-N-acetylglucosamine deacetylase	Uisw_116_01035	-4
CP159817.1	904620	905729	-	Uisw_116_01032	Uisw_116	369	OG0000537	K03590	cell division protein FtsA	COG0849	FtsA	Cell division ATPase FtsA	Uisw_116_01035	-3
CP159817.1	905729	906406	-	Uisw_116_01033	Uisw_116	225	OG0000841	K03589	cell division protein FtsQ	COG1589	FtsQ	Cell division septal protein FtsQ	Uisw_116_01035	-2
CP159817.1	906387	907301	-	Uisw_116_01034	Uisw_116	304	OG0000580	K01921	D-alanine-D-alanine ligase [EC:6.3.2.4]	COG1181	DdlA	D-alanine-D-alanine ligase or related ATP-grasp enzyme	Uisw_116_01035	-1
CP159817.1	907303	908211	-	Uisw_116_01035	Uisw_116	302	OG0000330	K00075	UDP-N-acetylmuramate dehydrogenase [EC:1.3.1.98]	COG0812	MurB	UDP-N-acetylenolpyruvoylglucosamine reductase	Uisw_116_01035	0
CP159817.1	908211	909605	-	Uisw_116_01036	Uisw_116	464	OG0000265	K01924	UDP-N-acetylmuramate--alanine ligase [EC:6.3.2.8]	COG0773	MurC	UDP-N-acetylmuramate-alanine ligase MurC and related ligases, MurC/Mpl family	Uisw_116_01035	1
CP159817.1	909595	910665	-	Uisw_116_01037	Uisw_116	356	OG0000489	K02563	UDP-N-acetylglucosamine--N-acetylmuramyl-(pentapeptide) pyrophosphoryl-undecaprenol N-acetylglucosamine transferase [EC:2.4.1.227]	COG0707	MurG	UDP-N-acetylglucosamine:LPS N-acetylglucosamine transferase	Uisw_116_01035	2
CP159817.1	910666	911790	-	Uisw_116_01038	Uisw_116	374	OG0000615	NA	NA	COG0772	FtsW	Peptodoglycan polymerase FtsW/RodA/SpoVE	Uisw_116_01035	3
CP159817.1	911787	912719	-	Uisw_116_01039	Uisw_116	310	OG0000817	NA	NA	COG0771	MurD	UDP-N-acetylmuramoylalanine-D-glutamate ligase	Uisw_116_01035	4
CP159817.1	912938	913081	-	Uisw_116_01040	Uisw_116	47	OG0000817	NA	NA	COG0771	MurD	UDP-N-acetylmuramoylalanine-D-glutamate ligase	Uisw_116_01035	5
CP159816.1	962083	962940	-	Uisw_121_01057	Uisw_121	285	OG0000470	K05807	outer membrane protein assembly factor BamD	COG4105	BamD	Outer membrane protein assembly factor BamD, BamD/ComL family	Uisw_121_01062	-5
CP159816.1	962980	963900	-	Uisw_121_01058	Uisw_121	306	OG0000300	K02535	UDP-3-O-[3-hydroxymyristoyl] N-acetylglucosamine deacetylase [EC:3.5.1.108]	COG0774	LpxC	UDP-3-O-acyl-N-acetylglucosamine deacetylase	Uisw_121_01062	-4
CP159816.1	963965	965074	-	Uisw_121_01059	Uisw_121	369	OG0000537	K03590	cell division protein FtsA	COG0849	FtsA	Cell division ATPase FtsA	Uisw_121_01062	-3
CP159816.1	965074	965751	-	Uisw_121_01060	Uisw_121	225	OG0000841	K03589	cell division protein FtsQ	COG1589	FtsQ	Cell division septal protein FtsQ	Uisw_121_01062	-2
CP159816.1	965732	966646	-	Uisw_121_01061	Uisw_121	304	OG0000580	K01921	D-alanine-D-alanine ligase [EC:6.3.2.4]	COG1181	DdlA	D-alanine-D-alanine ligase or related ATP-grasp enzyme	Uisw_121_01062	-1
CP159816.1	966648	967556	-	Uisw_121_01062	Uisw_121	302	OG0000330	K00075	UDP-N-acetylmuramate dehydrogenase [EC:1.3.1.98]	COG0812	MurB	UDP-N-acetylenolpyruvoylglucosamine reductase	Uisw_121_01062	0
CP159816.1	967556	968950	-	Uisw_121_01063	Uisw_121	464	OG0000265	K01924	UDP-N-acetylmuramate--alanine ligase [EC:6.3.2.8]	COG0773	MurC	UDP-N-acetylmuramate-alanine ligase MurC and related ligases, MurC/Mpl family	Uisw_121_01062	1
CP159816.1	968940	970010	-	Uisw_121_01064	Uisw_121	356	OG0000489	K02563	UDP-N-acetylglucosamine--N-acetylmuramyl-(pentapeptide) pyrophosphoryl-undecaprenol N-acetylglucosamine transferase [EC:2.4.1.227]	COG0707	MurG	UDP-N-acetylglucosamine:LPS N-acetylglucosamine transferase	Uisw_121_01062	2
CP159816.1	970011	971135	-	Uisw_121_01065	Uisw_121	374	OG0000615	NA	NA	COG0772	FtsW	Peptodoglycan polymerase FtsW/RodA/SpoVE	Uisw_121_01062	3
CP159816.1	971132	972427	-	Uisw_121_01066	Uisw_121	431	OG0000817	NA	NA	COG0771	MurD	UDP-N-acetylmuramoylalanine-D-glutamate ligase	Uisw_121_01062	4
CP159816.1	972427	973512	-	Uisw_121_01067	Uisw_121	361	OG0000019	K01000	phospho-N-acetylmuramoyl-pentapeptide-transferase [EC:2.7.8.13]	COG0472	Rfe	UDP-N-acetylmuramyl pentapeptide phosphotransferase/UDP-N-acetylglucosamine-1-phosphate transferase/archaeal AglH	Uisw_121_01062	5
CP159815.1	964059	964907	-	Uisw_127_01065	Uisw_127	282	OG0000470	K05807	outer membrane protein assembly factor BamD	COG4105	BamD	Outer membrane protein assembly factor BamD, BamD/ComL family	Uisw_127_01070	-5
CP159815.1	964946	965866	-	Uisw_127_01066	Uisw_127	306	OG0000300	K02535	UDP-3-O-[3-hydroxymyristoyl] N-acetylglucosamine deacetylase [EC:3.5.1.108]	COG0774	LpxC	UDP-3-O-acyl-N-acetylglucosamine deacetylase	Uisw_127_01070	-4
CP159815.1	965931	967040	-	Uisw_127_01067	Uisw_127	369	OG0000537	K03590	cell division protein FtsA	COG0849	FtsA	Cell division ATPase FtsA	Uisw_127_01070	-3
CP159815.1	967040	967714	-	Uisw_127_01068	Uisw_127	224	OG0000841	K03589	cell division protein FtsQ	COG1589	FtsQ	Cell division septal protein FtsQ	Uisw_127_01070	-2
CP159815.1	967695	968609	-	Uisw_127_01069	Uisw_127	304	OG0000580	K01921	D-alanine-D-alanine ligase [EC:6.3.2.4]	COG1181	DdlA	D-alanine-D-alanine ligase or related ATP-grasp enzyme	Uisw_127_01070	-1
CP159815.1	968612	969520	-	Uisw_127_01070	Uisw_127	302	OG0000330	K00075	UDP-N-acetylmuramate dehydrogenase [EC:1.3.1.98]	COG0812	MurB	UDP-N-acetylenolpyruvoylglucosamine reductase	Uisw_127_01070	0
CP159815.1	969520	970914	-	Uisw_127_01071	Uisw_127	464	OG0000265	K01924	UDP-N-acetylmuramate--alanine ligase [EC:6.3.2.8]	COG0773	MurC	UDP-N-acetylmuramate-alanine ligase MurC and related ligases, MurC/Mpl family	Uisw_127_01070	1
CP159815.1	970889	971974	-	Uisw_127_01072	Uisw_127	361	OG0000489	K02563	UDP-N-acetylglucosamine--N-acetylmuramyl-(pentapeptide) pyrophosphoryl-undecaprenol N-acetylglucosamine transferase [EC:2.4.1.227]	COG0707	MurG	UDP-N-acetylglucosamine:LPS N-acetylglucosamine transferase	Uisw_127_01070	2
CP159815.1	971975	973099	-	Uisw_127_01073	Uisw_127	374	OG0000615	NA	NA	COG0772	FtsW	Peptodoglycan polymerase FtsW/RodA/SpoVE	Uisw_127_01070	3
CP159815.1	973086	974363	-	Uisw_127_01074	Uisw_127	425	OG0000817	NA	NA	COG0771	MurD	UDP-N-acetylmuramoylalanine-D-glutamate ligase	Uisw_127_01070	4
CP159815.1	974363	975448	-	Uisw_127_01075	Uisw_127	361	OG0000019	K01000	phospho-N-acetylmuramoyl-pentapeptide-transferase [EC:2.7.8.13]	COG0472	Rfe	UDP-N-acetylmuramyl pentapeptide phosphotransferase/UDP-N-acetylglucosamine-1-phosphate transferase/archaeal AglH	Uisw_127_01070	5
CP159814.1	1037748	1038590	-	Uisw_130_01133	Uisw_130	280	OG0000470	K05807	outer membrane protein assembly factor BamD	COG4105	BamD	Outer membrane protein assembly factor BamD, BamD/ComL family	Uisw_130_01138	-5
CP159814.1	1038622	1039542	-	Uisw_130_01134	Uisw_130	306	OG0000300	K02535	UDP-3-O-[3-hydroxymyristoyl] N-acetylglucosamine deacetylase [EC:3.5.1.108]	COG0774	LpxC	UDP-3-O-acyl-N-acetylglucosamine deacetylase	Uisw_130_01138	-4
CP159814.1	1039607	1040716	-	Uisw_130_01135	Uisw_130	369	OG0000537	K03590	cell division protein FtsA	COG0849	FtsA	Cell division ATPase FtsA	Uisw_130_01138	-3
CP159814.1	1040716	1041393	-	Uisw_130_01136	Uisw_130	225	OG0000841	K03589	cell division protein FtsQ	COG1589	FtsQ	Cell division septal protein FtsQ	Uisw_130_01138	-2
CP159814.1	1041374	1042288	-	Uisw_130_01137	Uisw_130	304	OG0000580	K01921	D-alanine-D-alanine ligase [EC:6.3.2.4]	COG1181	DdlA	D-alanine-D-alanine ligase or related ATP-grasp enzyme	Uisw_130_01138	-1
CP159814.1	1042290	1043198	-	Uisw_130_01138	Uisw_130	302	OG0000330	K00075	UDP-N-acetylmuramate dehydrogenase [EC:1.3.1.98]	COG0812	MurB	UDP-N-acetylenolpyruvoylglucosamine reductase	Uisw_130_01138	0
CP159814.1	1043198	1044592	-	Uisw_130_01139	Uisw_130	464	OG0000265	K01924	UDP-N-acetylmuramate--alanine ligase [EC:6.3.2.8]	COG0773	MurC	UDP-N-acetylmuramate-alanine ligase MurC and related ligases, MurC/Mpl family	Uisw_130_01138	1
CP159814.1	1044582	1045652	-	Uisw_130_01140	Uisw_130	356	OG0000489	K02563	UDP-N-acetylglucosamine--N-acetylmuramyl-(pentapeptide) pyrophosphoryl-undecaprenol N-acetylglucosamine transferase [EC:2.4.1.227]	COG0707	MurG	UDP-N-acetylglucosamine:LPS N-acetylglucosamine transferase	Uisw_130_01138	2
CP159814.1	1045653	1046777	-	Uisw_130_01141	Uisw_130	374	OG0000615	NA	NA	COG0772	FtsW	Peptodoglycan polymerase FtsW/RodA/SpoVE	Uisw_130_01138	3
CP159814.1	1046774	1048069	-	Uisw_130_01142	Uisw_130	431	OG0000817	NA	NA	COG0771	MurD	UDP-N-acetylmuramoylalanine-D-glutamate ligase	Uisw_130_01138	4
CP159814.1	1048069	1049154	-	Uisw_130_01143	Uisw_130	361	OG0000019	K01000	phospho-N-acetylmuramoyl-pentapeptide-transferase [EC:2.7.8.13]	COG0472	Rfe	UDP-N-acetylmuramyl pentapeptide phosphotransferase/UDP-N-acetylglucosamine-1-phosphate transferase/archaeal AglH	Uisw_130_01138	5
CP159813.1	951627	952547	-	Uisw_134_02_01056	Uisw_134_02	306	OG0000300	K02535	UDP-3-O-[3-hydroxymyristoyl] N-acetylglucosamine deacetylase [EC:3.5.1.108]	COG0774	LpxC	UDP-3-O-acyl-N-acetylglucosamine deacetylase	Uisw_134_02_01061	-5
CP159813.1	952612	953721	-	Uisw_134_02_01057	Uisw_134_02	369	OG0000537	K03590	cell division protein FtsA	COG0849	FtsA	Cell division ATPase FtsA	Uisw_134_02_01061	-4
CP159813.1	953721	954395	-	Uisw_134_02_01058	Uisw_134_02	224	OG0000841	K03589	cell division protein FtsQ	COG1589	FtsQ	Cell division septal protein FtsQ	Uisw_134_02_01061	-3
CP159813.1	954376	954798	-	Uisw_134_02_01059	Uisw_134_02	140	OG0000580	K01921	D-alanine-D-alanine ligase [EC:6.3.2.4]	COG1181	DdlA	D-alanine-D-alanine ligase or related ATP-grasp enzyme	Uisw_134_02_01061	-2
CP159813.1	954888	955289	-	Uisw_134_02_01060	Uisw_134_02	133	OG0000580	K01921	D-alanine-D-alanine ligase [EC:6.3.2.4]	COG1181	DdlA	D-alanine-D-alanine ligase or related ATP-grasp enzyme	Uisw_134_02_01061	-1
CP159813.1	955292	956230	-	Uisw_134_02_01061	Uisw_134_02	312	OG0000330	K00075	UDP-N-acetylmuramate dehydrogenase [EC:1.3.1.98]	COG0812	MurB	UDP-N-acetylenolpyruvoylglucosamine reductase	Uisw_134_02_01061	0
CP159813.1	956200	957594	-	Uisw_134_02_01062	Uisw_134_02	464	OG0000265	K01924	UDP-N-acetylmuramate--alanine ligase [EC:6.3.2.8]	COG0773	MurC	UDP-N-acetylmuramate-alanine ligase MurC and related ligases, MurC/Mpl family	Uisw_134_02_01061	1
CP159813.1	957569	958654	-	Uisw_134_02_01063	Uisw_134_02	361	OG0000489	K02563	UDP-N-acetylglucosamine--N-acetylmuramyl-(pentapeptide) pyrophosphoryl-undecaprenol N-acetylglucosamine transferase [EC:2.4.1.227]	COG0707	MurG	UDP-N-acetylglucosamine:LPS N-acetylglucosamine transferase	Uisw_134_02_01061	2
CP159813.1	958655	959779	-	Uisw_134_02_01064	Uisw_134_02	374	OG0000615	NA	NA	COG0772	FtsW	Peptodoglycan polymerase FtsW/RodA/SpoVE	Uisw_134_02_01061	3
CP159813.1	959772	961043	-	Uisw_134_02_01065	Uisw_134_02	423	OG0000817	NA	NA	COG0771	MurD	UDP-N-acetylmuramoylalanine-D-glutamate ligase	Uisw_134_02_01061	4
CP159813.1	961043	962128	-	Uisw_134_02_01066	Uisw_134_02	361	OG0000019	K01000	phospho-N-acetylmuramoyl-pentapeptide-transferase [EC:2.7.8.13]	COG0472	Rfe	UDP-N-acetylmuramyl pentapeptide phosphotransferase/UDP-N-acetylglucosamine-1-phosphate transferase/archaeal AglH	Uisw_134_02_01061	5
CP159812.1	1017593	1018441	-	Uisw_136_01109	Uisw_136	282	OG0000470	K05807	outer membrane protein assembly factor BamD	COG4105	BamD	Outer membrane protein assembly factor BamD, BamD/ComL family	Uisw_136_01114	-5
CP159812.1	1018480	1019400	-	Uisw_136_01110	Uisw_136	306	OG0000300	K02535	UDP-3-O-[3-hydroxymyristoyl] N-acetylglucosamine deacetylase [EC:3.5.1.108]	COG0774	LpxC	UDP-3-O-acyl-N-acetylglucosamine deacetylase	Uisw_136_01114	-4
CP159812.1	1019466	1020575	-	Uisw_136_01111	Uisw_136	369	OG0000537	K03590	cell division protein FtsA	COG0849	FtsA	Cell division ATPase FtsA	Uisw_136_01114	-3
CP159812.1	1020575	1021252	-	Uisw_136_01112	Uisw_136	225	OG0000841	K03589	cell division protein FtsQ	COG1589	FtsQ	Cell division septal protein FtsQ	Uisw_136_01114	-2
CP159812.1	1021233	1022147	-	Uisw_136_01113	Uisw_136	304	OG0000580	K01921	D-alanine-D-alanine ligase [EC:6.3.2.4]	COG1181	DdlA	D-alanine-D-alanine ligase or related ATP-grasp enzyme	Uisw_136_01114	-1
CP159812.1	1022149	1023087	-	Uisw_136_01114	Uisw_136	312	OG0000330	K00075	UDP-N-acetylmuramate dehydrogenase [EC:1.3.1.98]	COG0812	MurB	UDP-N-acetylenolpyruvoylglucosamine reductase	Uisw_136_01114	0
CP159812.1	1023057	1024451	-	Uisw_136_01115	Uisw_136	464	OG0000265	K01924	UDP-N-acetylmuramate--alanine ligase [EC:6.3.2.8]	COG0773	MurC	UDP-N-acetylmuramate-alanine ligase MurC and related ligases, MurC/Mpl family	Uisw_136_01114	1
CP159812.1	1024441	1025511	-	Uisw_136_01116	Uisw_136	356	OG0000489	K02563	UDP-N-acetylglucosamine--N-acetylmuramyl-(pentapeptide) pyrophosphoryl-undecaprenol N-acetylglucosamine transferase [EC:2.4.1.227]	COG0707	MurG	UDP-N-acetylglucosamine:LPS N-acetylglucosamine transferase	Uisw_136_01114	2
CP159812.1	1025512	1026636	-	Uisw_136_01117	Uisw_136	374	OG0000615	NA	NA	COG0772	FtsW	Peptodoglycan polymerase FtsW/RodA/SpoVE	Uisw_136_01114	3
CP159812.1	1026633	1027928	-	Uisw_136_01118	Uisw_136	431	OG0000817	NA	NA	COG0771	MurD	UDP-N-acetylmuramoylalanine-D-glutamate ligase	Uisw_136_01114	4
CP159812.1	1027928	1029013	-	Uisw_136_01119	Uisw_136	361	OG0000019	K01000	phospho-N-acetylmuramoyl-pentapeptide-transferase [EC:2.7.8.13]	COG0472	Rfe	UDP-N-acetylmuramyl pentapeptide phosphotransferase/UDP-N-acetylglucosamine-1-phosphate transferase/archaeal AglH	Uisw_136_01114	5
CP159811.1	1007688	1008512	-	Uisw_137_01106	Uisw_137	274	OG0000470	K05807	outer membrane protein assembly factor BamD	COG4105	BamD	Outer membrane protein assembly factor BamD, BamD/ComL family	Uisw_137_01111	-5
CP159811.1	1008546	1009466	-	Uisw_137_01107	Uisw_137	306	OG0000300	K02535	UDP-3-O-[3-hydroxymyristoyl] N-acetylglucosamine deacetylase [EC:3.5.1.108]	COG0774	LpxC	UDP-3-O-acyl-N-acetylglucosamine deacetylase	Uisw_137_01111	-4
CP159811.1	1009532	1010641	-	Uisw_137_01108	Uisw_137	369	OG0000537	K03590	cell division protein FtsA	COG0849	FtsA	Cell division ATPase FtsA	Uisw_137_01111	-3
CP159811.1	1010641	1011318	-	Uisw_137_01109	Uisw_137	225	OG0000841	K03589	cell division protein FtsQ	COG1589	FtsQ	Cell division septal protein FtsQ	Uisw_137_01111	-2
CP159811.1	1011299	1012213	-	Uisw_137_01110	Uisw_137	304	OG0000580	K01921	D-alanine-D-alanine ligase [EC:6.3.2.4]	COG1181	DdlA	D-alanine-D-alanine ligase or related ATP-grasp enzyme	Uisw_137_01111	-1
CP159811.1	1012215	1013153	-	Uisw_137_01111	Uisw_137	312	OG0000330	K00075	UDP-N-acetylmuramate dehydrogenase [EC:1.3.1.98]	COG0812	MurB	UDP-N-acetylenolpyruvoylglucosamine reductase	Uisw_137_01111	0
CP159811.1	1013120	1014517	-	Uisw_137_01112	Uisw_137	465	OG0000265	K01924	UDP-N-acetylmuramate--alanine ligase [EC:6.3.2.8]	COG0773	MurC	UDP-N-acetylmuramate-alanine ligase MurC and related ligases, MurC/Mpl family	Uisw_137_01111	1
CP159811.1	1014507	1015577	-	Uisw_137_01113	Uisw_137	356	OG0000489	K02563	UDP-N-acetylglucosamine--N-acetylmuramyl-(pentapeptide) pyrophosphoryl-undecaprenol N-acetylglucosamine transferase [EC:2.4.1.227]	COG0707	MurG	UDP-N-acetylglucosamine:LPS N-acetylglucosamine transferase	Uisw_137_01111	2
CP159811.1	1015578	1016702	-	Uisw_137_01114	Uisw_137	374	OG0000615	NA	NA	COG0772	FtsW	Peptodoglycan polymerase FtsW/RodA/SpoVE	Uisw_137_01111	3
CP159811.1	1016699	1017994	-	Uisw_137_01115	Uisw_137	431	OG0000817	NA	NA	COG0771	MurD	UDP-N-acetylmuramoylalanine-D-glutamate ligase	Uisw_137_01111	4
CP159811.1	1017994	1019079	-	Uisw_137_01116	Uisw_137	361	OG0000019	K01000	phospho-N-acetylmuramoyl-pentapeptide-transferase [EC:2.7.8.13]	COG0472	Rfe	UDP-N-acetylmuramyl pentapeptide phosphotransferase/UDP-N-acetylglucosamine-1-phosphate transferase/archaeal AglH	Uisw_137_01111	5
