contig	start	end	strand	seq_id	genome	aa_length	Orthogroup	ko_id	ko_description	COG_ID	GENE_NAME	COG_NAME	center_query	relative_order
CVSB01000045.1	4702	4917	+	AAA795-A20_00826	AAA795-A20	71	OG0000914	K03704	cold shock protein	COG1278	CspC	Cold shock protein, CspA family	AAA795-A20_00832	-5
CVSB01000045.1	5228	6622	+	AAA795-A20_00828	AAA795-A20	464	OG0000812	K01892	histidyl-tRNA synthetase [EC:6.1.1.21]	COG0124	HisS	Histidyl-tRNA synthetase	AAA795-A20_00832	-4
CVSB01000045.1	6600	7652	+	AAA795-A20_00829	AAA795-A20	350	OG0000374	NA	NA	COG3705	HisZ	ATP phosphoribosyltransferase regulatory subunit HisZ	AAA795-A20_00832	-3
CVSB01000045.1	7652	8344	+	AAA795-A20_00830	AAA795-A20	230	OG0000403	NA	NA	COG0040	HisG	ATP phosphoribosyltransferase	AAA795-A20_00832	-2
CVSB01000045.1	8327	8458	-	AAA795-A20_00831	AAA795-A20	43	OG0001245	NA	NA	NA	NA	NA	AAA795-A20_00832	-1
CVSB01000045.1	8523	9620	+	AAA795-A20_00832	AAA795-A20	365	OG0001004	NA	NA	COG1322	RmuC	DNA anti-recombination protein (rearrangement mutator) RmuC	AAA795-A20_00832	0
CVSB01000045.1	9658	10344	+	AAA795-A20_00833	AAA795-A20	228	OG0001010	NA	NA	NA	NA	NA	AAA795-A20_00832	1
CVSB01000045.1	10351	11787	+	AAA795-A20_00834	AAA795-A20	478	OG0000183	NA	NA	COG2925	SbcB	Exonuclease I (degrades ssDNA)	AAA795-A20_00832	2
CVSB01000045.1	11822	12139	+	AAA795-A20_00835	AAA795-A20	105	OG0000169	NA	NA	COG3118	CnoX	Chaperedoxin CnoX, contains thioredoxin-like and TPR-like domains, YbbN/TrxSC family	AAA795-A20_00832	3
CVSB01000045.1	12136	13404	-	AAA795-A20_00836	AAA795-A20	422	OG0000181	NA	NA	COG0285	FolC	Folylpolyglutamate synthase/Dihydropteroate synthase	AAA795-A20_00832	4
CVSB01000045.1	13358	14287	-	AAA795-A20_00837	AAA795-A20	309	OG0000239	K01963	acetyl-CoA carboxylase carboxyl transferase subunit beta [EC:6.4.1.2 2.1.3.15]	COG0777	AccD	Acetyl-CoA carboxylase beta subunit	AAA795-A20_00832	5
CVSF01000065.1	2580	2792	+	AAA795-D22_00808	AAA795-D22	70	OG0000914	K03704	cold shock protein	COG1278	CspC	Cold shock protein, CspA family	AAA795-D22_00814	-5
CVSF01000065.1	3137	4534	+	AAA795-D22_00810	AAA795-D22	465	OG0000812	K01892	histidyl-tRNA synthetase [EC:6.1.1.21]	COG0124	HisS	Histidyl-tRNA synthetase	AAA795-D22_00814	-4
CVSF01000065.1	4512	5564	+	AAA795-D22_00811	AAA795-D22	350	OG0000374	NA	NA	COG3705	HisZ	ATP phosphoribosyltransferase regulatory subunit HisZ	AAA795-D22_00814	-3
CVSF01000065.1	5567	6253	+	AAA795-D22_00812	AAA795-D22	228	OG0000403	NA	NA	COG0040	HisG	ATP phosphoribosyltransferase	AAA795-D22_00814	-2
CVSF01000065.1	6239	6361	-	AAA795-D22_00813	AAA795-D22	40	OG0001245	NA	NA	NA	NA	NA	AAA795-D22_00814	-1
CVSF01000065.1	6449	7504	+	AAA795-D22_00814	AAA795-D22	351	OG0001004	NA	NA	COG1322	RmuC	DNA anti-recombination protein (rearrangement mutator) RmuC	AAA795-D22_00814	0
CVSF01000065.1	7542	8228	+	AAA795-D22_00815	AAA795-D22	228	OG0001010	NA	NA	NA	NA	NA	AAA795-D22_00814	1
CVSF01000065.1	8225	9673	+	AAA795-D22_00816	AAA795-D22	482	OG0000183	NA	NA	COG2925	SbcB	Exonuclease I (degrades ssDNA)	AAA795-D22_00814	2
CVSF01000065.1	9743	10060	+	AAA795-D22_00817	AAA795-D22	105	OG0000169	NA	NA	COG3118	CnoX	Chaperedoxin CnoX, contains thioredoxin-like and TPR-like domains, YbbN/TrxSC family	AAA795-D22_00814	3
CVSF01000065.1	10057	11325	-	AAA795-D22_00818	AAA795-D22	422	OG0000181	NA	NA	COG0285	FolC	Folylpolyglutamate synthase/Dihydropteroate synthase	AAA795-D22_00814	4
CVSF01000065.1	11279	12214	-	AAA795-D22_00819	AAA795-D22	311	OG0000239	K01963	acetyl-CoA carboxylase carboxyl transferase subunit beta [EC:6.4.1.2 2.1.3.15]	COG0777	AccD	Acetyl-CoA carboxylase beta subunit	AAA795-D22_00814	5
CABXTC010000003.1	16869	17801	+	AG-325-C18_00415	AG-325-C18	310	OG0000239	K01963	acetyl-CoA carboxylase carboxyl transferase subunit beta [EC:6.4.1.2 2.1.3.15]	COG0777	AccD	Acetyl-CoA carboxylase beta subunit	AG-325-C18_00420	-5
CABXTC010000003.1	17758	19023	+	AG-325-C18_00416	AG-325-C18	421	OG0000181	NA	NA	COG0285	FolC	Folylpolyglutamate synthase/Dihydropteroate synthase	AG-325-C18_00420	-4
CABXTC010000003.1	19020	19337	-	AG-325-C18_00417	AG-325-C18	105	OG0000169	NA	NA	COG3118	CnoX	Chaperedoxin CnoX, contains thioredoxin-like and TPR-like domains, YbbN/TrxSC family	AG-325-C18_00420	-3
CABXTC010000003.1	19372	20808	-	AG-325-C18_00418	AG-325-C18	478	OG0000183	NA	NA	COG2925	SbcB	Exonuclease I (degrades ssDNA)	AG-325-C18_00420	-2
CABXTC010000003.1	20818	21504	-	AG-325-C18_00419	AG-325-C18	228	OG0001010	NA	NA	NA	NA	NA	AG-325-C18_00420	-1
CABXTC010000003.1	21542	22633	-	AG-325-C18_00420	AG-325-C18	363	OG0001004	NA	NA	COG1322	RmuC	DNA anti-recombination protein (rearrangement mutator) RmuC	AG-325-C18_00420	0
CABXTC010000003.1	22781	23467	-	AG-325-C18_00421	AG-325-C18	228	OG0000403	NA	NA	COG0040	HisG	ATP phosphoribosyltransferase	AG-325-C18_00420	1
CABXTC010000003.1	23464	24522	-	AG-325-C18_00422	AG-325-C18	352	OG0000374	NA	NA	COG3705	HisZ	ATP phosphoribosyltransferase regulatory subunit HisZ	AG-325-C18_00420	2
CABXTC010000003.1	24500	25897	-	AG-325-C18_00423	AG-325-C18	465	OG0000812	K01892	histidyl-tRNA synthetase [EC:6.1.1.21]	COG0124	HisS	Histidyl-tRNA synthetase	AG-325-C18_00420	3
CABXTC010000003.1	26045	26143	-	AG-325-C18_00424	AG-325-C18	32	OG0001648	NA	NA	NA	NA	NA	AG-325-C18_00420	4
CABXTC010000003.1	26206	27015	-	AG-325-C18_00425	AG-325-C18	269	OG0001309	NA	NA	NA	NA	NA	AG-325-C18_00420	5
CABXTN010000004.1	1634	1846	+	AG-325-C21_00355	AG-325-C21	70	OG0000914	K03704	cold shock protein	COG1278	CspC	Cold shock protein, CspA family	AG-325-C21_00361	-5
CABXTN010000004.1	2151	3548	+	AG-325-C21_00357	AG-325-C21	465	OG0000812	K01892	histidyl-tRNA synthetase [EC:6.1.1.21]	COG0124	HisS	Histidyl-tRNA synthetase	AG-325-C21_00361	-4
CABXTN010000004.1	3526	4578	+	AG-325-C21_00358	AG-325-C21	350	OG0000374	NA	NA	COG3705	HisZ	ATP phosphoribosyltransferase regulatory subunit HisZ	AG-325-C21_00361	-3
CABXTN010000004.1	4582	5268	+	AG-325-C21_00359	AG-325-C21	228	OG0000403	NA	NA	COG0040	HisG	ATP phosphoribosyltransferase	AG-325-C21_00361	-2
CABXTN010000004.1	5254	5385	-	AG-325-C21_00360	AG-325-C21	43	OG0001245	NA	NA	NA	NA	NA	AG-325-C21_00361	-1
CABXTN010000004.1	5416	6507	+	AG-325-C21_00361	AG-325-C21	363	OG0001004	NA	NA	COG1322	RmuC	DNA anti-recombination protein (rearrangement mutator) RmuC	AG-325-C21_00361	0
CABXTN010000004.1	6544	7230	+	AG-325-C21_00362	AG-325-C21	228	OG0001010	NA	NA	NA	NA	NA	AG-325-C21_00361	1
CABXTN010000004.1	7346	8776	+	AG-325-C21_00363	AG-325-C21	476	OG0000183	NA	NA	COG2925	SbcB	Exonuclease I (degrades ssDNA)	AG-325-C21_00361	2
CABXTN010000004.1	8811	9128	+	AG-325-C21_00364	AG-325-C21	105	OG0000169	NA	NA	COG3118	CnoX	Chaperedoxin CnoX, contains thioredoxin-like and TPR-like domains, YbbN/TrxSC family	AG-325-C21_00361	3
CABXTN010000004.1	9125	10390	-	AG-325-C21_00365	AG-325-C21	421	OG0000181	NA	NA	COG0285	FolC	Folylpolyglutamate synthase/Dihydropteroate synthase	AG-325-C21_00361	4
CABXTN010000004.1	10347	11273	-	AG-325-C21_00366	AG-325-C21	308	OG0000239	K01963	acetyl-CoA carboxylase carboxyl transferase subunit beta [EC:6.4.1.2 2.1.3.15]	COG0777	AccD	Acetyl-CoA carboxylase beta subunit	AG-325-C21_00361	5
CABXUK010000004.1	5357	5806	-	AG-325-E08_00370	AG-325-E08	149	OG0001376	NA	NA	COG0270	Dcm	DNA-cytosine methylase Dcm or eukaryotic tRNA-C38 C5-methylase, Dcm/DNMT2/TRDMT1 family	AG-325-E08_00375	-5
CABXUK010000004.1	6115	6672	+	AG-325-E08_00371	AG-325-E08	185	OG0001432	NA	NA	NA	NA	NA	AG-325-E08_00375	-4
CABXUK010000004.1	6669	6866	+	AG-325-E08_00372	AG-325-E08	65	OG0001631	NA	NA	NA	NA	NA	AG-325-E08_00375	-3
CABXUK010000004.1	6863	7237	+	AG-325-E08_00373	AG-325-E08	124	OG0001632	NA	NA	NA	NA	NA	AG-325-E08_00375	-2
CABXUK010000004.1	7269	7955	+	AG-325-E08_00374	AG-325-E08	228	OG0001010	NA	NA	COG1074	RecB	3'-5' helicase subunit RecB of the DNA repair enzyme RecBCD (exonuclease V)	AG-325-E08_00375	-1
CABXUK010000004.1	8180	9094	+	AG-325-E08_00375	AG-325-E08	304	OG0001004	NA	NA	COG1322	RmuC	DNA anti-recombination protein (rearrangement mutator) RmuC	AG-325-E08_00375	0
CABXUK010000004.1	9098	10561	+	AG-325-E08_00376	AG-325-E08	487	OG0000183	NA	NA	COG2925	SbcB	Exonuclease I (degrades ssDNA)	AG-325-E08_00375	1
CABXUK010000004.1	10566	10997	+	AG-325-E08_00377	AG-325-E08	143	OG0001797	NA	NA	NA	NA	NA	AG-325-E08_00375	2
CABXUK010000004.1	11023	12162	+	AG-325-E08_00378	AG-325-E08	379	OG0001782	NA	NA	COG4487	NA	Uncharacterized conserved protein, contains DUF2130 domain	AG-325-E08_00375	3
CABXUK010000004.1	12180	12797	+	AG-325-E08_00379	AG-325-E08	205	OG0002444	NA	NA	COG3883	CwlO1	Uncharacterized N-terminal coiled-coil domain of peptidoglycan hydrolase CwlO	AG-325-E08_00375	4
CABXUK010000004.1	12797	14344	+	AG-325-E08_00380	AG-325-E08	515	OG0000132	NA	NA	COG0443	DnaK	Molecular chaperone DnaK (HSP70)	AG-325-E08_00375	5
CABXUW010000011.1	8182	8982	+	AG-325-E13_00891	AG-325-E13	266	OG0000196	K01695	tryptophan synthase alpha chain [EC:4.2.1.20]	COG0159	TrpA	Tryptophan synthase alpha chain	AG-325-E13_00896	-5
CABXUW010000011.1	8979	9896	+	AG-325-E13_00892	AG-325-E13	305	OG0000239	K01963	acetyl-CoA carboxylase carboxyl transferase subunit beta [EC:6.4.1.2 2.1.3.15]	COG0777	AccD	Acetyl-CoA carboxylase beta subunit	AG-325-E13_00896	-4
CABXUW010000011.1	9859	11121	+	AG-325-E13_00893	AG-325-E13	420	OG0000181	NA	NA	NA	NA	NA	AG-325-E13_00896	-3
CABXUW010000011.1	11118	11438	-	AG-325-E13_00894	AG-325-E13	106	OG0000169	K03671	thioredoxin 1	COG3118	CnoX	Chaperedoxin CnoX, contains thioredoxin-like and TPR-like domains, YbbN/TrxSC family	AG-325-E13_00896	-2
CABXUW010000011.1	11473	12894	-	AG-325-E13_00895	AG-325-E13	473	OG0000183	NA	NA	COG2925	SbcB	Exonuclease I (degrades ssDNA)	AG-325-E13_00896	-1
CABXUW010000011.1	12904	13935	-	AG-325-E13_00896	AG-325-E13	343	OG0001004	NA	NA	COG1322	RmuC	DNA anti-recombination protein (rearrangement mutator) RmuC	AG-325-E13_00896	0
CABXUW010000011.1	13949	14890	-	AG-325-E13_00897	AG-325-E13	313	OG0001311	NA	NA	COG1397	DraG	ADP-ribosylglycohydrolase	AG-325-E13_00896	1
CABXUW010000011.1	14883	15974	-	AG-325-E13_00898	AG-325-E13	363	OG0001540	K06941	23S rRNA (adenine2503-C2)-methyltransferase [EC:2.1.1.192]	COG0820	RlmN	Adenine C2-methylase RlmN of 23S rRNA A2503 and tRNA A37	AG-325-E13_00896	2
CABXUW010000011.1	16029	16220	-	AG-325-E13_00899	AG-325-E13	63	OG0000871	NA	NA	NA	NA	NA	AG-325-E13_00896	3
CABXUW010000011.1	16355	16513	+	AG-325-E13_00900	AG-325-E13	52	OG0001817	NA	NA	NA	NA	NA	AG-325-E13_00896	4
CABXUW010000011.1	16515	17099	+	AG-325-E13_00901	AG-325-E13	194	OG0001093	NA	NA	COG2249	MdaB	Putative NADPH-quinone reductase (modulator of drug activity B)	AG-325-E13_00896	5
CABXVN010000002.1	87350	88150	+	AG-325-E20_00914	AG-325-E20	266	OG0000196	K01695	tryptophan synthase alpha chain [EC:4.2.1.20]	COG0159	TrpA	Tryptophan synthase alpha chain	AG-325-E20_00919	-5
CABXVN010000002.1	88147	89067	+	AG-325-E20_00915	AG-325-E20	306	OG0000239	K01963	acetyl-CoA carboxylase carboxyl transferase subunit beta [EC:6.4.1.2 2.1.3.15]	COG0777	AccD	Acetyl-CoA carboxylase beta subunit	AG-325-E20_00919	-4
CABXVN010000002.1	89027	90292	+	AG-325-E20_00916	AG-325-E20	421	OG0000181	NA	NA	COG0285	FolC	Folylpolyglutamate synthase/Dihydropteroate synthase	AG-325-E20_00919	-3
CABXVN010000002.1	90289	90609	-	AG-325-E20_00917	AG-325-E20	106	OG0000169	K03671	thioredoxin 1	COG3118	CnoX	Chaperedoxin CnoX, contains thioredoxin-like and TPR-like domains, YbbN/TrxSC family	AG-325-E20_00919	-2
CABXVN010000002.1	90644	92065	-	AG-325-E20_00918	AG-325-E20	473	OG0000183	NA	NA	COG2925	SbcB	Exonuclease I (degrades ssDNA)	AG-325-E20_00919	-1
CABXVN010000002.1	92078	93106	-	AG-325-E20_00919	AG-325-E20	342	OG0001004	NA	NA	COG1322	RmuC	DNA anti-recombination protein (rearrangement mutator) RmuC	AG-325-E20_00919	0
CABXVN010000002.1	93196	93387	-	AG-325-E20_00920	AG-325-E20	63	OG0000871	NA	NA	NA	NA	NA	AG-325-E20_00919	1
CABXVN010000002.1	93511	93669	+	AG-325-E20_00921	AG-325-E20	52	OG0001817	NA	NA	NA	NA	NA	AG-325-E20_00919	2
CABXVN010000002.1	93611	93871	+	AG-325-E20_00922	AG-325-E20	86	OG0002997	NA	NA	NA	NA	NA	AG-325-E20_00919	3
CABXVN010000002.1	93872	94447	+	AG-325-E20_00923	AG-325-E20	191	OG0001093	NA	NA	COG2249	MdaB	Putative NADPH-quinone reductase (modulator of drug activity B)	AG-325-E20_00919	4
CABXVN010000002.1	94484	94930	+	AG-325-E20_00924	AG-325-E20	148	OG0000998	NA	NA	NA	NA	NA	AG-325-E20_00919	5
CABXZD010000002.1	188507	188722	+	AG-325-L02_00518	AG-325-L02	71	OG0000905	K02518	translation initiation factor IF-1	COG0361	InfA	Translation initiation factor IF-1	AG-325-L02_00525	-5
CABXZD010000002.1	188879	189091	+	AG-325-L02_00520	AG-325-L02	70	OG0000914	K03704	cold shock protein	COG1278	CspC	Cold shock protein, CspA family	AG-325-L02_00525	-4
CABXZD010000002.1	189394	190788	+	AG-325-L02_00522	AG-325-L02	464	OG0000812	K01892	histidyl-tRNA synthetase [EC:6.1.1.21]	COG0124	HisS	Histidyl-tRNA synthetase	AG-325-L02_00525	-3
CABXZD010000002.1	190766	191818	+	AG-325-L02_00523	AG-325-L02	350	OG0000374	NA	NA	COG3705	HisZ	ATP phosphoribosyltransferase regulatory subunit HisZ	AG-325-L02_00525	-2
CABXZD010000002.1	191820	192506	+	AG-325-L02_00524	AG-325-L02	228	OG0000403	NA	NA	COG0040	HisG	ATP phosphoribosyltransferase	AG-325-L02_00525	-1
CABXZD010000002.1	192654	193745	+	AG-325-L02_00525	AG-325-L02	363	OG0001004	NA	NA	COG1322	RmuC	DNA anti-recombination protein (rearrangement mutator) RmuC	AG-325-L02_00525	0
CABXZD010000002.1	193783	194469	+	AG-325-L02_00526	AG-325-L02	228	OG0001010	NA	NA	COG1074	RecB	3'-5' helicase subunit RecB of the DNA repair enzyme RecBCD (exonuclease V)	AG-325-L02_00525	1
CABXZD010000002.1	194466	195914	+	AG-325-L02_00527	AG-325-L02	482	OG0000183	NA	NA	COG2925	SbcB	Exonuclease I (degrades ssDNA)	AG-325-L02_00525	2
CABXZD010000002.1	195987	196301	+	AG-325-L02_00528	AG-325-L02	104	OG0000169	NA	NA	COG3118	CnoX	Chaperedoxin CnoX, contains thioredoxin-like and TPR-like domains, YbbN/TrxSC family	AG-325-L02_00525	3
CABXZD010000002.1	196298	197563	-	AG-325-L02_00529	AG-325-L02	421	OG0000181	NA	NA	COG0285	FolC	Folylpolyglutamate synthase/Dihydropteroate synthase	AG-325-L02_00525	4
CABXZD010000002.1	197517	198446	-	AG-325-L02_00530	AG-325-L02	309	OG0000239	K01963	acetyl-CoA carboxylase carboxyl transferase subunit beta [EC:6.4.1.2 2.1.3.15]	COG0777	AccD	Acetyl-CoA carboxylase beta subunit	AG-325-L02_00525	5
CABXYW010000004.1	6887	8569	-	AG-325-L05_00488	AG-325-L05	560	OG0002297	K06915	DNA double-strand break repair helicase HerA and related ATPase	COG0433	CedB	Crenarchaeal DNA import helicase CedB/HerA or a related bacterial ATPase	AG-325-L05_00493	-5
CABXYW010000004.1	8569	9882	-	AG-325-L05_00489	AG-325-L05	437	OG0002298	NA	NA	NA	NA	NA	AG-325-L05_00493	-4
CABXYW010000004.1	10231	11154	-	AG-325-L05_00490	AG-325-L05	307	OG0003167	NA	NA	COG0568	RpoD	DNA-directed RNA polymerase, sigma subunit (sigma70/sigma32)	AG-325-L05_00493	-3
CABXYW010000004.1	11275	12234	-	AG-325-L05_00491	AG-325-L05	319	OG0002998	NA	NA	NA	NA	NA	AG-325-L05_00493	-2
CABXYW010000004.1	12240	14282	-	AG-325-L05_00492	AG-325-L05	680	OG0002362	NA	NA	COG4938	NA	Predicted ATPase	AG-325-L05_00493	-1
CABXYW010000004.1	14323	15420	+	AG-325-L05_00493	AG-325-L05	365	OG0001004	NA	NA	COG1322	RmuC	DNA anti-recombination protein (rearrangement mutator) RmuC	AG-325-L05_00493	0
CABXYW010000004.1	15458	16144	+	AG-325-L05_00494	AG-325-L05	228	OG0001010	NA	NA	NA	NA	NA	AG-325-L05_00493	1
CABXYW010000004.1	16147	17583	+	AG-325-L05_00495	AG-325-L05	478	OG0000183	NA	NA	COG2925	SbcB	Exonuclease I (degrades ssDNA)	AG-325-L05_00493	2
CABXYW010000004.1	17618	17935	+	AG-325-L05_00496	AG-325-L05	105	OG0000169	NA	NA	COG3118	CnoX	Chaperedoxin CnoX, contains thioredoxin-like and TPR-like domains, YbbN/TrxSC family	AG-325-L05_00493	3
CABXYW010000004.1	17932	19194	-	AG-325-L05_00497	AG-325-L05	420	OG0000181	NA	NA	COG0285	FolC	Folylpolyglutamate synthase/Dihydropteroate synthase	AG-325-L05_00493	4
CABXYW010000004.1	19148	20077	-	AG-325-L05_00498	AG-325-L05	309	OG0000239	K01963	acetyl-CoA carboxylase carboxyl transferase subunit beta [EC:6.4.1.2 2.1.3.15]	COG0777	AccD	Acetyl-CoA carboxylase beta subunit	AG-325-L05_00493	5
CABYCY010000006.1	39317	40249	+	AG-333-A04_00674	AG-333-A04	310	OG0000239	K01963	acetyl-CoA carboxylase carboxyl transferase subunit beta [EC:6.4.1.2 2.1.3.15]	COG0777	AccD	Acetyl-CoA carboxylase beta subunit	AG-333-A04_00679	-5
CABYCY010000006.1	40203	41471	+	AG-333-A04_00675	AG-333-A04	422	OG0000181	NA	NA	COG0285	FolC	Folylpolyglutamate synthase/Dihydropteroate synthase	AG-333-A04_00679	-4
CABYCY010000006.1	41468	41785	-	AG-333-A04_00676	AG-333-A04	105	OG0000169	NA	NA	COG3118	CnoX	Chaperedoxin CnoX, contains thioredoxin-like and TPR-like domains, YbbN/TrxSC family	AG-333-A04_00679	-3
CABYCY010000006.1	41852	43297	-	AG-333-A04_00677	AG-333-A04	481	OG0000183	NA	NA	COG2925	SbcB	Exonuclease I (degrades ssDNA)	AG-333-A04_00679	-2
CABYCY010000006.1	43294	43980	-	AG-333-A04_00678	AG-333-A04	228	OG0001010	NA	NA	NA	NA	NA	AG-333-A04_00679	-1
CABYCY010000006.1	44018	45115	-	AG-333-A04_00679	AG-333-A04	365	OG0001004	NA	NA	COG1322	RmuC	DNA anti-recombination protein (rearrangement mutator) RmuC	AG-333-A04_00679	0
CABYCY010000006.1	45159	45851	-	AG-333-A04_00680	AG-333-A04	230	OG0000403	NA	NA	COG0040	HisG	ATP phosphoribosyltransferase	AG-333-A04_00679	1
CABYCY010000006.1	45851	46903	-	AG-333-A04_00681	AG-333-A04	350	OG0000374	NA	NA	COG3705	HisZ	ATP phosphoribosyltransferase regulatory subunit HisZ	AG-333-A04_00679	2
CABYCY010000006.1	46881	48275	-	AG-333-A04_00682	AG-333-A04	464	OG0000812	K01892	histidyl-tRNA synthetase [EC:6.1.1.21]	COG0124	HisS	Histidyl-tRNA synthetase	AG-333-A04_00679	3
CABYCY010000006.1	48594	48812	-	AG-333-A04_00684	AG-333-A04	72	OG0000914	K03704	cold shock protein	COG1278	CspC	Cold shock protein, CspA family	AG-333-A04_00679	4
CABYCY010000006.1	48971	49186	-	AG-333-A04_00686	AG-333-A04	71	OG0000905	K02518	translation initiation factor IF-1	COG0361	InfA	Translation initiation factor IF-1	AG-333-A04_00679	5
CABYHH010000002.1	56790	57617	+	AG-333-D08_00266	AG-333-D08	275	OG0002797	NA	NA	NA	NA	NA	AG-333-D08_00271	-5
CABYHH010000002.1	57614	58093	+	AG-333-D08_00267	AG-333-D08	159	OG0003842	NA	NA	NA	NA	NA	AG-333-D08_00271	-4
CABYHH010000002.1	58090	58458	+	AG-333-D08_00268	AG-333-D08	122	OG0002573	K07458	DNA mismatch endonuclease, patch repair protein [EC:3.1.-.-]	COG3727	Vsr	G:T-mismatch repair DNA endonuclease Vsr, very short patch repair protein	AG-333-D08_00271	-3
CABYHH010000002.1	58493	58741	+	AG-333-D08_00269	AG-333-D08	82	OG0002883	NA	NA	NA	NA	NA	AG-333-D08_00271	-2
CABYHH010000002.1	58741	58950	+	AG-333-D08_00270	AG-333-D08	69	OG0003002	NA	NA	NA	NA	NA	AG-333-D08_00271	-1
CABYHH010000002.1	58993	60090	+	AG-333-D08_00271	AG-333-D08	365	OG0001004	NA	NA	COG1322	RmuC	DNA anti-recombination protein (rearrangement mutator) RmuC	AG-333-D08_00271	0
CABYHH010000002.1	60128	60814	+	AG-333-D08_00272	AG-333-D08	228	OG0001010	NA	NA	NA	NA	NA	AG-333-D08_00271	1
CABYHH010000002.1	60823	62259	+	AG-333-D08_00273	AG-333-D08	478	OG0000183	NA	NA	COG2925	SbcB	Exonuclease I (degrades ssDNA)	AG-333-D08_00271	2
CABYHH010000002.1	62294	62611	+	AG-333-D08_00274	AG-333-D08	105	OG0000169	NA	NA	COG3118	CnoX	Chaperedoxin CnoX, contains thioredoxin-like and TPR-like domains, YbbN/TrxSC family	AG-333-D08_00271	3
CABYHH010000002.1	62608	63873	-	AG-333-D08_00275	AG-333-D08	421	OG0000181	NA	NA	COG0285	FolC	Folylpolyglutamate synthase/Dihydropteroate synthase	AG-333-D08_00271	4
CABYHH010000002.1	63830	64759	-	AG-333-D08_00276	AG-333-D08	309	OG0000239	K01963	acetyl-CoA carboxylase carboxyl transferase subunit beta [EC:6.4.1.2 2.1.3.15]	COG0777	AccD	Acetyl-CoA carboxylase beta subunit	AG-333-D08_00271	5
CABYPZ010000002.1	49984	50913	+	AG-333-K06_00274	AG-333-K06	309	OG0000239	K01963	acetyl-CoA carboxylase carboxyl transferase subunit beta [EC:6.4.1.2 2.1.3.15]	COG0777	AccD	Acetyl-CoA carboxylase beta subunit	AG-333-K06_00279	-5
CABYPZ010000002.1	50870	52135	+	AG-333-K06_00275	AG-333-K06	421	OG0000181	NA	NA	COG0285	FolC	Folylpolyglutamate synthase/Dihydropteroate synthase	AG-333-K06_00279	-4
CABYPZ010000002.1	52132	52452	-	AG-333-K06_00276	AG-333-K06	106	OG0000169	K03671	thioredoxin 1	COG3118	CnoX	Chaperedoxin CnoX, contains thioredoxin-like and TPR-like domains, YbbN/TrxSC family	AG-333-K06_00279	-3
CABYPZ010000002.1	52519	53949	-	AG-333-K06_00277	AG-333-K06	476	OG0000183	NA	NA	COG2925	SbcB	Exonuclease I (degrades ssDNA)	AG-333-K06_00279	-2
CABYPZ010000002.1	54078	54764	-	AG-333-K06_00278	AG-333-K06	228	OG0001010	NA	NA	COG1074	RecB	3'-5' helicase subunit RecB of the DNA repair enzyme RecBCD (exonuclease V)	AG-333-K06_00279	-1
CABYPZ010000002.1	54802	55866	-	AG-333-K06_00279	AG-333-K06	354	OG0001004	NA	NA	COG1322	RmuC	DNA anti-recombination protein (rearrangement mutator) RmuC	AG-333-K06_00279	0
CABYPZ010000002.1	55881	56588	-	AG-333-K06_00280	AG-333-K06	235	OG0000403	NA	NA	COG0040	HisG	ATP phosphoribosyltransferase	AG-333-K06_00279	1
CABYPZ010000002.1	56560	57405	-	AG-333-K06_00281	AG-333-K06	281	OG0000077	NA	NA	NA	NA	NA	AG-333-K06_00279	2
CABYPZ010000002.1	57402	58448	-	AG-333-K06_00282	AG-333-K06	348	OG0000374	NA	NA	COG3705	HisZ	ATP phosphoribosyltransferase regulatory subunit HisZ	AG-333-K06_00279	3
CABYPZ010000002.1	58426	59820	-	AG-333-K06_00283	AG-333-K06	464	OG0000812	K01892	histidyl-tRNA synthetase [EC:6.1.1.21]	COG0124	HisS	Histidyl-tRNA synthetase	AG-333-K06_00279	4
CABYPZ010000002.1	60131	60340	-	AG-333-K06_00285	AG-333-K06	69	OG0000914	K03704	cold shock protein	COG1278	CspC	Cold shock protein, CspA family	AG-333-K06_00279	5
CABYVA010000018.1	12035	12967	+	AG-333-N15_00871	AG-333-N15	310	OG0000239	K01963	acetyl-CoA carboxylase carboxyl transferase subunit beta [EC:6.4.1.2 2.1.3.15]	COG0777	AccD	Acetyl-CoA carboxylase beta subunit	AG-333-N15_00876	-5
CABYVA010000018.1	12921	14192	+	AG-333-N15_00872	AG-333-N15	423	OG0000181	NA	NA	COG0285	FolC	Folylpolyglutamate synthase/Dihydropteroate synthase	AG-333-N15_00876	-4
CABYVA010000018.1	14189	14509	-	AG-333-N15_00873	AG-333-N15	106	OG0000169	K03671	thioredoxin 1	COG3118	CnoX	Chaperedoxin CnoX, contains thioredoxin-like and TPR-like domains, YbbN/TrxSC family	AG-333-N15_00876	-3
CABYVA010000018.1	14576	16006	-	AG-333-N15_00874	AG-333-N15	476	OG0000183	NA	NA	COG2925	SbcB	Exonuclease I (degrades ssDNA)	AG-333-N15_00876	-2
CABYVA010000018.1	16135	16821	-	AG-333-N15_00875	AG-333-N15	228	OG0001010	NA	NA	COG1074	RecB	3'-5' helicase subunit RecB of the DNA repair enzyme RecBCD (exonuclease V)	AG-333-N15_00876	-1
CABYVA010000018.1	16835	17896	-	AG-333-N15_00876	AG-333-N15	353	OG0001004	NA	NA	COG1322	RmuC	DNA anti-recombination protein (rearrangement mutator) RmuC	AG-333-N15_00876	0
CABYVA010000018.1	17920	18597	-	AG-333-N15_00877	AG-333-N15	225	OG0000403	NA	NA	COG0040	HisG	ATP phosphoribosyltransferase	AG-333-N15_00876	1
CABYVA010000018.1	18598	19443	-	AG-333-N15_00878	AG-333-N15	281	OG0000077	NA	NA	NA	NA	NA	AG-333-N15_00876	2
CABYVA010000018.1	19449	19763	-	AG-333-N15_00879	AG-333-N15	104	OG0000374	NA	NA	COG3705	HisZ	ATP phosphoribosyltransferase regulatory subunit HisZ	AG-333-N15_00876	3
CABZCF010000001.1	23515	23706	-	AG-337-C19_00030	AG-337-C19	63	OG0000169	NA	NA	COG3118	CnoX	Chaperedoxin CnoX, contains thioredoxin-like and TPR-like domains, YbbN/TrxSC family	AG-337-C19_00035	-5
CABZCF010000001.1	23651	23878	-	AG-337-C19_00031	AG-337-C19	75	OG0000169	NA	NA	COG3118	CnoX	Chaperedoxin CnoX, contains thioredoxin-like and TPR-like domains, YbbN/TrxSC family	AG-337-C19_00035	-4
CABZCF010000001.1	23881	23982	-	AG-337-C19_00032	AG-337-C19	33	OG0002889	NA	NA	NA	NA	NA	AG-337-C19_00035	-3
CABZCF010000001.1	23945	25375	-	AG-337-C19_00033	AG-337-C19	476	OG0000183	NA	NA	COG2925	SbcB	Exonuclease I (degrades ssDNA)	AG-337-C19_00035	-2
CABZCF010000001.1	25496	26185	-	AG-337-C19_00034	AG-337-C19	229	OG0001010	NA	NA	NA	NA	NA	AG-337-C19_00035	-1
CABZCF010000001.1	26198	27253	-	AG-337-C19_00035	AG-337-C19	351	OG0001004	NA	NA	COG1322	RmuC	DNA anti-recombination protein (rearrangement mutator) RmuC	AG-337-C19_00035	0
CABZCF010000001.1	27286	27492	-	AG-337-C19_00036	AG-337-C19	68	OG0002666	NA	NA	NA	NA	NA	AG-337-C19_00035	1
CABZCF010000001.1	27500	27772	-	AG-337-C19_00037	AG-337-C19	90	OG0001570	NA	NA	NA	NA	NA	AG-337-C19_00035	2
CABZCF010000001.1	27769	27936	-	AG-337-C19_00038	AG-337-C19	55	OG0001693	NA	NA	NA	NA	NA	AG-337-C19_00035	3
CABZCF010000001.1	28199	28411	-	AG-337-C19_00040	AG-337-C19	70	OG0003856	NA	NA	NA	NA	NA	AG-337-C19_00035	4
CABZCF010000001.1	28616	29146	+	AG-337-C19_00041	AG-337-C19	176	OG0002507	NA	NA	NA	NA	NA	AG-337-C19_00035	5
CABZDS010000001.1	255623	255835	+	AG-337-D16_00266	AG-337-D16	70	OG0000914	K03704	cold shock protein	COG1278	CspC	Cold shock protein, CspA family	AG-337-D16_00272	-5
CABZDS010000001.1	256161	257591	+	AG-337-D16_00268	AG-337-D16	476	OG0000812	K01892	histidyl-tRNA synthetase [EC:6.1.1.21]	COG0124	HisS	Histidyl-tRNA synthetase	AG-337-D16_00272	-4
CABZDS010000001.1	257569	258621	+	AG-337-D16_00269	AG-337-D16	350	OG0000374	NA	NA	COG3705	HisZ	ATP phosphoribosyltransferase regulatory subunit HisZ	AG-337-D16_00272	-3
CABZDS010000001.1	258618	259463	+	AG-337-D16_00270	AG-337-D16	281	OG0000077	NA	NA	NA	NA	NA	AG-337-D16_00272	-2
CABZDS010000001.1	259456	260139	+	AG-337-D16_00271	AG-337-D16	227	OG0000403	NA	NA	COG0040	HisG	ATP phosphoribosyltransferase	AG-337-D16_00272	-1
CABZDS010000001.1	260170	261267	+	AG-337-D16_00272	AG-337-D16	365	OG0001004	NA	NA	COG1322	RmuC	DNA anti-recombination protein (rearrangement mutator) RmuC	AG-337-D16_00272	0
CABZDS010000001.1	261292	261978	+	AG-337-D16_00273	AG-337-D16	228	OG0001010	NA	NA	NA	NA	NA	AG-337-D16_00272	1
CABZDS010000001.1	262102	263535	+	AG-337-D16_00274	AG-337-D16	477	OG0000183	NA	NA	COG2925	SbcB	Exonuclease I (degrades ssDNA)	AG-337-D16_00272	2
CABZDS010000001.1	263602	263922	+	AG-337-D16_00275	AG-337-D16	106	OG0000169	K03671	thioredoxin 1	COG3118	CnoX	Chaperedoxin CnoX, contains thioredoxin-like and TPR-like domains, YbbN/TrxSC family	AG-337-D16_00272	3
CABZDS010000001.1	263919	265184	-	AG-337-D16_00276	AG-337-D16	421	OG0000181	NA	NA	COG0285	FolC	Folylpolyglutamate synthase/Dihydropteroate synthase	AG-337-D16_00272	4
CABZDS010000001.1	265138	266070	-	AG-337-D16_00277	AG-337-D16	310	OG0000239	K01963	acetyl-CoA carboxylase carboxyl transferase subunit beta [EC:6.4.1.2 2.1.3.15]	COG0777	AccD	Acetyl-CoA carboxylase beta subunit	AG-337-D16_00272	5
CABZDW010000014.1	89	544	+	AG-337-D17_00961	AG-337-D17	151	OG0000181	NA	NA	COG0285	FolC	Folylpolyglutamate synthase/Dihydropteroate synthase	AG-337-D17_00966	-5
CABZDW010000014.1	738	1355	+	AG-337-D17_00962	AG-337-D17	205	OG0000181	NA	NA	COG0285	FolC	Folylpolyglutamate synthase/Dihydropteroate synthase	AG-337-D17_00966	-4
CABZDW010000014.1	1352	1669	-	AG-337-D17_00963	AG-337-D17	105	OG0000169	NA	NA	COG3118	CnoX	Chaperedoxin CnoX, contains thioredoxin-like and TPR-like domains, YbbN/TrxSC family	AG-337-D17_00966	-3
CABZDW010000014.1	1704	3140	-	AG-337-D17_00964	AG-337-D17	478	OG0000183	NA	NA	COG2925	SbcB	Exonuclease I (degrades ssDNA)	AG-337-D17_00966	-2
CABZDW010000014.1	3143	3832	-	AG-337-D17_00965	AG-337-D17	229	OG0001010	NA	NA	COG1074	RecB	3'-5' helicase subunit RecB of the DNA repair enzyme RecBCD (exonuclease V)	AG-337-D17_00966	-1
CABZDW010000014.1	3870	4961	-	AG-337-D17_00966	AG-337-D17	363	OG0001004	NA	NA	COG1322	RmuC	DNA anti-recombination protein (rearrangement mutator) RmuC	AG-337-D17_00966	0
CABZDW010000014.1	5109	5795	-	AG-337-D17_00967	AG-337-D17	228	OG0000403	NA	NA	COG0040	HisG	ATP phosphoribosyltransferase	AG-337-D17_00966	1
CABZDW010000014.1	5792	6850	-	AG-337-D17_00968	AG-337-D17	352	OG0000374	NA	NA	COG3705	HisZ	ATP phosphoribosyltransferase regulatory subunit HisZ	AG-337-D17_00966	2
CABZDW010000014.1	6828	8225	-	AG-337-D17_00969	AG-337-D17	465	OG0000812	K01892	histidyl-tRNA synthetase [EC:6.1.1.21]	COG0124	HisS	Histidyl-tRNA synthetase	AG-337-D17_00966	3
CABZDW010000014.1	8373	8474	-	AG-337-D17_00970	AG-337-D17	33	OG0001648	NA	NA	NA	NA	NA	AG-337-D17_00966	4
CABZDW010000014.1	8569	8781	-	AG-337-D17_00971	AG-337-D17	70	OG0000914	K03704	cold shock protein	COG1278	CspC	Cold shock protein, CspA family	AG-337-D17_00966	5
CABZFF010000003.1	68143	68589	-	AG-337-E15_00480	AG-337-E15	148	OG0000998	NA	NA	NA	NA	NA	AG-337-E15_00485	-5
CABZFF010000003.1	68628	69206	-	AG-337-E15_00481	AG-337-E15	192	OG0001093	NA	NA	COG2249	MdaB	Putative NADPH-quinone reductase (modulator of drug activity B)	AG-337-E15_00485	-4
CABZFF010000003.1	69209	69364	-	AG-337-E15_00482	AG-337-E15	51	OG0001817	NA	NA	NA	NA	NA	AG-337-E15_00485	-3
CABZFF010000003.1	69475	70566	+	AG-337-E15_00483	AG-337-E15	363	OG0001540	K06941	23S rRNA (adenine2503-C2)-methyltransferase [EC:2.1.1.192]	COG0820	RlmN	Adenine C2-methylase RlmN of 23S rRNA A2503 and tRNA A37	AG-337-E15_00485	-2
CABZFF010000003.1	70559	71503	+	AG-337-E15_00484	AG-337-E15	314	OG0001311	NA	NA	COG1397	DraG	ADP-ribosylglycohydrolase	AG-337-E15_00485	-1
CABZFF010000003.1	71527	72555	+	AG-337-E15_00485	AG-337-E15	342	OG0001004	NA	NA	COG1322	RmuC	DNA anti-recombination protein (rearrangement mutator) RmuC	AG-337-E15_00485	0
CABZFF010000003.1	72565	73986	+	AG-337-E15_00486	AG-337-E15	473	OG0000183	NA	NA	COG2925	SbcB	Exonuclease I (degrades ssDNA)	AG-337-E15_00485	1
CABZFF010000003.1	74021	74338	+	AG-337-E15_00487	AG-337-E15	105	OG0000169	NA	NA	COG3118	CnoX	Chaperedoxin CnoX, contains thioredoxin-like and TPR-like domains, YbbN/TrxSC family	AG-337-E15_00485	2
CABZFF010000003.1	74335	75597	-	AG-337-E15_00488	AG-337-E15	420	OG0000181	NA	NA	NA	NA	NA	AG-337-E15_00485	3
CABZFF010000003.1	75560	76474	-	AG-337-E15_00489	AG-337-E15	304	OG0000239	K01963	acetyl-CoA carboxylase carboxyl transferase subunit beta [EC:6.4.1.2 2.1.3.15]	COG0777	AccD	Acetyl-CoA carboxylase beta subunit	AG-337-E15_00485	4
CABZFF010000003.1	76471	77271	-	AG-337-E15_00490	AG-337-E15	266	OG0000196	K01695	tryptophan synthase alpha chain [EC:4.2.1.20]	COG0159	TrpA	Tryptophan synthase alpha chain	AG-337-E15_00485	5
CABZHI010000003.1	109227	110156	+	AG-337-G04_00461	AG-337-G04	309	OG0000239	K01963	acetyl-CoA carboxylase carboxyl transferase subunit beta [EC:6.4.1.2 2.1.3.15]	COG0777	AccD	Acetyl-CoA carboxylase beta subunit	AG-337-G04_00466	-5
CABZHI010000003.1	110113	111378	+	AG-337-G04_00462	AG-337-G04	421	OG0000181	NA	NA	COG0285	FolC	Folylpolyglutamate synthase/Dihydropteroate synthase	AG-337-G04_00466	-4
CABZHI010000003.1	111375	111692	-	AG-337-G04_00463	AG-337-G04	105	OG0000169	K03671	thioredoxin 1	COG3118	CnoX	Chaperedoxin CnoX, contains thioredoxin-like and TPR-like domains, YbbN/TrxSC family	AG-337-G04_00466	-3
CABZHI010000003.1	111759	113192	-	AG-337-G04_00464	AG-337-G04	477	OG0000183	NA	NA	COG2925	SbcB	Exonuclease I (degrades ssDNA)	AG-337-G04_00466	-2
CABZHI010000003.1	113317	114003	-	AG-337-G04_00465	AG-337-G04	228	OG0001010	NA	NA	NA	NA	NA	AG-337-G04_00466	-1
CABZHI010000003.1	114015	115115	-	AG-337-G04_00466	AG-337-G04	366	OG0001004	NA	NA	COG1322	RmuC	DNA anti-recombination protein (rearrangement mutator) RmuC	AG-337-G04_00466	0
CABZHI010000003.1	115201	116985	+	AG-337-G04_00467	AG-337-G04	594	OG0002362	NA	NA	COG4938	NA	Predicted ATPase	AG-337-G04_00466	1
CABZHI010000003.1	116988	118151	+	AG-337-G04_00468	AG-337-G04	387	OG0002804	NA	NA	NA	NA	NA	AG-337-G04_00466	2
CABZHI010000003.1	118257	119240	+	AG-337-G04_00469	AG-337-G04	327	OG0002673	NA	NA	NA	NA	NA	AG-337-G04_00466	3
CABZHI010000003.1	119575	120885	+	AG-337-G04_00470	AG-337-G04	436	OG0002298	NA	NA	NA	NA	NA	AG-337-G04_00466	4
CABZHI010000003.1	120885	121547	+	AG-337-G04_00471	AG-337-G04	220	OG0002072	NA	NA	COG0322	UvrC	Excinuclease UvrABC, nuclease subunit	AG-337-G04_00466	5
CABZHM010000011.1	2094	3488	+	AG-337-G11_00772	AG-337-G11	464	OG0000812	K01892	histidyl-tRNA synthetase [EC:6.1.1.21]	COG0124	HisS	Histidyl-tRNA synthetase	AG-337-G11_00777	-5
CABZHM010000011.1	3466	4518	+	AG-337-G11_00773	AG-337-G11	350	OG0000374	NA	NA	COG3705	HisZ	ATP phosphoribosyltransferase regulatory subunit HisZ	AG-337-G11_00777	-4
CABZHM010000011.1	4518	5204	+	AG-337-G11_00774	AG-337-G11	228	OG0000403	NA	NA	COG0040	HisG	ATP phosphoribosyltransferase	AG-337-G11_00777	-3
CABZHM010000011.1	5193	5324	-	AG-337-G11_00775	AG-337-G11	43	OG0001245	NA	NA	NA	NA	NA	AG-337-G11_00777	-2
CABZHM010000011.1	5426	5761	+	AG-337-G11_00776	AG-337-G11	111	OG0001523	NA	NA	NA	NA	NA	AG-337-G11_00777	-1
CABZHM010000011.1	5896	6993	+	AG-337-G11_00777	AG-337-G11	365	OG0001004	NA	NA	COG1322	RmuC	DNA anti-recombination protein (rearrangement mutator) RmuC	AG-337-G11_00777	0
CABZHM010000011.1	7031	7717	+	AG-337-G11_00778	AG-337-G11	228	OG0001010	NA	NA	NA	NA	NA	AG-337-G11_00777	1
CABZHM010000011.1	7726	9162	+	AG-337-G11_00779	AG-337-G11	478	OG0000183	NA	NA	COG2925	SbcB	Exonuclease I (degrades ssDNA)	AG-337-G11_00777	2
CABZHM010000011.1	9197	9514	+	AG-337-G11_00780	AG-337-G11	105	OG0000169	NA	NA	COG3118	CnoX	Chaperedoxin CnoX, contains thioredoxin-like and TPR-like domains, YbbN/TrxSC family	AG-337-G11_00777	3
CABZHM010000011.1	9511	10779	-	AG-337-G11_00781	AG-337-G11	422	OG0000181	NA	NA	COG0285	FolC	Folylpolyglutamate synthase/Dihydropteroate synthase	AG-337-G11_00777	4
CABZHM010000011.1	10733	11335	-	AG-337-G11_00782	AG-337-G11	200	OG0000239	NA	NA	COG0777	AccD	Acetyl-CoA carboxylase beta subunit	AG-337-G11_00777	5
CACABC010000001.1	55543	56664	+	AG-343-E17_00057	AG-343-E17	373	OG0000687	NA	NA	COG4913	NA	Uncharacterized conserved protein, contains a C-terminal ATPase domain	AG-343-E17_00062	-5
CACABC010000001.1	56657	57739	-	AG-343-E17_00058	AG-343-E17	360	OG0000392	K13985	N-acyl-phosphatidylethanolamine-hydrolysing phospholipase D [EC:3.1.4.54]	COG2220	UlaG	L-ascorbate lactonase UlaG, metallo-beta-lactamase superfamily	AG-343-E17_00062	-4
CACABC010000001.1	57858	58070	-	AG-343-E17_00059	AG-343-E17	70	OG0001436	NA	NA	NA	NA	NA	AG-343-E17_00062	-3
CACABC010000001.1	58124	58921	-	AG-343-E17_00060	AG-343-E17	265	OG0000927	NA	NA	COG2175	TauD	Taurine dioxygenase, alpha-ketoglutarate-dependent	AG-343-E17_00062	-2
CACABC010000001.1	58921	59538	-	AG-343-E17_00061	AG-343-E17	205	OG0000965	NA	NA	NA	NA	NA	AG-343-E17_00062	-1
CACABC010000001.1	59596	60627	+	AG-343-E17_00062	AG-343-E17	343	OG0001004	NA	NA	COG1322	RmuC	DNA anti-recombination protein (rearrangement mutator) RmuC	AG-343-E17_00062	0
CACABC010000001.1	60641	62071	+	AG-343-E17_00063	AG-343-E17	476	OG0000183	NA	NA	COG2925	SbcB	Exonuclease I (degrades ssDNA)	AG-343-E17_00062	1
CACABC010000001.1	62102	62422	+	AG-343-E17_00064	AG-343-E17	106	OG0000169	K03671	thioredoxin 1	COG3118	CnoX	Chaperedoxin CnoX, contains thioredoxin-like and TPR-like domains, YbbN/TrxSC family	AG-343-E17_00062	2
CACABC010000001.1	62419	63675	-	AG-343-E17_00065	AG-343-E17	418	OG0000181	NA	NA	COG0285	FolC	Folylpolyglutamate synthase/Dihydropteroate synthase	AG-343-E17_00062	3
CACABC010000001.1	63626	64546	-	AG-343-E17_00066	AG-343-E17	306	OG0000239	K01963	acetyl-CoA carboxylase carboxyl transferase subunit beta [EC:6.4.1.2 2.1.3.15]	COG0777	AccD	Acetyl-CoA carboxylase beta subunit	AG-343-E17_00062	4
CACABC010000001.1	64543	65343	-	AG-343-E17_00067	AG-343-E17	266	OG0000196	K01695	tryptophan synthase alpha chain [EC:4.2.1.20]	COG0159	TrpA	Tryptophan synthase alpha chain	AG-343-E17_00062	5
CACAYM010000003.1	26387	27784	+	AG-349-I05_00562	AG-349-I05	465	OG0000812	K01892	histidyl-tRNA synthetase [EC:6.1.1.21]	COG0124	HisS	Histidyl-tRNA synthetase	AG-349-I05_00567	-5
CACAYM010000003.1	27762	28406	+	AG-349-I05_00563	AG-349-I05	214	OG0000374	NA	NA	COG3705	HisZ	ATP phosphoribosyltransferase regulatory subunit HisZ	AG-349-I05_00567	-4
CACAYM010000003.1	28384	28824	+	AG-349-I05_00564	AG-349-I05	146	OG0000374	NA	NA	COG0124	HisS	Histidyl-tRNA synthetase	AG-349-I05_00567	-3
CACAYM010000003.1	28817	29509	+	AG-349-I05_00565	AG-349-I05	230	OG0000403	NA	NA	COG0040	HisG	ATP phosphoribosyltransferase	AG-349-I05_00567	-2
CACAYM010000003.1	29492	29617	-	AG-349-I05_00566	AG-349-I05	41	OG0001245	NA	NA	NA	NA	NA	AG-349-I05_00567	-1
CACAYM010000003.1	29649	30518	+	AG-349-I05_00567	AG-349-I05	289	OG0001004	NA	NA	COG1322	RmuC	DNA anti-recombination protein (rearrangement mutator) RmuC	AG-349-I05_00567	0
CACAYM010000003.1	30556	30702	+	AG-349-I05_00568	AG-349-I05	48	NA	NA	NA	NA	NA	NA	AG-349-I05_00567	1
CACAYM010000003.1	30739	31425	+	AG-349-I05_00569	AG-349-I05	228	OG0001010	NA	NA	NA	NA	NA	AG-349-I05_00567	2
CACAYM010000003.1	31541	32974	+	AG-349-I05_00570	AG-349-I05	477	OG0000183	NA	NA	COG2925	SbcB	Exonuclease I (degrades ssDNA)	AG-349-I05_00567	3
CACAYM010000003.1	33009	33326	+	AG-349-I05_00571	AG-349-I05	105	OG0000169	NA	NA	COG3118	CnoX	Chaperedoxin CnoX, contains thioredoxin-like and TPR-like domains, YbbN/TrxSC family	AG-349-I05_00567	4
CACAYM010000003.1	33323	34591	-	AG-349-I05_00572	AG-349-I05	422	OG0000181	NA	NA	COG0285	FolC	Folylpolyglutamate synthase/Dihydropteroate synthase	AG-349-I05_00567	5
CACBGQ010000002.1	33114	34043	+	AG-349-O05_00184	AG-349-O05	309	OG0000239	K01963	acetyl-CoA carboxylase carboxyl transferase subunit beta [EC:6.4.1.2 2.1.3.15]	COG0777	AccD	Acetyl-CoA carboxylase beta subunit	AG-349-O05_00189	-5
CACBGQ010000002.1	33997	35265	+	AG-349-O05_00185	AG-349-O05	422	OG0000181	NA	NA	COG0285	FolC	Folylpolyglutamate synthase/Dihydropteroate synthase	AG-349-O05_00189	-4
CACBGQ010000002.1	35262	35579	-	AG-349-O05_00186	AG-349-O05	105	OG0000169	NA	NA	COG3118	CnoX	Chaperedoxin CnoX, contains thioredoxin-like and TPR-like domains, YbbN/TrxSC family	AG-349-O05_00189	-3
CACBGQ010000002.1	35614	37050	-	AG-349-O05_00187	AG-349-O05	478	OG0000183	NA	NA	COG2925	SbcB	Exonuclease I (degrades ssDNA)	AG-349-O05_00189	-2
CACBGQ010000002.1	37057	37743	-	AG-349-O05_00188	AG-349-O05	228	OG0001010	NA	NA	COG1074	RecB	3'-5' helicase subunit RecB of the DNA repair enzyme RecBCD (exonuclease V)	AG-349-O05_00189	-1
CACBGQ010000002.1	37781	38878	-	AG-349-O05_00189	AG-349-O05	365	OG0001004	NA	NA	COG1322	RmuC	DNA anti-recombination protein (rearrangement mutator) RmuC	AG-349-O05_00189	0
CACBGQ010000002.1	38943	39074	+	AG-349-O05_00190	AG-349-O05	43	OG0001245	NA	NA	NA	NA	NA	AG-349-O05_00189	1
CACBGQ010000002.1	39057	39752	-	AG-349-O05_00191	AG-349-O05	231	OG0000403	NA	NA	COG0040	HisG	ATP phosphoribosyltransferase	AG-349-O05_00189	2
CACBGQ010000002.1	39739	40584	-	AG-349-O05_00192	AG-349-O05	281	OG0000077	NA	NA	NA	NA	NA	AG-349-O05_00189	3
CACBGQ010000002.1	40588	41634	-	AG-349-O05_00193	AG-349-O05	348	OG0000374	NA	NA	COG3705	HisZ	ATP phosphoribosyltransferase regulatory subunit HisZ	AG-349-O05_00189	4
CACBGQ010000002.1	41612	43006	-	AG-349-O05_00194	AG-349-O05	464	OG0000812	K01892	histidyl-tRNA synthetase [EC:6.1.1.21]	COG0124	HisS	Histidyl-tRNA synthetase	AG-349-O05_00189	5
CACBKI010000007.1	15376	16308	+	AG-359-B05_00639	AG-359-B05	310	OG0000239	K01963	acetyl-CoA carboxylase carboxyl transferase subunit beta [EC:6.4.1.2 2.1.3.15]	COG0777	AccD	Acetyl-CoA carboxylase beta subunit	AG-359-B05_00644	-5
CACBKI010000007.1	16262	17527	+	AG-359-B05_00640	AG-359-B05	421	OG0000181	NA	NA	COG0285	FolC	Folylpolyglutamate synthase/Dihydropteroate synthase	AG-359-B05_00644	-4
CACBKI010000007.1	17524	17844	-	AG-359-B05_00641	AG-359-B05	106	OG0000169	K03671	thioredoxin 1	COG3118	CnoX	Chaperedoxin CnoX, contains thioredoxin-like and TPR-like domains, YbbN/TrxSC family	AG-359-B05_00644	-3
CACBKI010000007.1	17911	19344	-	AG-359-B05_00642	AG-359-B05	477	OG0000183	NA	NA	COG2925	SbcB	Exonuclease I (degrades ssDNA)	AG-359-B05_00644	-2
CACBKI010000007.1	19469	20155	-	AG-359-B05_00643	AG-359-B05	228	OG0001010	NA	NA	NA	NA	NA	AG-359-B05_00644	-1
CACBKI010000007.1	20179	21276	-	AG-359-B05_00644	AG-359-B05	365	OG0001004	NA	NA	COG1322	RmuC	DNA anti-recombination protein (rearrangement mutator) RmuC	AG-359-B05_00644	0
CACBKI010000007.1	21318	21989	-	AG-359-B05_00645	AG-359-B05	223	OG0000403	NA	NA	COG0040	HisG	ATP phosphoribosyltransferase	AG-359-B05_00644	1
CACBKI010000007.1	21982	22827	-	AG-359-B05_00646	AG-359-B05	281	OG0000077	NA	NA	NA	NA	NA	AG-359-B05_00644	2
CACBKI010000007.1	22824	23876	-	AG-359-B05_00647	AG-359-B05	350	OG0000374	NA	NA	COG3705	HisZ	ATP phosphoribosyltransferase regulatory subunit HisZ	AG-359-B05_00644	3
CACBKI010000007.1	23854	25284	-	AG-359-B05_00648	AG-359-B05	476	OG0000812	K01892	histidyl-tRNA synthetase [EC:6.1.1.21]	COG0124	HisS	Histidyl-tRNA synthetase	AG-359-B05_00644	4
CACBKI010000007.1	25415	25567	-	AG-359-B05_00650	AG-359-B05	50	OG0002047	NA	NA	NA	NA	NA	AG-359-B05_00644	5
CACBKZ010000001.1	32391	33320	+	AG-359-C09_00034	AG-359-C09	309	OG0000239	K01963	acetyl-CoA carboxylase carboxyl transferase subunit beta [EC:6.4.1.2 2.1.3.15]	COG0777	AccD	Acetyl-CoA carboxylase beta subunit	AG-359-C09_00039	-5
CACBKZ010000001.1	33274	34542	+	AG-359-C09_00035	AG-359-C09	422	OG0000181	NA	NA	COG0285	FolC	Folylpolyglutamate synthase/Dihydropteroate synthase	AG-359-C09_00039	-4
CACBKZ010000001.1	34539	34856	-	AG-359-C09_00036	AG-359-C09	105	OG0000169	NA	NA	COG3118	CnoX	Chaperedoxin CnoX, contains thioredoxin-like and TPR-like domains, YbbN/TrxSC family	AG-359-C09_00039	-3
CACBKZ010000001.1	34891	36327	-	AG-359-C09_00037	AG-359-C09	478	OG0000183	NA	NA	COG2925	SbcB	Exonuclease I (degrades ssDNA)	AG-359-C09_00039	-2
CACBKZ010000001.1	36336	37022	-	AG-359-C09_00038	AG-359-C09	228	OG0001010	NA	NA	COG1074	RecB	3'-5' helicase subunit RecB of the DNA repair enzyme RecBCD (exonuclease V)	AG-359-C09_00039	-1
CACBKZ010000001.1	37060	38157	-	AG-359-C09_00039	AG-359-C09	365	OG0001004	NA	NA	COG1322	RmuC	DNA anti-recombination protein (rearrangement mutator) RmuC	AG-359-C09_00039	0
CACBKZ010000001.1	38222	38356	+	AG-359-C09_00040	AG-359-C09	44	OG0001245	NA	NA	NA	NA	NA	AG-359-C09_00039	1
CACBKZ010000001.1	38336	39028	-	AG-359-C09_00041	AG-359-C09	230	OG0000403	NA	NA	COG0040	HisG	ATP phosphoribosyltransferase	AG-359-C09_00039	2
CACBKZ010000001.1	39032	40075	-	AG-359-C09_00042	AG-359-C09	347	OG0000374	NA	NA	COG3705	HisZ	ATP phosphoribosyltransferase regulatory subunit HisZ	AG-359-C09_00039	3
CACBKZ010000001.1	40053	41447	-	AG-359-C09_00043	AG-359-C09	464	OG0000812	K01892	histidyl-tRNA synthetase [EC:6.1.1.21]	COG0124	HisS	Histidyl-tRNA synthetase	AG-359-C09_00039	4
CACBKZ010000001.1	41756	41968	-	AG-359-C09_00045	AG-359-C09	70	OG0000914	K03704	cold shock protein	COG1278	CspC	Cold shock protein, CspA family	AG-359-C09_00039	5
CACBMB010000004.1	33176	34111	+	AG-359-D09_00589	AG-359-D09	311	OG0000239	K01963	acetyl-CoA carboxylase carboxyl transferase subunit beta [EC:6.4.1.2 2.1.3.15]	COG0777	AccD	Acetyl-CoA carboxylase beta subunit	AG-359-D09_00594	-5
CACBMB010000004.1	34065	35333	+	AG-359-D09_00590	AG-359-D09	422	OG0000181	NA	NA	COG0285	FolC	Folylpolyglutamate synthase/Dihydropteroate synthase	AG-359-D09_00594	-4
CACBMB010000004.1	35330	35647	-	AG-359-D09_00591	AG-359-D09	105	OG0000169	NA	NA	COG3118	CnoX	Chaperedoxin CnoX, contains thioredoxin-like and TPR-like domains, YbbN/TrxSC family	AG-359-D09_00594	-3
CACBMB010000004.1	35682	37118	-	AG-359-D09_00592	AG-359-D09	478	OG0000183	NA	NA	COG2925	SbcB	Exonuclease I (degrades ssDNA)	AG-359-D09_00594	-2
CACBMB010000004.1	37124	37810	-	AG-359-D09_00593	AG-359-D09	228	OG0001010	NA	NA	NA	NA	NA	AG-359-D09_00594	-1
CACBMB010000004.1	37848	38933	-	AG-359-D09_00594	AG-359-D09	361	OG0001004	NA	NA	COG1322	RmuC	DNA anti-recombination protein (rearrangement mutator) RmuC	AG-359-D09_00594	0
CACBMB010000004.1	38964	39095	+	AG-359-D09_00595	AG-359-D09	43	OG0001245	NA	NA	NA	NA	NA	AG-359-D09_00594	1
CACBMB010000004.1	39081	39767	-	AG-359-D09_00596	AG-359-D09	228	OG0000403	NA	NA	COG0040	HisG	ATP phosphoribosyltransferase	AG-359-D09_00594	2
CACBMB010000004.1	39770	40822	-	AG-359-D09_00597	AG-359-D09	350	OG0000374	NA	NA	COG3705	HisZ	ATP phosphoribosyltransferase regulatory subunit HisZ	AG-359-D09_00594	3
CACBMB010000004.1	40800	42194	-	AG-359-D09_00598	AG-359-D09	464	OG0000812	K01892	histidyl-tRNA synthetase [EC:6.1.1.21]	COG0124	HisS	Histidyl-tRNA synthetase	AG-359-D09_00594	4
CACBMB010000004.1	42544	42756	-	AG-359-D09_00599	AG-359-D09	70	OG0000914	K03704	cold shock protein	COG1278	CspC	Cold shock protein, CspA family	AG-359-D09_00594	5
CACBOG010000003.1	132799	133014	+	AG-359-F04_00544	AG-359-F04	71	OG0000905	K02518	translation initiation factor IF-1	COG0361	InfA	Translation initiation factor IF-1	AG-359-F04_00550	-5
CACBOG010000003.1	133174	133386	+	AG-359-F04_00546	AG-359-F04	70	OG0000914	K03704	cold shock protein	COG1278	CspC	Cold shock protein, CspA family	AG-359-F04_00550	-4
CACBOG010000003.1	133731	135128	+	AG-359-F04_00547	AG-359-F04	465	OG0000812	K01892	histidyl-tRNA synthetase [EC:6.1.1.21]	COG0124	HisS	Histidyl-tRNA synthetase	AG-359-F04_00550	-3
CACBOG010000003.1	135106	136164	+	AG-359-F04_00548	AG-359-F04	352	OG0000374	NA	NA	COG3705	HisZ	ATP phosphoribosyltransferase regulatory subunit HisZ	AG-359-F04_00550	-2
CACBOG010000003.1	136161	136847	+	AG-359-F04_00549	AG-359-F04	228	OG0000403	NA	NA	COG0040	HisG	ATP phosphoribosyltransferase	AG-359-F04_00550	-1
CACBOG010000003.1	136952	138022	+	AG-359-F04_00550	AG-359-F04	356	OG0001004	NA	NA	COG1322	RmuC	DNA anti-recombination protein (rearrangement mutator) RmuC	AG-359-F04_00550	0
CACBOG010000003.1	138060	138746	+	AG-359-F04_00551	AG-359-F04	228	OG0001010	NA	NA	NA	NA	NA	AG-359-F04_00550	1
CACBOG010000003.1	138753	140189	+	AG-359-F04_00552	AG-359-F04	478	OG0000183	NA	NA	COG2925	SbcB	Exonuclease I (degrades ssDNA)	AG-359-F04_00550	2
CACBOG010000003.1	140224	140541	+	AG-359-F04_00553	AG-359-F04	105	OG0000169	NA	NA	COG3118	CnoX	Chaperedoxin CnoX, contains thioredoxin-like and TPR-like domains, YbbN/TrxSC family	AG-359-F04_00550	3
CACBOG010000003.1	140538	141806	-	AG-359-F04_00554	AG-359-F04	422	OG0000181	NA	NA	COG0285	FolC	Folylpolyglutamate synthase/Dihydropteroate synthase	AG-359-F04_00550	4
CACBOG010000003.1	141760	142695	-	AG-359-F04_00555	AG-359-F04	311	OG0000239	K01963	acetyl-CoA carboxylase carboxyl transferase subunit beta [EC:6.4.1.2 2.1.3.15]	COG0777	AccD	Acetyl-CoA carboxylase beta subunit	AG-359-F04_00550	5
CACBQD010000009.1	17823	18755	+	AG-359-G17_00697	AG-359-G17	310	OG0000239	K01963	acetyl-CoA carboxylase carboxyl transferase subunit beta [EC:6.4.1.2 2.1.3.15]	COG0777	AccD	Acetyl-CoA carboxylase beta subunit	AG-359-G17_00702	-5
CACBQD010000009.1	18709	19974	+	AG-359-G17_00698	AG-359-G17	421	OG0000181	NA	NA	COG0285	FolC	Folylpolyglutamate synthase/Dihydropteroate synthase	AG-359-G17_00702	-4
CACBQD010000009.1	19971	20291	-	AG-359-G17_00699	AG-359-G17	106	OG0000169	K03671	thioredoxin 1	COG3118	CnoX	Chaperedoxin CnoX, contains thioredoxin-like and TPR-like domains, YbbN/TrxSC family	AG-359-G17_00702	-3
CACBQD010000009.1	20358	21791	-	AG-359-G17_00700	AG-359-G17	477	OG0000183	NA	NA	COG2925	SbcB	Exonuclease I (degrades ssDNA)	AG-359-G17_00702	-2
CACBQD010000009.1	21916	22602	-	AG-359-G17_00701	AG-359-G17	228	OG0001010	NA	NA	NA	NA	NA	AG-359-G17_00702	-1
CACBQD010000009.1	22627	23724	-	AG-359-G17_00702	AG-359-G17	365	OG0001004	NA	NA	COG1322	RmuC	DNA anti-recombination protein (rearrangement mutator) RmuC	AG-359-G17_00702	0
CACBQD010000009.1	23755	24438	-	AG-359-G17_00703	AG-359-G17	227	OG0000403	NA	NA	COG0040	HisG	ATP phosphoribosyltransferase	AG-359-G17_00702	1
CACBQD010000009.1	24435	25487	-	AG-359-G17_00704	AG-359-G17	350	OG0000374	NA	NA	COG3705	HisZ	ATP phosphoribosyltransferase regulatory subunit HisZ	AG-359-G17_00702	2
CACBQD010000009.1	25465	26895	-	AG-359-G17_00705	AG-359-G17	476	OG0000812	K01892	histidyl-tRNA synthetase [EC:6.1.1.21]	COG0124	HisS	Histidyl-tRNA synthetase	AG-359-G17_00702	3
CACBQD010000009.1	27221	27433	-	AG-359-G17_00707	AG-359-G17	70	OG0000914	K03704	cold shock protein	COG1278	CspC	Cold shock protein, CspA family	AG-359-G17_00702	4
CACBQD010000009.1	27627	27842	-	AG-359-G17_00709	AG-359-G17	71	OG0000905	K02518	translation initiation factor IF-1	COG0361	InfA	Translation initiation factor IF-1	AG-359-G17_00702	5
CACBWH010000002.1	13074	14003	+	AG-359-M21_00386	AG-359-M21	309	OG0000239	K01963	acetyl-CoA carboxylase carboxyl transferase subunit beta [EC:6.4.1.2 2.1.3.15]	COG0777	AccD	Acetyl-CoA carboxylase beta subunit	AG-359-M21_00391	-5
CACBWH010000002.1	13957	15225	+	AG-359-M21_00387	AG-359-M21	422	OG0000181	NA	NA	COG0285	FolC	Folylpolyglutamate synthase/Dihydropteroate synthase	AG-359-M21_00391	-4
CACBWH010000002.1	15222	15539	-	AG-359-M21_00388	AG-359-M21	105	OG0000169	NA	NA	COG3118	CnoX	Chaperedoxin CnoX, contains thioredoxin-like and TPR-like domains, YbbN/TrxSC family	AG-359-M21_00391	-3
CACBWH010000002.1	15574	17010	-	AG-359-M21_00389	AG-359-M21	478	OG0000183	NA	NA	COG2925	SbcB	Exonuclease I (degrades ssDNA)	AG-359-M21_00391	-2
CACBWH010000002.1	17019	17705	-	AG-359-M21_00390	AG-359-M21	228	OG0001010	NA	NA	COG1074	RecB	3'-5' helicase subunit RecB of the DNA repair enzyme RecBCD (exonuclease V)	AG-359-M21_00391	-1
CACBWH010000002.1	17743	18837	-	AG-359-M21_00391	AG-359-M21	364	OG0001004	NA	NA	COG1322	RmuC	DNA anti-recombination protein (rearrangement mutator) RmuC	AG-359-M21_00391	0
CACBWH010000002.1	18947	19639	-	AG-359-M21_00392	AG-359-M21	230	OG0000403	NA	NA	COG0040	HisG	ATP phosphoribosyltransferase	AG-359-M21_00391	1
CACBWH010000002.1	19643	20686	-	AG-359-M21_00393	AG-359-M21	347	OG0000374	NA	NA	COG3705	HisZ	ATP phosphoribosyltransferase regulatory subunit HisZ	AG-359-M21_00391	2
CACBWH010000002.1	20664	22058	-	AG-359-M21_00394	AG-359-M21	464	OG0000812	K01892	histidyl-tRNA synthetase [EC:6.1.1.21]	COG0124	HisS	Histidyl-tRNA synthetase	AG-359-M21_00391	3
CACBWH010000002.1	22367	22579	-	AG-359-M21_00396	AG-359-M21	70	OG0000914	K03704	cold shock protein	COG1278	CspC	Cold shock protein, CspA family	AG-359-M21_00391	4
CACBWH010000002.1	22743	22958	-	AG-359-M21_00398	AG-359-M21	71	OG0000905	K02518	translation initiation factor IF-1	COG0361	InfA	Translation initiation factor IF-1	AG-359-M21_00391	5
CACBYE010000011.1	7097	7198	+	AG-359-P18_01100	AG-359-P18	33	OG0001648	NA	NA	NA	NA	NA	AG-359-P18_01105	-5
CACBYE010000011.1	7346	8743	+	AG-359-P18_01101	AG-359-P18	465	OG0000812	K01892	histidyl-tRNA synthetase [EC:6.1.1.21]	COG0124	HisS	Histidyl-tRNA synthetase	AG-359-P18_01105	-4
CACBYE010000011.1	8721	9779	+	AG-359-P18_01102	AG-359-P18	352	OG0000374	NA	NA	COG3705	HisZ	ATP phosphoribosyltransferase regulatory subunit HisZ	AG-359-P18_01105	-3
CACBYE010000011.1	9776	10462	+	AG-359-P18_01103	AG-359-P18	228	OG0000403	NA	NA	COG0040	HisG	ATP phosphoribosyltransferase	AG-359-P18_01105	-2
CACBYE010000011.1	10448	10579	-	AG-359-P18_01104	AG-359-P18	43	OG0001245	NA	NA	NA	NA	NA	AG-359-P18_01105	-1
CACBYE010000011.1	10610	11701	+	AG-359-P18_01105	AG-359-P18	363	OG0001004	NA	NA	COG1322	RmuC	DNA anti-recombination protein (rearrangement mutator) RmuC	AG-359-P18_01105	0
CACBYE010000011.1	11739	12425	+	AG-359-P18_01106	AG-359-P18	228	OG0001010	NA	NA	NA	NA	NA	AG-359-P18_01105	1
CACBYE010000011.1	12432	13868	+	AG-359-P18_01107	AG-359-P18	478	OG0000183	NA	NA	COG2925	SbcB	Exonuclease I (degrades ssDNA)	AG-359-P18_01105	2
CACBYE010000011.1	13903	14220	+	AG-359-P18_01108	AG-359-P18	105	OG0000169	NA	NA	COG3118	CnoX	Chaperedoxin CnoX, contains thioredoxin-like and TPR-like domains, YbbN/TrxSC family	AG-359-P18_01105	3
CACBYE010000011.1	14217	15215	-	AG-359-P18_01109	AG-359-P18	332	OG0000181	NA	NA	COG0285	FolC	Folylpolyglutamate synthase/Dihydropteroate synthase	AG-359-P18_01105	4
CACDII010000004.1	12634	13566	+	AG-365-L04_00617	AG-365-L04	310	OG0000239	K01963	acetyl-CoA carboxylase carboxyl transferase subunit beta [EC:6.4.1.2 2.1.3.15]	COG0777	AccD	Acetyl-CoA carboxylase beta subunit	AG-365-L04_00622	-5
CACDII010000004.1	13520	14791	+	AG-365-L04_00618	AG-365-L04	423	OG0000181	NA	NA	COG0285	FolC	Folylpolyglutamate synthase/Dihydropteroate synthase	AG-365-L04_00622	-4
CACDII010000004.1	14788	15108	-	AG-365-L04_00619	AG-365-L04	106	OG0000169	K03671	thioredoxin 1	COG3118	CnoX	Chaperedoxin CnoX, contains thioredoxin-like and TPR-like domains, YbbN/TrxSC family	AG-365-L04_00622	-3
CACDII010000004.1	15175	16605	-	AG-365-L04_00620	AG-365-L04	476	OG0000183	NA	NA	COG2925	SbcB	Exonuclease I (degrades ssDNA)	AG-365-L04_00622	-2
CACDII010000004.1	16734	17420	-	AG-365-L04_00621	AG-365-L04	228	OG0001010	NA	NA	COG1074	RecB	3'-5' helicase subunit RecB of the DNA repair enzyme RecBCD (exonuclease V)	AG-365-L04_00622	-1
CACDII010000004.1	17441	18496	-	AG-365-L04_00622	AG-365-L04	351	OG0001004	NA	NA	COG1322	RmuC	DNA anti-recombination protein (rearrangement mutator) RmuC	AG-365-L04_00622	0
CACDII010000004.1	18521	19198	-	AG-365-L04_00623	AG-365-L04	225	OG0000403	NA	NA	COG0040	HisG	ATP phosphoribosyltransferase	AG-365-L04_00622	1
CACDII010000004.1	19199	20038	-	AG-365-L04_00624	AG-365-L04	279	OG0000077	NA	NA	NA	NA	NA	AG-365-L04_00622	2
CACDII010000004.1	20050	21099	-	AG-365-L04_00625	AG-365-L04	349	OG0000374	NA	NA	COG3705	HisZ	ATP phosphoribosyltransferase regulatory subunit HisZ	AG-365-L04_00622	3
CACDII010000004.1	21077	22411	-	AG-365-L04_00626	AG-365-L04	444	OG0000812	K01892	histidyl-tRNA synthetase [EC:6.1.1.21]	COG0124	HisS	Histidyl-tRNA synthetase	AG-365-L04_00622	4
CACDII010000004.1	22725	22934	-	AG-365-L04_00628	AG-365-L04	69	OG0000914	K03704	cold shock protein	COG1278	CspC	Cold shock protein, CspA family	AG-365-L04_00622	5
CACDRL010000006.1	77711	78640	+	AG-390-C17_00830	AG-390-C17	309	OG0000239	K01963	acetyl-CoA carboxylase carboxyl transferase subunit beta [EC:6.4.1.2 2.1.3.15]	COG0777	AccD	Acetyl-CoA carboxylase beta subunit	AG-390-C17_00835	-5
CACDRL010000006.1	78594	79859	+	AG-390-C17_00831	AG-390-C17	421	OG0000181	NA	NA	COG0285	FolC	Folylpolyglutamate synthase/Dihydropteroate synthase	AG-390-C17_00835	-4
CACDRL010000006.1	79856	80173	-	AG-390-C17_00832	AG-390-C17	105	OG0000169	NA	NA	COG3118	CnoX	Chaperedoxin CnoX, contains thioredoxin-like and TPR-like domains, YbbN/TrxSC family	AG-390-C17_00835	-3
CACDRL010000006.1	80208	81644	-	AG-390-C17_00833	AG-390-C17	478	OG0000183	NA	NA	COG2925	SbcB	Exonuclease I (degrades ssDNA)	AG-390-C17_00835	-2
CACDRL010000006.1	81660	82346	-	AG-390-C17_00834	AG-390-C17	228	OG0001010	NA	NA	COG1074	RecB	3'-5' helicase subunit RecB of the DNA repair enzyme RecBCD (exonuclease V)	AG-390-C17_00835	-1
CACDRL010000006.1	82384	83481	-	AG-390-C17_00835	AG-390-C17	365	OG0001004	NA	NA	COG1322	RmuC	DNA anti-recombination protein (rearrangement mutator) RmuC	AG-390-C17_00835	0
CACDRL010000006.1	83608	84300	-	AG-390-C17_00836	AG-390-C17	230	OG0000403	NA	NA	COG0040	HisG	ATP phosphoribosyltransferase	AG-390-C17_00835	1
CACDRL010000006.1	84300	85352	-	AG-390-C17_00837	AG-390-C17	350	OG0000374	NA	NA	COG3705	HisZ	ATP phosphoribosyltransferase regulatory subunit HisZ	AG-390-C17_00835	2
CACDRL010000006.1	85330	86724	-	AG-390-C17_00838	AG-390-C17	464	OG0000812	K01892	histidyl-tRNA synthetase [EC:6.1.1.21]	COG0124	HisS	Histidyl-tRNA synthetase	AG-390-C17_00835	3
CACDRL010000006.1	86867	86974	+	AG-390-C17_00839	AG-390-C17	35	OG0001899	NA	NA	NA	NA	NA	AG-390-C17_00835	4
CACDRL010000006.1	87039	87251	-	AG-390-C17_00840	AG-390-C17	70	OG0000914	K03704	cold shock protein	COG1278	CspC	Cold shock protein, CspA family	AG-390-C17_00835	5
CACDTD010000001.1	39124	40080	+	AG-390-C22_00045	AG-390-C22	318	OG0001311	NA	NA	COG1397	DraG	ADP-ribosylglycohydrolase	AG-390-C22_00050	-5
CACDTD010000001.1	40072	40617	-	AG-390-C22_00046	AG-390-C22	181	OG0001556	NA	NA	COG4942	EnvC	Septal ring factor EnvC, activator of murein hydrolases AmiA and AmiB	AG-390-C22_00050	-4
CACDTD010000001.1	40726	41082	+	AG-390-C22_00047	AG-390-C22	118	OG0002600	NA	NA	NA	NA	NA	AG-390-C22_00050	-3
CACDTD010000001.1	41084	41851	+	AG-390-C22_00048	AG-390-C22	255	OG0002601	NA	NA	NA	NA	NA	AG-390-C22_00050	-2
CACDTD010000001.1	41829	42035	+	AG-390-C22_00049	AG-390-C22	68	OG0003486	NA	NA	NA	NA	NA	AG-390-C22_00050	-1
CACDTD010000001.1	42057	43085	+	AG-390-C22_00050	AG-390-C22	342	OG0001004	NA	NA	COG1322	RmuC	DNA anti-recombination protein (rearrangement mutator) RmuC	AG-390-C22_00050	0
CACDTD010000001.1	43092	44513	+	AG-390-C22_00051	AG-390-C22	473	OG0000183	NA	NA	COG2925	SbcB	Exonuclease I (degrades ssDNA)	AG-390-C22_00050	1
CACDTD010000001.1	44548	44865	+	AG-390-C22_00052	AG-390-C22	105	OG0000169	K03671	thioredoxin 1	COG3118	CnoX	Chaperedoxin CnoX, contains thioredoxin-like and TPR-like domains, YbbN/TrxSC family	AG-390-C22_00050	2
CACDTD010000001.1	44862	46124	-	AG-390-C22_00053	AG-390-C22	420	OG0000181	NA	NA	COG0285	FolC	Folylpolyglutamate synthase/Dihydropteroate synthase	AG-390-C22_00050	3
CACDTD010000001.1	46087	47004	-	AG-390-C22_00054	AG-390-C22	305	OG0000239	K01963	acetyl-CoA carboxylase carboxyl transferase subunit beta [EC:6.4.1.2 2.1.3.15]	COG0777	AccD	Acetyl-CoA carboxylase beta subunit	AG-390-C22_00050	4
CACDTD010000001.1	47001	47801	-	AG-390-C22_00055	AG-390-C22	266	OG0000196	K01695	tryptophan synthase alpha chain [EC:4.2.1.20]	COG0159	TrpA	Tryptophan synthase alpha chain	AG-390-C22_00050	5
CACDTA010000002.1	178919	179131	+	AG-390-D02_00451	AG-390-D02	70	OG0000914	K03704	cold shock protein	COG1278	CspC	Cold shock protein, CspA family	AG-390-D02_00457	-5
CACDTA010000002.1	179434	180564	+	AG-390-D02_00453	AG-390-D02	376	OG0000812	K01892	histidyl-tRNA synthetase [EC:6.1.1.21]	COG0124	HisS	Histidyl-tRNA synthetase	AG-390-D02_00457	-4
CACDTA010000002.1	180557	180829	+	AG-390-D02_00454	AG-390-D02	90	OG0000812	NA	NA	COG0124	HisS	Histidyl-tRNA synthetase	AG-390-D02_00457	-3
CACDTA010000002.1	180807	181859	+	AG-390-D02_00455	AG-390-D02	350	OG0000374	NA	NA	COG3705	HisZ	ATP phosphoribosyltransferase regulatory subunit HisZ	AG-390-D02_00457	-2
CACDTA010000002.1	181861	182547	+	AG-390-D02_00456	AG-390-D02	228	OG0000403	NA	NA	COG0040	HisG	ATP phosphoribosyltransferase	AG-390-D02_00457	-1
CACDTA010000002.1	182695	183786	+	AG-390-D02_00457	AG-390-D02	363	OG0001004	NA	NA	COG1322	RmuC	DNA anti-recombination protein (rearrangement mutator) RmuC	AG-390-D02_00457	0
CACDTA010000002.1	183824	184519	+	AG-390-D02_00458	AG-390-D02	231	OG0001010	NA	NA	NA	NA	NA	AG-390-D02_00457	1
CACDTA010000002.1	184512	185948	+	AG-390-D02_00459	AG-390-D02	478	OG0000183	NA	NA	COG2925	SbcB	Exonuclease I (degrades ssDNA)	AG-390-D02_00457	2
CACDTA010000002.1	185983	186300	+	AG-390-D02_00460	AG-390-D02	105	OG0000169	NA	NA	COG3118	CnoX	Chaperedoxin CnoX, contains thioredoxin-like and TPR-like domains, YbbN/TrxSC family	AG-390-D02_00457	3
CACDTA010000002.1	186297	187559	-	AG-390-D02_00461	AG-390-D02	420	OG0000181	NA	NA	COG0285	FolC	Folylpolyglutamate synthase/Dihydropteroate synthase	AG-390-D02_00457	4
CACDTA010000002.1	187513	188442	-	AG-390-D02_00462	AG-390-D02	309	OG0000239	K01963	acetyl-CoA carboxylase carboxyl transferase subunit beta [EC:6.4.1.2 2.1.3.15]	COG0777	AccD	Acetyl-CoA carboxylase beta subunit	AG-390-D02_00457	5
CACDUS010000003.1	43522	44451	+	AG-390-E04_00357	AG-390-E04	309	OG0000239	K01963	acetyl-CoA carboxylase carboxyl transferase subunit beta [EC:6.4.1.2 2.1.3.15]	COG0777	AccD	Acetyl-CoA carboxylase beta subunit	AG-390-E04_00362	-5
CACDUS010000003.1	44405	45670	+	AG-390-E04_00358	AG-390-E04	421	OG0000181	NA	NA	COG0285	FolC	Folylpolyglutamate synthase/Dihydropteroate synthase	AG-390-E04_00362	-4
CACDUS010000003.1	45667	45984	-	AG-390-E04_00359	AG-390-E04	105	OG0000169	NA	NA	COG3118	CnoX	Chaperedoxin CnoX, contains thioredoxin-like and TPR-like domains, YbbN/TrxSC family	AG-390-E04_00362	-3
CACDUS010000003.1	46019	47455	-	AG-390-E04_00360	AG-390-E04	478	OG0000183	NA	NA	COG2925	SbcB	Exonuclease I (degrades ssDNA)	AG-390-E04_00362	-2
CACDUS010000003.1	47462	48148	-	AG-390-E04_00361	AG-390-E04	228	OG0001010	NA	NA	NA	NA	NA	AG-390-E04_00362	-1
CACDUS010000003.1	48186	49277	-	AG-390-E04_00362	AG-390-E04	363	OG0001004	NA	NA	COG1322	RmuC	DNA anti-recombination protein (rearrangement mutator) RmuC	AG-390-E04_00362	0
CACDUS010000003.1	49306	49992	-	AG-390-E04_00363	AG-390-E04	228	OG0000403	NA	NA	COG0040	HisG	ATP phosphoribosyltransferase	AG-390-E04_00362	1
CACDUS010000003.1	49995	51047	-	AG-390-E04_00364	AG-390-E04	350	OG0000374	NA	NA	COG3705	HisZ	ATP phosphoribosyltransferase regulatory subunit HisZ	AG-390-E04_00362	2
CACDUS010000003.1	51025	52419	-	AG-390-E04_00365	AG-390-E04	464	OG0000812	K01892	histidyl-tRNA synthetase [EC:6.1.1.21]	COG0124	HisS	Histidyl-tRNA synthetase	AG-390-E04_00362	3
CACDUS010000003.1	52720	52932	-	AG-390-E04_00367	AG-390-E04	70	OG0000914	K03704	cold shock protein	COG1278	CspC	Cold shock protein, CspA family	AG-390-E04_00362	4
CACDUS010000003.1	53093	53308	-	AG-390-E04_00369	AG-390-E04	71	OG0000905	K02518	translation initiation factor IF-1	COG0361	InfA	Translation initiation factor IF-1	AG-390-E04_00362	5
CACDYK010000008.1	57918	58130	+	AG-390-G11_00835	AG-390-G11	70	OG0000914	K03704	cold shock protein	COG1278	CspC	Cold shock protein, CspA family	AG-390-G11_00841	-5
CACDYK010000008.1	58433	59827	+	AG-390-G11_00837	AG-390-G11	464	OG0000812	K01892	histidyl-tRNA synthetase [EC:6.1.1.21]	COG0124	HisS	Histidyl-tRNA synthetase	AG-390-G11_00841	-4
CACDYK010000008.1	59805	60857	+	AG-390-G11_00838	AG-390-G11	350	OG0000374	NA	NA	COG3705	HisZ	ATP phosphoribosyltransferase regulatory subunit HisZ	AG-390-G11_00841	-3
CACDYK010000008.1	60857	61549	+	AG-390-G11_00839	AG-390-G11	230	OG0000403	NA	NA	COG0040	HisG	ATP phosphoribosyltransferase	AG-390-G11_00841	-2
CACDYK010000008.1	61532	61663	-	AG-390-G11_00840	AG-390-G11	43	OG0001245	NA	NA	NA	NA	NA	AG-390-G11_00841	-1
CACDYK010000008.1	61729	62826	+	AG-390-G11_00841	AG-390-G11	365	OG0001004	NA	NA	COG1322	RmuC	DNA anti-recombination protein (rearrangement mutator) RmuC	AG-390-G11_00841	0
CACDYK010000008.1	62864	63550	+	AG-390-G11_00842	AG-390-G11	228	OG0001010	NA	NA	COG1074	RecB	3'-5' helicase subunit RecB of the DNA repair enzyme RecBCD (exonuclease V)	AG-390-G11_00841	1
CACDYK010000008.1	63547	64992	+	AG-390-G11_00843	AG-390-G11	481	OG0000183	NA	NA	COG2925	SbcB	Exonuclease I (degrades ssDNA)	AG-390-G11_00841	2
CACDYK010000008.1	65058	65375	+	AG-390-G11_00844	AG-390-G11	105	OG0000169	NA	NA	COG3118	CnoX	Chaperedoxin CnoX, contains thioredoxin-like and TPR-like domains, YbbN/TrxSC family	AG-390-G11_00841	3
CACDYK010000008.1	65372	66640	-	AG-390-G11_00845	AG-390-G11	422	OG0000181	NA	NA	COG0285	FolC	Folylpolyglutamate synthase/Dihydropteroate synthase	AG-390-G11_00841	4
CACDYK010000008.1	66594	67523	-	AG-390-G11_00846	AG-390-G11	309	OG0000239	K01963	acetyl-CoA carboxylase carboxyl transferase subunit beta [EC:6.4.1.2 2.1.3.15]	COG0777	AccD	Acetyl-CoA carboxylase beta subunit	AG-390-G11_00841	5
CACDYL010000009.1	1754	2809	+	AG-390-G13_00789	AG-390-G13	351	OG0000374	NA	NA	COG3705	HisZ	ATP phosphoribosyltransferase regulatory subunit HisZ	AG-390-G13_00791	-2
CACDYL010000009.1	2802	3491	+	AG-390-G13_00790	AG-390-G13	229	OG0000403	NA	NA	COG0040	HisG	ATP phosphoribosyltransferase	AG-390-G13_00791	-1
CACDYL010000009.1	3515	4570	+	AG-390-G13_00791	AG-390-G13	351	OG0001004	NA	NA	COG1322	RmuC	DNA anti-recombination protein (rearrangement mutator) RmuC	AG-390-G13_00791	0
CACDYL010000009.1	4607	5293	+	AG-390-G13_00792	AG-390-G13	228	OG0001010	NA	NA	NA	NA	NA	AG-390-G13_00791	1
CACDYL010000009.1	5424	6854	+	AG-390-G13_00793	AG-390-G13	476	OG0000183	NA	NA	COG2925	SbcB	Exonuclease I (degrades ssDNA)	AG-390-G13_00791	2
CACDYL010000009.1	6889	7206	+	AG-390-G13_00794	AG-390-G13	105	OG0000169	NA	NA	COG3118	CnoX	Chaperedoxin CnoX, contains thioredoxin-like and TPR-like domains, YbbN/TrxSC family	AG-390-G13_00791	3
CACDYL010000009.1	7203	8471	-	AG-390-G13_00795	AG-390-G13	422	OG0000181	NA	NA	COG0285	FolC	Folylpolyglutamate synthase/Dihydropteroate synthase	AG-390-G13_00791	4
CACDYL010000009.1	8425	9354	-	AG-390-G13_00796	AG-390-G13	309	OG0000239	K01963	acetyl-CoA carboxylase carboxyl transferase subunit beta [EC:6.4.1.2 2.1.3.15]	COG0777	AccD	Acetyl-CoA carboxylase beta subunit	AG-390-G13_00791	5
CACDYR010000002.1	260627	260839	+	AG-390-G23_00627	AG-390-G23	70	OG0000914	K03704	cold shock protein	COG1278	CspC	Cold shock protein, CspA family	AG-390-G23_00633	-5
CACDYR010000002.1	261150	262544	+	AG-390-G23_00629	AG-390-G23	464	OG0000812	K01892	histidyl-tRNA synthetase [EC:6.1.1.21]	COG0124	HisS	Histidyl-tRNA synthetase	AG-390-G23_00633	-4
CACDYR010000002.1	262522	263574	+	AG-390-G23_00630	AG-390-G23	350	OG0000374	NA	NA	COG3705	HisZ	ATP phosphoribosyltransferase regulatory subunit HisZ	AG-390-G23_00633	-3
CACDYR010000002.1	263574	264266	+	AG-390-G23_00631	AG-390-G23	230	OG0000403	NA	NA	COG0040	HisG	ATP phosphoribosyltransferase	AG-390-G23_00633	-2
CACDYR010000002.1	264249	264380	-	AG-390-G23_00632	AG-390-G23	43	OG0001245	NA	NA	NA	NA	NA	AG-390-G23_00633	-1
CACDYR010000002.1	264445	265542	+	AG-390-G23_00633	AG-390-G23	365	OG0001004	NA	NA	COG1322	RmuC	DNA anti-recombination protein (rearrangement mutator) RmuC	AG-390-G23_00633	0
CACDYR010000002.1	265580	266266	+	AG-390-G23_00634	AG-390-G23	228	OG0001010	NA	NA	NA	NA	NA	AG-390-G23_00633	1
CACDYR010000002.1	266273	267709	+	AG-390-G23_00635	AG-390-G23	478	OG0000183	NA	NA	COG2925	SbcB	Exonuclease I (degrades ssDNA)	AG-390-G23_00633	2
CACDYR010000002.1	267744	268061	+	AG-390-G23_00636	AG-390-G23	105	OG0000169	NA	NA	COG3118	CnoX	Chaperedoxin CnoX, contains thioredoxin-like and TPR-like domains, YbbN/TrxSC family	AG-390-G23_00633	3
CACDYR010000002.1	268058	269323	-	AG-390-G23_00637	AG-390-G23	421	OG0000181	NA	NA	COG0285	FolC	Folylpolyglutamate synthase/Dihydropteroate synthase	AG-390-G23_00633	4
CACDYR010000002.1	269277	270206	-	AG-390-G23_00638	AG-390-G23	309	OG0000239	K01963	acetyl-CoA carboxylase carboxyl transferase subunit beta [EC:6.4.1.2 2.1.3.15]	COG0777	AccD	Acetyl-CoA carboxylase beta subunit	AG-390-G23_00633	5
CACDZS010000008.1	49000	49929	+	AG-390-I15_00836	AG-390-I15	309	OG0000239	K01963	acetyl-CoA carboxylase carboxyl transferase subunit beta [EC:6.4.1.2 2.1.3.15]	COG0777	AccD	Acetyl-CoA carboxylase beta subunit	AG-390-I15_00841	-5
CACDZS010000008.1	49883	51151	+	AG-390-I15_00837	AG-390-I15	422	OG0000181	NA	NA	COG0285	FolC	Folylpolyglutamate synthase/Dihydropteroate synthase	AG-390-I15_00841	-4
CACDZS010000008.1	51148	51465	-	AG-390-I15_00838	AG-390-I15	105	OG0000169	NA	NA	COG3118	CnoX	Chaperedoxin CnoX, contains thioredoxin-like and TPR-like domains, YbbN/TrxSC family	AG-390-I15_00841	-3
CACDZS010000008.1	51500	52936	-	AG-390-I15_00839	AG-390-I15	478	OG0000183	NA	NA	COG2925	SbcB	Exonuclease I (degrades ssDNA)	AG-390-I15_00841	-2
CACDZS010000008.1	52945	53631	-	AG-390-I15_00840	AG-390-I15	228	OG0001010	NA	NA	COG1074	RecB	3'-5' helicase subunit RecB of the DNA repair enzyme RecBCD (exonuclease V)	AG-390-I15_00841	-1
CACDZS010000008.1	53669	54766	-	AG-390-I15_00841	AG-390-I15	365	OG0001004	NA	NA	COG1322	RmuC	DNA anti-recombination protein (rearrangement mutator) RmuC	AG-390-I15_00841	0
CACDZS010000008.1	54831	54965	+	AG-390-I15_00842	AG-390-I15	44	OG0001245	NA	NA	NA	NA	NA	AG-390-I15_00841	1
CACDZS010000008.1	54945	55637	-	AG-390-I15_00843	AG-390-I15	230	OG0000403	NA	NA	COG0040	HisG	ATP phosphoribosyltransferase	AG-390-I15_00841	2
CACDZS010000008.1	55627	56475	-	AG-390-I15_00844	AG-390-I15	282	OG0000077	NA	NA	NA	NA	NA	AG-390-I15_00841	3
CACDZS010000008.1	56472	57527	-	AG-390-I15_00845	AG-390-I15	351	OG0000374	NA	NA	COG3705	HisZ	ATP phosphoribosyltransferase regulatory subunit HisZ	AG-390-I15_00841	4
CACDZS010000008.1	57505	58899	-	AG-390-I15_00846	AG-390-I15	464	OG0000812	K01892	histidyl-tRNA synthetase [EC:6.1.1.21]	COG0124	HisS	Histidyl-tRNA synthetase	AG-390-I15_00841	5
CACEAT010000001.1	288811	289026	+	AG-390-J13_00313	AG-390-J13	71	OG0000905	K02518	translation initiation factor IF-1	COG0361	InfA	Translation initiation factor IF-1	AG-390-J13_00320	-5
CACEAT010000001.1	289183	289395	+	AG-390-J13_00315	AG-390-J13	70	OG0000914	K03704	cold shock protein	COG1278	CspC	Cold shock protein, CspA family	AG-390-J13_00320	-4
CACEAT010000001.1	289698	291092	+	AG-390-J13_00317	AG-390-J13	464	OG0000812	K01892	histidyl-tRNA synthetase [EC:6.1.1.21]	COG0124	HisS	Histidyl-tRNA synthetase	AG-390-J13_00320	-3
CACEAT010000001.1	291070	292122	+	AG-390-J13_00318	AG-390-J13	350	OG0000374	NA	NA	COG3705	HisZ	ATP phosphoribosyltransferase regulatory subunit HisZ	AG-390-J13_00320	-2
CACEAT010000001.1	292124	292810	+	AG-390-J13_00319	AG-390-J13	228	OG0000403	NA	NA	COG0040	HisG	ATP phosphoribosyltransferase	AG-390-J13_00320	-1
CACEAT010000001.1	292958	294049	+	AG-390-J13_00320	AG-390-J13	363	OG0001004	NA	NA	COG1322	RmuC	DNA anti-recombination protein (rearrangement mutator) RmuC	AG-390-J13_00320	0
CACEAT010000001.1	294087	294773	+	AG-390-J13_00321	AG-390-J13	228	OG0001010	NA	NA	NA	NA	NA	AG-390-J13_00320	1
CACEAT010000001.1	294776	296212	+	AG-390-J13_00322	AG-390-J13	478	OG0000183	NA	NA	COG2925	SbcB	Exonuclease I (degrades ssDNA)	AG-390-J13_00320	2
CACEAT010000001.1	296247	296564	+	AG-390-J13_00323	AG-390-J13	105	OG0000169	NA	NA	COG3118	CnoX	Chaperedoxin CnoX, contains thioredoxin-like and TPR-like domains, YbbN/TrxSC family	AG-390-J13_00320	3
CACEAT010000001.1	296561	297823	-	AG-390-J13_00324	AG-390-J13	420	OG0000181	NA	NA	COG0285	FolC	Folylpolyglutamate synthase/Dihydropteroate synthase	AG-390-J13_00320	4
CACEAT010000001.1	297777	298706	-	AG-390-J13_00325	AG-390-J13	309	OG0000239	K01963	acetyl-CoA carboxylase carboxyl transferase subunit beta [EC:6.4.1.2 2.1.3.15]	COG0777	AccD	Acetyl-CoA carboxylase beta subunit	AG-390-J13_00320	5
CACEDD010000001.1	545466	545678	+	AG-390-L03_00575	AG-390-L03	70	OG0000914	K03704	cold shock protein	COG1278	CspC	Cold shock protein, CspA family	AG-390-L03_00581	-5
CACEDD010000001.1	545980	547374	+	AG-390-L03_00577	AG-390-L03	464	OG0000812	K01892	histidyl-tRNA synthetase [EC:6.1.1.21]	COG0124	HisS	Histidyl-tRNA synthetase	AG-390-L03_00581	-4
CACEDD010000001.1	547352	548404	+	AG-390-L03_00578	AG-390-L03	350	OG0000374	NA	NA	COG3705	HisZ	ATP phosphoribosyltransferase regulatory subunit HisZ	AG-390-L03_00581	-3
CACEDD010000001.1	548404	549096	+	AG-390-L03_00579	AG-390-L03	230	OG0000403	NA	NA	COG0040	HisG	ATP phosphoribosyltransferase	AG-390-L03_00581	-2
CACEDD010000001.1	549079	549210	-	AG-390-L03_00580	AG-390-L03	43	OG0001245	NA	NA	NA	NA	NA	AG-390-L03_00581	-1
CACEDD010000001.1	549276	550373	+	AG-390-L03_00581	AG-390-L03	365	OG0001004	NA	NA	COG1322	RmuC	DNA anti-recombination protein (rearrangement mutator) RmuC	AG-390-L03_00581	0
CACEDD010000001.1	550411	551097	+	AG-390-L03_00582	AG-390-L03	228	OG0001010	NA	NA	NA	NA	NA	AG-390-L03_00581	1
CACEDD010000001.1	551094	552539	+	AG-390-L03_00583	AG-390-L03	481	OG0000183	NA	NA	COG2925	SbcB	Exonuclease I (degrades ssDNA)	AG-390-L03_00581	2
CACEDD010000001.1	552606	552923	+	AG-390-L03_00584	AG-390-L03	105	OG0000169	NA	NA	COG3118	CnoX	Chaperedoxin CnoX, contains thioredoxin-like and TPR-like domains, YbbN/TrxSC family	AG-390-L03_00581	3
CACEDD010000001.1	552920	554188	-	AG-390-L03_00585	AG-390-L03	422	OG0000181	NA	NA	COG0285	FolC	Folylpolyglutamate synthase/Dihydropteroate synthase	AG-390-L03_00581	4
CACEDD010000001.1	554142	555071	-	AG-390-L03_00586	AG-390-L03	309	OG0000239	K01963	acetyl-CoA carboxylase carboxyl transferase subunit beta [EC:6.4.1.2 2.1.3.15]	COG0777	AccD	Acetyl-CoA carboxylase beta subunit	AG-390-L03_00581	5
CACEEW010000007.1	26971	27183	+	AG-390-M02_00690	AG-390-M02	70	OG0000914	K03704	cold shock protein	COG1278	CspC	Cold shock protein, CspA family	AG-390-M02_00696	-5
CACEEW010000007.1	27486	28880	+	AG-390-M02_00692	AG-390-M02	464	OG0000812	K01892	histidyl-tRNA synthetase [EC:6.1.1.21]	COG0124	HisS	Histidyl-tRNA synthetase	AG-390-M02_00696	-4
CACEEW010000007.1	28858	29910	+	AG-390-M02_00693	AG-390-M02	350	OG0000374	NA	NA	COG3705	HisZ	ATP phosphoribosyltransferase regulatory subunit HisZ	AG-390-M02_00696	-3
CACEEW010000007.1	29912	30598	+	AG-390-M02_00694	AG-390-M02	228	OG0000403	NA	NA	COG0040	HisG	ATP phosphoribosyltransferase	AG-390-M02_00696	-2
CACEEW010000007.1	30584	30715	-	AG-390-M02_00695	AG-390-M02	43	OG0001245	NA	NA	NA	NA	NA	AG-390-M02_00696	-1
CACEEW010000007.1	30746	31837	+	AG-390-M02_00696	AG-390-M02	363	OG0001004	NA	NA	COG1322	RmuC	DNA anti-recombination protein (rearrangement mutator) RmuC	AG-390-M02_00696	0
CACEEW010000007.1	31875	32561	+	AG-390-M02_00697	AG-390-M02	228	OG0001010	NA	NA	NA	NA	NA	AG-390-M02_00696	1
CACEEW010000007.1	32564	34000	+	AG-390-M02_00698	AG-390-M02	478	OG0000183	NA	NA	COG2925	SbcB	Exonuclease I (degrades ssDNA)	AG-390-M02_00696	2
CACEEW010000007.1	34035	34352	+	AG-390-M02_00699	AG-390-M02	105	OG0000169	NA	NA	COG3118	CnoX	Chaperedoxin CnoX, contains thioredoxin-like and TPR-like domains, YbbN/TrxSC family	AG-390-M02_00696	3
CACEEW010000007.1	34349	35611	-	AG-390-M02_00700	AG-390-M02	420	OG0000181	NA	NA	COG0285	FolC	Folylpolyglutamate synthase/Dihydropteroate synthase	AG-390-M02_00696	4
CACEEW010000007.1	35565	36494	-	AG-390-M02_00701	AG-390-M02	309	OG0000239	K01963	acetyl-CoA carboxylase carboxyl transferase subunit beta [EC:6.4.1.2 2.1.3.15]	COG0777	AccD	Acetyl-CoA carboxylase beta subunit	AG-390-M02_00696	5
CACEFF010000004.1	41012	41941	+	AG-390-M07_00619	AG-390-M07	309	OG0000239	K01963	acetyl-CoA carboxylase carboxyl transferase subunit beta [EC:6.4.1.2 2.1.3.15]	COG0777	AccD	Acetyl-CoA carboxylase beta subunit	AG-390-M07_00624	-5
CACEFF010000004.1	41895	43157	+	AG-390-M07_00620	AG-390-M07	420	OG0000181	NA	NA	COG0285	FolC	Folylpolyglutamate synthase/Dihydropteroate synthase	AG-390-M07_00624	-4
CACEFF010000004.1	43154	43471	-	AG-390-M07_00621	AG-390-M07	105	OG0000169	NA	NA	COG3118	CnoX	Chaperedoxin CnoX, contains thioredoxin-like and TPR-like domains, YbbN/TrxSC family	AG-390-M07_00624	-3
CACEFF010000004.1	43506	44942	-	AG-390-M07_00622	AG-390-M07	478	OG0000183	NA	NA	COG2925	SbcB	Exonuclease I (degrades ssDNA)	AG-390-M07_00624	-2
CACEFF010000004.1	44945	45631	-	AG-390-M07_00623	AG-390-M07	228	OG0001010	NA	NA	COG1074	RecB	3'-5' helicase subunit RecB of the DNA repair enzyme RecBCD (exonuclease V)	AG-390-M07_00624	-1
CACEFF010000004.1	45669	46760	-	AG-390-M07_00624	AG-390-M07	363	OG0001004	NA	NA	COG1322	RmuC	DNA anti-recombination protein (rearrangement mutator) RmuC	AG-390-M07_00624	0
CACEFF010000004.1	46908	47594	-	AG-390-M07_00625	AG-390-M07	228	OG0000403	NA	NA	COG0040	HisG	ATP phosphoribosyltransferase	AG-390-M07_00624	1
CACEFF010000004.1	47596	48648	-	AG-390-M07_00626	AG-390-M07	350	OG0000374	NA	NA	COG3705	HisZ	ATP phosphoribosyltransferase regulatory subunit HisZ	AG-390-M07_00624	2
CACEFF010000004.1	48626	50020	-	AG-390-M07_00627	AG-390-M07	464	OG0000812	K01892	histidyl-tRNA synthetase [EC:6.1.1.21]	COG0124	HisS	Histidyl-tRNA synthetase	AG-390-M07_00624	3
CACEFF010000004.1	50322	50534	-	AG-390-M07_00629	AG-390-M07	70	OG0000914	K03704	cold shock protein	COG1278	CspC	Cold shock protein, CspA family	AG-390-M07_00624	4
CACEFF010000004.1	50692	50907	-	AG-390-M07_00631	AG-390-M07	71	OG0000905	K02518	translation initiation factor IF-1	COG0361	InfA	Translation initiation factor IF-1	AG-390-M07_00624	5
CACEFK010000035.1	26	559	+	AG-390-M14_01149	AG-390-M14	177	OG0000181	NA	NA	COG0285	FolC	Folylpolyglutamate synthase/Dihydropteroate synthase	AG-390-M14_01153	-4
CACEFK010000035.1	556	873	-	AG-390-M14_01150	AG-390-M14	105	OG0000169	NA	NA	COG3118	CnoX	Chaperedoxin CnoX, contains thioredoxin-like and TPR-like domains, YbbN/TrxSC family	AG-390-M14_01153	-3
CACEFK010000035.1	908	2344	-	AG-390-M14_01151	AG-390-M14	478	OG0000183	NA	NA	COG2925	SbcB	Exonuclease I (degrades ssDNA)	AG-390-M14_01153	-2
CACEFK010000035.1	2351	3037	-	AG-390-M14_01152	AG-390-M14	228	OG0001010	NA	NA	NA	NA	NA	AG-390-M14_01153	-1
CACEFK010000035.1	3075	3335	-	AG-390-M14_01153	AG-390-M14	86	OG0001004	NA	NA	NA	NA	NA	AG-390-M14_01153	0
CACEFJ010000001.1	146461	146571	-	AG-390-M15_00163	AG-390-M15	36	OG0001157	NA	NA	NA	NA	NA	AG-390-M15_00168	-5
CACEFJ010000001.1	146581	147159	-	AG-390-M15_00164	AG-390-M15	192	OG0001093	NA	NA	COG2249	MdaB	Putative NADPH-quinone reductase (modulator of drug activity B)	AG-390-M15_00168	-4
CACEFJ010000001.1	147161	147316	-	AG-390-M15_00165	AG-390-M15	51	OG0001817	NA	NA	COG0531	PotE	Serine and glutamate transporter AimA/YbeC, amino acid:H+ symporter family	AG-390-M15_00168	-3
CACEFJ010000001.1	147439	147630	+	AG-390-M15_00166	AG-390-M15	63	OG0000871	NA	NA	NA	NA	NA	AG-390-M15_00168	-2
CACEFJ010000001.1	147683	148771	+	AG-390-M15_00167	AG-390-M15	362	OG0001540	K06941	23S rRNA (adenine2503-C2)-methyltransferase [EC:2.1.1.192]	COG0820	RlmN	Adenine C2-methylase RlmN of 23S rRNA A2503 and tRNA A37	AG-390-M15_00168	-1
CACEFJ010000001.1	148789	149817	+	AG-390-M15_00168	AG-390-M15	342	OG0001004	NA	NA	COG1322	RmuC	DNA anti-recombination protein (rearrangement mutator) RmuC	AG-390-M15_00168	0
CACEFJ010000001.1	149824	151245	+	AG-390-M15_00169	AG-390-M15	473	OG0000183	NA	NA	COG2925	SbcB	Exonuclease I (degrades ssDNA)	AG-390-M15_00168	1
CACEFJ010000001.1	151280	151600	+	AG-390-M15_00170	AG-390-M15	106	OG0000169	K03671	thioredoxin 1	COG3118	CnoX	Chaperedoxin CnoX, contains thioredoxin-like and TPR-like domains, YbbN/TrxSC family	AG-390-M15_00168	2
CACEFJ010000001.1	151597	152871	-	AG-390-M15_00171	AG-390-M15	424	OG0000181	NA	NA	COG0285	FolC	Folylpolyglutamate synthase/Dihydropteroate synthase	AG-390-M15_00168	3
CACEFJ010000001.1	152822	153739	-	AG-390-M15_00172	AG-390-M15	305	OG0000239	K01963	acetyl-CoA carboxylase carboxyl transferase subunit beta [EC:6.4.1.2 2.1.3.15]	COG0777	AccD	Acetyl-CoA carboxylase beta subunit	AG-390-M15_00168	4
CACEFJ010000001.1	153736	154536	-	AG-390-M15_00173	AG-390-M15	266	OG0000196	K01695	tryptophan synthase alpha chain [EC:4.2.1.20]	COG0159	TrpA	Tryptophan synthase alpha chain	AG-390-M15_00168	5
CACEIL010000006.1	157	1062	+	AG-390-O04_00545	AG-390-O04	301	OG0001004	NA	NA	COG1322	RmuC	DNA anti-recombination protein (rearrangement mutator) RmuC	AG-390-O04_00545	0
CACEIL010000006.1	1100	1786	+	AG-390-O04_00546	AG-390-O04	228	OG0001010	NA	NA	COG1074	RecB	3'-5' helicase subunit RecB of the DNA repair enzyme RecBCD (exonuclease V)	AG-390-O04_00545	1
CACEIL010000006.1	1792	3228	+	AG-390-O04_00547	AG-390-O04	478	OG0000183	NA	NA	COG2925	SbcB	Exonuclease I (degrades ssDNA)	AG-390-O04_00545	2
CACEIL010000006.1	3263	3580	+	AG-390-O04_00548	AG-390-O04	105	OG0000169	NA	NA	COG3118	CnoX	Chaperedoxin CnoX, contains thioredoxin-like and TPR-like domains, YbbN/TrxSC family	AG-390-O04_00545	3
CACEIL010000006.1	3577	3999	-	AG-390-O04_00549	AG-390-O04	140	OG0000181	NA	NA	COG0285	FolC	Folylpolyglutamate synthase/Dihydropteroate synthase	AG-390-O04_00545	4
CACEIL010000006.1	4025	4843	-	AG-390-O04_00550	AG-390-O04	272	OG0000181	NA	NA	COG0285	FolC	Folylpolyglutamate synthase/Dihydropteroate synthase	AG-390-O04_00545	5
CACEMD010000002.1	23237	23416	-	AG-404-B04_00246	AG-404-B04	59	OG0000169	NA	NA	COG3118	CnoX	Chaperedoxin CnoX, contains thioredoxin-like and TPR-like domains, YbbN/TrxSC family	AG-404-B04_00251	-5
CACEMD010000002.1	23510	23608	-	AG-404-B04_00247	AG-404-B04	32	OG0000169	NA	NA	COG3118	CnoX	Chaperedoxin CnoX, contains thioredoxin-like and TPR-like domains, YbbN/TrxSC family	AG-404-B04_00251	-4
CACEMD010000002.1	23596	23712	-	AG-404-B04_00248	AG-404-B04	38	OG0002889	NA	NA	NA	NA	NA	AG-404-B04_00251	-3
CACEMD010000002.1	23675	25105	-	AG-404-B04_00249	AG-404-B04	476	OG0000183	NA	NA	COG2925	SbcB	Exonuclease I (degrades ssDNA)	AG-404-B04_00251	-2
CACEMD010000002.1	25236	25922	-	AG-404-B04_00250	AG-404-B04	228	OG0001010	NA	NA	COG1074	RecB	3'-5' helicase subunit RecB of the DNA repair enzyme RecBCD (exonuclease V)	AG-404-B04_00251	-1
CACEMD010000002.1	25959	27014	-	AG-404-B04_00251	AG-404-B04	351	OG0001004	NA	NA	COG1322	RmuC	DNA anti-recombination protein (rearrangement mutator) RmuC	AG-404-B04_00251	0
CACEMD010000002.1	27105	27236	+	AG-404-B04_00252	AG-404-B04	43	OG0001245	NA	NA	NA	NA	NA	AG-404-B04_00251	1
CACEMD010000002.1	27222	27911	-	AG-404-B04_00253	AG-404-B04	229	OG0000403	NA	NA	COG0040	HisG	ATP phosphoribosyltransferase	AG-404-B04_00251	2
CACEMD010000002.1	27904	28962	-	AG-404-B04_00254	AG-404-B04	352	OG0000374	NA	NA	COG3705	HisZ	ATP phosphoribosyltransferase regulatory subunit HisZ	AG-404-B04_00251	3
CACEMD010000002.1	28940	30325	-	AG-404-B04_00255	AG-404-B04	461	OG0000812	K01892	histidyl-tRNA synthetase [EC:6.1.1.21]	COG0124	HisS	Histidyl-tRNA synthetase	AG-404-B04_00251	4
CACEMD010000002.1	30639	30848	-	AG-404-B04_00257	AG-404-B04	69	OG0000914	K03704	cold shock protein	COG1278	CspC	Cold shock protein, CspA family	AG-404-B04_00251	5
CACEVB010000009.1	26108	27043	+	AG-404-J20_00966	AG-404-J20	311	OG0000239	NA	NA	COG0777	AccD	Acetyl-CoA carboxylase beta subunit	AG-404-J20_00971	-5
CACEVB010000009.1	26997	28265	+	AG-404-J20_00967	AG-404-J20	422	OG0000181	NA	NA	COG0285	FolC	Folylpolyglutamate synthase/Dihydropteroate synthase	AG-404-J20_00971	-4
CACEVB010000009.1	28262	28576	-	AG-404-J20_00968	AG-404-J20	104	OG0000169	K03671	thioredoxin 1	COG3118	CnoX	Chaperedoxin CnoX, contains thioredoxin-like and TPR-like domains, YbbN/TrxSC family	AG-404-J20_00971	-3
CACEVB010000009.1	28643	30073	-	AG-404-J20_00969	AG-404-J20	476	OG0000183	NA	NA	COG2925	SbcB	Exonuclease I (degrades ssDNA)	AG-404-J20_00971	-2
CACEVB010000009.1	30195	30884	-	AG-404-J20_00970	AG-404-J20	229	OG0001010	NA	NA	NA	NA	NA	AG-404-J20_00971	-1
CACEVB010000009.1	30934	32019	-	AG-404-J20_00971	AG-404-J20	361	OG0001004	NA	NA	COG1322	RmuC	DNA anti-recombination protein (rearrangement mutator) RmuC	AG-404-J20_00971	0
CACEZQ010000001.1	88177	89343	-	AG-404-O05_00097	AG-404-O05	388	OG0000776	K11749	regulator of sigma E protease [EC:3.4.24.-]	COG0750	RseP	Membrane-associated protease RseP, regulator of RpoE activity	AG-404-O05_00102	-5
CACEZQ010000001.1	89719	89985	+	AG-404-O05_00098	AG-404-O05	88	NA	NA	NA	NA	NA	NA	AG-404-O05_00102	-4
CACEZQ010000001.1	89985	90146	+	AG-404-O05_00099	AG-404-O05	53	OG0001693	NA	NA	NA	NA	NA	AG-404-O05_00102	-3
CACEZQ010000001.1	90113	90427	+	AG-404-O05_00100	AG-404-O05	104	OG0001570	NA	NA	NA	NA	NA	AG-404-O05_00102	-2
CACEZQ010000001.1	90440	91273	+	AG-404-O05_00101	AG-404-O05	277	OG0001737	NA	NA	NA	NA	NA	AG-404-O05_00102	-1
CACEZQ010000001.1	91297	92340	+	AG-404-O05_00102	AG-404-O05	347	OG0001004	NA	NA	NA	NA	NA	AG-404-O05_00102	0
CACEZQ010000001.1	92352	92807	+	AG-404-O05_00103	AG-404-O05	151	OG0001722	NA	NA	NA	NA	NA	AG-404-O05_00102	1
CACEZQ010000001.1	92889	94319	-	AG-404-O05_00104	AG-404-O05	476	OG0000901	NA	NA	COG0591	PutP	Na+/proline symporter	AG-404-O05_00102	2
CACEZQ010000001.1	94462	96615	+	AG-404-O05_00105	AG-404-O05	717	OG0000027	K03320	ammonium transporter, Amt family	COG0004	AmtB	Ammonia channel protein AmtB	AG-404-O05_00102	3
CACEZQ010000001.1	96644	97705	-	AG-404-O05_00106	AG-404-O05	353	OG0000921	NA	NA	COG3842	PotA	ABC-type Fe3+/spermidine/putrescine transport systems, ATPase component	AG-404-O05_00102	4
CACEZQ010000001.1	97698	99341	-	AG-404-O05_00107	AG-404-O05	547	OG0000843	K02011	iron(III) transport system permease protein	COG1178	FbpB	ABC-type Fe3+ transport system, permease component	AG-404-O05_00102	5
CACFAF010000001.1	52273	53205	+	AG-404-O18_00053	AG-404-O18	310	OG0000239	K01963	acetyl-CoA carboxylase carboxyl transferase subunit beta [EC:6.4.1.2 2.1.3.15]	COG0777	AccD	Acetyl-CoA carboxylase beta subunit	AG-404-O18_00058	-5
CACFAF010000001.1	53159	54427	+	AG-404-O18_00054	AG-404-O18	422	OG0000181	NA	NA	COG0285	FolC	Folylpolyglutamate synthase/Dihydropteroate synthase	AG-404-O18_00058	-4
CACFAF010000001.1	54424	54741	-	AG-404-O18_00055	AG-404-O18	105	OG0000169	K03671	thioredoxin 1	COG3118	CnoX	Chaperedoxin CnoX, contains thioredoxin-like and TPR-like domains, YbbN/TrxSC family	AG-404-O18_00058	-3
CACFAF010000001.1	54814	56244	-	AG-404-O18_00056	AG-404-O18	476	OG0000183	NA	NA	COG2925	SbcB	Exonuclease I (degrades ssDNA)	AG-404-O18_00058	-2
CACFAF010000001.1	56375	57061	-	AG-404-O18_00057	AG-404-O18	228	OG0001010	NA	NA	COG1074	RecB	3'-5' helicase subunit RecB of the DNA repair enzyme RecBCD (exonuclease V)	AG-404-O18_00058	-1
CACFAF010000001.1	57099	58154	-	AG-404-O18_00058	AG-404-O18	351	OG0001004	NA	NA	COG1322	RmuC	DNA anti-recombination protein (rearrangement mutator) RmuC	AG-404-O18_00058	0
CACFAF010000001.1	58178	58867	-	AG-404-O18_00059	AG-404-O18	229	OG0000403	NA	NA	COG0040	HisG	ATP phosphoribosyltransferase	AG-404-O18_00058	1
CACFAF010000001.1	58860	59915	-	AG-404-O18_00060	AG-404-O18	351	OG0000374	NA	NA	COG3705	HisZ	ATP phosphoribosyltransferase regulatory subunit HisZ	AG-404-O18_00058	2
CACFAF010000001.1	59893	61227	-	AG-404-O18_00061	AG-404-O18	444	OG0000812	K01892	histidyl-tRNA synthetase [EC:6.1.1.21]	COG0124	HisS	Histidyl-tRNA synthetase	AG-404-O18_00058	3
CACFAF010000001.1	61544	61753	-	AG-404-O18_00063	AG-404-O18	69	OG0000914	K03704	cold shock protein	COG1278	CspC	Cold shock protein, CspA family	AG-404-O18_00058	4
CACFAF010000001.1	61943	62158	-	AG-404-O18_00065	AG-404-O18	71	OG0000905	K02518	translation initiation factor IF-1	COG0361	InfA	Translation initiation factor IF-1	AG-404-O18_00058	5
CACFBK010000007.1	8712	9641	+	AG-404-P13_00763	AG-404-P13	309	OG0000239	K01963	acetyl-CoA carboxylase carboxyl transferase subunit beta [EC:6.4.1.2 2.1.3.15]	COG0777	AccD	Acetyl-CoA carboxylase beta subunit	AG-404-P13_00768	-5
CACFBK010000007.1	9598	10863	+	AG-404-P13_00764	AG-404-P13	421	OG0000181	NA	NA	COG0285	FolC	Folylpolyglutamate synthase/Dihydropteroate synthase	AG-404-P13_00768	-4
CACFBK010000007.1	10860	11177	-	AG-404-P13_00765	AG-404-P13	105	OG0000169	K03671	thioredoxin 1	COG3118	CnoX	Chaperedoxin CnoX, contains thioredoxin-like and TPR-like domains, YbbN/TrxSC family	AG-404-P13_00768	-3
CACFBK010000007.1	11244	12677	-	AG-404-P13_00766	AG-404-P13	477	OG0000183	NA	NA	COG2925	SbcB	Exonuclease I (degrades ssDNA)	AG-404-P13_00768	-2
CACFBK010000007.1	12802	13488	-	AG-404-P13_00767	AG-404-P13	228	OG0001010	NA	NA	NA	NA	NA	AG-404-P13_00768	-1
CACFBK010000007.1	13500	14600	-	AG-404-P13_00768	AG-404-P13	366	OG0001004	NA	NA	COG1322	RmuC	DNA anti-recombination protein (rearrangement mutator) RmuC	AG-404-P13_00768	0
CACFBK010000007.1	14645	15322	-	AG-404-P13_00769	AG-404-P13	225	OG0000403	NA	NA	COG0040	HisG	ATP phosphoribosyltransferase	AG-404-P13_00768	1
CACFBK010000007.1	15315	16364	-	AG-404-P13_00770	AG-404-P13	349	OG0000374	NA	NA	COG3705	HisZ	ATP phosphoribosyltransferase regulatory subunit HisZ	AG-404-P13_00768	2
CACFBK010000007.1	16342	17736	-	AG-404-P13_00771	AG-404-P13	464	OG0000812	K01892	histidyl-tRNA synthetase [EC:6.1.1.21]	COG0124	HisS	Histidyl-tRNA synthetase	AG-404-P13_00768	3
CACFBK010000007.1	18046	18258	-	AG-404-P13_00773	AG-404-P13	70	OG0000914	K03704	cold shock protein	COG1278	CspC	Cold shock protein, CspA family	AG-404-P13_00768	4
CACFBK010000007.1	18457	18672	-	AG-404-P13_00775	AG-404-P13	71	OG0000905	K02518	translation initiation factor IF-1	COG0361	InfA	Translation initiation factor IF-1	AG-404-P13_00768	5
CACFIH010000012.1	17875	18813	+	AG-410-L19_01102	AG-410-L19	312	OG0000239	K01963	acetyl-CoA carboxylase carboxyl transferase subunit beta [EC:6.4.1.2 2.1.3.15]	COG0777	AccD	Acetyl-CoA carboxylase beta subunit	AG-410-L19_01107	-5
CACFIH010000012.1	18767	20032	+	AG-410-L19_01103	AG-410-L19	421	OG0000181	NA	NA	COG0285	FolC	Folylpolyglutamate synthase/Dihydropteroate synthase	AG-410-L19_01107	-4
CACFIH010000012.1	20029	20346	-	AG-410-L19_01104	AG-410-L19	105	OG0000169	NA	NA	COG3118	CnoX	Chaperedoxin CnoX, contains thioredoxin-like and TPR-like domains, YbbN/TrxSC family	AG-410-L19_01107	-3
CACFIH010000012.1	20381	21817	-	AG-410-L19_01105	AG-410-L19	478	OG0000183	NA	NA	COG2925	SbcB	Exonuclease I (degrades ssDNA)	AG-410-L19_01107	-2
CACFIH010000012.1	21824	22510	-	AG-410-L19_01106	AG-410-L19	228	OG0001010	NA	NA	NA	NA	NA	AG-410-L19_01107	-1
CACFIH010000012.1	22548	23645	-	AG-410-L19_01107	AG-410-L19	365	OG0001004	NA	NA	COG1322	RmuC	DNA anti-recombination protein (rearrangement mutator) RmuC	AG-410-L19_01107	0
CACFIH010000012.1	23734	24420	-	AG-410-L19_01108	AG-410-L19	228	OG0000403	NA	NA	COG0040	HisG	ATP phosphoribosyltransferase	AG-410-L19_01107	1
CACFIH010000012.1	24417	25475	-	AG-410-L19_01109	AG-410-L19	352	OG0000374	NA	NA	COG3705	HisZ	ATP phosphoribosyltransferase regulatory subunit HisZ	AG-410-L19_01107	2
CACFIH010000012.1	25453	26847	-	AG-410-L19_01110	AG-410-L19	464	OG0000812	K01892	histidyl-tRNA synthetase [EC:6.1.1.21]	COG0124	HisS	Histidyl-tRNA synthetase	AG-410-L19_01107	3
CACFIH010000012.1	27154	27366	-	AG-410-L19_01112	AG-410-L19	70	OG0000914	K03704	cold shock protein	COG1278	CspC	Cold shock protein, CspA family	AG-410-L19_01107	4
CACFIH010000012.1	27539	27754	-	AG-410-L19_01114	AG-410-L19	71	OG0000905	K02518	translation initiation factor IF-1	COG0361	InfA	Translation initiation factor IF-1	AG-410-L19_01107	5
CACFLX010000003.1	62675	62950	-	AG-414-B08_00414	AG-414-B08	91	OG0003931	NA	NA	NA	NA	NA	AG-414-B08_00419	-5
CACFLX010000003.1	62953	63327	-	AG-414-B08_00415	AG-414-B08	124	OG0003932	NA	NA	NA	NA	NA	AG-414-B08_00419	-4
CACFLX010000003.1	63324	64292	-	AG-414-B08_00416	AG-414-B08	322	OG0003167	NA	NA	COG0568	RpoD	DNA-directed RNA polymerase, sigma subunit (sigma70/sigma32)	AG-414-B08_00419	-3
CACFLX010000003.1	64399	65409	-	AG-414-B08_00417	AG-414-B08	336	OG0002998	NA	NA	NA	NA	NA	AG-414-B08_00419	-2
CACFLX010000003.1	65411	67378	-	AG-414-B08_00418	AG-414-B08	655	OG0002362	NA	NA	COG4938	NA	Predicted ATPase	AG-414-B08_00419	-1
CACFLX010000003.1	67470	68564	+	AG-414-B08_00419	AG-414-B08	364	OG0001004	NA	NA	COG1322	RmuC	DNA anti-recombination protein (rearrangement mutator) RmuC	AG-414-B08_00419	0
CACFLX010000003.1	68602	69288	+	AG-414-B08_00420	AG-414-B08	228	OG0001010	NA	NA	COG1074	RecB	3'-5' helicase subunit RecB of the DNA repair enzyme RecBCD (exonuclease V)	AG-414-B08_00419	1
CACFLX010000003.1	69419	70849	+	AG-414-B08_00421	AG-414-B08	476	OG0000183	NA	NA	COG2925	SbcB	Exonuclease I (degrades ssDNA)	AG-414-B08_00419	2
CACFLX010000003.1	70916	71236	+	AG-414-B08_00422	AG-414-B08	106	OG0000169	K03671	thioredoxin 1	COG3118	CnoX	Chaperedoxin CnoX, contains thioredoxin-like and TPR-like domains, YbbN/TrxSC family	AG-414-B08_00419	3
CACFLX010000003.1	71233	72504	-	AG-414-B08_00423	AG-414-B08	423	OG0000181	NA	NA	COG0285	FolC	Folylpolyglutamate synthase/Dihydropteroate synthase	AG-414-B08_00419	4
CACFLX010000003.1	72458	73393	-	AG-414-B08_00424	AG-414-B08	311	OG0000239	K01963	acetyl-CoA carboxylase carboxyl transferase subunit beta [EC:6.4.1.2 2.1.3.15]	COG0777	AccD	Acetyl-CoA carboxylase beta subunit	AG-414-B08_00419	5
CACFMO010000003.1	37295	38095	+	AG-414-B15_00417	AG-414-B15	266	OG0000196	K01695	tryptophan synthase alpha chain [EC:4.2.1.20]	COG0159	TrpA	Tryptophan synthase alpha chain	AG-414-B15_00422	-5
CACFMO010000003.1	38092	39015	+	AG-414-B15_00418	AG-414-B15	307	OG0000239	K01963	acetyl-CoA carboxylase carboxyl transferase subunit beta [EC:6.4.1.2 2.1.3.15]	COG0777	AccD	Acetyl-CoA carboxylase beta subunit	AG-414-B15_00422	-4
CACFMO010000003.1	38963	40219	+	AG-414-B15_00419	AG-414-B15	418	OG0000181	NA	NA	COG0285	FolC	Folylpolyglutamate synthase/Dihydropteroate synthase	AG-414-B15_00422	-3
CACFMO010000003.1	40216	40536	-	AG-414-B15_00420	AG-414-B15	106	OG0000169	K03671	thioredoxin 1	COG3118	CnoX	Chaperedoxin CnoX, contains thioredoxin-like and TPR-like domains, YbbN/TrxSC family	AG-414-B15_00422	-2
CACFMO010000003.1	40571	41989	-	AG-414-B15_00421	AG-414-B15	472	OG0000183	NA	NA	COG2925	SbcB	Exonuclease I (degrades ssDNA)	AG-414-B15_00422	-1
CACFMO010000003.1	42003	43034	-	AG-414-B15_00422	AG-414-B15	343	OG0001004	NA	NA	COG1322	RmuC	DNA anti-recombination protein (rearrangement mutator) RmuC	AG-414-B15_00422	0
CACFMO010000003.1	43094	43711	+	AG-414-B15_00423	AG-414-B15	205	OG0000965	NA	NA	NA	NA	NA	AG-414-B15_00422	1
CACFMO010000003.1	43711	44508	+	AG-414-B15_00424	AG-414-B15	265	OG0000927	NA	NA	COG2175	TauD	Taurine dioxygenase, alpha-ketoglutarate-dependent	AG-414-B15_00422	2
CACFMO010000003.1	44562	44774	+	AG-414-B15_00425	AG-414-B15	70	OG0001436	NA	NA	NA	NA	NA	AG-414-B15_00422	3
CACFMO010000003.1	44895	45977	+	AG-414-B15_00426	AG-414-B15	360	OG0000392	K13985	N-acyl-phosphatidylethanolamine-hydrolysing phospholipase D [EC:3.1.4.54]	COG2220	UlaG	L-ascorbate lactonase UlaG, metallo-beta-lactamase superfamily	AG-414-B15_00422	4
CACFMO010000003.1	45970	47052	-	AG-414-B15_00427	AG-414-B15	360	OG0000687	NA	NA	COG1196	Smc	Chromosome segregation ATPase Smc	AG-414-B15_00422	5
CACFOP010000005.1	4305	5114	+	AG-414-E02_00960	AG-414-E02	269	OG0000196	K01695	tryptophan synthase alpha chain [EC:4.2.1.20]	COG0159	TrpA	Tryptophan synthase alpha chain	AG-414-E02_00965	-5
CACFOP010000005.1	5111	6076	+	AG-414-E02_00961	AG-414-E02	321	OG0000239	NA	NA	COG0777	AccD	Acetyl-CoA carboxylase beta subunit	AG-414-E02_00965	-4
CACFOP010000005.1	6021	7322	+	AG-414-E02_00962	AG-414-E02	433	OG0000181	NA	NA	COG0285	FolC	Folylpolyglutamate synthase/Dihydropteroate synthase	AG-414-E02_00965	-3
CACFOP010000005.1	7319	7639	-	AG-414-E02_00963	AG-414-E02	106	OG0000169	K03671	thioredoxin 1	COG3118	CnoX	Chaperedoxin CnoX, contains thioredoxin-like and TPR-like domains, YbbN/TrxSC family	AG-414-E02_00965	-2
CACFOP010000005.1	7675	9093	-	AG-414-E02_00964	AG-414-E02	472	OG0000183	NA	NA	COG2925	SbcB	Exonuclease I (degrades ssDNA)	AG-414-E02_00965	-1
CACFOP010000005.1	9099	10136	-	AG-414-E02_00965	AG-414-E02	345	OG0001004	NA	NA	COG1322	RmuC	DNA anti-recombination protein (rearrangement mutator) RmuC	AG-414-E02_00965	0
CACFOP010000005.1	10192	11334	-	AG-414-E02_00966	AG-414-E02	380	OG0000687	NA	NA	COG1196	Smc	Chromosome segregation ATPase Smc	AG-414-E02_00965	1
CACFOP010000005.1	11367	12563	-	AG-414-E02_00967	AG-414-E02	398	OG0000894	K00574	cyclopropane-fatty-acyl-phospholipid synthase [EC:2.1.1.79]	COG2230	Cfa	Cyclopropane fatty-acyl-phospholipid synthase and related methyltransferases	AG-414-E02_00965	2
CACFOP010000005.1	12567	13451	-	AG-414-E02_00968	AG-414-E02	294	OG0000738	NA	NA	COG0329	DapA	4-hydroxy-tetrahydrodipicolinate synthase/N-acetylneuraminate lyase	AG-414-E02_00965	3
CACFOP010000005.1	13504	14442	+	AG-414-E02_00969	AG-414-E02	312	OG0001671	NA	NA	COG0859	RfaF	ADP-heptose:LPS heptosyltransferase	AG-414-E02_00965	4
CACFOP010000005.1	14439	14951	-	AG-414-E02_00970	AG-414-E02	170	OG0000756	NA	NA	COG0484	DnaJ	DnaJ molecular chaperone, contains DnaJ and DnaJ_C  domains	AG-414-E02_00965	5
CACFTX010000004.1	43050	43982	+	AG-414-L04_00924	AG-414-L04	310	OG0000239	K01963	acetyl-CoA carboxylase carboxyl transferase subunit beta [EC:6.4.1.2 2.1.3.15]	COG0777	AccD	Acetyl-CoA carboxylase beta subunit	AG-414-L04_00929	-5
CACFTX010000004.1	43936	45204	+	AG-414-L04_00925	AG-414-L04	422	OG0000181	NA	NA	COG0285	FolC	Folylpolyglutamate synthase/Dihydropteroate synthase	AG-414-L04_00929	-4
CACFTX010000004.1	45201	45521	-	AG-414-L04_00926	AG-414-L04	106	OG0000169	K03671	thioredoxin 1	COG3118	CnoX	Chaperedoxin CnoX, contains thioredoxin-like and TPR-like domains, YbbN/TrxSC family	AG-414-L04_00929	-3
CACFTX010000004.1	45573	47003	-	AG-414-L04_00927	AG-414-L04	476	OG0000183	NA	NA	COG2925	SbcB	Exonuclease I (degrades ssDNA)	AG-414-L04_00929	-2
CACFTX010000004.1	47117	47800	-	AG-414-L04_00928	AG-414-L04	227	OG0001010	NA	NA	NA	NA	NA	AG-414-L04_00929	-1
CACFTX010000004.1	47838	48893	-	AG-414-L04_00929	AG-414-L04	351	OG0001004	NA	NA	COG1322	RmuC	DNA anti-recombination protein (rearrangement mutator) RmuC	AG-414-L04_00929	0
CACFTX010000004.1	48917	49606	-	AG-414-L04_00930	AG-414-L04	229	OG0000403	NA	NA	COG0040	HisG	ATP phosphoribosyltransferase	AG-414-L04_00929	1
CACFTX010000004.1	49599	50654	-	AG-414-L04_00931	AG-414-L04	351	OG0000374	NA	NA	COG3705	HisZ	ATP phosphoribosyltransferase regulatory subunit HisZ	AG-414-L04_00929	2
CACFTX010000004.1	52283	52492	-	AG-414-L04_00933	AG-414-L04	69	OG0000914	K03704	cold shock protein	COG1278	CspC	Cold shock protein, CspA family	AG-414-L04_00929	3
CACFTX010000004.1	52682	52897	-	AG-414-L04_00935	AG-414-L04	71	OG0000905	K02518	translation initiation factor IF-1	COG0361	InfA	Translation initiation factor IF-1	AG-414-L04_00929	4
CACFTX010000004.1	52900	54177	-	AG-414-L04_00936	AG-414-L04	425	OG0000814	NA	NA	COG0141	HisD	Histidinol dehydrogenase	AG-414-L04_00929	5
CACFXK010000018.1	4111	4326	+	AG-414-O09_01209	AG-414-O09	71	OG0000905	K02518	translation initiation factor IF-1	COG0361	InfA	Translation initiation factor IF-1	AG-414-O09_01216	-5
CACFXK010000018.1	4525	4737	+	AG-414-O09_01211	AG-414-O09	70	OG0000914	K03704	cold shock protein	COG1278	CspC	Cold shock protein, CspA family	AG-414-O09_01216	-4
CACFXK010000018.1	5048	6442	+	AG-414-O09_01213	AG-414-O09	464	OG0000812	K01892	histidyl-tRNA synthetase [EC:6.1.1.21]	COG0124	HisS	Histidyl-tRNA synthetase	AG-414-O09_01216	-3
CACFXK010000018.1	6420	7469	+	AG-414-O09_01214	AG-414-O09	349	OG0000374	NA	NA	COG3705	HisZ	ATP phosphoribosyltransferase regulatory subunit HisZ	AG-414-O09_01216	-2
CACFXK010000018.1	7462	8139	+	AG-414-O09_01215	AG-414-O09	225	OG0000403	NA	NA	COG0040	HisG	ATP phosphoribosyltransferase	AG-414-O09_01216	-1
CACFXK010000018.1	8182	9282	+	AG-414-O09_01216	AG-414-O09	366	OG0001004	NA	NA	COG1322	RmuC	DNA anti-recombination protein (rearrangement mutator) RmuC	AG-414-O09_01216	0
CACFXK010000018.1	9294	9980	+	AG-414-O09_01217	AG-414-O09	228	OG0001010	NA	NA	NA	NA	NA	AG-414-O09_01216	1
CACFXK010000018.1	10105	11538	+	AG-414-O09_01218	AG-414-O09	477	OG0000183	NA	NA	COG2925	SbcB	Exonuclease I (degrades ssDNA)	AG-414-O09_01216	2
CACFXK010000018.1	11605	11922	+	AG-414-O09_01219	AG-414-O09	105	OG0000169	K03671	thioredoxin 1	COG3118	CnoX	Chaperedoxin CnoX, contains thioredoxin-like and TPR-like domains, YbbN/TrxSC family	AG-414-O09_01216	3
CACFXK010000018.1	11919	13184	-	AG-414-O09_01220	AG-414-O09	421	OG0000181	NA	NA	COG0285	FolC	Folylpolyglutamate synthase/Dihydropteroate synthase	AG-414-O09_01216	4
CACFXK010000018.1	13141	14070	-	AG-414-O09_01221	AG-414-O09	309	OG0000239	K01963	acetyl-CoA carboxylase carboxyl transferase subunit beta [EC:6.4.1.2 2.1.3.15]	COG0777	AccD	Acetyl-CoA carboxylase beta subunit	AG-414-O09_01216	5
CACFXO010000001.1	299239	301116	-	AG-414-O11_00326	AG-414-O11	625	OG0002128	NA	NA	NA	NA	NA	AG-414-O11_00332	-5
CACFXO010000001.1	301164	301790	-	AG-414-O11_00327	AG-414-O11	208	OG0003235	NA	NA	COG1595	RpoE	DNA-directed RNA polymerase specialized sigma subunit, sigma24 family	AG-414-O11_00332	-4
CACFXO010000001.1	301986	302549	-	AG-414-O11_00328	AG-414-O11	187	OG0002507	NA	NA	NA	NA	NA	AG-414-O11_00332	-3
CACFXO010000001.1	302971	303150	+	AG-414-O11_00330	AG-414-O11	59	OG0001693	NA	NA	NA	NA	NA	AG-414-O11_00332	-2
CACFXO010000001.1	303147	303431	+	AG-414-O11_00331	AG-414-O11	94	OG0001570	NA	NA	NA	NA	NA	AG-414-O11_00332	-1
CACFXO010000001.1	303465	304562	+	AG-414-O11_00332	AG-414-O11	365	OG0001004	NA	NA	COG1322	RmuC	DNA anti-recombination protein (rearrangement mutator) RmuC	AG-414-O11_00332	0
CACFXO010000001.1	304600	305286	+	AG-414-O11_00333	AG-414-O11	228	OG0001010	NA	NA	NA	NA	NA	AG-414-O11_00332	1
CACFXO010000001.1	305295	306731	+	AG-414-O11_00334	AG-414-O11	478	OG0000183	NA	NA	COG2925	SbcB	Exonuclease I (degrades ssDNA)	AG-414-O11_00332	2
CACFXO010000001.1	306766	307083	+	AG-414-O11_00335	AG-414-O11	105	OG0000169	NA	NA	COG3118	CnoX	Chaperedoxin CnoX, contains thioredoxin-like and TPR-like domains, YbbN/TrxSC family	AG-414-O11_00332	3
CACFXO010000001.1	307080	308348	-	AG-414-O11_00336	AG-414-O11	422	OG0000181	NA	NA	COG0285	FolC	Folylpolyglutamate synthase/Dihydropteroate synthase	AG-414-O11_00332	4
CACFXO010000001.1	308302	309231	-	AG-414-O11_00337	AG-414-O11	309	OG0000239	K01963	acetyl-CoA carboxylase carboxyl transferase subunit beta [EC:6.4.1.2 2.1.3.15]	COG0777	AccD	Acetyl-CoA carboxylase beta subunit	AG-414-O11_00332	5
CACFZK010000003.1	52750	53550	+	AG-422-A21_00337	AG-422-A21	266	OG0000196	K01695	tryptophan synthase alpha chain [EC:4.2.1.20]	COG0159	TrpA	Tryptophan synthase alpha chain	AG-422-A21_00342	-5
CACFZK010000003.1	53547	54512	+	AG-422-A21_00338	AG-422-A21	321	OG0000239	NA	NA	COG0777	AccD	Acetyl-CoA carboxylase beta subunit	AG-422-A21_00342	-4
CACFZK010000003.1	54466	55722	+	AG-422-A21_00339	AG-422-A21	418	OG0000181	NA	NA	COG0285	FolC	Folylpolyglutamate synthase/Dihydropteroate synthase	AG-422-A21_00342	-3
CACFZK010000003.1	55719	56039	-	AG-422-A21_00340	AG-422-A21	106	OG0000169	K03671	thioredoxin 1	COG3118	CnoX	Chaperedoxin CnoX, contains thioredoxin-like and TPR-like domains, YbbN/TrxSC family	AG-422-A21_00342	-2
CACFZK010000003.1	56074	57492	-	AG-422-A21_00341	AG-422-A21	472	OG0000183	NA	NA	COG2925	SbcB	Exonuclease I (degrades ssDNA)	AG-422-A21_00342	-1
CACFZK010000003.1	57506	58537	-	AG-422-A21_00342	AG-422-A21	343	OG0001004	NA	NA	COG1322	RmuC	DNA anti-recombination protein (rearrangement mutator) RmuC	AG-422-A21_00342	0
CACFZK010000003.1	58597	59214	+	AG-422-A21_00343	AG-422-A21	205	OG0000965	NA	NA	NA	NA	NA	AG-422-A21_00342	1
CACFZK010000003.1	59214	60011	+	AG-422-A21_00344	AG-422-A21	265	OG0000927	NA	NA	COG2175	TauD	Taurine dioxygenase, alpha-ketoglutarate-dependent	AG-422-A21_00342	2
CACFZK010000003.1	60066	60278	+	AG-422-A21_00345	AG-422-A21	70	OG0001436	NA	NA	NA	NA	NA	AG-422-A21_00342	3
CACFZK010000003.1	60397	61479	+	AG-422-A21_00346	AG-422-A21	360	OG0000392	K13985	N-acyl-phosphatidylethanolamine-hydrolysing phospholipase D [EC:3.1.4.54]	COG2220	UlaG	L-ascorbate lactonase UlaG, metallo-beta-lactamase superfamily	AG-422-A21_00342	4
CACFZK010000003.1	61472	62560	-	AG-422-A21_00347	AG-422-A21	362	OG0000687	NA	NA	COG1196	Smc	Chromosome segregation ATPase Smc	AG-422-A21_00342	5
CACGAU010000003.1	66906	67835	+	AG-422-B22_00453	AG-422-B22	309	OG0000239	K01963	acetyl-CoA carboxylase carboxyl transferase subunit beta [EC:6.4.1.2 2.1.3.15]	COG0777	AccD	Acetyl-CoA carboxylase beta subunit	AG-422-B22_00458	-5
CACGAU010000003.1	67789	69057	+	AG-422-B22_00454	AG-422-B22	422	OG0000181	NA	NA	COG0285	FolC	Folylpolyglutamate synthase/Dihydropteroate synthase	AG-422-B22_00458	-4
CACGAU010000003.1	69054	69371	-	AG-422-B22_00455	AG-422-B22	105	OG0000169	NA	NA	COG3118	CnoX	Chaperedoxin CnoX, contains thioredoxin-like and TPR-like domains, YbbN/TrxSC family	AG-422-B22_00458	-3
CACGAU010000003.1	69406	70842	-	AG-422-B22_00456	AG-422-B22	478	OG0000183	NA	NA	COG2925	SbcB	Exonuclease I (degrades ssDNA)	AG-422-B22_00458	-2
CACGAU010000003.1	70849	71535	-	AG-422-B22_00457	AG-422-B22	228	OG0001010	NA	NA	NA	NA	NA	AG-422-B22_00458	-1
CACGAU010000003.1	71573	72670	-	AG-422-B22_00458	AG-422-B22	365	OG0001004	NA	NA	COG1322	RmuC	DNA anti-recombination protein (rearrangement mutator) RmuC	AG-422-B22_00458	0
CACGAU010000003.1	72735	72866	+	AG-422-B22_00459	AG-422-B22	43	OG0001245	NA	NA	NA	NA	NA	AG-422-B22_00458	1
CACGAU010000003.1	72849	73541	-	AG-422-B22_00460	AG-422-B22	230	OG0000403	NA	NA	COG0040	HisG	ATP phosphoribosyltransferase	AG-422-B22_00458	2
CACGAU010000003.1	73541	74593	-	AG-422-B22_00461	AG-422-B22	350	OG0000374	NA	NA	COG3705	HisZ	ATP phosphoribosyltransferase regulatory subunit HisZ	AG-422-B22_00458	3
CACGAU010000003.1	74571	75965	-	AG-422-B22_00462	AG-422-B22	464	OG0000812	K01892	histidyl-tRNA synthetase [EC:6.1.1.21]	COG0124	HisS	Histidyl-tRNA synthetase	AG-422-B22_00458	4
CACGAU010000003.1	76276	76488	-	AG-422-B22_00464	AG-422-B22	70	OG0000914	K03704	cold shock protein	COG1278	CspC	Cold shock protein, CspA family	AG-422-B22_00458	5
CACGBP010000001.1	63278	63493	+	AG-422-C13_00068	AG-422-C13	71	OG0000905	K02518	translation initiation factor IF-1	COG0361	InfA	Translation initiation factor IF-1	AG-422-C13_00074	-5
CACGBP010000001.1	63647	63859	+	AG-422-C13_00070	AG-422-C13	70	OG0000914	K03704	cold shock protein	COG1278	CspC	Cold shock protein, CspA family	AG-422-C13_00074	-4
CACGBP010000001.1	64205	65599	+	AG-422-C13_00071	AG-422-C13	464	OG0000812	K01892	histidyl-tRNA synthetase [EC:6.1.1.21]	COG0124	HisS	Histidyl-tRNA synthetase	AG-422-C13_00074	-3
CACGBP010000001.1	65577	66629	+	AG-422-C13_00072	AG-422-C13	350	OG0000374	NA	NA	COG3705	HisZ	ATP phosphoribosyltransferase regulatory subunit HisZ	AG-422-C13_00074	-2
CACGBP010000001.1	66632	67318	+	AG-422-C13_00073	AG-422-C13	228	OG0000403	K00765	ATP phosphoribosyltransferase [EC:2.4.2.17]	COG0040	HisG	ATP phosphoribosyltransferase	AG-422-C13_00074	-1
CACGBP010000001.1	67347	68438	+	AG-422-C13_00074	AG-422-C13	363	OG0001004	NA	NA	COG1322	RmuC	DNA anti-recombination protein (rearrangement mutator) RmuC	AG-422-C13_00074	0
CACGBP010000001.1	68476	69162	+	AG-422-C13_00075	AG-422-C13	228	OG0001010	NA	NA	NA	NA	NA	AG-422-C13_00074	1
CACGBP010000001.1	69169	70605	+	AG-422-C13_00076	AG-422-C13	478	OG0000183	NA	NA	COG2925	SbcB	Exonuclease I (degrades ssDNA)	AG-422-C13_00074	2
CACGBP010000001.1	70640	70957	+	AG-422-C13_00077	AG-422-C13	105	OG0000169	NA	NA	COG3118	CnoX	Chaperedoxin CnoX, contains thioredoxin-like and TPR-like domains, YbbN/TrxSC family	AG-422-C13_00074	3
CACGBP010000001.1	70954	72219	-	AG-422-C13_00078	AG-422-C13	421	OG0000181	NA	NA	COG0285	FolC	Folylpolyglutamate synthase/Dihydropteroate synthase	AG-422-C13_00074	4
CACGBP010000001.1	72173	73108	-	AG-422-C13_00079	AG-422-C13	311	OG0000239	K01963	acetyl-CoA carboxylase carboxyl transferase subunit beta [EC:6.4.1.2 2.1.3.15]	COG0777	AccD	Acetyl-CoA carboxylase beta subunit	AG-422-C13_00074	5
CACGDQ010000004.1	49058	49987	+	AG-422-D23_00701	AG-422-D23	309	OG0000239	K01963	acetyl-CoA carboxylase carboxyl transferase subunit beta [EC:6.4.1.2 2.1.3.15]	COG0777	AccD	Acetyl-CoA carboxylase beta subunit	AG-422-D23_00706	-5
CACGDQ010000004.1	49941	51206	+	AG-422-D23_00702	AG-422-D23	421	OG0000181	NA	NA	COG0285	FolC	Folylpolyglutamate synthase/Dihydropteroate synthase	AG-422-D23_00706	-4
CACGDQ010000004.1	51203	51520	-	AG-422-D23_00703	AG-422-D23	105	OG0000169	NA	NA	COG3118	CnoX	Chaperedoxin CnoX, contains thioredoxin-like and TPR-like domains, YbbN/TrxSC family	AG-422-D23_00706	-3
CACGDQ010000004.1	51555	52991	-	AG-422-D23_00704	AG-422-D23	478	OG0000183	NA	NA	COG2925	SbcB	Exonuclease I (degrades ssDNA)	AG-422-D23_00706	-2
CACGDQ010000004.1	52998	53684	-	AG-422-D23_00705	AG-422-D23	228	OG0001010	NA	NA	NA	NA	NA	AG-422-D23_00706	-1
CACGDQ010000004.1	53722	54819	-	AG-422-D23_00706	AG-422-D23	365	OG0001004	NA	NA	COG1322	RmuC	DNA anti-recombination protein (rearrangement mutator) RmuC	AG-422-D23_00706	0
CACGDQ010000004.1	54885	55016	+	AG-422-D23_00707	AG-422-D23	43	OG0001245	NA	NA	NA	NA	NA	AG-422-D23_00706	1
CACGDQ010000004.1	54999	55691	-	AG-422-D23_00708	AG-422-D23	230	OG0000403	NA	NA	COG0040	HisG	ATP phosphoribosyltransferase	AG-422-D23_00706	2
CACGDQ010000004.1	55691	56743	-	AG-422-D23_00709	AG-422-D23	350	OG0000374	NA	NA	COG3705	HisZ	ATP phosphoribosyltransferase regulatory subunit HisZ	AG-422-D23_00706	3
CACGDQ010000004.1	56721	58115	-	AG-422-D23_00710	AG-422-D23	464	OG0000812	K01892	histidyl-tRNA synthetase [EC:6.1.1.21]	COG0124	HisS	Histidyl-tRNA synthetase	AG-422-D23_00706	4
CACGDQ010000004.1	58426	58638	-	AG-422-D23_00712	AG-422-D23	70	OG0000914	K03704	cold shock protein	COG1278	CspC	Cold shock protein, CspA family	AG-422-D23_00706	5
CACGDZ010000003.1	97058	97975	+	AG-422-E09_00499	AG-422-E09	305	OG0003950	NA	NA	NA	NA	NA	AG-422-E09_00504	-5
CACGDZ010000003.1	98127	98681	+	AG-422-E09_00500	AG-422-E09	184	OG0002797	NA	NA	NA	NA	NA	AG-422-E09_00504	-4
CACGDZ010000003.1	98659	99048	+	AG-422-E09_00501	AG-422-E09	129	OG0002573	K07458	DNA mismatch endonuclease, patch repair protein [EC:3.1.-.-]	COG3727	Vsr	G:T-mismatch repair DNA endonuclease Vsr, very short patch repair protein	AG-422-E09_00504	-3
CACGDZ010000003.1	99041	99331	+	AG-422-E09_00502	AG-422-E09	96	OG0002883	NA	NA	NA	NA	NA	AG-422-E09_00504	-2
CACGDZ010000003.1	99331	99540	+	AG-422-E09_00503	AG-422-E09	69	OG0003002	NA	NA	NA	NA	NA	AG-422-E09_00504	-1
CACGDZ010000003.1	99583	100680	+	AG-422-E09_00504	AG-422-E09	365	OG0001004	NA	NA	COG1322	RmuC	DNA anti-recombination protein (rearrangement mutator) RmuC	AG-422-E09_00504	0
CACGDZ010000003.1	100718	101404	+	AG-422-E09_00505	AG-422-E09	228	OG0001010	NA	NA	NA	NA	NA	AG-422-E09_00504	1
CACGDZ010000003.1	101411	102847	+	AG-422-E09_00506	AG-422-E09	478	OG0000183	NA	NA	COG2925	SbcB	Exonuclease I (degrades ssDNA)	AG-422-E09_00504	2
CACGDZ010000003.1	102882	103199	+	AG-422-E09_00507	AG-422-E09	105	OG0000169	NA	NA	COG3118	CnoX	Chaperedoxin CnoX, contains thioredoxin-like and TPR-like domains, YbbN/TrxSC family	AG-422-E09_00504	3
CACGDZ010000003.1	103196	104461	-	AG-422-E09_00508	AG-422-E09	421	OG0000181	NA	NA	COG0285	FolC	Folylpolyglutamate synthase/Dihydropteroate synthase	AG-422-E09_00504	4
CACGDZ010000003.1	104415	105347	-	AG-422-E09_00509	AG-422-E09	310	OG0000239	K01963	acetyl-CoA carboxylase carboxyl transferase subunit beta [EC:6.4.1.2 2.1.3.15]	COG0777	AccD	Acetyl-CoA carboxylase beta subunit	AG-422-E09_00504	5
CACGEW010000009.1	43105	43905	+	AG-422-F15_00917	AG-422-F15	266	OG0000196	K01695	tryptophan synthase alpha chain [EC:4.2.1.20]	COG0159	TrpA	Tryptophan synthase alpha chain	AG-422-F15_00922	-5
CACGEW010000009.1	43902	44816	+	AG-422-F15_00918	AG-422-F15	304	OG0000239	K01963	acetyl-CoA carboxylase carboxyl transferase subunit beta [EC:6.4.1.2 2.1.3.15]	COG0777	AccD	Acetyl-CoA carboxylase beta subunit	AG-422-F15_00922	-4
CACGEW010000009.1	44779	46041	+	AG-422-F15_00919	AG-422-F15	420	OG0000181	NA	NA	NA	NA	NA	AG-422-F15_00922	-3
CACGEW010000009.1	46038	46355	-	AG-422-F15_00920	AG-422-F15	105	OG0000169	NA	NA	COG3118	CnoX	Chaperedoxin CnoX, contains thioredoxin-like and TPR-like domains, YbbN/TrxSC family	AG-422-F15_00922	-2
CACGEW010000009.1	46390	47811	-	AG-422-F15_00921	AG-422-F15	473	OG0000183	NA	NA	COG2925	SbcB	Exonuclease I (degrades ssDNA)	AG-422-F15_00922	-1
CACGEW010000009.1	47819	47947	-	AG-422-F15_00922	AG-422-F15	42	OG0001004	NA	NA	NA	NA	NA	AG-422-F15_00922	0
CACGGJ010000005.1	32133	33062	+	AG-422-G03_00571	AG-422-G03	309	OG0000239	K01963	acetyl-CoA carboxylase carboxyl transferase subunit beta [EC:6.4.1.2 2.1.3.15]	COG0777	AccD	Acetyl-CoA carboxylase beta subunit	AG-422-G03_00576	-5
CACGGJ010000005.1	33016	34284	+	AG-422-G03_00572	AG-422-G03	422	OG0000181	NA	NA	COG0285	FolC	Folylpolyglutamate synthase/Dihydropteroate synthase	AG-422-G03_00576	-4
CACGGJ010000005.1	34281	34598	-	AG-422-G03_00573	AG-422-G03	105	OG0000169	NA	NA	COG3118	CnoX	Chaperedoxin CnoX, contains thioredoxin-like and TPR-like domains, YbbN/TrxSC family	AG-422-G03_00576	-3
CACGGJ010000005.1	34633	36069	-	AG-422-G03_00574	AG-422-G03	478	OG0000183	NA	NA	COG2925	SbcB	Exonuclease I (degrades ssDNA)	AG-422-G03_00576	-2
CACGGJ010000005.1	36076	36762	-	AG-422-G03_00575	AG-422-G03	228	OG0001010	NA	NA	NA	NA	NA	AG-422-G03_00576	-1
CACGGJ010000005.1	36800	37897	-	AG-422-G03_00576	AG-422-G03	365	OG0001004	NA	NA	COG1322	RmuC	DNA anti-recombination protein (rearrangement mutator) RmuC	AG-422-G03_00576	0
CACGGJ010000005.1	37962	38093	+	AG-422-G03_00577	AG-422-G03	43	OG0001245	NA	NA	NA	NA	NA	AG-422-G03_00576	1
CACGGJ010000005.1	38076	38768	-	AG-422-G03_00578	AG-422-G03	230	OG0000403	NA	NA	COG0040	HisG	ATP phosphoribosyltransferase	AG-422-G03_00576	2
CACGGJ010000005.1	38768	39820	-	AG-422-G03_00579	AG-422-G03	350	OG0000374	NA	NA	COG3705	HisZ	ATP phosphoribosyltransferase regulatory subunit HisZ	AG-422-G03_00576	3
CACGGJ010000005.1	39798	41192	-	AG-422-G03_00580	AG-422-G03	464	OG0000812	K01892	histidyl-tRNA synthetase [EC:6.1.1.21]	COG0124	HisS	Histidyl-tRNA synthetase	AG-422-G03_00576	4
CACGGJ010000005.1	41503	41715	-	AG-422-G03_00582	AG-422-G03	70	OG0000914	K03704	cold shock protein	COG1278	CspC	Cold shock protein, CspA family	AG-422-G03_00576	5
CACGMC010000003.1	167608	168054	-	AG-422-L15_00823	AG-422-L15	148	OG0000998	NA	NA	NA	NA	NA	AG-422-L15_00828	-5
CACGMC010000003.1	168091	168666	-	AG-422-L15_00824	AG-422-L15	191	OG0001093	NA	NA	COG2249	MdaB	Putative NADPH-quinone reductase (modulator of drug activity B)	AG-422-L15_00828	-4
CACGMC010000003.1	168679	168894	-	AG-422-L15_00825	AG-422-L15	71	OG0002997	NA	NA	NA	NA	NA	AG-422-L15_00828	-3
CACGMC010000003.1	168878	169036	-	AG-422-L15_00826	AG-422-L15	52	OG0001817	NA	NA	NA	NA	NA	AG-422-L15_00828	-2
CACGMC010000003.1	169160	169351	+	AG-422-L15_00827	AG-422-L15	63	OG0000871	NA	NA	NA	NA	NA	AG-422-L15_00828	-1
CACGMC010000003.1	169616	170662	+	AG-422-L15_00828	AG-422-L15	348	OG0001004	NA	NA	COG1322	RmuC	DNA anti-recombination protein (rearrangement mutator) RmuC	AG-422-L15_00828	0
CACGMC010000003.1	170671	172092	+	AG-422-L15_00829	AG-422-L15	473	OG0000183	NA	NA	COG2925	SbcB	Exonuclease I (degrades ssDNA)	AG-422-L15_00828	1
CACGMC010000003.1	172127	172477	+	AG-422-L15_00830	AG-422-L15	116	OG0000169	NA	NA	COG3118	CnoX	Chaperedoxin CnoX, contains thioredoxin-like and TPR-like domains, YbbN/TrxSC family	AG-422-L15_00828	2
CACGMC010000003.1	172474	173739	-	AG-422-L15_00831	AG-422-L15	421	OG0000181	NA	NA	COG0285	FolC	Folylpolyglutamate synthase/Dihydropteroate synthase	AG-422-L15_00828	3
CACGMC010000003.1	173699	174619	-	AG-422-L15_00832	AG-422-L15	306	OG0000239	K01963	acetyl-CoA carboxylase carboxyl transferase subunit beta [EC:6.4.1.2 2.1.3.15]	COG0777	AccD	Acetyl-CoA carboxylase beta subunit	AG-422-L15_00828	4
CACGMC010000003.1	174616	175416	-	AG-422-L15_00833	AG-422-L15	266	OG0000196	K01695	tryptophan synthase alpha chain [EC:4.2.1.20]	COG0159	TrpA	Tryptophan synthase alpha chain	AG-422-L15_00828	5
CACGOM010000011.1	26861	27793	+	AG-422-N14_00826	AG-422-N14	310	OG0000239	K01963	acetyl-CoA carboxylase carboxyl transferase subunit beta [EC:6.4.1.2 2.1.3.15]	COG0777	AccD	Acetyl-CoA carboxylase beta subunit	AG-422-N14_00831	-5
CACGOM010000011.1	27747	29015	+	AG-422-N14_00827	AG-422-N14	422	OG0000181	NA	NA	COG0285	FolC	Folylpolyglutamate synthase/Dihydropteroate synthase	AG-422-N14_00831	-4
CACGOM010000011.1	29012	29332	-	AG-422-N14_00828	AG-422-N14	106	OG0000169	K03671	thioredoxin 1	COG3118	CnoX	Chaperedoxin CnoX, contains thioredoxin-like and TPR-like domains, YbbN/TrxSC family	AG-422-N14_00831	-3
CACGOM010000011.1	29399	30829	-	AG-422-N14_00829	AG-422-N14	476	OG0000183	NA	NA	COG2925	SbcB	Exonuclease I (degrades ssDNA)	AG-422-N14_00831	-2
CACGOM010000011.1	30942	31625	-	AG-422-N14_00830	AG-422-N14	227	OG0001010	NA	NA	NA	NA	NA	AG-422-N14_00831	-1
CACGOM010000011.1	31663	32739	-	AG-422-N14_00831	AG-422-N14	358	OG0001004	NA	NA	COG1322	RmuC	DNA anti-recombination protein (rearrangement mutator) RmuC	AG-422-N14_00831	0
CACGOM010000011.1	32773	33453	-	AG-422-N14_00832	AG-422-N14	226	OG0000403	NA	NA	COG0040	HisG	ATP phosphoribosyltransferase	AG-422-N14_00831	1
CACGOM010000011.1	33450	34487	-	AG-422-N14_00833	AG-422-N14	345	OG0000374	NA	NA	COG3705	HisZ	ATP phosphoribosyltransferase regulatory subunit HisZ	AG-422-N14_00831	2
CACGOM010000011.1	34465	35853	-	AG-422-N14_00834	AG-422-N14	462	OG0000812	K01892	histidyl-tRNA synthetase [EC:6.1.1.21]	COG0124	HisS	Histidyl-tRNA synthetase	AG-422-N14_00831	3
CACGOM010000011.1	36167	36376	-	AG-422-N14_00836	AG-422-N14	69	OG0000914	K03704	cold shock protein	COG1278	CspC	Cold shock protein, CspA family	AG-422-N14_00831	4
CACGOM010000011.1	36550	36750	-	AG-422-N14_00838	AG-422-N14	66	OG0000905	K02518	translation initiation factor IF-1	COG0361	InfA	Translation initiation factor IF-1	AG-422-N14_00831	5
CACGON010000001.1	167006	167161	+	AG-422-N15_00188	AG-422-N15	51	OG0000905	K02518	translation initiation factor IF-1	COG0361	InfA	Translation initiation factor IF-1	AG-422-N15_00194	-5
CACGON010000001.1	167357	167569	+	AG-422-N15_00190	AG-422-N15	70	OG0000914	K03704	cold shock protein	COG1278	CspC	Cold shock protein, CspA family	AG-422-N15_00194	-4
CACGON010000001.1	167875	169269	+	AG-422-N15_00191	AG-422-N15	464	OG0000812	K01892	histidyl-tRNA synthetase [EC:6.1.1.21]	COG0124	HisS	Histidyl-tRNA synthetase	AG-422-N15_00194	-3
CACGON010000001.1	169247	170290	+	AG-422-N15_00192	AG-422-N15	347	OG0000374	NA	NA	COG3705	HisZ	ATP phosphoribosyltransferase regulatory subunit HisZ	AG-422-N15_00194	-2
CACGON010000001.1	170287	170967	+	AG-422-N15_00193	AG-422-N15	226	OG0000403	NA	NA	COG0040	HisG	ATP phosphoribosyltransferase	AG-422-N15_00194	-1
CACGON010000001.1	171004	172059	+	AG-422-N15_00194	AG-422-N15	351	OG0001004	NA	NA	COG1322	RmuC	DNA anti-recombination protein (rearrangement mutator) RmuC	AG-422-N15_00194	0
CACGON010000001.1	172073	172759	+	AG-422-N15_00195	AG-422-N15	228	OG0001010	NA	NA	NA	NA	NA	AG-422-N15_00194	1
CACGON010000001.1	172874	174304	+	AG-422-N15_00196	AG-422-N15	476	OG0000183	NA	NA	COG2925	SbcB	Exonuclease I (degrades ssDNA)	AG-422-N15_00194	2
CACGON010000001.1	174339	174656	+	AG-422-N15_00197	AG-422-N15	105	OG0000169	NA	NA	COG3118	CnoX	Chaperedoxin CnoX, contains thioredoxin-like and TPR-like domains, YbbN/TrxSC family	AG-422-N15_00194	3
CACGON010000001.1	174653	175918	-	AG-422-N15_00198	AG-422-N15	421	OG0000181	NA	NA	COG0285	FolC	Folylpolyglutamate synthase/Dihydropteroate synthase	AG-422-N15_00194	4
CACGON010000001.1	175875	176801	-	AG-422-N15_00199	AG-422-N15	308	OG0000239	K01963	acetyl-CoA carboxylase carboxyl transferase subunit beta [EC:6.4.1.2 2.1.3.15]	COG0777	AccD	Acetyl-CoA carboxylase beta subunit	AG-422-N15_00194	5
CACGTJ010000021.1	1238	2038	+	AG-426-C04_01056	AG-426-C04	266	OG0000196	K01695	tryptophan synthase alpha chain [EC:4.2.1.20]	COG0159	TrpA	Tryptophan synthase alpha chain	AG-426-C04_01061	-5
CACGTJ010000021.1	2035	2970	+	AG-426-C04_01057	AG-426-C04	311	OG0000239	K01963	acetyl-CoA carboxylase carboxyl transferase subunit beta [EC:6.4.1.2 2.1.3.15]	COG0777	AccD	Acetyl-CoA carboxylase beta subunit	AG-426-C04_01061	-4
CACGTJ010000021.1	2924	4195	+	AG-426-C04_01058	AG-426-C04	423	OG0000181	NA	NA	COG0285	FolC	Folylpolyglutamate synthase/Dihydropteroate synthase	AG-426-C04_01061	-3
CACGTJ010000021.1	4192	4512	-	AG-426-C04_01059	AG-426-C04	106	OG0000169	K03671	thioredoxin 1	COG3118	CnoX	Chaperedoxin CnoX, contains thioredoxin-like and TPR-like domains, YbbN/TrxSC family	AG-426-C04_01061	-2
CACGTJ010000021.1	4579	6009	-	AG-426-C04_01060	AG-426-C04	476	OG0000183	NA	NA	COG2925	SbcB	Exonuclease I (degrades ssDNA)	AG-426-C04_01061	-1
CACGTJ010000021.1	6006	6635	-	AG-426-C04_01061	AG-426-C04	209	OG0001004	NA	NA	COG1322	RmuC	DNA anti-recombination protein (rearrangement mutator) RmuC	AG-426-C04_01061	0
CACGUZ010000002.1	59006	59941	+	AG-426-D09_00628	AG-426-D09	311	OG0000239	K01963	acetyl-CoA carboxylase carboxyl transferase subunit beta [EC:6.4.1.2 2.1.3.15]	COG0777	AccD	Acetyl-CoA carboxylase beta subunit	AG-426-D09_00633	-5
CACGUZ010000002.1	59895	61160	+	AG-426-D09_00629	AG-426-D09	421	OG0000181	NA	NA	COG0285	FolC	Folylpolyglutamate synthase/Dihydropteroate synthase	AG-426-D09_00633	-4
CACGUZ010000002.1	61157	61474	-	AG-426-D09_00630	AG-426-D09	105	OG0000169	NA	NA	COG3118	CnoX	Chaperedoxin CnoX, contains thioredoxin-like and TPR-like domains, YbbN/TrxSC family	AG-426-D09_00633	-3
CACGUZ010000002.1	61509	62945	-	AG-426-D09_00631	AG-426-D09	478	OG0000183	NA	NA	COG2925	SbcB	Exonuclease I (degrades ssDNA)	AG-426-D09_00633	-2
CACGUZ010000002.1	62952	63638	-	AG-426-D09_00632	AG-426-D09	228	OG0001010	NA	NA	COG1074	RecB	3'-5' helicase subunit RecB of the DNA repair enzyme RecBCD (exonuclease V)	AG-426-D09_00633	-1
CACGUZ010000002.1	63676	64767	-	AG-426-D09_00633	AG-426-D09	363	OG0001004	NA	NA	COG1322	RmuC	DNA anti-recombination protein (rearrangement mutator) RmuC	AG-426-D09_00633	0
CACGUZ010000002.1	64798	64929	+	AG-426-D09_00634	AG-426-D09	43	OG0001245	NA	NA	NA	NA	NA	AG-426-D09_00633	1
CACGUZ010000002.1	64915	65601	-	AG-426-D09_00635	AG-426-D09	228	OG0000403	NA	NA	COG0040	HisG	ATP phosphoribosyltransferase	AG-426-D09_00633	2
CACGUZ010000002.1	65598	66656	-	AG-426-D09_00636	AG-426-D09	352	OG0000374	NA	NA	COG3705	HisZ	ATP phosphoribosyltransferase regulatory subunit HisZ	AG-426-D09_00633	3
CACGUZ010000002.1	66634	68031	-	AG-426-D09_00637	AG-426-D09	465	OG0000812	K01892	histidyl-tRNA synthetase [EC:6.1.1.21]	COG0124	HisS	Histidyl-tRNA synthetase	AG-426-D09_00633	4
CACGUZ010000002.1	68179	68280	-	AG-426-D09_00638	AG-426-D09	33	OG0001648	NA	NA	NA	NA	NA	AG-426-D09_00633	5
CACGWC010000001.1	176691	177623	+	AG-426-E13_00181	AG-426-E13	310	OG0000239	K01963	acetyl-CoA carboxylase carboxyl transferase subunit beta [EC:6.4.1.2 2.1.3.15]	COG0777	AccD	Acetyl-CoA carboxylase beta subunit	AG-426-E13_00186	-5
CACGWC010000001.1	177577	178842	+	AG-426-E13_00182	AG-426-E13	421	OG0000181	NA	NA	COG0285	FolC	Folylpolyglutamate synthase/Dihydropteroate synthase	AG-426-E13_00186	-4
CACGWC010000001.1	178839	179159	-	AG-426-E13_00183	AG-426-E13	106	OG0000169	K03671	thioredoxin 1	COG3118	CnoX	Chaperedoxin CnoX, contains thioredoxin-like and TPR-like domains, YbbN/TrxSC family	AG-426-E13_00186	-3
CACGWC010000001.1	179226	180659	-	AG-426-E13_00184	AG-426-E13	477	OG0000183	NA	NA	COG2925	SbcB	Exonuclease I (degrades ssDNA)	AG-426-E13_00186	-2
CACGWC010000001.1	180784	181488	-	AG-426-E13_00185	AG-426-E13	234	OG0001010	NA	NA	NA	NA	NA	AG-426-E13_00186	-1
CACGWC010000001.1	181518	182561	-	AG-426-E13_00186	AG-426-E13	347	OG0001004	NA	NA	COG1322	RmuC	DNA anti-recombination protein (rearrangement mutator) RmuC	AG-426-E13_00186	0
CACGWC010000001.1	182691	183380	-	AG-426-E13_00187	AG-426-E13	229	OG0000403	NA	NA	COG0040	HisG	ATP phosphoribosyltransferase	AG-426-E13_00186	1
CACGWC010000001.1	183373	184218	-	AG-426-E13_00188	AG-426-E13	281	OG0000077	NA	NA	NA	NA	NA	AG-426-E13_00186	2
CACGWC010000001.1	184215	185267	-	AG-426-E13_00189	AG-426-E13	350	OG0000374	NA	NA	COG3705	HisZ	ATP phosphoribosyltransferase regulatory subunit HisZ	AG-426-E13_00186	3
CACGWC010000001.1	187000	187212	-	AG-426-E13_00191	AG-426-E13	70	OG0000914	K03704	cold shock protein	COG1278	CspC	Cold shock protein, CspA family	AG-426-E13_00186	4
CACGWC010000001.1	187624	188889	-	AG-426-E13_00193	AG-426-E13	421	OG0000814	NA	NA	COG0141	HisD	Histidinol dehydrogenase	AG-426-E13_00186	5
CACGWU010000001.1	207011	207940	+	AG-426-E17_00213	AG-426-E17	309	OG0000239	K01963	acetyl-CoA carboxylase carboxyl transferase subunit beta [EC:6.4.1.2 2.1.3.15]	COG0777	AccD	Acetyl-CoA carboxylase beta subunit	AG-426-E17_00218	-5
CACGWU010000001.1	207897	209156	+	AG-426-E17_00214	AG-426-E17	419	OG0000181	NA	NA	COG0285	FolC	Folylpolyglutamate synthase/Dihydropteroate synthase	AG-426-E17_00218	-4
CACGWU010000001.1	209153	209470	-	AG-426-E17_00215	AG-426-E17	105	OG0000169	K03671	thioredoxin 1	COG3118	CnoX	Chaperedoxin CnoX, contains thioredoxin-like and TPR-like domains, YbbN/TrxSC family	AG-426-E17_00218	-3
CACGWU010000001.1	209537	210967	-	AG-426-E17_00216	AG-426-E17	476	OG0000183	NA	NA	COG2925	SbcB	Exonuclease I (degrades ssDNA)	AG-426-E17_00218	-2
CACGWU010000001.1	211066	211749	-	AG-426-E17_00217	AG-426-E17	227	OG0001010	NA	NA	NA	NA	NA	AG-426-E17_00218	-1
CACGWU010000001.1	211785	212858	-	AG-426-E17_00218	AG-426-E17	357	OG0001004	NA	NA	COG1322	RmuC	DNA anti-recombination protein (rearrangement mutator) RmuC	AG-426-E17_00218	0
CACGWU010000001.1	212842	213525	-	AG-426-E17_00219	AG-426-E17	227	OG0000403	NA	NA	COG0040	HisG	ATP phosphoribosyltransferase	AG-426-E17_00218	1
CACGWU010000001.1	213518	214585	-	AG-426-E17_00220	AG-426-E17	355	OG0000374	NA	NA	COG3705	HisZ	ATP phosphoribosyltransferase regulatory subunit HisZ	AG-426-E17_00218	2
CACGWU010000001.1	214548	215882	-	AG-426-E17_00221	AG-426-E17	444	OG0000812	K01892	histidyl-tRNA synthetase [EC:6.1.1.21]	COG0124	HisS	Histidyl-tRNA synthetase	AG-426-E17_00218	3
CACGWU010000001.1	216198	216407	-	AG-426-E17_00223	AG-426-E17	69	OG0000914	K03704	cold shock protein	COG1278	CspC	Cold shock protein, CspA family	AG-426-E17_00218	4
CACGWU010000001.1	216592	216807	-	AG-426-E17_00225	AG-426-E17	71	OG0000905	K02518	translation initiation factor IF-1	COG0361	InfA	Translation initiation factor IF-1	AG-426-E17_00218	5
CACGXV010000002.1	176536	177465	+	AG-426-F15_00724	AG-426-F15	309	OG0000239	K01963	acetyl-CoA carboxylase carboxyl transferase subunit beta [EC:6.4.1.2 2.1.3.15]	COG0777	AccD	Acetyl-CoA carboxylase beta subunit	AG-426-F15_00729	-5
CACGXV010000002.1	177422	178687	+	AG-426-F15_00725	AG-426-F15	421	OG0000181	NA	NA	COG0285	FolC	Folylpolyglutamate synthase/Dihydropteroate synthase	AG-426-F15_00729	-4
CACGXV010000002.1	178684	179004	-	AG-426-F15_00726	AG-426-F15	106	OG0000169	K03671	thioredoxin 1	COG3118	CnoX	Chaperedoxin CnoX, contains thioredoxin-like and TPR-like domains, YbbN/TrxSC family	AG-426-F15_00729	-3
CACGXV010000002.1	179072	180505	-	AG-426-F15_00727	AG-426-F15	477	OG0000183	NA	NA	COG2925	SbcB	Exonuclease I (degrades ssDNA)	AG-426-F15_00729	-2
CACGXV010000002.1	180630	181316	-	AG-426-F15_00728	AG-426-F15	228	OG0001010	NA	NA	NA	NA	NA	AG-426-F15_00729	-1
CACGXV010000002.1	181328	182428	-	AG-426-F15_00729	AG-426-F15	366	OG0001004	NA	NA	COG1322	RmuC	DNA anti-recombination protein (rearrangement mutator) RmuC	AG-426-F15_00729	0
CACGXV010000002.1	182473	183150	-	AG-426-F15_00730	AG-426-F15	225	OG0000403	NA	NA	COG0040	HisG	ATP phosphoribosyltransferase	AG-426-F15_00729	1
CACGXV010000002.1	183143	183280	-	AG-426-F15_00731	AG-426-F15	45	OG0000374	NA	NA	COG0124	HisS	Histidyl-tRNA synthetase	AG-426-F15_00729	2
CACGXV010000002.1	183393	184193	-	AG-426-F15_00732	AG-426-F15	266	OG0000374	NA	NA	COG3705	HisZ	ATP phosphoribosyltransferase regulatory subunit HisZ	AG-426-F15_00729	3
CACGXV010000002.1	184171	185565	-	AG-426-F15_00733	AG-426-F15	464	OG0000812	K01892	histidyl-tRNA synthetase [EC:6.1.1.21]	COG0124	HisS	Histidyl-tRNA synthetase	AG-426-F15_00729	4
CACGXV010000002.1	185874	186086	-	AG-426-F15_00735	AG-426-F15	70	OG0000914	K03704	cold shock protein	COG1278	CspC	Cold shock protein, CspA family	AG-426-F15_00729	5
CACGYT010000010.1	42927	46145	-	AG-426-G09_00807	AG-426-G09	1072	OG0001927	NA	NA	NA	NA	NA	AG-426-G09_00812	-5
CACGYT010000010.1	46192	46800	+	AG-426-G09_00808	AG-426-G09	202	OG0002444	NA	NA	NA	NA	NA	AG-426-G09_00812	-4
CACGYT010000010.1	46801	48348	+	AG-426-G09_00809	AG-426-G09	515	OG0000132	NA	NA	COG0443	DnaK	Molecular chaperone DnaK (HSP70)	AG-426-G09_00812	-3
CACGYT010000010.1	48355	50955	+	AG-426-G09_00810	AG-426-G09	866	OG0002207	NA	NA	COG0265	DegQ	Periplasmic serine protease DegP/DegQ, contain C-terminal PDZ domain	AG-426-G09_00812	-2
CACGYT010000010.1	50958	52091	-	AG-426-G09_00811	AG-426-G09	377	OG0002245	NA	NA	COG0501	HtpX	Zn-dependent protease with chaperone function	AG-426-G09_00812	-1
CACGYT010000010.1	52108	53130	-	AG-426-G09_00812	AG-426-G09	340	OG0001004	NA	NA	NA	NA	NA	AG-426-G09_00812	0
CACGYT010000010.1	53182	53613	-	AG-426-G09_00813	AG-426-G09	143	OG0001797	NA	NA	NA	NA	NA	AG-426-G09_00812	1
CACGYT010000010.1	53617	55077	-	AG-426-G09_00814	AG-426-G09	486	OG0000183	NA	NA	COG2925	SbcB	Exonuclease I (degrades ssDNA)	AG-426-G09_00812	2
CACGYT010000010.1	55318	55779	-	AG-426-G09_00815	AG-426-G09	153	OG0001010	NA	NA	NA	NA	NA	AG-426-G09_00812	3
CACGZG010000010.1	84	806	+	AG-426-I10_00912	AG-426-I10	240	OG0000239	NA	NA	COG0777	AccD	Acetyl-CoA carboxylase beta subunit	AG-426-I10_00917	-5
CACGZG010000010.1	760	2028	+	AG-426-I10_00913	AG-426-I10	422	OG0000181	NA	NA	COG0285	FolC	Folylpolyglutamate synthase/Dihydropteroate synthase	AG-426-I10_00917	-4
CACGZG010000010.1	2025	2342	-	AG-426-I10_00914	AG-426-I10	105	OG0000169	NA	NA	COG3118	CnoX	Chaperedoxin CnoX, contains thioredoxin-like and TPR-like domains, YbbN/TrxSC family	AG-426-I10_00917	-3
CACGZG010000010.1	2377	3813	-	AG-426-I10_00915	AG-426-I10	478	OG0000183	NA	NA	COG2925	SbcB	Exonuclease I (degrades ssDNA)	AG-426-I10_00917	-2
CACGZG010000010.1	3820	4506	-	AG-426-I10_00916	AG-426-I10	228	OG0001010	NA	NA	COG1074	RecB	3'-5' helicase subunit RecB of the DNA repair enzyme RecBCD (exonuclease V)	AG-426-I10_00917	-1
CACGZG010000010.1	4544	5635	-	AG-426-I10_00917	AG-426-I10	363	OG0001004	NA	NA	COG1322	RmuC	DNA anti-recombination protein (rearrangement mutator) RmuC	AG-426-I10_00917	0
CACGZG010000010.1	5666	5797	+	AG-426-I10_00918	AG-426-I10	43	OG0001245	NA	NA	NA	NA	NA	AG-426-I10_00917	1
CACGZG010000010.1	5783	6469	-	AG-426-I10_00919	AG-426-I10	228	OG0000403	NA	NA	COG0040	HisG	ATP phosphoribosyltransferase	AG-426-I10_00917	2
CACGZG010000010.1	6466	7524	-	AG-426-I10_00920	AG-426-I10	352	OG0000374	NA	NA	COG3705	HisZ	ATP phosphoribosyltransferase regulatory subunit HisZ	AG-426-I10_00917	3
CACGZG010000010.1	7502	8899	-	AG-426-I10_00921	AG-426-I10	465	OG0000812	K01892	histidyl-tRNA synthetase [EC:6.1.1.21]	COG0124	HisS	Histidyl-tRNA synthetase	AG-426-I10_00917	4
CACGZG010000010.1	9243	9455	-	AG-426-I10_00922	AG-426-I10	70	OG0000914	K03704	cold shock protein	COG1278	CspC	Cold shock protein, CspA family	AG-426-I10_00917	5
CACGZT010000001.1	166975	168117	+	AG-426-I15_00184	AG-426-I15	380	OG0000687	NA	NA	COG4913	NA	Uncharacterized conserved protein, contains a C-terminal ATPase domain	AG-426-I15_00189	-5
CACGZT010000001.1	168110	169135	-	AG-426-I15_00185	AG-426-I15	341	OG0000392	K13985	N-acyl-phosphatidylethanolamine-hydrolysing phospholipase D [EC:3.1.4.54]	COG2220	UlaG	L-ascorbate lactonase UlaG, metallo-beta-lactamase superfamily	AG-426-I15_00189	-4
CACGZT010000001.1	169308	169517	-	AG-426-I15_00186	AG-426-I15	69	OG0001436	NA	NA	NA	NA	NA	AG-426-I15_00189	-3
CACGZT010000001.1	169571	170368	-	AG-426-I15_00187	AG-426-I15	265	OG0000927	NA	NA	COG2175	TauD	Taurine dioxygenase, alpha-ketoglutarate-dependent	AG-426-I15_00189	-2
CACGZT010000001.1	170368	170985	-	AG-426-I15_00188	AG-426-I15	205	OG0000965	NA	NA	NA	NA	NA	AG-426-I15_00189	-1
CACGZT010000001.1	171044	172075	+	AG-426-I15_00189	AG-426-I15	343	OG0001004	NA	NA	COG1322	RmuC	DNA anti-recombination protein (rearrangement mutator) RmuC	AG-426-I15_00189	0
CACGZT010000001.1	172089	173513	+	AG-426-I15_00190	AG-426-I15	474	OG0000183	NA	NA	COG2925	SbcB	Exonuclease I (degrades ssDNA)	AG-426-I15_00189	1
CACGZT010000001.1	173549	173869	+	AG-426-I15_00191	AG-426-I15	106	OG0000169	K03671	thioredoxin 1	COG3118	CnoX	Chaperedoxin CnoX, contains thioredoxin-like and TPR-like domains, YbbN/TrxSC family	AG-426-I15_00189	2
CACGZT010000001.1	173866	175122	-	AG-426-I15_00192	AG-426-I15	418	OG0000181	NA	NA	COG0285	FolC	Folylpolyglutamate synthase/Dihydropteroate synthase	AG-426-I15_00189	3
CACGZT010000001.1	175073	176002	-	AG-426-I15_00193	AG-426-I15	309	OG0000239	K01963	acetyl-CoA carboxylase carboxyl transferase subunit beta [EC:6.4.1.2 2.1.3.15]	COG0777	AccD	Acetyl-CoA carboxylase beta subunit	AG-426-I15_00189	4
CACGZT010000001.1	175999	176799	-	AG-426-I15_00194	AG-426-I15	266	OG0000196	K01695	tryptophan synthase alpha chain [EC:4.2.1.20]	COG0159	TrpA	Tryptophan synthase alpha chain	AG-426-I15_00189	5
CACHML010000007.1	8899	9699	+	AG-426-K09_00725	AG-426-K09	266	OG0000196	K01695	tryptophan synthase alpha chain [EC:4.2.1.20]	COG0159	TrpA	Tryptophan synthase alpha chain	AG-426-K09_00730	-5
CACHML010000007.1	9696	10631	+	AG-426-K09_00726	AG-426-K09	311	OG0000239	NA	NA	COG0777	AccD	Acetyl-CoA carboxylase beta subunit	AG-426-K09_00730	-4
CACHML010000007.1	10588	11853	+	AG-426-K09_00727	AG-426-K09	421	OG0000181	NA	NA	COG0285	FolC	Folylpolyglutamate synthase/Dihydropteroate synthase	AG-426-K09_00730	-3
CACHML010000007.1	11850	12170	-	AG-426-K09_00728	AG-426-K09	106	OG0000169	K03671	thioredoxin 1	COG3118	CnoX	Chaperedoxin CnoX, contains thioredoxin-like and TPR-like domains, YbbN/TrxSC family	AG-426-K09_00730	-2
CACHML010000007.1	12238	13671	-	AG-426-K09_00729	AG-426-K09	477	OG0000183	NA	NA	COG2925	SbcB	Exonuclease I (degrades ssDNA)	AG-426-K09_00730	-1
CACHML010000007.1	13668	14735	-	AG-426-K09_00730	AG-426-K09	355	OG0001004	NA	NA	COG1322	RmuC	DNA anti-recombination protein (rearrangement mutator) RmuC	AG-426-K09_00730	0
CACHML010000007.1	14859	15545	-	AG-426-K09_00731	AG-426-K09	228	OG0001010	NA	NA	COG1074	RecB	3'-5' helicase subunit RecB of the DNA repair enzyme RecBCD (exonuclease V)	AG-426-K09_00730	1
CACHML010000007.1	15547	16224	-	AG-426-K09_00732	AG-426-K09	225	OG0000403	NA	NA	COG0040	HisG	ATP phosphoribosyltransferase	AG-426-K09_00730	2
CACHML010000007.1	16217	17266	-	AG-426-K09_00733	AG-426-K09	349	OG0000374	NA	NA	COG3705	HisZ	ATP phosphoribosyltransferase regulatory subunit HisZ	AG-426-K09_00730	3
CACHML010000007.1	17244	18638	-	AG-426-K09_00734	AG-426-K09	464	OG0000812	K01892	histidyl-tRNA synthetase [EC:6.1.1.21]	COG0124	HisS	Histidyl-tRNA synthetase	AG-426-K09_00730	4
CACHML010000007.1	18945	19157	-	AG-426-K09_00736	AG-426-K09	70	OG0000914	K03704	cold shock protein	COG1278	CspC	Cold shock protein, CspA family	AG-426-K09_00730	5
CACHEQ010000007.1	45698	46630	+	AG-426-M19_01041	AG-426-M19	310	OG0000239	K01963	acetyl-CoA carboxylase carboxyl transferase subunit beta [EC:6.4.1.2 2.1.3.15]	COG0777	AccD	Acetyl-CoA carboxylase beta subunit	AG-426-M19_01046	-5
CACHEQ010000007.1	46584	47849	+	AG-426-M19_01042	AG-426-M19	421	OG0000181	NA	NA	COG0285	FolC	Folylpolyglutamate synthase/Dihydropteroate synthase	AG-426-M19_01046	-4
CACHEQ010000007.1	47846	48166	-	AG-426-M19_01043	AG-426-M19	106	OG0000169	K03671	thioredoxin 1	COG3118	CnoX	Chaperedoxin CnoX, contains thioredoxin-like and TPR-like domains, YbbN/TrxSC family	AG-426-M19_01046	-3
CACHEQ010000007.1	48233	49666	-	AG-426-M19_01044	AG-426-M19	477	OG0000183	NA	NA	COG2925	SbcB	Exonuclease I (degrades ssDNA)	AG-426-M19_01046	-2
CACHEQ010000007.1	49791	50477	-	AG-426-M19_01045	AG-426-M19	228	OG0001010	NA	NA	NA	NA	NA	AG-426-M19_01046	-1
CACHEQ010000007.1	50502	51599	-	AG-426-M19_01046	AG-426-M19	365	OG0001004	NA	NA	COG1322	RmuC	DNA anti-recombination protein (rearrangement mutator) RmuC	AG-426-M19_01046	0
CACHEQ010000007.1	51630	52313	-	AG-426-M19_01047	AG-426-M19	227	OG0000403	NA	NA	COG0040	HisG	ATP phosphoribosyltransferase	AG-426-M19_01046	1
CACHEQ010000007.1	52306	53151	-	AG-426-M19_01048	AG-426-M19	281	OG0000077	NA	NA	NA	NA	NA	AG-426-M19_01046	2
CACHEQ010000007.1	53148	54200	-	AG-426-M19_01049	AG-426-M19	350	OG0000374	NA	NA	COG3705	HisZ	ATP phosphoribosyltransferase regulatory subunit HisZ	AG-426-M19_01046	3
CACHEQ010000007.1	54178	55608	-	AG-426-M19_01050	AG-426-M19	476	OG0000812	K01892	histidyl-tRNA synthetase [EC:6.1.1.21]	COG0124	HisS	Histidyl-tRNA synthetase	AG-426-M19_01046	4
CACHEQ010000007.1	55933	56145	-	AG-426-M19_01052	AG-426-M19	70	OG0000914	K03704	cold shock protein	COG1278	CspC	Cold shock protein, CspA family	AG-426-M19_01046	5
CACHEU010000001.1	156799	157884	+	AG-426-O05_00168	AG-426-O05	361	OG0000687	NA	NA	COG1196	Smc	Chromosome segregation ATPase Smc	AG-426-O05_00173	-5
CACHEU010000001.1	157877	158956	-	AG-426-O05_00169	AG-426-O05	359	OG0000392	K13985	N-acyl-phosphatidylethanolamine-hydrolysing phospholipase D [EC:3.1.4.54]	COG2220	UlaG	L-ascorbate lactonase UlaG, metallo-beta-lactamase superfamily	AG-426-O05_00173	-4
CACHEU010000001.1	159079	159291	-	AG-426-O05_00170	AG-426-O05	70	OG0001436	NA	NA	NA	NA	NA	AG-426-O05_00173	-3
CACHEU010000001.1	159346	160143	-	AG-426-O05_00171	AG-426-O05	265	OG0000927	NA	NA	COG2175	TauD	Taurine dioxygenase, alpha-ketoglutarate-dependent	AG-426-O05_00173	-2
CACHEU010000001.1	160143	160766	-	AG-426-O05_00172	AG-426-O05	207	OG0000965	NA	NA	NA	NA	NA	AG-426-O05_00173	-1
CACHEU010000001.1	160819	161850	+	AG-426-O05_00173	AG-426-O05	343	OG0001004	NA	NA	COG1322	RmuC	DNA anti-recombination protein (rearrangement mutator) RmuC	AG-426-O05_00173	0
CACHEU010000001.1	161864	163282	+	AG-426-O05_00174	AG-426-O05	472	OG0000183	NA	NA	COG2925	SbcB	Exonuclease I (degrades ssDNA)	AG-426-O05_00173	1
CACHEU010000001.1	163318	163638	+	AG-426-O05_00175	AG-426-O05	106	OG0000169	K03671	thioredoxin 1	COG3118	CnoX	Chaperedoxin CnoX, contains thioredoxin-like and TPR-like domains, YbbN/TrxSC family	AG-426-O05_00173	2
CACHEU010000001.1	163635	164891	-	AG-426-O05_00176	AG-426-O05	418	OG0000181	NA	NA	COG0285	FolC	Folylpolyglutamate synthase/Dihydropteroate synthase	AG-426-O05_00173	3
CACHEU010000001.1	164842	165768	-	AG-426-O05_00177	AG-426-O05	308	OG0000239	K01963	acetyl-CoA carboxylase carboxyl transferase subunit beta [EC:6.4.1.2 2.1.3.15]	COG0777	AccD	Acetyl-CoA carboxylase beta subunit	AG-426-O05_00173	4
CACHEU010000001.1	165765	166565	-	AG-426-O05_00178	AG-426-O05	266	OG0000196	K01695	tryptophan synthase alpha chain [EC:4.2.1.20]	COG0159	TrpA	Tryptophan synthase alpha chain	AG-426-O05_00173	5
CACHEF010000004.1	24346	25275	+	AG-426-P08_00731	AG-426-P08	309	OG0000239	K01963	acetyl-CoA carboxylase carboxyl transferase subunit beta [EC:6.4.1.2 2.1.3.15]	COG0777	AccD	Acetyl-CoA carboxylase beta subunit	AG-426-P08_00736	-5
CACHEF010000004.1	25229	26497	+	AG-426-P08_00732	AG-426-P08	422	OG0000181	NA	NA	COG0285	FolC	Folylpolyglutamate synthase/Dihydropteroate synthase	AG-426-P08_00736	-4
CACHEF010000004.1	26494	26811	-	AG-426-P08_00733	AG-426-P08	105	OG0000169	NA	NA	COG3118	CnoX	Chaperedoxin CnoX, contains thioredoxin-like and TPR-like domains, YbbN/TrxSC family	AG-426-P08_00736	-3
CACHEF010000004.1	26878	28326	-	AG-426-P08_00734	AG-426-P08	482	OG0000183	NA	NA	COG2925	SbcB	Exonuclease I (degrades ssDNA)	AG-426-P08_00736	-2
CACHEF010000004.1	28323	29009	-	AG-426-P08_00735	AG-426-P08	228	OG0001010	NA	NA	NA	NA	NA	AG-426-P08_00736	-1
CACHEF010000004.1	29047	30138	-	AG-426-P08_00736	AG-426-P08	363	OG0001004	NA	NA	COG1322	RmuC	DNA anti-recombination protein (rearrangement mutator) RmuC	AG-426-P08_00736	0
CACHEF010000004.1	30196	30888	-	AG-426-P08_00737	AG-426-P08	230	OG0000403	NA	NA	COG0040	HisG	ATP phosphoribosyltransferase	AG-426-P08_00736	1
CACHEF010000004.1	30885	31931	-	AG-426-P08_00738	AG-426-P08	348	OG0000374	NA	NA	COG3705	HisZ	ATP phosphoribosyltransferase regulatory subunit HisZ	AG-426-P08_00736	2
CACHEF010000004.1	31909	33303	-	AG-426-P08_00739	AG-426-P08	464	OG0000812	K01892	histidyl-tRNA synthetase [EC:6.1.1.21]	COG0124	HisS	Histidyl-tRNA synthetase	AG-426-P08_00736	3
CACHEF010000004.1	33450	33551	-	AG-426-P08_00740	AG-426-P08	33	OG0001648	NA	NA	NA	NA	NA	AG-426-P08_00736	4
CACHEF010000004.1	33653	33865	-	AG-426-P08_00741	AG-426-P08	70	OG0000914	K03704	cold shock protein	COG1278	CspC	Cold shock protein, CspA family	AG-426-P08_00736	5
CACHIV010000011.1	413	607	+	AG-430-B09_01103	AG-430-B09	64	NA	NA	NA	NA	NA	NA	AG-430-B09_01104	-1
CACHIV010000011.1	609	1538	-	AG-430-B09_01104	AG-430-B09	309	OG0001004	NA	NA	COG1322	RmuC	DNA anti-recombination protein (rearrangement mutator) RmuC	AG-430-B09_01104	0
CACHIV010000011.1	1671	2357	-	AG-430-B09_01105	AG-430-B09	228	OG0001010	NA	NA	COG1074	RecB	3'-5' helicase subunit RecB of the DNA repair enzyme RecBCD (exonuclease V)	AG-430-B09_01104	1
CACHIV010000011.1	2361	3056	-	AG-430-B09_01106	AG-430-B09	231	OG0000403	NA	NA	COG0040	HisG	ATP phosphoribosyltransferase	AG-430-B09_01104	2
CACHIV010000011.1	3043	4098	-	AG-430-B09_01107	AG-430-B09	351	OG0000374	NA	NA	COG3705	HisZ	ATP phosphoribosyltransferase regulatory subunit HisZ	AG-430-B09_01104	3
CACHIV010000011.1	4076	5476	-	AG-430-B09_01108	AG-430-B09	466	OG0000812	K01892	histidyl-tRNA synthetase [EC:6.1.1.21]	COG0124	HisS	Histidyl-tRNA synthetase	AG-430-B09_01104	4
CACHIV010000011.1	5722	5934	-	AG-430-B09_01110	AG-430-B09	70	OG0000914	K03704	cold shock protein	COG1278	CspC	Cold shock protein, CspA family	AG-430-B09_01104	5
CACHIY010000003.1	39699	40628	+	AG-430-E20_00584	AG-430-E20	309	OG0000239	K01963	acetyl-CoA carboxylase carboxyl transferase subunit beta [EC:6.4.1.2 2.1.3.15]	COG0777	AccD	Acetyl-CoA carboxylase beta subunit	AG-430-E20_00589	-5
CACHIY010000003.1	40582	41850	+	AG-430-E20_00585	AG-430-E20	422	OG0000181	NA	NA	COG0285	FolC	Folylpolyglutamate synthase/Dihydropteroate synthase	AG-430-E20_00589	-4
CACHIY010000003.1	41847	42164	-	AG-430-E20_00586	AG-430-E20	105	OG0000169	NA	NA	COG3118	CnoX	Chaperedoxin CnoX, contains thioredoxin-like and TPR-like domains, YbbN/TrxSC family	AG-430-E20_00589	-3
CACHIY010000003.1	42199	43635	-	AG-430-E20_00587	AG-430-E20	478	OG0000183	NA	NA	COG2925	SbcB	Exonuclease I (degrades ssDNA)	AG-430-E20_00589	-2
CACHIY010000003.1	43644	44330	-	AG-430-E20_00588	AG-430-E20	228	OG0001010	NA	NA	COG1074	RecB	3'-5' helicase subunit RecB of the DNA repair enzyme RecBCD (exonuclease V)	AG-430-E20_00589	-1
CACHIY010000003.1	44368	45465	-	AG-430-E20_00589	AG-430-E20	365	OG0001004	NA	NA	COG1322	RmuC	DNA anti-recombination protein (rearrangement mutator) RmuC	AG-430-E20_00589	0
CACHIY010000003.1	45530	45664	+	AG-430-E20_00590	AG-430-E20	44	OG0001245	NA	NA	NA	NA	NA	AG-430-E20_00589	1
CACHIY010000003.1	45644	46336	-	AG-430-E20_00591	AG-430-E20	230	OG0000403	NA	NA	COG0040	HisG	ATP phosphoribosyltransferase	AG-430-E20_00589	2
CACHIY010000003.1	46326	47174	-	AG-430-E20_00592	AG-430-E20	282	OG0000077	NA	NA	NA	NA	NA	AG-430-E20_00589	3
CACHIY010000003.1	47171	48226	-	AG-430-E20_00593	AG-430-E20	351	OG0000374	NA	NA	COG3705	HisZ	ATP phosphoribosyltransferase regulatory subunit HisZ	AG-430-E20_00589	4
CACHIY010000003.1	48204	49598	-	AG-430-E20_00594	AG-430-E20	464	OG0000812	K01892	histidyl-tRNA synthetase [EC:6.1.1.21]	COG0124	HisS	Histidyl-tRNA synthetase	AG-430-E20_00589	5
CACHLM010000002.1	46508	47440	+	AG-430-F16_00457	AG-430-F16	310	OG0000239	K01963	acetyl-CoA carboxylase carboxyl transferase subunit beta [EC:6.4.1.2 2.1.3.15]	COG0777	AccD	Acetyl-CoA carboxylase beta subunit	AG-430-F16_00462	-5
CACHLM010000002.1	47394	48662	+	AG-430-F16_00458	AG-430-F16	422	OG0000181	NA	NA	COG0285	FolC	Folylpolyglutamate synthase/Dihydropteroate synthase	AG-430-F16_00462	-4
CACHLM010000002.1	48659	48976	-	AG-430-F16_00459	AG-430-F16	105	OG0000169	K03671	thioredoxin 1	COG3118	CnoX	Chaperedoxin CnoX, contains thioredoxin-like and TPR-like domains, YbbN/TrxSC family	AG-430-F16_00462	-3
CACHLM010000002.1	49043	50524	-	AG-430-F16_00460	AG-430-F16	493	OG0000183	NA	NA	COG2925	SbcB	Exonuclease I (degrades ssDNA)	AG-430-F16_00462	-2
CACHLM010000002.1	50579	51262	-	AG-430-F16_00461	AG-430-F16	227	OG0001010	NA	NA	NA	NA	NA	AG-430-F16_00462	-1
CACHLM010000002.1	51299	52354	-	AG-430-F16_00462	AG-430-F16	351	OG0001004	NA	NA	COG1322	RmuC	DNA anti-recombination protein (rearrangement mutator) RmuC	AG-430-F16_00462	0
CACHLM010000002.1	52446	52577	+	AG-430-F16_00463	AG-430-F16	43	OG0001245	NA	NA	NA	NA	NA	AG-430-F16_00462	1
CACHLM010000002.1	52566	53249	-	AG-430-F16_00464	AG-430-F16	227	OG0000403	NA	NA	COG0040	HisG	ATP phosphoribosyltransferase	AG-430-F16_00462	2
CACHLM010000002.1	53253	54302	-	AG-430-F16_00465	AG-430-F16	349	OG0000374	NA	NA	COG3705	HisZ	ATP phosphoribosyltransferase regulatory subunit HisZ	AG-430-F16_00462	3
CACHLM010000002.1	54280	55674	-	AG-430-F16_00466	AG-430-F16	464	OG0000812	K01892	histidyl-tRNA synthetase [EC:6.1.1.21]	COG0124	HisS	Histidyl-tRNA synthetase	AG-430-F16_00462	4
CACHLM010000002.1	55982	56191	-	AG-430-F16_00468	AG-430-F16	69	OG0000914	K03704	cold shock protein	COG1278	CspC	Cold shock protein, CspA family	AG-430-F16_00462	5
CACHSC010000008.1	17701	17856	+	AG-430-G11_00942	AG-430-G11	51	OG0000905	K02518	translation initiation factor IF-1	COG0361	InfA	Translation initiation factor IF-1	AG-430-G11_00949	-5
CACHSC010000008.1	18043	18255	+	AG-430-G11_00944	AG-430-G11	70	OG0000914	K03704	cold shock protein	COG1278	CspC	Cold shock protein, CspA family	AG-430-G11_00949	-4
CACHSC010000008.1	18562	19959	+	AG-430-G11_00946	AG-430-G11	465	OG0000812	K01892	histidyl-tRNA synthetase [EC:6.1.1.21]	COG0124	HisS	Histidyl-tRNA synthetase	AG-430-G11_00949	-3
CACHSC010000008.1	19937	20998	+	AG-430-G11_00947	AG-430-G11	353	OG0000374	NA	NA	COG3705	HisZ	ATP phosphoribosyltransferase regulatory subunit HisZ	AG-430-G11_00949	-2
CACHSC010000008.1	20991	21683	+	AG-430-G11_00948	AG-430-G11	230	OG0000403	NA	NA	COG0040	HisG	ATP phosphoribosyltransferase	AG-430-G11_00949	-1
CACHSC010000008.1	21824	22876	+	AG-430-G11_00949	AG-430-G11	350	OG0001004	NA	NA	COG1322	RmuC	DNA anti-recombination protein (rearrangement mutator) RmuC	AG-430-G11_00949	0
CACHSC010000008.1	22833	23600	+	AG-430-G11_00950	AG-430-G11	255	OG0001010	NA	NA	NA	NA	NA	AG-430-G11_00949	1
CACHSC010000008.1	23718	25151	+	AG-430-G11_00951	AG-430-G11	477	OG0000183	NA	NA	COG2925	SbcB	Exonuclease I (degrades ssDNA)	AG-430-G11_00949	2
CACHSC010000008.1	25186	25503	+	AG-430-G11_00952	AG-430-G11	105	OG0000169	NA	NA	COG3118	CnoX	Chaperedoxin CnoX, contains thioredoxin-like and TPR-like domains, YbbN/TrxSC family	AG-430-G11_00949	3
CACHSC010000008.1	25500	26768	-	AG-430-G11_00953	AG-430-G11	422	OG0000181	NA	NA	COG0285	FolC	Folylpolyglutamate synthase/Dihydropteroate synthase	AG-430-G11_00949	4
CACHSC010000008.1	26722	27660	-	AG-430-G11_00954	AG-430-G11	312	OG0000239	K01963	acetyl-CoA carboxylase carboxyl transferase subunit beta [EC:6.4.1.2 2.1.3.15]	COG0777	AccD	Acetyl-CoA carboxylase beta subunit	AG-430-G11_00949	5
CACHRP010000007.1	44560	45495	+	AG-430-I18_00996	AG-430-I18	311	OG0000239	K01963	acetyl-CoA carboxylase carboxyl transferase subunit beta [EC:6.4.1.2 2.1.3.15]	COG0777	AccD	Acetyl-CoA carboxylase beta subunit	AG-430-I18_01001	-5
CACHRP010000007.1	45449	46717	+	AG-430-I18_00997	AG-430-I18	422	OG0000181	NA	NA	COG0285	FolC	Folylpolyglutamate synthase/Dihydropteroate synthase	AG-430-I18_01001	-4
CACHRP010000007.1	46714	47031	-	AG-430-I18_00998	AG-430-I18	105	OG0000169	NA	NA	COG3118	CnoX	Chaperedoxin CnoX, contains thioredoxin-like and TPR-like domains, YbbN/TrxSC family	AG-430-I18_01001	-3
CACHRP010000007.1	47066	48499	-	AG-430-I18_00999	AG-430-I18	477	OG0000183	NA	NA	COG2925	SbcB	Exonuclease I (degrades ssDNA)	AG-430-I18_01001	-2
CACHRP010000007.1	48614	49300	-	AG-430-I18_01000	AG-430-I18	228	OG0001010	NA	NA	NA	NA	NA	AG-430-I18_01001	-1
CACHRP010000007.1	49337	50389	-	AG-430-I18_01001	AG-430-I18	350	OG0001004	NA	NA	COG1322	RmuC	DNA anti-recombination protein (rearrangement mutator) RmuC	AG-430-I18_01001	0
CACHRP010000007.1	50421	50546	+	AG-430-I18_01002	AG-430-I18	41	OG0001245	NA	NA	NA	NA	NA	AG-430-I18_01001	1
CACHRP010000007.1	50529	51221	-	AG-430-I18_01003	AG-430-I18	230	OG0000403	NA	NA	COG0040	HisG	ATP phosphoribosyltransferase	AG-430-I18_01001	2
CACHRP010000007.1	51214	52272	-	AG-430-I18_01004	AG-430-I18	352	OG0000374	NA	NA	COG3705	HisZ	ATP phosphoribosyltransferase regulatory subunit HisZ	AG-430-I18_01001	3
CACHRP010000007.1	52250	53647	-	AG-430-I18_01005	AG-430-I18	465	OG0000812	K01892	histidyl-tRNA synthetase [EC:6.1.1.21]	COG0124	HisS	Histidyl-tRNA synthetase	AG-430-I18_01001	4
CACHRP010000007.1	53954	54166	-	AG-430-I18_01007	AG-430-I18	70	OG0000914	K03704	cold shock protein	COG1278	CspC	Cold shock protein, CspA family	AG-430-I18_01001	5
CACHQX010000005.1	28476	28691	+	AG-430-J04_00803	AG-430-J04	71	OG0000905	K02518	translation initiation factor IF-1	COG0361	InfA	Translation initiation factor IF-1	AG-430-J04_00810	-5
CACHQX010000005.1	28877	29086	+	AG-430-J04_00805	AG-430-J04	69	OG0000914	K03704	cold shock protein	COG1278	CspC	Cold shock protein, CspA family	AG-430-J04_00810	-4
CACHQX010000005.1	30765	31814	+	AG-430-J04_00807	AG-430-J04	349	OG0000374	NA	NA	COG3705	HisZ	ATP phosphoribosyltransferase regulatory subunit HisZ	AG-430-J04_00810	-3
CACHQX010000005.1	31818	32501	+	AG-430-J04_00808	AG-430-J04	227	OG0000403	NA	NA	COG0040	HisG	ATP phosphoribosyltransferase	AG-430-J04_00810	-2
CACHQX010000005.1	32490	32621	-	AG-430-J04_00809	AG-430-J04	43	OG0001245	NA	NA	NA	NA	NA	AG-430-J04_00810	-1
CACHQX010000005.1	32713	33768	+	AG-430-J04_00810	AG-430-J04	351	OG0001004	NA	NA	COG1322	RmuC	DNA anti-recombination protein (rearrangement mutator) RmuC	AG-430-J04_00810	0
CACHQX010000005.1	33806	34495	+	AG-430-J04_00811	AG-430-J04	229	OG0001010	NA	NA	NA	NA	NA	AG-430-J04_00810	1
CACHQX010000005.1	34600	36030	+	AG-430-J04_00812	AG-430-J04	476	OG0000183	NA	NA	COG2925	SbcB	Exonuclease I (degrades ssDNA)	AG-430-J04_00810	2
CACHQX010000005.1	36097	36414	+	AG-430-J04_00813	AG-430-J04	105	OG0000169	K03671	thioredoxin 1	COG3118	CnoX	Chaperedoxin CnoX, contains thioredoxin-like and TPR-like domains, YbbN/TrxSC family	AG-430-J04_00810	3
CACHQX010000005.1	36411	37679	-	AG-430-J04_00814	AG-430-J04	422	OG0000181	NA	NA	COG0285	FolC	Folylpolyglutamate synthase/Dihydropteroate synthase	AG-430-J04_00810	4
CACHQX010000005.1	37633	38565	-	AG-430-J04_00815	AG-430-J04	310	OG0000239	K01963	acetyl-CoA carboxylase carboxyl transferase subunit beta [EC:6.4.1.2 2.1.3.15]	COG0777	AccD	Acetyl-CoA carboxylase beta subunit	AG-430-J04_00810	5
CACPHT010000002.1	17030	17239	+	AG-430-J21_00247	AG-430-J21	69	OG0000914	K03704	cold shock protein	COG1278	CspC	Cold shock protein, CspA family	AG-430-J21_00253	-5
CACPHT010000002.1	17550	18944	+	AG-430-J21_00249	AG-430-J21	464	OG0000812	K01892	histidyl-tRNA synthetase [EC:6.1.1.21]	COG0124	HisS	Histidyl-tRNA synthetase	AG-430-J21_00253	-4
CACPHT010000002.1	18922	19968	+	AG-430-J21_00250	AG-430-J21	348	OG0000374	NA	NA	COG3705	HisZ	ATP phosphoribosyltransferase regulatory subunit HisZ	AG-430-J21_00253	-3
CACPHT010000002.1	19965	20810	+	AG-430-J21_00251	AG-430-J21	281	OG0000077	NA	NA	NA	NA	NA	AG-430-J21_00253	-2
CACPHT010000002.1	20803	21489	+	AG-430-J21_00252	AG-430-J21	228	OG0000403	NA	NA	COG0040	HisG	ATP phosphoribosyltransferase	AG-430-J21_00253	-1
CACPHT010000002.1	21504	22568	+	AG-430-J21_00253	AG-430-J21	354	OG0001004	NA	NA	COG1322	RmuC	DNA anti-recombination protein (rearrangement mutator) RmuC	AG-430-J21_00253	0
CACPHT010000002.1	22606	23292	+	AG-430-J21_00254	AG-430-J21	228	OG0001010	NA	NA	COG1074	RecB	3'-5' helicase subunit RecB of the DNA repair enzyme RecBCD (exonuclease V)	AG-430-J21_00253	1
CACPHT010000002.1	23421	24851	+	AG-430-J21_00255	AG-430-J21	476	OG0000183	NA	NA	COG2925	SbcB	Exonuclease I (degrades ssDNA)	AG-430-J21_00253	2
CACPHT010000002.1	24918	25238	+	AG-430-J21_00256	AG-430-J21	106	OG0000169	K03671	thioredoxin 1	COG3118	CnoX	Chaperedoxin CnoX, contains thioredoxin-like and TPR-like domains, YbbN/TrxSC family	AG-430-J21_00253	3
CACPHT010000002.1	25235	26500	-	AG-430-J21_00257	AG-430-J21	421	OG0000181	NA	NA	COG0285	FolC	Folylpolyglutamate synthase/Dihydropteroate synthase	AG-430-J21_00253	4
CACPHT010000002.1	26457	27386	-	AG-430-J21_00258	AG-430-J21	309	OG0000239	K01963	acetyl-CoA carboxylase carboxyl transferase subunit beta [EC:6.4.1.2 2.1.3.15]	COG0777	AccD	Acetyl-CoA carboxylase beta subunit	AG-430-J21_00253	5
CACHVT010000001.1	97369	98298	+	AG-430-K07_00101	AG-430-K07	309	OG0000239	K01963	acetyl-CoA carboxylase carboxyl transferase subunit beta [EC:6.4.1.2 2.1.3.15]	COG0777	AccD	Acetyl-CoA carboxylase beta subunit	AG-430-K07_00106	-5
CACHVT010000001.1	98252	99520	+	AG-430-K07_00102	AG-430-K07	422	OG0000181	NA	NA	COG0285	FolC	Folylpolyglutamate synthase/Dihydropteroate synthase	AG-430-K07_00106	-4
CACHVT010000001.1	99517	99837	-	AG-430-K07_00103	AG-430-K07	106	OG0000169	K03671	thioredoxin 1	COG3118	CnoX	Chaperedoxin CnoX, contains thioredoxin-like and TPR-like domains, YbbN/TrxSC family	AG-430-K07_00106	-3
CACHVT010000001.1	99888	101318	-	AG-430-K07_00104	AG-430-K07	476	OG0000183	NA	NA	COG2925	SbcB	Exonuclease I (degrades ssDNA)	AG-430-K07_00106	-2
CACHVT010000001.1	101432	102115	-	AG-430-K07_00105	AG-430-K07	227	OG0001010	NA	NA	NA	NA	NA	AG-430-K07_00106	-1
CACHVT010000001.1	102153	103208	-	AG-430-K07_00106	AG-430-K07	351	OG0001004	NA	NA	COG1322	RmuC	DNA anti-recombination protein (rearrangement mutator) RmuC	AG-430-K07_00106	0
CACHVT010000001.1	103232	103921	-	AG-430-K07_00107	AG-430-K07	229	OG0000403	NA	NA	COG0040	HisG	ATP phosphoribosyltransferase	AG-430-K07_00106	1
CACHVT010000001.1	103914	104969	-	AG-430-K07_00108	AG-430-K07	351	OG0000374	NA	NA	COG3705	HisZ	ATP phosphoribosyltransferase regulatory subunit HisZ	AG-430-K07_00106	2
CACHVT010000001.1	104947	106281	-	AG-430-K07_00109	AG-430-K07	444	OG0000812	K01892	histidyl-tRNA synthetase [EC:6.1.1.21]	COG0124	HisS	Histidyl-tRNA synthetase	AG-430-K07_00106	3
CACHVT010000001.1	106598	106807	-	AG-430-K07_00111	AG-430-K07	69	OG0000914	K03704	cold shock protein	COG1278	CspC	Cold shock protein, CspA family	AG-430-K07_00106	4
CACHVT010000001.1	106998	107213	-	AG-430-K07_00113	AG-430-K07	71	OG0000905	K02518	translation initiation factor IF-1	COG0361	InfA	Translation initiation factor IF-1	AG-430-K07_00106	5
CACPJJ010000004.1	36223	36717	+	AG-439-B12_00382	AG-439-B12	164	OG0001556	NA	NA	NA	NA	NA	AG-439-B12_00387	-5
CACPJJ010000004.1	37343	37654	+	AG-439-B12_00383	AG-439-B12	103	OG0001571	NA	NA	NA	NA	NA	AG-439-B12_00387	-4
CACPJJ010000004.1	37647	39233	+	AG-439-B12_00384	AG-439-B12	528	OG0002365	NA	NA	NA	NA	NA	AG-439-B12_00387	-3
CACPJJ010000004.1	39209	40186	+	AG-439-B12_00385	AG-439-B12	325	OG0003260	NA	NA	NA	NA	NA	AG-439-B12_00387	-2
CACPJJ010000004.1	40216	40707	+	AG-439-B12_00386	AG-439-B12	163	OG0001928	NA	NA	NA	NA	NA	AG-439-B12_00387	-1
CACPJJ010000004.1	40718	41707	+	AG-439-B12_00387	AG-439-B12	329	OG0001004	NA	NA	COG1322	RmuC	DNA anti-recombination protein (rearrangement mutator) RmuC	AG-439-B12_00387	0
CACPJJ010000004.1	41697	41963	+	AG-439-B12_00388	AG-439-B12	88	OG0003261	NA	NA	NA	NA	NA	AG-439-B12_00387	1
CACPJJ010000004.1	41987	42808	+	AG-439-B12_00389	AG-439-B12	273	OG0001611	NA	NA	NA	NA	NA	AG-439-B12_00387	2
CACPJJ010000004.1	42808	44226	+	AG-439-B12_00390	AG-439-B12	472	OG0000183	NA	NA	COG2925	SbcB	Exonuclease I (degrades ssDNA)	AG-439-B12_00387	3
CACPJJ010000004.1	44233	47592	+	AG-439-B12_00391	AG-439-B12	1119	OG0001679	NA	NA	COG2251	NA	Predicted nuclease, RecB family	AG-439-B12_00387	4
CACPJJ010000004.1	47655	47975	+	AG-439-B12_00392	AG-439-B12	106	OG0000169	K03671	thioredoxin 1	COG3118	CnoX	Chaperedoxin CnoX, contains thioredoxin-like and TPR-like domains, YbbN/TrxSC family	AG-439-B12_00387	5
CACIPQ010000003.1	19838	20638	+	AG-439-C08_00430	AG-439-C08	266	OG0000196	K01695	tryptophan synthase alpha chain [EC:4.2.1.20]	COG0159	TrpA	Tryptophan synthase alpha chain	AG-439-C08_00435	-5
CACIPQ010000003.1	20635	21555	+	AG-439-C08_00431	AG-439-C08	306	OG0000239	K01963	acetyl-CoA carboxylase carboxyl transferase subunit beta [EC:6.4.1.2 2.1.3.15]	COG0777	AccD	Acetyl-CoA carboxylase beta subunit	AG-439-C08_00435	-4
CACIPQ010000003.1	21503	22762	+	AG-439-C08_00432	AG-439-C08	419	OG0000181	NA	NA	COG0285	FolC	Folylpolyglutamate synthase/Dihydropteroate synthase	AG-439-C08_00435	-3
CACIPQ010000003.1	22759	23079	-	AG-439-C08_00433	AG-439-C08	106	OG0000169	K03671	thioredoxin 1	COG3118	CnoX	Chaperedoxin CnoX, contains thioredoxin-like and TPR-like domains, YbbN/TrxSC family	AG-439-C08_00435	-2
CACIPQ010000003.1	23115	24533	-	AG-439-C08_00434	AG-439-C08	472	OG0000183	NA	NA	COG2925	SbcB	Exonuclease I (degrades ssDNA)	AG-439-C08_00435	-1
CACIPQ010000003.1	24547	25578	-	AG-439-C08_00435	AG-439-C08	343	OG0001004	NA	NA	COG1322	RmuC	DNA anti-recombination protein (rearrangement mutator) RmuC	AG-439-C08_00435	0
CACIPQ010000003.1	25631	26254	+	AG-439-C08_00436	AG-439-C08	207	OG0000965	NA	NA	NA	NA	NA	AG-439-C08_00435	1
CACIPQ010000003.1	26254	27051	+	AG-439-C08_00437	AG-439-C08	265	OG0000927	NA	NA	COG2175	TauD	Taurine dioxygenase, alpha-ketoglutarate-dependent	AG-439-C08_00435	2
CACIPQ010000003.1	27106	27318	+	AG-439-C08_00438	AG-439-C08	70	OG0001436	NA	NA	NA	NA	NA	AG-439-C08_00435	3
CACIPQ010000003.1	27441	28523	+	AG-439-C08_00439	AG-439-C08	360	OG0000392	K13985	N-acyl-phosphatidylethanolamine-hydrolysing phospholipase D [EC:3.1.4.54]	COG2220	UlaG	L-ascorbate lactonase UlaG, metallo-beta-lactamase superfamily	AG-439-C08_00435	4
CACIPQ010000003.1	28516	29646	-	AG-439-C08_00440	AG-439-C08	376	OG0000687	NA	NA	NA	NA	NA	AG-439-C08_00435	5
CACIRD010000003.1	153764	153985	+	AG-439-C18_00666	AG-439-C18	73	NA	NA	NA	NA	NA	NA	AG-439-C18_00671	-5
CACIRD010000003.1	153987	154178	+	AG-439-C18_00667	AG-439-C18	63	OG0002596	NA	NA	NA	NA	NA	AG-439-C18_00671	-4
CACIRD010000003.1	154165	154344	+	AG-439-C18_00668	AG-439-C18	59	NA	NA	NA	NA	NA	NA	AG-439-C18_00671	-3
CACIRD010000003.1	154344	154739	+	AG-439-C18_00669	AG-439-C18	131	OG0002455	NA	NA	NA	NA	NA	AG-439-C18_00671	-2
CACIRD010000003.1	154726	154932	+	AG-439-C18_00670	AG-439-C18	68	OG0002666	NA	NA	NA	NA	NA	AG-439-C18_00671	-1
CACIRD010000003.1	154965	156017	+	AG-439-C18_00671	AG-439-C18	350	OG0001004	NA	NA	COG1322	RmuC	DNA anti-recombination protein (rearrangement mutator) RmuC	AG-439-C18_00671	0
CACIRD010000003.1	156028	156717	+	AG-439-C18_00672	AG-439-C18	229	OG0001010	NA	NA	NA	NA	NA	AG-439-C18_00671	1
CACIRD010000003.1	156819	157130	+	AG-439-C18_00673	AG-439-C18	103	OG0000183	NA	NA	COG5018	KapD	3'-5' exonuclease KapD, inhibitor of KinA-controlled sporulation	AG-439-C18_00671	2
CACIRD010000003.1	157175	158299	+	AG-439-C18_00674	AG-439-C18	374	OG0000183	NA	NA	COG2925	SbcB	Exonuclease I (degrades ssDNA)	AG-439-C18_00671	3
CACIRD010000003.1	158334	158651	+	AG-439-C18_00675	AG-439-C18	105	OG0000169	NA	NA	COG3118	CnoX	Chaperedoxin CnoX, contains thioredoxin-like and TPR-like domains, YbbN/TrxSC family	AG-439-C18_00671	4
CACIRD010000003.1	158648	159916	-	AG-439-C18_00676	AG-439-C18	422	OG0000181	NA	NA	COG0285	FolC	Folylpolyglutamate synthase/Dihydropteroate synthase	AG-439-C18_00671	5
CACIUK010000004.1	75451	75660	+	AG-439-E23_00391	AG-439-E23	69	OG0000914	K03704	cold shock protein	COG1278	CspC	Cold shock protein, CspA family	AG-439-E23_00397	-5
CACIUK010000004.1	75968	77365	+	AG-439-E23_00393	AG-439-E23	465	OG0000812	K01892	histidyl-tRNA synthetase [EC:6.1.1.21]	COG0124	HisS	Histidyl-tRNA synthetase	AG-439-E23_00397	-4
CACIUK010000004.1	77343	78398	+	AG-439-E23_00394	AG-439-E23	351	OG0000374	NA	NA	COG3705	HisZ	ATP phosphoribosyltransferase regulatory subunit HisZ	AG-439-E23_00397	-3
CACIUK010000004.1	78385	79080	+	AG-439-E23_00395	AG-439-E23	231	OG0000403	NA	NA	COG0040	HisG	ATP phosphoribosyltransferase	AG-439-E23_00397	-2
CACIUK010000004.1	79082	79768	+	AG-439-E23_00396	AG-439-E23	228	OG0001010	NA	NA	NA	NA	NA	AG-439-E23_00397	-1
CACIUK010000004.1	79905	80900	+	AG-439-E23_00397	AG-439-E23	331	OG0001004	NA	NA	COG1322	RmuC	DNA anti-recombination protein (rearrangement mutator) RmuC	AG-439-E23_00397	0
CACIUK010000004.1	80897	82327	+	AG-439-E23_00398	AG-439-E23	476	OG0000183	NA	NA	COG2925	SbcB	Exonuclease I (degrades ssDNA)	AG-439-E23_00397	1
CACIUK010000004.1	82394	82714	+	AG-439-E23_00399	AG-439-E23	106	OG0000169	K03671	thioredoxin 1	COG3118	CnoX	Chaperedoxin CnoX, contains thioredoxin-like and TPR-like domains, YbbN/TrxSC family	AG-439-E23_00397	2
CACIUK010000004.1	82711	83982	-	AG-439-E23_00400	AG-439-E23	423	OG0000181	NA	NA	COG0285	FolC	Folylpolyglutamate synthase/Dihydropteroate synthase	AG-439-E23_00397	3
CACIUK010000004.1	83936	84871	-	AG-439-E23_00401	AG-439-E23	311	OG0000239	K01963	acetyl-CoA carboxylase carboxyl transferase subunit beta [EC:6.4.1.2 2.1.3.15]	COG0777	AccD	Acetyl-CoA carboxylase beta subunit	AG-439-E23_00397	4
CACIUK010000004.1	84868	85671	-	AG-439-E23_00402	AG-439-E23	267	OG0000196	K01695	tryptophan synthase alpha chain [EC:4.2.1.20]	COG0159	TrpA	Tryptophan synthase alpha chain	AG-439-E23_00397	5
CACISU010000015.1	2599	3228	+	AG-439-G19_01135	AG-439-G19	209	NA	NA	NA	COG0285	FolC	Folylpolyglutamate synthase/Dihydropteroate synthase	AG-439-G19_01140	-5
CACISU010000015.1	3345	3866	+	AG-439-G19_01136	AG-439-G19	173	OG0000181	NA	NA	COG0285	FolC	Folylpolyglutamate synthase/Dihydropteroate synthase	AG-439-G19_01140	-4
CACISU010000015.1	3863	4183	-	AG-439-G19_01137	AG-439-G19	106	OG0000169	K03671	thioredoxin 1	COG3118	CnoX	Chaperedoxin CnoX, contains thioredoxin-like and TPR-like domains, YbbN/TrxSC family	AG-439-G19_01140	-3
CACISU010000015.1	4250	5683	-	AG-439-G19_01138	AG-439-G19	477	OG0000183	NA	NA	COG2925	SbcB	Exonuclease I (degrades ssDNA)	AG-439-G19_01140	-2
CACISU010000015.1	5815	6501	-	AG-439-G19_01139	AG-439-G19	228	OG0001010	NA	NA	NA	NA	NA	AG-439-G19_01140	-1
CACISU010000015.1	6539	7594	-	AG-439-G19_01140	AG-439-G19	351	OG0001004	NA	NA	COG1322	RmuC	DNA anti-recombination protein (rearrangement mutator) RmuC	AG-439-G19_01140	0
CACISU010000015.1	7618	8304	-	AG-439-G19_01141	AG-439-G19	228	OG0000403	NA	NA	COG0040	HisG	ATP phosphoribosyltransferase	AG-439-G19_01140	1
CACISU010000015.1	8297	9352	-	AG-439-G19_01142	AG-439-G19	351	OG0000374	NA	NA	COG3705	HisZ	ATP phosphoribosyltransferase regulatory subunit HisZ	AG-439-G19_01140	2
CACISU010000015.1	9330	10727	-	AG-439-G19_01143	AG-439-G19	465	OG0000812	K01892	histidyl-tRNA synthetase [EC:6.1.1.21]	COG0124	HisS	Histidyl-tRNA synthetase	AG-439-G19_01140	3
CACISU010000015.1	11041	11250	-	AG-439-G19_01145	AG-439-G19	69	OG0000914	K03704	cold shock protein	COG1278	CspC	Cold shock protein, CspA family	AG-439-G19_01140	4
CACISU010000015.1	11436	11657	-	AG-439-G19_01147	AG-439-G19	73	OG0000905	K02518	translation initiation factor IF-1	COG0361	InfA	Translation initiation factor IF-1	AG-439-G19_01140	5
CACJDV010000004.1	49212	49313	+	AG-447-B22_00502	AG-447-B22	33	OG0001648	NA	NA	NA	NA	NA	AG-447-B22_00507	-5
CACJDV010000004.1	49461	50858	+	AG-447-B22_00503	AG-447-B22	465	OG0000812	K01892	histidyl-tRNA synthetase [EC:6.1.1.21]	COG0124	HisS	Histidyl-tRNA synthetase	AG-447-B22_00507	-4
CACJDV010000004.1	50836	51894	+	AG-447-B22_00504	AG-447-B22	352	OG0000374	NA	NA	COG3705	HisZ	ATP phosphoribosyltransferase regulatory subunit HisZ	AG-447-B22_00507	-3
CACJDV010000004.1	51891	52577	+	AG-447-B22_00505	AG-447-B22	228	OG0000403	NA	NA	COG0040	HisG	ATP phosphoribosyltransferase	AG-447-B22_00507	-2
CACJDV010000004.1	52563	52694	-	AG-447-B22_00506	AG-447-B22	43	OG0001245	NA	NA	NA	NA	NA	AG-447-B22_00507	-1
CACJDV010000004.1	52725	53816	+	AG-447-B22_00507	AG-447-B22	363	OG0001004	NA	NA	COG1322	RmuC	DNA anti-recombination protein (rearrangement mutator) RmuC	AG-447-B22_00507	0
CACJDV010000004.1	53854	54543	+	AG-447-B22_00508	AG-447-B22	229	OG0001010	NA	NA	NA	NA	NA	AG-447-B22_00507	1
CACJDV010000004.1	54548	55984	+	AG-447-B22_00509	AG-447-B22	478	OG0000183	NA	NA	COG2925	SbcB	Exonuclease I (degrades ssDNA)	AG-447-B22_00507	2
CACJDV010000004.1	56019	56336	+	AG-447-B22_00510	AG-447-B22	105	OG0000169	NA	NA	COG3118	CnoX	Chaperedoxin CnoX, contains thioredoxin-like and TPR-like domains, YbbN/TrxSC family	AG-447-B22_00507	3
CACJDV010000004.1	56333	57598	-	AG-447-B22_00511	AG-447-B22	421	OG0000181	NA	NA	COG0285	FolC	Folylpolyglutamate synthase/Dihydropteroate synthase	AG-447-B22_00507	4
CACJDV010000004.1	57552	58487	-	AG-447-B22_00512	AG-447-B22	311	OG0000239	K01963	acetyl-CoA carboxylase carboxyl transferase subunit beta [EC:6.4.1.2 2.1.3.15]	COG0777	AccD	Acetyl-CoA carboxylase beta subunit	AG-447-B22_00507	5
CACJEG010000010.1	24674	25603	+	AG-447-C08_01152	AG-447-C08	309	OG0000239	K01963	acetyl-CoA carboxylase carboxyl transferase subunit beta [EC:6.4.1.2 2.1.3.15]	COG0777	AccD	Acetyl-CoA carboxylase beta subunit	AG-447-C08_01157	-5
CACJEG010000010.1	25557	26825	+	AG-447-C08_01153	AG-447-C08	422	OG0000181	NA	NA	COG0285	FolC	Folylpolyglutamate synthase/Dihydropteroate synthase	AG-447-C08_01157	-4
CACJEG010000010.1	26822	27139	-	AG-447-C08_01154	AG-447-C08	105	OG0000169	NA	NA	COG3118	CnoX	Chaperedoxin CnoX, contains thioredoxin-like and TPR-like domains, YbbN/TrxSC family	AG-447-C08_01157	-3
CACJEG010000010.1	27174	28610	-	AG-447-C08_01155	AG-447-C08	478	OG0000183	NA	NA	COG2925	SbcB	Exonuclease I (degrades ssDNA)	AG-447-C08_01157	-2
CACJEG010000010.1	28617	29303	-	AG-447-C08_01156	AG-447-C08	228	OG0001010	NA	NA	NA	NA	NA	AG-447-C08_01157	-1
CACJEG010000010.1	29341	30438	-	AG-447-C08_01157	AG-447-C08	365	OG0001004	NA	NA	COG1322	RmuC	DNA anti-recombination protein (rearrangement mutator) RmuC	AG-447-C08_01157	0
CACJEG010000010.1	30503	30634	+	AG-447-C08_01158	AG-447-C08	43	OG0001245	NA	NA	NA	NA	NA	AG-447-C08_01157	1
CACJEG010000010.1	30617	31309	-	AG-447-C08_01159	AG-447-C08	230	OG0000403	NA	NA	COG0040	HisG	ATP phosphoribosyltransferase	AG-447-C08_01157	2
CACJEG010000010.1	31309	32361	-	AG-447-C08_01160	AG-447-C08	350	OG0000374	NA	NA	COG3705	HisZ	ATP phosphoribosyltransferase regulatory subunit HisZ	AG-447-C08_01157	3
CACJEG010000010.1	32339	33733	-	AG-447-C08_01161	AG-447-C08	464	OG0000812	K01892	histidyl-tRNA synthetase [EC:6.1.1.21]	COG0124	HisS	Histidyl-tRNA synthetase	AG-447-C08_01157	4
CACJEG010000010.1	34044	34256	-	AG-447-C08_01163	AG-447-C08	70	OG0000914	K03704	cold shock protein	COG1278	CspC	Cold shock protein, CspA family	AG-447-C08_01157	5
CACJIJ010000002.1	63950	64165	+	AG-447-E19_00153	AG-447-E19	71	OG0000905	K02518	translation initiation factor IF-1	COG0361	InfA	Translation initiation factor IF-1	AG-447-E19_00160	-5
CACJIJ010000002.1	64325	64537	+	AG-447-E19_00155	AG-447-E19	70	OG0000914	K03704	cold shock protein	COG1278	CspC	Cold shock protein, CspA family	AG-447-E19_00160	-4
CACJIJ010000002.1	64848	66242	+	AG-447-E19_00157	AG-447-E19	464	OG0000812	K01892	histidyl-tRNA synthetase [EC:6.1.1.21]	COG0124	HisS	Histidyl-tRNA synthetase	AG-447-E19_00160	-3
CACJIJ010000002.1	66220	67272	+	AG-447-E19_00158	AG-447-E19	350	OG0000374	NA	NA	COG3705	HisZ	ATP phosphoribosyltransferase regulatory subunit HisZ	AG-447-E19_00160	-2
CACJIJ010000002.1	67272	67964	+	AG-447-E19_00159	AG-447-E19	230	OG0000403	NA	NA	COG0040	HisG	ATP phosphoribosyltransferase	AG-447-E19_00160	-1
CACJIJ010000002.1	68143	69240	+	AG-447-E19_00160	AG-447-E19	365	OG0001004	NA	NA	COG1322	RmuC	DNA anti-recombination protein (rearrangement mutator) RmuC	AG-447-E19_00160	0
CACJIJ010000002.1	69278	69964	+	AG-447-E19_00161	AG-447-E19	228	OG0001010	NA	NA	NA	NA	NA	AG-447-E19_00160	1
CACJIJ010000002.1	69971	71353	+	AG-447-E19_00162	AG-447-E19	460	OG0000183	NA	NA	COG2925	SbcB	Exonuclease I (degrades ssDNA)	AG-447-E19_00160	2
CACJIJ010000002.1	71441	71758	+	AG-447-E19_00163	AG-447-E19	105	OG0000169	NA	NA	COG3118	CnoX	Chaperedoxin CnoX, contains thioredoxin-like and TPR-like domains, YbbN/TrxSC family	AG-447-E19_00160	3
CACJIJ010000002.1	71755	73023	-	AG-447-E19_00164	AG-447-E19	422	OG0000181	NA	NA	COG0285	FolC	Folylpolyglutamate synthase/Dihydropteroate synthase	AG-447-E19_00160	4
CACJIJ010000002.1	72977	73906	-	AG-447-E19_00165	AG-447-E19	309	OG0000239	K01963	acetyl-CoA carboxylase carboxyl transferase subunit beta [EC:6.4.1.2 2.1.3.15]	COG0777	AccD	Acetyl-CoA carboxylase beta subunit	AG-447-E19_00160	5
CACJJV010000001.1	49159	50091	+	AG-447-F10_00051	AG-447-F10	310	OG0000239	K01963	acetyl-CoA carboxylase carboxyl transferase subunit beta [EC:6.4.1.2 2.1.3.15]	COG0777	AccD	Acetyl-CoA carboxylase beta subunit	AG-447-F10_00056	-5
CACJJV010000001.1	50045	51310	+	AG-447-F10_00052	AG-447-F10	421	OG0000181	NA	NA	COG0285	FolC	Folylpolyglutamate synthase/Dihydropteroate synthase	AG-447-F10_00056	-4
CACJJV010000001.1	51307	51624	-	AG-447-F10_00053	AG-447-F10	105	OG0000169	NA	NA	COG3118	CnoX	Chaperedoxin CnoX, contains thioredoxin-like and TPR-like domains, YbbN/TrxSC family	AG-447-F10_00056	-3
CACJJV010000001.1	51659	53095	-	AG-447-F10_00054	AG-447-F10	478	OG0000183	NA	NA	COG2925	SbcB	Exonuclease I (degrades ssDNA)	AG-447-F10_00056	-2
CACJJV010000001.1	53102	53788	-	AG-447-F10_00055	AG-447-F10	228	OG0001010	NA	NA	COG1074	RecB	3'-5' helicase subunit RecB of the DNA repair enzyme RecBCD (exonuclease V)	AG-447-F10_00056	-1
CACJJV010000001.1	53826	54917	-	AG-447-F10_00056	AG-447-F10	363	OG0001004	NA	NA	COG1322	RmuC	DNA anti-recombination protein (rearrangement mutator) RmuC	AG-447-F10_00056	0
CACJJV010000001.1	54948	55079	+	AG-447-F10_00057	AG-447-F10	43	OG0001245	NA	NA	NA	NA	NA	AG-447-F10_00056	1
CACJJV010000001.1	55065	55751	-	AG-447-F10_00058	AG-447-F10	228	OG0000403	NA	NA	COG0040	HisG	ATP phosphoribosyltransferase	AG-447-F10_00056	2
CACJJV010000001.1	55748	56806	-	AG-447-F10_00059	AG-447-F10	352	OG0000374	NA	NA	COG3705	HisZ	ATP phosphoribosyltransferase regulatory subunit HisZ	AG-447-F10_00056	3
CACJJV010000001.1	56784	58181	-	AG-447-F10_00060	AG-447-F10	465	OG0000812	K01892	histidyl-tRNA synthetase [EC:6.1.1.21]	COG0124	HisS	Histidyl-tRNA synthetase	AG-447-F10_00056	4
CACJJV010000001.1	58329	58430	-	AG-447-F10_00061	AG-447-F10	33	OG0001648	NA	NA	NA	NA	NA	AG-447-F10_00056	5
CACJLJ010000003.1	75871	76800	+	AG-447-K09_00999	AG-447-K09	309	OG0000239	K01963	acetyl-CoA carboxylase carboxyl transferase subunit beta [EC:6.4.1.2 2.1.3.15]	COG0777	AccD	Acetyl-CoA carboxylase beta subunit	AG-447-K09_01004	-5
CACJLJ010000003.1	76754	78019	+	AG-447-K09_01000	AG-447-K09	421	OG0000181	NA	NA	COG0285	FolC	Folylpolyglutamate synthase/Dihydropteroate synthase	AG-447-K09_01004	-4
CACJLJ010000003.1	78016	78333	-	AG-447-K09_01001	AG-447-K09	105	OG0000169	NA	NA	COG3118	CnoX	Chaperedoxin CnoX, contains thioredoxin-like and TPR-like domains, YbbN/TrxSC family	AG-447-K09_01004	-3
CACJLJ010000003.1	78368	79804	-	AG-447-K09_01002	AG-447-K09	478	OG0000183	NA	NA	COG2925	SbcB	Exonuclease I (degrades ssDNA)	AG-447-K09_01004	-2
CACJLJ010000003.1	79810	80496	-	AG-447-K09_01003	AG-447-K09	228	OG0001010	NA	NA	NA	NA	NA	AG-447-K09_01004	-1
CACJLJ010000003.1	80534	81625	-	AG-447-K09_01004	AG-447-K09	363	OG0001004	NA	NA	COG1322	RmuC	DNA anti-recombination protein (rearrangement mutator) RmuC	AG-447-K09_01004	0
CACJLJ010000003.1	81656	81787	+	AG-447-K09_01005	AG-447-K09	43	OG0001245	NA	NA	NA	NA	NA	AG-447-K09_01004	1
CACJLJ010000003.1	81773	82459	-	AG-447-K09_01006	AG-447-K09	228	OG0000403	NA	NA	COG0040	HisG	ATP phosphoribosyltransferase	AG-447-K09_01004	2
CACJLJ010000003.1	82456	83514	-	AG-447-K09_01007	AG-447-K09	352	OG0000374	NA	NA	COG3705	HisZ	ATP phosphoribosyltransferase regulatory subunit HisZ	AG-447-K09_01004	3
CACJLJ010000003.1	83492	84889	-	AG-447-K09_01008	AG-447-K09	465	OG0000812	K01892	histidyl-tRNA synthetase [EC:6.1.1.21]	COG0124	HisS	Histidyl-tRNA synthetase	AG-447-K09_01004	4
CACJLJ010000003.1	85036	85137	-	AG-447-K09_01009	AG-447-K09	33	OG0001648	NA	NA	NA	NA	NA	AG-447-K09_01004	5
CACJNJ010000002.1	113885	114100	+	AG-447-K11_00297	AG-447-K11	71	OG0000905	K02518	translation initiation factor IF-1	COG0361	InfA	Translation initiation factor IF-1	AG-447-K11_00303	-5
CACJNJ010000002.1	114261	114473	+	AG-447-K11_00299	AG-447-K11	70	OG0000914	K03704	cold shock protein	COG1278	CspC	Cold shock protein, CspA family	AG-447-K11_00303	-4
CACJNJ010000002.1	114786	116180	+	AG-447-K11_00300	AG-447-K11	464	OG0000812	K01892	histidyl-tRNA synthetase [EC:6.1.1.21]	COG0124	HisS	Histidyl-tRNA synthetase	AG-447-K11_00303	-3
CACJNJ010000002.1	116158	117213	+	AG-447-K11_00301	AG-447-K11	351	OG0000374	NA	NA	COG3705	HisZ	ATP phosphoribosyltransferase regulatory subunit HisZ	AG-447-K11_00303	-2
CACJNJ010000002.1	117210	117902	+	AG-447-K11_00302	AG-447-K11	230	OG0000403	NA	NA	COG0040	HisG	ATP phosphoribosyltransferase	AG-447-K11_00303	-1
CACJNJ010000002.1	118048	119145	+	AG-447-K11_00303	AG-447-K11	365	OG0001004	NA	NA	COG1322	RmuC	DNA anti-recombination protein (rearrangement mutator) RmuC	AG-447-K11_00303	0
CACJNJ010000002.1	119183	119869	+	AG-447-K11_00304	AG-447-K11	228	OG0001010	NA	NA	COG1074	RecB	3'-5' helicase subunit RecB of the DNA repair enzyme RecBCD (exonuclease V)	AG-447-K11_00303	1
CACJNJ010000002.1	119884	121320	+	AG-447-K11_00305	AG-447-K11	478	OG0000183	NA	NA	COG2925	SbcB	Exonuclease I (degrades ssDNA)	AG-447-K11_00303	2
CACJNJ010000002.1	121355	121672	+	AG-447-K11_00306	AG-447-K11	105	OG0000169	NA	NA	COG3118	CnoX	Chaperedoxin CnoX, contains thioredoxin-like and TPR-like domains, YbbN/TrxSC family	AG-447-K11_00303	3
CACJNJ010000002.1	121669	122934	-	AG-447-K11_00307	AG-447-K11	421	OG0000181	NA	NA	COG0285	FolC	Folylpolyglutamate synthase/Dihydropteroate synthase	AG-447-K11_00303	4
CACJNJ010000002.1	122888	123817	-	AG-447-K11_00308	AG-447-K11	309	OG0000239	K01963	acetyl-CoA carboxylase carboxyl transferase subunit beta [EC:6.4.1.2 2.1.3.15]	COG0777	AccD	Acetyl-CoA carboxylase beta subunit	AG-447-K11_00303	5
CACJMB010000007.1	26660	28054	+	AG-447-L03_01071	AG-447-L03	464	OG0000812	K01892	histidyl-tRNA synthetase [EC:6.1.1.21]	COG0124	HisS	Histidyl-tRNA synthetase	AG-447-L03_01076	-5
CACJMB010000007.1	28032	29078	+	AG-447-L03_01072	AG-447-L03	348	OG0000374	NA	NA	COG3705	HisZ	ATP phosphoribosyltransferase regulatory subunit HisZ	AG-447-L03_01076	-4
CACJMB010000007.1	29079	29927	+	AG-447-L03_01073	AG-447-L03	282	OG0000077	NA	NA	NA	NA	NA	AG-447-L03_01076	-3
CACJMB010000007.1	29917	30606	+	AG-447-L03_01074	AG-447-L03	229	OG0000403	NA	NA	COG0040	HisG	ATP phosphoribosyltransferase	AG-447-L03_01076	-2
CACJMB010000007.1	30589	30720	-	AG-447-L03_01075	AG-447-L03	43	OG0001245	NA	NA	NA	NA	NA	AG-447-L03_01076	-1
CACJMB010000007.1	30785	31882	+	AG-447-L03_01076	AG-447-L03	365	OG0001004	NA	NA	COG1322	RmuC	DNA anti-recombination protein (rearrangement mutator) RmuC	AG-447-L03_01076	0
CACJMB010000007.1	31920	32606	+	AG-447-L03_01077	AG-447-L03	228	OG0001010	NA	NA	NA	NA	NA	AG-447-L03_01076	1
CACJMB010000007.1	32613	34049	+	AG-447-L03_01078	AG-447-L03	478	OG0000183	NA	NA	COG2925	SbcB	Exonuclease I (degrades ssDNA)	AG-447-L03_01076	2
CACJMB010000007.1	34084	34401	+	AG-447-L03_01079	AG-447-L03	105	OG0000169	NA	NA	COG3118	CnoX	Chaperedoxin CnoX, contains thioredoxin-like and TPR-like domains, YbbN/TrxSC family	AG-447-L03_01076	3
CACJMB010000007.1	34398	35666	-	AG-447-L03_01080	AG-447-L03	422	OG0000181	NA	NA	COG0285	FolC	Folylpolyglutamate synthase/Dihydropteroate synthase	AG-447-L03_01076	4
CACJMB010000007.1	35620	36549	-	AG-447-L03_01081	AG-447-L03	309	OG0000239	K01963	acetyl-CoA carboxylase carboxyl transferase subunit beta [EC:6.4.1.2 2.1.3.15]	COG0777	AccD	Acetyl-CoA carboxylase beta subunit	AG-447-L03_01076	5
CACJOA010000003.1	38525	38737	+	AG-447-L14_00341	AG-447-L14	70	OG0000914	K03704	cold shock protein	COG1278	CspC	Cold shock protein, CspA family	AG-447-L14_00347	-5
CACJOA010000003.1	39083	40480	+	AG-447-L14_00343	AG-447-L14	465	OG0000812	K01892	histidyl-tRNA synthetase [EC:6.1.1.21]	COG0124	HisS	Histidyl-tRNA synthetase	AG-447-L14_00347	-4
CACJOA010000003.1	40458	41516	+	AG-447-L14_00344	AG-447-L14	352	OG0000374	NA	NA	COG3705	HisZ	ATP phosphoribosyltransferase regulatory subunit HisZ	AG-447-L14_00347	-3
CACJOA010000003.1	41626	42198	+	AG-447-L14_00345	AG-447-L14	190	OG0000403	NA	NA	COG0040	HisG	ATP phosphoribosyltransferase	AG-447-L14_00347	-2
CACJOA010000003.1	42184	42315	-	AG-447-L14_00346	AG-447-L14	43	OG0001245	NA	NA	NA	NA	NA	AG-447-L14_00347	-1
CACJOA010000003.1	42346	43437	+	AG-447-L14_00347	AG-447-L14	363	OG0001004	NA	NA	COG1322	RmuC	DNA anti-recombination protein (rearrangement mutator) RmuC	AG-447-L14_00347	0
CACJOA010000003.1	43475	44161	+	AG-447-L14_00348	AG-447-L14	228	OG0001010	NA	NA	NA	NA	NA	AG-447-L14_00347	1
CACJOA010000003.1	44168	45604	+	AG-447-L14_00349	AG-447-L14	478	OG0000183	NA	NA	COG2925	SbcB	Exonuclease I (degrades ssDNA)	AG-447-L14_00347	2
CACJOA010000003.1	45639	45956	+	AG-447-L14_00350	AG-447-L14	105	OG0000169	NA	NA	COG3118	CnoX	Chaperedoxin CnoX, contains thioredoxin-like and TPR-like domains, YbbN/TrxSC family	AG-447-L14_00347	3
CACJOA010000003.1	45953	47218	-	AG-447-L14_00351	AG-447-L14	421	OG0000181	NA	NA	COG0285	FolC	Folylpolyglutamate synthase/Dihydropteroate synthase	AG-447-L14_00347	4
CACJOA010000003.1	47175	48101	-	AG-447-L14_00352	AG-447-L14	308	OG0000239	K01963	acetyl-CoA carboxylase carboxyl transferase subunit beta [EC:6.4.1.2 2.1.3.15]	COG0777	AccD	Acetyl-CoA carboxylase beta subunit	AG-447-L14_00347	5
CACJQD010000001.1	238785	238997	+	AG-447-M10_00257	AG-447-M10	70	OG0000914	K03704	cold shock protein	COG1278	CspC	Cold shock protein, CspA family	AG-447-M10_00263	-5
CACJQD010000001.1	239306	240700	+	AG-447-M10_00259	AG-447-M10	464	OG0000812	K01892	histidyl-tRNA synthetase [EC:6.1.1.21]	COG0124	HisS	Histidyl-tRNA synthetase	AG-447-M10_00263	-4
CACJQD010000001.1	240678	241730	+	AG-447-M10_00260	AG-447-M10	350	OG0000374	NA	NA	COG3705	HisZ	ATP phosphoribosyltransferase regulatory subunit HisZ	AG-447-M10_00263	-3
CACJQD010000001.1	241730	242422	+	AG-447-M10_00261	AG-447-M10	230	OG0000403	NA	NA	COG0040	HisG	ATP phosphoribosyltransferase	AG-447-M10_00263	-2
CACJQD010000001.1	242405	242536	-	AG-447-M10_00262	AG-447-M10	43	OG0001245	NA	NA	NA	NA	NA	AG-447-M10_00263	-1
CACJQD010000001.1	242601	243698	+	AG-447-M10_00263	AG-447-M10	365	OG0001004	NA	NA	COG1322	RmuC	DNA anti-recombination protein (rearrangement mutator) RmuC	AG-447-M10_00263	0
CACJQD010000001.1	243736	244422	+	AG-447-M10_00264	AG-447-M10	228	OG0001010	NA	NA	COG1074	RecB	3'-5' helicase subunit RecB of the DNA repair enzyme RecBCD (exonuclease V)	AG-447-M10_00263	1
CACJQD010000001.1	244429	245865	+	AG-447-M10_00265	AG-447-M10	478	OG0000183	NA	NA	COG2925	SbcB	Exonuclease I (degrades ssDNA)	AG-447-M10_00263	2
CACJQD010000001.1	245900	246217	+	AG-447-M10_00266	AG-447-M10	105	OG0000169	NA	NA	COG3118	CnoX	Chaperedoxin CnoX, contains thioredoxin-like and TPR-like domains, YbbN/TrxSC family	AG-447-M10_00263	3
CACJQD010000001.1	246214	247314	-	AG-447-M10_00267	AG-447-M10	366	OG0000181	NA	NA	COG0285	FolC	Folylpolyglutamate synthase/Dihydropteroate synthase	AG-447-M10_00263	4
CACJOY010000003.1	322	615	+	AG-447-N08_00682	AG-447-N08	97	OG0001571	NA	NA	NA	NA	NA	AG-447-N08_00685	-3
CACJOY010000003.1	602	2179	+	AG-447-N08_00683	AG-447-N08	525	OG0002365	NA	NA	NA	NA	NA	AG-447-N08_00685	-2
CACJOY010000003.1	2176	3126	+	AG-447-N08_00684	AG-447-N08	316	OG0003260	NA	NA	NA	NA	NA	AG-447-N08_00685	-1
CACJOY010000003.1	3128	4156	+	AG-447-N08_00685	AG-447-N08	342	OG0001004	NA	NA	COG1322	RmuC	DNA anti-recombination protein (rearrangement mutator) RmuC	AG-447-N08_00685	0
CACJOY010000003.1	4149	4391	+	AG-447-N08_00686	AG-447-N08	80	OG0003261	NA	NA	NA	NA	NA	AG-447-N08_00685	1
CACJOY010000003.1	4419	5849	+	AG-447-N08_00687	AG-447-N08	476	OG0000183	NA	NA	COG2925	SbcB	Exonuclease I (degrades ssDNA)	AG-447-N08_00685	2
CACJOY010000003.1	5871	6341	+	AG-447-N08_00688	AG-447-N08	156	OG0001928	NA	NA	NA	NA	NA	AG-447-N08_00685	3
CACJOY010000003.1	6437	6757	+	AG-447-N08_00689	AG-447-N08	106	OG0000169	NA	NA	COG3118	CnoX	Chaperedoxin CnoX, contains thioredoxin-like and TPR-like domains, YbbN/TrxSC family	AG-447-N08_00685	4
CACJOY010000003.1	6754	8025	-	AG-447-N08_00690	AG-447-N08	423	OG0000181	NA	NA	COG0285	FolC	Folylpolyglutamate synthase/Dihydropteroate synthase	AG-447-N08_00685	5
CACJSJ010000002.1	55356	55571	+	AG-447-O23_00287	AG-447-O23	71	OG0000905	K02518	translation initiation factor IF-1	COG0361	InfA	Translation initiation factor IF-1	AG-447-O23_00294	-5
CACJSJ010000002.1	55721	55933	+	AG-447-O23_00289	AG-447-O23	70	OG0000914	K03704	cold shock protein	COG1278	CspC	Cold shock protein, CspA family	AG-447-O23_00294	-4
CACJSJ010000002.1	56233	57627	+	AG-447-O23_00291	AG-447-O23	464	OG0000812	K01892	histidyl-tRNA synthetase [EC:6.1.1.21]	COG0124	HisS	Histidyl-tRNA synthetase	AG-447-O23_00294	-3
CACJSJ010000002.1	57605	58657	+	AG-447-O23_00292	AG-447-O23	350	OG0000374	NA	NA	COG3705	HisZ	ATP phosphoribosyltransferase regulatory subunit HisZ	AG-447-O23_00294	-2
CACJSJ010000002.1	58660	59346	+	AG-447-O23_00293	AG-447-O23	228	OG0000403	NA	NA	COG0040	HisG	ATP phosphoribosyltransferase	AG-447-O23_00294	-1
CACJSJ010000002.1	59400	60497	+	AG-447-O23_00294	AG-447-O23	365	OG0001004	NA	NA	COG1322	RmuC	DNA anti-recombination protein (rearrangement mutator) RmuC	AG-447-O23_00294	0
CACJSJ010000002.1	60535	61221	+	AG-447-O23_00295	AG-447-O23	228	OG0001010	NA	NA	NA	NA	NA	AG-447-O23_00294	1
CACJSJ010000002.1	61218	62666	+	AG-447-O23_00296	AG-447-O23	482	OG0000183	NA	NA	COG2925	SbcB	Exonuclease I (degrades ssDNA)	AG-447-O23_00294	2
CACJSJ010000002.1	62733	63050	+	AG-447-O23_00297	AG-447-O23	105	OG0000169	NA	NA	COG3118	CnoX	Chaperedoxin CnoX, contains thioredoxin-like and TPR-like domains, YbbN/TrxSC family	AG-447-O23_00294	3
CACJSJ010000002.1	63047	64312	-	AG-447-O23_00298	AG-447-O23	421	OG0000181	NA	NA	COG0285	FolC	Folylpolyglutamate synthase/Dihydropteroate synthase	AG-447-O23_00294	4
CACJSJ010000002.1	64266	65195	-	AG-447-O23_00299	AG-447-O23	309	OG0000239	K01963	acetyl-CoA carboxylase carboxyl transferase subunit beta [EC:6.4.1.2 2.1.3.15]	COG0777	AccD	Acetyl-CoA carboxylase beta subunit	AG-447-O23_00294	5
CACKOH010000005.1	40170	41099	+	AG-457-B14_00535	AG-457-B14	309	OG0000239	K01963	acetyl-CoA carboxylase carboxyl transferase subunit beta [EC:6.4.1.2 2.1.3.15]	COG0777	AccD	Acetyl-CoA carboxylase beta subunit	AG-457-B14_00540	-5
CACKOH010000005.1	41053	42321	+	AG-457-B14_00536	AG-457-B14	422	OG0000181	NA	NA	COG0285	FolC	Folylpolyglutamate synthase/Dihydropteroate synthase	AG-457-B14_00540	-4
CACKOH010000005.1	42318	42635	-	AG-457-B14_00537	AG-457-B14	105	OG0000169	NA	NA	COG3118	CnoX	Chaperedoxin CnoX, contains thioredoxin-like and TPR-like domains, YbbN/TrxSC family	AG-457-B14_00540	-3
CACKOH010000005.1	42670	44106	-	AG-457-B14_00538	AG-457-B14	478	OG0000183	NA	NA	COG2925	SbcB	Exonuclease I (degrades ssDNA)	AG-457-B14_00540	-2
CACKOH010000005.1	44115	44801	-	AG-457-B14_00539	AG-457-B14	228	OG0001010	NA	NA	COG1074	RecB	3'-5' helicase subunit RecB of the DNA repair enzyme RecBCD (exonuclease V)	AG-457-B14_00540	-1
CACKOH010000005.1	44839	45936	-	AG-457-B14_00540	AG-457-B14	365	OG0001004	NA	NA	COG1322	RmuC	DNA anti-recombination protein (rearrangement mutator) RmuC	AG-457-B14_00540	0
CACKOH010000005.1	46002	46133	+	AG-457-B14_00541	AG-457-B14	43	OG0001245	NA	NA	NA	NA	NA	AG-457-B14_00540	1
CACKOH010000005.1	46116	46808	-	AG-457-B14_00542	AG-457-B14	230	OG0000403	NA	NA	COG0040	HisG	ATP phosphoribosyltransferase	AG-457-B14_00540	2
CACKOH010000005.1	46808	47860	-	AG-457-B14_00543	AG-457-B14	350	OG0000374	NA	NA	COG3705	HisZ	ATP phosphoribosyltransferase regulatory subunit HisZ	AG-457-B14_00540	3
CACKOH010000005.1	47838	49232	-	AG-457-B14_00544	AG-457-B14	464	OG0000812	K01892	histidyl-tRNA synthetase [EC:6.1.1.21]	COG0124	HisS	Histidyl-tRNA synthetase	AG-457-B14_00540	4
CACKOH010000005.1	49541	49753	-	AG-457-B14_00546	AG-457-B14	70	OG0000914	K03704	cold shock protein	COG1278	CspC	Cold shock protein, CspA family	AG-457-B14_00540	5
CACLBB010000007.1	65328	65954	-	AG-461-E04_00689	AG-461-E04	208	OG0001112	NA	NA	COG2135	SRAP	ssDNA abasic site-binding protein YedK/HMCES, SRAP family	AG-461-E04_00694	-5
CACLBB010000007.1	66067	66645	-	AG-461-E04_00690	AG-461-E04	192	OG0001093	NA	NA	COG2249	MdaB	Putative NADPH-quinone reductase (modulator of drug activity B)	AG-461-E04_00694	-4
CACLBB010000007.1	66647	66802	-	AG-461-E04_00691	AG-461-E04	51	OG0001817	NA	NA	NA	NA	NA	AG-461-E04_00694	-3
CACLBB010000007.1	66901	67992	+	AG-461-E04_00692	AG-461-E04	363	OG0001540	K06941	23S rRNA (adenine2503-C2)-methyltransferase [EC:2.1.1.192]	COG0820	RlmN	Adenine C2-methylase RlmN of 23S rRNA A2503 and tRNA A37	AG-461-E04_00694	-2
CACLBB010000007.1	67985	68926	+	AG-461-E04_00693	AG-461-E04	313	OG0001311	NA	NA	COG1397	DraG	ADP-ribosylglycohydrolase	AG-461-E04_00694	-1
CACLBB010000007.1	68940	69971	+	AG-461-E04_00694	AG-461-E04	343	OG0001004	NA	NA	COG1322	RmuC	DNA anti-recombination protein (rearrangement mutator) RmuC	AG-461-E04_00694	0
CACLBB010000007.1	69979	71400	+	AG-461-E04_00695	AG-461-E04	473	OG0000183	NA	NA	COG2925	SbcB	Exonuclease I (degrades ssDNA)	AG-461-E04_00694	1
CACLBB010000007.1	71435	71755	+	AG-461-E04_00696	AG-461-E04	106	OG0000169	K03671	thioredoxin 1	COG3118	CnoX	Chaperedoxin CnoX, contains thioredoxin-like and TPR-like domains, YbbN/TrxSC family	AG-461-E04_00694	2
CACLBB010000007.1	71752	73026	-	AG-461-E04_00697	AG-461-E04	424	OG0000181	NA	NA	COG0285	FolC	Folylpolyglutamate synthase/Dihydropteroate synthase	AG-461-E04_00694	3
CACLBB010000007.1	72977	73894	-	AG-461-E04_00698	AG-461-E04	305	OG0000239	K01963	acetyl-CoA carboxylase carboxyl transferase subunit beta [EC:6.4.1.2 2.1.3.15]	COG0777	AccD	Acetyl-CoA carboxylase beta subunit	AG-461-E04_00694	4
CACLBB010000007.1	73891	74688	-	AG-461-E04_00699	AG-461-E04	265	OG0000196	K01695	tryptophan synthase alpha chain [EC:4.2.1.20]	COG0159	TrpA	Tryptophan synthase alpha chain	AG-461-E04_00694	5
CACLEJ010000001.1	70258	71187	+	AG-461-L09_00069	AG-461-L09	309	OG0000239	K01963	acetyl-CoA carboxylase carboxyl transferase subunit beta [EC:6.4.1.2 2.1.3.15]	COG0777	AccD	Acetyl-CoA carboxylase beta subunit	AG-461-L09_00074	-5
CACLEJ010000001.1	71144	72409	+	AG-461-L09_00070	AG-461-L09	421	OG0000181	NA	NA	COG0285	FolC	Folylpolyglutamate synthase/Dihydropteroate synthase	AG-461-L09_00074	-4
CACLEJ010000001.1	72406	72723	-	AG-461-L09_00071	AG-461-L09	105	OG0000169	K03671	thioredoxin 1	COG3118	CnoX	Chaperedoxin CnoX, contains thioredoxin-like and TPR-like domains, YbbN/TrxSC family	AG-461-L09_00074	-3
CACLEJ010000001.1	72790	74223	-	AG-461-L09_00072	AG-461-L09	477	OG0000183	NA	NA	COG2925	SbcB	Exonuclease I (degrades ssDNA)	AG-461-L09_00074	-2
CACLEJ010000001.1	74348	75034	-	AG-461-L09_00073	AG-461-L09	228	OG0001010	NA	NA	NA	NA	NA	AG-461-L09_00074	-1
CACLEJ010000001.1	75071	76168	-	AG-461-L09_00074	AG-461-L09	365	OG0001004	NA	NA	COG1322	RmuC	DNA anti-recombination protein (rearrangement mutator) RmuC	AG-461-L09_00074	0
CACLEJ010000001.1	76191	76868	-	AG-461-L09_00075	AG-461-L09	225	OG0000403	NA	NA	COG0040	HisG	ATP phosphoribosyltransferase	AG-461-L09_00074	1
CACLEJ010000001.1	76861	77910	-	AG-461-L09_00076	AG-461-L09	349	OG0000374	NA	NA	COG3705	HisZ	ATP phosphoribosyltransferase regulatory subunit HisZ	AG-461-L09_00074	2
CACLEJ010000001.1	77888	79282	-	AG-461-L09_00077	AG-461-L09	464	OG0000812	K01892	histidyl-tRNA synthetase [EC:6.1.1.21]	COG0124	HisS	Histidyl-tRNA synthetase	AG-461-L09_00074	3
CACLEJ010000001.1	79593	79805	-	AG-461-L09_00079	AG-461-L09	70	OG0000914	K03704	cold shock protein	COG1278	CspC	Cold shock protein, CspA family	AG-461-L09_00074	4
CACLEJ010000001.1	80005	80220	-	AG-461-L09_00081	AG-461-L09	71	OG0000905	K02518	translation initiation factor IF-1	COG0361	InfA	Translation initiation factor IF-1	AG-461-L09_00074	5
CACLFM010000002.1	71846	72061	+	AG-461-M18_00337	AG-461-M18	71	OG0000905	K02518	translation initiation factor IF-1	COG0361	InfA	Translation initiation factor IF-1	AG-461-M18_00344	-5
CACLFM010000002.1	72247	72456	+	AG-461-M18_00339	AG-461-M18	69	OG0000914	K03704	cold shock protein	COG1278	CspC	Cold shock protein, CspA family	AG-461-M18_00344	-4
CACLFM010000002.1	72772	74106	+	AG-461-M18_00341	AG-461-M18	444	OG0000812	K01892	histidyl-tRNA synthetase [EC:6.1.1.21]	COG0124	HisS	Histidyl-tRNA synthetase	AG-461-M18_00344	-3
CACLFM010000002.1	74069	75136	+	AG-461-M18_00342	AG-461-M18	355	OG0000374	NA	NA	COG3705	HisZ	ATP phosphoribosyltransferase regulatory subunit HisZ	AG-461-M18_00344	-2
CACLFM010000002.1	75129	75812	+	AG-461-M18_00343	AG-461-M18	227	OG0000403	NA	NA	COG0040	HisG	ATP phosphoribosyltransferase	AG-461-M18_00344	-1
CACLFM010000002.1	75819	76868	+	AG-461-M18_00344	AG-461-M18	349	OG0001004	NA	NA	COG1322	RmuC	DNA anti-recombination protein (rearrangement mutator) RmuC	AG-461-M18_00344	0
CACLFM010000002.1	76905	77588	+	AG-461-M18_00345	AG-461-M18	227	OG0001010	NA	NA	NA	NA	NA	AG-461-M18_00344	1
CACLFM010000002.1	77687	79117	+	AG-461-M18_00346	AG-461-M18	476	OG0000183	NA	NA	COG2925	SbcB	Exonuclease I (degrades ssDNA)	AG-461-M18_00344	2
CACLFM010000002.1	79184	79501	+	AG-461-M18_00347	AG-461-M18	105	OG0000169	K03671	thioredoxin 1	COG3118	CnoX	Chaperedoxin CnoX, contains thioredoxin-like and TPR-like domains, YbbN/TrxSC family	AG-461-M18_00344	3
CACLFM010000002.1	79498	80760	-	AG-461-M18_00348	AG-461-M18	420	OG0000181	NA	NA	COG0285	FolC	Folylpolyglutamate synthase/Dihydropteroate synthase	AG-461-M18_00344	4
CACLFM010000002.1	80714	81643	-	AG-461-M18_00349	AG-461-M18	309	OG0000239	K01963	acetyl-CoA carboxylase carboxyl transferase subunit beta [EC:6.4.1.2 2.1.3.15]	COG0777	AccD	Acetyl-CoA carboxylase beta subunit	AG-461-M18_00344	5
CACLNT010000012.1	34876	35253	-	AG-464-P13_00937	AG-464-P13	125	OG0000953	NA	NA	NA	NA	NA	AG-464-P13_00942	-5
CACLNT010000012.1	35280	35999	+	AG-464-P13_00938	AG-464-P13	239	OG0000525	K01834	2,3-bisphosphoglycerate-dependent phosphoglycerate mutase [EC:5.4.2.11]	COG0588	GpmA	Phosphoglycerate mutase (BPG-dependent)	AG-464-P13_00942	-4
CACLNT010000012.1	35985	36686	-	AG-464-P13_00939	AG-464-P13	233	OG0000834	NA	NA	COG1208	GCD1	NDP-sugar pyrophosphorylase, includes eIF-2Bgamma, eIF-2Bepsilon, and LPS biosynthesis protein s	AG-464-P13_00942	-3
CACLNT010000012.1	36673	38115	-	AG-464-P13_00940	AG-464-P13	480	OG0000183	NA	NA	COG2925	SbcB	Exonuclease I (degrades ssDNA)	AG-464-P13_00942	-2
CACLNT010000012.1	38247	38933	-	AG-464-P13_00941	AG-464-P13	228	OG0001010	NA	NA	COG1074	RecB	3'-5' helicase subunit RecB of the DNA repair enzyme RecBCD (exonuclease V)	AG-464-P13_00942	-1
CACLNT010000012.1	38971	40026	-	AG-464-P13_00942	AG-464-P13	351	OG0001004	NA	NA	COG1322	RmuC	DNA anti-recombination protein (rearrangement mutator) RmuC	AG-464-P13_00942	0
CACLNT010000012.1	40050	40739	-	AG-464-P13_00943	AG-464-P13	229	OG0000403	NA	NA	COG0040	HisG	ATP phosphoribosyltransferase	AG-464-P13_00942	1
CACLNT010000012.1	40732	41787	-	AG-464-P13_00944	AG-464-P13	351	OG0000374	NA	NA	COG3705	HisZ	ATP phosphoribosyltransferase regulatory subunit HisZ	AG-464-P13_00942	2
CACLNT010000012.1	41765	43156	-	AG-464-P13_00945	AG-464-P13	463	OG0000812	K01892	histidyl-tRNA synthetase [EC:6.1.1.21]	COG0124	HisS	Histidyl-tRNA synthetase	AG-464-P13_00942	3
CACLNT010000012.1	43473	43682	-	AG-464-P13_00947	AG-464-P13	69	OG0000914	K03704	cold shock protein	COG1278	CspC	Cold shock protein, CspA family	AG-464-P13_00942	4
CACLNT010000012.1	43873	44088	-	AG-464-P13_00949	AG-464-P13	71	OG0000905	K02518	translation initiation factor IF-1	COG0361	InfA	Translation initiation factor IF-1	AG-464-P13_00942	5
CACLQB010000006.1	16835	18229	+	AG-470-D02_00684	AG-470-D02	464	OG0000812	K01892	histidyl-tRNA synthetase [EC:6.1.1.21]	COG0124	HisS	Histidyl-tRNA synthetase	AG-470-D02_00689	-5
CACLQB010000006.1	18207	19262	+	AG-470-D02_00685	AG-470-D02	351	OG0000374	NA	NA	COG3705	HisZ	ATP phosphoribosyltransferase regulatory subunit HisZ	AG-470-D02_00689	-4
CACLQB010000006.1	19259	20107	+	AG-470-D02_00686	AG-470-D02	282	OG0000077	NA	NA	NA	NA	NA	AG-470-D02_00689	-3
CACLQB010000006.1	20097	20789	+	AG-470-D02_00687	AG-470-D02	230	OG0000403	NA	NA	COG0040	HisG	ATP phosphoribosyltransferase	AG-470-D02_00689	-2
CACLQB010000006.1	20769	20903	-	AG-470-D02_00688	AG-470-D02	44	OG0001245	NA	NA	NA	NA	NA	AG-470-D02_00689	-1
CACLQB010000006.1	20969	22066	+	AG-470-D02_00689	AG-470-D02	365	OG0001004	NA	NA	COG1322	RmuC	DNA anti-recombination protein (rearrangement mutator) RmuC	AG-470-D02_00689	0
CACLQB010000006.1	22104	22790	+	AG-470-D02_00690	AG-470-D02	228	OG0001010	NA	NA	COG1074	RecB	3'-5' helicase subunit RecB of the DNA repair enzyme RecBCD (exonuclease V)	AG-470-D02_00689	1
CACLQB010000006.1	22799	24235	+	AG-470-D02_00691	AG-470-D02	478	OG0000183	NA	NA	COG2925	SbcB	Exonuclease I (degrades ssDNA)	AG-470-D02_00689	2
CACLQB010000006.1	24270	24587	+	AG-470-D02_00692	AG-470-D02	105	OG0000169	NA	NA	COG3118	CnoX	Chaperedoxin CnoX, contains thioredoxin-like and TPR-like domains, YbbN/TrxSC family	AG-470-D02_00689	3
CACLQB010000006.1	24584	25852	-	AG-470-D02_00693	AG-470-D02	422	OG0000181	NA	NA	COG0285	FolC	Folylpolyglutamate synthase/Dihydropteroate synthase	AG-470-D02_00689	4
CACLQB010000006.1	25806	26735	-	AG-470-D02_00694	AG-470-D02	309	OG0000239	K01963	acetyl-CoA carboxylase carboxyl transferase subunit beta [EC:6.4.1.2 2.1.3.15]	COG0777	AccD	Acetyl-CoA carboxylase beta subunit	AG-470-D02_00689	5
CACMBY010000002.1	68514	69440	+	AG-891-C15_00369	AG-891-C15	308	OG0000239	K01963	acetyl-CoA carboxylase carboxyl transferase subunit beta [EC:6.4.1.2 2.1.3.15]	COG0777	AccD	Acetyl-CoA carboxylase beta subunit	AG-891-C15_00374	-5
CACMBY010000002.1	69397	70662	+	AG-891-C15_00370	AG-891-C15	421	OG0000181	NA	NA	COG0285	FolC	Folylpolyglutamate synthase/Dihydropteroate synthase	AG-891-C15_00374	-4
CACMBY010000002.1	70659	70976	-	AG-891-C15_00371	AG-891-C15	105	OG0000169	NA	NA	COG3118	CnoX	Chaperedoxin CnoX, contains thioredoxin-like and TPR-like domains, YbbN/TrxSC family	AG-891-C15_00374	-3
CACMBY010000002.1	71011	72447	-	AG-891-C15_00372	AG-891-C15	478	OG0000183	NA	NA	COG2925	SbcB	Exonuclease I (degrades ssDNA)	AG-891-C15_00374	-2
CACMBY010000002.1	72456	73142	-	AG-891-C15_00373	AG-891-C15	228	OG0001010	NA	NA	NA	NA	NA	AG-891-C15_00374	-1
CACMBY010000002.1	73180	74271	-	AG-891-C15_00374	AG-891-C15	363	OG0001004	NA	NA	COG1322	RmuC	DNA anti-recombination protein (rearrangement mutator) RmuC	AG-891-C15_00374	0
CACMBY010000002.1	74302	74433	+	AG-891-C15_00375	AG-891-C15	43	OG0001245	NA	NA	NA	NA	NA	AG-891-C15_00374	1
CACMBY010000002.1	74419	75105	-	AG-891-C15_00376	AG-891-C15	228	OG0000403	NA	NA	COG0040	HisG	ATP phosphoribosyltransferase	AG-891-C15_00374	2
CACMBY010000002.1	75098	75943	-	AG-891-C15_00377	AG-891-C15	281	OG0000077	NA	NA	NA	NA	NA	AG-891-C15_00374	3
CACMBY010000002.1	75944	76996	-	AG-891-C15_00378	AG-891-C15	350	OG0000374	NA	NA	COG3705	HisZ	ATP phosphoribosyltransferase regulatory subunit HisZ	AG-891-C15_00374	4
CACMBY010000002.1	76974	78368	-	AG-891-C15_00379	AG-891-C15	464	OG0000812	K01892	histidyl-tRNA synthetase [EC:6.1.1.21]	COG0124	HisS	Histidyl-tRNA synthetase	AG-891-C15_00374	5
CACMEG010000001.1	325071	326000	+	AG-891-E06_00341	AG-891-E06	309	OG0000239	K01963	acetyl-CoA carboxylase carboxyl transferase subunit beta [EC:6.4.1.2 2.1.3.15]	COG0777	AccD	Acetyl-CoA carboxylase beta subunit	AG-891-E06_00346	-5
CACMEG010000001.1	325957	327216	+	AG-891-E06_00342	AG-891-E06	419	OG0000181	NA	NA	COG0285	FolC	Folylpolyglutamate synthase/Dihydropteroate synthase	AG-891-E06_00346	-4
CACMEG010000001.1	327213	327530	-	AG-891-E06_00343	AG-891-E06	105	OG0000169	K03671	thioredoxin 1	COG3118	CnoX	Chaperedoxin CnoX, contains thioredoxin-like and TPR-like domains, YbbN/TrxSC family	AG-891-E06_00346	-3
CACMEG010000001.1	327597	329078	-	AG-891-E06_00344	AG-891-E06	493	OG0000183	NA	NA	COG2925	SbcB	Exonuclease I (degrades ssDNA)	AG-891-E06_00346	-2
CACMEG010000001.1	329126	329809	-	AG-891-E06_00345	AG-891-E06	227	OG0001010	NA	NA	NA	NA	NA	AG-891-E06_00346	-1
CACMEG010000001.1	329845	330900	-	AG-891-E06_00346	AG-891-E06	351	OG0001004	NA	NA	COG1322	RmuC	DNA anti-recombination protein (rearrangement mutator) RmuC	AG-891-E06_00346	0
CACMEG010000001.1	330902	331585	-	AG-891-E06_00347	AG-891-E06	227	OG0000403	NA	NA	COG0040	HisG	ATP phosphoribosyltransferase	AG-891-E06_00346	1
CACMEG010000001.1	331578	332645	-	AG-891-E06_00348	AG-891-E06	355	OG0000374	NA	NA	COG3705	HisZ	ATP phosphoribosyltransferase regulatory subunit HisZ	AG-891-E06_00346	2
CACMEG010000001.1	332608	333942	-	AG-891-E06_00349	AG-891-E06	444	OG0000812	K01892	histidyl-tRNA synthetase [EC:6.1.1.21]	COG0124	HisS	Histidyl-tRNA synthetase	AG-891-E06_00346	3
CACMEG010000001.1	334259	334468	-	AG-891-E06_00351	AG-891-E06	69	OG0000914	K03704	cold shock protein	COG1278	CspC	Cold shock protein, CspA family	AG-891-E06_00346	4
CACMEG010000001.1	334653	334868	-	AG-891-E06_00353	AG-891-E06	71	OG0000905	K02518	translation initiation factor IF-1	COG0361	InfA	Translation initiation factor IF-1	AG-891-E06_00346	5
CACMGO010000003.1	23711	24640	+	AG-891-G02_00473	AG-891-G02	309	OG0000239	K01963	acetyl-CoA carboxylase carboxyl transferase subunit beta [EC:6.4.1.2 2.1.3.15]	COG0777	AccD	Acetyl-CoA carboxylase beta subunit	AG-891-G02_00478	-5
CACMGO010000003.1	24594	25859	+	AG-891-G02_00474	AG-891-G02	421	OG0000181	NA	NA	COG0285	FolC	Folylpolyglutamate synthase/Dihydropteroate synthase	AG-891-G02_00478	-4
CACMGO010000003.1	25856	26173	-	AG-891-G02_00475	AG-891-G02	105	OG0000169	NA	NA	COG3118	CnoX	Chaperedoxin CnoX, contains thioredoxin-like and TPR-like domains, YbbN/TrxSC family	AG-891-G02_00478	-3
CACMGO010000003.1	26208	27644	-	AG-891-G02_00476	AG-891-G02	478	OG0000183	NA	NA	COG2925	SbcB	Exonuclease I (degrades ssDNA)	AG-891-G02_00478	-2
CACMGO010000003.1	27660	28346	-	AG-891-G02_00477	AG-891-G02	228	OG0001010	NA	NA	COG1074	RecB	3'-5' helicase subunit RecB of the DNA repair enzyme RecBCD (exonuclease V)	AG-891-G02_00478	-1
CACMGO010000003.1	28384	29481	-	AG-891-G02_00478	AG-891-G02	365	OG0001004	NA	NA	COG1322	RmuC	DNA anti-recombination protein (rearrangement mutator) RmuC	AG-891-G02_00478	0
CACMGO010000003.1	29624	30316	-	AG-891-G02_00479	AG-891-G02	230	OG0000403	NA	NA	COG0040	HisG	ATP phosphoribosyltransferase	AG-891-G02_00478	1
CACMGO010000003.1	30316	31368	-	AG-891-G02_00480	AG-891-G02	350	OG0000374	NA	NA	COG3705	HisZ	ATP phosphoribosyltransferase regulatory subunit HisZ	AG-891-G02_00478	2
CACMGO010000003.1	31346	32740	-	AG-891-G02_00481	AG-891-G02	464	OG0000812	K01892	histidyl-tRNA synthetase [EC:6.1.1.21]	COG0124	HisS	Histidyl-tRNA synthetase	AG-891-G02_00478	3
CACMGO010000003.1	32883	32990	+	AG-891-G02_00482	AG-891-G02	35	OG0001899	NA	NA	NA	NA	NA	AG-891-G02_00478	4
CACMGO010000003.1	33053	33265	-	AG-891-G02_00483	AG-891-G02	70	OG0000914	K03704	cold shock protein	COG1278	CspC	Cold shock protein, CspA family	AG-891-G02_00478	5
CACMIH010000008.1	57582	58511	+	AG-891-I18_01308	AG-891-I18	309	OG0000239	K01963	acetyl-CoA carboxylase carboxyl transferase subunit beta [EC:6.4.1.2 2.1.3.15]	COG0777	AccD	Acetyl-CoA carboxylase beta subunit	AG-891-I18_01313	-5
CACMIH010000008.1	58465	59730	+	AG-891-I18_01309	AG-891-I18	421	OG0000181	NA	NA	COG0285	FolC	Folylpolyglutamate synthase/Dihydropteroate synthase	AG-891-I18_01313	-4
CACMIH010000008.1	59727	60044	-	AG-891-I18_01310	AG-891-I18	105	OG0000169	NA	NA	COG3118	CnoX	Chaperedoxin CnoX, contains thioredoxin-like and TPR-like domains, YbbN/TrxSC family	AG-891-I18_01313	-3
CACMIH010000008.1	60079	61515	-	AG-891-I18_01311	AG-891-I18	478	OG0000183	NA	NA	COG2925	SbcB	Exonuclease I (degrades ssDNA)	AG-891-I18_01313	-2
CACMIH010000008.1	61522	62208	-	AG-891-I18_01312	AG-891-I18	228	OG0001010	NA	NA	NA	NA	NA	AG-891-I18_01313	-1
CACMIH010000008.1	62246	63343	-	AG-891-I18_01313	AG-891-I18	365	OG0001004	NA	NA	COG1322	RmuC	DNA anti-recombination protein (rearrangement mutator) RmuC	AG-891-I18_01313	0
CACMIH010000008.1	63408	63539	+	AG-891-I18_01314	AG-891-I18	43	OG0001245	NA	NA	NA	NA	NA	AG-891-I18_01313	1
CACMIH010000008.1	63522	64214	-	AG-891-I18_01315	AG-891-I18	230	OG0000403	NA	NA	COG0040	HisG	ATP phosphoribosyltransferase	AG-891-I18_01313	2
CACMIH010000008.1	64214	65266	-	AG-891-I18_01316	AG-891-I18	350	OG0000374	NA	NA	COG3705	HisZ	ATP phosphoribosyltransferase regulatory subunit HisZ	AG-891-I18_01313	3
CACMIH010000008.1	65244	66638	-	AG-891-I18_01317	AG-891-I18	464	OG0000812	K01892	histidyl-tRNA synthetase [EC:6.1.1.21]	COG0124	HisS	Histidyl-tRNA synthetase	AG-891-I18_01313	4
CACMIH010000008.1	66949	67161	-	AG-891-I18_01319	AG-891-I18	70	OG0000914	K03704	cold shock protein	COG1278	CspC	Cold shock protein, CspA family	AG-891-I18_01313	5
CACMIX010000004.1	85830	86042	+	AG-891-J07_01002	AG-891-J07	70	OG0000914	K03704	cold shock protein	COG1278	CspC	Cold shock protein, CspA family	AG-891-J07_01008	-5
CACMIX010000004.1	86351	87745	+	AG-891-J07_01004	AG-891-J07	464	OG0000812	K01892	histidyl-tRNA synthetase [EC:6.1.1.21]	COG0124	HisS	Histidyl-tRNA synthetase	AG-891-J07_01008	-4
CACMIX010000004.1	87723	88766	+	AG-891-J07_01005	AG-891-J07	347	OG0000374	NA	NA	COG3705	HisZ	ATP phosphoribosyltransferase regulatory subunit HisZ	AG-891-J07_01008	-3
CACMIX010000004.1	88770	89459	+	AG-891-J07_01006	AG-891-J07	229	OG0000403	NA	NA	COG0040	HisG	ATP phosphoribosyltransferase	AG-891-J07_01008	-2
CACMIX010000004.1	89439	89573	-	AG-891-J07_01007	AG-891-J07	44	OG0001245	NA	NA	NA	NA	NA	AG-891-J07_01008	-1
CACMIX010000004.1	89638	90735	+	AG-891-J07_01008	AG-891-J07	365	OG0001004	NA	NA	COG1322	RmuC	DNA anti-recombination protein (rearrangement mutator) RmuC	AG-891-J07_01008	0
CACMIX010000004.1	90773	91459	+	AG-891-J07_01009	AG-891-J07	228	OG0001010	NA	NA	NA	NA	NA	AG-891-J07_01008	1
CACMIX010000004.1	91478	92935	+	AG-891-J07_01010	AG-891-J07	485	OG0000183	NA	NA	COG2925	SbcB	Exonuclease I (degrades ssDNA)	AG-891-J07_01008	2
CACMIX010000004.1	92970	93287	+	AG-891-J07_01011	AG-891-J07	105	OG0000169	NA	NA	COG3118	CnoX	Chaperedoxin CnoX, contains thioredoxin-like and TPR-like domains, YbbN/TrxSC family	AG-891-J07_01008	3
CACMIX010000004.1	93284	94552	-	AG-891-J07_01012	AG-891-J07	422	OG0000181	NA	NA	COG0285	FolC	Folylpolyglutamate synthase/Dihydropteroate synthase	AG-891-J07_01008	4
CACMIX010000004.1	94506	95435	-	AG-891-J07_01013	AG-891-J07	309	OG0000239	K01963	acetyl-CoA carboxylase carboxyl transferase subunit beta [EC:6.4.1.2 2.1.3.15]	COG0777	AccD	Acetyl-CoA carboxylase beta subunit	AG-891-J07_01008	5
CACMND010000001.1	174999	175931	+	AG-891-N03_00179	AG-891-N03	310	OG0000239	K01963	acetyl-CoA carboxylase carboxyl transferase subunit beta [EC:6.4.1.2 2.1.3.15]	COG0777	AccD	Acetyl-CoA carboxylase beta subunit	AG-891-N03_00184	-5
CACMND010000001.1	175885	177150	+	AG-891-N03_00180	AG-891-N03	421	OG0000181	NA	NA	COG0285	FolC	Folylpolyglutamate synthase/Dihydropteroate synthase	AG-891-N03_00184	-4
CACMND010000001.1	177147	177467	-	AG-891-N03_00181	AG-891-N03	106	OG0000169	K03671	thioredoxin 1	COG3118	CnoX	Chaperedoxin CnoX, contains thioredoxin-like and TPR-like domains, YbbN/TrxSC family	AG-891-N03_00184	-3
CACMND010000001.1	177534	178967	-	AG-891-N03_00182	AG-891-N03	477	OG0000183	NA	NA	COG2925	SbcB	Exonuclease I (degrades ssDNA)	AG-891-N03_00184	-2
CACMND010000001.1	179092	179778	-	AG-891-N03_00183	AG-891-N03	228	OG0001010	NA	NA	NA	NA	NA	AG-891-N03_00184	-1
CACMND010000001.1	179803	180897	-	AG-891-N03_00184	AG-891-N03	364	OG0001004	NA	NA	COG1322	RmuC	DNA anti-recombination protein (rearrangement mutator) RmuC	AG-891-N03_00184	0
CACMND010000001.1	180939	181610	-	AG-891-N03_00185	AG-891-N03	223	OG0000403	NA	NA	COG0040	HisG	ATP phosphoribosyltransferase	AG-891-N03_00184	1
CACMND010000001.1	181603	182448	-	AG-891-N03_00186	AG-891-N03	281	OG0000077	NA	NA	NA	NA	NA	AG-891-N03_00184	2
CACMND010000001.1	182445	183497	-	AG-891-N03_00187	AG-891-N03	350	OG0000374	NA	NA	COG3705	HisZ	ATP phosphoribosyltransferase regulatory subunit HisZ	AG-891-N03_00184	3
CACMND010000001.1	183475	184905	-	AG-891-N03_00188	AG-891-N03	476	OG0000812	K01892	histidyl-tRNA synthetase [EC:6.1.1.21]	COG0124	HisS	Histidyl-tRNA synthetase	AG-891-N03_00184	4
CACMND010000001.1	185037	185189	-	AG-891-N03_00190	AG-891-N03	50	OG0002047	NA	NA	NA	NA	NA	AG-891-N03_00184	5
CACMOZ010000005.1	25991	26791	+	AG-891-O15_00679	AG-891-O15	266	OG0000196	K01695	tryptophan synthase alpha chain [EC:4.2.1.20]	COG0159	TrpA	Tryptophan synthase alpha chain	AG-891-O15_00684	-5
CACMOZ010000005.1	26788	27702	+	AG-891-O15_00680	AG-891-O15	304	OG0000239	K01963	acetyl-CoA carboxylase carboxyl transferase subunit beta [EC:6.4.1.2 2.1.3.15]	COG0777	AccD	Acetyl-CoA carboxylase beta subunit	AG-891-O15_00684	-4
CACMOZ010000005.1	27665	28927	+	AG-891-O15_00681	AG-891-O15	420	OG0000181	NA	NA	COG0285	FolC	Folylpolyglutamate synthase/Dihydropteroate synthase	AG-891-O15_00684	-3
CACMOZ010000005.1	28924	29241	-	AG-891-O15_00682	AG-891-O15	105	OG0000169	K03671	thioredoxin 1	COG3118	CnoX	Chaperedoxin CnoX, contains thioredoxin-like and TPR-like domains, YbbN/TrxSC family	AG-891-O15_00684	-2
CACMOZ010000005.1	29276	30697	-	AG-891-O15_00683	AG-891-O15	473	OG0000183	NA	NA	COG2925	SbcB	Exonuclease I (degrades ssDNA)	AG-891-O15_00684	-1
CACMOZ010000005.1	30702	31766	-	AG-891-O15_00684	AG-891-O15	354	OG0001004	NA	NA	COG1322	RmuC	DNA anti-recombination protein (rearrangement mutator) RmuC	AG-891-O15_00684	0
CACMOZ010000005.1	31810	33609	+	AG-891-O15_00685	AG-891-O15	599	OG0002362	NA	NA	COG4938	NA	Predicted ATPase	AG-891-O15_00684	1
CACMOZ010000005.1	33609	34595	+	AG-891-O15_00686	AG-891-O15	328	OG0002804	NA	NA	NA	NA	NA	AG-891-O15_00684	2
CACMOZ010000005.1	34662	35630	+	AG-891-O15_00687	AG-891-O15	322	OG0002673	NA	NA	NA	NA	NA	AG-891-O15_00684	3
CACMOZ010000005.1	35641	35967	+	AG-891-O15_00688	AG-891-O15	108	OG0003931	NA	NA	NA	NA	NA	AG-891-O15_00684	4
CACMOZ010000005.1	35967	37256	+	AG-891-O15_00689	AG-891-O15	429	OG0002298	NA	NA	NA	NA	NA	AG-891-O15_00684	5
CACMRC010000006.1	34843	35055	+	AG-892-A22_00857	AG-892-A22	70	OG0000914	K03704	cold shock protein	COG1278	CspC	Cold shock protein, CspA family	AG-892-A22_00863	-5
CACMRC010000006.1	35365	36759	+	AG-892-A22_00859	AG-892-A22	464	OG0000812	K01892	histidyl-tRNA synthetase [EC:6.1.1.21]	COG0124	HisS	Histidyl-tRNA synthetase	AG-892-A22_00863	-4
CACMRC010000006.1	36737	37789	+	AG-892-A22_00860	AG-892-A22	350	OG0000374	NA	NA	COG3705	HisZ	ATP phosphoribosyltransferase regulatory subunit HisZ	AG-892-A22_00863	-3
CACMRC010000006.1	37789	38481	+	AG-892-A22_00861	AG-892-A22	230	OG0000403	NA	NA	COG0040	HisG	ATP phosphoribosyltransferase	AG-892-A22_00863	-2
CACMRC010000006.1	38464	38595	-	AG-892-A22_00862	AG-892-A22	43	OG0001245	NA	NA	NA	NA	NA	AG-892-A22_00863	-1
CACMRC010000006.1	38660	39757	+	AG-892-A22_00863	AG-892-A22	365	OG0001004	NA	NA	COG1322	RmuC	DNA anti-recombination protein (rearrangement mutator) RmuC	AG-892-A22_00863	0
CACMRC010000006.1	39795	40481	+	AG-892-A22_00864	AG-892-A22	228	OG0001010	NA	NA	NA	NA	NA	AG-892-A22_00863	1
CACMRC010000006.1	40488	41924	+	AG-892-A22_00865	AG-892-A22	478	OG0000183	NA	NA	COG2925	SbcB	Exonuclease I (degrades ssDNA)	AG-892-A22_00863	2
CACMRC010000006.1	41959	42276	+	AG-892-A22_00866	AG-892-A22	105	OG0000169	NA	NA	COG3118	CnoX	Chaperedoxin CnoX, contains thioredoxin-like and TPR-like domains, YbbN/TrxSC family	AG-892-A22_00863	3
CACMRC010000006.1	42273	43541	-	AG-892-A22_00867	AG-892-A22	422	OG0000181	NA	NA	COG0285	FolC	Folylpolyglutamate synthase/Dihydropteroate synthase	AG-892-A22_00863	4
CACMRC010000006.1	43495	44424	-	AG-892-A22_00868	AG-892-A22	309	OG0000239	K01963	acetyl-CoA carboxylase carboxyl transferase subunit beta [EC:6.4.1.2 2.1.3.15]	COG0777	AccD	Acetyl-CoA carboxylase beta subunit	AG-892-A22_00863	5
CACMSB010000001.1	75457	76389	+	AG-892-B11_00075	AG-892-B11	310	OG0000239	K01963	acetyl-CoA carboxylase carboxyl transferase subunit beta [EC:6.4.1.2 2.1.3.15]	COG0777	AccD	Acetyl-CoA carboxylase beta subunit	AG-892-B11_00080	-5
CACMSB010000001.1	76343	77608	+	AG-892-B11_00076	AG-892-B11	421	OG0000181	NA	NA	COG0285	FolC	Folylpolyglutamate synthase/Dihydropteroate synthase	AG-892-B11_00080	-4
CACMSB010000001.1	77605	77925	-	AG-892-B11_00077	AG-892-B11	106	OG0000169	K03671	thioredoxin 1	COG3118	CnoX	Chaperedoxin CnoX, contains thioredoxin-like and TPR-like domains, YbbN/TrxSC family	AG-892-B11_00080	-3
CACMSB010000001.1	77992	79425	-	AG-892-B11_00078	AG-892-B11	477	OG0000183	NA	NA	COG2925	SbcB	Exonuclease I (degrades ssDNA)	AG-892-B11_00080	-2
CACMSB010000001.1	79550	80236	-	AG-892-B11_00079	AG-892-B11	228	OG0001010	NA	NA	NA	NA	NA	AG-892-B11_00080	-1
CACMSB010000001.1	80260	81357	-	AG-892-B11_00080	AG-892-B11	365	OG0001004	NA	NA	COG1322	RmuC	DNA anti-recombination protein (rearrangement mutator) RmuC	AG-892-B11_00080	0
CACMSB010000001.1	81399	82070	-	AG-892-B11_00081	AG-892-B11	223	OG0000403	NA	NA	COG0040	HisG	ATP phosphoribosyltransferase	AG-892-B11_00080	1
CACMSB010000001.1	82063	82908	-	AG-892-B11_00082	AG-892-B11	281	OG0000077	NA	NA	NA	NA	NA	AG-892-B11_00080	2
CACMSB010000001.1	82905	83957	-	AG-892-B11_00083	AG-892-B11	350	OG0000374	NA	NA	COG3705	HisZ	ATP phosphoribosyltransferase regulatory subunit HisZ	AG-892-B11_00080	3
CACMSB010000001.1	83935	85365	-	AG-892-B11_00084	AG-892-B11	476	OG0000812	K01892	histidyl-tRNA synthetase [EC:6.1.1.21]	COG0124	HisS	Histidyl-tRNA synthetase	AG-892-B11_00080	4
CACMSB010000001.1	85496	85648	-	AG-892-B11_00086	AG-892-B11	50	OG0002047	NA	NA	NA	NA	NA	AG-892-B11_00080	5
CACMTO010000002.1	49796	50725	+	AG-892-C18_00319	AG-892-C18	309	OG0000239	K01963	acetyl-CoA carboxylase carboxyl transferase subunit beta [EC:6.4.1.2 2.1.3.15]	COG0777	AccD	Acetyl-CoA carboxylase beta subunit	AG-892-C18_00324	-5
CACMTO010000002.1	50673	51947	+	AG-892-C18_00320	AG-892-C18	424	OG0000181	NA	NA	COG0285	FolC	Folylpolyglutamate synthase/Dihydropteroate synthase	AG-892-C18_00324	-4
CACMTO010000002.1	51944	52261	-	AG-892-C18_00321	AG-892-C18	105	OG0000169	NA	NA	COG3118	CnoX	Chaperedoxin CnoX, contains thioredoxin-like and TPR-like domains, YbbN/TrxSC family	AG-892-C18_00324	-3
CACMTO010000002.1	52296	53732	-	AG-892-C18_00322	AG-892-C18	478	OG0000183	NA	NA	COG2925	SbcB	Exonuclease I (degrades ssDNA)	AG-892-C18_00324	-2
CACMTO010000002.1	53739	54425	-	AG-892-C18_00323	AG-892-C18	228	OG0001010	NA	NA	NA	NA	NA	AG-892-C18_00324	-1
CACMTO010000002.1	54463	55557	-	AG-892-C18_00324	AG-892-C18	364	OG0001004	NA	NA	COG1322	RmuC	DNA anti-recombination protein (rearrangement mutator) RmuC	AG-892-C18_00324	0
CACMTO010000002.1	55627	56313	-	AG-892-C18_00325	AG-892-C18	228	OG0000403	NA	NA	COG0040	HisG	ATP phosphoribosyltransferase	AG-892-C18_00324	1
CACMTO010000002.1	56310	57368	-	AG-892-C18_00326	AG-892-C18	352	OG0000374	NA	NA	COG3705	HisZ	ATP phosphoribosyltransferase regulatory subunit HisZ	AG-892-C18_00324	2
CACMTO010000002.1	57346	58743	-	AG-892-C18_00327	AG-892-C18	465	OG0000812	K01892	histidyl-tRNA synthetase [EC:6.1.1.21]	COG0124	HisS	Histidyl-tRNA synthetase	AG-892-C18_00324	3
CACMTO010000002.1	58891	58992	-	AG-892-C18_00328	AG-892-C18	33	OG0001648	NA	NA	NA	NA	NA	AG-892-C18_00324	4
CACMTO010000002.1	59101	59313	-	AG-892-C18_00329	AG-892-C18	70	OG0000914	K03704	cold shock protein	COG1278	CspC	Cold shock protein, CspA family	AG-892-C18_00324	5
CACMWQ010000007.1	6415	7347	+	AG-892-F15_01409	AG-892-F15	310	OG0000239	K01963	acetyl-CoA carboxylase carboxyl transferase subunit beta [EC:6.4.1.2 2.1.3.15]	COG0777	AccD	Acetyl-CoA carboxylase beta subunit	AG-892-F15_01414	-5
CACMWQ010000007.1	7301	8566	+	AG-892-F15_01410	AG-892-F15	421	OG0000181	NA	NA	COG0285	FolC	Folylpolyglutamate synthase/Dihydropteroate synthase	AG-892-F15_01414	-4
CACMWQ010000007.1	8563	8883	-	AG-892-F15_01411	AG-892-F15	106	OG0000169	K03671	thioredoxin 1	COG3118	CnoX	Chaperedoxin CnoX, contains thioredoxin-like and TPR-like domains, YbbN/TrxSC family	AG-892-F15_01414	-3
CACMWQ010000007.1	8950	10383	-	AG-892-F15_01412	AG-892-F15	477	OG0000183	NA	NA	COG2925	SbcB	Exonuclease I (degrades ssDNA)	AG-892-F15_01414	-2
CACMWQ010000007.1	10508	11194	-	AG-892-F15_01413	AG-892-F15	228	OG0001010	NA	NA	NA	NA	NA	AG-892-F15_01414	-1
CACMWQ010000007.1	11202	12305	-	AG-892-F15_01414	AG-892-F15	367	OG0001004	NA	NA	COG1322	RmuC	DNA anti-recombination protein (rearrangement mutator) RmuC	AG-892-F15_01414	0
CACMWQ010000007.1	12389	14419	+	AG-892-F15_01415	AG-892-F15	676	OG0002362	NA	NA	COG4938	NA	Predicted ATPase	AG-892-F15_01414	1
CACMWQ010000007.1	14419	15564	+	AG-892-F15_01416	AG-892-F15	381	OG0002998	NA	NA	NA	NA	NA	AG-892-F15_01414	2
CACMWQ010000007.1	15638	16564	+	AG-892-F15_01417	AG-892-F15	308	OG0003167	NA	NA	COG0568	RpoD	DNA-directed RNA polymerase, sigma subunit (sigma70/sigma32)	AG-892-F15_01414	3
CACMWQ010000007.1	16913	18220	+	AG-892-F15_01418	AG-892-F15	435	OG0002298	NA	NA	NA	NA	NA	AG-892-F15_01414	4
CACMWQ010000007.1	18217	19911	+	AG-892-F15_01419	AG-892-F15	564	OG0002297	K06915	DNA double-strand break repair helicase HerA and related ATPase	COG0433	CedB	Crenarchaeal DNA import helicase CedB/HerA or a related bacterial ATPase	AG-892-F15_01414	5
CACMZL010000006.1	26020	26172	+	AG-892-J03_01276	AG-892-J03	50	OG0002047	NA	NA	NA	NA	NA	AG-892-J03_01282	-5
CACMZL010000006.1	26304	27734	+	AG-892-J03_01278	AG-892-J03	476	OG0000812	K01892	histidyl-tRNA synthetase [EC:6.1.1.21]	COG0124	HisS	Histidyl-tRNA synthetase	AG-892-J03_01282	-4
CACMZL010000006.1	27712	28764	+	AG-892-J03_01279	AG-892-J03	350	OG0000374	NA	NA	COG3705	HisZ	ATP phosphoribosyltransferase regulatory subunit HisZ	AG-892-J03_01282	-3
CACMZL010000006.1	28761	29555	+	AG-892-J03_01280	AG-892-J03	264	OG0000077	NA	NA	NA	NA	NA	AG-892-J03_01282	-2
CACMZL010000006.1	29592	30263	+	AG-892-J03_01281	AG-892-J03	223	OG0000403	NA	NA	COG0040	HisG	ATP phosphoribosyltransferase	AG-892-J03_01282	-1
CACMZL010000006.1	30305	31399	+	AG-892-J03_01282	AG-892-J03	364	OG0001004	NA	NA	COG1322	RmuC	DNA anti-recombination protein (rearrangement mutator) RmuC	AG-892-J03_01282	0
CACMZL010000006.1	31424	32110	+	AG-892-J03_01283	AG-892-J03	228	OG0001010	NA	NA	NA	NA	NA	AG-892-J03_01282	1
CACMZL010000006.1	32235	33668	+	AG-892-J03_01284	AG-892-J03	477	OG0000183	NA	NA	COG2925	SbcB	Exonuclease I (degrades ssDNA)	AG-892-J03_01282	2
CACMZL010000006.1	33735	34055	+	AG-892-J03_01285	AG-892-J03	106	OG0000169	K03671	thioredoxin 1	COG3118	CnoX	Chaperedoxin CnoX, contains thioredoxin-like and TPR-like domains, YbbN/TrxSC family	AG-892-J03_01282	3
CACMZL010000006.1	34052	35317	-	AG-892-J03_01286	AG-892-J03	421	OG0000181	NA	NA	COG0285	FolC	Folylpolyglutamate synthase/Dihydropteroate synthase	AG-892-J03_01282	4
CACMZL010000006.1	35271	36203	-	AG-892-J03_01287	AG-892-J03	310	OG0000239	K01963	acetyl-CoA carboxylase carboxyl transferase subunit beta [EC:6.4.1.2 2.1.3.15]	COG0777	AccD	Acetyl-CoA carboxylase beta subunit	AG-892-J03_01282	5
CACNAR010000005.1	114585	114797	+	AG-892-K05_00888	AG-892-K05	70	OG0000914	K03704	cold shock protein	COG1278	CspC	Cold shock protein, CspA family	AG-892-K05_00894	-5
CACNAR010000005.1	114899	115000	+	AG-892-K05_00889	AG-892-K05	33	OG0001648	NA	NA	NA	NA	NA	AG-892-K05_00894	-4
CACNAR010000005.1	115149	116546	+	AG-892-K05_00891	AG-892-K05	465	OG0000812	K01892	histidyl-tRNA synthetase [EC:6.1.1.21]	COG0124	HisS	Histidyl-tRNA synthetase	AG-892-K05_00894	-3
CACNAR010000005.1	116524	117579	+	AG-892-K05_00892	AG-892-K05	351	OG0000374	NA	NA	COG3705	HisZ	ATP phosphoribosyltransferase regulatory subunit HisZ	AG-892-K05_00894	-2
CACNAR010000005.1	117576	118265	+	AG-892-K05_00893	AG-892-K05	229	OG0000403	NA	NA	COG0040	HisG	ATP phosphoribosyltransferase	AG-892-K05_00894	-1
CACNAR010000005.1	118413	119504	+	AG-892-K05_00894	AG-892-K05	363	OG0001004	NA	NA	COG1322	RmuC	DNA anti-recombination protein (rearrangement mutator) RmuC	AG-892-K05_00894	0
CACNAR010000005.1	119542	120228	+	AG-892-K05_00895	AG-892-K05	228	OG0001010	NA	NA	NA	NA	NA	AG-892-K05_00894	1
CACNAR010000005.1	120237	121673	+	AG-892-K05_00896	AG-892-K05	478	OG0000183	NA	NA	COG2925	SbcB	Exonuclease I (degrades ssDNA)	AG-892-K05_00894	2
CACNAR010000005.1	121708	122025	+	AG-892-K05_00897	AG-892-K05	105	OG0000169	NA	NA	COG3118	CnoX	Chaperedoxin CnoX, contains thioredoxin-like and TPR-like domains, YbbN/TrxSC family	AG-892-K05_00894	3
CACNAR010000005.1	122022	123290	-	AG-892-K05_00898	AG-892-K05	422	OG0000181	NA	NA	COG0285	FolC	Folylpolyglutamate synthase/Dihydropteroate synthase	AG-892-K05_00894	4
CACNAR010000005.1	123244	124179	-	AG-892-K05_00899	AG-892-K05	311	OG0000239	K01963	acetyl-CoA carboxylase carboxyl transferase subunit beta [EC:6.4.1.2 2.1.3.15]	COG0777	AccD	Acetyl-CoA carboxylase beta subunit	AG-892-K05_00894	5
CACNBC010000003.1	119587	119796	+	AG-892-K09_00505	AG-892-K09	69	OG0000914	K03704	cold shock protein	COG1278	CspC	Cold shock protein, CspA family	AG-892-K09_00511	-5
CACNBC010000003.1	120107	121501	+	AG-892-K09_00507	AG-892-K09	464	OG0000812	K01892	histidyl-tRNA synthetase [EC:6.1.1.21]	COG0124	HisS	Histidyl-tRNA synthetase	AG-892-K09_00511	-4
CACNBC010000003.1	121479	122525	+	AG-892-K09_00508	AG-892-K09	348	OG0000374	NA	NA	COG3705	HisZ	ATP phosphoribosyltransferase regulatory subunit HisZ	AG-892-K09_00511	-3
CACNBC010000003.1	122522	123367	+	AG-892-K09_00509	AG-892-K09	281	OG0000077	NA	NA	NA	NA	NA	AG-892-K09_00511	-2
CACNBC010000003.1	123324	124046	+	AG-892-K09_00510	AG-892-K09	240	OG0000403	K00765	ATP phosphoribosyltransferase [EC:2.4.2.17]	COG0040	HisG	ATP phosphoribosyltransferase	AG-892-K09_00511	-1
CACNBC010000003.1	124061	125125	+	AG-892-K09_00511	AG-892-K09	354	OG0001004	NA	NA	COG1322	RmuC	DNA anti-recombination protein (rearrangement mutator) RmuC	AG-892-K09_00511	0
CACNBC010000003.1	125163	125849	+	AG-892-K09_00512	AG-892-K09	228	OG0001010	NA	NA	COG1074	RecB	3'-5' helicase subunit RecB of the DNA repair enzyme RecBCD (exonuclease V)	AG-892-K09_00511	1
CACNBC010000003.1	125978	127408	+	AG-892-K09_00513	AG-892-K09	476	OG0000183	NA	NA	COG2925	SbcB	Exonuclease I (degrades ssDNA)	AG-892-K09_00511	2
CACNBC010000003.1	127474	127794	+	AG-892-K09_00514	AG-892-K09	106	OG0000169	K03671	thioredoxin 1	COG3118	CnoX	Chaperedoxin CnoX, contains thioredoxin-like and TPR-like domains, YbbN/TrxSC family	AG-892-K09_00511	3
CACNBC010000003.1	127791	129056	-	AG-892-K09_00515	AG-892-K09	421	OG0000181	NA	NA	COG0285	FolC	Folylpolyglutamate synthase/Dihydropteroate synthase	AG-892-K09_00511	4
CACNBC010000003.1	129013	129942	-	AG-892-K09_00516	AG-892-K09	309	OG0000239	K01963	acetyl-CoA carboxylase carboxyl transferase subunit beta [EC:6.4.1.2 2.1.3.15]	COG0777	AccD	Acetyl-CoA carboxylase beta subunit	AG-892-K09_00511	5
CACNCD010000004.1	30152	30367	+	AG-892-L05_00457	AG-892-L05	71	OG0000905	K02518	translation initiation factor IF-1	COG0361	InfA	Translation initiation factor IF-1	AG-892-L05_00464	-5
CACNCD010000004.1	30558	30767	+	AG-892-L05_00459	AG-892-L05	69	OG0000914	K03704	cold shock protein	COG1278	CspC	Cold shock protein, CspA family	AG-892-L05_00464	-4
CACNCD010000004.1	32393	33448	+	AG-892-L05_00461	AG-892-L05	351	OG0000374	NA	NA	COG3705	HisZ	ATP phosphoribosyltransferase regulatory subunit HisZ	AG-892-L05_00464	-3
CACNCD010000004.1	33441	34127	+	AG-892-L05_00462	AG-892-L05	228	OG0000403	NA	NA	COG0040	HisG	ATP phosphoribosyltransferase	AG-892-L05_00464	-2
CACNCD010000004.1	34124	34342	-	AG-892-L05_00463	AG-892-L05	72	OG0002362	NA	NA	COG4938	NA	Predicted ATPase	AG-892-L05_00464	-1
CACNCD010000004.1	34455	35510	+	AG-892-L05_00464	AG-892-L05	351	OG0001004	NA	NA	COG1322	RmuC	DNA anti-recombination protein (rearrangement mutator) RmuC	AG-892-L05_00464	0
CACNCD010000004.1	35548	36231	+	AG-892-L05_00465	AG-892-L05	227	OG0001010	NA	NA	NA	NA	NA	AG-892-L05_00464	1
CACNCD010000004.1	36345	37775	+	AG-892-L05_00466	AG-892-L05	476	OG0000183	NA	NA	COG2925	SbcB	Exonuclease I (degrades ssDNA)	AG-892-L05_00464	2
CACNCD010000004.1	37826	38146	+	AG-892-L05_00467	AG-892-L05	106	OG0000169	K03671	thioredoxin 1	COG3118	CnoX	Chaperedoxin CnoX, contains thioredoxin-like and TPR-like domains, YbbN/TrxSC family	AG-892-L05_00464	3
CACNCD010000004.1	38143	39411	-	AG-892-L05_00468	AG-892-L05	422	OG0000181	NA	NA	COG0285	FolC	Folylpolyglutamate synthase/Dihydropteroate synthase	AG-892-L05_00464	4
CACNCD010000004.1	39365	40297	-	AG-892-L05_00469	AG-892-L05	310	OG0000239	K01963	acetyl-CoA carboxylase carboxyl transferase subunit beta [EC:6.4.1.2 2.1.3.15]	COG0777	AccD	Acetyl-CoA carboxylase beta subunit	AG-892-L05_00464	5
CACNCJ010000004.1	66807	67019	+	AG-892-L17_00557	AG-892-L17	70	OG0000914	K03704	cold shock protein	COG1278	CspC	Cold shock protein, CspA family	AG-892-L17_00563	-5
CACNCJ010000004.1	67330	68724	+	AG-892-L17_00559	AG-892-L17	464	OG0000812	K01892	histidyl-tRNA synthetase [EC:6.1.1.21]	COG0124	HisS	Histidyl-tRNA synthetase	AG-892-L17_00563	-4
CACNCJ010000004.1	68702	69754	+	AG-892-L17_00560	AG-892-L17	350	OG0000374	NA	NA	COG3705	HisZ	ATP phosphoribosyltransferase regulatory subunit HisZ	AG-892-L17_00563	-3
CACNCJ010000004.1	69754	70446	+	AG-892-L17_00561	AG-892-L17	230	OG0000403	NA	NA	COG0040	HisG	ATP phosphoribosyltransferase	AG-892-L17_00563	-2
CACNCJ010000004.1	70429	70560	-	AG-892-L17_00562	AG-892-L17	43	OG0001245	NA	NA	NA	NA	NA	AG-892-L17_00563	-1
CACNCJ010000004.1	70625	71722	+	AG-892-L17_00563	AG-892-L17	365	OG0001004	NA	NA	COG1322	RmuC	DNA anti-recombination protein (rearrangement mutator) RmuC	AG-892-L17_00563	0
CACNCJ010000004.1	71760	72446	+	AG-892-L17_00564	AG-892-L17	228	OG0001010	NA	NA	NA	NA	NA	AG-892-L17_00563	1
CACNCJ010000004.1	72453	73889	+	AG-892-L17_00565	AG-892-L17	478	OG0000183	NA	NA	COG2925	SbcB	Exonuclease I (degrades ssDNA)	AG-892-L17_00563	2
CACNCJ010000004.1	73924	74241	+	AG-892-L17_00566	AG-892-L17	105	OG0000169	NA	NA	COG3118	CnoX	Chaperedoxin CnoX, contains thioredoxin-like and TPR-like domains, YbbN/TrxSC family	AG-892-L17_00563	3
CACNCJ010000004.1	74238	75506	-	AG-892-L17_00567	AG-892-L17	422	OG0000181	NA	NA	COG0285	FolC	Folylpolyglutamate synthase/Dihydropteroate synthase	AG-892-L17_00563	4
CACNCJ010000004.1	75460	76389	-	AG-892-L17_00568	AG-892-L17	309	OG0000239	K01963	acetyl-CoA carboxylase carboxyl transferase subunit beta [EC:6.4.1.2 2.1.3.15]	COG0777	AccD	Acetyl-CoA carboxylase beta subunit	AG-892-L17_00563	5
CACNLV010000002.1	65184	66119	+	AG-893-F11_01100	AG-893-F11	311	OG0000239	K01963	acetyl-CoA carboxylase carboxyl transferase subunit beta [EC:6.4.1.2 2.1.3.15]	COG0777	AccD	Acetyl-CoA carboxylase beta subunit	AG-893-F11_01105	-5
CACNLV010000002.1	66073	67341	+	AG-893-F11_01101	AG-893-F11	422	OG0000181	NA	NA	COG0285	FolC	Folylpolyglutamate synthase/Dihydropteroate synthase	AG-893-F11_01105	-4
CACNLV010000002.1	67338	67655	-	AG-893-F11_01102	AG-893-F11	105	OG0000169	NA	NA	COG3118	CnoX	Chaperedoxin CnoX, contains thioredoxin-like and TPR-like domains, YbbN/TrxSC family	AG-893-F11_01105	-3
CACNLV010000002.1	67690	69126	-	AG-893-F11_01103	AG-893-F11	478	OG0000183	NA	NA	COG2925	SbcB	Exonuclease I (degrades ssDNA)	AG-893-F11_01105	-2
CACNLV010000002.1	69129	69821	-	AG-893-F11_01104	AG-893-F11	230	OG0001010	NA	NA	COG1074	RecB	3'-5' helicase subunit RecB of the DNA repair enzyme RecBCD (exonuclease V)	AG-893-F11_01105	-1
CACNLV010000002.1	69859	70950	-	AG-893-F11_01105	AG-893-F11	363	OG0001004	NA	NA	COG1322	RmuC	DNA anti-recombination protein (rearrangement mutator) RmuC	AG-893-F11_01105	0
CACNLV010000002.1	70981	71112	+	AG-893-F11_01106	AG-893-F11	43	OG0001245	NA	NA	NA	NA	NA	AG-893-F11_01105	1
CACNLV010000002.1	71098	71784	-	AG-893-F11_01107	AG-893-F11	228	OG0000403	NA	NA	COG0040	HisG	ATP phosphoribosyltransferase	AG-893-F11_01105	2
CACNLV010000002.1	71787	72839	-	AG-893-F11_01108	AG-893-F11	350	OG0000374	NA	NA	COG3705	HisZ	ATP phosphoribosyltransferase regulatory subunit HisZ	AG-893-F11_01105	3
CACNLV010000002.1	72817	74214	-	AG-893-F11_01109	AG-893-F11	465	OG0000812	K01892	histidyl-tRNA synthetase [EC:6.1.1.21]	COG0124	HisS	Histidyl-tRNA synthetase	AG-893-F11_01105	4
CACNLV010000002.1	74572	74784	-	AG-893-F11_01111	AG-893-F11	70	OG0000914	K03704	cold shock protein	COG1278	CspC	Cold shock protein, CspA family	AG-893-F11_01105	5
CACNOT010000001.1	25017	25949	+	AG-893-I20_00025	AG-893-I20	310	OG0000239	K01963	acetyl-CoA carboxylase carboxyl transferase subunit beta [EC:6.4.1.2 2.1.3.15]	COG0777	AccD	Acetyl-CoA carboxylase beta subunit	AG-893-I20_00030	-5
CACNOT010000001.1	25903	27168	+	AG-893-I20_00026	AG-893-I20	421	OG0000181	NA	NA	COG0285	FolC	Folylpolyglutamate synthase/Dihydropteroate synthase	AG-893-I20_00030	-4
CACNOT010000001.1	27165	27482	-	AG-893-I20_00027	AG-893-I20	105	OG0000169	NA	NA	COG3118	CnoX	Chaperedoxin CnoX, contains thioredoxin-like and TPR-like domains, YbbN/TrxSC family	AG-893-I20_00030	-3
CACNOT010000001.1	27517	28953	-	AG-893-I20_00028	AG-893-I20	478	OG0000183	NA	NA	COG2925	SbcB	Exonuclease I (degrades ssDNA)	AG-893-I20_00030	-2
CACNOT010000001.1	28966	29646	-	AG-893-I20_00029	AG-893-I20	226	OG0001010	NA	NA	COG1074	RecB	3'-5' helicase subunit RecB of the DNA repair enzyme RecBCD (exonuclease V)	AG-893-I20_00030	-1
CACNOT010000001.1	29684	30775	-	AG-893-I20_00030	AG-893-I20	363	OG0001004	NA	NA	COG1322	RmuC	DNA anti-recombination protein (rearrangement mutator) RmuC	AG-893-I20_00030	0
CACNOT010000001.1	30806	30937	+	AG-893-I20_00031	AG-893-I20	43	OG0001245	NA	NA	NA	NA	NA	AG-893-I20_00030	1
CACNOT010000001.1	30923	31609	-	AG-893-I20_00032	AG-893-I20	228	OG0000403	K00765	ATP phosphoribosyltransferase [EC:2.4.2.17]	COG0040	HisG	ATP phosphoribosyltransferase	AG-893-I20_00030	2
CACNOT010000001.1	31606	32664	-	AG-893-I20_00033	AG-893-I20	352	OG0000374	NA	NA	COG3705	HisZ	ATP phosphoribosyltransferase regulatory subunit HisZ	AG-893-I20_00030	3
CACNOT010000001.1	32642	34039	-	AG-893-I20_00034	AG-893-I20	465	OG0000812	K01892	histidyl-tRNA synthetase [EC:6.1.1.21]	COG0124	HisS	Histidyl-tRNA synthetase	AG-893-I20_00030	4
CACNOT010000001.1	34186	34287	-	AG-893-I20_00035	AG-893-I20	33	OG0001648	NA	NA	NA	NA	NA	AG-893-I20_00030	5
CACNQD010000001.1	33114	34046	+	AG-893-K09_00036	AG-893-K09	310	OG0000239	K01963	acetyl-CoA carboxylase carboxyl transferase subunit beta [EC:6.4.1.2 2.1.3.15]	COG0777	AccD	Acetyl-CoA carboxylase beta subunit	AG-893-K09_00041	-5
CACNQD010000001.1	33997	35262	+	AG-893-K09_00037	AG-893-K09	421	OG0000181	NA	NA	COG0285	FolC	Folylpolyglutamate synthase/Dihydropteroate synthase	AG-893-K09_00041	-4
CACNQD010000001.1	35259	35576	-	AG-893-K09_00038	AG-893-K09	105	OG0000169	K03671	thioredoxin 1	COG3118	CnoX	Chaperedoxin CnoX, contains thioredoxin-like and TPR-like domains, YbbN/TrxSC family	AG-893-K09_00041	-3
CACNQD010000001.1	35643	37073	-	AG-893-K09_00039	AG-893-K09	476	OG0000183	NA	NA	COG2925	SbcB	Exonuclease I (degrades ssDNA)	AG-893-K09_00041	-2
CACNQD010000001.1	37172	37855	-	AG-893-K09_00040	AG-893-K09	227	OG0001010	NA	NA	NA	NA	NA	AG-893-K09_00041	-1
CACNQD010000001.1	37891	38955	-	AG-893-K09_00041	AG-893-K09	354	OG0001004	NA	NA	COG1322	RmuC	DNA anti-recombination protein (rearrangement mutator) RmuC	AG-893-K09_00041	0
CACNQD010000001.1	38948	39631	-	AG-893-K09_00042	AG-893-K09	227	OG0000403	NA	NA	COG0040	HisG	ATP phosphoribosyltransferase	AG-893-K09_00041	1
CACNQD010000001.1	39624	40691	-	AG-893-K09_00043	AG-893-K09	355	OG0000374	NA	NA	COG3705	HisZ	ATP phosphoribosyltransferase regulatory subunit HisZ	AG-893-K09_00041	2
CACNQD010000001.1	40654	41988	-	AG-893-K09_00044	AG-893-K09	444	OG0000812	K01892	histidyl-tRNA synthetase [EC:6.1.1.21]	COG0124	HisS	Histidyl-tRNA synthetase	AG-893-K09_00041	3
CACNQD010000001.1	42304	42513	-	AG-893-K09_00046	AG-893-K09	69	OG0000914	K03704	cold shock protein	COG1278	CspC	Cold shock protein, CspA family	AG-893-K09_00041	4
CACNQD010000001.1	42697	42912	-	AG-893-K09_00048	AG-893-K09	71	OG0000905	K02518	translation initiation factor IF-1	COG0361	InfA	Translation initiation factor IF-1	AG-893-K09_00041	5
CACNRV010000008.1	28214	28432	+	AG-893-L13_00898	AG-893-L13	72	OG0000905	K02518	translation initiation factor IF-1	COG0361	InfA	Translation initiation factor IF-1	AG-893-L13_00905	-5
CACNRV010000008.1	28627	28836	+	AG-893-L13_00900	AG-893-L13	69	OG0000914	K03704	cold shock protein	COG1278	CspC	Cold shock protein, CspA family	AG-893-L13_00905	-4
CACNRV010000008.1	29144	30538	+	AG-893-L13_00902	AG-893-L13	464	OG0000812	K01892	histidyl-tRNA synthetase [EC:6.1.1.21]	COG0124	HisS	Histidyl-tRNA synthetase	AG-893-L13_00905	-3
CACNRV010000008.1	30507	31565	+	AG-893-L13_00903	AG-893-L13	352	OG0000374	NA	NA	COG3705	HisZ	ATP phosphoribosyltransferase regulatory subunit HisZ	AG-893-L13_00905	-2
CACNRV010000008.1	31558	32247	+	AG-893-L13_00904	AG-893-L13	229	OG0000403	NA	NA	COG0040	HisG	ATP phosphoribosyltransferase	AG-893-L13_00905	-1
CACNRV010000008.1	32400	33497	+	AG-893-L13_00905	AG-893-L13	365	OG0001004	NA	NA	COG1322	RmuC	DNA anti-recombination protein (rearrangement mutator) RmuC	AG-893-L13_00905	0
CACNRV010000008.1	33535	34224	+	AG-893-L13_00906	AG-893-L13	229	OG0001010	NA	NA	NA	NA	NA	AG-893-L13_00905	1
CACNRV010000008.1	34345	35775	+	AG-893-L13_00907	AG-893-L13	476	OG0000183	NA	NA	COG2925	SbcB	Exonuclease I (degrades ssDNA)	AG-893-L13_00905	2
CACNRV010000008.1	35842	36156	+	AG-893-L13_00908	AG-893-L13	104	OG0000169	K03671	thioredoxin 1	COG3118	CnoX	Chaperedoxin CnoX, contains thioredoxin-like and TPR-like domains, YbbN/TrxSC family	AG-893-L13_00905	3
CACNRV010000008.1	36153	37418	-	AG-893-L13_00909	AG-893-L13	421	OG0000181	NA	NA	COG0285	FolC	Folylpolyglutamate synthase/Dihydropteroate synthase	AG-893-L13_00905	4
CACNRV010000008.1	37372	38313	-	AG-893-L13_00910	AG-893-L13	313	OG0000239	NA	NA	COG0777	AccD	Acetyl-CoA carboxylase beta subunit	AG-893-L13_00905	5
CACNTH010000001.1	377833	378045	+	AG-893-M22_00405	AG-893-M22	70	OG0000914	K03704	cold shock protein	COG1278	CspC	Cold shock protein, CspA family	AG-893-M22_00411	-5
CACNTH010000001.1	378371	379801	+	AG-893-M22_00407	AG-893-M22	476	OG0000812	K01892	histidyl-tRNA synthetase [EC:6.1.1.21]	COG0124	HisS	Histidyl-tRNA synthetase	AG-893-M22_00411	-4
CACNTH010000001.1	379779	380831	+	AG-893-M22_00408	AG-893-M22	350	OG0000374	NA	NA	COG3705	HisZ	ATP phosphoribosyltransferase regulatory subunit HisZ	AG-893-M22_00411	-3
CACNTH010000001.1	380828	381673	+	AG-893-M22_00409	AG-893-M22	281	OG0000077	NA	NA	NA	NA	NA	AG-893-M22_00411	-2
CACNTH010000001.1	381666	382337	+	AG-893-M22_00410	AG-893-M22	223	OG0000403	NA	NA	COG0040	HisG	ATP phosphoribosyltransferase	AG-893-M22_00411	-1
CACNTH010000001.1	382379	383473	+	AG-893-M22_00411	AG-893-M22	364	OG0001004	NA	NA	COG1322	RmuC	DNA anti-recombination protein (rearrangement mutator) RmuC	AG-893-M22_00411	0
CACNTH010000001.1	383497	384195	+	AG-893-M22_00412	AG-893-M22	232	OG0001010	NA	NA	NA	NA	NA	AG-893-M22_00411	1
CACNTH010000001.1	384310	385743	+	AG-893-M22_00413	AG-893-M22	477	OG0000183	NA	NA	COG2925	SbcB	Exonuclease I (degrades ssDNA)	AG-893-M22_00411	2
CACNTH010000001.1	385916	386131	+	AG-893-M22_00414	AG-893-M22	71	OG0000169	NA	NA	COG3118	CnoX	Chaperedoxin CnoX, contains thioredoxin-like and TPR-like domains, YbbN/TrxSC family	AG-893-M22_00411	3
CACNTH010000001.1	386128	387393	-	AG-893-M22_00415	AG-893-M22	421	OG0000181	NA	NA	COG0285	FolC	Folylpolyglutamate synthase/Dihydropteroate synthase	AG-893-M22_00411	4
CACNTH010000001.1	387347	388279	-	AG-893-M22_00416	AG-893-M22	310	OG0000239	K01963	acetyl-CoA carboxylase carboxyl transferase subunit beta [EC:6.4.1.2 2.1.3.15]	COG0777	AccD	Acetyl-CoA carboxylase beta subunit	AG-893-M22_00411	5
CACNTW010000002.1	2043	2975	+	AG-893-N07_00308	AG-893-N07	310	OG0000239	K01963	acetyl-CoA carboxylase carboxyl transferase subunit beta [EC:6.4.1.2 2.1.3.15]	COG0777	AccD	Acetyl-CoA carboxylase beta subunit	AG-893-N07_00313	-5
CACNTW010000002.1	2929	4194	+	AG-893-N07_00309	AG-893-N07	421	OG0000181	NA	NA	COG0285	FolC	Folylpolyglutamate synthase/Dihydropteroate synthase	AG-893-N07_00313	-4
CACNTW010000002.1	4191	4511	-	AG-893-N07_00310	AG-893-N07	106	OG0000169	K03671	thioredoxin 1	COG3118	CnoX	Chaperedoxin CnoX, contains thioredoxin-like and TPR-like domains, YbbN/TrxSC family	AG-893-N07_00313	-3
CACNTW010000002.1	4578	6011	-	AG-893-N07_00311	AG-893-N07	477	OG0000183	NA	NA	COG2925	SbcB	Exonuclease I (degrades ssDNA)	AG-893-N07_00313	-2
CACNTW010000002.1	6136	6822	-	AG-893-N07_00312	AG-893-N07	228	OG0001010	NA	NA	NA	NA	NA	AG-893-N07_00313	-1
CACNTW010000002.1	6847	7941	-	AG-893-N07_00313	AG-893-N07	364	OG0001004	NA	NA	COG1322	RmuC	DNA anti-recombination protein (rearrangement mutator) RmuC	AG-893-N07_00313	0
CACNTW010000002.1	7983	8654	-	AG-893-N07_00314	AG-893-N07	223	OG0000403	NA	NA	COG0040	HisG	ATP phosphoribosyltransferase	AG-893-N07_00313	1
CACNTW010000002.1	8647	9492	-	AG-893-N07_00315	AG-893-N07	281	OG0000077	NA	NA	NA	NA	NA	AG-893-N07_00313	2
CACNTW010000002.1	9489	10541	-	AG-893-N07_00316	AG-893-N07	350	OG0000374	NA	NA	COG3705	HisZ	ATP phosphoribosyltransferase regulatory subunit HisZ	AG-893-N07_00313	3
CACNTW010000002.1	10519	11949	-	AG-893-N07_00317	AG-893-N07	476	OG0000812	K01892	histidyl-tRNA synthetase [EC:6.1.1.21]	COG0124	HisS	Histidyl-tRNA synthetase	AG-893-N07_00313	4
CACNTW010000002.1	12275	12487	-	AG-893-N07_00319	AG-893-N07	70	OG0000914	K03704	cold shock protein	COG1278	CspC	Cold shock protein, CspA family	AG-893-N07_00313	5
CACNVN010000015.1	2133	2735	-	AG-893-P02_01141	AG-893-P02	200	OG0002424	NA	NA	NA	NA	NA	AG-893-P02_01143	-2
CACNVN010000015.1	2732	3163	-	AG-893-P02_01142	AG-893-P02	143	OG0001722	NA	NA	NA	NA	NA	AG-893-P02_01143	-1
CACNVN010000015.1	3192	3878	-	AG-893-P02_01143	AG-893-P02	228	OG0001004	NA	NA	NA	NA	NA	AG-893-P02_01143	0
CACNVR010000001.1	169774	170709	+	AG-893-P10_00168	AG-893-P10	311	OG0000239	K01963	acetyl-CoA carboxylase carboxyl transferase subunit beta [EC:6.4.1.2 2.1.3.15]	COG0777	AccD	Acetyl-CoA carboxylase beta subunit	AG-893-P10_00173	-5
CACNVR010000001.1	170663	171931	+	AG-893-P10_00169	AG-893-P10	422	OG0000181	NA	NA	COG0285	FolC	Folylpolyglutamate synthase/Dihydropteroate synthase	AG-893-P10_00173	-4
CACNVR010000001.1	171928	172245	-	AG-893-P10_00170	AG-893-P10	105	OG0000169	NA	NA	COG3118	CnoX	Chaperedoxin CnoX, contains thioredoxin-like and TPR-like domains, YbbN/TrxSC family	AG-893-P10_00173	-3
CACNVR010000001.1	172280	173716	-	AG-893-P10_00171	AG-893-P10	478	OG0000183	NA	NA	COG2925	SbcB	Exonuclease I (degrades ssDNA)	AG-893-P10_00173	-2
CACNVR010000001.1	173720	174409	-	AG-893-P10_00172	AG-893-P10	229	OG0001010	NA	NA	NA	NA	NA	AG-893-P10_00173	-1
CACNVR010000001.1	174447	175538	-	AG-893-P10_00173	AG-893-P10	363	OG0001004	NA	NA	COG1322	RmuC	DNA anti-recombination protein (rearrangement mutator) RmuC	AG-893-P10_00173	0
CACNVR010000001.1	175569	175718	+	AG-893-P10_00174	AG-893-P10	49	OG0001245	NA	NA	NA	NA	NA	AG-893-P10_00173	1
CACNVR010000001.1	175686	176372	-	AG-893-P10_00175	AG-893-P10	228	OG0000403	NA	NA	COG0040	HisG	ATP phosphoribosyltransferase	AG-893-P10_00173	2
CACNVR010000001.1	176375	177427	-	AG-893-P10_00176	AG-893-P10	350	OG0000374	NA	NA	COG3705	HisZ	ATP phosphoribosyltransferase regulatory subunit HisZ	AG-893-P10_00173	3
CACNVR010000001.1	177405	178802	-	AG-893-P10_00177	AG-893-P10	465	OG0000812	K01892	histidyl-tRNA synthetase [EC:6.1.1.21]	COG0124	HisS	Histidyl-tRNA synthetase	AG-893-P10_00173	4
CACNVR010000001.1	178948	179109	-	AG-893-P10_00178	AG-893-P10	53	OG0001648	NA	NA	NA	NA	NA	AG-893-P10_00173	5
CABYDS010000005.1	5346	5558	+	AG-894-A03_00670	AG-894-A03	70	OG0000914	K03704	cold shock protein	COG1278	CspC	Cold shock protein, CspA family	AG-894-A03_00676	-5
CABYDS010000005.1	5600	5752	+	AG-894-A03_00671	AG-894-A03	50	OG0002047	NA	NA	NA	NA	NA	AG-894-A03_00676	-4
CABYDS010000005.1	7292	8344	+	AG-894-A03_00673	AG-894-A03	350	OG0000374	NA	NA	COG3705	HisZ	ATP phosphoribosyltransferase regulatory subunit HisZ	AG-894-A03_00676	-3
CABYDS010000005.1	8341	9186	+	AG-894-A03_00674	AG-894-A03	281	OG0000077	NA	NA	NA	NA	NA	AG-894-A03_00676	-2
CABYDS010000005.1	9179	9850	+	AG-894-A03_00675	AG-894-A03	223	OG0000403	NA	NA	COG0040	HisG	ATP phosphoribosyltransferase	AG-894-A03_00676	-1
CABYDS010000005.1	9892	10986	+	AG-894-A03_00676	AG-894-A03	364	OG0001004	NA	NA	COG1322	RmuC	DNA anti-recombination protein (rearrangement mutator) RmuC	AG-894-A03_00676	0
CABYDS010000005.1	11011	11697	+	AG-894-A03_00677	AG-894-A03	228	OG0001010	NA	NA	NA	NA	NA	AG-894-A03_00676	1
CABYDS010000005.1	11822	13255	+	AG-894-A03_00678	AG-894-A03	477	OG0000183	NA	NA	COG2925	SbcB	Exonuclease I (degrades ssDNA)	AG-894-A03_00676	2
CABYDS010000005.1	13322	13642	+	AG-894-A03_00679	AG-894-A03	106	OG0000169	K03671	thioredoxin 1	COG3118	CnoX	Chaperedoxin CnoX, contains thioredoxin-like and TPR-like domains, YbbN/TrxSC family	AG-894-A03_00676	3
CABYDS010000005.1	13639	14904	-	AG-894-A03_00680	AG-894-A03	421	OG0000181	NA	NA	COG0285	FolC	Folylpolyglutamate synthase/Dihydropteroate synthase	AG-894-A03_00676	4
CABYDS010000005.1	14858	15790	-	AG-894-A03_00681	AG-894-A03	310	OG0000239	K01963	acetyl-CoA carboxylase carboxyl transferase subunit beta [EC:6.4.1.2 2.1.3.15]	COG0777	AccD	Acetyl-CoA carboxylase beta subunit	AG-894-A03_00676	5
CABYFB010000001.1	52191	53123	+	AG-894-B06_00056	AG-894-B06	310	OG0000239	K01963	acetyl-CoA carboxylase carboxyl transferase subunit beta [EC:6.4.1.2 2.1.3.15]	COG0777	AccD	Acetyl-CoA carboxylase beta subunit	AG-894-B06_00061	-5
CABYFB010000001.1	53077	54342	+	AG-894-B06_00057	AG-894-B06	421	OG0000181	NA	NA	COG0285	FolC	Folylpolyglutamate synthase/Dihydropteroate synthase	AG-894-B06_00061	-4
CABYFB010000001.1	54339	54659	-	AG-894-B06_00058	AG-894-B06	106	OG0000169	K03671	thioredoxin 1	COG3118	CnoX	Chaperedoxin CnoX, contains thioredoxin-like and TPR-like domains, YbbN/TrxSC family	AG-894-B06_00061	-3
CABYFB010000001.1	54726	56159	-	AG-894-B06_00059	AG-894-B06	477	OG0000183	NA	NA	COG2925	SbcB	Exonuclease I (degrades ssDNA)	AG-894-B06_00061	-2
CABYFB010000001.1	56282	56968	-	AG-894-B06_00060	AG-894-B06	228	OG0001010	NA	NA	COG2887	Slr0479	RecB family exonuclease	AG-894-B06_00061	-1
CABYFB010000001.1	56993	58090	-	AG-894-B06_00061	AG-894-B06	365	OG0001004	NA	NA	COG1322	RmuC	DNA anti-recombination protein (rearrangement mutator) RmuC	AG-894-B06_00061	0
CABYFB010000001.1	58121	58804	-	AG-894-B06_00062	AG-894-B06	227	OG0000403	NA	NA	COG0040	HisG	ATP phosphoribosyltransferase	AG-894-B06_00061	1
CABYFB010000001.1	58801	59853	-	AG-894-B06_00063	AG-894-B06	350	OG0000374	NA	NA	COG3705	HisZ	ATP phosphoribosyltransferase regulatory subunit HisZ	AG-894-B06_00061	2
CABYFB010000001.1	59831	61261	-	AG-894-B06_00064	AG-894-B06	476	OG0000812	K01892	histidyl-tRNA synthetase [EC:6.1.1.21]	COG0124	HisS	Histidyl-tRNA synthetase	AG-894-B06_00061	3
CABYFB010000001.1	61393	61545	-	AG-894-B06_00066	AG-894-B06	50	OG0002047	NA	NA	NA	NA	NA	AG-894-B06_00061	4
CABYFB010000001.1	61587	61799	-	AG-894-B06_00067	AG-894-B06	70	OG0000914	K03704	cold shock protein	COG1278	CspC	Cold shock protein, CspA family	AG-894-B06_00061	5
CABYFA010000002.1	26766	28040	-	AG-894-B07_00336	AG-894-B07	424	OG0001059	K01637	isocitrate lyase [EC:4.1.3.1]	COG2224	AceA	Isocitrate lyase	AG-894-B07_00341	-5
CABYFA010000002.1	28093	28254	-	AG-894-B07_00337	AG-894-B07	53	OG0001070	NA	NA	NA	NA	NA	AG-894-B07_00341	-4
CABYFA010000002.1	28366	29796	+	AG-894-B07_00338	AG-894-B07	476	OG0001055	K21686	XRE family transcriptional regulator, fatty acid utilization regulator	COG3800	NA	Predicted transcriptional regulator	AG-894-B07_00341	-3
CABYFA010000002.1	29971	30522	+	AG-894-B07_00339	AG-894-B07	183	OG0001002	NA	NA	COG0457	TPR	Tetratricopeptide (TPR) repeat	AG-894-B07_00341	-2
CABYFA010000002.1	30559	31041	-	AG-894-B07_00340	AG-894-B07	160	OG0001722	NA	NA	NA	NA	NA	AG-894-B07_00341	-1
CABYFA010000002.1	31054	32085	-	AG-894-B07_00341	AG-894-B07	343	OG0001004	NA	NA	NA	NA	NA	AG-894-B07_00341	0
CABYFA010000002.1	32105	32863	-	AG-894-B07_00342	AG-894-B07	252	OG0001611	NA	NA	NA	NA	NA	AG-894-B07_00341	1
CABYFA010000002.1	32850	33149	-	AG-894-B07_00343	AG-894-B07	99	OG0001570	NA	NA	NA	NA	NA	AG-894-B07_00341	2
CABYFA010000002.1	33146	33307	-	AG-894-B07_00344	AG-894-B07	53	OG0001693	NA	NA	NA	NA	NA	AG-894-B07_00341	3
CABYFA010000002.1	33307	33567	-	AG-894-B07_00345	AG-894-B07	86	OG0001571	NA	NA	NA	NA	NA	AG-894-B07_00341	4
CABYFA010000002.1	33891	34058	+	AG-894-B07_00346	AG-894-B07	55	OG0001631	NA	NA	NA	NA	NA	AG-894-B07_00341	5
CABYGC010000004.1	54807	56201	+	AG-894-C14_01091	AG-894-C14	464	OG0000812	K01892	histidyl-tRNA synthetase [EC:6.1.1.21]	COG0124	HisS	Histidyl-tRNA synthetase	AG-894-C14_01096	-5
CABYGC010000004.1	56179	57234	+	AG-894-C14_01092	AG-894-C14	351	OG0000374	NA	NA	COG3705	HisZ	ATP phosphoribosyltransferase regulatory subunit HisZ	AG-894-C14_01096	-4
CABYGC010000004.1	57231	58079	+	AG-894-C14_01093	AG-894-C14	282	OG0000077	NA	NA	NA	NA	NA	AG-894-C14_01096	-3
CABYGC010000004.1	58069	58761	+	AG-894-C14_01094	AG-894-C14	230	OG0000403	NA	NA	COG0040	HisG	ATP phosphoribosyltransferase	AG-894-C14_01096	-2
CABYGC010000004.1	58741	58875	-	AG-894-C14_01095	AG-894-C14	44	OG0001245	NA	NA	NA	NA	NA	AG-894-C14_01096	-1
CABYGC010000004.1	58940	60037	+	AG-894-C14_01096	AG-894-C14	365	OG0001004	NA	NA	COG1322	RmuC	DNA anti-recombination protein (rearrangement mutator) RmuC	AG-894-C14_01096	0
CABYGC010000004.1	60075	60761	+	AG-894-C14_01097	AG-894-C14	228	OG0001010	NA	NA	COG1074	RecB	3'-5' helicase subunit RecB of the DNA repair enzyme RecBCD (exonuclease V)	AG-894-C14_01096	1
CABYGC010000004.1	60770	62206	+	AG-894-C14_01098	AG-894-C14	478	OG0000183	NA	NA	COG2925	SbcB	Exonuclease I (degrades ssDNA)	AG-894-C14_01096	2
CABYGC010000004.1	62241	62558	+	AG-894-C14_01099	AG-894-C14	105	OG0000169	NA	NA	COG3118	CnoX	Chaperedoxin CnoX, contains thioredoxin-like and TPR-like domains, YbbN/TrxSC family	AG-894-C14_01096	3
CABYGC010000004.1	62555	63823	-	AG-894-C14_01100	AG-894-C14	422	OG0000181	NA	NA	COG0285	FolC	Folylpolyglutamate synthase/Dihydropteroate synthase	AG-894-C14_01096	4
CABYGC010000004.1	63777	64706	-	AG-894-C14_01101	AG-894-C14	309	OG0000239	K01963	acetyl-CoA carboxylase carboxyl transferase subunit beta [EC:6.4.1.2 2.1.3.15]	COG0777	AccD	Acetyl-CoA carboxylase beta subunit	AG-894-C14_01096	5
CABYID010000001.1	225037	225189	+	AG-894-E10_00240	AG-894-E10	50	OG0002047	NA	NA	NA	NA	NA	AG-894-E10_00246	-5
CABYID010000001.1	225321	226751	+	AG-894-E10_00242	AG-894-E10	476	OG0000812	K01892	histidyl-tRNA synthetase [EC:6.1.1.21]	COG0124	HisS	Histidyl-tRNA synthetase	AG-894-E10_00246	-4
CABYID010000001.1	226729	227781	+	AG-894-E10_00243	AG-894-E10	350	OG0000374	NA	NA	COG3705	HisZ	ATP phosphoribosyltransferase regulatory subunit HisZ	AG-894-E10_00246	-3
CABYID010000001.1	227778	228623	+	AG-894-E10_00244	AG-894-E10	281	OG0000077	NA	NA	NA	NA	NA	AG-894-E10_00246	-2
CABYID010000001.1	228616	229287	+	AG-894-E10_00245	AG-894-E10	223	OG0000403	NA	NA	COG0040	HisG	ATP phosphoribosyltransferase	AG-894-E10_00246	-1
CABYID010000001.1	229329	230426	+	AG-894-E10_00246	AG-894-E10	365	OG0001004	NA	NA	COG1322	RmuC	DNA anti-recombination protein (rearrangement mutator) RmuC	AG-894-E10_00246	0
CABYID010000001.1	230450	231136	+	AG-894-E10_00247	AG-894-E10	228	OG0001010	NA	NA	NA	NA	NA	AG-894-E10_00246	1
CABYID010000001.1	231260	232693	+	AG-894-E10_00248	AG-894-E10	477	OG0000183	NA	NA	COG2925	SbcB	Exonuclease I (degrades ssDNA)	AG-894-E10_00246	2
CABYID010000001.1	232760	233080	+	AG-894-E10_00249	AG-894-E10	106	OG0000169	K03671	thioredoxin 1	COG3118	CnoX	Chaperedoxin CnoX, contains thioredoxin-like and TPR-like domains, YbbN/TrxSC family	AG-894-E10_00246	3
CABYID010000001.1	233077	234342	-	AG-894-E10_00250	AG-894-E10	421	OG0000181	NA	NA	COG0285	FolC	Folylpolyglutamate synthase/Dihydropteroate synthase	AG-894-E10_00246	4
CABYID010000001.1	234296	235228	-	AG-894-E10_00251	AG-894-E10	310	OG0000239	K01963	acetyl-CoA carboxylase carboxyl transferase subunit beta [EC:6.4.1.2 2.1.3.15]	COG0777	AccD	Acetyl-CoA carboxylase beta subunit	AG-894-E10_00246	5
CABYIW010000002.1	40015	40947	+	AG-894-F15_00398	AG-894-F15	310	OG0000239	K01963	acetyl-CoA carboxylase carboxyl transferase subunit beta [EC:6.4.1.2 2.1.3.15]	COG0777	AccD	Acetyl-CoA carboxylase beta subunit	AG-894-F15_00403	-5
CABYIW010000002.1	40901	42166	+	AG-894-F15_00399	AG-894-F15	421	OG0000181	NA	NA	COG0285	FolC	Folylpolyglutamate synthase/Dihydropteroate synthase	AG-894-F15_00403	-4
CABYIW010000002.1	42163	42483	-	AG-894-F15_00400	AG-894-F15	106	OG0000169	K03671	thioredoxin 1	COG3118	CnoX	Chaperedoxin CnoX, contains thioredoxin-like and TPR-like domains, YbbN/TrxSC family	AG-894-F15_00403	-3
CABYIW010000002.1	42550	43983	-	AG-894-F15_00401	AG-894-F15	477	OG0000183	NA	NA	COG2925	SbcB	Exonuclease I (degrades ssDNA)	AG-894-F15_00403	-2
CABYIW010000002.1	44108	44794	-	AG-894-F15_00402	AG-894-F15	228	OG0001010	NA	NA	NA	NA	NA	AG-894-F15_00403	-1
CABYIW010000002.1	44819	45913	-	AG-894-F15_00403	AG-894-F15	364	OG0001004	NA	NA	COG1322	RmuC	DNA anti-recombination protein (rearrangement mutator) RmuC	AG-894-F15_00403	0
CABYIW010000002.1	45955	46626	-	AG-894-F15_00404	AG-894-F15	223	OG0000403	NA	NA	COG0040	HisG	ATP phosphoribosyltransferase	AG-894-F15_00403	1
CABYIW010000002.1	46619	47464	-	AG-894-F15_00405	AG-894-F15	281	OG0000077	NA	NA	NA	NA	NA	AG-894-F15_00403	2
CABYIW010000002.1	47461	48513	-	AG-894-F15_00406	AG-894-F15	350	OG0000374	NA	NA	COG3705	HisZ	ATP phosphoribosyltransferase regulatory subunit HisZ	AG-894-F15_00403	3
CABYIW010000002.1	48491	49921	-	AG-894-F15_00407	AG-894-F15	476	OG0000812	K01892	histidyl-tRNA synthetase [EC:6.1.1.21]	COG0124	HisS	Histidyl-tRNA synthetase	AG-894-F15_00403	4
CABYIW010000002.1	50246	50458	-	AG-894-F15_00409	AG-894-F15	70	OG0000914	K03704	cold shock protein	COG1278	CspC	Cold shock protein, CspA family	AG-894-F15_00403	5
CABYNS010000001.1	191279	191491	+	AG-894-K14_00216	AG-894-K14	70	OG0000914	K03704	cold shock protein	COG1278	CspC	Cold shock protein, CspA family	AG-894-K14_00221	-5
CABYNS010000001.1	191588	191689	+	AG-894-K14_00217	AG-894-K14	33	OG0001648	NA	NA	NA	NA	NA	AG-894-K14_00221	-4
CABYNS010000001.1	191837	193234	+	AG-894-K14_00218	AG-894-K14	465	OG0000812	K01892	histidyl-tRNA synthetase [EC:6.1.1.21]	COG0124	HisS	Histidyl-tRNA synthetase	AG-894-K14_00221	-3
CABYNS010000001.1	193212	194270	+	AG-894-K14_00219	AG-894-K14	352	OG0000374	NA	NA	COG3705	HisZ	ATP phosphoribosyltransferase regulatory subunit HisZ	AG-894-K14_00221	-2
CABYNS010000001.1	194267	194953	+	AG-894-K14_00220	AG-894-K14	228	OG0000403	NA	NA	COG0040	HisG	ATP phosphoribosyltransferase	AG-894-K14_00221	-1
CABYNS010000001.1	195101	196192	+	AG-894-K14_00221	AG-894-K14	363	OG0001004	NA	NA	COG1322	RmuC	DNA anti-recombination protein (rearrangement mutator) RmuC	AG-894-K14_00221	0
CABYNS010000001.1	196230	196916	+	AG-894-K14_00222	AG-894-K14	228	OG0001010	NA	NA	NA	NA	NA	AG-894-K14_00221	1
CABYNS010000001.1	196923	198359	+	AG-894-K14_00223	AG-894-K14	478	OG0000183	NA	NA	COG2925	SbcB	Exonuclease I (degrades ssDNA)	AG-894-K14_00221	2
CABYNS010000001.1	198394	198711	+	AG-894-K14_00224	AG-894-K14	105	OG0000169	NA	NA	COG3118	CnoX	Chaperedoxin CnoX, contains thioredoxin-like and TPR-like domains, YbbN/TrxSC family	AG-894-K14_00221	3
CABYNS010000001.1	198708	199973	-	AG-894-K14_00225	AG-894-K14	421	OG0000181	NA	NA	COG0285	FolC	Folylpolyglutamate synthase/Dihydropteroate synthase	AG-894-K14_00221	4
CABYNS010000001.1	199927	200850	-	AG-894-K14_00226	AG-894-K14	307	OG0000239	K01963	acetyl-CoA carboxylase carboxyl transferase subunit beta [EC:6.4.1.2 2.1.3.15]	COG0777	AccD	Acetyl-CoA carboxylase beta subunit	AG-894-K14_00221	5
CABYNY010000002.1	28754	28855	+	AG-894-K15_00334	AG-894-K15	33	OG0001648	NA	NA	NA	NA	NA	AG-894-K15_00339	-5
CABYNY010000002.1	29002	30399	+	AG-894-K15_00335	AG-894-K15	465	OG0000812	K01892	histidyl-tRNA synthetase [EC:6.1.1.21]	COG0124	HisS	Histidyl-tRNA synthetase	AG-894-K15_00339	-4
CABYNY010000002.1	30377	31429	+	AG-894-K15_00336	AG-894-K15	350	OG0000374	NA	NA	COG3705	HisZ	ATP phosphoribosyltransferase regulatory subunit HisZ	AG-894-K15_00339	-3
CABYNY010000002.1	31431	32117	+	AG-894-K15_00337	AG-894-K15	228	OG0000403	NA	NA	COG0040	HisG	ATP phosphoribosyltransferase	AG-894-K15_00339	-2
CABYNY010000002.1	32103	32234	-	AG-894-K15_00338	AG-894-K15	43	OG0001245	NA	NA	NA	NA	NA	AG-894-K15_00339	-1
CABYNY010000002.1	32334	33425	+	AG-894-K15_00339	AG-894-K15	363	OG0001004	NA	NA	COG1322	RmuC	DNA anti-recombination protein (rearrangement mutator) RmuC	AG-894-K15_00339	0
CABYNY010000002.1	33463	34149	+	AG-894-K15_00340	AG-894-K15	228	OG0001010	NA	NA	COG1074	RecB	3'-5' helicase subunit RecB of the DNA repair enzyme RecBCD (exonuclease V)	AG-894-K15_00339	1
CABYNY010000002.1	34158	35594	+	AG-894-K15_00341	AG-894-K15	478	OG0000183	NA	NA	COG2925	SbcB	Exonuclease I (degrades ssDNA)	AG-894-K15_00339	2
CABYNY010000002.1	35629	35946	+	AG-894-K15_00342	AG-894-K15	105	OG0000169	NA	NA	COG3118	CnoX	Chaperedoxin CnoX, contains thioredoxin-like and TPR-like domains, YbbN/TrxSC family	AG-894-K15_00339	3
CABYNY010000002.1	35943	37208	-	AG-894-K15_00343	AG-894-K15	421	OG0000181	NA	NA	COG0285	FolC	Folylpolyglutamate synthase/Dihydropteroate synthase	AG-894-K15_00339	4
CABYNY010000002.1	37162	38097	-	AG-894-K15_00344	AG-894-K15	311	OG0000239	K01963	acetyl-CoA carboxylase carboxyl transferase subunit beta [EC:6.4.1.2 2.1.3.15]	COG0777	AccD	Acetyl-CoA carboxylase beta subunit	AG-894-K15_00339	5
CABYOW010000002.1	23746	24681	+	AG-894-L13_00796	AG-894-L13	311	OG0000239	K01963	acetyl-CoA carboxylase carboxyl transferase subunit beta [EC:6.4.1.2 2.1.3.15]	COG0777	AccD	Acetyl-CoA carboxylase beta subunit	AG-894-L13_00801	-5
CABYOW010000002.1	24635	25903	+	AG-894-L13_00797	AG-894-L13	422	OG0000181	NA	NA	COG0285	FolC	Folylpolyglutamate synthase/Dihydropteroate synthase	AG-894-L13_00801	-4
CABYOW010000002.1	25900	26217	-	AG-894-L13_00798	AG-894-L13	105	OG0000169	NA	NA	COG3118	CnoX	Chaperedoxin CnoX, contains thioredoxin-like and TPR-like domains, YbbN/TrxSC family	AG-894-L13_00801	-3
CABYOW010000002.1	26252	27688	-	AG-894-L13_00799	AG-894-L13	478	OG0000183	NA	NA	COG2925	SbcB	Exonuclease I (degrades ssDNA)	AG-894-L13_00801	-2
CABYOW010000002.1	27691	28383	-	AG-894-L13_00800	AG-894-L13	230	OG0001010	NA	NA	NA	NA	NA	AG-894-L13_00801	-1
CABYOW010000002.1	28421	29512	-	AG-894-L13_00801	AG-894-L13	363	OG0001004	NA	NA	COG1322	RmuC	DNA anti-recombination protein (rearrangement mutator) RmuC	AG-894-L13_00801	0
CABYOW010000002.1	29543	29674	+	AG-894-L13_00802	AG-894-L13	43	OG0001245	NA	NA	NA	NA	NA	AG-894-L13_00801	1
CABYOW010000002.1	29660	30349	-	AG-894-L13_00803	AG-894-L13	229	OG0000403	NA	NA	COG0040	HisG	ATP phosphoribosyltransferase	AG-894-L13_00801	2
CABYOW010000002.1	30346	31401	-	AG-894-L13_00804	AG-894-L13	351	OG0000374	NA	NA	COG3705	HisZ	ATP phosphoribosyltransferase regulatory subunit HisZ	AG-894-L13_00801	3
CABYOW010000002.1	31379	32776	-	AG-894-L13_00805	AG-894-L13	465	OG0000812	K01892	histidyl-tRNA synthetase [EC:6.1.1.21]	COG0124	HisS	Histidyl-tRNA synthetase	AG-894-L13_00801	4
CABYOW010000002.1	33125	33337	-	AG-894-L13_00807	AG-894-L13	70	OG0000914	K03704	cold shock protein	COG1278	CspC	Cold shock protein, CspA family	AG-894-L13_00801	5
CABYOT010000004.1	80876	82141	+	AG-894-L17_00669	AG-894-L17	421	OG0000814	NA	NA	COG0141	HisD	Histidinol dehydrogenase	AG-894-L17_00676	-5
CABYOT010000004.1	82563	82775	+	AG-894-L17_00671	AG-894-L17	70	OG0000914	K03704	cold shock protein	COG1278	CspC	Cold shock protein, CspA family	AG-894-L17_00676	-4
CABYOT010000004.1	83086	84480	+	AG-894-L17_00673	AG-894-L17	464	OG0000812	K01892	histidyl-tRNA synthetase [EC:6.1.1.21]	COG0124	HisS	Histidyl-tRNA synthetase	AG-894-L17_00676	-3
CABYOT010000004.1	84458	85507	+	AG-894-L17_00674	AG-894-L17	349	OG0000374	NA	NA	COG3705	HisZ	ATP phosphoribosyltransferase regulatory subunit HisZ	AG-894-L17_00676	-2
CABYOT010000004.1	85500	86177	+	AG-894-L17_00675	AG-894-L17	225	OG0000403	NA	NA	COG0040	HisG	ATP phosphoribosyltransferase	AG-894-L17_00676	-1
CABYOT010000004.1	86233	87297	+	AG-894-L17_00676	AG-894-L17	354	OG0001004	NA	NA	COG1322	RmuC	DNA anti-recombination protein (rearrangement mutator) RmuC	AG-894-L17_00676	0
CABYOT010000004.1	87334	88020	+	AG-894-L17_00677	AG-894-L17	228	OG0001010	NA	NA	NA	NA	NA	AG-894-L17_00676	1
CABYOT010000004.1	88144	89577	+	AG-894-L17_00678	AG-894-L17	477	OG0000183	NA	NA	COG2925	SbcB	Exonuclease I (degrades ssDNA)	AG-894-L17_00676	2
CABYOT010000004.1	89644	89961	+	AG-894-L17_00679	AG-894-L17	105	OG0000169	K03671	thioredoxin 1	COG3118	CnoX	Chaperedoxin CnoX, contains thioredoxin-like and TPR-like domains, YbbN/TrxSC family	AG-894-L17_00676	3
CABYOT010000004.1	89958	91223	-	AG-894-L17_00680	AG-894-L17	421	OG0000181	NA	NA	COG0285	FolC	Folylpolyglutamate synthase/Dihydropteroate synthase	AG-894-L17_00676	4
CABYOT010000004.1	91180	92115	-	AG-894-L17_00681	AG-894-L17	311	OG0000239	NA	NA	COG0777	AccD	Acetyl-CoA carboxylase beta subunit	AG-894-L17_00676	5
CABYPJ010000005.1	43931	44083	+	AG-894-L19_00595	AG-894-L19	50	OG0002047	NA	NA	NA	NA	NA	AG-894-L19_00601	-5
CABYPJ010000005.1	44215	45645	+	AG-894-L19_00597	AG-894-L19	476	OG0000812	K01892	histidyl-tRNA synthetase [EC:6.1.1.21]	COG0124	HisS	Histidyl-tRNA synthetase	AG-894-L19_00601	-4
CABYPJ010000005.1	45623	46675	+	AG-894-L19_00598	AG-894-L19	350	OG0000374	NA	NA	COG3705	HisZ	ATP phosphoribosyltransferase regulatory subunit HisZ	AG-894-L19_00601	-3
CABYPJ010000005.1	46672	47517	+	AG-894-L19_00599	AG-894-L19	281	OG0000077	NA	NA	NA	NA	NA	AG-894-L19_00601	-2
CABYPJ010000005.1	47510	48181	+	AG-894-L19_00600	AG-894-L19	223	OG0000403	NA	NA	COG0040	HisG	ATP phosphoribosyltransferase	AG-894-L19_00601	-1
CABYPJ010000005.1	48223	49317	+	AG-894-L19_00601	AG-894-L19	364	OG0001004	NA	NA	COG1322	RmuC	DNA anti-recombination protein (rearrangement mutator) RmuC	AG-894-L19_00601	0
CABYPJ010000005.1	49342	50028	+	AG-894-L19_00602	AG-894-L19	228	OG0001010	NA	NA	NA	NA	NA	AG-894-L19_00601	1
CABYPJ010000005.1	50153	51586	+	AG-894-L19_00603	AG-894-L19	477	OG0000183	NA	NA	COG2925	SbcB	Exonuclease I (degrades ssDNA)	AG-894-L19_00601	2
CABYPJ010000005.1	51653	51973	+	AG-894-L19_00604	AG-894-L19	106	OG0000169	K03671	thioredoxin 1	COG3118	CnoX	Chaperedoxin CnoX, contains thioredoxin-like and TPR-like domains, YbbN/TrxSC family	AG-894-L19_00601	3
CABYPJ010000005.1	51970	53235	-	AG-894-L19_00605	AG-894-L19	421	OG0000181	NA	NA	COG0285	FolC	Folylpolyglutamate synthase/Dihydropteroate synthase	AG-894-L19_00601	4
CABYPJ010000005.1	53189	54121	-	AG-894-L19_00606	AG-894-L19	310	OG0000239	K01963	acetyl-CoA carboxylase carboxyl transferase subunit beta [EC:6.4.1.2 2.1.3.15]	COG0777	AccD	Acetyl-CoA carboxylase beta subunit	AG-894-L19_00601	5
CABYSJ010000015.1	20237	21166	+	AG-894-O09_01156	AG-894-O09	309	OG0000239	K01963	acetyl-CoA carboxylase carboxyl transferase subunit beta [EC:6.4.1.2 2.1.3.15]	COG0777	AccD	Acetyl-CoA carboxylase beta subunit	AG-894-O09_01161	-5
CABYSJ010000015.1	21120	22388	+	AG-894-O09_01157	AG-894-O09	422	OG0000181	NA	NA	COG0285	FolC	Folylpolyglutamate synthase/Dihydropteroate synthase	AG-894-O09_01161	-4
CABYSJ010000015.1	22385	22702	-	AG-894-O09_01158	AG-894-O09	105	OG0000169	NA	NA	COG3118	CnoX	Chaperedoxin CnoX, contains thioredoxin-like and TPR-like domains, YbbN/TrxSC family	AG-894-O09_01161	-3
CABYSJ010000015.1	22737	24173	-	AG-894-O09_01159	AG-894-O09	478	OG0000183	NA	NA	COG2925	SbcB	Exonuclease I (degrades ssDNA)	AG-894-O09_01161	-2
CABYSJ010000015.1	24180	24866	-	AG-894-O09_01160	AG-894-O09	228	OG0001010	NA	NA	COG1074	RecB	3'-5' helicase subunit RecB of the DNA repair enzyme RecBCD (exonuclease V)	AG-894-O09_01161	-1
CABYSJ010000015.1	24904	25809	-	AG-894-O09_01161	AG-894-O09	301	OG0001004	NA	NA	COG1322	RmuC	DNA anti-recombination protein (rearrangement mutator) RmuC	AG-894-O09_01161	0
CABYUV010000011.1	11206	11418	+	AG-894-P23_00933	AG-894-P23	70	OG0000914	K03704	cold shock protein	COG1278	CspC	Cold shock protein, CspA family	AG-894-P23_00939	-5
CABYUV010000011.1	11729	13123	+	AG-894-P23_00935	AG-894-P23	464	OG0000812	K01892	histidyl-tRNA synthetase [EC:6.1.1.21]	COG0124	HisS	Histidyl-tRNA synthetase	AG-894-P23_00939	-4
CABYUV010000011.1	13101	14153	+	AG-894-P23_00936	AG-894-P23	350	OG0000374	NA	NA	COG3705	HisZ	ATP phosphoribosyltransferase regulatory subunit HisZ	AG-894-P23_00939	-3
CABYUV010000011.1	14153	14845	+	AG-894-P23_00937	AG-894-P23	230	OG0000403	NA	NA	COG0040	HisG	ATP phosphoribosyltransferase	AG-894-P23_00939	-2
CABYUV010000011.1	14828	14959	-	AG-894-P23_00938	AG-894-P23	43	OG0001245	NA	NA	NA	NA	NA	AG-894-P23_00939	-1
CABYUV010000011.1	15024	16121	+	AG-894-P23_00939	AG-894-P23	365	OG0001004	NA	NA	COG1322	RmuC	DNA anti-recombination protein (rearrangement mutator) RmuC	AG-894-P23_00939	0
CABYUV010000011.1	16159	16845	+	AG-894-P23_00940	AG-894-P23	228	OG0001010	NA	NA	NA	NA	NA	AG-894-P23_00939	1
CABYUV010000011.1	16852	18288	+	AG-894-P23_00941	AG-894-P23	478	OG0000183	NA	NA	COG2925	SbcB	Exonuclease I (degrades ssDNA)	AG-894-P23_00939	2
CABYUV010000011.1	18323	18640	+	AG-894-P23_00942	AG-894-P23	105	OG0000169	NA	NA	COG3118	CnoX	Chaperedoxin CnoX, contains thioredoxin-like and TPR-like domains, YbbN/TrxSC family	AG-894-P23_00939	3
CABYUV010000011.1	18637	19905	-	AG-894-P23_00943	AG-894-P23	422	OG0000181	NA	NA	COG0285	FolC	Folylpolyglutamate synthase/Dihydropteroate synthase	AG-894-P23_00939	4
CABYUV010000011.1	19859	20788	-	AG-894-P23_00944	AG-894-P23	309	OG0000239	K01963	acetyl-CoA carboxylase carboxyl transferase subunit beta [EC:6.4.1.2 2.1.3.15]	COG0777	AccD	Acetyl-CoA carboxylase beta subunit	AG-894-P23_00939	5
CABYZT010000001.1	226233	226445	+	AG-895-F17_00245	AG-895-F17	70	OG0000914	K03704	cold shock protein	COG1278	CspC	Cold shock protein, CspA family	AG-895-F17_00251	-5
CABYZT010000001.1	226756	228150	+	AG-895-F17_00247	AG-895-F17	464	OG0000812	K01892	histidyl-tRNA synthetase [EC:6.1.1.21]	COG0124	HisS	Histidyl-tRNA synthetase	AG-895-F17_00251	-4
CABYZT010000001.1	228128	229180	+	AG-895-F17_00248	AG-895-F17	350	OG0000374	NA	NA	COG3705	HisZ	ATP phosphoribosyltransferase regulatory subunit HisZ	AG-895-F17_00251	-3
CABYZT010000001.1	229180	229872	+	AG-895-F17_00249	AG-895-F17	230	OG0000403	NA	NA	COG0040	HisG	ATP phosphoribosyltransferase	AG-895-F17_00251	-2
CABYZT010000001.1	229855	229986	-	AG-895-F17_00250	AG-895-F17	43	OG0001245	NA	NA	NA	NA	NA	AG-895-F17_00251	-1
CABYZT010000001.1	230052	231149	+	AG-895-F17_00251	AG-895-F17	365	OG0001004	NA	NA	COG1322	RmuC	DNA anti-recombination protein (rearrangement mutator) RmuC	AG-895-F17_00251	0
CABYZT010000001.1	231187	231873	+	AG-895-F17_00252	AG-895-F17	228	OG0001010	NA	NA	NA	NA	NA	AG-895-F17_00251	1
CABYZT010000001.1	231880	233316	+	AG-895-F17_00253	AG-895-F17	478	OG0000183	NA	NA	COG2925	SbcB	Exonuclease I (degrades ssDNA)	AG-895-F17_00251	2
CABYZT010000001.1	233351	233668	+	AG-895-F17_00254	AG-895-F17	105	OG0000169	NA	NA	COG3118	CnoX	Chaperedoxin CnoX, contains thioredoxin-like and TPR-like domains, YbbN/TrxSC family	AG-895-F17_00251	3
CABYZT010000001.1	233665	234933	-	AG-895-F17_00255	AG-895-F17	422	OG0000181	NA	NA	COG0285	FolC	Folylpolyglutamate synthase/Dihydropteroate synthase	AG-895-F17_00251	4
CABYZT010000001.1	234887	235816	-	AG-895-F17_00256	AG-895-F17	309	OG0000239	K01963	acetyl-CoA carboxylase carboxyl transferase subunit beta [EC:6.4.1.2 2.1.3.15]	COG0777	AccD	Acetyl-CoA carboxylase beta subunit	AG-895-F17_00251	5
CABZAK010000007.1	300	587	+	AG-895-G15_00932	AG-895-G15	95	OG0000403	NA	NA	COG0040	HisG	ATP phosphoribosyltransferase	AG-895-G15_00933	-1
CABZAK010000007.1	611	1666	+	AG-895-G15_00933	AG-895-G15	351	OG0001004	NA	NA	COG1322	RmuC	DNA anti-recombination protein (rearrangement mutator) RmuC	AG-895-G15_00933	0
CABZAK010000007.1	1703	2389	+	AG-895-G15_00934	AG-895-G15	228	OG0001010	NA	NA	NA	NA	NA	AG-895-G15_00933	1
CABZAK010000007.1	2513	3943	+	AG-895-G15_00935	AG-895-G15	476	OG0000183	NA	NA	COG2925	SbcB	Exonuclease I (degrades ssDNA)	AG-895-G15_00933	2
CABZAK010000007.1	4010	4330	+	AG-895-G15_00936	AG-895-G15	106	OG0000169	K03671	thioredoxin 1	COG3118	CnoX	Chaperedoxin CnoX, contains thioredoxin-like and TPR-like domains, YbbN/TrxSC family	AG-895-G15_00933	3
CABZAK010000007.1	4327	5592	-	AG-895-G15_00937	AG-895-G15	421	OG0000181	NA	NA	COG0285	FolC	Folylpolyglutamate synthase/Dihydropteroate synthase	AG-895-G15_00933	4
CABZAK010000007.1	5549	6478	-	AG-895-G15_00938	AG-895-G15	309	OG0000239	K01963	acetyl-CoA carboxylase carboxyl transferase subunit beta [EC:6.4.1.2 2.1.3.15]	COG0777	AccD	Acetyl-CoA carboxylase beta subunit	AG-895-G15_00933	5
CABZCX010000001.1	41185	42120	+	AG-895-J19_00041	AG-895-J19	311	OG0000239	K01963	acetyl-CoA carboxylase carboxyl transferase subunit beta [EC:6.4.1.2 2.1.3.15]	COG0777	AccD	Acetyl-CoA carboxylase beta subunit	AG-895-J19_00046	-5
CABZCX010000001.1	42074	43342	+	AG-895-J19_00042	AG-895-J19	422	OG0000181	NA	NA	COG0285	FolC	Folylpolyglutamate synthase/Dihydropteroate synthase	AG-895-J19_00046	-4
CABZCX010000001.1	43339	43662	-	AG-895-J19_00043	AG-895-J19	107	OG0000169	NA	NA	COG3118	CnoX	Chaperedoxin CnoX, contains thioredoxin-like and TPR-like domains, YbbN/TrxSC family	AG-895-J19_00046	-3
CABZCX010000001.1	43697	45133	-	AG-895-J19_00044	AG-895-J19	478	OG0000183	NA	NA	COG2925	SbcB	Exonuclease I (degrades ssDNA)	AG-895-J19_00046	-2
CABZCX010000001.1	45137	45826	-	AG-895-J19_00045	AG-895-J19	229	OG0001010	NA	NA	NA	NA	NA	AG-895-J19_00046	-1
CABZCX010000001.1	45864	46961	-	AG-895-J19_00046	AG-895-J19	365	OG0001004	NA	NA	COG1322	RmuC	DNA anti-recombination protein (rearrangement mutator) RmuC	AG-895-J19_00046	0
CABZCX010000001.1	47004	47213	-	AG-895-J19_00047	AG-895-J19	69	OG0003002	NA	NA	NA	NA	NA	AG-895-J19_00046	1
CABZCX010000001.1	47213	47461	-	AG-895-J19_00048	AG-895-J19	82	OG0002883	NA	NA	NA	NA	NA	AG-895-J19_00046	2
CABZCX010000001.1	47496	47879	-	AG-895-J19_00049	AG-895-J19	127	OG0002573	K07458	DNA mismatch endonuclease, patch repair protein [EC:3.1.-.-]	COG3727	Vsr	G:T-mismatch repair DNA endonuclease Vsr, very short patch repair protein	AG-895-J19_00046	3
CABZCX010000001.1	47861	48571	-	AG-895-J19_00050	AG-895-J19	236	OG0002797	NA	NA	NA	NA	NA	AG-895-J19_00046	4
CABZCX010000001.1	48571	49470	-	AG-895-J19_00051	AG-895-J19	299	OG0003950	NA	NA	NA	NA	NA	AG-895-J19_00046	5
CABZDR010000001.1	436558	436659	+	AG-895-K10_00466	AG-895-K10	33	OG0001648	NA	NA	NA	NA	NA	AG-895-K10_00471	-5
CABZDR010000001.1	436807	438204	+	AG-895-K10_00467	AG-895-K10	465	OG0000812	K01892	histidyl-tRNA synthetase [EC:6.1.1.21]	COG0124	HisS	Histidyl-tRNA synthetase	AG-895-K10_00471	-4
CABZDR010000001.1	438182	439240	+	AG-895-K10_00468	AG-895-K10	352	OG0000374	NA	NA	COG3705	HisZ	ATP phosphoribosyltransferase regulatory subunit HisZ	AG-895-K10_00471	-3
CABZDR010000001.1	439237	439923	+	AG-895-K10_00469	AG-895-K10	228	OG0000403	NA	NA	COG0040	HisG	ATP phosphoribosyltransferase	AG-895-K10_00471	-2
CABZDR010000001.1	439909	440040	-	AG-895-K10_00470	AG-895-K10	43	OG0001245	NA	NA	NA	NA	NA	AG-895-K10_00471	-1
CABZDR010000001.1	440071	441162	+	AG-895-K10_00471	AG-895-K10	363	OG0001004	NA	NA	COG1322	RmuC	DNA anti-recombination protein (rearrangement mutator) RmuC	AG-895-K10_00471	0
CABZDR010000001.1	441200	441889	+	AG-895-K10_00472	AG-895-K10	229	OG0001010	NA	NA	NA	NA	NA	AG-895-K10_00471	1
CABZDR010000001.1	441894	443330	+	AG-895-K10_00473	AG-895-K10	478	OG0000183	NA	NA	COG2925	SbcB	Exonuclease I (degrades ssDNA)	AG-895-K10_00471	2
CABZDR010000001.1	443365	443682	+	AG-895-K10_00474	AG-895-K10	105	OG0000169	NA	NA	COG3118	CnoX	Chaperedoxin CnoX, contains thioredoxin-like and TPR-like domains, YbbN/TrxSC family	AG-895-K10_00471	3
CABZDR010000001.1	443679	444944	-	AG-895-K10_00475	AG-895-K10	421	OG0000181	NA	NA	COG0285	FolC	Folylpolyglutamate synthase/Dihydropteroate synthase	AG-895-K10_00471	4
CABZDR010000001.1	444898	445827	-	AG-895-K10_00476	AG-895-K10	309	OG0000239	K01963	acetyl-CoA carboxylase carboxyl transferase subunit beta [EC:6.4.1.2 2.1.3.15]	COG0777	AccD	Acetyl-CoA carboxylase beta subunit	AG-895-K10_00471	5
CABZOF010000001.1	329382	330311	+	AG-896-F06_00331	AG-896-F06	309	OG0000239	K01963	acetyl-CoA carboxylase carboxyl transferase subunit beta [EC:6.4.1.2 2.1.3.15]	COG0777	AccD	Acetyl-CoA carboxylase beta subunit	AG-896-F06_00336	-5
CABZOF010000001.1	330268	331533	+	AG-896-F06_00332	AG-896-F06	421	OG0000181	NA	NA	COG0285	FolC	Folylpolyglutamate synthase/Dihydropteroate synthase	AG-896-F06_00336	-4
CABZOF010000001.1	331530	331847	-	AG-896-F06_00333	AG-896-F06	105	OG0000169	K03671	thioredoxin 1	COG3118	CnoX	Chaperedoxin CnoX, contains thioredoxin-like and TPR-like domains, YbbN/TrxSC family	AG-896-F06_00336	-3
CABZOF010000001.1	331914	333347	-	AG-896-F06_00334	AG-896-F06	477	OG0000183	NA	NA	COG2925	SbcB	Exonuclease I (degrades ssDNA)	AG-896-F06_00336	-2
CABZOF010000001.1	333472	334176	-	AG-896-F06_00335	AG-896-F06	234	OG0001010	NA	NA	NA	NA	NA	AG-896-F06_00336	-1
CABZOF010000001.1	334194	335249	-	AG-896-F06_00336	AG-896-F06	351	OG0001004	NA	NA	COG1322	RmuC	DNA anti-recombination protein (rearrangement mutator) RmuC	AG-896-F06_00336	0
CABZOF010000001.1	335282	335497	-	AG-896-F06_00337	AG-896-F06	71	OG0002666	NA	NA	NA	NA	NA	AG-896-F06_00336	1
CABZOF010000001.1	335481	335669	-	AG-896-F06_00338	AG-896-F06	62	NA	NA	NA	NA	NA	NA	AG-896-F06_00336	2
CABZOF010000001.1	335666	335941	-	AG-896-F06_00339	AG-896-F06	91	OG0001570	NA	NA	NA	NA	NA	AG-896-F06_00336	3
CABZOF010000001.1	335938	336096	-	AG-896-F06_00340	AG-896-F06	52	OG0001693	NA	NA	NA	NA	NA	AG-896-F06_00336	4
CABZOF010000001.1	336367	336567	-	AG-896-F06_00342	AG-896-F06	66	OG0003098	NA	NA	NA	NA	NA	AG-896-F06_00336	5
CABZPQ010000001.1	145615	145827	+	AG-896-G07_00154	AG-896-G07	70	OG0000914	K03704	cold shock protein	COG1278	CspC	Cold shock protein, CspA family	AG-896-G07_00160	-5
CABZPQ010000001.1	146152	147582	+	AG-896-G07_00156	AG-896-G07	476	OG0000812	K01892	histidyl-tRNA synthetase [EC:6.1.1.21]	COG0124	HisS	Histidyl-tRNA synthetase	AG-896-G07_00160	-4
CABZPQ010000001.1	147560	148612	+	AG-896-G07_00157	AG-896-G07	350	OG0000374	NA	NA	COG3705	HisZ	ATP phosphoribosyltransferase regulatory subunit HisZ	AG-896-G07_00160	-3
CABZPQ010000001.1	148609	149454	+	AG-896-G07_00158	AG-896-G07	281	OG0000077	NA	NA	NA	NA	NA	AG-896-G07_00160	-2
CABZPQ010000001.1	149447	150118	+	AG-896-G07_00159	AG-896-G07	223	OG0000403	NA	NA	COG0040	HisG	ATP phosphoribosyltransferase	AG-896-G07_00160	-1
CABZPQ010000001.1	150160	151254	+	AG-896-G07_00160	AG-896-G07	364	OG0001004	NA	NA	COG1322	RmuC	DNA anti-recombination protein (rearrangement mutator) RmuC	AG-896-G07_00160	0
CABZPQ010000001.1	151279	151965	+	AG-896-G07_00161	AG-896-G07	228	OG0001010	NA	NA	NA	NA	NA	AG-896-G07_00160	1
CABZPQ010000001.1	152090	153523	+	AG-896-G07_00162	AG-896-G07	477	OG0000183	NA	NA	COG2925	SbcB	Exonuclease I (degrades ssDNA)	AG-896-G07_00160	2
CABZPQ010000001.1	153590	153910	+	AG-896-G07_00163	AG-896-G07	106	OG0000169	K03671	thioredoxin 1	COG3118	CnoX	Chaperedoxin CnoX, contains thioredoxin-like and TPR-like domains, YbbN/TrxSC family	AG-896-G07_00160	3
CABZPQ010000001.1	153907	155172	-	AG-896-G07_00164	AG-896-G07	421	OG0000181	NA	NA	COG0285	FolC	Folylpolyglutamate synthase/Dihydropteroate synthase	AG-896-G07_00160	4
CABZPQ010000001.1	155126	156058	-	AG-896-G07_00165	AG-896-G07	310	OG0000239	K01963	acetyl-CoA carboxylase carboxyl transferase subunit beta [EC:6.4.1.2 2.1.3.15]	COG0777	AccD	Acetyl-CoA carboxylase beta subunit	AG-896-G07_00160	5
CABZTB010000001.1	484895	486289	+	AG-896-K10_00521	AG-896-K10	464	OG0000812	K01892	histidyl-tRNA synthetase [EC:6.1.1.21]	COG0124	HisS	Histidyl-tRNA synthetase	AG-896-K10_00526	-5
CABZTB010000001.1	486267	487319	+	AG-896-K10_00522	AG-896-K10	350	OG0000374	NA	NA	COG3705	HisZ	ATP phosphoribosyltransferase regulatory subunit HisZ	AG-896-K10_00526	-4
CABZTB010000001.1	487320	488165	+	AG-896-K10_00523	AG-896-K10	281	OG0000077	NA	NA	NA	NA	NA	AG-896-K10_00526	-3
CABZTB010000001.1	488158	488844	+	AG-896-K10_00524	AG-896-K10	228	OG0000403	NA	NA	COG0040	HisG	ATP phosphoribosyltransferase	AG-896-K10_00526	-2
CABZTB010000001.1	488830	488961	-	AG-896-K10_00525	AG-896-K10	43	OG0001245	NA	NA	NA	NA	NA	AG-896-K10_00526	-1
CABZTB010000001.1	489061	490158	+	AG-896-K10_00526	AG-896-K10	365	OG0001004	NA	NA	COG1322	RmuC	DNA anti-recombination protein (rearrangement mutator) RmuC	AG-896-K10_00526	0
CABZTB010000001.1	490196	490882	+	AG-896-K10_00527	AG-896-K10	228	OG0001010	NA	NA	NA	NA	NA	AG-896-K10_00526	1
CABZTB010000001.1	490891	492327	+	AG-896-K10_00528	AG-896-K10	478	OG0000183	NA	NA	COG2925	SbcB	Exonuclease I (degrades ssDNA)	AG-896-K10_00526	2
CABZTB010000001.1	492362	492679	+	AG-896-K10_00529	AG-896-K10	105	OG0000169	NA	NA	COG3118	CnoX	Chaperedoxin CnoX, contains thioredoxin-like and TPR-like domains, YbbN/TrxSC family	AG-896-K10_00526	3
CABZTB010000001.1	492676	493941	-	AG-896-K10_00530	AG-896-K10	421	OG0000181	NA	NA	COG0285	FolC	Folylpolyglutamate synthase/Dihydropteroate synthase	AG-896-K10_00526	4
CABZTB010000001.1	493898	494824	-	AG-896-K10_00531	AG-896-K10	308	OG0000239	K01963	acetyl-CoA carboxylase carboxyl transferase subunit beta [EC:6.4.1.2 2.1.3.15]	COG0777	AccD	Acetyl-CoA carboxylase beta subunit	AG-896-K10_00526	5
CABZUL010000003.1	99877	99978	+	AG-896-L20_00584	AG-896-L20	33	OG0001648	NA	NA	NA	NA	NA	AG-896-L20_00589	-5
CABZUL010000003.1	100126	101523	+	AG-896-L20_00585	AG-896-L20	465	OG0000812	K01892	histidyl-tRNA synthetase [EC:6.1.1.21]	COG0124	HisS	Histidyl-tRNA synthetase	AG-896-L20_00589	-4
CABZUL010000003.1	101501	102559	+	AG-896-L20_00586	AG-896-L20	352	OG0000374	NA	NA	COG3705	HisZ	ATP phosphoribosyltransferase regulatory subunit HisZ	AG-896-L20_00589	-3
CABZUL010000003.1	102556	103242	+	AG-896-L20_00587	AG-896-L20	228	OG0000403	NA	NA	COG0040	HisG	ATP phosphoribosyltransferase	AG-896-L20_00589	-2
CABZUL010000003.1	103228	103359	-	AG-896-L20_00588	AG-896-L20	43	OG0001245	NA	NA	NA	NA	NA	AG-896-L20_00589	-1
CABZUL010000003.1	103390	104481	+	AG-896-L20_00589	AG-896-L20	363	OG0001004	NA	NA	COG1322	RmuC	DNA anti-recombination protein (rearrangement mutator) RmuC	AG-896-L20_00589	0
CABZUL010000003.1	104519	105199	+	AG-896-L20_00590	AG-896-L20	226	OG0001010	NA	NA	COG1074	RecB	3'-5' helicase subunit RecB of the DNA repair enzyme RecBCD (exonuclease V)	AG-896-L20_00589	1
CABZUL010000003.1	105212	106648	+	AG-896-L20_00591	AG-896-L20	478	OG0000183	NA	NA	COG2925	SbcB	Exonuclease I (degrades ssDNA)	AG-896-L20_00589	2
CABZUL010000003.1	106683	107000	+	AG-896-L20_00592	AG-896-L20	105	OG0000169	NA	NA	COG3118	CnoX	Chaperedoxin CnoX, contains thioredoxin-like and TPR-like domains, YbbN/TrxSC family	AG-896-L20_00589	3
CABZUL010000003.1	106997	108262	-	AG-896-L20_00593	AG-896-L20	421	OG0000181	NA	NA	COG0285	FolC	Folylpolyglutamate synthase/Dihydropteroate synthase	AG-896-L20_00589	4
CABZUL010000003.1	108216	109148	-	AG-896-L20_00594	AG-896-L20	310	OG0000239	K01963	acetyl-CoA carboxylase carboxyl transferase subunit beta [EC:6.4.1.2 2.1.3.15]	COG0777	AccD	Acetyl-CoA carboxylase beta subunit	AG-896-L20_00589	5
CABZXO010000003.1	87372	88301	+	AG-896-O18_00487	AG-896-O18	309	OG0000239	K01963	acetyl-CoA carboxylase carboxyl transferase subunit beta [EC:6.4.1.2 2.1.3.15]	COG0777	AccD	Acetyl-CoA carboxylase beta subunit	AG-896-O18_00492	-5
CABZXO010000003.1	88255	89523	+	AG-896-O18_00488	AG-896-O18	422	OG0000181	NA	NA	COG0285	FolC	Folylpolyglutamate synthase/Dihydropteroate synthase	AG-896-O18_00492	-4
CABZXO010000003.1	89520	89837	-	AG-896-O18_00489	AG-896-O18	105	OG0000169	NA	NA	COG3118	CnoX	Chaperedoxin CnoX, contains thioredoxin-like and TPR-like domains, YbbN/TrxSC family	AG-896-O18_00492	-3
CABZXO010000003.1	89872	91308	-	AG-896-O18_00490	AG-896-O18	478	OG0000183	NA	NA	COG2925	SbcB	Exonuclease I (degrades ssDNA)	AG-896-O18_00492	-2
CABZXO010000003.1	91315	92001	-	AG-896-O18_00491	AG-896-O18	228	OG0001010	NA	NA	NA	NA	NA	AG-896-O18_00492	-1
CABZXO010000003.1	92039	93130	-	AG-896-O18_00492	AG-896-O18	363	OG0001004	NA	NA	COG1322	RmuC	DNA anti-recombination protein (rearrangement mutator) RmuC	AG-896-O18_00492	0
CABZXO010000003.1	93163	93375	-	AG-896-O18_00493	AG-896-O18	70	OG0002666	NA	NA	NA	NA	NA	AG-896-O18_00492	1
CABZXO010000003.1	93356	93649	-	AG-896-O18_00494	AG-896-O18	97	OG0001570	NA	NA	NA	NA	NA	AG-896-O18_00492	2
CABZXO010000003.1	94090	94290	-	AG-896-O18_00496	AG-896-O18	66	OG0003098	NA	NA	NA	NA	NA	AG-896-O18_00492	3
CABZXO010000003.1	94494	95060	+	AG-896-O18_00497	AG-896-O18	188	OG0002507	NA	NA	NA	NA	NA	AG-896-O18_00492	4
CABZXO010000003.1	95252	96004	+	AG-896-O18_00498	AG-896-O18	250	OG0002890	NA	NA	NA	NA	NA	AG-896-O18_00492	5
CACADE010000012.1	5299	5511	+	AG-897-G09_01285	AG-897-G09	70	OG0000914	K03704	cold shock protein	COG1278	CspC	Cold shock protein, CspA family	AG-897-G09_01291	-5
CACADE010000012.1	5553	5705	+	AG-897-G09_01286	AG-897-G09	50	OG0002047	NA	NA	NA	NA	NA	AG-897-G09_01291	-4
CACADE010000012.1	5837	7267	+	AG-897-G09_01288	AG-897-G09	476	OG0000812	K01892	histidyl-tRNA synthetase [EC:6.1.1.21]	COG0124	HisS	Histidyl-tRNA synthetase	AG-897-G09_01291	-3
CACADE010000012.1	7245	8297	+	AG-897-G09_01289	AG-897-G09	350	OG0000374	NA	NA	COG3705	HisZ	ATP phosphoribosyltransferase regulatory subunit HisZ	AG-897-G09_01291	-2
CACADE010000012.1	8294	8977	+	AG-897-G09_01290	AG-897-G09	227	OG0000403	NA	NA	COG0040	HisG	ATP phosphoribosyltransferase	AG-897-G09_01291	-1
CACADE010000012.1	9008	10105	+	AG-897-G09_01291	AG-897-G09	365	OG0001004	NA	NA	COG1322	RmuC	DNA anti-recombination protein (rearrangement mutator) RmuC	AG-897-G09_01291	0
CACADE010000012.1	10130	10816	+	AG-897-G09_01292	AG-897-G09	228	OG0001010	NA	NA	COG2887	Slr0479	RecB family exonuclease	AG-897-G09_01291	1
CACADE010000012.1	10939	12372	+	AG-897-G09_01293	AG-897-G09	477	OG0000183	NA	NA	COG2925	SbcB	Exonuclease I (degrades ssDNA)	AG-897-G09_01291	2
CACADE010000012.1	12439	12759	+	AG-897-G09_01294	AG-897-G09	106	OG0000169	K03671	thioredoxin 1	COG3118	CnoX	Chaperedoxin CnoX, contains thioredoxin-like and TPR-like domains, YbbN/TrxSC family	AG-897-G09_01291	3
CACADE010000012.1	12756	14021	-	AG-897-G09_01295	AG-897-G09	421	OG0000181	NA	NA	COG0285	FolC	Folylpolyglutamate synthase/Dihydropteroate synthase	AG-897-G09_01291	4
CACADE010000012.1	13975	14907	-	AG-897-G09_01296	AG-897-G09	310	OG0000239	K01963	acetyl-CoA carboxylase carboxyl transferase subunit beta [EC:6.4.1.2 2.1.3.15]	COG0777	AccD	Acetyl-CoA carboxylase beta subunit	AG-897-G09_01291	5
CACAFC010000002.1	74318	74530	+	AG-897-G15_00383	AG-897-G15	70	OG0000914	K03704	cold shock protein	COG1278	CspC	Cold shock protein, CspA family	AG-897-G15_00388	-5
CACAFC010000002.1	74626	74727	+	AG-897-G15_00384	AG-897-G15	33	OG0001648	NA	NA	NA	NA	NA	AG-897-G15_00388	-4
CACAFC010000002.1	74875	76272	+	AG-897-G15_00385	AG-897-G15	465	OG0000812	K01892	histidyl-tRNA synthetase [EC:6.1.1.21]	COG0124	HisS	Histidyl-tRNA synthetase	AG-897-G15_00388	-3
CACAFC010000002.1	76250	77308	+	AG-897-G15_00386	AG-897-G15	352	OG0000374	NA	NA	COG3705	HisZ	ATP phosphoribosyltransferase regulatory subunit HisZ	AG-897-G15_00388	-2
CACAFC010000002.1	77305	77991	+	AG-897-G15_00387	AG-897-G15	228	OG0000403	NA	NA	COG0040	HisG	ATP phosphoribosyltransferase	AG-897-G15_00388	-1
CACAFC010000002.1	78138	79229	+	AG-897-G15_00388	AG-897-G15	363	OG0001004	NA	NA	COG1322	RmuC	DNA anti-recombination protein (rearrangement mutator) RmuC	AG-897-G15_00388	0
CACAFC010000002.1	79266	79952	+	AG-897-G15_00389	AG-897-G15	228	OG0001010	NA	NA	NA	NA	NA	AG-897-G15_00388	1
CACAFC010000002.1	79959	81395	+	AG-897-G15_00390	AG-897-G15	478	OG0000183	NA	NA	COG2925	SbcB	Exonuclease I (degrades ssDNA)	AG-897-G15_00388	2
CACAFC010000002.1	81430	81747	+	AG-897-G15_00391	AG-897-G15	105	OG0000169	NA	NA	COG3118	CnoX	Chaperedoxin CnoX, contains thioredoxin-like and TPR-like domains, YbbN/TrxSC family	AG-897-G15_00388	3
CACAFC010000002.1	81744	83009	-	AG-897-G15_00392	AG-897-G15	421	OG0000181	NA	NA	COG0285	FolC	Folylpolyglutamate synthase/Dihydropteroate synthase	AG-897-G15_00388	4
CACAFC010000002.1	82963	83895	-	AG-897-G15_00393	AG-897-G15	310	OG0000239	K01963	acetyl-CoA carboxylase carboxyl transferase subunit beta [EC:6.4.1.2 2.1.3.15]	COG0777	AccD	Acetyl-CoA carboxylase beta subunit	AG-897-G15_00388	5
CACAIK010000009.1	132	863	+	AG-897-O16_00888	AG-897-O16	243	OG0000374	NA	NA	COG3705	HisZ	ATP phosphoribosyltransferase regulatory subunit HisZ	AG-897-O16_00891	-3
CACAIK010000009.1	860	1705	+	AG-897-O16_00889	AG-897-O16	281	OG0000077	NA	NA	NA	NA	NA	AG-897-O16_00891	-2
CACAIK010000009.1	1698	2369	+	AG-897-O16_00890	AG-897-O16	223	OG0000403	NA	NA	COG0040	HisG	ATP phosphoribosyltransferase	AG-897-O16_00891	-1
CACAIK010000009.1	2411	3505	+	AG-897-O16_00891	AG-897-O16	364	OG0001004	NA	NA	COG1322	RmuC	DNA anti-recombination protein (rearrangement mutator) RmuC	AG-897-O16_00891	0
CACAIK010000009.1	3530	4216	+	AG-897-O16_00892	AG-897-O16	228	OG0001010	NA	NA	NA	NA	NA	AG-897-O16_00891	1
CACAIK010000009.1	4341	5774	+	AG-897-O16_00893	AG-897-O16	477	OG0000183	NA	NA	COG2925	SbcB	Exonuclease I (degrades ssDNA)	AG-897-O16_00891	2
CACAIK010000009.1	5841	6161	+	AG-897-O16_00894	AG-897-O16	106	OG0000169	K03671	thioredoxin 1	COG3118	CnoX	Chaperedoxin CnoX, contains thioredoxin-like and TPR-like domains, YbbN/TrxSC family	AG-897-O16_00891	3
CACAIK010000009.1	6158	7423	-	AG-897-O16_00895	AG-897-O16	421	OG0000181	NA	NA	COG0285	FolC	Folylpolyglutamate synthase/Dihydropteroate synthase	AG-897-O16_00891	4
CACAIK010000009.1	7377	8309	-	AG-897-O16_00896	AG-897-O16	310	OG0000239	K01963	acetyl-CoA carboxylase carboxyl transferase subunit beta [EC:6.4.1.2 2.1.3.15]	COG0777	AccD	Acetyl-CoA carboxylase beta subunit	AG-897-O16_00891	5
CACALX010000015.1	2007	2936	+	AG-898-C07_01180	AG-898-C07	309	OG0000239	K01963	acetyl-CoA carboxylase carboxyl transferase subunit beta [EC:6.4.1.2 2.1.3.15]	COG0777	AccD	Acetyl-CoA carboxylase beta subunit	AG-898-C07_01185	-5
CACALX010000015.1	2890	4155	+	AG-898-C07_01181	AG-898-C07	421	OG0000181	NA	NA	COG0285	FolC	Folylpolyglutamate synthase/Dihydropteroate synthase	AG-898-C07_01185	-4
CACALX010000015.1	4152	4469	-	AG-898-C07_01182	AG-898-C07	105	OG0000169	NA	NA	COG3118	CnoX	Chaperedoxin CnoX, contains thioredoxin-like and TPR-like domains, YbbN/TrxSC family	AG-898-C07_01185	-3
CACALX010000015.1	4504	5940	-	AG-898-C07_01183	AG-898-C07	478	OG0000183	NA	NA	COG2925	SbcB	Exonuclease I (degrades ssDNA)	AG-898-C07_01185	-2
CACALX010000015.1	5956	6642	-	AG-898-C07_01184	AG-898-C07	228	OG0001010	NA	NA	COG1074	RecB	3'-5' helicase subunit RecB of the DNA repair enzyme RecBCD (exonuclease V)	AG-898-C07_01185	-1
CACALX010000015.1	6680	7744	-	AG-898-C07_01185	AG-898-C07	354	OG0001004	NA	NA	COG1322	RmuC	DNA anti-recombination protein (rearrangement mutator) RmuC	AG-898-C07_01185	0
CACARD010000001.1	189784	190716	+	AG-898-G21_00193	AG-898-G21	310	OG0000239	K01963	acetyl-CoA carboxylase carboxyl transferase subunit beta [EC:6.4.1.2 2.1.3.15]	COG0777	AccD	Acetyl-CoA carboxylase beta subunit	AG-898-G21_00198	-5
CACARD010000001.1	190670	191935	+	AG-898-G21_00194	AG-898-G21	421	OG0000181	NA	NA	COG0285	FolC	Folylpolyglutamate synthase/Dihydropteroate synthase	AG-898-G21_00198	-4
CACARD010000001.1	191932	192252	-	AG-898-G21_00195	AG-898-G21	106	OG0000169	K03671	thioredoxin 1	COG3118	CnoX	Chaperedoxin CnoX, contains thioredoxin-like and TPR-like domains, YbbN/TrxSC family	AG-898-G21_00198	-3
CACARD010000001.1	192319	193752	-	AG-898-G21_00196	AG-898-G21	477	OG0000183	NA	NA	COG2925	SbcB	Exonuclease I (degrades ssDNA)	AG-898-G21_00198	-2
CACARD010000001.1	193877	194581	-	AG-898-G21_00197	AG-898-G21	234	OG0001010	NA	NA	NA	NA	NA	AG-898-G21_00198	-1
CACARD010000001.1	194599	195654	-	AG-898-G21_00198	AG-898-G21	351	OG0001004	NA	NA	COG1322	RmuC	DNA anti-recombination protein (rearrangement mutator) RmuC	AG-898-G21_00198	0
CACARD010000001.1	195851	196540	-	AG-898-G21_00199	AG-898-G21	229	OG0000403	NA	NA	COG0040	HisG	ATP phosphoribosyltransferase	AG-898-G21_00198	1
CACARD010000001.1	196533	197378	-	AG-898-G21_00200	AG-898-G21	281	OG0000077	NA	NA	NA	NA	NA	AG-898-G21_00198	2
CACARD010000001.1	197375	198427	-	AG-898-G21_00201	AG-898-G21	350	OG0000374	NA	NA	COG3705	HisZ	ATP phosphoribosyltransferase regulatory subunit HisZ	AG-898-G21_00198	3
CACARD010000001.1	199966	200118	-	AG-898-G21_00203	AG-898-G21	50	OG0002047	NA	NA	NA	NA	NA	AG-898-G21_00198	4
CACARD010000001.1	200160	200372	-	AG-898-G21_00204	AG-898-G21	70	OG0000914	K03704	cold shock protein	COG1278	CspC	Cold shock protein, CspA family	AG-898-G21_00198	5
CACAYV010000006.1	42518	43783	+	AG-898-P13_00826	AG-898-P13	421	OG0000181	NA	NA	COG0285	FolC	Folylpolyglutamate synthase/Dihydropteroate synthase	AG-898-P13_00831	-5
CACAYV010000006.1	43780	44094	-	AG-898-P13_00827	AG-898-P13	104	OG0000169	K03671	thioredoxin 1	COG3118	CnoX	Chaperedoxin CnoX, contains thioredoxin-like and TPR-like domains, YbbN/TrxSC family	AG-898-P13_00831	-4
CACAYV010000006.1	44100	44198	-	AG-898-P13_00828	AG-898-P13	32	OG0002889	NA	NA	NA	NA	NA	AG-898-P13_00831	-3
CACAYV010000006.1	44161	45591	-	AG-898-P13_00829	AG-898-P13	476	OG0000183	NA	NA	COG2925	SbcB	Exonuclease I (degrades ssDNA)	AG-898-P13_00831	-2
CACAYV010000006.1	45710	46399	-	AG-898-P13_00830	AG-898-P13	229	OG0001010	NA	NA	NA	NA	NA	AG-898-P13_00831	-1
CACAYV010000006.1	46436	47533	-	AG-898-P13_00831	AG-898-P13	365	OG0001004	NA	NA	COG1322	RmuC	DNA anti-recombination protein (rearrangement mutator) RmuC	AG-898-P13_00831	0
CACAYV010000006.1	47686	48399	-	AG-898-P13_00832	AG-898-P13	237	OG0000403	NA	NA	COG0040	HisG	ATP phosphoribosyltransferase	AG-898-P13_00831	1
CACAYV010000006.1	48368	49426	-	AG-898-P13_00833	AG-898-P13	352	OG0000374	NA	NA	COG3705	HisZ	ATP phosphoribosyltransferase regulatory subunit HisZ	AG-898-P13_00831	2
CACAYV010000006.1	49404	50789	-	AG-898-P13_00834	AG-898-P13	461	OG0000812	K01892	histidyl-tRNA synthetase [EC:6.1.1.21]	COG0124	HisS	Histidyl-tRNA synthetase	AG-898-P13_00831	3
CACAYV010000006.1	51100	51309	-	AG-898-P13_00836	AG-898-P13	69	OG0000914	K03704	cold shock protein	COG1278	CspC	Cold shock protein, CspA family	AG-898-P13_00831	4
CACAYV010000006.1	51504	51722	-	AG-898-P13_00838	AG-898-P13	72	OG0000905	K02518	translation initiation factor IF-1	COG0361	InfA	Translation initiation factor IF-1	AG-898-P13_00831	5
CACAZW010000002.1	78631	78843	+	AG-899-A06_00315	AG-899-A06	70	OG0000914	K03704	cold shock protein	COG1278	CspC	Cold shock protein, CspA family	AG-899-A06_00321	-5
CACAZW010000002.1	79169	80599	+	AG-899-A06_00317	AG-899-A06	476	OG0000812	K01892	histidyl-tRNA synthetase [EC:6.1.1.21]	COG0124	HisS	Histidyl-tRNA synthetase	AG-899-A06_00321	-4
CACAZW010000002.1	80577	81629	+	AG-899-A06_00318	AG-899-A06	350	OG0000374	NA	NA	COG3705	HisZ	ATP phosphoribosyltransferase regulatory subunit HisZ	AG-899-A06_00321	-3
CACAZW010000002.1	81626	82471	+	AG-899-A06_00319	AG-899-A06	281	OG0000077	NA	NA	NA	NA	NA	AG-899-A06_00321	-2
CACAZW010000002.1	82464	83135	+	AG-899-A06_00320	AG-899-A06	223	OG0000403	NA	NA	COG0040	HisG	ATP phosphoribosyltransferase	AG-899-A06_00321	-1
CACAZW010000002.1	83177	84274	+	AG-899-A06_00321	AG-899-A06	365	OG0001004	NA	NA	COG1322	RmuC	DNA anti-recombination protein (rearrangement mutator) RmuC	AG-899-A06_00321	0
CACAZW010000002.1	84298	84984	+	AG-899-A06_00322	AG-899-A06	228	OG0001010	NA	NA	NA	NA	NA	AG-899-A06_00321	1
CACAZW010000002.1	85109	86542	+	AG-899-A06_00323	AG-899-A06	477	OG0000183	NA	NA	COG2925	SbcB	Exonuclease I (degrades ssDNA)	AG-899-A06_00321	2
CACAZW010000002.1	86609	86929	+	AG-899-A06_00324	AG-899-A06	106	OG0000169	K03671	thioredoxin 1	COG3118	CnoX	Chaperedoxin CnoX, contains thioredoxin-like and TPR-like domains, YbbN/TrxSC family	AG-899-A06_00321	3
CACAZW010000002.1	86926	88191	-	AG-899-A06_00325	AG-899-A06	421	OG0000181	NA	NA	COG0285	FolC	Folylpolyglutamate synthase/Dihydropteroate synthase	AG-899-A06_00321	4
CACAZW010000002.1	88145	89077	-	AG-899-A06_00326	AG-899-A06	310	OG0000239	K01963	acetyl-CoA carboxylase carboxyl transferase subunit beta [EC:6.4.1.2 2.1.3.15]	COG0777	AccD	Acetyl-CoA carboxylase beta subunit	AG-899-A06_00321	5
CACBAX010000007.1	15225	16415	+	AG-899-B09_00684	AG-899-B09	396	OG0000814	NA	NA	COG0141	HisD	Histidinol dehydrogenase	AG-899-B09_00691	-5
CACBAX010000007.1	16416	16631	+	AG-899-B09_00685	AG-899-B09	71	OG0000905	K02518	translation initiation factor IF-1	COG0361	InfA	Translation initiation factor IF-1	AG-899-B09_00691	-4
CACBAX010000007.1	16843	17055	+	AG-899-B09_00687	AG-899-B09	70	OG0000914	K03704	cold shock protein	COG1278	CspC	Cold shock protein, CspA family	AG-899-B09_00691	-3
CACBAX010000007.1	18741	19793	+	AG-899-B09_00689	AG-899-B09	350	OG0000374	NA	NA	COG3705	HisZ	ATP phosphoribosyltransferase regulatory subunit HisZ	AG-899-B09_00691	-2
CACBAX010000007.1	19786	20463	+	AG-899-B09_00690	AG-899-B09	225	OG0000403	NA	NA	COG0040	HisG	ATP phosphoribosyltransferase	AG-899-B09_00691	-1
CACBAX010000007.1	20502	21596	+	AG-899-B09_00691	AG-899-B09	364	OG0001004	NA	NA	COG1322	RmuC	DNA anti-recombination protein (rearrangement mutator) RmuC	AG-899-B09_00691	0
CACBAX010000007.1	21634	22320	+	AG-899-B09_00692	AG-899-B09	228	OG0001010	NA	NA	NA	NA	NA	AG-899-B09_00691	1
CACBAX010000007.1	22448	23881	+	AG-899-B09_00693	AG-899-B09	477	OG0000183	NA	NA	COG2925	SbcB	Exonuclease I (degrades ssDNA)	AG-899-B09_00691	2
CACBAX010000007.1	23829	23930	+	AG-899-B09_00694	AG-899-B09	33	OG0002889	NA	NA	NA	NA	NA	AG-899-B09_00691	3
CACBAX010000007.1	23948	24268	+	AG-899-B09_00695	AG-899-B09	106	OG0000169	K03671	thioredoxin 1	COG3118	CnoX	Chaperedoxin CnoX, contains thioredoxin-like and TPR-like domains, YbbN/TrxSC family	AG-899-B09_00691	4
CACBAX010000007.1	24265	25530	-	AG-899-B09_00696	AG-899-B09	421	OG0000181	NA	NA	COG0285	FolC	Folylpolyglutamate synthase/Dihydropteroate synthase	AG-899-B09_00691	5
CACBCM010000002.1	113176	114441	+	AG-899-D19_00312	AG-899-D19	421	OG0000814	NA	NA	COG0141	HisD	Histidinol dehydrogenase	AG-899-D19_00319	-5
CACBCM010000002.1	114442	114657	+	AG-899-D19_00313	AG-899-D19	71	OG0000905	K02518	translation initiation factor IF-1	COG0361	InfA	Translation initiation factor IF-1	AG-899-D19_00319	-4
CACBCM010000002.1	114869	115081	+	AG-899-D19_00315	AG-899-D19	70	OG0000914	K03704	cold shock protein	COG1278	CspC	Cold shock protein, CspA family	AG-899-D19_00319	-3
CACBCM010000002.1	116766	117818	+	AG-899-D19_00317	AG-899-D19	350	OG0000374	NA	NA	COG3705	HisZ	ATP phosphoribosyltransferase regulatory subunit HisZ	AG-899-D19_00319	-2
CACBCM010000002.1	117811	118488	+	AG-899-D19_00318	AG-899-D19	225	OG0000403	NA	NA	COG0040	HisG	ATP phosphoribosyltransferase	AG-899-D19_00319	-1
CACBCM010000002.1	118527	119621	+	AG-899-D19_00319	AG-899-D19	364	OG0001004	NA	NA	COG1322	RmuC	DNA anti-recombination protein (rearrangement mutator) RmuC	AG-899-D19_00319	0
CACBCM010000002.1	119659	120345	+	AG-899-D19_00320	AG-899-D19	228	OG0001010	NA	NA	NA	NA	NA	AG-899-D19_00319	1
CACBCM010000002.1	120473	121906	+	AG-899-D19_00321	AG-899-D19	477	OG0000183	NA	NA	COG2925	SbcB	Exonuclease I (degrades ssDNA)	AG-899-D19_00319	2
CACBCM010000002.1	121973	122293	+	AG-899-D19_00322	AG-899-D19	106	OG0000169	K03671	thioredoxin 1	COG3118	CnoX	Chaperedoxin CnoX, contains thioredoxin-like and TPR-like domains, YbbN/TrxSC family	AG-899-D19_00319	3
CACBCM010000002.1	122290	123555	-	AG-899-D19_00323	AG-899-D19	421	OG0000181	NA	NA	COG0285	FolC	Folylpolyglutamate synthase/Dihydropteroate synthase	AG-899-D19_00319	4
CACBCM010000002.1	123509	124441	-	AG-899-D19_00324	AG-899-D19	310	OG0000239	K01963	acetyl-CoA carboxylase carboxyl transferase subunit beta [EC:6.4.1.2 2.1.3.15]	COG0777	AccD	Acetyl-CoA carboxylase beta subunit	AG-899-D19_00319	5
CACBDA010000004.1	81125	81925	+	AG-899-E14_00863	AG-899-E14	266	OG0000196	K01695	tryptophan synthase alpha chain [EC:4.2.1.20]	COG0159	TrpA	Tryptophan synthase alpha chain	AG-899-E14_00868	-5
CACBDA010000004.1	81922	82836	+	AG-899-E14_00864	AG-899-E14	304	OG0000239	K01963	acetyl-CoA carboxylase carboxyl transferase subunit beta [EC:6.4.1.2 2.1.3.15]	COG0777	AccD	Acetyl-CoA carboxylase beta subunit	AG-899-E14_00868	-4
CACBDA010000004.1	82799	84055	+	AG-899-E14_00865	AG-899-E14	418	OG0000181	NA	NA	COG0285	FolC	Folylpolyglutamate synthase/Dihydropteroate synthase	AG-899-E14_00868	-3
CACBDA010000004.1	84052	84369	-	AG-899-E14_00866	AG-899-E14	105	OG0000169	NA	NA	COG3118	CnoX	Chaperedoxin CnoX, contains thioredoxin-like and TPR-like domains, YbbN/TrxSC family	AG-899-E14_00868	-2
CACBDA010000004.1	84404	85822	-	AG-899-E14_00867	AG-899-E14	472	OG0000183	NA	NA	COG2925	SbcB	Exonuclease I (degrades ssDNA)	AG-899-E14_00868	-1
CACBDA010000004.1	85831	86859	-	AG-899-E14_00868	AG-899-E14	342	OG0001004	NA	NA	COG1322	RmuC	DNA anti-recombination protein (rearrangement mutator) RmuC	AG-899-E14_00868	0
CACBDA010000004.1	86881	87066	-	AG-899-E14_00869	AG-899-E14	61	OG0003486	NA	NA	NA	NA	NA	AG-899-E14_00868	1
CACBDA010000004.1	87077	87985	-	AG-899-E14_00870	AG-899-E14	302	NA	NA	NA	NA	NA	NA	AG-899-E14_00868	2
CACBDA010000004.1	87972	88244	-	AG-899-E14_00871	AG-899-E14	90	OG0002600	NA	NA	NA	NA	NA	AG-899-E14_00868	3
CACBDA010000004.1	88444	88896	+	AG-899-E14_00872	AG-899-E14	150	OG0001556	NA	NA	NA	NA	NA	AG-899-E14_00868	4
CACBDA010000004.1	88896	89411	+	AG-899-E14_00873	AG-899-E14	171	OG0002402	NA	NA	NA	NA	NA	AG-899-E14_00868	5
CACBFJ010000002.1	11076	12011	+	AG-899-G02_00196	AG-899-G02	311	OG0000239	K01963	acetyl-CoA carboxylase carboxyl transferase subunit beta [EC:6.4.1.2 2.1.3.15]	COG0777	AccD	Acetyl-CoA carboxylase beta subunit	AG-899-G02_00201	-5
CACBFJ010000002.1	11965	13233	+	AG-899-G02_00197	AG-899-G02	422	OG0000181	NA	NA	COG0285	FolC	Folylpolyglutamate synthase/Dihydropteroate synthase	AG-899-G02_00201	-4
CACBFJ010000002.1	13230	13547	-	AG-899-G02_00198	AG-899-G02	105	OG0000169	NA	NA	COG3118	CnoX	Chaperedoxin CnoX, contains thioredoxin-like and TPR-like domains, YbbN/TrxSC family	AG-899-G02_00201	-3
CACBFJ010000002.1	13582	15018	-	AG-899-G02_00199	AG-899-G02	478	OG0000183	NA	NA	COG2925	SbcB	Exonuclease I (degrades ssDNA)	AG-899-G02_00201	-2
CACBFJ010000002.1	15032	15712	-	AG-899-G02_00200	AG-899-G02	226	OG0001010	NA	NA	COG1074	RecB	3'-5' helicase subunit RecB of the DNA repair enzyme RecBCD (exonuclease V)	AG-899-G02_00201	-1
CACBFJ010000002.1	15750	16853	-	AG-899-G02_00201	AG-899-G02	367	OG0001004	NA	NA	COG1322	RmuC	DNA anti-recombination protein (rearrangement mutator) RmuC	AG-899-G02_00201	0
CACBFJ010000002.1	16872	17003	+	AG-899-G02_00202	AG-899-G02	43	OG0001245	NA	NA	NA	NA	NA	AG-899-G02_00201	1
CACBFJ010000002.1	16989	17678	-	AG-899-G02_00203	AG-899-G02	229	OG0000403	NA	NA	COG0040	HisG	ATP phosphoribosyltransferase	AG-899-G02_00201	2
CACBFJ010000002.1	17678	18730	-	AG-899-G02_00204	AG-899-G02	350	OG0000374	NA	NA	COG3705	HisZ	ATP phosphoribosyltransferase regulatory subunit HisZ	AG-899-G02_00201	3
CACBFJ010000002.1	18708	20105	-	AG-899-G02_00205	AG-899-G02	465	OG0000812	K01892	histidyl-tRNA synthetase [EC:6.1.1.21]	COG0124	HisS	Histidyl-tRNA synthetase	AG-899-G02_00201	4
CACBFJ010000002.1	20254	20355	-	AG-899-G02_00207	AG-899-G02	33	OG0001648	NA	NA	NA	NA	NA	AG-899-G02_00201	5
CACBHY010000001.1	212729	212941	+	AG-899-J02_00238	AG-899-J02	70	OG0000914	K03704	cold shock protein	COG1278	CspC	Cold shock protein, CspA family	AG-899-J02_00244	-5
CACBHY010000001.1	213250	214644	+	AG-899-J02_00240	AG-899-J02	464	OG0000812	K01892	histidyl-tRNA synthetase [EC:6.1.1.21]	COG0124	HisS	Histidyl-tRNA synthetase	AG-899-J02_00244	-4
CACBHY010000001.1	214622	215665	+	AG-899-J02_00241	AG-899-J02	347	OG0000374	NA	NA	COG3705	HisZ	ATP phosphoribosyltransferase regulatory subunit HisZ	AG-899-J02_00244	-3
CACBHY010000001.1	215669	216361	+	AG-899-J02_00242	AG-899-J02	230	OG0000403	NA	NA	COG0040	HisG	ATP phosphoribosyltransferase	AG-899-J02_00244	-2
CACBHY010000001.1	216341	216475	-	AG-899-J02_00243	AG-899-J02	44	OG0001245	NA	NA	NA	NA	NA	AG-899-J02_00244	-1
CACBHY010000001.1	216540	217637	+	AG-899-J02_00244	AG-899-J02	365	OG0001004	NA	NA	COG1322	RmuC	DNA anti-recombination protein (rearrangement mutator) RmuC	AG-899-J02_00244	0
CACBHY010000001.1	217675	218361	+	AG-899-J02_00245	AG-899-J02	228	OG0001010	NA	NA	COG1074	RecB	3'-5' helicase subunit RecB of the DNA repair enzyme RecBCD (exonuclease V)	AG-899-J02_00244	1
CACBHY010000001.1	218370	219806	+	AG-899-J02_00246	AG-899-J02	478	OG0000183	NA	NA	COG2925	SbcB	Exonuclease I (degrades ssDNA)	AG-899-J02_00244	2
CACBHY010000001.1	219841	220158	+	AG-899-J02_00247	AG-899-J02	105	OG0000169	NA	NA	COG3118	CnoX	Chaperedoxin CnoX, contains thioredoxin-like and TPR-like domains, YbbN/TrxSC family	AG-899-J02_00244	3
CACBHY010000001.1	220155	221423	-	AG-899-J02_00248	AG-899-J02	422	OG0000181	NA	NA	COG0285	FolC	Folylpolyglutamate synthase/Dihydropteroate synthase	AG-899-J02_00244	4
CACBHY010000001.1	221377	222306	-	AG-899-J02_00249	AG-899-J02	309	OG0000239	K01963	acetyl-CoA carboxylase carboxyl transferase subunit beta [EC:6.4.1.2 2.1.3.15]	COG0777	AccD	Acetyl-CoA carboxylase beta subunit	AG-899-J02_00244	5
CACBIY010000002.1	83270	84202	+	AG-899-J23_00368	AG-899-J23	310	OG0000239	K01963	acetyl-CoA carboxylase carboxyl transferase subunit beta [EC:6.4.1.2 2.1.3.15]	COG0777	AccD	Acetyl-CoA carboxylase beta subunit	AG-899-J23_00373	-5
CACBIY010000002.1	84156	85421	+	AG-899-J23_00369	AG-899-J23	421	OG0000181	NA	NA	COG0285	FolC	Folylpolyglutamate synthase/Dihydropteroate synthase	AG-899-J23_00373	-4
CACBIY010000002.1	85418	85735	-	AG-899-J23_00370	AG-899-J23	105	OG0000169	NA	NA	COG3118	CnoX	Chaperedoxin CnoX, contains thioredoxin-like and TPR-like domains, YbbN/TrxSC family	AG-899-J23_00373	-3
CACBIY010000002.1	85770	87206	-	AG-899-J23_00371	AG-899-J23	478	OG0000183	NA	NA	COG2925	SbcB	Exonuclease I (degrades ssDNA)	AG-899-J23_00373	-2
CACBIY010000002.1	87213	87899	-	AG-899-J23_00372	AG-899-J23	228	OG0001010	NA	NA	COG1074	RecB	3'-5' helicase subunit RecB of the DNA repair enzyme RecBCD (exonuclease V)	AG-899-J23_00373	-1
CACBIY010000002.1	87937	89028	-	AG-899-J23_00373	AG-899-J23	363	OG0001004	NA	NA	COG1322	RmuC	DNA anti-recombination protein (rearrangement mutator) RmuC	AG-899-J23_00373	0
CACBIY010000002.1	89059	89190	+	AG-899-J23_00374	AG-899-J23	43	OG0001245	NA	NA	NA	NA	NA	AG-899-J23_00373	1
CACBIY010000002.1	89176	89862	-	AG-899-J23_00375	AG-899-J23	228	OG0000403	NA	NA	COG0040	HisG	ATP phosphoribosyltransferase	AG-899-J23_00373	2
CACBIY010000002.1	90118	90528	-	AG-899-J23_00376	AG-899-J23	136	OG0000374	NA	NA	NA	NA	NA	AG-899-J23_00373	3
CACBIY010000002.1	90819	92294	-	AG-899-J23_00377	AG-899-J23	491	OG0000812	K01892	histidyl-tRNA synthetase [EC:6.1.1.21]	COG0124	HisS	Histidyl-tRNA synthetase	AG-899-J23_00373	4
CACBIY010000002.1	92441	92542	-	AG-899-J23_00378	AG-899-J23	33	OG0001648	NA	NA	NA	NA	NA	AG-899-J23_00373	5
CACBLI010000011.1	33014	33943	+	AG-899-M07_01160	AG-899-M07	309	OG0000239	K01963	acetyl-CoA carboxylase carboxyl transferase subunit beta [EC:6.4.1.2 2.1.3.15]	COG0777	AccD	Acetyl-CoA carboxylase beta subunit	AG-899-M07_01165	-5
CACBLI010000011.1	33897	35162	+	AG-899-M07_01161	AG-899-M07	421	OG0000181	NA	NA	COG0285	FolC	Folylpolyglutamate synthase/Dihydropteroate synthase	AG-899-M07_01165	-4
CACBLI010000011.1	35159	35476	-	AG-899-M07_01162	AG-899-M07	105	OG0000169	NA	NA	COG3118	CnoX	Chaperedoxin CnoX, contains thioredoxin-like and TPR-like domains, YbbN/TrxSC family	AG-899-M07_01165	-3
CACBLI010000011.1	35511	36947	-	AG-899-M07_01163	AG-899-M07	478	OG0000183	NA	NA	COG2925	SbcB	Exonuclease I (degrades ssDNA)	AG-899-M07_01165	-2
CACBLI010000011.1	36951	37640	-	AG-899-M07_01164	AG-899-M07	229	OG0001010	NA	NA	NA	NA	NA	AG-899-M07_01165	-1
CACBLI010000011.1	37678	38769	-	AG-899-M07_01165	AG-899-M07	363	OG0001004	NA	NA	COG1322	RmuC	DNA anti-recombination protein (rearrangement mutator) RmuC	AG-899-M07_01165	0
CACBLI010000011.1	38917	39603	-	AG-899-M07_01166	AG-899-M07	228	OG0000403	NA	NA	COG0040	HisG	ATP phosphoribosyltransferase	AG-899-M07_01165	1
CACBLI010000011.1	39600	40658	-	AG-899-M07_01167	AG-899-M07	352	OG0000374	NA	NA	COG3705	HisZ	ATP phosphoribosyltransferase regulatory subunit HisZ	AG-899-M07_01165	2
CACBLI010000011.1	40636	41214	-	AG-899-M07_01168	AG-899-M07	192	OG0000812	NA	NA	COG0124	HisS	Histidyl-tRNA synthetase	AG-899-M07_01165	3
CACBMN010000003.1	85879	86097	+	AG-899-M19_00484	AG-899-M19	72	OG0000905	K02518	translation initiation factor IF-1	COG0361	InfA	Translation initiation factor IF-1	AG-899-M19_00491	-5
CACBMN010000003.1	86292	86501	+	AG-899-M19_00486	AG-899-M19	69	OG0000914	K03704	cold shock protein	COG1278	CspC	Cold shock protein, CspA family	AG-899-M19_00491	-4
CACBMN010000003.1	86809	88203	+	AG-899-M19_00488	AG-899-M19	464	OG0000812	K01892	histidyl-tRNA synthetase [EC:6.1.1.21]	COG0124	HisS	Histidyl-tRNA synthetase	AG-899-M19_00491	-3
CACBMN010000003.1	88172	89230	+	AG-899-M19_00489	AG-899-M19	352	OG0000374	NA	NA	COG3705	HisZ	ATP phosphoribosyltransferase regulatory subunit HisZ	AG-899-M19_00491	-2
CACBMN010000003.1	89223	89912	+	AG-899-M19_00490	AG-899-M19	229	OG0000403	NA	NA	COG0040	HisG	ATP phosphoribosyltransferase	AG-899-M19_00491	-1
CACBMN010000003.1	90065	91150	+	AG-899-M19_00491	AG-899-M19	361	OG0001004	NA	NA	COG1322	RmuC	DNA anti-recombination protein (rearrangement mutator) RmuC	AG-899-M19_00491	0
CACBMN010000003.1	91200	91889	+	AG-899-M19_00492	AG-899-M19	229	OG0001010	NA	NA	NA	NA	NA	AG-899-M19_00491	1
CACBMN010000003.1	92010	93440	+	AG-899-M19_00493	AG-899-M19	476	OG0000183	NA	NA	COG2925	SbcB	Exonuclease I (degrades ssDNA)	AG-899-M19_00491	2
CACBMN010000003.1	93507	93821	+	AG-899-M19_00494	AG-899-M19	104	OG0000169	K03671	thioredoxin 1	COG3118	CnoX	Chaperedoxin CnoX, contains thioredoxin-like and TPR-like domains, YbbN/TrxSC family	AG-899-M19_00491	3
CACBMN010000003.1	93818	95083	-	AG-899-M19_00495	AG-899-M19	421	OG0000181	NA	NA	COG0285	FolC	Folylpolyglutamate synthase/Dihydropteroate synthase	AG-899-M19_00491	4
CACBMN010000003.1	95037	95978	-	AG-899-M19_00496	AG-899-M19	313	OG0000239	NA	NA	COG0777	AccD	Acetyl-CoA carboxylase beta subunit	AG-899-M19_00491	5
CACBNI010000001.1	53756	54685	+	AG-899-N21_00055	AG-899-N21	309	OG0000239	K01963	acetyl-CoA carboxylase carboxyl transferase subunit beta [EC:6.4.1.2 2.1.3.15]	COG0777	AccD	Acetyl-CoA carboxylase beta subunit	AG-899-N21_00060	-5
CACBNI010000001.1	54639	55907	+	AG-899-N21_00056	AG-899-N21	422	OG0000181	NA	NA	COG0285	FolC	Folylpolyglutamate synthase/Dihydropteroate synthase	AG-899-N21_00060	-4
CACBNI010000001.1	55904	56221	-	AG-899-N21_00057	AG-899-N21	105	OG0000169	NA	NA	COG3118	CnoX	Chaperedoxin CnoX, contains thioredoxin-like and TPR-like domains, YbbN/TrxSC family	AG-899-N21_00060	-3
CACBNI010000001.1	56256	57692	-	AG-899-N21_00058	AG-899-N21	478	OG0000183	NA	NA	COG2925	SbcB	Exonuclease I (degrades ssDNA)	AG-899-N21_00060	-2
CACBNI010000001.1	57701	58387	-	AG-899-N21_00059	AG-899-N21	228	OG0001010	NA	NA	COG1074	RecB	3'-5' helicase subunit RecB of the DNA repair enzyme RecBCD (exonuclease V)	AG-899-N21_00060	-1
CACBNI010000001.1	58425	59522	-	AG-899-N21_00060	AG-899-N21	365	OG0001004	NA	NA	COG1322	RmuC	DNA anti-recombination protein (rearrangement mutator) RmuC	AG-899-N21_00060	0
CACBNI010000001.1	59964	60092	+	AG-899-N21_00061	AG-899-N21	42	OG0001149	NA	NA	NA	NA	NA	AG-899-N21_00060	1
CACBNI010000001.1	60096	60227	+	AG-899-N21_00062	AG-899-N21	43	OG0001245	NA	NA	NA	NA	NA	AG-899-N21_00060	2
CACBNI010000001.1	60210	60899	-	AG-899-N21_00063	AG-899-N21	229	OG0000403	NA	NA	COG0040	HisG	ATP phosphoribosyltransferase	AG-899-N21_00060	3
CACBNI010000001.1	60892	61740	-	AG-899-N21_00064	AG-899-N21	282	OG0000077	NA	NA	NA	NA	NA	AG-899-N21_00060	4
CACBNI010000001.1	61737	62786	-	AG-899-N21_00065	AG-899-N21	349	OG0000374	NA	NA	COG3705	HisZ	ATP phosphoribosyltransferase regulatory subunit HisZ	AG-899-N21_00060	5
CACBOD010000012.1	12105	13037	+	AG-899-O04_01130	AG-899-O04	310	OG0000239	K01963	acetyl-CoA carboxylase carboxyl transferase subunit beta [EC:6.4.1.2 2.1.3.15]	COG0777	AccD	Acetyl-CoA carboxylase beta subunit	AG-899-O04_01135	-5
CACBOD010000012.1	12991	14256	+	AG-899-O04_01131	AG-899-O04	421	OG0000181	NA	NA	COG0285	FolC	Folylpolyglutamate synthase/Dihydropteroate synthase	AG-899-O04_01135	-4
CACBOD010000012.1	14253	14573	-	AG-899-O04_01132	AG-899-O04	106	OG0000169	K03671	thioredoxin 1	COG3118	CnoX	Chaperedoxin CnoX, contains thioredoxin-like and TPR-like domains, YbbN/TrxSC family	AG-899-O04_01135	-3
CACBOD010000012.1	14640	16073	-	AG-899-O04_01133	AG-899-O04	477	OG0000183	NA	NA	COG2925	SbcB	Exonuclease I (degrades ssDNA)	AG-899-O04_01135	-2
CACBOD010000012.1	16198	16884	-	AG-899-O04_01134	AG-899-O04	228	OG0001010	NA	NA	COG2887	Slr0479	RecB family exonuclease	AG-899-O04_01135	-1
CACBOD010000012.1	16909	18006	-	AG-899-O04_01135	AG-899-O04	365	OG0001004	NA	NA	COG1322	RmuC	DNA anti-recombination protein (rearrangement mutator) RmuC	AG-899-O04_01135	0
CACBOD010000012.1	18037	18720	-	AG-899-O04_01136	AG-899-O04	227	OG0000403	NA	NA	COG0040	HisG	ATP phosphoribosyltransferase	AG-899-O04_01135	1
CACBOD010000012.1	18717	19769	-	AG-899-O04_01137	AG-899-O04	350	OG0000374	NA	NA	COG3705	HisZ	ATP phosphoribosyltransferase regulatory subunit HisZ	AG-899-O04_01135	2
CACBOD010000012.1	21309	21461	-	AG-899-O04_01139	AG-899-O04	50	OG0002047	NA	NA	NA	NA	NA	AG-899-O04_01135	3
CACBOD010000012.1	21503	21715	-	AG-899-O04_01140	AG-899-O04	70	OG0000914	K03704	cold shock protein	COG1278	CspC	Cold shock protein, CspA family	AG-899-O04_01135	4
CACBOD010000012.1	21909	22124	-	AG-899-O04_01142	AG-899-O04	71	OG0000905	K02518	translation initiation factor IF-1	COG0361	InfA	Translation initiation factor IF-1	AG-899-O04_01135	5
CACBXW010000002.1	94503	95435	+	AG-900-G16_00474	AG-900-G16	310	OG0000239	K01963	acetyl-CoA carboxylase carboxyl transferase subunit beta [EC:6.4.1.2 2.1.3.15]	COG0777	AccD	Acetyl-CoA carboxylase beta subunit	AG-900-G16_00479	-5
CACBXW010000002.1	95389	96654	+	AG-900-G16_00475	AG-900-G16	421	OG0000181	NA	NA	COG0285	FolC	Folylpolyglutamate synthase/Dihydropteroate synthase	AG-900-G16_00479	-4
CACBXW010000002.1	96651	96971	-	AG-900-G16_00476	AG-900-G16	106	OG0000169	K03671	thioredoxin 1	COG3118	CnoX	Chaperedoxin CnoX, contains thioredoxin-like and TPR-like domains, YbbN/TrxSC family	AG-900-G16_00479	-3
CACBXW010000002.1	97038	98471	-	AG-900-G16_00477	AG-900-G16	477	OG0000183	NA	NA	COG2925	SbcB	Exonuclease I (degrades ssDNA)	AG-900-G16_00479	-2
CACBXW010000002.1	98586	99284	-	AG-900-G16_00478	AG-900-G16	232	OG0001010	NA	NA	NA	NA	NA	AG-900-G16_00479	-1
CACBXW010000002.1	99308	100402	-	AG-900-G16_00479	AG-900-G16	364	OG0001004	NA	NA	COG1322	RmuC	DNA anti-recombination protein (rearrangement mutator) RmuC	AG-900-G16_00479	0
CACBXW010000002.1	100444	101115	-	AG-900-G16_00480	AG-900-G16	223	OG0000403	NA	NA	COG0040	HisG	ATP phosphoribosyltransferase	AG-900-G16_00479	1
CACBXW010000002.1	101108	101722	-	AG-900-G16_00481	AG-900-G16	204	OG0000077	NA	NA	NA	NA	NA	AG-900-G16_00479	2
CACBXW010000002.1	101709	101954	-	AG-900-G16_00482	AG-900-G16	81	OG0000077	NA	NA	NA	NA	NA	AG-900-G16_00479	3
CACBXW010000002.1	101951	103003	-	AG-900-G16_00483	AG-900-G16	350	OG0000374	NA	NA	COG3705	HisZ	ATP phosphoribosyltransferase regulatory subunit HisZ	AG-900-G16_00479	4
CACBXW010000002.1	102981	104411	-	AG-900-G16_00484	AG-900-G16	476	OG0000812	K01892	histidyl-tRNA synthetase [EC:6.1.1.21]	COG0124	HisS	Histidyl-tRNA synthetase	AG-900-G16_00479	5
CACBYP010000004.1	47210	48142	+	AG-900-I13_00687	AG-900-I13	310	OG0000239	K01963	acetyl-CoA carboxylase carboxyl transferase subunit beta [EC:6.4.1.2 2.1.3.15]	COG0777	AccD	Acetyl-CoA carboxylase beta subunit	AG-900-I13_00692	-5
CACBYP010000004.1	48096	49361	+	AG-900-I13_00688	AG-900-I13	421	OG0000181	NA	NA	COG0285	FolC	Folylpolyglutamate synthase/Dihydropteroate synthase	AG-900-I13_00692	-4
CACBYP010000004.1	49358	49678	-	AG-900-I13_00689	AG-900-I13	106	OG0000169	K03671	thioredoxin 1	COG3118	CnoX	Chaperedoxin CnoX, contains thioredoxin-like and TPR-like domains, YbbN/TrxSC family	AG-900-I13_00692	-3
CACBYP010000004.1	49745	51178	-	AG-900-I13_00690	AG-900-I13	477	OG0000183	NA	NA	COG2925	SbcB	Exonuclease I (degrades ssDNA)	AG-900-I13_00692	-2
CACBYP010000004.1	51303	51989	-	AG-900-I13_00691	AG-900-I13	228	OG0001010	NA	NA	NA	NA	NA	AG-900-I13_00692	-1
CACBYP010000004.1	52013	53107	-	AG-900-I13_00692	AG-900-I13	364	OG0001004	NA	NA	COG1322	RmuC	DNA anti-recombination protein (rearrangement mutator) RmuC	AG-900-I13_00692	0
CACBYP010000004.1	53149	53820	-	AG-900-I13_00693	AG-900-I13	223	OG0000403	NA	NA	COG0040	HisG	ATP phosphoribosyltransferase	AG-900-I13_00692	1
CACBYP010000004.1	53813	54658	-	AG-900-I13_00694	AG-900-I13	281	OG0000077	NA	NA	NA	NA	NA	AG-900-I13_00692	2
CACBYP010000004.1	54655	55707	-	AG-900-I13_00695	AG-900-I13	350	OG0000374	NA	NA	COG3705	HisZ	ATP phosphoribosyltransferase regulatory subunit HisZ	AG-900-I13_00692	3
CACBYP010000004.1	55685	57115	-	AG-900-I13_00696	AG-900-I13	476	OG0000812	K01892	histidyl-tRNA synthetase [EC:6.1.1.21]	COG0124	HisS	Histidyl-tRNA synthetase	AG-900-I13_00692	4
CACBYP010000004.1	57247	57399	-	AG-900-I13_00698	AG-900-I13	50	OG0002047	NA	NA	NA	NA	NA	AG-900-I13_00692	5
CACBYV010000002.1	90760	90972	+	AG-900-I19_00286	AG-900-I19	70	OG0000914	K03704	cold shock protein	COG1278	CspC	Cold shock protein, CspA family	AG-900-I19_00292	-5
CACBYV010000002.1	91297	92727	+	AG-900-I19_00288	AG-900-I19	476	OG0000812	K01892	histidyl-tRNA synthetase [EC:6.1.1.21]	COG0124	HisS	Histidyl-tRNA synthetase	AG-900-I19_00292	-4
CACBYV010000002.1	92705	93757	+	AG-900-I19_00289	AG-900-I19	350	OG0000374	NA	NA	COG3705	HisZ	ATP phosphoribosyltransferase regulatory subunit HisZ	AG-900-I19_00292	-3
CACBYV010000002.1	93754	94599	+	AG-900-I19_00290	AG-900-I19	281	OG0000077	NA	NA	NA	NA	NA	AG-900-I19_00292	-2
CACBYV010000002.1	94592	95263	+	AG-900-I19_00291	AG-900-I19	223	OG0000403	NA	NA	COG0040	HisG	ATP phosphoribosyltransferase	AG-900-I19_00292	-1
CACBYV010000002.1	95305	96399	+	AG-900-I19_00292	AG-900-I19	364	OG0001004	NA	NA	COG1322	RmuC	DNA anti-recombination protein (rearrangement mutator) RmuC	AG-900-I19_00292	0
CACBYV010000002.1	96424	97110	+	AG-900-I19_00293	AG-900-I19	228	OG0001010	NA	NA	NA	NA	NA	AG-900-I19_00292	1
CACBYV010000002.1	97235	98668	+	AG-900-I19_00294	AG-900-I19	477	OG0000183	NA	NA	COG2925	SbcB	Exonuclease I (degrades ssDNA)	AG-900-I19_00292	2
CACBYV010000002.1	98735	99055	+	AG-900-I19_00295	AG-900-I19	106	OG0000169	K03671	thioredoxin 1	COG3118	CnoX	Chaperedoxin CnoX, contains thioredoxin-like and TPR-like domains, YbbN/TrxSC family	AG-900-I19_00292	3
CACBYV010000002.1	99052	100317	-	AG-900-I19_00296	AG-900-I19	421	OG0000181	NA	NA	COG0285	FolC	Folylpolyglutamate synthase/Dihydropteroate synthase	AG-900-I19_00292	4
CACBYV010000002.1	100271	101203	-	AG-900-I19_00297	AG-900-I19	310	OG0000239	K01963	acetyl-CoA carboxylase carboxyl transferase subunit beta [EC:6.4.1.2 2.1.3.15]	COG0777	AccD	Acetyl-CoA carboxylase beta subunit	AG-900-I19_00292	5
CACCBF010000005.1	85126	86061	+	AG-900-K21_00826	AG-900-K21	311	OG0000239	K01963	acetyl-CoA carboxylase carboxyl transferase subunit beta [EC:6.4.1.2 2.1.3.15]	COG0777	AccD	Acetyl-CoA carboxylase beta subunit	AG-900-K21_00831	-5
CACCBF010000005.1	86015	87283	+	AG-900-K21_00827	AG-900-K21	422	OG0000181	NA	NA	COG0285	FolC	Folylpolyglutamate synthase/Dihydropteroate synthase	AG-900-K21_00831	-4
CACCBF010000005.1	87280	87597	-	AG-900-K21_00828	AG-900-K21	105	OG0000169	NA	NA	COG3118	CnoX	Chaperedoxin CnoX, contains thioredoxin-like and TPR-like domains, YbbN/TrxSC family	AG-900-K21_00831	-3
CACCBF010000005.1	87632	89068	-	AG-900-K21_00829	AG-900-K21	478	OG0000183	NA	NA	COG2925	SbcB	Exonuclease I (degrades ssDNA)	AG-900-K21_00831	-2
CACCBF010000005.1	89077	89763	-	AG-900-K21_00830	AG-900-K21	228	OG0001010	NA	NA	NA	NA	NA	AG-900-K21_00831	-1
CACCBF010000005.1	89801	90892	-	AG-900-K21_00831	AG-900-K21	363	OG0001004	NA	NA	COG1322	RmuC	DNA anti-recombination protein (rearrangement mutator) RmuC	AG-900-K21_00831	0
CACCBF010000005.1	90923	91054	+	AG-900-K21_00832	AG-900-K21	43	OG0001245	NA	NA	NA	NA	NA	AG-900-K21_00831	1
CACCBF010000005.1	91040	91726	-	AG-900-K21_00833	AG-900-K21	228	OG0000403	NA	NA	COG0040	HisG	ATP phosphoribosyltransferase	AG-900-K21_00831	2
CACCBF010000005.1	91723	92781	-	AG-900-K21_00834	AG-900-K21	352	OG0000374	NA	NA	COG3705	HisZ	ATP phosphoribosyltransferase regulatory subunit HisZ	AG-900-K21_00831	3
CACCBF010000005.1	92759	94156	-	AG-900-K21_00835	AG-900-K21	465	OG0000812	K01892	histidyl-tRNA synthetase [EC:6.1.1.21]	COG0124	HisS	Histidyl-tRNA synthetase	AG-900-K21_00831	4
CACCBF010000005.1	94505	94717	-	AG-900-K21_00837	AG-900-K21	70	OG0000914	K03704	cold shock protein	COG1278	CspC	Cold shock protein, CspA family	AG-900-K21_00831	5
CACCOB010000003.1	206051	206254	+	AG-901-I06_01137	AG-901-I06	67	OG0000905	K02518	translation initiation factor IF-1	COG0361	InfA	Translation initiation factor IF-1	AG-901-I06_01144	-5
CACCOB010000003.1	206453	206665	+	AG-901-I06_01139	AG-901-I06	70	OG0000914	K03704	cold shock protein	COG1278	CspC	Cold shock protein, CspA family	AG-901-I06_01144	-4
CACCOB010000003.1	206973	208367	+	AG-901-I06_01141	AG-901-I06	464	OG0000812	K01892	histidyl-tRNA synthetase [EC:6.1.1.21]	COG0124	HisS	Histidyl-tRNA synthetase	AG-901-I06_01144	-3
CACCOB010000003.1	208345	209394	+	AG-901-I06_01142	AG-901-I06	349	OG0000374	NA	NA	COG3705	HisZ	ATP phosphoribosyltransferase regulatory subunit HisZ	AG-901-I06_01144	-2
CACCOB010000003.1	209387	210064	+	AG-901-I06_01143	AG-901-I06	225	OG0000403	NA	NA	COG0040	HisG	ATP phosphoribosyltransferase	AG-901-I06_01144	-1
CACCOB010000003.1	210109	211209	+	AG-901-I06_01144	AG-901-I06	366	OG0001004	NA	NA	COG1322	RmuC	DNA anti-recombination protein (rearrangement mutator) RmuC	AG-901-I06_01144	0
CACCOB010000003.1	211221	211907	+	AG-901-I06_01145	AG-901-I06	228	OG0001010	NA	NA	NA	NA	NA	AG-901-I06_01144	1
CACCOB010000003.1	212030	213463	+	AG-901-I06_01146	AG-901-I06	477	OG0000183	NA	NA	COG2925	SbcB	Exonuclease I (degrades ssDNA)	AG-901-I06_01144	2
CACCOB010000003.1	213531	213851	+	AG-901-I06_01147	AG-901-I06	106	OG0000169	K03671	thioredoxin 1	COG3118	CnoX	Chaperedoxin CnoX, contains thioredoxin-like and TPR-like domains, YbbN/TrxSC family	AG-901-I06_01144	3
CACCOB010000003.1	213848	215113	-	AG-901-I06_01148	AG-901-I06	421	OG0000181	NA	NA	COG0285	FolC	Folylpolyglutamate synthase/Dihydropteroate synthase	AG-901-I06_01144	4
CACCOB010000003.1	215070	215999	-	AG-901-I06_01149	AG-901-I06	309	OG0000239	K01963	acetyl-CoA carboxylase carboxyl transferase subunit beta [EC:6.4.1.2 2.1.3.15]	COG0777	AccD	Acetyl-CoA carboxylase beta subunit	AG-901-I06_01144	5
CACCOG010000002.1	182729	182944	+	AG-901-I21_00501	AG-901-I21	71	OG0000905	K02518	translation initiation factor IF-1	COG0361	InfA	Translation initiation factor IF-1	AG-901-I21_00508	-5
CACCOG010000002.1	183128	183337	+	AG-901-I21_00503	AG-901-I21	69	OG0000914	K03704	cold shock protein	COG1278	CspC	Cold shock protein, CspA family	AG-901-I21_00508	-4
CACCOG010000002.1	183653	184987	+	AG-901-I21_00505	AG-901-I21	444	OG0000812	K01892	histidyl-tRNA synthetase [EC:6.1.1.21]	COG0124	HisS	Histidyl-tRNA synthetase	AG-901-I21_00508	-3
CACCOG010000002.1	184950	186017	+	AG-901-I21_00506	AG-901-I21	355	OG0000374	NA	NA	COG3705	HisZ	ATP phosphoribosyltransferase regulatory subunit HisZ	AG-901-I21_00508	-2
CACCOG010000002.1	186010	186693	+	AG-901-I21_00507	AG-901-I21	227	OG0000403	NA	NA	COG0040	HisG	ATP phosphoribosyltransferase	AG-901-I21_00508	-1
CACCOG010000002.1	186686	187750	+	AG-901-I21_00508	AG-901-I21	354	OG0001004	NA	NA	COG1322	RmuC	DNA anti-recombination protein (rearrangement mutator) RmuC	AG-901-I21_00508	0
CACCOG010000002.1	187786	188469	+	AG-901-I21_00509	AG-901-I21	227	OG0001010	NA	NA	NA	NA	NA	AG-901-I21_00508	1
CACCOG010000002.1	188568	189998	+	AG-901-I21_00510	AG-901-I21	476	OG0000183	NA	NA	COG2925	SbcB	Exonuclease I (degrades ssDNA)	AG-901-I21_00508	2
CACCOG010000002.1	190065	190382	+	AG-901-I21_00511	AG-901-I21	105	OG0000169	K03671	thioredoxin 1	COG3118	CnoX	Chaperedoxin CnoX, contains thioredoxin-like and TPR-like domains, YbbN/TrxSC family	AG-901-I21_00508	3
CACCOG010000002.1	190379	191644	-	AG-901-I21_00512	AG-901-I21	421	OG0000181	NA	NA	COG0285	FolC	Folylpolyglutamate synthase/Dihydropteroate synthase	AG-901-I21_00508	4
CACCOG010000002.1	191595	192527	-	AG-901-I21_00513	AG-901-I21	310	OG0000239	K01963	acetyl-CoA carboxylase carboxyl transferase subunit beta [EC:6.4.1.2 2.1.3.15]	COG0777	AccD	Acetyl-CoA carboxylase beta subunit	AG-901-I21_00508	5
CACCXN010000001.1	8532	9464	+	AG-903-C11_00010	AG-903-C11	310	OG0000239	K01963	acetyl-CoA carboxylase carboxyl transferase subunit beta [EC:6.4.1.2 2.1.3.15]	COG0777	AccD	Acetyl-CoA carboxylase beta subunit	AG-903-C11_00015	-5
CACCXN010000001.1	9418	10683	+	AG-903-C11_00011	AG-903-C11	421	OG0000181	NA	NA	COG0285	FolC	Folylpolyglutamate synthase/Dihydropteroate synthase	AG-903-C11_00015	-4
CACCXN010000001.1	10680	11000	-	AG-903-C11_00012	AG-903-C11	106	OG0000169	K03671	thioredoxin 1	COG3118	CnoX	Chaperedoxin CnoX, contains thioredoxin-like and TPR-like domains, YbbN/TrxSC family	AG-903-C11_00015	-3
CACCXN010000001.1	11067	12500	-	AG-903-C11_00013	AG-903-C11	477	OG0000183	NA	NA	COG2925	SbcB	Exonuclease I (degrades ssDNA)	AG-903-C11_00015	-2
CACCXN010000001.1	12623	13309	-	AG-903-C11_00014	AG-903-C11	228	OG0001010	NA	NA	COG2887	Slr0479	RecB family exonuclease	AG-903-C11_00015	-1
CACCXN010000001.1	13334	14431	-	AG-903-C11_00015	AG-903-C11	365	OG0001004	NA	NA	COG1322	RmuC	DNA anti-recombination protein (rearrangement mutator) RmuC	AG-903-C11_00015	0
CACCXN010000001.1	14462	15145	-	AG-903-C11_00016	AG-903-C11	227	OG0000403	NA	NA	COG0040	HisG	ATP phosphoribosyltransferase	AG-903-C11_00015	1
CACCXN010000001.1	15142	16194	-	AG-903-C11_00017	AG-903-C11	350	OG0000374	NA	NA	COG3705	HisZ	ATP phosphoribosyltransferase regulatory subunit HisZ	AG-903-C11_00015	2
CACCXN010000001.1	16172	17602	-	AG-903-C11_00018	AG-903-C11	476	OG0000812	K01892	histidyl-tRNA synthetase [EC:6.1.1.21]	COG0124	HisS	Histidyl-tRNA synthetase	AG-903-C11_00015	3
CACCXN010000001.1	17928	18140	-	AG-903-C11_00020	AG-903-C11	70	OG0000914	K03704	cold shock protein	COG1278	CspC	Cold shock protein, CspA family	AG-903-C11_00015	4
CACCXN010000001.1	18334	18549	-	AG-903-C11_00022	AG-903-C11	71	OG0000905	K02518	translation initiation factor IF-1	COG0361	InfA	Translation initiation factor IF-1	AG-903-C11_00015	5
CACCXO010000003.1	50952	51881	+	AG-903-D02_00568	AG-903-D02	309	OG0000239	K01963	acetyl-CoA carboxylase carboxyl transferase subunit beta [EC:6.4.1.2 2.1.3.15]	COG0777	AccD	Acetyl-CoA carboxylase beta subunit	AG-903-D02_00573	-5
CACCXO010000003.1	51835	53103	+	AG-903-D02_00569	AG-903-D02	422	OG0000181	NA	NA	COG0285	FolC	Folylpolyglutamate synthase/Dihydropteroate synthase	AG-903-D02_00573	-4
CACCXO010000003.1	53100	53417	-	AG-903-D02_00570	AG-903-D02	105	OG0000169	NA	NA	COG3118	CnoX	Chaperedoxin CnoX, contains thioredoxin-like and TPR-like domains, YbbN/TrxSC family	AG-903-D02_00573	-3
CACCXO010000003.1	53452	54888	-	AG-903-D02_00571	AG-903-D02	478	OG0000183	NA	NA	COG2925	SbcB	Exonuclease I (degrades ssDNA)	AG-903-D02_00573	-2
CACCXO010000003.1	54897	55583	-	AG-903-D02_00572	AG-903-D02	228	OG0001010	NA	NA	COG1074	RecB	3'-5' helicase subunit RecB of the DNA repair enzyme RecBCD (exonuclease V)	AG-903-D02_00573	-1
CACCXO010000003.1	55621	56718	-	AG-903-D02_00573	AG-903-D02	365	OG0001004	NA	NA	COG1322	RmuC	DNA anti-recombination protein (rearrangement mutator) RmuC	AG-903-D02_00573	0
CACCXO010000003.1	56783	56917	+	AG-903-D02_00574	AG-903-D02	44	OG0001245	NA	NA	NA	NA	NA	AG-903-D02_00573	1
CACCXO010000003.1	56897	57589	-	AG-903-D02_00575	AG-903-D02	230	OG0000403	NA	NA	COG0040	HisG	ATP phosphoribosyltransferase	AG-903-D02_00573	2
CACCXO010000003.1	57579	58427	-	AG-903-D02_00576	AG-903-D02	282	OG0000077	NA	NA	NA	NA	NA	AG-903-D02_00573	3
CACCXO010000003.1	58424	59479	-	AG-903-D02_00577	AG-903-D02	351	OG0000374	NA	NA	COG3705	HisZ	ATP phosphoribosyltransferase regulatory subunit HisZ	AG-903-D02_00573	4
CACCXO010000003.1	59457	60851	-	AG-903-D02_00578	AG-903-D02	464	OG0000812	K01892	histidyl-tRNA synthetase [EC:6.1.1.21]	COG0124	HisS	Histidyl-tRNA synthetase	AG-903-D02_00573	5
CACDEB010000001.1	86312	87241	+	AG-903-K07_00082	AG-903-K07	309	OG0000239	K01963	acetyl-CoA carboxylase carboxyl transferase subunit beta [EC:6.4.1.2 2.1.3.15]	COG0777	AccD	Acetyl-CoA carboxylase beta subunit	AG-903-K07_00087	-5
CACDEB010000001.1	87195	88463	+	AG-903-K07_00083	AG-903-K07	422	OG0000181	NA	NA	COG0285	FolC	Folylpolyglutamate synthase/Dihydropteroate synthase	AG-903-K07_00087	-4
CACDEB010000001.1	88460	88777	-	AG-903-K07_00084	AG-903-K07	105	OG0000169	K03671	thioredoxin 1	COG3118	CnoX	Chaperedoxin CnoX, contains thioredoxin-like and TPR-like domains, YbbN/TrxSC family	AG-903-K07_00087	-3
CACDEB010000001.1	88844	90325	-	AG-903-K07_00085	AG-903-K07	493	OG0000183	NA	NA	COG2925	SbcB	Exonuclease I (degrades ssDNA)	AG-903-K07_00087	-2
CACDEB010000001.1	90380	91063	-	AG-903-K07_00086	AG-903-K07	227	OG0001010	NA	NA	NA	NA	NA	AG-903-K07_00087	-1
CACDEB010000001.1	91100	92155	-	AG-903-K07_00087	AG-903-K07	351	OG0001004	NA	NA	COG1322	RmuC	DNA anti-recombination protein (rearrangement mutator) RmuC	AG-903-K07_00087	0
CACDEB010000001.1	92247	92378	+	AG-903-K07_00088	AG-903-K07	43	OG0001245	NA	NA	NA	NA	NA	AG-903-K07_00087	1
CACDEB010000001.1	92367	93050	-	AG-903-K07_00089	AG-903-K07	227	OG0000403	NA	NA	COG0040	HisG	ATP phosphoribosyltransferase	AG-903-K07_00087	2
CACDEB010000001.1	93054	94103	-	AG-903-K07_00090	AG-903-K07	349	OG0000374	NA	NA	COG3705	HisZ	ATP phosphoribosyltransferase regulatory subunit HisZ	AG-903-K07_00087	3
CACDEB010000001.1	95782	95991	-	AG-903-K07_00092	AG-903-K07	69	OG0000914	K03704	cold shock protein	COG1278	CspC	Cold shock protein, CspA family	AG-903-K07_00087	4
CACDEB010000001.1	96177	96392	-	AG-903-K07_00094	AG-903-K07	71	OG0000905	K02518	translation initiation factor IF-1	COG0361	InfA	Translation initiation factor IF-1	AG-903-K07_00087	5
CACDFI010000002.1	71131	72060	+	AG-903-L07_00394	AG-903-L07	309	OG0000239	K01963	acetyl-CoA carboxylase carboxyl transferase subunit beta [EC:6.4.1.2 2.1.3.15]	COG0777	AccD	Acetyl-CoA carboxylase beta subunit	AG-903-L07_00399	-5
CACDFI010000002.1	72017	73282	+	AG-903-L07_00395	AG-903-L07	421	OG0000181	NA	NA	COG0285	FolC	Folylpolyglutamate synthase/Dihydropteroate synthase	AG-903-L07_00399	-4
CACDFI010000002.1	73279	73599	-	AG-903-L07_00396	AG-903-L07	106	OG0000169	K03671	thioredoxin 1	COG3118	CnoX	Chaperedoxin CnoX, contains thioredoxin-like and TPR-like domains, YbbN/TrxSC family	AG-903-L07_00399	-3
CACDFI010000002.1	73667	75100	-	AG-903-L07_00397	AG-903-L07	477	OG0000183	NA	NA	COG2925	SbcB	Exonuclease I (degrades ssDNA)	AG-903-L07_00399	-2
CACDFI010000002.1	75225	75911	-	AG-903-L07_00398	AG-903-L07	228	OG0001010	NA	NA	NA	NA	NA	AG-903-L07_00399	-1
CACDFI010000002.1	75923	77023	-	AG-903-L07_00399	AG-903-L07	366	OG0001004	NA	NA	COG1322	RmuC	DNA anti-recombination protein (rearrangement mutator) RmuC	AG-903-L07_00399	0
CACDFI010000002.1	77068	77745	-	AG-903-L07_00400	AG-903-L07	225	OG0000403	NA	NA	COG0040	HisG	ATP phosphoribosyltransferase	AG-903-L07_00399	1
CACDFI010000002.1	77738	78787	-	AG-903-L07_00401	AG-903-L07	349	OG0000374	NA	NA	COG3705	HisZ	ATP phosphoribosyltransferase regulatory subunit HisZ	AG-903-L07_00399	2
CACDFI010000002.1	78765	80159	-	AG-903-L07_00402	AG-903-L07	464	OG0000812	K01892	histidyl-tRNA synthetase [EC:6.1.1.21]	COG0124	HisS	Histidyl-tRNA synthetase	AG-903-L07_00399	3
CACDFI010000002.1	80468	80680	-	AG-903-L07_00404	AG-903-L07	70	OG0000914	K03704	cold shock protein	COG1278	CspC	Cold shock protein, CspA family	AG-903-L07_00399	4
CACDFI010000002.1	80879	81097	-	AG-903-L07_00406	AG-903-L07	72	OG0000905	K02518	translation initiation factor IF-1	COG0361	InfA	Translation initiation factor IF-1	AG-903-L07_00399	5
CACDGO010000001.1	94739	95317	-	AG-903-M21_00097	AG-903-M21	192	OG0001093	NA	NA	COG2249	MdaB	Putative NADPH-quinone reductase (modulator of drug activity B)	AG-903-M21_00102	-5
CACDGO010000001.1	95320	95475	-	AG-903-M21_00098	AG-903-M21	51	OG0001817	NA	NA	NA	NA	NA	AG-903-M21_00102	-4
CACDGO010000001.1	95582	95788	+	AG-903-M21_00099	AG-903-M21	68	OG0000871	NA	NA	NA	NA	NA	AG-903-M21_00102	-3
CACDGO010000001.1	95844	96935	+	AG-903-M21_00100	AG-903-M21	363	OG0001540	K06941	23S rRNA (adenine2503-C2)-methyltransferase [EC:2.1.1.192]	COG0820	RlmN	Adenine C2-methylase RlmN of 23S rRNA A2503 and tRNA A37	AG-903-M21_00102	-2
CACDGO010000001.1	96928	97878	+	AG-903-M21_00101	AG-903-M21	316	OG0001311	NA	NA	NA	NA	NA	AG-903-M21_00102	-1
CACDGO010000001.1	97895	98923	+	AG-903-M21_00102	AG-903-M21	342	OG0001004	NA	NA	COG1322	RmuC	DNA anti-recombination protein (rearrangement mutator) RmuC	AG-903-M21_00102	0
CACDGO010000001.1	98933	100354	+	AG-903-M21_00103	AG-903-M21	473	OG0000183	NA	NA	COG2925	SbcB	Exonuclease I (degrades ssDNA)	AG-903-M21_00102	1
CACDGO010000001.1	100389	100706	+	AG-903-M21_00104	AG-903-M21	105	OG0000169	NA	NA	COG3118	CnoX	Chaperedoxin CnoX, contains thioredoxin-like and TPR-like domains, YbbN/TrxSC family	AG-903-M21_00102	2
CACDGO010000001.1	100703	101965	-	AG-903-M21_00105	AG-903-M21	420	OG0000181	NA	NA	NA	NA	NA	AG-903-M21_00102	3
CACDGO010000001.1	101928	102842	-	AG-903-M21_00106	AG-903-M21	304	OG0000239	K01963	acetyl-CoA carboxylase carboxyl transferase subunit beta [EC:6.4.1.2 2.1.3.15]	COG0777	AccD	Acetyl-CoA carboxylase beta subunit	AG-903-M21_00102	4
CACDGO010000001.1	102839	103639	-	AG-903-M21_00107	AG-903-M21	266	OG0000196	K01695	tryptophan synthase alpha chain [EC:4.2.1.20]	COG0159	TrpA	Tryptophan synthase alpha chain	AG-903-M21_00102	5
CACDIC010000005.1	32937	33863	+	AG-903-O08_00589	AG-903-O08	308	OG0000239	K01963	acetyl-CoA carboxylase carboxyl transferase subunit beta [EC:6.4.1.2 2.1.3.15]	COG0777	AccD	Acetyl-CoA carboxylase beta subunit	AG-903-O08_00594	-5
CACDIC010000005.1	33820	35085	+	AG-903-O08_00590	AG-903-O08	421	OG0000181	NA	NA	COG0285	FolC	Folylpolyglutamate synthase/Dihydropteroate synthase	AG-903-O08_00594	-4
CACDIC010000005.1	35082	35399	-	AG-903-O08_00591	AG-903-O08	105	OG0000169	NA	NA	COG3118	CnoX	Chaperedoxin CnoX, contains thioredoxin-like and TPR-like domains, YbbN/TrxSC family	AG-903-O08_00594	-3
CACDIC010000005.1	35434	36870	-	AG-903-O08_00592	AG-903-O08	478	OG0000183	NA	NA	COG2925	SbcB	Exonuclease I (degrades ssDNA)	AG-903-O08_00594	-2
CACDIC010000005.1	36879	37565	-	AG-903-O08_00593	AG-903-O08	228	OG0001010	NA	NA	NA	NA	NA	AG-903-O08_00594	-1
CACDIC010000005.1	37603	38700	-	AG-903-O08_00594	AG-903-O08	365	OG0001004	NA	NA	COG1322	RmuC	DNA anti-recombination protein (rearrangement mutator) RmuC	AG-903-O08_00594	0
CACDIC010000005.1	38800	38931	+	AG-903-O08_00595	AG-903-O08	43	OG0001245	NA	NA	NA	NA	NA	AG-903-O08_00594	1
CACDIC010000005.1	38917	39603	-	AG-903-O08_00596	AG-903-O08	228	OG0000403	NA	NA	COG0040	HisG	ATP phosphoribosyltransferase	AG-903-O08_00594	2
CACDIC010000005.1	39605	40657	-	AG-903-O08_00597	AG-903-O08	350	OG0000374	NA	NA	COG3705	HisZ	ATP phosphoribosyltransferase regulatory subunit HisZ	AG-903-O08_00594	3
CACDIC010000005.1	40635	42032	-	AG-903-O08_00598	AG-903-O08	465	OG0000812	K01892	histidyl-tRNA synthetase [EC:6.1.1.21]	COG0124	HisS	Histidyl-tRNA synthetase	AG-903-O08_00594	4
CACDIC010000005.1	42180	42281	-	AG-903-O08_00599	AG-903-O08	33	OG0001648	NA	NA	NA	NA	NA	AG-903-O08_00594	5
CACDQH010000002.1	223637	223837	+	AG-904-F17_00653	AG-904-F17	66	OG0003098	NA	NA	NA	NA	NA	AG-904-F17_00659	-5
CACDQH010000002.1	223842	223940	+	AG-904-F17_00654	AG-904-F17	32	OG0004202	NA	NA	NA	NA	NA	AG-904-F17_00659	-4
CACDQH010000002.1	224101	224280	+	AG-904-F17_00656	AG-904-F17	59	OG0001693	NA	NA	NA	NA	NA	AG-904-F17_00659	-3
CACDQH010000002.1	224277	224570	+	AG-904-F17_00657	AG-904-F17	97	OG0001570	NA	NA	NA	NA	NA	AG-904-F17_00659	-2
CACDQH010000002.1	224551	224763	+	AG-904-F17_00658	AG-904-F17	70	OG0002666	NA	NA	NA	NA	NA	AG-904-F17_00659	-1
CACDQH010000002.1	224796	225887	+	AG-904-F17_00659	AG-904-F17	363	OG0001004	NA	NA	COG1322	RmuC	DNA anti-recombination protein (rearrangement mutator) RmuC	AG-904-F17_00659	0
CACDQH010000002.1	225925	226611	+	AG-904-F17_00660	AG-904-F17	228	OG0001010	NA	NA	NA	NA	NA	AG-904-F17_00659	1
CACDQH010000002.1	226620	228056	+	AG-904-F17_00661	AG-904-F17	478	OG0000183	NA	NA	COG2925	SbcB	Exonuclease I (degrades ssDNA)	AG-904-F17_00659	2
CACDQH010000002.1	228091	228408	+	AG-904-F17_00662	AG-904-F17	105	OG0000169	NA	NA	COG3118	CnoX	Chaperedoxin CnoX, contains thioredoxin-like and TPR-like domains, YbbN/TrxSC family	AG-904-F17_00659	3
CACDQH010000002.1	228405	229673	-	AG-904-F17_00663	AG-904-F17	422	OG0000181	NA	NA	COG0285	FolC	Folylpolyglutamate synthase/Dihydropteroate synthase	AG-904-F17_00659	4
CACDQH010000002.1	229627	230556	-	AG-904-F17_00664	AG-904-F17	309	OG0000239	K01963	acetyl-CoA carboxylase carboxyl transferase subunit beta [EC:6.4.1.2 2.1.3.15]	COG0777	AccD	Acetyl-CoA carboxylase beta subunit	AG-904-F17_00659	5
CACDSY010000002.1	100402	100617	+	AG-904-K03_00430	AG-904-K03	71	OG0000905	K02518	translation initiation factor IF-1	COG0361	InfA	Translation initiation factor IF-1	AG-904-K03_00437	-5
CACDSY010000002.1	100817	101029	+	AG-904-K03_00432	AG-904-K03	70	OG0000914	K03704	cold shock protein	COG1278	CspC	Cold shock protein, CspA family	AG-904-K03_00437	-4
CACDSY010000002.1	101340	102734	+	AG-904-K03_00434	AG-904-K03	464	OG0000812	K01892	histidyl-tRNA synthetase [EC:6.1.1.21]	COG0124	HisS	Histidyl-tRNA synthetase	AG-904-K03_00437	-3
CACDSY010000002.1	102712	103761	+	AG-904-K03_00435	AG-904-K03	349	OG0000374	NA	NA	COG3705	HisZ	ATP phosphoribosyltransferase regulatory subunit HisZ	AG-904-K03_00437	-2
CACDSY010000002.1	103754	104431	+	AG-904-K03_00436	AG-904-K03	225	OG0000403	NA	NA	COG0040	HisG	ATP phosphoribosyltransferase	AG-904-K03_00437	-1
CACDSY010000002.1	104454	105551	+	AG-904-K03_00437	AG-904-K03	365	OG0001004	NA	NA	COG1322	RmuC	DNA anti-recombination protein (rearrangement mutator) RmuC	AG-904-K03_00437	0
CACDSY010000002.1	105588	106274	+	AG-904-K03_00438	AG-904-K03	228	OG0001010	NA	NA	NA	NA	NA	AG-904-K03_00437	1
CACDSY010000002.1	106398	107831	+	AG-904-K03_00439	AG-904-K03	477	OG0000183	NA	NA	COG2925	SbcB	Exonuclease I (degrades ssDNA)	AG-904-K03_00437	2
CACDSY010000002.1	107898	108215	+	AG-904-K03_00440	AG-904-K03	105	OG0000169	K03671	thioredoxin 1	COG3118	CnoX	Chaperedoxin CnoX, contains thioredoxin-like and TPR-like domains, YbbN/TrxSC family	AG-904-K03_00437	3
CACDSY010000002.1	108212	109477	-	AG-904-K03_00441	AG-904-K03	421	OG0000181	NA	NA	COG0285	FolC	Folylpolyglutamate synthase/Dihydropteroate synthase	AG-904-K03_00437	4
CACDSY010000002.1	109434	110363	-	AG-904-K03_00442	AG-904-K03	309	OG0000239	K01963	acetyl-CoA carboxylase carboxyl transferase subunit beta [EC:6.4.1.2 2.1.3.15]	COG0777	AccD	Acetyl-CoA carboxylase beta subunit	AG-904-K03_00437	5
CACDZM010000005.1	47618	48547	+	AG-905-A07_00762	AG-905-A07	309	OG0000239	K01963	acetyl-CoA carboxylase carboxyl transferase subunit beta [EC:6.4.1.2 2.1.3.15]	COG0777	AccD	Acetyl-CoA carboxylase beta subunit	AG-905-A07_00767	-5
CACDZM010000005.1	48495	49766	+	AG-905-A07_00763	AG-905-A07	423	OG0000181	NA	NA	COG0285	FolC	Folylpolyglutamate synthase/Dihydropteroate synthase	AG-905-A07_00767	-4
CACDZM010000005.1	49763	50080	-	AG-905-A07_00764	AG-905-A07	105	OG0000169	NA	NA	COG3118	CnoX	Chaperedoxin CnoX, contains thioredoxin-like and TPR-like domains, YbbN/TrxSC family	AG-905-A07_00767	-3
CACDZM010000005.1	50115	51551	-	AG-905-A07_00765	AG-905-A07	478	OG0000183	NA	NA	COG2925	SbcB	Exonuclease I (degrades ssDNA)	AG-905-A07_00767	-2
CACDZM010000005.1	51558	52244	-	AG-905-A07_00766	AG-905-A07	228	OG0001010	NA	NA	NA	NA	NA	AG-905-A07_00767	-1
CACDZM010000005.1	52282	53373	-	AG-905-A07_00767	AG-905-A07	363	OG0001004	NA	NA	COG1322	RmuC	DNA anti-recombination protein (rearrangement mutator) RmuC	AG-905-A07_00767	0
CACDZM010000005.1	53404	53535	+	AG-905-A07_00768	AG-905-A07	43	OG0001245	NA	NA	NA	NA	NA	AG-905-A07_00767	1
CACDZM010000005.1	53521	54207	-	AG-905-A07_00769	AG-905-A07	228	OG0000403	NA	NA	COG0040	HisG	ATP phosphoribosyltransferase	AG-905-A07_00767	2
CACDZM010000005.1	54204	55262	-	AG-905-A07_00770	AG-905-A07	352	OG0000374	NA	NA	COG3705	HisZ	ATP phosphoribosyltransferase regulatory subunit HisZ	AG-905-A07_00767	3
CACDZM010000005.1	55240	56637	-	AG-905-A07_00771	AG-905-A07	465	OG0000812	K01892	histidyl-tRNA synthetase [EC:6.1.1.21]	COG0124	HisS	Histidyl-tRNA synthetase	AG-905-A07_00767	4
CACDZM010000005.1	56989	57201	-	AG-905-A07_00772	AG-905-A07	70	OG0000914	K03704	cold shock protein	COG1278	CspC	Cold shock protein, CspA family	AG-905-A07_00767	5
CACEDX010000002.1	2292	2708	+	AG-905-E10_00133	AG-905-E10	138	OG0000239	NA	NA	COG0777	AccD	Acetyl-CoA carboxylase beta subunit	AG-905-E10_00138	-5
CACEDX010000002.1	2665	3930	+	AG-905-E10_00134	AG-905-E10	421	OG0000181	NA	NA	COG0285	FolC	Folylpolyglutamate synthase/Dihydropteroate synthase	AG-905-E10_00138	-4
CACEDX010000002.1	3927	4244	-	AG-905-E10_00135	AG-905-E10	105	OG0000169	NA	NA	COG3118	CnoX	Chaperedoxin CnoX, contains thioredoxin-like and TPR-like domains, YbbN/TrxSC family	AG-905-E10_00138	-3
CACEDX010000002.1	4279	5715	-	AG-905-E10_00136	AG-905-E10	478	OG0000183	NA	NA	COG2925	SbcB	Exonuclease I (degrades ssDNA)	AG-905-E10_00138	-2
CACEDX010000002.1	5718	6407	-	AG-905-E10_00137	AG-905-E10	229	OG0001010	NA	NA	NA	NA	NA	AG-905-E10_00138	-1
CACEDX010000002.1	6445	7500	-	AG-905-E10_00138	AG-905-E10	351	OG0001004	NA	NA	COG1322	RmuC	DNA anti-recombination protein (rearrangement mutator) RmuC	AG-905-E10_00138	0
CACEDX010000002.1	7533	7739	-	AG-905-E10_00139	AG-905-E10	68	OG0002666	NA	NA	NA	NA	NA	AG-905-E10_00138	1
CACEDX010000002.1	7741	8019	-	AG-905-E10_00140	AG-905-E10	92	OG0001570	NA	NA	NA	NA	NA	AG-905-E10_00138	2
CACEDX010000002.1	8445	8657	-	AG-905-E10_00141	AG-905-E10	70	OG0003856	NA	NA	NA	NA	NA	AG-905-E10_00138	3
CACEDX010000002.1	8811	8900	+	AG-905-E10_00142	AG-905-E10	29	NA	NA	NA	NA	NA	NA	AG-905-E10_00138	4
CACEDX010000002.1	8860	9144	+	AG-905-E10_00143	AG-905-E10	94	NA	NA	NA	NA	NA	NA	AG-905-E10_00138	5
CACEDU010000006.1	197	883	+	AG-905-E11_00871	AG-905-E11	228	OG0001010	NA	NA	COG1074	RecB	3'-5' helicase subunit RecB of the DNA repair enzyme RecBCD (exonuclease V)	AG-905-E11_00872	-1
CACEDU010000006.1	1008	2075	+	AG-905-E11_00872	AG-905-E11	355	OG0001004	NA	NA	COG1322	RmuC	DNA anti-recombination protein (rearrangement mutator) RmuC	AG-905-E11_00872	0
CACEDU010000006.1	2072	3505	+	AG-905-E11_00873	AG-905-E11	477	OG0000183	NA	NA	COG2925	SbcB	Exonuclease I (degrades ssDNA)	AG-905-E11_00872	1
CACEDU010000006.1	3573	3893	+	AG-905-E11_00874	AG-905-E11	106	OG0000169	K03671	thioredoxin 1	COG3118	CnoX	Chaperedoxin CnoX, contains thioredoxin-like and TPR-like domains, YbbN/TrxSC family	AG-905-E11_00872	2
CACEDU010000006.1	3890	5155	-	AG-905-E11_00875	AG-905-E11	421	OG0000181	NA	NA	COG0285	FolC	Folylpolyglutamate synthase/Dihydropteroate synthase	AG-905-E11_00872	3
CACEDU010000006.1	5112	6041	-	AG-905-E11_00876	AG-905-E11	309	OG0000239	K01963	acetyl-CoA carboxylase carboxyl transferase subunit beta [EC:6.4.1.2 2.1.3.15]	COG0777	AccD	Acetyl-CoA carboxylase beta subunit	AG-905-E11_00872	4
CACEDU010000006.1	6038	6838	-	AG-905-E11_00877	AG-905-E11	266	OG0000196	K01695	tryptophan synthase alpha chain [EC:4.2.1.20]	COG0159	TrpA	Tryptophan synthase alpha chain	AG-905-E11_00872	5
CACEKE010000001.1	174489	175337	-	AG-905-M05_00208	AG-905-M05	282	OG0000874	NA	NA	COG0385	YfeH	Predicted Na+-dependent transporter YfeH	AG-905-M05_00213	-5
CACEKE010000001.1	175383	175565	-	AG-905-M05_00209	AG-905-M05	60	OG0001220	NA	NA	NA	NA	NA	AG-905-M05_00213	-4
CACEKE010000001.1	175706	176083	-	AG-905-M05_00210	AG-905-M05	125	OG0000513	K13256	protein PsiE	COG3223	PsiE	Phosphate starvation-inducible membrane PsiE (function unknown)	AG-905-M05_00213	-3
CACEKE010000001.1	176125	176685	-	AG-905-M05_00211	AG-905-M05	186	OG0000787	NA	NA	COG2062	SixA	Phosphohistidine phosphatase SixA	AG-905-M05_00213	-2
CACEKE010000001.1	176707	177102	-	AG-905-M05_00212	AG-905-M05	131	OG0001722	NA	NA	NA	NA	NA	AG-905-M05_00213	-1
CACEKE010000001.1	177131	178147	-	AG-905-M05_00213	AG-905-M05	338	OG0001004	NA	NA	NA	NA	NA	AG-905-M05_00213	0
CACEKE010000001.1	178144	178434	-	AG-905-M05_00214	AG-905-M05	96	OG0001570	NA	NA	NA	NA	NA	AG-905-M05_00213	1
CACEKE010000001.1	178434	178712	-	AG-905-M05_00215	AG-905-M05	92	OG0001571	NA	NA	NA	NA	NA	AG-905-M05_00213	2
CACEKE010000001.1	179059	179490	-	AG-905-M05_00216	AG-905-M05	143	OG0001747	NA	NA	NA	NA	NA	AG-905-M05_00213	3
CACEKE010000001.1	179577	180737	+	AG-905-M05_00217	AG-905-M05	386	OG0001376	K00558	DNA (cytosine-5)-methyltransferase 1 [EC:2.1.1.37]	COG0270	Dcm	DNA-cytosine methylase Dcm or eukaryotic tRNA-C38 C5-methylase, Dcm/DNMT2/TRDMT1 family	AG-905-M05_00213	4
CACEKE010000001.1	180749	181804	+	AG-905-M05_00218	AG-905-M05	351	OG0002333	K07454	putative restriction endonuclease	COG3440	NA	Predicted restriction endonuclease	AG-905-M05_00213	5
CACEMI010000001.1	77162	78091	+	AG-905-O08_00078	AG-905-O08	309	OG0000239	K01963	acetyl-CoA carboxylase carboxyl transferase subunit beta [EC:6.4.1.2 2.1.3.15]	COG0777	AccD	Acetyl-CoA carboxylase beta subunit	AG-905-O08_00083	-5
CACEMI010000001.1	78048	79313	+	AG-905-O08_00079	AG-905-O08	421	OG0000181	NA	NA	COG0285	FolC	Folylpolyglutamate synthase/Dihydropteroate synthase	AG-905-O08_00083	-4
CACEMI010000001.1	79310	79630	-	AG-905-O08_00080	AG-905-O08	106	OG0000169	K03671	thioredoxin 1	COG3118	CnoX	Chaperedoxin CnoX, contains thioredoxin-like and TPR-like domains, YbbN/TrxSC family	AG-905-O08_00083	-3
CACEMI010000001.1	79698	81131	-	AG-905-O08_00081	AG-905-O08	477	OG0000183	NA	NA	COG2925	SbcB	Exonuclease I (degrades ssDNA)	AG-905-O08_00083	-2
CACEMI010000001.1	81256	81942	-	AG-905-O08_00082	AG-905-O08	228	OG0001010	NA	NA	NA	NA	NA	AG-905-O08_00083	-1
CACEMI010000001.1	81954	83054	-	AG-905-O08_00083	AG-905-O08	366	OG0001004	NA	NA	COG1322	RmuC	DNA anti-recombination protein (rearrangement mutator) RmuC	AG-905-O08_00083	0
CACEMI010000001.1	83099	83776	-	AG-905-O08_00084	AG-905-O08	225	OG0000403	NA	NA	COG0040	HisG	ATP phosphoribosyltransferase	AG-905-O08_00083	1
CACEMI010000001.1	83769	84818	-	AG-905-O08_00085	AG-905-O08	349	OG0000374	NA	NA	COG3705	HisZ	ATP phosphoribosyltransferase regulatory subunit HisZ	AG-905-O08_00083	2
CACEMI010000001.1	84796	86190	-	AG-905-O08_00086	AG-905-O08	464	OG0000812	K01892	histidyl-tRNA synthetase [EC:6.1.1.21]	COG0124	HisS	Histidyl-tRNA synthetase	AG-905-O08_00083	3
CACEMI010000001.1	86499	86711	-	AG-905-O08_00088	AG-905-O08	70	OG0000914	K03704	cold shock protein	COG1278	CspC	Cold shock protein, CspA family	AG-905-O08_00083	4
CACEMI010000001.1	86910	87128	-	AG-905-O08_00090	AG-905-O08	72	OG0000905	K02518	translation initiation factor IF-1	COG0361	InfA	Translation initiation factor IF-1	AG-905-O08_00083	5
CACEPS010000001.1	297921	298862	+	AG-907-B09_00333	AG-907-B09	313	OG0000239	NA	NA	COG0777	AccD	Acetyl-CoA carboxylase beta subunit	AG-907-B09_00338	-5
CACEPS010000001.1	298813	300096	+	AG-907-B09_00334	AG-907-B09	427	OG0000181	NA	NA	COG0285	FolC	Folylpolyglutamate synthase/Dihydropteroate synthase	AG-907-B09_00338	-4
CACEPS010000001.1	300093	300635	+	AG-907-B09_00335	AG-907-B09	180	OG0000787	NA	NA	COG2062	SixA	Phosphohistidine phosphatase SixA	AG-907-B09_00338	-3
CACEPS010000001.1	300636	300959	-	AG-907-B09_00336	AG-907-B09	107	OG0000169	K03671	thioredoxin 1	COG3118	CnoX	Chaperedoxin CnoX, contains thioredoxin-like and TPR-like domains, YbbN/TrxSC family	AG-907-B09_00338	-2
CACEPS010000001.1	301016	302437	-	AG-907-B09_00337	AG-907-B09	473	OG0000183	K01141	exodeoxyribonuclease I [EC:3.1.11.1]	COG2925	SbcB	Exonuclease I (degrades ssDNA)	AG-907-B09_00338	-1
CACEPS010000001.1	302434	303348	-	AG-907-B09_00338	AG-907-B09	304	OG0001004	NA	NA	COG1322	RmuC	DNA anti-recombination protein (rearrangement mutator) RmuC	AG-907-B09_00338	0
CACEPS010000001.1	303479	303892	-	AG-907-B09_00339	AG-907-B09	137	OG0002573	K07458	DNA mismatch endonuclease, patch repair protein [EC:3.1.-.-]	COG3727	Vsr	G:T-mismatch repair DNA endonuclease Vsr, very short patch repair protein	AG-907-B09_00338	1
CACEPS010000001.1	303885	305006	-	AG-907-B09_00340	AG-907-B09	373	OG0002797	NA	NA	NA	NA	NA	AG-907-B09_00338	2
CACEPS010000001.1	305008	305793	-	AG-907-B09_00341	AG-907-B09	261	OG0004212	NA	NA	NA	NA	NA	AG-907-B09_00338	3
CACEPS010000001.1	305777	307939	-	AG-907-B09_00342	AG-907-B09	720	OG0002796	NA	NA	NA	NA	NA	AG-907-B09_00338	4
CACEPS010000001.1	307936	308388	-	AG-907-B09_00343	AG-907-B09	150	OG0002600	NA	NA	NA	NA	NA	AG-907-B09_00338	5
CACEQG010000002.1	163902	164834	+	AG-907-C04_00531	AG-907-C04	310	OG0000239	K01963	acetyl-CoA carboxylase carboxyl transferase subunit beta [EC:6.4.1.2 2.1.3.15]	COG0777	AccD	Acetyl-CoA carboxylase beta subunit	AG-907-C04_00536	-5
CACEQG010000002.1	164788	166053	+	AG-907-C04_00532	AG-907-C04	421	OG0000181	NA	NA	COG0285	FolC	Folylpolyglutamate synthase/Dihydropteroate synthase	AG-907-C04_00536	-4
CACEQG010000002.1	166050	166367	-	AG-907-C04_00533	AG-907-C04	105	OG0000169	NA	NA	COG3118	CnoX	Chaperedoxin CnoX, contains thioredoxin-like and TPR-like domains, YbbN/TrxSC family	AG-907-C04_00536	-3
CACEQG010000002.1	166402	167838	-	AG-907-C04_00534	AG-907-C04	478	OG0000183	NA	NA	COG2925	SbcB	Exonuclease I (degrades ssDNA)	AG-907-C04_00536	-2
CACEQG010000002.1	167845	168531	-	AG-907-C04_00535	AG-907-C04	228	OG0001010	NA	NA	NA	NA	NA	AG-907-C04_00536	-1
CACEQG010000002.1	168569	169660	-	AG-907-C04_00536	AG-907-C04	363	OG0001004	NA	NA	COG1322	RmuC	DNA anti-recombination protein (rearrangement mutator) RmuC	AG-907-C04_00536	0
CACEQG010000002.1	169691	169822	+	AG-907-C04_00537	AG-907-C04	43	OG0001245	NA	NA	NA	NA	NA	AG-907-C04_00536	1
CACEQG010000002.1	169808	170494	-	AG-907-C04_00538	AG-907-C04	228	OG0000403	NA	NA	COG0040	HisG	ATP phosphoribosyltransferase	AG-907-C04_00536	2
CACEQG010000002.1	170491	171549	-	AG-907-C04_00539	AG-907-C04	352	OG0000374	NA	NA	COG3705	HisZ	ATP phosphoribosyltransferase regulatory subunit HisZ	AG-907-C04_00536	3
CACEQG010000002.1	171527	172924	-	AG-907-C04_00540	AG-907-C04	465	OG0000812	K01892	histidyl-tRNA synthetase [EC:6.1.1.21]	COG0124	HisS	Histidyl-tRNA synthetase	AG-907-C04_00536	4
CACEQG010000002.1	173072	173173	-	AG-907-C04_00541	AG-907-C04	33	OG0001648	NA	NA	NA	NA	NA	AG-907-C04_00536	5
CACESO010000003.1	139878	140810	+	AG-907-E04_00519	AG-907-E04	310	OG0000239	K01963	acetyl-CoA carboxylase carboxyl transferase subunit beta [EC:6.4.1.2 2.1.3.15]	COG0777	AccD	Acetyl-CoA carboxylase beta subunit	AG-907-E04_00524	-5
CACESO010000003.1	140764	142032	+	AG-907-E04_00520	AG-907-E04	422	OG0000181	NA	NA	COG0285	FolC	Folylpolyglutamate synthase/Dihydropteroate synthase	AG-907-E04_00524	-4
CACESO010000003.1	142029	142346	-	AG-907-E04_00521	AG-907-E04	105	OG0000169	K03671	thioredoxin 1	COG3118	CnoX	Chaperedoxin CnoX, contains thioredoxin-like and TPR-like domains, YbbN/TrxSC family	AG-907-E04_00524	-3
CACESO010000003.1	142413	143894	-	AG-907-E04_00522	AG-907-E04	493	OG0000183	NA	NA	COG2925	SbcB	Exonuclease I (degrades ssDNA)	AG-907-E04_00524	-2
CACESO010000003.1	143949	144632	-	AG-907-E04_00523	AG-907-E04	227	OG0001010	NA	NA	NA	NA	NA	AG-907-E04_00524	-1
CACESO010000003.1	144669	145724	-	AG-907-E04_00524	AG-907-E04	351	OG0001004	NA	NA	COG1322	RmuC	DNA anti-recombination protein (rearrangement mutator) RmuC	AG-907-E04_00524	0
CACESO010000003.1	145816	145947	+	AG-907-E04_00525	AG-907-E04	43	OG0001245	NA	NA	NA	NA	NA	AG-907-E04_00524	1
CACESO010000003.1	145936	146619	-	AG-907-E04_00526	AG-907-E04	227	OG0000403	NA	NA	COG0040	HisG	ATP phosphoribosyltransferase	AG-907-E04_00524	2
CACESO010000003.1	146623	147672	-	AG-907-E04_00527	AG-907-E04	349	OG0000374	NA	NA	COG3705	HisZ	ATP phosphoribosyltransferase regulatory subunit HisZ	AG-907-E04_00524	3
CACESO010000003.1	149351	149560	-	AG-907-E04_00529	AG-907-E04	69	OG0000914	K03704	cold shock protein	COG1278	CspC	Cold shock protein, CspA family	AG-907-E04_00524	4
CACESO010000003.1	149746	149961	-	AG-907-E04_00531	AG-907-E04	71	OG0000905	K02518	translation initiation factor IF-1	COG0361	InfA	Translation initiation factor IF-1	AG-907-E04_00524	5
CACETY010000004.1	22069	22284	+	AG-907-F09_00459	AG-907-F09	71	OG0000905	K02518	translation initiation factor IF-1	COG0361	InfA	Translation initiation factor IF-1	AG-907-F09_00466	-5
CACETY010000004.1	22483	22695	+	AG-907-F09_00461	AG-907-F09	70	OG0000914	K03704	cold shock protein	COG1278	CspC	Cold shock protein, CspA family	AG-907-F09_00466	-4
CACETY010000004.1	23005	24399	+	AG-907-F09_00463	AG-907-F09	464	OG0000812	K01892	histidyl-tRNA synthetase [EC:6.1.1.21]	COG0124	HisS	Histidyl-tRNA synthetase	AG-907-F09_00466	-3
CACETY010000004.1	24377	25426	+	AG-907-F09_00464	AG-907-F09	349	OG0000374	NA	NA	COG3705	HisZ	ATP phosphoribosyltransferase regulatory subunit HisZ	AG-907-F09_00466	-2
CACETY010000004.1	25419	26096	+	AG-907-F09_00465	AG-907-F09	225	OG0000403	NA	NA	COG0040	HisG	ATP phosphoribosyltransferase	AG-907-F09_00466	-1
CACETY010000004.1	26141	27241	+	AG-907-F09_00466	AG-907-F09	366	OG0001004	NA	NA	COG1322	RmuC	DNA anti-recombination protein (rearrangement mutator) RmuC	AG-907-F09_00466	0
CACETY010000004.1	27253	27540	+	AG-907-F09_00467	AG-907-F09	95	OG0001010	NA	NA	NA	NA	NA	AG-907-F09_00466	1
CACETY010000004.1	27515	27940	+	AG-907-F09_00468	AG-907-F09	141	OG0001010	NA	NA	NA	NA	NA	AG-907-F09_00466	2
CACETY010000004.1	28065	29498	+	AG-907-F09_00469	AG-907-F09	477	OG0000183	NA	NA	COG2925	SbcB	Exonuclease I (degrades ssDNA)	AG-907-F09_00466	3
CACETY010000004.1	29565	29882	+	AG-907-F09_00470	AG-907-F09	105	OG0000169	K03671	thioredoxin 1	COG3118	CnoX	Chaperedoxin CnoX, contains thioredoxin-like and TPR-like domains, YbbN/TrxSC family	AG-907-F09_00466	4
CACETY010000004.1	29879	31144	-	AG-907-F09_00471	AG-907-F09	421	OG0000181	NA	NA	COG0285	FolC	Folylpolyglutamate synthase/Dihydropteroate synthase	AG-907-F09_00466	5
CACFHY010000009.1	18193	18405	+	AG-908-C18_01008	AG-908-C18	70	OG0000914	K03704	cold shock protein	COG1278	CspC	Cold shock protein, CspA family	AG-908-C18_01014	-5
CACFHY010000009.1	18716	20110	+	AG-908-C18_01010	AG-908-C18	464	OG0000812	K01892	histidyl-tRNA synthetase [EC:6.1.1.21]	COG0124	HisS	Histidyl-tRNA synthetase	AG-908-C18_01014	-4
CACFHY010000009.1	20088	21140	+	AG-908-C18_01011	AG-908-C18	350	OG0000374	NA	NA	COG3705	HisZ	ATP phosphoribosyltransferase regulatory subunit HisZ	AG-908-C18_01014	-3
CACFHY010000009.1	21140	21832	+	AG-908-C18_01012	AG-908-C18	230	OG0000403	NA	NA	COG0040	HisG	ATP phosphoribosyltransferase	AG-908-C18_01014	-2
CACFHY010000009.1	21815	21946	-	AG-908-C18_01013	AG-908-C18	43	OG0001245	NA	NA	NA	NA	NA	AG-908-C18_01014	-1
CACFHY010000009.1	22011	23108	+	AG-908-C18_01014	AG-908-C18	365	OG0001004	NA	NA	COG1322	RmuC	DNA anti-recombination protein (rearrangement mutator) RmuC	AG-908-C18_01014	0
CACFHY010000009.1	23145	23831	+	AG-908-C18_01015	AG-908-C18	228	OG0001010	NA	NA	NA	NA	NA	AG-908-C18_01014	1
CACFHY010000009.1	23838	25274	+	AG-908-C18_01016	AG-908-C18	478	OG0000183	NA	NA	COG2925	SbcB	Exonuclease I (degrades ssDNA)	AG-908-C18_01014	2
CACFHY010000009.1	25309	25626	+	AG-908-C18_01017	AG-908-C18	105	OG0000169	NA	NA	COG3118	CnoX	Chaperedoxin CnoX, contains thioredoxin-like and TPR-like domains, YbbN/TrxSC family	AG-908-C18_01014	3
CACFHY010000009.1	25623	26888	-	AG-908-C18_01018	AG-908-C18	421	OG0000181	NA	NA	COG0285	FolC	Folylpolyglutamate synthase/Dihydropteroate synthase	AG-908-C18_01014	4
CACFHY010000009.1	26842	27771	-	AG-908-C18_01019	AG-908-C18	309	OG0000239	K01963	acetyl-CoA carboxylase carboxyl transferase subunit beta [EC:6.4.1.2 2.1.3.15]	COG0777	AccD	Acetyl-CoA carboxylase beta subunit	AG-908-C18_01014	5
CACFLJ010000013.1	18348	19277	+	AG-908-F18_01134	AG-908-F18	309	OG0000239	K01963	acetyl-CoA carboxylase carboxyl transferase subunit beta [EC:6.4.1.2 2.1.3.15]	COG0777	AccD	Acetyl-CoA carboxylase beta subunit	AG-908-F18_01139	-5
CACFLJ010000013.1	19234	20499	+	AG-908-F18_01135	AG-908-F18	421	OG0000181	NA	NA	COG0285	FolC	Folylpolyglutamate synthase/Dihydropteroate synthase	AG-908-F18_01139	-4
CACFLJ010000013.1	20496	20813	-	AG-908-F18_01136	AG-908-F18	105	OG0000169	K03671	thioredoxin 1	COG3118	CnoX	Chaperedoxin CnoX, contains thioredoxin-like and TPR-like domains, YbbN/TrxSC family	AG-908-F18_01139	-3
CACFLJ010000013.1	20880	22313	-	AG-908-F18_01137	AG-908-F18	477	OG0000183	NA	NA	COG2925	SbcB	Exonuclease I (degrades ssDNA)	AG-908-F18_01139	-2
CACFLJ010000013.1	22438	23124	-	AG-908-F18_01138	AG-908-F18	228	OG0001010	NA	NA	NA	NA	NA	AG-908-F18_01139	-1
CACFLJ010000013.1	23161	24258	-	AG-908-F18_01139	AG-908-F18	365	OG0001004	NA	NA	COG1322	RmuC	DNA anti-recombination protein (rearrangement mutator) RmuC	AG-908-F18_01139	0
CACFLJ010000013.1	24281	24958	-	AG-908-F18_01140	AG-908-F18	225	OG0000403	NA	NA	COG0040	HisG	ATP phosphoribosyltransferase	AG-908-F18_01139	1
CACFLJ010000013.1	24951	25247	-	AG-908-F18_01141	AG-908-F18	98	OG0000374	NA	NA	COG3705	HisZ	ATP phosphoribosyltransferase regulatory subunit HisZ	AG-908-F18_01139	2
CACFLK010000001.1	341897	341998	+	AG-908-F20_00378	AG-908-F20	33	OG0001648	NA	NA	NA	NA	NA	AG-908-F20_00384	-5
CACFLK010000001.1	342146	343543	+	AG-908-F20_00380	AG-908-F20	465	OG0000812	K01892	histidyl-tRNA synthetase [EC:6.1.1.21]	COG0124	HisS	Histidyl-tRNA synthetase	AG-908-F20_00384	-4
CACFLK010000001.1	343521	344579	+	AG-908-F20_00381	AG-908-F20	352	OG0000374	NA	NA	COG3705	HisZ	ATP phosphoribosyltransferase regulatory subunit HisZ	AG-908-F20_00384	-3
CACFLK010000001.1	344576	345262	+	AG-908-F20_00382	AG-908-F20	228	OG0000403	NA	NA	COG0040	HisG	ATP phosphoribosyltransferase	AG-908-F20_00384	-2
CACFLK010000001.1	345248	345379	-	AG-908-F20_00383	AG-908-F20	43	OG0001245	NA	NA	NA	NA	NA	AG-908-F20_00384	-1
CACFLK010000001.1	345410	346501	+	AG-908-F20_00384	AG-908-F20	363	OG0001004	NA	NA	COG1322	RmuC	DNA anti-recombination protein (rearrangement mutator) RmuC	AG-908-F20_00384	0
CACFLK010000001.1	346539	347225	+	AG-908-F20_00385	AG-908-F20	228	OG0001010	NA	NA	NA	NA	NA	AG-908-F20_00384	1
CACFLK010000001.1	347234	348670	+	AG-908-F20_00386	AG-908-F20	478	OG0000183	NA	NA	COG2925	SbcB	Exonuclease I (degrades ssDNA)	AG-908-F20_00384	2
CACFLK010000001.1	348705	349022	+	AG-908-F20_00387	AG-908-F20	105	OG0000169	NA	NA	COG3118	CnoX	Chaperedoxin CnoX, contains thioredoxin-like and TPR-like domains, YbbN/TrxSC family	AG-908-F20_00384	3
CACFLK010000001.1	349019	350287	-	AG-908-F20_00388	AG-908-F20	422	OG0000181	NA	NA	COG0285	FolC	Folylpolyglutamate synthase/Dihydropteroate synthase	AG-908-F20_00384	4
CACFLK010000001.1	350241	351176	-	AG-908-F20_00389	AG-908-F20	311	OG0000239	K01963	acetyl-CoA carboxylase carboxyl transferase subunit beta [EC:6.4.1.2 2.1.3.15]	COG0777	AccD	Acetyl-CoA carboxylase beta subunit	AG-908-F20_00384	5
CACFPI010000027.1	147	581	+	AG-908-L09_01312	AG-908-L09	144	OG0000403	NA	NA	COG0040	HisG	ATP phosphoribosyltransferase	AG-908-L09_01313	-1
CACFPI010000027.1	623	1720	+	AG-908-L09_01313	AG-908-L09	365	OG0001004	NA	NA	COG1322	RmuC	DNA anti-recombination protein (rearrangement mutator) RmuC	AG-908-L09_01313	0
CACFPI010000027.1	1744	2430	+	AG-908-L09_01314	AG-908-L09	228	OG0001010	NA	NA	NA	NA	NA	AG-908-L09_01313	1
CACFPI010000027.1	2555	3988	+	AG-908-L09_01315	AG-908-L09	477	OG0000183	NA	NA	COG2925	SbcB	Exonuclease I (degrades ssDNA)	AG-908-L09_01313	2
CACFPI010000027.1	4055	4375	+	AG-908-L09_01316	AG-908-L09	106	OG0000169	K03671	thioredoxin 1	COG3118	CnoX	Chaperedoxin CnoX, contains thioredoxin-like and TPR-like domains, YbbN/TrxSC family	AG-908-L09_01313	3
CACFPI010000027.1	4372	4626	-	AG-908-L09_01317	AG-908-L09	84	OG0000181	NA	NA	COG0285	FolC	Folylpolyglutamate synthase/Dihydropteroate synthase	AG-908-L09_01313	4
CACFUR010000003.1	10993	11922	+	AG-909-A17_00429	AG-909-A17	309	OG0000239	K01963	acetyl-CoA carboxylase carboxyl transferase subunit beta [EC:6.4.1.2 2.1.3.15]	COG0777	AccD	Acetyl-CoA carboxylase beta subunit	AG-909-A17_00434	-5
CACFUR010000003.1	11873	13138	+	AG-909-A17_00430	AG-909-A17	421	OG0000181	NA	NA	COG0285	FolC	Folylpolyglutamate synthase/Dihydropteroate synthase	AG-909-A17_00434	-4
CACFUR010000003.1	13135	13452	-	AG-909-A17_00431	AG-909-A17	105	OG0000169	K03671	thioredoxin 1	COG3118	CnoX	Chaperedoxin CnoX, contains thioredoxin-like and TPR-like domains, YbbN/TrxSC family	AG-909-A17_00434	-3
CACFUR010000003.1	13519	14949	-	AG-909-A17_00432	AG-909-A17	476	OG0000183	NA	NA	COG2925	SbcB	Exonuclease I (degrades ssDNA)	AG-909-A17_00434	-2
CACFUR010000003.1	15048	15731	-	AG-909-A17_00433	AG-909-A17	227	OG0001010	NA	NA	NA	NA	NA	AG-909-A17_00434	-1
CACFUR010000003.1	15767	16822	-	AG-909-A17_00434	AG-909-A17	351	OG0001004	NA	NA	COG1322	RmuC	DNA anti-recombination protein (rearrangement mutator) RmuC	AG-909-A17_00434	0
CACFUR010000003.1	16824	17507	-	AG-909-A17_00435	AG-909-A17	227	OG0000403	NA	NA	COG0040	HisG	ATP phosphoribosyltransferase	AG-909-A17_00434	1
CACFUR010000003.1	17500	18552	-	AG-909-A17_00436	AG-909-A17	350	OG0000374	NA	NA	COG3705	HisZ	ATP phosphoribosyltransferase regulatory subunit HisZ	AG-909-A17_00434	2
CACFUR010000003.1	20180	20389	-	AG-909-A17_00438	AG-909-A17	69	OG0000914	K03704	cold shock protein	COG1278	CspC	Cold shock protein, CspA family	AG-909-A17_00434	3
CACFUR010000003.1	20577	20792	-	AG-909-A17_00440	AG-909-A17	71	OG0000905	K02518	translation initiation factor IF-1	COG0361	InfA	Translation initiation factor IF-1	AG-909-A17_00434	4
CACFUR010000003.1	20794	22089	-	AG-909-A17_00441	AG-909-A17	431	OG0000814	NA	NA	COG0141	HisD	Histidinol dehydrogenase	AG-909-A17_00434	5
CACFZE010000008.1	57082	58014	+	AG-909-F14_01147	AG-909-F14	310	OG0000239	K01963	acetyl-CoA carboxylase carboxyl transferase subunit beta [EC:6.4.1.2 2.1.3.15]	COG0777	AccD	Acetyl-CoA carboxylase beta subunit	AG-909-F14_01152	-5
CACFZE010000008.1	57968	59233	+	AG-909-F14_01148	AG-909-F14	421	OG0000181	NA	NA	COG0285	FolC	Folylpolyglutamate synthase/Dihydropteroate synthase	AG-909-F14_01152	-4
CACFZE010000008.1	59230	59550	-	AG-909-F14_01149	AG-909-F14	106	OG0000169	K03671	thioredoxin 1	COG3118	CnoX	Chaperedoxin CnoX, contains thioredoxin-like and TPR-like domains, YbbN/TrxSC family	AG-909-F14_01152	-3
CACFZE010000008.1	59617	61050	-	AG-909-F14_01150	AG-909-F14	477	OG0000183	NA	NA	COG2925	SbcB	Exonuclease I (degrades ssDNA)	AG-909-F14_01152	-2
CACFZE010000008.1	61173	61859	-	AG-909-F14_01151	AG-909-F14	228	OG0001010	NA	NA	COG2887	Slr0479	RecB family exonuclease	AG-909-F14_01152	-1
CACFZE010000008.1	61883	62980	-	AG-909-F14_01152	AG-909-F14	365	OG0001004	NA	NA	COG1322	RmuC	DNA anti-recombination protein (rearrangement mutator) RmuC	AG-909-F14_01152	0
CACFZE010000008.1	63011	63694	-	AG-909-F14_01153	AG-909-F14	227	OG0000403	NA	NA	COG0040	HisG	ATP phosphoribosyltransferase	AG-909-F14_01152	1
CACFZE010000008.1	63691	64743	-	AG-909-F14_01154	AG-909-F14	350	OG0000374	NA	NA	COG3705	HisZ	ATP phosphoribosyltransferase regulatory subunit HisZ	AG-909-F14_01152	2
CACFZE010000008.1	64721	66151	-	AG-909-F14_01155	AG-909-F14	476	OG0000812	K01892	histidyl-tRNA synthetase [EC:6.1.1.21]	COG0124	HisS	Histidyl-tRNA synthetase	AG-909-F14_01152	3
CACFZE010000008.1	66298	66435	-	AG-909-F14_01157	AG-909-F14	45	OG0002047	NA	NA	NA	NA	NA	AG-909-F14_01152	4
CACFZE010000008.1	66477	66689	-	AG-909-F14_01158	AG-909-F14	70	OG0000914	K03704	cold shock protein	COG1278	CspC	Cold shock protein, CspA family	AG-909-F14_01152	5
CACGAC010000003.1	69850	70782	+	AG-909-G08_00567	AG-909-G08	310	OG0000239	K01963	acetyl-CoA carboxylase carboxyl transferase subunit beta [EC:6.4.1.2 2.1.3.15]	COG0777	AccD	Acetyl-CoA carboxylase beta subunit	AG-909-G08_00572	-5
CACGAC010000003.1	70736	72001	+	AG-909-G08_00568	AG-909-G08	421	OG0000181	NA	NA	COG0285	FolC	Folylpolyglutamate synthase/Dihydropteroate synthase	AG-909-G08_00572	-4
CACGAC010000003.1	71998	72315	-	AG-909-G08_00569	AG-909-G08	105	OG0000169	NA	NA	COG3118	CnoX	Chaperedoxin CnoX, contains thioredoxin-like and TPR-like domains, YbbN/TrxSC family	AG-909-G08_00572	-3
CACGAC010000003.1	72350	73786	-	AG-909-G08_00570	AG-909-G08	478	OG0000183	NA	NA	COG2925	SbcB	Exonuclease I (degrades ssDNA)	AG-909-G08_00572	-2
CACGAC010000003.1	73793	74479	-	AG-909-G08_00571	AG-909-G08	228	OG0001010	NA	NA	COG1074	RecB	3'-5' helicase subunit RecB of the DNA repair enzyme RecBCD (exonuclease V)	AG-909-G08_00572	-1
CACGAC010000003.1	74517	75608	-	AG-909-G08_00572	AG-909-G08	363	OG0001004	NA	NA	COG1322	RmuC	DNA anti-recombination protein (rearrangement mutator) RmuC	AG-909-G08_00572	0
CACGAC010000003.1	75756	76442	-	AG-909-G08_00573	AG-909-G08	228	OG0000403	NA	NA	COG0040	HisG	ATP phosphoribosyltransferase	AG-909-G08_00572	1
CACGAC010000003.1	76445	77497	-	AG-909-G08_00574	AG-909-G08	350	OG0000374	NA	NA	COG3705	HisZ	ATP phosphoribosyltransferase regulatory subunit HisZ	AG-909-G08_00572	2
CACGAC010000003.1	77475	78872	-	AG-909-G08_00575	AG-909-G08	465	OG0000812	K01892	histidyl-tRNA synthetase [EC:6.1.1.21]	COG0124	HisS	Histidyl-tRNA synthetase	AG-909-G08_00572	3
CACGAC010000003.1	79020	79121	-	AG-909-G08_00576	AG-909-G08	33	OG0001648	NA	NA	NA	NA	NA	AG-909-G08_00572	4
CACGAC010000003.1	79216	79428	-	AG-909-G08_00577	AG-909-G08	70	OG0000914	K03704	cold shock protein	COG1278	CspC	Cold shock protein, CspA family	AG-909-G08_00572	5
CACGBV010000008.1	32269	32370	+	AG-909-J05_00746	AG-909-J05	33	OG0001648	NA	NA	NA	NA	NA	AG-909-J05_00751	-5
CACGBV010000008.1	32518	33915	+	AG-909-J05_00747	AG-909-J05	465	OG0000812	K01892	histidyl-tRNA synthetase [EC:6.1.1.21]	COG0124	HisS	Histidyl-tRNA synthetase	AG-909-J05_00751	-4
CACGBV010000008.1	33893	34951	+	AG-909-J05_00748	AG-909-J05	352	OG0000374	NA	NA	COG3705	HisZ	ATP phosphoribosyltransferase regulatory subunit HisZ	AG-909-J05_00751	-3
CACGBV010000008.1	34948	35634	+	AG-909-J05_00749	AG-909-J05	228	OG0000403	K00765	ATP phosphoribosyltransferase [EC:2.4.2.17]	COG0040	HisG	ATP phosphoribosyltransferase	AG-909-J05_00751	-2
CACGBV010000008.1	35620	35751	-	AG-909-J05_00750	AG-909-J05	43	OG0001245	NA	NA	NA	NA	NA	AG-909-J05_00751	-1
CACGBV010000008.1	35782	36873	+	AG-909-J05_00751	AG-909-J05	363	OG0001004	NA	NA	COG1322	RmuC	DNA anti-recombination protein (rearrangement mutator) RmuC	AG-909-J05_00751	0
CACGBV010000008.1	36911	37597	+	AG-909-J05_00752	AG-909-J05	228	OG0001010	NA	NA	NA	NA	NA	AG-909-J05_00751	1
CACGBV010000008.1	37604	39040	+	AG-909-J05_00753	AG-909-J05	478	OG0000183	NA	NA	COG2925	SbcB	Exonuclease I (degrades ssDNA)	AG-909-J05_00751	2
CACGBV010000008.1	39075	39392	+	AG-909-J05_00754	AG-909-J05	105	OG0000169	NA	NA	COG3118	CnoX	Chaperedoxin CnoX, contains thioredoxin-like and TPR-like domains, YbbN/TrxSC family	AG-909-J05_00751	3
CACGBV010000008.1	39389	39733	-	AG-909-J05_00755	AG-909-J05	114	OG0000181	NA	NA	COG0285	FolC	Folylpolyglutamate synthase/Dihydropteroate synthase	AG-909-J05_00751	4
CACGJX010000002.1	166801	166902	+	AG-910-B05_00412	AG-910-B05	33	OG0001648	NA	NA	NA	NA	NA	AG-910-B05_00417	-5
CACGJX010000002.1	167050	168447	+	AG-910-B05_00413	AG-910-B05	465	OG0000812	K01892	histidyl-tRNA synthetase [EC:6.1.1.21]	COG0124	HisS	Histidyl-tRNA synthetase	AG-910-B05_00417	-4
CACGJX010000002.1	168425	169483	+	AG-910-B05_00414	AG-910-B05	352	OG0000374	NA	NA	COG3705	HisZ	ATP phosphoribosyltransferase regulatory subunit HisZ	AG-910-B05_00417	-3
CACGJX010000002.1	169480	170166	+	AG-910-B05_00415	AG-910-B05	228	OG0000403	NA	NA	COG0040	HisG	ATP phosphoribosyltransferase	AG-910-B05_00417	-2
CACGJX010000002.1	170152	170283	-	AG-910-B05_00416	AG-910-B05	43	OG0001245	NA	NA	NA	NA	NA	AG-910-B05_00417	-1
CACGJX010000002.1	170314	171405	+	AG-910-B05_00417	AG-910-B05	363	OG0001004	NA	NA	COG1322	RmuC	DNA anti-recombination protein (rearrangement mutator) RmuC	AG-910-B05_00417	0
CACGJX010000002.1	171443	172132	+	AG-910-B05_00418	AG-910-B05	229	OG0001010	NA	NA	COG1074	RecB	3'-5' helicase subunit RecB of the DNA repair enzyme RecBCD (exonuclease V)	AG-910-B05_00417	1
CACGJX010000002.1	172137	173573	+	AG-910-B05_00419	AG-910-B05	478	OG0000183	NA	NA	COG2925	SbcB	Exonuclease I (degrades ssDNA)	AG-910-B05_00417	2
CACGJX010000002.1	173608	173925	+	AG-910-B05_00420	AG-910-B05	105	OG0000169	NA	NA	COG3118	CnoX	Chaperedoxin CnoX, contains thioredoxin-like and TPR-like domains, YbbN/TrxSC family	AG-910-B05_00417	3
CACGJX010000002.1	173922	175187	-	AG-910-B05_00421	AG-910-B05	421	OG0000181	NA	NA	COG0285	FolC	Folylpolyglutamate synthase/Dihydropteroate synthase	AG-910-B05_00417	4
CACGJX010000002.1	175141	176073	-	AG-910-B05_00422	AG-910-B05	310	OG0000239	K01963	acetyl-CoA carboxylase carboxyl transferase subunit beta [EC:6.4.1.2 2.1.3.15]	COG0777	AccD	Acetyl-CoA carboxylase beta subunit	AG-910-B05_00417	5
CACGPY010000001.1	82429	83007	-	AG-910-G11_00089	AG-910-G11	192	OG0001093	NA	NA	COG2249	MdaB	Putative NADPH-quinone reductase (modulator of drug activity B)	AG-910-G11_00094	-5
CACGPY010000001.1	83010	83165	-	AG-910-G11_00090	AG-910-G11	51	OG0001817	NA	NA	NA	NA	NA	AG-910-G11_00094	-4
CACGPY010000001.1	83272	83478	+	AG-910-G11_00091	AG-910-G11	68	OG0000871	NA	NA	NA	NA	NA	AG-910-G11_00094	-3
CACGPY010000001.1	83535	84626	+	AG-910-G11_00092	AG-910-G11	363	OG0001540	K06941	23S rRNA (adenine2503-C2)-methyltransferase [EC:2.1.1.192]	COG0820	RlmN	Adenine C2-methylase RlmN of 23S rRNA A2503 and tRNA A37	AG-910-G11_00094	-2
CACGPY010000001.1	84619	85566	+	AG-910-G11_00093	AG-910-G11	315	OG0001311	NA	NA	COG1397	DraG	ADP-ribosylglycohydrolase	AG-910-G11_00094	-1
CACGPY010000001.1	85593	86621	+	AG-910-G11_00094	AG-910-G11	342	OG0001004	NA	NA	COG1322	RmuC	DNA anti-recombination protein (rearrangement mutator) RmuC	AG-910-G11_00094	0
CACGPY010000001.1	86629	88047	+	AG-910-G11_00095	AG-910-G11	472	OG0000183	NA	NA	COG2925	SbcB	Exonuclease I (degrades ssDNA)	AG-910-G11_00094	1
CACGPY010000001.1	88082	88402	+	AG-910-G11_00096	AG-910-G11	106	OG0000169	NA	NA	COG3118	CnoX	Chaperedoxin CnoX, contains thioredoxin-like and TPR-like domains, YbbN/TrxSC family	AG-910-G11_00094	2
CACGPY010000001.1	88399	89661	-	AG-910-G11_00097	AG-910-G11	420	OG0000181	NA	NA	COG0285	FolC	Folylpolyglutamate synthase/Dihydropteroate synthase	AG-910-G11_00094	3
CACGPY010000001.1	89624	90538	-	AG-910-G11_00098	AG-910-G11	304	OG0000239	K01963	acetyl-CoA carboxylase carboxyl transferase subunit beta [EC:6.4.1.2 2.1.3.15]	COG0777	AccD	Acetyl-CoA carboxylase beta subunit	AG-910-G11_00094	4
CACGPY010000001.1	90535	91335	-	AG-910-G11_00099	AG-910-G11	266	OG0000196	K01695	tryptophan synthase alpha chain [EC:4.2.1.20]	COG0159	TrpA	Tryptophan synthase alpha chain	AG-910-G11_00094	5
CACHCA010000002.1	43070	43171	+	AG-911-E04_00274	AG-911-E04	33	OG0001648	NA	NA	NA	NA	NA	AG-911-E04_00279	-5
CACHCA010000002.1	43319	44716	+	AG-911-E04_00275	AG-911-E04	465	OG0000812	K01892	histidyl-tRNA synthetase [EC:6.1.1.21]	COG0124	HisS	Histidyl-tRNA synthetase	AG-911-E04_00279	-4
CACHCA010000002.1	44694	45752	+	AG-911-E04_00276	AG-911-E04	352	OG0000374	NA	NA	COG3705	HisZ	ATP phosphoribosyltransferase regulatory subunit HisZ	AG-911-E04_00279	-3
CACHCA010000002.1	45749	46435	+	AG-911-E04_00277	AG-911-E04	228	OG0000403	NA	NA	COG0040	HisG	ATP phosphoribosyltransferase	AG-911-E04_00279	-2
CACHCA010000002.1	46421	46552	-	AG-911-E04_00278	AG-911-E04	43	OG0001245	NA	NA	NA	NA	NA	AG-911-E04_00279	-1
CACHCA010000002.1	46583	47674	+	AG-911-E04_00279	AG-911-E04	363	OG0001004	NA	NA	COG1322	RmuC	DNA anti-recombination protein (rearrangement mutator) RmuC	AG-911-E04_00279	0
CACHCA010000002.1	47712	48398	+	AG-911-E04_00280	AG-911-E04	228	OG0001010	NA	NA	NA	NA	NA	AG-911-E04_00279	1
CACHCA010000002.1	48406	49842	+	AG-911-E04_00281	AG-911-E04	478	OG0000183	NA	NA	COG2925	SbcB	Exonuclease I (degrades ssDNA)	AG-911-E04_00279	2
CACHCA010000002.1	49877	50194	+	AG-911-E04_00282	AG-911-E04	105	OG0000169	NA	NA	COG3118	CnoX	Chaperedoxin CnoX, contains thioredoxin-like and TPR-like domains, YbbN/TrxSC family	AG-911-E04_00279	3
CACHCA010000002.1	50191	51456	-	AG-911-E04_00283	AG-911-E04	421	OG0000181	NA	NA	COG0285	FolC	Folylpolyglutamate synthase/Dihydropteroate synthase	AG-911-E04_00279	4
CACHCA010000002.1	51410	52339	-	AG-911-E04_00284	AG-911-E04	309	OG0000239	K01963	acetyl-CoA carboxylase carboxyl transferase subunit beta [EC:6.4.1.2 2.1.3.15]	COG0777	AccD	Acetyl-CoA carboxylase beta subunit	AG-911-E04_00279	5
CACHEO010000010.1	18695	20089	+	AG-911-G03_01125	AG-911-G03	464	OG0000812	K01892	histidyl-tRNA synthetase [EC:6.1.1.21]	COG0124	HisS	Histidyl-tRNA synthetase	AG-911-G03_01130	-5
CACHEO010000010.1	20067	21122	+	AG-911-G03_01126	AG-911-G03	351	OG0000374	NA	NA	COG3705	HisZ	ATP phosphoribosyltransferase regulatory subunit HisZ	AG-911-G03_01130	-4
CACHEO010000010.1	21119	21967	+	AG-911-G03_01127	AG-911-G03	282	OG0000077	NA	NA	NA	NA	NA	AG-911-G03_01130	-3
CACHEO010000010.1	21957	22646	+	AG-911-G03_01128	AG-911-G03	229	OG0000403	NA	NA	COG0040	HisG	ATP phosphoribosyltransferase	AG-911-G03_01130	-2
CACHEO010000010.1	22629	22760	-	AG-911-G03_01129	AG-911-G03	43	OG0001245	NA	NA	NA	NA	NA	AG-911-G03_01130	-1
CACHEO010000010.1	22826	23923	+	AG-911-G03_01130	AG-911-G03	365	OG0001004	NA	NA	COG1322	RmuC	DNA anti-recombination protein (rearrangement mutator) RmuC	AG-911-G03_01130	0
CACHEO010000010.1	23961	24647	+	AG-911-G03_01131	AG-911-G03	228	OG0001010	NA	NA	COG1074	RecB	3'-5' helicase subunit RecB of the DNA repair enzyme RecBCD (exonuclease V)	AG-911-G03_01130	1
CACHEO010000010.1	24656	26092	+	AG-911-G03_01132	AG-911-G03	478	OG0000183	NA	NA	COG2925	SbcB	Exonuclease I (degrades ssDNA)	AG-911-G03_01130	2
CACHEO010000010.1	26127	26444	+	AG-911-G03_01133	AG-911-G03	105	OG0000169	NA	NA	COG3118	CnoX	Chaperedoxin CnoX, contains thioredoxin-like and TPR-like domains, YbbN/TrxSC family	AG-911-G03_01130	3
CACHEO010000010.1	26441	27709	-	AG-911-G03_01134	AG-911-G03	422	OG0000181	NA	NA	COG0285	FolC	Folylpolyglutamate synthase/Dihydropteroate synthase	AG-911-G03_01130	4
CACHEO010000010.1	27663	28592	-	AG-911-G03_01135	AG-911-G03	309	OG0000239	K01963	acetyl-CoA carboxylase carboxyl transferase subunit beta [EC:6.4.1.2 2.1.3.15]	COG0777	AccD	Acetyl-CoA carboxylase beta subunit	AG-911-G03_01130	5
CACHFP010000001.1	216342	216920	-	AG-911-G13_00236	AG-911-G13	192	OG0001093	NA	NA	COG2249	MdaB	Putative NADPH-quinone reductase (modulator of drug activity B)	AG-911-G13_00241	-5
CACHFP010000001.1	216920	217078	-	AG-911-G13_00237	AG-911-G13	52	OG0001817	NA	NA	NA	NA	NA	AG-911-G13_00241	-4
CACHFP010000001.1	217187	217393	+	AG-911-G13_00238	AG-911-G13	68	OG0000871	NA	NA	NA	NA	NA	AG-911-G13_00241	-3
CACHFP010000001.1	217449	218540	+	AG-911-G13_00239	AG-911-G13	363	OG0001540	K06941	23S rRNA (adenine2503-C2)-methyltransferase [EC:2.1.1.192]	COG0820	RlmN	Adenine C2-methylase RlmN of 23S rRNA A2503 and tRNA A37	AG-911-G13_00241	-2
CACHFP010000001.1	218533	219489	+	AG-911-G13_00240	AG-911-G13	318	OG0001311	NA	NA	COG1397	DraG	ADP-ribosylglycohydrolase	AG-911-G13_00241	-1
CACHFP010000001.1	219716	220702	+	AG-911-G13_00241	AG-911-G13	328	OG0001004	NA	NA	COG1322	RmuC	DNA anti-recombination protein (rearrangement mutator) RmuC	AG-911-G13_00241	0
CACHFP010000001.1	220704	222134	+	AG-911-G13_00242	AG-911-G13	476	OG0000183	NA	NA	COG2925	SbcB	Exonuclease I (degrades ssDNA)	AG-911-G13_00241	1
CACHFP010000001.1	222121	222462	+	AG-911-G13_00243	AG-911-G13	113	OG0001570	NA	NA	NA	NA	NA	AG-911-G13_00241	2
CACHFP010000001.1	222463	222624	+	AG-911-G13_00244	AG-911-G13	53	OG0001693	NA	NA	NA	NA	NA	AG-911-G13_00241	3
CACHFP010000001.1	222667	222984	+	AG-911-G13_00245	AG-911-G13	105	OG0000169	NA	NA	COG3118	CnoX	Chaperedoxin CnoX, contains thioredoxin-like and TPR-like domains, YbbN/TrxSC family	AG-911-G13_00241	4
CACHFP010000001.1	222981	224237	-	AG-911-G13_00246	AG-911-G13	418	OG0000181	NA	NA	NA	NA	NA	AG-911-G13_00241	5
CACHJZ010000006.1	51478	52413	+	AG-911-N14_01057	AG-911-N14	311	OG0000239	K01963	acetyl-CoA carboxylase carboxyl transferase subunit beta [EC:6.4.1.2 2.1.3.15]	COG0777	AccD	Acetyl-CoA carboxylase beta subunit	AG-911-N14_01062	-5
CACHJZ010000006.1	52367	53635	+	AG-911-N14_01058	AG-911-N14	422	OG0000181	NA	NA	COG0285	FolC	Folylpolyglutamate synthase/Dihydropteroate synthase	AG-911-N14_01062	-4
CACHJZ010000006.1	53632	53949	-	AG-911-N14_01059	AG-911-N14	105	OG0000169	NA	NA	COG3118	CnoX	Chaperedoxin CnoX, contains thioredoxin-like and TPR-like domains, YbbN/TrxSC family	AG-911-N14_01062	-3
CACHJZ010000006.1	53984	55417	-	AG-911-N14_01060	AG-911-N14	477	OG0000183	NA	NA	COG2925	SbcB	Exonuclease I (degrades ssDNA)	AG-911-N14_01062	-2
CACHJZ010000006.1	55536	56222	-	AG-911-N14_01061	AG-911-N14	228	OG0001010	NA	NA	NA	NA	NA	AG-911-N14_01062	-1
CACHJZ010000006.1	56259	57311	-	AG-911-N14_01062	AG-911-N14	350	OG0001004	NA	NA	COG1322	RmuC	DNA anti-recombination protein (rearrangement mutator) RmuC	AG-911-N14_01062	0
CACHJZ010000006.1	57454	58143	-	AG-911-N14_01063	AG-911-N14	229	OG0000403	NA	NA	COG0040	HisG	ATP phosphoribosyltransferase	AG-911-N14_01062	1
CACHJZ010000006.1	58136	59197	-	AG-911-N14_01064	AG-911-N14	353	OG0000374	NA	NA	COG3705	HisZ	ATP phosphoribosyltransferase regulatory subunit HisZ	AG-911-N14_01062	2
CACHJZ010000006.1	59175	60572	-	AG-911-N14_01065	AG-911-N14	465	OG0000812	K01892	histidyl-tRNA synthetase [EC:6.1.1.21]	COG0124	HisS	Histidyl-tRNA synthetase	AG-911-N14_01062	3
CACHJZ010000006.1	60879	61091	-	AG-911-N14_01067	AG-911-N14	70	OG0000914	K03704	cold shock protein	COG1278	CspC	Cold shock protein, CspA family	AG-911-N14_01062	4
CACHJZ010000006.1	61276	61431	-	AG-911-N14_01069	AG-911-N14	51	OG0000905	K02518	translation initiation factor IF-1	COG0361	InfA	Translation initiation factor IF-1	AG-911-N14_01062	5
CACHSE010000010.1	1607	1819	+	AG-912-C08_01008	AG-912-C08	70	OG0000914	K03704	cold shock protein	COG1278	CspC	Cold shock protein, CspA family	AG-912-C08_01014	-5
CACHSE010000010.1	1921	2022	+	AG-912-C08_01009	AG-912-C08	33	OG0001648	NA	NA	NA	NA	NA	AG-912-C08_01014	-4
CACHSE010000010.1	2171	3568	+	AG-912-C08_01011	AG-912-C08	465	OG0000812	K01892	histidyl-tRNA synthetase [EC:6.1.1.21]	COG0124	HisS	Histidyl-tRNA synthetase	AG-912-C08_01014	-3
CACHSE010000010.1	3546	4601	+	AG-912-C08_01012	AG-912-C08	351	OG0000374	NA	NA	COG3705	HisZ	ATP phosphoribosyltransferase regulatory subunit HisZ	AG-912-C08_01014	-2
CACHSE010000010.1	4598	5287	+	AG-912-C08_01013	AG-912-C08	229	OG0000403	NA	NA	COG0040	HisG	ATP phosphoribosyltransferase	AG-912-C08_01014	-1
CACHSE010000010.1	5435	6526	+	AG-912-C08_01014	AG-912-C08	363	OG0001004	NA	NA	COG1322	RmuC	DNA anti-recombination protein (rearrangement mutator) RmuC	AG-912-C08_01014	0
CACHSE010000010.1	6564	7250	+	AG-912-C08_01015	AG-912-C08	228	OG0001010	NA	NA	NA	NA	NA	AG-912-C08_01014	1
CACHSE010000010.1	7259	8695	+	AG-912-C08_01016	AG-912-C08	478	OG0000183	NA	NA	COG2925	SbcB	Exonuclease I (degrades ssDNA)	AG-912-C08_01014	2
CACHSE010000010.1	8730	9047	+	AG-912-C08_01017	AG-912-C08	105	OG0000169	NA	NA	COG3118	CnoX	Chaperedoxin CnoX, contains thioredoxin-like and TPR-like domains, YbbN/TrxSC family	AG-912-C08_01014	3
CACHSE010000010.1	9044	10312	-	AG-912-C08_01018	AG-912-C08	422	OG0000181	NA	NA	COG0285	FolC	Folylpolyglutamate synthase/Dihydropteroate synthase	AG-912-C08_01014	4
CACHSE010000010.1	10266	11201	-	AG-912-C08_01019	AG-912-C08	311	OG0000239	K01963	acetyl-CoA carboxylase carboxyl transferase subunit beta [EC:6.4.1.2 2.1.3.15]	COG0777	AccD	Acetyl-CoA carboxylase beta subunit	AG-912-C08_01014	5
CACHRI010000004.1	2246	3046	+	AG-912-D10_00651	AG-912-D10	266	OG0000196	K01695	tryptophan synthase alpha chain [EC:4.2.1.20]	COG0159	TrpA	Tryptophan synthase alpha chain	AG-912-D10_00656	-5
CACHRI010000004.1	3043	3963	+	AG-912-D10_00652	AG-912-D10	306	OG0000239	K01963	acetyl-CoA carboxylase carboxyl transferase subunit beta [EC:6.4.1.2 2.1.3.15]	COG0777	AccD	Acetyl-CoA carboxylase beta subunit	AG-912-D10_00656	-4
CACHRI010000004.1	3923	5188	+	AG-912-D10_00653	AG-912-D10	421	OG0000181	NA	NA	COG0285	FolC	Folylpolyglutamate synthase/Dihydropteroate synthase	AG-912-D10_00656	-3
CACHRI010000004.1	5185	5505	-	AG-912-D10_00654	AG-912-D10	106	OG0000169	K03671	thioredoxin 1	COG3118	CnoX	Chaperedoxin CnoX, contains thioredoxin-like and TPR-like domains, YbbN/TrxSC family	AG-912-D10_00656	-2
CACHRI010000004.1	5540	6961	-	AG-912-D10_00655	AG-912-D10	473	OG0000183	NA	NA	COG2925	SbcB	Exonuclease I (degrades ssDNA)	AG-912-D10_00656	-1
CACHRI010000004.1	6971	7999	-	AG-912-D10_00656	AG-912-D10	342	OG0001004	NA	NA	COG1322	RmuC	DNA anti-recombination protein (rearrangement mutator) RmuC	AG-912-D10_00656	0
CACHRI010000004.1	8090	8281	-	AG-912-D10_00657	AG-912-D10	63	OG0000871	NA	NA	NA	NA	NA	AG-912-D10_00656	1
CACHRI010000004.1	8402	8563	+	AG-912-D10_00658	AG-912-D10	53	OG0001817	NA	NA	NA	NA	NA	AG-912-D10_00656	2
CACHRI010000004.1	8547	8762	+	AG-912-D10_00659	AG-912-D10	71	OG0002997	NA	NA	NA	NA	NA	AG-912-D10_00656	3
CACHRI010000004.1	8775	9350	+	AG-912-D10_00660	AG-912-D10	191	OG0001093	NA	NA	COG2249	MdaB	Putative NADPH-quinone reductase (modulator of drug activity B)	AG-912-D10_00656	4
CACHRI010000004.1	9387	9833	+	AG-912-D10_00661	AG-912-D10	148	OG0000998	NA	NA	NA	NA	NA	AG-912-D10_00656	5
CACHUT010000005.1	51215	52144	+	AG-912-F16_00788	AG-912-F16	309	OG0000239	K01963	acetyl-CoA carboxylase carboxyl transferase subunit beta [EC:6.4.1.2 2.1.3.15]	COG0777	AccD	Acetyl-CoA carboxylase beta subunit	AG-912-F16_00793	-5
CACHUT010000005.1	52098	53366	+	AG-912-F16_00789	AG-912-F16	422	OG0000181	NA	NA	COG0285	FolC	Folylpolyglutamate synthase/Dihydropteroate synthase	AG-912-F16_00793	-4
CACHUT010000005.1	53363	53680	-	AG-912-F16_00790	AG-912-F16	105	OG0000169	NA	NA	COG3118	CnoX	Chaperedoxin CnoX, contains thioredoxin-like and TPR-like domains, YbbN/TrxSC family	AG-912-F16_00793	-3
CACHUT010000005.1	53715	55151	-	AG-912-F16_00791	AG-912-F16	478	OG0000183	NA	NA	COG2925	SbcB	Exonuclease I (degrades ssDNA)	AG-912-F16_00793	-2
CACHUT010000005.1	55160	55846	-	AG-912-F16_00792	AG-912-F16	228	OG0001010	NA	NA	COG1074	RecB	3'-5' helicase subunit RecB of the DNA repair enzyme RecBCD (exonuclease V)	AG-912-F16_00793	-1
CACHUT010000005.1	55884	56981	-	AG-912-F16_00793	AG-912-F16	365	OG0001004	NA	NA	COG1322	RmuC	DNA anti-recombination protein (rearrangement mutator) RmuC	AG-912-F16_00793	0
CACHUT010000005.1	57015	57299	-	AG-912-F16_00794	AG-912-F16	94	OG0001570	NA	NA	NA	NA	NA	AG-912-F16_00793	1
CACHUT010000005.1	57296	57475	-	AG-912-F16_00795	AG-912-F16	59	OG0001693	NA	NA	NA	NA	NA	AG-912-F16_00793	2
CACHUT010000005.1	57897	58460	+	AG-912-F16_00797	AG-912-F16	187	OG0002507	NA	NA	NA	NA	NA	AG-912-F16_00793	3
CACHUT010000005.1	58655	59281	+	AG-912-F16_00798	AG-912-F16	208	OG0003235	NA	NA	COG1595	RpoE	DNA-directed RNA polymerase specialized sigma subunit, sigma24 family	AG-912-F16_00793	4
CACHUT010000005.1	59329	61206	+	AG-912-F16_00799	AG-912-F16	625	OG0002128	NA	NA	NA	NA	NA	AG-912-F16_00793	5
CACPIG010000001.1	222772	223704	+	AG-912-I02_00222	AG-912-I02	310	OG0000239	K01963	acetyl-CoA carboxylase carboxyl transferase subunit beta [EC:6.4.1.2 2.1.3.15]	COG0777	AccD	Acetyl-CoA carboxylase beta subunit	AG-912-I02_00227	-5
CACPIG010000001.1	223658	224923	+	AG-912-I02_00223	AG-912-I02	421	OG0000181	NA	NA	COG0285	FolC	Folylpolyglutamate synthase/Dihydropteroate synthase	AG-912-I02_00227	-4
CACPIG010000001.1	224920	225240	-	AG-912-I02_00224	AG-912-I02	106	OG0000169	K03671	thioredoxin 1	COG3118	CnoX	Chaperedoxin CnoX, contains thioredoxin-like and TPR-like domains, YbbN/TrxSC family	AG-912-I02_00227	-3
CACPIG010000001.1	225307	226740	-	AG-912-I02_00225	AG-912-I02	477	OG0000183	NA	NA	COG2925	SbcB	Exonuclease I (degrades ssDNA)	AG-912-I02_00227	-2
CACPIG010000001.1	226863	227549	-	AG-912-I02_00226	AG-912-I02	228	OG0001010	NA	NA	COG2887	Slr0479	RecB family exonuclease	AG-912-I02_00227	-1
CACPIG010000001.1	227573	228670	-	AG-912-I02_00227	AG-912-I02	365	OG0001004	NA	NA	COG1322	RmuC	DNA anti-recombination protein (rearrangement mutator) RmuC	AG-912-I02_00227	0
CACPIG010000001.1	228701	229384	-	AG-912-I02_00228	AG-912-I02	227	OG0000403	NA	NA	COG0040	HisG	ATP phosphoribosyltransferase	AG-912-I02_00227	1
CACPIG010000001.1	229381	230433	-	AG-912-I02_00229	AG-912-I02	350	OG0000374	NA	NA	COG3705	HisZ	ATP phosphoribosyltransferase regulatory subunit HisZ	AG-912-I02_00227	2
CACPIG010000001.1	230411	231841	-	AG-912-I02_00230	AG-912-I02	476	OG0000812	K01892	histidyl-tRNA synthetase [EC:6.1.1.21]	COG0124	HisS	Histidyl-tRNA synthetase	AG-912-I02_00227	3
CACPIG010000001.1	231988	232125	-	AG-912-I02_00232	AG-912-I02	45	OG0002047	NA	NA	NA	NA	NA	AG-912-I02_00227	4
CACPIG010000001.1	232167	232379	-	AG-912-I02_00233	AG-912-I02	70	OG0000914	K03704	cold shock protein	COG1278	CspC	Cold shock protein, CspA family	AG-912-I02_00227	5
CACPIF010000001.1	265027	265239	+	AG-912-L11_00284	AG-912-L11	70	OG0000914	K03704	cold shock protein	COG1278	CspC	Cold shock protein, CspA family	AG-912-L11_00290	-5
CACPIF010000001.1	265550	266944	+	AG-912-L11_00286	AG-912-L11	464	OG0000812	K01892	histidyl-tRNA synthetase [EC:6.1.1.21]	COG0124	HisS	Histidyl-tRNA synthetase	AG-912-L11_00290	-4
CACPIF010000001.1	266922	267974	+	AG-912-L11_00287	AG-912-L11	350	OG0000374	NA	NA	COG3705	HisZ	ATP phosphoribosyltransferase regulatory subunit HisZ	AG-912-L11_00290	-3
CACPIF010000001.1	267974	268666	+	AG-912-L11_00288	AG-912-L11	230	OG0000403	NA	NA	COG0040	HisG	ATP phosphoribosyltransferase	AG-912-L11_00290	-2
CACPIF010000001.1	268649	268780	-	AG-912-L11_00289	AG-912-L11	43	OG0001245	NA	NA	NA	NA	NA	AG-912-L11_00290	-1
CACPIF010000001.1	268845	269942	+	AG-912-L11_00290	AG-912-L11	365	OG0001004	NA	NA	COG1322	RmuC	DNA anti-recombination protein (rearrangement mutator) RmuC	AG-912-L11_00290	0
CACPIF010000001.1	269980	270666	+	AG-912-L11_00291	AG-912-L11	228	OG0001010	NA	NA	NA	NA	NA	AG-912-L11_00290	1
CACPIF010000001.1	270673	272109	+	AG-912-L11_00292	AG-912-L11	478	OG0000183	NA	NA	COG2925	SbcB	Exonuclease I (degrades ssDNA)	AG-912-L11_00290	2
CACPIF010000001.1	272144	272461	+	AG-912-L11_00293	AG-912-L11	105	OG0000169	NA	NA	COG3118	CnoX	Chaperedoxin CnoX, contains thioredoxin-like and TPR-like domains, YbbN/TrxSC family	AG-912-L11_00290	3
CACPIF010000001.1	272458	273726	-	AG-912-L11_00294	AG-912-L11	422	OG0000181	NA	NA	COG0285	FolC	Folylpolyglutamate synthase/Dihydropteroate synthase	AG-912-L11_00290	4
CACPIF010000001.1	273680	274609	-	AG-912-L11_00295	AG-912-L11	309	OG0000239	K01963	acetyl-CoA carboxylase carboxyl transferase subunit beta [EC:6.4.1.2 2.1.3.15]	COG0777	AccD	Acetyl-CoA carboxylase beta subunit	AG-912-L11_00290	5
CACICB010000009.1	4838	5638	+	AG-912-P19_00838	AG-912-P19	266	OG0000196	K01695	tryptophan synthase alpha chain [EC:4.2.1.20]	COG0159	TrpA	Tryptophan synthase alpha chain	AG-912-P19_00843	-5
CACICB010000009.1	5635	6549	+	AG-912-P19_00839	AG-912-P19	304	OG0000239	K01963	acetyl-CoA carboxylase carboxyl transferase subunit beta [EC:6.4.1.2 2.1.3.15]	COG0777	AccD	Acetyl-CoA carboxylase beta subunit	AG-912-P19_00843	-4
CACICB010000009.1	6512	7774	+	AG-912-P19_00840	AG-912-P19	420	OG0000181	NA	NA	NA	NA	NA	AG-912-P19_00843	-3
CACICB010000009.1	7771	8088	-	AG-912-P19_00841	AG-912-P19	105	OG0000169	NA	NA	COG3118	CnoX	Chaperedoxin CnoX, contains thioredoxin-like and TPR-like domains, YbbN/TrxSC family	AG-912-P19_00843	-2
CACICB010000009.1	8123	9544	-	AG-912-P19_00842	AG-912-P19	473	OG0000183	NA	NA	COG2925	SbcB	Exonuclease I (degrades ssDNA)	AG-912-P19_00843	-1
CACICB010000009.1	9554	10582	-	AG-912-P19_00843	AG-912-P19	342	OG0001004	NA	NA	COG1322	RmuC	DNA anti-recombination protein (rearrangement mutator) RmuC	AG-912-P19_00843	0
CACICB010000009.1	10599	11549	-	AG-912-P19_00844	AG-912-P19	316	OG0001311	NA	NA	COG1397	DraG	ADP-ribosylglycohydrolase	AG-912-P19_00843	1
CACICB010000009.1	11542	12633	-	AG-912-P19_00845	AG-912-P19	363	OG0001540	K06941	23S rRNA (adenine2503-C2)-methyltransferase [EC:2.1.1.192]	COG0820	RlmN	Adenine C2-methylase RlmN of 23S rRNA A2503 and tRNA A37	AG-912-P19_00843	2
CACICB010000009.1	12689	12895	-	AG-912-P19_00846	AG-912-P19	68	OG0000871	NA	NA	NA	NA	NA	AG-912-P19_00843	3
CACICB010000009.1	13002	13157	+	AG-912-P19_00847	AG-912-P19	51	OG0001817	NA	NA	NA	NA	NA	AG-912-P19_00843	4
CACICB010000009.1	13160	13738	+	AG-912-P19_00848	AG-912-P19	192	OG0001093	NA	NA	COG2249	MdaB	Putative NADPH-quinone reductase (modulator of drug activity B)	AG-912-P19_00843	5
CACIEE010000018.1	54	278	+	AG-913-A04_01157	AG-913-A04	74	OG0000181	NA	NA	COG0285	FolC	Folylpolyglutamate synthase/Dihydropteroate synthase	AG-913-A04_01161	-4
CACIEE010000018.1	367	588	-	AG-913-A04_01158	AG-913-A04	73	OG0000169	NA	NA	COG3118	CnoX	Chaperedoxin CnoX, contains thioredoxin-like and TPR-like domains, YbbN/TrxSC family	AG-913-A04_01161	-3
CACIEE010000018.1	623	2059	-	AG-913-A04_01159	AG-913-A04	478	OG0000183	NA	NA	COG2925	SbcB	Exonuclease I (degrades ssDNA)	AG-913-A04_01161	-2
CACIEE010000018.1	2068	2754	-	AG-913-A04_01160	AG-913-A04	228	OG0001010	NA	NA	COG1074	RecB	3'-5' helicase subunit RecB of the DNA repair enzyme RecBCD (exonuclease V)	AG-913-A04_01161	-1
CACIEE010000018.1	2792	3889	-	AG-913-A04_01161	AG-913-A04	365	OG0001004	NA	NA	COG1322	RmuC	DNA anti-recombination protein (rearrangement mutator) RmuC	AG-913-A04_01161	0
CACIEE010000018.1	3954	4088	+	AG-913-A04_01162	AG-913-A04	44	OG0001245	NA	NA	NA	NA	NA	AG-913-A04_01161	1
CACIEE010000018.1	4068	4646	-	AG-913-A04_01163	AG-913-A04	192	OG0000403	NA	NA	COG0040	HisG	ATP phosphoribosyltransferase	AG-913-A04_01161	2
CACIEO010000006.1	46485	47423	+	AG-913-C02_00976	AG-913-C02	312	OG0000239	K01963	acetyl-CoA carboxylase carboxyl transferase subunit beta [EC:6.4.1.2 2.1.3.15]	COG0777	AccD	Acetyl-CoA carboxylase beta subunit	AG-913-C02_00981	-5
CACIEO010000006.1	47377	48645	+	AG-913-C02_00977	AG-913-C02	422	OG0000181	NA	NA	COG0285	FolC	Folylpolyglutamate synthase/Dihydropteroate synthase	AG-913-C02_00981	-4
CACIEO010000006.1	48642	48959	-	AG-913-C02_00978	AG-913-C02	105	OG0000169	NA	NA	COG3118	CnoX	Chaperedoxin CnoX, contains thioredoxin-like and TPR-like domains, YbbN/TrxSC family	AG-913-C02_00981	-3
CACIEO010000006.1	48994	50427	-	AG-913-C02_00979	AG-913-C02	477	OG0000183	NA	NA	COG2925	SbcB	Exonuclease I (degrades ssDNA)	AG-913-C02_00981	-2
CACIEO010000006.1	50542	51228	-	AG-913-C02_00980	AG-913-C02	228	OG0001010	NA	NA	NA	NA	NA	AG-913-C02_00981	-1
CACIEO010000006.1	51265	52317	-	AG-913-C02_00981	AG-913-C02	350	OG0001004	NA	NA	COG1322	RmuC	DNA anti-recombination protein (rearrangement mutator) RmuC	AG-913-C02_00981	0
CACIEO010000006.1	52349	52474	+	AG-913-C02_00982	AG-913-C02	41	OG0001245	NA	NA	NA	NA	NA	AG-913-C02_00981	1
CACIEO010000006.1	52457	53149	-	AG-913-C02_00983	AG-913-C02	230	OG0000403	NA	NA	COG0040	HisG	ATP phosphoribosyltransferase	AG-913-C02_00981	2
CACIEO010000006.1	53142	54203	-	AG-913-C02_00984	AG-913-C02	353	OG0000374	NA	NA	COG3705	HisZ	ATP phosphoribosyltransferase regulatory subunit HisZ	AG-913-C02_00981	3
CACIEO010000006.1	54181	55578	-	AG-913-C02_00985	AG-913-C02	465	OG0000812	K01892	histidyl-tRNA synthetase [EC:6.1.1.21]	COG0124	HisS	Histidyl-tRNA synthetase	AG-913-C02_00981	4
CACIEO010000006.1	55885	56097	-	AG-913-C02_00987	AG-913-C02	70	OG0000914	K03704	cold shock protein	COG1278	CspC	Cold shock protein, CspA family	AG-913-C02_00981	5
CACIEM010000001.1	45609	46538	+	AG-913-C03_00047	AG-913-C03	309	OG0000239	K01963	acetyl-CoA carboxylase carboxyl transferase subunit beta [EC:6.4.1.2 2.1.3.15]	COG0777	AccD	Acetyl-CoA carboxylase beta subunit	AG-913-C03_00052	-5
CACIEM010000001.1	46492	47760	+	AG-913-C03_00048	AG-913-C03	422	OG0000181	NA	NA	COG0285	FolC	Folylpolyglutamate synthase/Dihydropteroate synthase	AG-913-C03_00052	-4
CACIEM010000001.1	47757	48074	-	AG-913-C03_00049	AG-913-C03	105	OG0000169	NA	NA	COG3118	CnoX	Chaperedoxin CnoX, contains thioredoxin-like and TPR-like domains, YbbN/TrxSC family	AG-913-C03_00052	-3
CACIEM010000001.1	48109	49545	-	AG-913-C03_00050	AG-913-C03	478	OG0000183	NA	NA	COG2925	SbcB	Exonuclease I (degrades ssDNA)	AG-913-C03_00052	-2
CACIEM010000001.1	49554	50240	-	AG-913-C03_00051	AG-913-C03	228	OG0001010	NA	NA	COG1074	RecB	3'-5' helicase subunit RecB of the DNA repair enzyme RecBCD (exonuclease V)	AG-913-C03_00052	-1
CACIEM010000001.1	50278	51375	-	AG-913-C03_00052	AG-913-C03	365	OG0001004	NA	NA	COG1322	RmuC	DNA anti-recombination protein (rearrangement mutator) RmuC	AG-913-C03_00052	0
CACIEM010000001.1	51440	51574	+	AG-913-C03_00053	AG-913-C03	44	OG0001245	NA	NA	NA	NA	NA	AG-913-C03_00052	1
CACIEM010000001.1	51554	52243	-	AG-913-C03_00054	AG-913-C03	229	OG0000403	NA	NA	COG0040	HisG	ATP phosphoribosyltransferase	AG-913-C03_00052	2
CACIEM010000001.1	52249	53292	-	AG-913-C03_00055	AG-913-C03	347	OG0000374	NA	NA	COG3705	HisZ	ATP phosphoribosyltransferase regulatory subunit HisZ	AG-913-C03_00052	3
CACIEM010000001.1	53270	54664	-	AG-913-C03_00056	AG-913-C03	464	OG0000812	K01892	histidyl-tRNA synthetase [EC:6.1.1.21]	COG0124	HisS	Histidyl-tRNA synthetase	AG-913-C03_00052	4
CACIEM010000001.1	54973	55185	-	AG-913-C03_00058	AG-913-C03	70	OG0000914	K03704	cold shock protein	COG1278	CspC	Cold shock protein, CspA family	AG-913-C03_00052	5
CACIKZ010000002.1	8167	9096	+	AG-913-F03_00232	AG-913-F03	309	OG0000239	K01963	acetyl-CoA carboxylase carboxyl transferase subunit beta [EC:6.4.1.2 2.1.3.15]	COG0777	AccD	Acetyl-CoA carboxylase beta subunit	AG-913-F03_00237	-5
CACIKZ010000002.1	9050	10318	+	AG-913-F03_00233	AG-913-F03	422	OG0000181	NA	NA	COG0285	FolC	Folylpolyglutamate synthase/Dihydropteroate synthase	AG-913-F03_00237	-4
CACIKZ010000002.1	10315	10632	-	AG-913-F03_00234	AG-913-F03	105	OG0000169	NA	NA	COG3118	CnoX	Chaperedoxin CnoX, contains thioredoxin-like and TPR-like domains, YbbN/TrxSC family	AG-913-F03_00237	-3
CACIKZ010000002.1	10667	12103	-	AG-913-F03_00235	AG-913-F03	478	OG0000183	NA	NA	COG2925	SbcB	Exonuclease I (degrades ssDNA)	AG-913-F03_00237	-2
CACIKZ010000002.1	12110	12796	-	AG-913-F03_00236	AG-913-F03	228	OG0001010	NA	NA	NA	NA	NA	AG-913-F03_00237	-1
CACIKZ010000002.1	12834	13931	-	AG-913-F03_00237	AG-913-F03	365	OG0001004	NA	NA	COG1322	RmuC	DNA anti-recombination protein (rearrangement mutator) RmuC	AG-913-F03_00237	0
CACIKZ010000002.1	13996	14127	+	AG-913-F03_00238	AG-913-F03	43	OG0001245	NA	NA	NA	NA	NA	AG-913-F03_00237	1
CACIKZ010000002.1	14110	14802	-	AG-913-F03_00239	AG-913-F03	230	OG0000403	NA	NA	COG0040	HisG	ATP phosphoribosyltransferase	AG-913-F03_00237	2
CACIKZ010000002.1	14802	15854	-	AG-913-F03_00240	AG-913-F03	350	OG0000374	NA	NA	COG3705	HisZ	ATP phosphoribosyltransferase regulatory subunit HisZ	AG-913-F03_00237	3
CACIKZ010000002.1	15832	17226	-	AG-913-F03_00241	AG-913-F03	464	OG0000812	K01892	histidyl-tRNA synthetase [EC:6.1.1.21]	COG0124	HisS	Histidyl-tRNA synthetase	AG-913-F03_00237	4
CACIKZ010000002.1	17537	17749	-	AG-913-F03_00243	AG-913-F03	70	OG0000914	K03704	cold shock protein	COG1278	CspC	Cold shock protein, CspA family	AG-913-F03_00237	5
CACIIW010000006.1	72426	73358	+	AG-913-G10_00810	AG-913-G10	310	OG0000239	K01963	acetyl-CoA carboxylase carboxyl transferase subunit beta [EC:6.4.1.2 2.1.3.15]	COG0777	AccD	Acetyl-CoA carboxylase beta subunit	AG-913-G10_00815	-5
CACIIW010000006.1	73312	74577	+	AG-913-G10_00811	AG-913-G10	421	OG0000181	NA	NA	COG0285	FolC	Folylpolyglutamate synthase/Dihydropteroate synthase	AG-913-G10_00815	-4
CACIIW010000006.1	74574	74894	-	AG-913-G10_00812	AG-913-G10	106	OG0000169	K03671	thioredoxin 1	COG3118	CnoX	Chaperedoxin CnoX, contains thioredoxin-like and TPR-like domains, YbbN/TrxSC family	AG-913-G10_00815	-3
CACIIW010000006.1	74961	76394	-	AG-913-G10_00813	AG-913-G10	477	OG0000183	NA	NA	COG2925	SbcB	Exonuclease I (degrades ssDNA)	AG-913-G10_00815	-2
CACIIW010000006.1	76517	77203	-	AG-913-G10_00814	AG-913-G10	228	OG0001010	NA	NA	COG2887	Slr0479	RecB family exonuclease	AG-913-G10_00815	-1
CACIIW010000006.1	77228	78325	-	AG-913-G10_00815	AG-913-G10	365	OG0001004	NA	NA	COG1322	RmuC	DNA anti-recombination protein (rearrangement mutator) RmuC	AG-913-G10_00815	0
CACIIW010000006.1	78356	79039	-	AG-913-G10_00816	AG-913-G10	227	OG0000403	NA	NA	COG0040	HisG	ATP phosphoribosyltransferase	AG-913-G10_00815	1
CACIIW010000006.1	79036	80088	-	AG-913-G10_00817	AG-913-G10	350	OG0000374	NA	NA	COG3705	HisZ	ATP phosphoribosyltransferase regulatory subunit HisZ	AG-913-G10_00815	2
CACIIW010000006.1	80066	81496	-	AG-913-G10_00818	AG-913-G10	476	OG0000812	K01892	histidyl-tRNA synthetase [EC:6.1.1.21]	COG0124	HisS	Histidyl-tRNA synthetase	AG-913-G10_00815	3
CACIIW010000006.1	81822	82034	-	AG-913-G10_00820	AG-913-G10	70	OG0000914	K03704	cold shock protein	COG1278	CspC	Cold shock protein, CspA family	AG-913-G10_00815	4
CACIIW010000006.1	82228	82443	-	AG-913-G10_00822	AG-913-G10	71	OG0000905	K02518	translation initiation factor IF-1	COG0361	InfA	Translation initiation factor IF-1	AG-913-G10_00815	5
CACILR010000010.1	20499	21431	+	AG-913-I09_01214	AG-913-I09	310	OG0000239	K01963	acetyl-CoA carboxylase carboxyl transferase subunit beta [EC:6.4.1.2 2.1.3.15]	COG0777	AccD	Acetyl-CoA carboxylase beta subunit	AG-913-I09_01219	-5
CACILR010000010.1	21385	22650	+	AG-913-I09_01215	AG-913-I09	421	OG0000181	NA	NA	COG0285	FolC	Folylpolyglutamate synthase/Dihydropteroate synthase	AG-913-I09_01219	-4
CACILR010000010.1	22647	22967	-	AG-913-I09_01216	AG-913-I09	106	OG0000169	K03671	thioredoxin 1	COG3118	CnoX	Chaperedoxin CnoX, contains thioredoxin-like and TPR-like domains, YbbN/TrxSC family	AG-913-I09_01219	-3
CACILR010000010.1	23034	24467	-	AG-913-I09_01217	AG-913-I09	477	OG0000183	NA	NA	COG2925	SbcB	Exonuclease I (degrades ssDNA)	AG-913-I09_01219	-2
CACILR010000010.1	24592	25278	-	AG-913-I09_01218	AG-913-I09	228	OG0001010	NA	NA	NA	NA	NA	AG-913-I09_01219	-1
CACILR010000010.1	25302	26399	-	AG-913-I09_01219	AG-913-I09	365	OG0001004	NA	NA	COG1322	RmuC	DNA anti-recombination protein (rearrangement mutator) RmuC	AG-913-I09_01219	0
CACILR010000010.1	26430	27113	-	AG-913-I09_01220	AG-913-I09	227	OG0000403	NA	NA	COG0040	HisG	ATP phosphoribosyltransferase	AG-913-I09_01219	1
CACILR010000010.1	27106	27951	-	AG-913-I09_01221	AG-913-I09	281	OG0000077	NA	NA	NA	NA	NA	AG-913-I09_01219	2
CACILR010000010.1	27948	29000	-	AG-913-I09_01222	AG-913-I09	350	OG0000374	NA	NA	COG3705	HisZ	ATP phosphoribosyltransferase regulatory subunit HisZ	AG-913-I09_01219	3
CACILR010000010.1	28978	30408	-	AG-913-I09_01223	AG-913-I09	476	OG0000812	K01892	histidyl-tRNA synthetase [EC:6.1.1.21]	COG0124	HisS	Histidyl-tRNA synthetase	AG-913-I09_01219	4
CACILR010000010.1	30733	30945	-	AG-913-I09_01225	AG-913-I09	70	OG0000914	K03704	cold shock protein	COG1278	CspC	Cold shock protein, CspA family	AG-913-I09_01219	5
CACILM010000003.1	158877	159791	+	AG-913-I14_00674	AG-913-I14	304	OG0000239	K01963	acetyl-CoA carboxylase carboxyl transferase subunit beta [EC:6.4.1.2 2.1.3.15]	COG0777	AccD	Acetyl-CoA carboxylase beta subunit	AG-913-I14_00679	-5
CACILM010000003.1	159754	161016	+	AG-913-I14_00675	AG-913-I14	420	OG0000181	NA	NA	NA	NA	NA	AG-913-I14_00679	-4
CACILM010000003.1	161013	161330	-	AG-913-I14_00676	AG-913-I14	105	OG0000169	NA	NA	COG3118	CnoX	Chaperedoxin CnoX, contains thioredoxin-like and TPR-like domains, YbbN/TrxSC family	AG-913-I14_00679	-3
CACILM010000003.1	161365	162786	-	AG-913-I14_00677	AG-913-I14	473	OG0000183	NA	NA	COG2925	SbcB	Exonuclease I (degrades ssDNA)	AG-913-I14_00679	-2
CACILM010000003.1	162779	162982	-	AG-913-I14_00678	AG-913-I14	67	OG0001571	NA	NA	NA	NA	NA	AG-913-I14_00679	-1
CACILM010000003.1	163234	164283	+	AG-913-I14_00679	AG-913-I14	349	OG0001004	NA	NA	COG1322	RmuC	DNA anti-recombination protein (rearrangement mutator) RmuC	AG-913-I14_00679	0
CACILM010000003.1	164280	164645	-	AG-913-I14_00680	AG-913-I14	121	OG0001311	NA	NA	COG1397	DraG	ADP-ribosylglycohydrolase	AG-913-I14_00679	1
CACINR010000017.1	179	319	+	AG-913-M13_01214	AG-913-M13	46	OG0000374	NA	NA	COG0124	HisS	Histidyl-tRNA synthetase	AG-913-M13_01216	-2
CACINR010000017.1	319	1011	+	AG-913-M13_01215	AG-913-M13	230	OG0000403	NA	NA	COG0040	HisG	ATP phosphoribosyltransferase	AG-913-M13_01216	-1
CACINR010000017.1	1189	2286	+	AG-913-M13_01216	AG-913-M13	365	OG0001004	NA	NA	COG1322	RmuC	DNA anti-recombination protein (rearrangement mutator) RmuC	AG-913-M13_01216	0
CACINR010000017.1	2324	3010	+	AG-913-M13_01217	AG-913-M13	228	OG0001010	NA	NA	NA	NA	NA	AG-913-M13_01216	1
CACINR010000017.1	3017	4453	+	AG-913-M13_01218	AG-913-M13	478	OG0000183	NA	NA	COG2925	SbcB	Exonuclease I (degrades ssDNA)	AG-913-M13_01216	2
CACINR010000017.1	4488	4805	+	AG-913-M13_01219	AG-913-M13	105	OG0000169	NA	NA	COG3118	CnoX	Chaperedoxin CnoX, contains thioredoxin-like and TPR-like domains, YbbN/TrxSC family	AG-913-M13_01216	3
CACINR010000017.1	4802	6070	-	AG-913-M13_01220	AG-913-M13	422	OG0000181	NA	NA	COG0285	FolC	Folylpolyglutamate synthase/Dihydropteroate synthase	AG-913-M13_01216	4
CACINR010000017.1	6024	6953	-	AG-913-M13_01221	AG-913-M13	309	OG0000239	K01963	acetyl-CoA carboxylase carboxyl transferase subunit beta [EC:6.4.1.2 2.1.3.15]	COG0777	AccD	Acetyl-CoA carboxylase beta subunit	AG-913-M13_01216	5
CACPKK010000007.1	73611	74411	+	AG-913-O18_00912	AG-913-O18	266	OG0000196	K01695	tryptophan synthase alpha chain [EC:4.2.1.20]	COG0159	TrpA	Tryptophan synthase alpha chain	AG-913-O18_00917	-5
CACPKK010000007.1	74408	75337	+	AG-913-O18_00913	AG-913-O18	309	OG0000239	K01963	acetyl-CoA carboxylase carboxyl transferase subunit beta [EC:6.4.1.2 2.1.3.15]	COG0777	AccD	Acetyl-CoA carboxylase beta subunit	AG-913-O18_00917	-4
CACPKK010000007.1	75294	76559	+	AG-913-O18_00914	AG-913-O18	421	OG0000181	NA	NA	COG0285	FolC	Folylpolyglutamate synthase/Dihydropteroate synthase	AG-913-O18_00917	-3
CACPKK010000007.1	76556	76876	-	AG-913-O18_00915	AG-913-O18	106	OG0000169	K03671	thioredoxin 1	COG3118	CnoX	Chaperedoxin CnoX, contains thioredoxin-like and TPR-like domains, YbbN/TrxSC family	AG-913-O18_00917	-2
CACPKK010000007.1	76944	78377	-	AG-913-O18_00916	AG-913-O18	477	OG0000183	NA	NA	COG2925	SbcB	Exonuclease I (degrades ssDNA)	AG-913-O18_00917	-1
CACPKK010000007.1	78374	79441	-	AG-913-O18_00917	AG-913-O18	355	OG0001004	NA	NA	COG1322	RmuC	DNA anti-recombination protein (rearrangement mutator) RmuC	AG-913-O18_00917	0
CACPKK010000007.1	79566	80252	-	AG-913-O18_00918	AG-913-O18	228	OG0001010	NA	NA	COG1074	RecB	3'-5' helicase subunit RecB of the DNA repair enzyme RecBCD (exonuclease V)	AG-913-O18_00917	1
CACPKK010000007.1	80254	80931	-	AG-913-O18_00919	AG-913-O18	225	OG0000403	NA	NA	COG0040	HisG	ATP phosphoribosyltransferase	AG-913-O18_00917	2
CACPKK010000007.1	80924	81973	-	AG-913-O18_00920	AG-913-O18	349	OG0000374	NA	NA	COG3705	HisZ	ATP phosphoribosyltransferase regulatory subunit HisZ	AG-913-O18_00917	3
CACPKK010000007.1	81951	83345	-	AG-913-O18_00921	AG-913-O18	464	OG0000812	K01892	histidyl-tRNA synthetase [EC:6.1.1.21]	COG0124	HisS	Histidyl-tRNA synthetase	AG-913-O18_00917	4
CACPKK010000007.1	83654	83866	-	AG-913-O18_00923	AG-913-O18	70	OG0000914	K03704	cold shock protein	COG1278	CspC	Cold shock protein, CspA family	AG-913-O18_00917	5
CACIQQ010000006.1	14802	15011	+	AG-914-A09_00586	AG-914-A09	69	OG0000914	K03704	cold shock protein	COG1278	CspC	Cold shock protein, CspA family	AG-914-A09_00592	-5
CACIQQ010000006.1	15315	16709	+	AG-914-A09_00588	AG-914-A09	464	OG0000812	K01892	histidyl-tRNA synthetase [EC:6.1.1.21]	COG0124	HisS	Histidyl-tRNA synthetase	AG-914-A09_00592	-4
CACIQQ010000006.1	16687	17736	+	AG-914-A09_00589	AG-914-A09	349	OG0000374	NA	NA	COG3705	HisZ	ATP phosphoribosyltransferase regulatory subunit HisZ	AG-914-A09_00592	-3
CACIQQ010000006.1	17740	18423	+	AG-914-A09_00590	AG-914-A09	227	OG0000403	NA	NA	COG0040	HisG	ATP phosphoribosyltransferase	AG-914-A09_00592	-2
CACIQQ010000006.1	18412	18543	-	AG-914-A09_00591	AG-914-A09	43	OG0001245	NA	NA	NA	NA	NA	AG-914-A09_00592	-1
CACIQQ010000006.1	18635	19690	+	AG-914-A09_00592	AG-914-A09	351	OG0001004	NA	NA	COG1322	RmuC	DNA anti-recombination protein (rearrangement mutator) RmuC	AG-914-A09_00592	0
CACIQQ010000006.1	19727	20410	+	AG-914-A09_00593	AG-914-A09	227	OG0001010	NA	NA	NA	NA	NA	AG-914-A09_00592	1
CACIQQ010000006.1	20465	21946	+	AG-914-A09_00594	AG-914-A09	493	OG0000183	NA	NA	COG2925	SbcB	Exonuclease I (degrades ssDNA)	AG-914-A09_00592	2
CACIQQ010000006.1	22013	22330	+	AG-914-A09_00595	AG-914-A09	105	OG0000169	K03671	thioredoxin 1	COG3118	CnoX	Chaperedoxin CnoX, contains thioredoxin-like and TPR-like domains, YbbN/TrxSC family	AG-914-A09_00592	3
CACIQQ010000006.1	22327	23595	-	AG-914-A09_00596	AG-914-A09	422	OG0000181	NA	NA	COG0285	FolC	Folylpolyglutamate synthase/Dihydropteroate synthase	AG-914-A09_00592	4
CACIQQ010000006.1	23549	24478	-	AG-914-A09_00597	AG-914-A09	309	OG0000239	K01963	acetyl-CoA carboxylase carboxyl transferase subunit beta [EC:6.4.1.2 2.1.3.15]	COG0777	AccD	Acetyl-CoA carboxylase beta subunit	AG-914-A09_00592	5
CACITU010000001.1	142426	142641	+	AG-914-B14_00159	AG-914-B14	71	OG0000905	K02518	translation initiation factor IF-1	COG0361	InfA	Translation initiation factor IF-1	AG-914-B14_00166	-5
CACITU010000001.1	142801	143013	+	AG-914-B14_00161	AG-914-B14	70	OG0000914	K03704	cold shock protein	COG1278	CspC	Cold shock protein, CspA family	AG-914-B14_00166	-4
CACITU010000001.1	143324	144718	+	AG-914-B14_00163	AG-914-B14	464	OG0000812	K01892	histidyl-tRNA synthetase [EC:6.1.1.21]	COG0124	HisS	Histidyl-tRNA synthetase	AG-914-B14_00166	-3
CACITU010000001.1	144696	145748	+	AG-914-B14_00164	AG-914-B14	350	OG0000374	NA	NA	COG3705	HisZ	ATP phosphoribosyltransferase regulatory subunit HisZ	AG-914-B14_00166	-2
CACITU010000001.1	145748	146440	+	AG-914-B14_00165	AG-914-B14	230	OG0000403	NA	NA	COG0040	HisG	ATP phosphoribosyltransferase	AG-914-B14_00166	-1
CACITU010000001.1	146482	147579	+	AG-914-B14_00166	AG-914-B14	365	OG0001004	NA	NA	COG1322	RmuC	DNA anti-recombination protein (rearrangement mutator) RmuC	AG-914-B14_00166	0
CACITU010000001.1	147617	148303	+	AG-914-B14_00167	AG-914-B14	228	OG0001010	NA	NA	NA	NA	NA	AG-914-B14_00166	1
CACITU010000001.1	148310	149746	+	AG-914-B14_00168	AG-914-B14	478	OG0000183	NA	NA	COG2925	SbcB	Exonuclease I (degrades ssDNA)	AG-914-B14_00166	2
CACITU010000001.1	149781	150098	+	AG-914-B14_00169	AG-914-B14	105	OG0000169	NA	NA	COG3118	CnoX	Chaperedoxin CnoX, contains thioredoxin-like and TPR-like domains, YbbN/TrxSC family	AG-914-B14_00166	3
CACITU010000001.1	150095	151363	-	AG-914-B14_00170	AG-914-B14	422	OG0000181	NA	NA	COG0285	FolC	Folylpolyglutamate synthase/Dihydropteroate synthase	AG-914-B14_00166	4
CACITU010000001.1	151317	152246	-	AG-914-B14_00171	AG-914-B14	309	OG0000239	K01963	acetyl-CoA carboxylase carboxyl transferase subunit beta [EC:6.4.1.2 2.1.3.15]	COG0777	AccD	Acetyl-CoA carboxylase beta subunit	AG-914-B14_00166	5
CACPLO010000001.1	121348	122148	+	AG-914-I16_00137	AG-914-I16	266	OG0000196	K01695	tryptophan synthase alpha chain [EC:4.2.1.20]	COG0159	TrpA	Tryptophan synthase alpha chain	AG-914-I16_00142	-5
CACPLO010000001.1	122145	123059	+	AG-914-I16_00138	AG-914-I16	304	OG0000239	K01963	acetyl-CoA carboxylase carboxyl transferase subunit beta [EC:6.4.1.2 2.1.3.15]	COG0777	AccD	Acetyl-CoA carboxylase beta subunit	AG-914-I16_00142	-4
CACPLO010000001.1	123022	124284	+	AG-914-I16_00139	AG-914-I16	420	OG0000181	NA	NA	NA	NA	NA	AG-914-I16_00142	-3
CACPLO010000001.1	124281	124598	-	AG-914-I16_00140	AG-914-I16	105	OG0000169	NA	NA	COG3118	CnoX	Chaperedoxin CnoX, contains thioredoxin-like and TPR-like domains, YbbN/TrxSC family	AG-914-I16_00142	-2
CACPLO010000001.1	124633	126054	-	AG-914-I16_00141	AG-914-I16	473	OG0000183	NA	NA	COG2925	SbcB	Exonuclease I (degrades ssDNA)	AG-914-I16_00142	-1
CACPLO010000001.1	126064	127092	-	AG-914-I16_00142	AG-914-I16	342	OG0001004	NA	NA	COG1322	RmuC	DNA anti-recombination protein (rearrangement mutator) RmuC	AG-914-I16_00142	0
CACPLO010000001.1	127109	128059	-	AG-914-I16_00143	AG-914-I16	316	OG0001311	NA	NA	COG1397	DraG	ADP-ribosylglycohydrolase	AG-914-I16_00142	1
CACPLO010000001.1	128052	129143	-	AG-914-I16_00144	AG-914-I16	363	OG0001540	K06941	23S rRNA (adenine2503-C2)-methyltransferase [EC:2.1.1.192]	COG0820	RlmN	Adenine C2-methylase RlmN of 23S rRNA A2503 and tRNA A37	AG-914-I16_00142	2
CACPLO010000001.1	129199	129426	-	AG-914-I16_00145	AG-914-I16	75	OG0000871	NA	NA	NA	NA	NA	AG-914-I16_00142	3
CACPLO010000001.1	129512	129667	+	AG-914-I16_00146	AG-914-I16	51	OG0001817	NA	NA	NA	NA	NA	AG-914-I16_00142	4
CACPLO010000001.1	129670	130248	+	AG-914-I16_00147	AG-914-I16	192	OG0001093	NA	NA	COG2249	MdaB	Putative NADPH-quinone reductase (modulator of drug activity B)	AG-914-I16_00142	5
CACIWZ010000002.1	109483	110283	+	AG-914-J05_00446	AG-914-J05	266	OG0000196	K01695	tryptophan synthase alpha chain [EC:4.2.1.20]	COG0159	TrpA	Tryptophan synthase alpha chain	AG-914-J05_00451	-5
CACIWZ010000002.1	110280	111194	+	AG-914-J05_00447	AG-914-J05	304	OG0000239	K01963	acetyl-CoA carboxylase carboxyl transferase subunit beta [EC:6.4.1.2 2.1.3.15]	COG0777	AccD	Acetyl-CoA carboxylase beta subunit	AG-914-J05_00451	-4
CACIWZ010000002.1	111157	112419	+	AG-914-J05_00448	AG-914-J05	420	OG0000181	NA	NA	NA	NA	NA	AG-914-J05_00451	-3
CACIWZ010000002.1	112416	112733	-	AG-914-J05_00449	AG-914-J05	105	OG0000169	NA	NA	COG3118	CnoX	Chaperedoxin CnoX, contains thioredoxin-like and TPR-like domains, YbbN/TrxSC family	AG-914-J05_00451	-2
CACIWZ010000002.1	112768	114189	-	AG-914-J05_00450	AG-914-J05	473	OG0000183	NA	NA	COG2925	SbcB	Exonuclease I (degrades ssDNA)	AG-914-J05_00451	-1
CACIWZ010000002.1	114199	115227	-	AG-914-J05_00451	AG-914-J05	342	OG0001004	NA	NA	COG1322	RmuC	DNA anti-recombination protein (rearrangement mutator) RmuC	AG-914-J05_00451	0
CACIWZ010000002.1	115244	116194	-	AG-914-J05_00452	AG-914-J05	316	OG0001311	NA	NA	COG1397	DraG	ADP-ribosylglycohydrolase	AG-914-J05_00451	1
CACIWZ010000002.1	116187	117278	-	AG-914-J05_00453	AG-914-J05	363	OG0001540	K06941	23S rRNA (adenine2503-C2)-methyltransferase [EC:2.1.1.192]	COG0820	RlmN	Adenine C2-methylase RlmN of 23S rRNA A2503 and tRNA A37	AG-914-J05_00451	2
CACIWZ010000002.1	117334	117540	-	AG-914-J05_00454	AG-914-J05	68	OG0000871	NA	NA	NA	NA	NA	AG-914-J05_00451	3
CACIWZ010000002.1	117647	117802	+	AG-914-J05_00455	AG-914-J05	51	OG0001817	NA	NA	NA	NA	NA	AG-914-J05_00451	4
CACIWZ010000002.1	117805	118383	+	AG-914-J05_00456	AG-914-J05	192	OG0001093	NA	NA	COG2249	MdaB	Putative NADPH-quinone reductase (modulator of drug activity B)	AG-914-J05_00451	5
CACIZB010000002.1	7822	8751	+	AG-914-L04_00244	AG-914-L04	309	OG0000239	K01963	acetyl-CoA carboxylase carboxyl transferase subunit beta [EC:6.4.1.2 2.1.3.15]	COG0777	AccD	Acetyl-CoA carboxylase beta subunit	AG-914-L04_00249	-5
CACIZB010000002.1	8705	9970	+	AG-914-L04_00245	AG-914-L04	421	OG0000181	NA	NA	COG0285	FolC	Folylpolyglutamate synthase/Dihydropteroate synthase	AG-914-L04_00249	-4
CACIZB010000002.1	9967	10284	-	AG-914-L04_00246	AG-914-L04	105	OG0000169	NA	NA	COG3118	CnoX	Chaperedoxin CnoX, contains thioredoxin-like and TPR-like domains, YbbN/TrxSC family	AG-914-L04_00249	-3
CACIZB010000002.1	10354	11802	-	AG-914-L04_00247	AG-914-L04	482	OG0000183	NA	NA	COG2925	SbcB	Exonuclease I (degrades ssDNA)	AG-914-L04_00249	-2
CACIZB010000002.1	11799	12485	-	AG-914-L04_00248	AG-914-L04	228	OG0001010	NA	NA	NA	NA	NA	AG-914-L04_00249	-1
CACIZB010000002.1	12523	13614	-	AG-914-L04_00249	AG-914-L04	363	OG0001004	NA	NA	COG1322	RmuC	DNA anti-recombination protein (rearrangement mutator) RmuC	AG-914-L04_00249	0
CACIZB010000002.1	13645	13776	+	AG-914-L04_00250	AG-914-L04	43	OG0001245	NA	NA	NA	NA	NA	AG-914-L04_00249	1
CACIZB010000002.1	13762	14448	-	AG-914-L04_00251	AG-914-L04	228	OG0000403	NA	NA	COG0040	HisG	ATP phosphoribosyltransferase	AG-914-L04_00249	2
CACIZB010000002.1	14445	15503	-	AG-914-L04_00252	AG-914-L04	352	OG0000374	NA	NA	COG3705	HisZ	ATP phosphoribosyltransferase regulatory subunit HisZ	AG-914-L04_00249	3
CACIZB010000002.1	15481	16875	-	AG-914-L04_00253	AG-914-L04	464	OG0000812	K01892	histidyl-tRNA synthetase [EC:6.1.1.21]	COG0124	HisS	Histidyl-tRNA synthetase	AG-914-L04_00249	4
CACIZB010000002.1	17179	17391	-	AG-914-L04_00255	AG-914-L04	70	OG0000914	K03704	cold shock protein	COG1278	CspC	Cold shock protein, CspA family	AG-914-L04_00249	5
CACJCF010000003.1	31196	31774	-	AG-914-N11_00615	AG-914-N11	192	OG0001093	NA	NA	COG2249	MdaB	Putative NADPH-quinone reductase (modulator of drug activity B)	AG-914-N11_00620	-5
CACJCF010000003.1	31777	31932	-	AG-914-N11_00616	AG-914-N11	51	OG0001817	NA	NA	NA	NA	NA	AG-914-N11_00620	-4
CACJCF010000003.1	32054	32245	+	AG-914-N11_00617	AG-914-N11	63	OG0000871	NA	NA	NA	NA	NA	AG-914-N11_00620	-3
CACJCF010000003.1	32301	33392	+	AG-914-N11_00618	AG-914-N11	363	OG0001540	K06941	23S rRNA (adenine2503-C2)-methyltransferase [EC:2.1.1.192]	COG0820	RlmN	Adenine C2-methylase RlmN of 23S rRNA A2503 and tRNA A37	AG-914-N11_00620	-2
CACJCF010000003.1	33385	34335	+	AG-914-N11_00619	AG-914-N11	316	OG0001311	NA	NA	COG1397	DraG	ADP-ribosylglycohydrolase	AG-914-N11_00620	-1
CACJCF010000003.1	34352	35380	+	AG-914-N11_00620	AG-914-N11	342	OG0001004	NA	NA	COG1322	RmuC	DNA anti-recombination protein (rearrangement mutator) RmuC	AG-914-N11_00620	0
CACJCF010000003.1	35390	36811	+	AG-914-N11_00621	AG-914-N11	473	OG0000183	NA	NA	COG2925	SbcB	Exonuclease I (degrades ssDNA)	AG-914-N11_00620	1
CACJCF010000003.1	36846	37163	+	AG-914-N11_00622	AG-914-N11	105	OG0000169	NA	NA	COG3118	CnoX	Chaperedoxin CnoX, contains thioredoxin-like and TPR-like domains, YbbN/TrxSC family	AG-914-N11_00620	2
CACJCF010000003.1	37160	38422	-	AG-914-N11_00623	AG-914-N11	420	OG0000181	NA	NA	NA	NA	NA	AG-914-N11_00620	3
CACJCF010000003.1	38385	39299	-	AG-914-N11_00624	AG-914-N11	304	OG0000239	K01963	acetyl-CoA carboxylase carboxyl transferase subunit beta [EC:6.4.1.2 2.1.3.15]	COG0777	AccD	Acetyl-CoA carboxylase beta subunit	AG-914-N11_00620	4
CACJCF010000003.1	39296	40096	-	AG-914-N11_00625	AG-914-N11	266	OG0000196	K01695	tryptophan synthase alpha chain [EC:4.2.1.20]	COG0159	TrpA	Tryptophan synthase alpha chain	AG-914-N11_00620	5
CACJFQ010000007.1	33106	34035	+	AG-914-P23_00954	AG-914-P23	309	OG0000239	K01963	acetyl-CoA carboxylase carboxyl transferase subunit beta [EC:6.4.1.2 2.1.3.15]	COG0777	AccD	Acetyl-CoA carboxylase beta subunit	AG-914-P23_00959	-5
CACJFQ010000007.1	33989	35257	+	AG-914-P23_00955	AG-914-P23	422	OG0000181	NA	NA	COG0285	FolC	Folylpolyglutamate synthase/Dihydropteroate synthase	AG-914-P23_00959	-4
CACJFQ010000007.1	35254	35571	-	AG-914-P23_00956	AG-914-P23	105	OG0000169	NA	NA	COG3118	CnoX	Chaperedoxin CnoX, contains thioredoxin-like and TPR-like domains, YbbN/TrxSC family	AG-914-P23_00959	-3
CACJFQ010000007.1	35606	37042	-	AG-914-P23_00957	AG-914-P23	478	OG0000183	NA	NA	COG2925	SbcB	Exonuclease I (degrades ssDNA)	AG-914-P23_00959	-2
CACJFQ010000007.1	37051	37737	-	AG-914-P23_00958	AG-914-P23	228	OG0001010	NA	NA	COG1074	RecB	3'-5' helicase subunit RecB of the DNA repair enzyme RecBCD (exonuclease V)	AG-914-P23_00959	-1
CACJFQ010000007.1	37775	38230	-	AG-914-P23_00959	AG-914-P23	151	OG0001004	NA	NA	COG1322	RmuC	DNA anti-recombination protein (rearrangement mutator) RmuC	AG-914-P23_00959	0
CACJNE010000002.1	102250	103050	+	AG-915-G13_00336	AG-915-G13	266	OG0000196	K01695	tryptophan synthase alpha chain [EC:4.2.1.20]	COG0159	TrpA	Tryptophan synthase alpha chain	AG-915-G13_00341	-5
CACJNE010000002.1	103047	103982	+	AG-915-G13_00337	AG-915-G13	311	OG0000239	NA	NA	COG0777	AccD	Acetyl-CoA carboxylase beta subunit	AG-915-G13_00341	-4
CACJNE010000002.1	103939	105204	+	AG-915-G13_00338	AG-915-G13	421	OG0000181	NA	NA	COG0285	FolC	Folylpolyglutamate synthase/Dihydropteroate synthase	AG-915-G13_00341	-3
CACJNE010000002.1	105201	105518	-	AG-915-G13_00339	AG-915-G13	105	OG0000169	K03671	thioredoxin 1	COG3118	CnoX	Chaperedoxin CnoX, contains thioredoxin-like and TPR-like domains, YbbN/TrxSC family	AG-915-G13_00341	-2
CACJNE010000002.1	105585	107018	-	AG-915-G13_00340	AG-915-G13	477	OG0000183	NA	NA	COG2925	SbcB	Exonuclease I (degrades ssDNA)	AG-915-G13_00341	-1
CACJNE010000002.1	107015	108082	-	AG-915-G13_00341	AG-915-G13	355	OG0001004	NA	NA	COG1322	RmuC	DNA anti-recombination protein (rearrangement mutator) RmuC	AG-915-G13_00341	0
CACJNE010000002.1	108207	108893	-	AG-915-G13_00342	AG-915-G13	228	OG0001010	NA	NA	COG1074	RecB	3'-5' helicase subunit RecB of the DNA repair enzyme RecBCD (exonuclease V)	AG-915-G13_00341	1
CACJNE010000002.1	108895	109572	-	AG-915-G13_00343	AG-915-G13	225	OG0000403	NA	NA	COG0040	HisG	ATP phosphoribosyltransferase	AG-915-G13_00341	2
CACJNE010000002.1	109565	110614	-	AG-915-G13_00344	AG-915-G13	349	OG0000374	NA	NA	COG3705	HisZ	ATP phosphoribosyltransferase regulatory subunit HisZ	AG-915-G13_00341	3
CACJNE010000002.1	110592	111986	-	AG-915-G13_00345	AG-915-G13	464	OG0000812	K01892	histidyl-tRNA synthetase [EC:6.1.1.21]	COG0124	HisS	Histidyl-tRNA synthetase	AG-915-G13_00341	4
CACJNE010000002.1	112295	112507	-	AG-915-G13_00347	AG-915-G13	70	OG0000914	K03704	cold shock protein	COG1278	CspC	Cold shock protein, CspA family	AG-915-G13_00341	5
CACJNI010000003.1	10949	11881	+	AG-915-G14_00589	AG-915-G14	310	OG0000239	K01963	acetyl-CoA carboxylase carboxyl transferase subunit beta [EC:6.4.1.2 2.1.3.15]	COG0777	AccD	Acetyl-CoA carboxylase beta subunit	AG-915-G14_00594	-5
CACJNI010000003.1	11835	13100	+	AG-915-G14_00590	AG-915-G14	421	OG0000181	NA	NA	COG0285	FolC	Folylpolyglutamate synthase/Dihydropteroate synthase	AG-915-G14_00594	-4
CACJNI010000003.1	13097	13417	-	AG-915-G14_00591	AG-915-G14	106	OG0000169	K03671	thioredoxin 1	COG3118	CnoX	Chaperedoxin CnoX, contains thioredoxin-like and TPR-like domains, YbbN/TrxSC family	AG-915-G14_00594	-3
CACJNI010000003.1	13484	14917	-	AG-915-G14_00592	AG-915-G14	477	OG0000183	NA	NA	COG2925	SbcB	Exonuclease I (degrades ssDNA)	AG-915-G14_00594	-2
CACJNI010000003.1	15042	15728	-	AG-915-G14_00593	AG-915-G14	228	OG0001010	NA	NA	NA	NA	NA	AG-915-G14_00594	-1
CACJNI010000003.1	15753	16847	-	AG-915-G14_00594	AG-915-G14	364	OG0001004	NA	NA	COG1322	RmuC	DNA anti-recombination protein (rearrangement mutator) RmuC	AG-915-G14_00594	0
CACJNI010000003.1	16878	17558	-	AG-915-G14_00595	AG-915-G14	226	OG0000403	NA	NA	COG0040	HisG	ATP phosphoribosyltransferase	AG-915-G14_00594	1
CACJNI010000003.1	17551	18396	-	AG-915-G14_00596	AG-915-G14	281	OG0000077	NA	NA	NA	NA	NA	AG-915-G14_00594	2
CACJNI010000003.1	18393	19445	-	AG-915-G14_00597	AG-915-G14	350	OG0000374	NA	NA	COG3705	HisZ	ATP phosphoribosyltransferase regulatory subunit HisZ	AG-915-G14_00594	3
CACJNI010000003.1	19423	20853	-	AG-915-G14_00598	AG-915-G14	476	OG0000812	K01892	histidyl-tRNA synthetase [EC:6.1.1.21]	COG0124	HisS	Histidyl-tRNA synthetase	AG-915-G14_00594	4
CACJNI010000003.1	21179	21391	-	AG-915-G14_00600	AG-915-G14	70	OG0000914	K03704	cold shock protein	COG1278	CspC	Cold shock protein, CspA family	AG-915-G14_00594	5
CACJUF010000018.1	14709	14810	+	AG-916-A16_01125	AG-916-A16	33	OG0001648	NA	NA	NA	NA	NA	AG-916-A16_01130	-5
CACJUF010000018.1	14958	16355	+	AG-916-A16_01126	AG-916-A16	465	OG0000812	K01892	histidyl-tRNA synthetase [EC:6.1.1.21]	COG0124	HisS	Histidyl-tRNA synthetase	AG-916-A16_01130	-4
CACJUF010000018.1	16333	17391	+	AG-916-A16_01127	AG-916-A16	352	OG0000374	NA	NA	COG3705	HisZ	ATP phosphoribosyltransferase regulatory subunit HisZ	AG-916-A16_01130	-3
CACJUF010000018.1	17388	18074	+	AG-916-A16_01128	AG-916-A16	228	OG0000403	K00765	ATP phosphoribosyltransferase [EC:2.4.2.17]	COG0040	HisG	ATP phosphoribosyltransferase	AG-916-A16_01130	-2
CACJUF010000018.1	18060	18191	-	AG-916-A16_01129	AG-916-A16	43	OG0001245	NA	NA	NA	NA	NA	AG-916-A16_01130	-1
CACJUF010000018.1	18222	19313	+	AG-916-A16_01130	AG-916-A16	363	OG0001004	NA	NA	COG1322	RmuC	DNA anti-recombination protein (rearrangement mutator) RmuC	AG-916-A16_01130	0
CACJUF010000018.1	19351	20031	+	AG-916-A16_01131	AG-916-A16	226	OG0001010	NA	NA	COG1074	RecB	3'-5' helicase subunit RecB of the DNA repair enzyme RecBCD (exonuclease V)	AG-916-A16_01130	1
CACJUF010000018.1	20044	21480	+	AG-916-A16_01132	AG-916-A16	478	OG0000183	NA	NA	COG2925	SbcB	Exonuclease I (degrades ssDNA)	AG-916-A16_01130	2
CACPQM010000007.1	25023	25238	+	AG-916-B15_00859	AG-916-B15	71	OG0000905	K02518	translation initiation factor IF-1	COG0361	InfA	Translation initiation factor IF-1	AG-916-B15_00866	-5
CACPQM010000007.1	25438	25650	+	AG-916-B15_00861	AG-916-B15	70	OG0000914	K03704	cold shock protein	COG1278	CspC	Cold shock protein, CspA family	AG-916-B15_00866	-4
CACPQM010000007.1	25960	27354	+	AG-916-B15_00863	AG-916-B15	464	OG0000812	K01892	histidyl-tRNA synthetase [EC:6.1.1.21]	COG0124	HisS	Histidyl-tRNA synthetase	AG-916-B15_00866	-3
CACPQM010000007.1	27332	28381	+	AG-916-B15_00864	AG-916-B15	349	OG0000374	NA	NA	COG3705	HisZ	ATP phosphoribosyltransferase regulatory subunit HisZ	AG-916-B15_00866	-2
CACPQM010000007.1	28374	29051	+	AG-916-B15_00865	AG-916-B15	225	OG0000403	NA	NA	COG0040	HisG	ATP phosphoribosyltransferase	AG-916-B15_00866	-1
CACPQM010000007.1	29107	30171	+	AG-916-B15_00866	AG-916-B15	354	OG0001004	NA	NA	COG1322	RmuC	DNA anti-recombination protein (rearrangement mutator) RmuC	AG-916-B15_00866	0
CACPQM010000007.1	30208	30894	+	AG-916-B15_00867	AG-916-B15	228	OG0001010	NA	NA	NA	NA	NA	AG-916-B15_00866	1
CACPQM010000007.1	31019	32452	+	AG-916-B15_00868	AG-916-B15	477	OG0000183	NA	NA	COG2925	SbcB	Exonuclease I (degrades ssDNA)	AG-916-B15_00866	2
CACPQM010000007.1	32519	32836	+	AG-916-B15_00869	AG-916-B15	105	OG0000169	K03671	thioredoxin 1	COG3118	CnoX	Chaperedoxin CnoX, contains thioredoxin-like and TPR-like domains, YbbN/TrxSC family	AG-916-B15_00866	3
CACPQM010000007.1	32833	34098	-	AG-916-B15_00870	AG-916-B15	421	OG0000181	NA	NA	COG0285	FolC	Folylpolyglutamate synthase/Dihydropteroate synthase	AG-916-B15_00866	4
CACPQM010000007.1	34055	34984	-	AG-916-B15_00871	AG-916-B15	309	OG0000239	K01963	acetyl-CoA carboxylase carboxyl transferase subunit beta [EC:6.4.1.2 2.1.3.15]	COG0777	AccD	Acetyl-CoA carboxylase beta subunit	AG-916-B15_00866	5
CACJUZ010000006.1	62	553	+	AG-916-D16_00712	AG-916-D16	163	OG0000181	NA	NA	COG0285	FolC	Folylpolyglutamate synthase/Dihydropteroate synthase	AG-916-D16_00715	-3
CACJUZ010000006.1	550	870	-	AG-916-D16_00713	AG-916-D16	106	OG0000169	K03671	thioredoxin 1	COG3118	CnoX	Chaperedoxin CnoX, contains thioredoxin-like and TPR-like domains, YbbN/TrxSC family	AG-916-D16_00715	-2
CACJUZ010000006.1	905	2326	-	AG-916-D16_00714	AG-916-D16	473	OG0000183	NA	NA	COG2925	SbcB	Exonuclease I (degrades ssDNA)	AG-916-D16_00715	-1
CACJUZ010000006.1	2336	3364	-	AG-916-D16_00715	AG-916-D16	342	OG0001004	NA	NA	COG1322	RmuC	DNA anti-recombination protein (rearrangement mutator) RmuC	AG-916-D16_00715	0
CACJUZ010000006.1	3421	3612	-	AG-916-D16_00716	AG-916-D16	63	OG0000871	NA	NA	NA	NA	NA	AG-916-D16_00715	1
CACJUZ010000006.1	3736	3894	+	AG-916-D16_00717	AG-916-D16	52	OG0001817	NA	NA	NA	NA	NA	AG-916-D16_00715	2
CACJUZ010000006.1	3878	4093	+	AG-916-D16_00718	AG-916-D16	71	OG0002997	NA	NA	NA	NA	NA	AG-916-D16_00715	3
CACJUZ010000006.1	4106	4681	+	AG-916-D16_00719	AG-916-D16	191	OG0001093	NA	NA	COG2249	MdaB	Putative NADPH-quinone reductase (modulator of drug activity B)	AG-916-D16_00715	4
CACJUZ010000006.1	4718	5164	+	AG-916-D16_00720	AG-916-D16	148	OG0000998	NA	NA	NA	NA	NA	AG-916-D16_00715	5
CACJWN010000012.1	25329	25832	-	AG-916-E17_01023	AG-916-E17	167	OG0002507	NA	NA	NA	NA	NA	AG-916-E17_01029	-5
CACJWN010000012.1	26030	26278	+	AG-916-E17_01024	AG-916-E17	82	NA	NA	NA	NA	NA	NA	AG-916-E17_01029	-4
CACJWN010000012.1	26278	26568	+	AG-916-E17_01025	AG-916-E17	96	OG0001570	NA	NA	NA	NA	NA	AG-916-E17_01029	-3
CACJWN010000012.1	26565	26768	+	AG-916-E17_01026	AG-916-E17	67	OG0002936	NA	NA	NA	NA	NA	AG-916-E17_01029	-2
CACJWN010000012.1	27008	27226	+	AG-916-E17_01028	AG-916-E17	72	OG0002666	NA	NA	NA	NA	NA	AG-916-E17_01029	-1
CACJWN010000012.1	27255	28286	+	AG-916-E17_01029	AG-916-E17	343	OG0001004	NA	NA	COG1322	RmuC	DNA anti-recombination protein (rearrangement mutator) RmuC	AG-916-E17_01029	0
CACJWN010000012.1	28292	29710	+	AG-916-E17_01030	AG-916-E17	472	OG0000183	NA	NA	COG2925	SbcB	Exonuclease I (degrades ssDNA)	AG-916-E17_01029	1
CACJWN010000012.1	29745	30062	+	AG-916-E17_01031	AG-916-E17	105	OG0000169	NA	NA	COG3118	CnoX	Chaperedoxin CnoX, contains thioredoxin-like and TPR-like domains, YbbN/TrxSC family	AG-916-E17_01029	2
CACJWN010000012.1	30059	31315	-	AG-916-E17_01032	AG-916-E17	418	OG0000181	NA	NA	NA	NA	NA	AG-916-E17_01029	3
CACJWN010000012.1	31284	32237	-	AG-916-E17_01033	AG-916-E17	317	OG0000239	NA	NA	COG0777	AccD	Acetyl-CoA carboxylase beta subunit	AG-916-E17_01029	4
CACJWN010000012.1	32234	33034	-	AG-916-E17_01034	AG-916-E17	266	OG0000196	K01695	tryptophan synthase alpha chain [EC:4.2.1.20]	COG0159	TrpA	Tryptophan synthase alpha chain	AG-916-E17_01029	5
CACJWS010000005.1	44269	45201	+	AG-916-E19_00626	AG-916-E19	310	OG0000239	K01963	acetyl-CoA carboxylase carboxyl transferase subunit beta [EC:6.4.1.2 2.1.3.15]	COG0777	AccD	Acetyl-CoA carboxylase beta subunit	AG-916-E19_00631	-5
CACJWS010000005.1	45155	46420	+	AG-916-E19_00627	AG-916-E19	421	OG0000181	NA	NA	COG0285	FolC	Folylpolyglutamate synthase/Dihydropteroate synthase	AG-916-E19_00631	-4
CACJWS010000005.1	46417	46737	-	AG-916-E19_00628	AG-916-E19	106	OG0000169	K03671	thioredoxin 1	COG3118	CnoX	Chaperedoxin CnoX, contains thioredoxin-like and TPR-like domains, YbbN/TrxSC family	AG-916-E19_00631	-3
CACJWS010000005.1	46804	48237	-	AG-916-E19_00629	AG-916-E19	477	OG0000183	NA	NA	COG2925	SbcB	Exonuclease I (degrades ssDNA)	AG-916-E19_00631	-2
CACJWS010000005.1	48362	49048	-	AG-916-E19_00630	AG-916-E19	228	OG0001010	NA	NA	NA	NA	NA	AG-916-E19_00631	-1
CACJWS010000005.1	49057	50157	-	AG-916-E19_00631	AG-916-E19	366	OG0001004	NA	NA	COG1322	RmuC	DNA anti-recombination protein (rearrangement mutator) RmuC	AG-916-E19_00631	0
CACJWS010000005.1	50199	50870	-	AG-916-E19_00632	AG-916-E19	223	OG0000403	NA	NA	COG0040	HisG	ATP phosphoribosyltransferase	AG-916-E19_00631	1
CACJWS010000005.1	50863	51708	-	AG-916-E19_00633	AG-916-E19	281	OG0000077	NA	NA	NA	NA	NA	AG-916-E19_00631	2
CACJWS010000005.1	51705	52760	-	AG-916-E19_00634	AG-916-E19	351	OG0000374	NA	NA	COG3705	HisZ	ATP phosphoribosyltransferase regulatory subunit HisZ	AG-916-E19_00631	3
CACJWS010000005.1	54491	54703	-	AG-916-E19_00636	AG-916-E19	70	OG0000914	K03704	cold shock protein	COG1278	CspC	Cold shock protein, CspA family	AG-916-E19_00631	4
CACJWS010000005.1	54897	55112	-	AG-916-E19_00638	AG-916-E19	71	OG0000905	K02518	translation initiation factor IF-1	COG0361	InfA	Translation initiation factor IF-1	AG-916-E19_00631	5
CACJXK010000002.1	98810	99739	+	AG-916-G09_00477	AG-916-G09	309	OG0000239	K01963	acetyl-CoA carboxylase carboxyl transferase subunit beta [EC:6.4.1.2 2.1.3.15]	COG0777	AccD	Acetyl-CoA carboxylase beta subunit	AG-916-G09_00482	-5
CACJXK010000002.1	99696	100961	+	AG-916-G09_00478	AG-916-G09	421	OG0000181	NA	NA	COG0285	FolC	Folylpolyglutamate synthase/Dihydropteroate synthase	AG-916-G09_00482	-4
CACJXK010000002.1	100958	101278	-	AG-916-G09_00479	AG-916-G09	106	OG0000169	K03671	thioredoxin 1	COG3118	CnoX	Chaperedoxin CnoX, contains thioredoxin-like and TPR-like domains, YbbN/TrxSC family	AG-916-G09_00482	-3
CACJXK010000002.1	101346	102779	-	AG-916-G09_00480	AG-916-G09	477	OG0000183	NA	NA	COG2925	SbcB	Exonuclease I (degrades ssDNA)	AG-916-G09_00482	-2
CACJXK010000002.1	102904	103590	-	AG-916-G09_00481	AG-916-G09	228	OG0001010	NA	NA	NA	NA	NA	AG-916-G09_00482	-1
CACJXK010000002.1	103602	104702	-	AG-916-G09_00482	AG-916-G09	366	OG0001004	NA	NA	COG1322	RmuC	DNA anti-recombination protein (rearrangement mutator) RmuC	AG-916-G09_00482	0
CACJXK010000002.1	104747	105424	-	AG-916-G09_00483	AG-916-G09	225	OG0000403	NA	NA	COG0040	HisG	ATP phosphoribosyltransferase	AG-916-G09_00482	1
CACJXK010000002.1	105417	106466	-	AG-916-G09_00484	AG-916-G09	349	OG0000374	NA	NA	COG3705	HisZ	ATP phosphoribosyltransferase regulatory subunit HisZ	AG-916-G09_00482	2
CACJXK010000002.1	106444	107838	-	AG-916-G09_00485	AG-916-G09	464	OG0000812	K01892	histidyl-tRNA synthetase [EC:6.1.1.21]	COG0124	HisS	Histidyl-tRNA synthetase	AG-916-G09_00482	3
CACJXK010000002.1	108147	108359	-	AG-916-G09_00487	AG-916-G09	70	OG0000914	K03704	cold shock protein	COG1278	CspC	Cold shock protein, CspA family	AG-916-G09_00482	4
CACJXK010000002.1	108558	108776	-	AG-916-G09_00489	AG-916-G09	72	OG0000905	K02518	translation initiation factor IF-1	COG0361	InfA	Translation initiation factor IF-1	AG-916-G09_00482	5
CACJZJ010000001.1	88825	89754	+	AG-916-G19_00094	AG-916-G19	309	OG0000239	K01963	acetyl-CoA carboxylase carboxyl transferase subunit beta [EC:6.4.1.2 2.1.3.15]	COG0777	AccD	Acetyl-CoA carboxylase beta subunit	AG-916-G19_00099	-5
CACJZJ010000001.1	89708	90970	+	AG-916-G19_00095	AG-916-G19	420	OG0000181	NA	NA	COG0285	FolC	Folylpolyglutamate synthase/Dihydropteroate synthase	AG-916-G19_00099	-4
CACJZJ010000001.1	90967	91284	-	AG-916-G19_00096	AG-916-G19	105	OG0000169	NA	NA	COG3118	CnoX	Chaperedoxin CnoX, contains thioredoxin-like and TPR-like domains, YbbN/TrxSC family	AG-916-G19_00099	-3
CACJZJ010000001.1	91319	92755	-	AG-916-G19_00097	AG-916-G19	478	OG0000183	NA	NA	COG2925	SbcB	Exonuclease I (degrades ssDNA)	AG-916-G19_00099	-2
CACJZJ010000001.1	92758	93444	-	AG-916-G19_00098	AG-916-G19	228	OG0001010	NA	NA	NA	NA	NA	AG-916-G19_00099	-1
CACJZJ010000001.1	93482	94573	-	AG-916-G19_00099	AG-916-G19	363	OG0001004	NA	NA	COG1322	RmuC	DNA anti-recombination protein (rearrangement mutator) RmuC	AG-916-G19_00099	0
CACJZJ010000001.1	94721	95407	-	AG-916-G19_00100	AG-916-G19	228	OG0000403	NA	NA	COG0040	HisG	ATP phosphoribosyltransferase	AG-916-G19_00099	1
CACJZJ010000001.1	95409	96461	-	AG-916-G19_00101	AG-916-G19	350	OG0000374	NA	NA	COG3705	HisZ	ATP phosphoribosyltransferase regulatory subunit HisZ	AG-916-G19_00099	2
CACJZJ010000001.1	96439	97833	-	AG-916-G19_00102	AG-916-G19	464	OG0000812	K01892	histidyl-tRNA synthetase [EC:6.1.1.21]	COG0124	HisS	Histidyl-tRNA synthetase	AG-916-G19_00099	3
CACJZJ010000001.1	98135	98347	-	AG-916-G19_00104	AG-916-G19	70	OG0000914	K03704	cold shock protein	COG1278	CspC	Cold shock protein, CspA family	AG-916-G19_00099	4
CACJZJ010000001.1	98504	98719	-	AG-916-G19_00106	AG-916-G19	71	OG0000905	K02518	translation initiation factor IF-1	COG0361	InfA	Translation initiation factor IF-1	AG-916-G19_00099	5
CACKCQ010000004.1	29	283	+	AG-916-L11_00646	AG-916-L11	84	OG0000181	NA	NA	COG0285	FolC	Folylpolyglutamate synthase/Dihydropteroate synthase	AG-916-L11_00650	-4
CACKCQ010000004.1	280	600	-	AG-916-L11_00647	AG-916-L11	106	OG0000169	K03671	thioredoxin 1	COG3118	CnoX	Chaperedoxin CnoX, contains thioredoxin-like and TPR-like domains, YbbN/TrxSC family	AG-916-L11_00650	-3
CACKCQ010000004.1	668	2101	-	AG-916-L11_00648	AG-916-L11	477	OG0000183	NA	NA	COG2925	SbcB	Exonuclease I (degrades ssDNA)	AG-916-L11_00650	-2
CACKCQ010000004.1	2226	2912	-	AG-916-L11_00649	AG-916-L11	228	OG0001010	NA	NA	NA	NA	NA	AG-916-L11_00650	-1
CACKCQ010000004.1	2920	3999	-	AG-916-L11_00650	AG-916-L11	359	OG0001004	NA	NA	COG1322	RmuC	DNA anti-recombination protein (rearrangement mutator) RmuC	AG-916-L11_00650	0
CACKCQ010000004.1	4090	5892	+	AG-916-L11_00651	AG-916-L11	600	OG0002362	NA	NA	COG4938	NA	Predicted ATPase	AG-916-L11_00650	1
CACKCQ010000004.1	5893	7020	+	AG-916-L11_00652	AG-916-L11	375	OG0002804	NA	NA	NA	NA	NA	AG-916-L11_00650	2
CACKCQ010000004.1	7141	8160	+	AG-916-L11_00653	AG-916-L11	339	OG0002673	NA	NA	NA	NA	NA	AG-916-L11_00650	3
CACKCQ010000004.1	8495	9802	+	AG-916-L11_00654	AG-916-L11	435	OG0002298	NA	NA	NA	NA	NA	AG-916-L11_00650	4
CACKCQ010000004.1	9799	11493	+	AG-916-L11_00655	AG-916-L11	564	OG0002297	K06915	DNA double-strand break repair helicase HerA and related ATPase	COG0433	CedB	Crenarchaeal DNA import helicase CedB/HerA or a related bacterial ATPase	AG-916-L11_00650	5
CACKFZ010000006.1	66258	67652	+	AG-916-M15_00570	AG-916-M15	464	OG0000812	K01892	histidyl-tRNA synthetase [EC:6.1.1.21]	COG0124	HisS	Histidyl-tRNA synthetase	AG-916-M15_00575	-5
CACKFZ010000006.1	67630	68685	+	AG-916-M15_00571	AG-916-M15	351	OG0000374	NA	NA	COG3705	HisZ	ATP phosphoribosyltransferase regulatory subunit HisZ	AG-916-M15_00575	-4
CACKFZ010000006.1	68682	69530	+	AG-916-M15_00572	AG-916-M15	282	OG0000077	NA	NA	NA	NA	NA	AG-916-M15_00575	-3
CACKFZ010000006.1	69520	70212	+	AG-916-M15_00573	AG-916-M15	230	OG0000403	NA	NA	COG0040	HisG	ATP phosphoribosyltransferase	AG-916-M15_00575	-2
CACKFZ010000006.1	70192	70326	-	AG-916-M15_00574	AG-916-M15	44	OG0001245	NA	NA	NA	NA	NA	AG-916-M15_00575	-1
CACKFZ010000006.1	70391	71488	+	AG-916-M15_00575	AG-916-M15	365	OG0001004	NA	NA	COG1322	RmuC	DNA anti-recombination protein (rearrangement mutator) RmuC	AG-916-M15_00575	0
CACKFZ010000006.1	71526	72212	+	AG-916-M15_00576	AG-916-M15	228	OG0001010	NA	NA	COG1074	RecB	3'-5' helicase subunit RecB of the DNA repair enzyme RecBCD (exonuclease V)	AG-916-M15_00575	1
CACKFA010000001.1	125557	125769	+	AG-916-N14_00135	AG-916-N14	70	OG0000914	K03704	cold shock protein	COG1278	CspC	Cold shock protein, CspA family	AG-916-N14_00141	-5
CACKFA010000001.1	126081	127475	+	AG-916-N14_00137	AG-916-N14	464	OG0000812	K01892	histidyl-tRNA synthetase [EC:6.1.1.21]	COG0124	HisS	Histidyl-tRNA synthetase	AG-916-N14_00141	-4
CACKFA010000001.1	127453	128505	+	AG-916-N14_00138	AG-916-N14	350	OG0000374	NA	NA	COG3705	HisZ	ATP phosphoribosyltransferase regulatory subunit HisZ	AG-916-N14_00141	-3
CACKFA010000001.1	128505	129197	+	AG-916-N14_00139	AG-916-N14	230	OG0000403	NA	NA	COG0040	HisG	ATP phosphoribosyltransferase	AG-916-N14_00141	-2
CACKFA010000001.1	129180	129311	-	AG-916-N14_00140	AG-916-N14	43	OG0001245	NA	NA	NA	NA	NA	AG-916-N14_00141	-1
CACKFA010000001.1	129376	130473	+	AG-916-N14_00141	AG-916-N14	365	OG0001004	NA	NA	COG1322	RmuC	DNA anti-recombination protein (rearrangement mutator) RmuC	AG-916-N14_00141	0
CACKFA010000001.1	130511	131197	+	AG-916-N14_00142	AG-916-N14	228	OG0001010	NA	NA	NA	NA	NA	AG-916-N14_00141	1
CACKFA010000001.1	131204	132640	+	AG-916-N14_00143	AG-916-N14	478	OG0000183	NA	NA	COG2925	SbcB	Exonuclease I (degrades ssDNA)	AG-916-N14_00141	2
CACKFA010000001.1	132675	132992	+	AG-916-N14_00144	AG-916-N14	105	OG0000169	NA	NA	COG3118	CnoX	Chaperedoxin CnoX, contains thioredoxin-like and TPR-like domains, YbbN/TrxSC family	AG-916-N14_00141	3
CACKFA010000001.1	132989	134257	-	AG-916-N14_00145	AG-916-N14	422	OG0000181	NA	NA	COG0285	FolC	Folylpolyglutamate synthase/Dihydropteroate synthase	AG-916-N14_00141	4
CACKFA010000001.1	134211	135140	-	AG-916-N14_00146	AG-916-N14	309	OG0000239	K01963	acetyl-CoA carboxylase carboxyl transferase subunit beta [EC:6.4.1.2 2.1.3.15]	COG0777	AccD	Acetyl-CoA carboxylase beta subunit	AG-916-N14_00141	5
CACKGF010000007.1	7831	8766	+	AG-916-O13_01117	AG-916-O13	311	OG0000239	NA	NA	COG0777	AccD	Acetyl-CoA carboxylase beta subunit	AG-916-O13_01122	-5
CACKGF010000007.1	8720	9988	+	AG-916-O13_01118	AG-916-O13	422	OG0000181	NA	NA	COG0285	FolC	Folylpolyglutamate synthase/Dihydropteroate synthase	AG-916-O13_01122	-4
CACKGF010000007.1	9985	10302	-	AG-916-O13_01119	AG-916-O13	105	OG0000169	K03671	thioredoxin 1	COG3118	CnoX	Chaperedoxin CnoX, contains thioredoxin-like and TPR-like domains, YbbN/TrxSC family	AG-916-O13_01122	-3
CACKGF010000007.1	10369	11856	-	AG-916-O13_01120	AG-916-O13	495	OG0000183	NA	NA	COG2925	SbcB	Exonuclease I (degrades ssDNA)	AG-916-O13_01122	-2
CACKGF010000007.1	11903	12586	-	AG-916-O13_01121	AG-916-O13	227	OG0001010	NA	NA	NA	NA	NA	AG-916-O13_01122	-1
CACKGF010000007.1	12600	13655	-	AG-916-O13_01122	AG-916-O13	351	OG0001004	NA	NA	COG1322	RmuC	DNA anti-recombination protein (rearrangement mutator) RmuC	AG-916-O13_01122	0
CACKGF010000007.1	13779	13910	+	AG-916-O13_01123	AG-916-O13	43	OG0001245	NA	NA	NA	NA	NA	AG-916-O13_01122	1
CACKGF010000007.1	13896	14582	-	AG-916-O13_01124	AG-916-O13	228	OG0000403	NA	NA	COG0040	HisG	ATP phosphoribosyltransferase	AG-916-O13_01122	2
CACKGF010000007.1	14586	15635	-	AG-916-O13_01125	AG-916-O13	349	OG0000374	NA	NA	COG3705	HisZ	ATP phosphoribosyltransferase regulatory subunit HisZ	AG-916-O13_01122	3
CACKGF010000007.1	17314	17523	-	AG-916-O13_01127	AG-916-O13	69	OG0000914	K03704	cold shock protein	COG1278	CspC	Cold shock protein, CspA family	AG-916-O13_01122	4
CACKGF010000007.1	17709	17924	-	AG-916-O13_01129	AG-916-O13	71	OG0000905	K02518	translation initiation factor IF-1	COG0361	InfA	Translation initiation factor IF-1	AG-916-O13_01122	5
CACKGK010000008.1	48075	48290	+	AG-916-O20_00859	AG-916-O20	71	OG0000905	K02518	translation initiation factor IF-1	COG0361	InfA	Translation initiation factor IF-1	AG-916-O20_00866	-5
CACKGK010000008.1	48490	48702	+	AG-916-O20_00861	AG-916-O20	70	OG0000914	K03704	cold shock protein	COG1278	CspC	Cold shock protein, CspA family	AG-916-O20_00866	-4
CACKGK010000008.1	49013	50407	+	AG-916-O20_00863	AG-916-O20	464	OG0000812	K01892	histidyl-tRNA synthetase [EC:6.1.1.21]	COG0124	HisS	Histidyl-tRNA synthetase	AG-916-O20_00866	-3
CACKGK010000008.1	50385	51434	+	AG-916-O20_00864	AG-916-O20	349	OG0000374	NA	NA	COG3705	HisZ	ATP phosphoribosyltransferase regulatory subunit HisZ	AG-916-O20_00866	-2
CACKGK010000008.1	51427	52104	+	AG-916-O20_00865	AG-916-O20	225	OG0000403	NA	NA	COG0040	HisG	ATP phosphoribosyltransferase	AG-916-O20_00866	-1
CACKGK010000008.1	52160	53224	+	AG-916-O20_00866	AG-916-O20	354	OG0001004	NA	NA	COG1322	RmuC	DNA anti-recombination protein (rearrangement mutator) RmuC	AG-916-O20_00866	0
CACKGK010000008.1	53261	53947	+	AG-916-O20_00867	AG-916-O20	228	OG0001010	NA	NA	NA	NA	NA	AG-916-O20_00866	1
CACKGK010000008.1	54073	55506	+	AG-916-O20_00868	AG-916-O20	477	OG0000183	NA	NA	COG2925	SbcB	Exonuclease I (degrades ssDNA)	AG-916-O20_00866	2
CACKGK010000008.1	55573	55890	+	AG-916-O20_00869	AG-916-O20	105	OG0000169	K03671	thioredoxin 1	COG3118	CnoX	Chaperedoxin CnoX, contains thioredoxin-like and TPR-like domains, YbbN/TrxSC family	AG-916-O20_00866	3
CACKGK010000008.1	55887	57152	-	AG-916-O20_00870	AG-916-O20	421	OG0000181	NA	NA	COG0285	FolC	Folylpolyglutamate synthase/Dihydropteroate synthase	AG-916-O20_00866	4
CACKGK010000008.1	57109	58038	-	AG-916-O20_00871	AG-916-O20	309	OG0000239	K01963	acetyl-CoA carboxylase carboxyl transferase subunit beta [EC:6.4.1.2 2.1.3.15]	COG0777	AccD	Acetyl-CoA carboxylase beta subunit	AG-916-O20_00866	5
CACKJD010000001.1	153627	154559	+	AG-917-B07_00160	AG-917-B07	310	OG0000239	K01963	acetyl-CoA carboxylase carboxyl transferase subunit beta [EC:6.4.1.2 2.1.3.15]	COG0777	AccD	Acetyl-CoA carboxylase beta subunit	AG-917-B07_00165	-5
CACKJD010000001.1	154507	155775	+	AG-917-B07_00161	AG-917-B07	422	OG0000181	NA	NA	COG0285	FolC	Folylpolyglutamate synthase/Dihydropteroate synthase	AG-917-B07_00165	-4
CACKJD010000001.1	155772	156089	-	AG-917-B07_00162	AG-917-B07	105	OG0000169	K03671	thioredoxin 1	COG3118	CnoX	Chaperedoxin CnoX, contains thioredoxin-like and TPR-like domains, YbbN/TrxSC family	AG-917-B07_00165	-3
CACKJD010000001.1	156156	157586	-	AG-917-B07_00163	AG-917-B07	476	OG0000183	NA	NA	COG2925	SbcB	Exonuclease I (degrades ssDNA)	AG-917-B07_00165	-2
CACKJD010000001.1	157686	158369	-	AG-917-B07_00164	AG-917-B07	227	OG0001010	NA	NA	NA	NA	NA	AG-917-B07_00165	-1
CACKJD010000001.1	158405	159466	-	AG-917-B07_00165	AG-917-B07	353	OG0001004	NA	NA	COG1322	RmuC	DNA anti-recombination protein (rearrangement mutator) RmuC	AG-917-B07_00165	0
CACKJD010000001.1	159459	160142	-	AG-917-B07_00166	AG-917-B07	227	OG0000403	NA	NA	COG0040	HisG	ATP phosphoribosyltransferase	AG-917-B07_00165	1
CACKJD010000001.1	160135	161187	-	AG-917-B07_00167	AG-917-B07	350	OG0000374	NA	NA	COG3705	HisZ	ATP phosphoribosyltransferase regulatory subunit HisZ	AG-917-B07_00165	2
CACKJD010000001.1	161165	162499	-	AG-917-B07_00168	AG-917-B07	444	OG0000812	K01892	histidyl-tRNA synthetase [EC:6.1.1.21]	COG0124	HisS	Histidyl-tRNA synthetase	AG-917-B07_00165	3
CACKJD010000001.1	162815	163024	-	AG-917-B07_00170	AG-917-B07	69	OG0000914	K03704	cold shock protein	COG1278	CspC	Cold shock protein, CspA family	AG-917-B07_00165	4
CACKJD010000001.1	163209	163424	-	AG-917-B07_00172	AG-917-B07	71	OG0000905	K02518	translation initiation factor IF-1	COG0361	InfA	Translation initiation factor IF-1	AG-917-B07_00165	5
CACKKI010000001.1	95181	96110	+	AG-917-C08_00101	AG-917-C08	309	OG0000239	K01963	acetyl-CoA carboxylase carboxyl transferase subunit beta [EC:6.4.1.2 2.1.3.15]	COG0777	AccD	Acetyl-CoA carboxylase beta subunit	AG-917-C08_00106	-5
CACKKI010000001.1	96064	97332	+	AG-917-C08_00102	AG-917-C08	422	OG0000181	NA	NA	COG0285	FolC	Folylpolyglutamate synthase/Dihydropteroate synthase	AG-917-C08_00106	-4
CACKKI010000001.1	97329	97646	-	AG-917-C08_00103	AG-917-C08	105	OG0000169	NA	NA	COG3118	CnoX	Chaperedoxin CnoX, contains thioredoxin-like and TPR-like domains, YbbN/TrxSC family	AG-917-C08_00106	-3
CACKKI010000001.1	97681	99117	-	AG-917-C08_00104	AG-917-C08	478	OG0000183	NA	NA	COG2925	SbcB	Exonuclease I (degrades ssDNA)	AG-917-C08_00106	-2
CACKKI010000001.1	99126	99812	-	AG-917-C08_00105	AG-917-C08	228	OG0001010	NA	NA	COG1074	RecB	3'-5' helicase subunit RecB of the DNA repair enzyme RecBCD (exonuclease V)	AG-917-C08_00106	-1
CACKKI010000001.1	99850	100947	-	AG-917-C08_00106	AG-917-C08	365	OG0001004	NA	NA	COG1322	RmuC	DNA anti-recombination protein (rearrangement mutator) RmuC	AG-917-C08_00106	0
CACKKI010000001.1	101012	101146	+	AG-917-C08_00107	AG-917-C08	44	OG0001245	NA	NA	NA	NA	NA	AG-917-C08_00106	1
CACKKI010000001.1	101126	101815	-	AG-917-C08_00108	AG-917-C08	229	OG0000403	NA	NA	COG0040	HisG	ATP phosphoribosyltransferase	AG-917-C08_00106	2
CACKKI010000001.1	101821	102864	-	AG-917-C08_00109	AG-917-C08	347	OG0000374	NA	NA	COG3705	HisZ	ATP phosphoribosyltransferase regulatory subunit HisZ	AG-917-C08_00106	3
CACKKI010000001.1	102842	104236	-	AG-917-C08_00110	AG-917-C08	464	OG0000812	K01892	histidyl-tRNA synthetase [EC:6.1.1.21]	COG0124	HisS	Histidyl-tRNA synthetase	AG-917-C08_00106	4
CACKKI010000001.1	104545	104757	-	AG-917-C08_00112	AG-917-C08	70	OG0000914	K03704	cold shock protein	COG1278	CspC	Cold shock protein, CspA family	AG-917-C08_00106	5
CACKLD010000007.1	25011	25943	+	AG-917-D03_00934	AG-917-D03	310	OG0000239	K01963	acetyl-CoA carboxylase carboxyl transferase subunit beta [EC:6.4.1.2 2.1.3.15]	COG0777	AccD	Acetyl-CoA carboxylase beta subunit	AG-917-D03_00939	-5
CACKLD010000007.1	25897	27162	+	AG-917-D03_00935	AG-917-D03	421	OG0000181	NA	NA	COG0285	FolC	Folylpolyglutamate synthase/Dihydropteroate synthase	AG-917-D03_00939	-4
CACKLD010000007.1	27159	27479	-	AG-917-D03_00936	AG-917-D03	106	OG0000169	K03671	thioredoxin 1	COG3118	CnoX	Chaperedoxin CnoX, contains thioredoxin-like and TPR-like domains, YbbN/TrxSC family	AG-917-D03_00939	-3
CACKLD010000007.1	27547	28980	-	AG-917-D03_00937	AG-917-D03	477	OG0000183	NA	NA	COG2925	SbcB	Exonuclease I (degrades ssDNA)	AG-917-D03_00939	-2
CACKLD010000007.1	29105	29791	-	AG-917-D03_00938	AG-917-D03	228	OG0001010	NA	NA	NA	NA	NA	AG-917-D03_00939	-1
CACKLD010000007.1	29815	30909	-	AG-917-D03_00939	AG-917-D03	364	OG0001004	NA	NA	COG1322	RmuC	DNA anti-recombination protein (rearrangement mutator) RmuC	AG-917-D03_00939	0
CACKLD010000007.1	30951	31622	-	AG-917-D03_00940	AG-917-D03	223	OG0000403	NA	NA	COG0040	HisG	ATP phosphoribosyltransferase	AG-917-D03_00939	1
CACKLD010000007.1	31615	32460	-	AG-917-D03_00941	AG-917-D03	281	OG0000077	NA	NA	NA	NA	NA	AG-917-D03_00939	2
CACKLD010000007.1	32457	33509	-	AG-917-D03_00942	AG-917-D03	350	OG0000374	NA	NA	COG3705	HisZ	ATP phosphoribosyltransferase regulatory subunit HisZ	AG-917-D03_00939	3
CACKLD010000007.1	33487	34917	-	AG-917-D03_00943	AG-917-D03	476	OG0000812	K01892	histidyl-tRNA synthetase [EC:6.1.1.21]	COG0124	HisS	Histidyl-tRNA synthetase	AG-917-D03_00939	4
CACKLD010000007.1	35049	35201	-	AG-917-D03_00945	AG-917-D03	50	OG0002047	NA	NA	NA	NA	NA	AG-917-D03_00939	5
CACKLO010000003.1	31151	32416	+	AG-917-D09_00281	AG-917-D09	421	OG0000181	NA	NA	COG0285	FolC	Folylpolyglutamate synthase/Dihydropteroate synthase	AG-917-D09_00286	-5
CACKLO010000003.1	32413	32733	-	AG-917-D09_00282	AG-917-D09	106	OG0000169	K03671	thioredoxin 1	COG3118	CnoX	Chaperedoxin CnoX, contains thioredoxin-like and TPR-like domains, YbbN/TrxSC family	AG-917-D09_00286	-4
CACKLO010000003.1	32760	32852	-	AG-917-D09_00283	AG-917-D09	30	OG0002889	NA	NA	NA	NA	NA	AG-917-D09_00286	-3
CACKLO010000003.1	32800	34233	-	AG-917-D09_00284	AG-917-D09	477	OG0000183	NA	NA	COG2925	SbcB	Exonuclease I (degrades ssDNA)	AG-917-D09_00286	-2
CACKLO010000003.1	34361	35047	-	AG-917-D09_00285	AG-917-D09	228	OG0001010	NA	NA	NA	NA	NA	AG-917-D09_00286	-1
CACKLO010000003.1	35085	36179	-	AG-917-D09_00286	AG-917-D09	364	OG0001004	NA	NA	COG1322	RmuC	DNA anti-recombination protein (rearrangement mutator) RmuC	AG-917-D09_00286	0
CACKLO010000003.1	36218	36895	-	AG-917-D09_00287	AG-917-D09	225	OG0000403	NA	NA	COG0040	HisG	ATP phosphoribosyltransferase	AG-917-D09_00286	1
CACKLO010000003.1	36888	37940	-	AG-917-D09_00288	AG-917-D09	350	OG0000374	NA	NA	COG3705	HisZ	ATP phosphoribosyltransferase regulatory subunit HisZ	AG-917-D09_00286	2
CACKLO010000003.1	37918	39306	-	AG-917-D09_00289	AG-917-D09	462	OG0000812	K01892	histidyl-tRNA synthetase [EC:6.1.1.21]	COG0124	HisS	Histidyl-tRNA synthetase	AG-917-D09_00286	3
CACKLO010000003.1	39625	39837	-	AG-917-D09_00291	AG-917-D09	70	OG0000914	K03704	cold shock protein	COG1278	CspC	Cold shock protein, CspA family	AG-917-D09_00286	4
CACKLO010000003.1	40049	40264	-	AG-917-D09_00293	AG-917-D09	71	OG0000905	K02518	translation initiation factor IF-1	COG0361	InfA	Translation initiation factor IF-1	AG-917-D09_00286	5
CACKLR010000005.1	49842	50774	+	AG-917-D14_00501	AG-917-D14	310	OG0000239	K01963	acetyl-CoA carboxylase carboxyl transferase subunit beta [EC:6.4.1.2 2.1.3.15]	COG0777	AccD	Acetyl-CoA carboxylase beta subunit	AG-917-D14_00506	-5
CACKLR010000005.1	50728	51993	+	AG-917-D14_00502	AG-917-D14	421	OG0000181	NA	NA	COG0285	FolC	Folylpolyglutamate synthase/Dihydropteroate synthase	AG-917-D14_00506	-4
CACKLR010000005.1	51990	52310	-	AG-917-D14_00503	AG-917-D14	106	OG0000169	K03671	thioredoxin 1	COG3118	CnoX	Chaperedoxin CnoX, contains thioredoxin-like and TPR-like domains, YbbN/TrxSC family	AG-917-D14_00506	-3
CACKLR010000005.1	52377	53810	-	AG-917-D14_00504	AG-917-D14	477	OG0000183	NA	NA	COG2925	SbcB	Exonuclease I (degrades ssDNA)	AG-917-D14_00506	-2
CACKLR010000005.1	53935	54621	-	AG-917-D14_00505	AG-917-D14	228	OG0001010	NA	NA	NA	NA	NA	AG-917-D14_00506	-1
CACKLR010000005.1	54645	55742	-	AG-917-D14_00506	AG-917-D14	365	OG0001004	NA	NA	COG1322	RmuC	DNA anti-recombination protein (rearrangement mutator) RmuC	AG-917-D14_00506	0
CACKLR010000005.1	55784	56455	-	AG-917-D14_00507	AG-917-D14	223	OG0000403	NA	NA	COG0040	HisG	ATP phosphoribosyltransferase	AG-917-D14_00506	1
CACKLR010000005.1	56448	57293	-	AG-917-D14_00508	AG-917-D14	281	OG0000077	NA	NA	NA	NA	NA	AG-917-D14_00506	2
CACKLR010000005.1	57290	58342	-	AG-917-D14_00509	AG-917-D14	350	OG0000374	NA	NA	COG3705	HisZ	ATP phosphoribosyltransferase regulatory subunit HisZ	AG-917-D14_00506	3
CACKLR010000005.1	58320	59750	-	AG-917-D14_00510	AG-917-D14	476	OG0000812	K01892	histidyl-tRNA synthetase [EC:6.1.1.21]	COG0124	HisS	Histidyl-tRNA synthetase	AG-917-D14_00506	4
CACKLR010000005.1	59879	60034	-	AG-917-D14_00512	AG-917-D14	51	OG0002047	NA	NA	NA	NA	NA	AG-917-D14_00506	5
CACKMB010000010.1	20396	21328	+	AG-917-D23_01130	AG-917-D23	310	OG0000239	K01963	acetyl-CoA carboxylase carboxyl transferase subunit beta [EC:6.4.1.2 2.1.3.15]	COG0777	AccD	Acetyl-CoA carboxylase beta subunit	AG-917-D23_01135	-5
CACKMB010000010.1	21282	22547	+	AG-917-D23_01131	AG-917-D23	421	OG0000181	NA	NA	COG0285	FolC	Folylpolyglutamate synthase/Dihydropteroate synthase	AG-917-D23_01135	-4
CACKMB010000010.1	22544	22864	-	AG-917-D23_01132	AG-917-D23	106	OG0000169	K03671	thioredoxin 1	COG3118	CnoX	Chaperedoxin CnoX, contains thioredoxin-like and TPR-like domains, YbbN/TrxSC family	AG-917-D23_01135	-3
CACKMB010000010.1	22931	24364	-	AG-917-D23_01133	AG-917-D23	477	OG0000183	NA	NA	COG2925	SbcB	Exonuclease I (degrades ssDNA)	AG-917-D23_01135	-2
CACKMB010000010.1	24489	25175	-	AG-917-D23_01134	AG-917-D23	228	OG0001010	NA	NA	NA	NA	NA	AG-917-D23_01135	-1
CACKMB010000010.1	25200	26294	-	AG-917-D23_01135	AG-917-D23	364	OG0001004	NA	NA	COG1322	RmuC	DNA anti-recombination protein (rearrangement mutator) RmuC	AG-917-D23_01135	0
CACKMB010000010.1	26336	27007	-	AG-917-D23_01136	AG-917-D23	223	OG0000403	NA	NA	COG0040	HisG	ATP phosphoribosyltransferase	AG-917-D23_01135	1
CACKMB010000010.1	27000	27845	-	AG-917-D23_01137	AG-917-D23	281	OG0000077	NA	NA	NA	NA	NA	AG-917-D23_01135	2
CACKMB010000010.1	27842	28894	-	AG-917-D23_01138	AG-917-D23	350	OG0000374	NA	NA	COG3705	HisZ	ATP phosphoribosyltransferase regulatory subunit HisZ	AG-917-D23_01135	3
CACKMB010000010.1	30434	30586	-	AG-917-D23_01140	AG-917-D23	50	OG0002047	NA	NA	NA	NA	NA	AG-917-D23_01135	4
CACKMB010000010.1	30628	30840	-	AG-917-D23_01141	AG-917-D23	70	OG0000914	K03704	cold shock protein	COG1278	CspC	Cold shock protein, CspA family	AG-917-D23_01135	5
CACKMS010000005.1	31578	31793	+	AG-917-E05_00605	AG-917-E05	71	OG0000905	K02518	translation initiation factor IF-1	COG0361	InfA	Translation initiation factor IF-1	AG-917-E05_00612	-5
CACKMS010000005.1	32005	32217	+	AG-917-E05_00607	AG-917-E05	70	OG0000914	K03704	cold shock protein	COG1278	CspC	Cold shock protein, CspA family	AG-917-E05_00612	-4
CACKMS010000005.1	32536	33924	+	AG-917-E05_00609	AG-917-E05	462	OG0000812	K01892	histidyl-tRNA synthetase [EC:6.1.1.21]	COG0124	HisS	Histidyl-tRNA synthetase	AG-917-E05_00612	-3
CACKMS010000005.1	33902	34954	+	AG-917-E05_00610	AG-917-E05	350	OG0000374	NA	NA	COG3705	HisZ	ATP phosphoribosyltransferase regulatory subunit HisZ	AG-917-E05_00612	-2
CACKMS010000005.1	34947	35624	+	AG-917-E05_00611	AG-917-E05	225	OG0000403	NA	NA	COG0040	HisG	ATP phosphoribosyltransferase	AG-917-E05_00612	-1
CACKMS010000005.1	35663	36757	+	AG-917-E05_00612	AG-917-E05	364	OG0001004	NA	NA	COG1322	RmuC	DNA anti-recombination protein (rearrangement mutator) RmuC	AG-917-E05_00612	0
CACKMS010000005.1	36795	37481	+	AG-917-E05_00613	AG-917-E05	228	OG0001010	NA	NA	NA	NA	NA	AG-917-E05_00612	1
CACKMS010000005.1	37609	39042	+	AG-917-E05_00614	AG-917-E05	477	OG0000183	NA	NA	COG2925	SbcB	Exonuclease I (degrades ssDNA)	AG-917-E05_00612	2
CACKMS010000005.1	39109	39429	+	AG-917-E05_00615	AG-917-E05	106	OG0000169	K03671	thioredoxin 1	COG3118	CnoX	Chaperedoxin CnoX, contains thioredoxin-like and TPR-like domains, YbbN/TrxSC family	AG-917-E05_00612	3
CACKMS010000005.1	39426	40691	-	AG-917-E05_00616	AG-917-E05	421	OG0000181	NA	NA	COG0285	FolC	Folylpolyglutamate synthase/Dihydropteroate synthase	AG-917-E05_00612	4
CACKMS010000005.1	40645	41577	-	AG-917-E05_00617	AG-917-E05	310	OG0000239	K01963	acetyl-CoA carboxylase carboxyl transferase subunit beta [EC:6.4.1.2 2.1.3.15]	COG0777	AccD	Acetyl-CoA carboxylase beta subunit	AG-917-E05_00612	5
CACKMU010000004.1	11891	12469	-	AG-917-E14_00378	AG-917-E14	192	OG0001093	NA	NA	COG2249	MdaB	Putative NADPH-quinone reductase (modulator of drug activity B)	AG-917-E14_00383	-5
CACKMU010000004.1	12472	12627	-	AG-917-E14_00379	AG-917-E14	51	OG0001817	NA	NA	NA	NA	NA	AG-917-E14_00383	-4
CACKMU010000004.1	12734	12940	+	AG-917-E14_00380	AG-917-E14	68	OG0000871	NA	NA	NA	NA	NA	AG-917-E14_00383	-3
CACKMU010000004.1	12996	14087	+	AG-917-E14_00381	AG-917-E14	363	OG0001540	K06941	23S rRNA (adenine2503-C2)-methyltransferase [EC:2.1.1.192]	COG0820	RlmN	Adenine C2-methylase RlmN of 23S rRNA A2503 and tRNA A37	AG-917-E14_00383	-2
CACKMU010000004.1	14080	15030	+	AG-917-E14_00382	AG-917-E14	316	OG0001311	NA	NA	COG1397	DraG	ADP-ribosylglycohydrolase	AG-917-E14_00383	-1
CACKMU010000004.1	15047	16075	+	AG-917-E14_00383	AG-917-E14	342	OG0001004	NA	NA	COG1322	RmuC	DNA anti-recombination protein (rearrangement mutator) RmuC	AG-917-E14_00383	0
CACKMU010000004.1	16085	17506	+	AG-917-E14_00384	AG-917-E14	473	OG0000183	NA	NA	COG2925	SbcB	Exonuclease I (degrades ssDNA)	AG-917-E14_00383	1
CACKMU010000004.1	17541	17858	+	AG-917-E14_00385	AG-917-E14	105	OG0000169	NA	NA	COG3118	CnoX	Chaperedoxin CnoX, contains thioredoxin-like and TPR-like domains, YbbN/TrxSC family	AG-917-E14_00383	2
CACKMU010000004.1	17855	19117	-	AG-917-E14_00386	AG-917-E14	420	OG0000181	NA	NA	COG0770	MurF	UDP-N-acetylmuramyl pentapeptide synthase	AG-917-E14_00383	3
CACKMU010000004.1	19080	19994	-	AG-917-E14_00387	AG-917-E14	304	OG0000239	K01963	acetyl-CoA carboxylase carboxyl transferase subunit beta [EC:6.4.1.2 2.1.3.15]	COG0777	AccD	Acetyl-CoA carboxylase beta subunit	AG-917-E14_00383	4
CACKMU010000004.1	19991	20791	-	AG-917-E14_00388	AG-917-E14	266	OG0000196	K01695	tryptophan synthase alpha chain [EC:4.2.1.20]	COG0159	TrpA	Tryptophan synthase alpha chain	AG-917-E14_00383	5
CACKNW010000005.1	82708	83649	+	AG-917-F16_00759	AG-917-F16	313	OG0000239	NA	NA	COG0777	AccD	Acetyl-CoA carboxylase beta subunit	AG-917-F16_00764	-5
CACKNW010000005.1	83603	84868	+	AG-917-F16_00760	AG-917-F16	421	OG0000181	NA	NA	COG0285	FolC	Folylpolyglutamate synthase/Dihydropteroate synthase	AG-917-F16_00764	-4
CACKNW010000005.1	84865	85179	-	AG-917-F16_00761	AG-917-F16	104	OG0000169	K03671	thioredoxin 1	COG3118	CnoX	Chaperedoxin CnoX, contains thioredoxin-like and TPR-like domains, YbbN/TrxSC family	AG-917-F16_00764	-3
CACKNW010000005.1	85246	86676	-	AG-917-F16_00762	AG-917-F16	476	OG0000183	NA	NA	COG2925	SbcB	Exonuclease I (degrades ssDNA)	AG-917-F16_00764	-2
CACKNW010000005.1	86797	87486	-	AG-917-F16_00763	AG-917-F16	229	OG0001010	NA	NA	NA	NA	NA	AG-917-F16_00764	-1
CACKNW010000005.1	87524	88621	-	AG-917-F16_00764	AG-917-F16	365	OG0001004	NA	NA	COG1322	RmuC	DNA anti-recombination protein (rearrangement mutator) RmuC	AG-917-F16_00764	0
CACKNW010000005.1	88657	88788	+	AG-917-F16_00765	AG-917-F16	43	OG0001245	NA	NA	NA	NA	NA	AG-917-F16_00764	1
CACKNW010000005.1	88774	89463	-	AG-917-F16_00766	AG-917-F16	229	OG0000403	NA	NA	COG0040	HisG	ATP phosphoribosyltransferase	AG-917-F16_00764	2
CACKNW010000005.1	89456	90514	-	AG-917-F16_00767	AG-917-F16	352	OG0000374	NA	NA	COG3705	HisZ	ATP phosphoribosyltransferase regulatory subunit HisZ	AG-917-F16_00764	3
CACKNW010000005.1	90483	91877	-	AG-917-F16_00768	AG-917-F16	464	OG0000812	K01892	histidyl-tRNA synthetase [EC:6.1.1.21]	COG0124	HisS	Histidyl-tRNA synthetase	AG-917-F16_00764	4
CACKNW010000005.1	92185	92394	-	AG-917-F16_00770	AG-917-F16	69	OG0000914	K03704	cold shock protein	COG1278	CspC	Cold shock protein, CspA family	AG-917-F16_00764	5
CACKNV010000003.1	275	1303	-	AG-917-F18_00548	AG-917-F18	342	OG0001004	NA	NA	COG1322	RmuC	DNA anti-recombination protein (rearrangement mutator) RmuC	AG-917-F18_00548	0
CACKNV010000003.1	1330	2277	-	AG-917-F18_00549	AG-917-F18	315	OG0001311	NA	NA	COG1397	DraG	ADP-ribosylglycohydrolase	AG-917-F18_00548	1
CACKNV010000003.1	2282	3361	-	AG-917-F18_00550	AG-917-F18	359	OG0001540	K06941	23S rRNA (adenine2503-C2)-methyltransferase [EC:2.1.1.192]	COG0820	RlmN	Adenine C2-methylase RlmN of 23S rRNA A2503 and tRNA A37	AG-917-F18_00548	2
CACKNV010000003.1	3419	3610	-	AG-917-F18_00551	AG-917-F18	63	OG0000871	NA	NA	NA	NA	NA	AG-917-F18_00548	3
CACKNV010000003.1	3732	3887	+	AG-917-F18_00552	AG-917-F18	51	OG0001817	NA	NA	NA	NA	NA	AG-917-F18_00548	4
CACKNV010000003.1	3889	4467	+	AG-917-F18_00553	AG-917-F18	192	OG0001093	NA	NA	COG2249	MdaB	Putative NADPH-quinone reductase (modulator of drug activity B)	AG-917-F18_00548	5
CACLSR010000012.1	484	2562	-	AG-917-K06_01227	AG-917-K06	692	OG0002362	NA	NA	COG4938	NA	Predicted ATPase	AG-917-K06_01228	-1
CACLSR010000012.1	2655	3725	+	AG-917-K06_01228	AG-917-K06	356	OG0001004	NA	NA	COG1322	RmuC	DNA anti-recombination protein (rearrangement mutator) RmuC	AG-917-K06_01228	0
CACLSR010000012.1	3763	4449	+	AG-917-K06_01229	AG-917-K06	228	OG0001010	NA	NA	NA	NA	NA	AG-917-K06_01228	1
CACLSR010000012.1	4458	5894	+	AG-917-K06_01230	AG-917-K06	478	OG0000183	NA	NA	COG2925	SbcB	Exonuclease I (degrades ssDNA)	AG-917-K06_01228	2
CACLSR010000012.1	5929	6246	+	AG-917-K06_01231	AG-917-K06	105	OG0000169	NA	NA	COG3118	CnoX	Chaperedoxin CnoX, contains thioredoxin-like and TPR-like domains, YbbN/TrxSC family	AG-917-K06_01228	3
CACLSR010000012.1	6243	7508	-	AG-917-K06_01232	AG-917-K06	421	OG0000181	NA	NA	COG0285	FolC	Folylpolyglutamate synthase/Dihydropteroate synthase	AG-917-K06_01228	4
CACLSR010000012.1	7465	8391	-	AG-917-K06_01233	AG-917-K06	308	OG0000239	K01963	acetyl-CoA carboxylase carboxyl transferase subunit beta [EC:6.4.1.2 2.1.3.15]	COG0777	AccD	Acetyl-CoA carboxylase beta subunit	AG-917-K06_01228	5
CACLTL010000005.1	2966	3766	+	AG-917-K20_00969	AG-917-K20	266	OG0000196	K01695	tryptophan synthase alpha chain [EC:4.2.1.20]	COG0159	TrpA	Tryptophan synthase alpha chain	AG-917-K20_00974	-5
CACLTL010000005.1	3763	4677	+	AG-917-K20_00970	AG-917-K20	304	OG0000239	K01963	acetyl-CoA carboxylase carboxyl transferase subunit beta [EC:6.4.1.2 2.1.3.15]	COG0777	AccD	Acetyl-CoA carboxylase beta subunit	AG-917-K20_00974	-4
CACLTL010000005.1	4640	5902	+	AG-917-K20_00971	AG-917-K20	420	OG0000181	NA	NA	COG0285	FolC	Folylpolyglutamate synthase/Dihydropteroate synthase	AG-917-K20_00974	-3
CACLTL010000005.1	5899	6216	-	AG-917-K20_00972	AG-917-K20	105	OG0000169	NA	NA	COG3118	CnoX	Chaperedoxin CnoX, contains thioredoxin-like and TPR-like domains, YbbN/TrxSC family	AG-917-K20_00974	-2
CACLTL010000005.1	6251	7672	-	AG-917-K20_00973	AG-917-K20	473	OG0000183	NA	NA	COG2925	SbcB	Exonuclease I (degrades ssDNA)	AG-917-K20_00974	-1
CACLTL010000005.1	7680	8708	-	AG-917-K20_00974	AG-917-K20	342	OG0001004	NA	NA	COG1322	RmuC	DNA anti-recombination protein (rearrangement mutator) RmuC	AG-917-K20_00974	0
CACLTL010000005.1	8735	9682	-	AG-917-K20_00975	AG-917-K20	315	OG0001311	NA	NA	COG1397	DraG	ADP-ribosylglycohydrolase	AG-917-K20_00974	1
CACLTL010000005.1	9675	10766	-	AG-917-K20_00976	AG-917-K20	363	OG0001540	K06941	23S rRNA (adenine2503-C2)-methyltransferase [EC:2.1.1.192]	COG0820	RlmN	Adenine C2-methylase RlmN of 23S rRNA A2503 and tRNA A37	AG-917-K20_00974	2
CACLTL010000005.1	10822	11013	-	AG-917-K20_00977	AG-917-K20	63	OG0000871	NA	NA	NA	NA	NA	AG-917-K20_00974	3
CACLTL010000005.1	11126	11287	+	AG-917-K20_00978	AG-917-K20	53	OG0001817	NA	NA	NA	NA	NA	AG-917-K20_00974	4
CACLTL010000005.1	11289	11867	+	AG-917-K20_00979	AG-917-K20	192	OG0001093	NA	NA	COG2249	MdaB	Putative NADPH-quinone reductase (modulator of drug activity B)	AG-917-K20_00974	5
CACLVA010000006.1	47249	47449	+	AG-917-M15_00722	AG-917-M15	66	OG0003098	NA	NA	NA	NA	NA	AG-917-M15_00728	-5
CACLVA010000006.1	47454	47552	+	AG-917-M15_00723	AG-917-M15	32	OG0004202	NA	NA	NA	NA	NA	AG-917-M15_00728	-4
CACLVA010000006.1	47713	47880	+	AG-917-M15_00725	AG-917-M15	55	OG0001693	NA	NA	NA	NA	NA	AG-917-M15_00728	-3
CACLVA010000006.1	47877	48149	+	AG-917-M15_00726	AG-917-M15	90	OG0001570	NA	NA	NA	NA	NA	AG-917-M15_00728	-2
CACLVA010000006.1	48139	48360	+	AG-917-M15_00727	AG-917-M15	73	OG0002666	NA	NA	NA	NA	NA	AG-917-M15_00728	-1
CACLVA010000006.1	48393	49445	+	AG-917-M15_00728	AG-917-M15	350	OG0001004	NA	NA	COG1322	RmuC	DNA anti-recombination protein (rearrangement mutator) RmuC	AG-917-M15_00728	0
CACLVA010000006.1	49459	50142	+	AG-917-M15_00729	AG-917-M15	227	OG0001010	NA	NA	NA	NA	NA	AG-917-M15_00728	1
CACLVA010000006.1	50242	51672	+	AG-917-M15_00730	AG-917-M15	476	OG0000183	NA	NA	COG2925	SbcB	Exonuclease I (degrades ssDNA)	AG-917-M15_00728	2
CACLVA010000006.1	51908	52084	+	AG-917-M15_00731	AG-917-M15	58	OG0000169	NA	NA	COG3118	CnoX	Chaperedoxin CnoX, contains thioredoxin-like and TPR-like domains, YbbN/TrxSC family	AG-917-M15_00728	3
CACLVA010000006.1	52081	53346	-	AG-917-M15_00732	AG-917-M15	421	OG0000181	NA	NA	COG0285	FolC	Folylpolyglutamate synthase/Dihydropteroate synthase	AG-917-M15_00728	4
CACLVA010000006.1	53297	54229	-	AG-917-M15_00733	AG-917-M15	310	OG0000239	K01963	acetyl-CoA carboxylase carboxyl transferase subunit beta [EC:6.4.1.2 2.1.3.15]	COG0777	AccD	Acetyl-CoA carboxylase beta subunit	AG-917-M15_00728	5
CACLVR010000011.1	64	405	+	AG-917-M22_00839	AG-917-M22	113	OG0001004	NA	NA	NA	NA	NA	AG-917-M22_00839	0
CACLVR010000011.1	443	1129	+	AG-917-M22_00840	AG-917-M22	228	OG0001010	NA	NA	COG1074	RecB	3'-5' helicase subunit RecB of the DNA repair enzyme RecBCD (exonuclease V)	AG-917-M22_00839	1
CACLVR010000011.1	1138	2574	+	AG-917-M22_00841	AG-917-M22	478	OG0000183	NA	NA	COG2925	SbcB	Exonuclease I (degrades ssDNA)	AG-917-M22_00839	2
CACLVR010000011.1	2609	2926	+	AG-917-M22_00842	AG-917-M22	105	OG0000169	NA	NA	COG3118	CnoX	Chaperedoxin CnoX, contains thioredoxin-like and TPR-like domains, YbbN/TrxSC family	AG-917-M22_00839	3
CACLVR010000011.1	2923	4191	-	AG-917-M22_00843	AG-917-M22	422	OG0000181	NA	NA	COG0285	FolC	Folylpolyglutamate synthase/Dihydropteroate synthase	AG-917-M22_00839	4
CACLVR010000011.1	4145	5074	-	AG-917-M22_00844	AG-917-M22	309	OG0000239	K01963	acetyl-CoA carboxylase carboxyl transferase subunit beta [EC:6.4.1.2 2.1.3.15]	COG0777	AccD	Acetyl-CoA carboxylase beta subunit	AG-917-M22_00839	5
CACLXR010000012.1	23078	24004	+	AG-917-O20_00958	AG-917-O20	308	OG0000239	K01963	acetyl-CoA carboxylase carboxyl transferase subunit beta [EC:6.4.1.2 2.1.3.15]	COG0777	AccD	Acetyl-CoA carboxylase beta subunit	AG-917-O20_00963	-5
CACLXR010000012.1	23961	25226	+	AG-917-O20_00959	AG-917-O20	421	OG0000181	NA	NA	COG0285	FolC	Folylpolyglutamate synthase/Dihydropteroate synthase	AG-917-O20_00963	-4
CACLXR010000012.1	25223	25540	-	AG-917-O20_00960	AG-917-O20	105	OG0000169	NA	NA	COG3118	CnoX	Chaperedoxin CnoX, contains thioredoxin-like and TPR-like domains, YbbN/TrxSC family	AG-917-O20_00963	-3
CACLXR010000012.1	25576	27012	-	AG-917-O20_00961	AG-917-O20	478	OG0000183	NA	NA	COG2925	SbcB	Exonuclease I (degrades ssDNA)	AG-917-O20_00963	-2
CACLXR010000012.1	27021	27707	-	AG-917-O20_00962	AG-917-O20	228	OG0001010	NA	NA	NA	NA	NA	AG-917-O20_00963	-1
CACLXR010000012.1	27745	28842	-	AG-917-O20_00963	AG-917-O20	365	OG0001004	NA	NA	COG1322	RmuC	DNA anti-recombination protein (rearrangement mutator) RmuC	AG-917-O20_00963	0
CACLXR010000012.1	28942	29073	+	AG-917-O20_00964	AG-917-O20	43	OG0001245	NA	NA	NA	NA	NA	AG-917-O20_00963	1
CACLXR010000012.1	29059	29745	-	AG-917-O20_00965	AG-917-O20	228	OG0000403	NA	NA	COG0040	HisG	ATP phosphoribosyltransferase	AG-917-O20_00963	2
CACLYY010000001.1	181791	182003	+	AG-918-B06_00201	AG-918-B06	70	OG0000914	K03704	cold shock protein	COG1278	CspC	Cold shock protein, CspA family	AG-918-B06_00207	-5
CACLYY010000001.1	182312	183706	+	AG-918-B06_00203	AG-918-B06	464	OG0000812	K01892	histidyl-tRNA synthetase [EC:6.1.1.21]	COG0124	HisS	Histidyl-tRNA synthetase	AG-918-B06_00207	-4
CACLYY010000001.1	183684	184733	+	AG-918-B06_00204	AG-918-B06	349	OG0000374	NA	NA	COG3705	HisZ	ATP phosphoribosyltransferase regulatory subunit HisZ	AG-918-B06_00207	-3
CACLYY010000001.1	184726	185403	+	AG-918-B06_00205	AG-918-B06	225	OG0000403	NA	NA	COG0040	HisG	ATP phosphoribosyltransferase	AG-918-B06_00207	-2
CACLYY010000001.1	185405	186091	+	AG-918-B06_00206	AG-918-B06	228	OG0001010	NA	NA	COG1074	RecB	3'-5' helicase subunit RecB of the DNA repair enzyme RecBCD (exonuclease V)	AG-918-B06_00207	-1
CACLYY010000001.1	186216	187283	+	AG-918-B06_00207	AG-918-B06	355	OG0001004	NA	NA	COG1322	RmuC	DNA anti-recombination protein (rearrangement mutator) RmuC	AG-918-B06_00207	0
CACLYY010000001.1	187280	188713	+	AG-918-B06_00208	AG-918-B06	477	OG0000183	NA	NA	COG2925	SbcB	Exonuclease I (degrades ssDNA)	AG-918-B06_00207	1
CACLYY010000001.1	188781	189101	+	AG-918-B06_00209	AG-918-B06	106	OG0000169	K03671	thioredoxin 1	COG3118	CnoX	Chaperedoxin CnoX, contains thioredoxin-like and TPR-like domains, YbbN/TrxSC family	AG-918-B06_00207	2
CACLYY010000001.1	189098	190363	-	AG-918-B06_00210	AG-918-B06	421	OG0000181	NA	NA	COG0285	FolC	Folylpolyglutamate synthase/Dihydropteroate synthase	AG-918-B06_00207	3
CACLYY010000001.1	190320	191249	-	AG-918-B06_00211	AG-918-B06	309	OG0000239	K01963	acetyl-CoA carboxylase carboxyl transferase subunit beta [EC:6.4.1.2 2.1.3.15]	COG0777	AccD	Acetyl-CoA carboxylase beta subunit	AG-918-B06_00207	4
CACLYY010000001.1	191246	192046	-	AG-918-B06_00212	AG-918-B06	266	OG0000196	K01695	tryptophan synthase alpha chain [EC:4.2.1.20]	COG0159	TrpA	Tryptophan synthase alpha chain	AG-918-B06_00207	5
CACMDH010000002.1	66794	68059	+	AG-918-G15_00332	AG-918-G15	421	OG0000181	NA	NA	COG0285	FolC	Folylpolyglutamate synthase/Dihydropteroate synthase	AG-918-G15_00337	-5
CACMDH010000002.1	68056	68376	-	AG-918-G15_00333	AG-918-G15	106	OG0000169	K03671	thioredoxin 1	COG3118	CnoX	Chaperedoxin CnoX, contains thioredoxin-like and TPR-like domains, YbbN/TrxSC family	AG-918-G15_00337	-4
CACMDH010000002.1	68394	68495	-	AG-918-G15_00334	AG-918-G15	33	OG0002889	NA	NA	NA	NA	NA	AG-918-G15_00337	-3
CACMDH010000002.1	68443	69876	-	AG-918-G15_00335	AG-918-G15	477	OG0000183	NA	NA	COG2925	SbcB	Exonuclease I (degrades ssDNA)	AG-918-G15_00337	-2
CACMDH010000002.1	70004	70690	-	AG-918-G15_00336	AG-918-G15	228	OG0001010	NA	NA	NA	NA	NA	AG-918-G15_00337	-1
CACMDH010000002.1	70727	71821	-	AG-918-G15_00337	AG-918-G15	364	OG0001004	NA	NA	COG1322	RmuC	DNA anti-recombination protein (rearrangement mutator) RmuC	AG-918-G15_00337	0
CACMDH010000002.1	71860	72537	-	AG-918-G15_00338	AG-918-G15	225	OG0000403	NA	NA	COG0040	HisG	ATP phosphoribosyltransferase	AG-918-G15_00337	1
CACMDH010000002.1	72530	73582	-	AG-918-G15_00339	AG-918-G15	350	OG0000374	NA	NA	COG3705	HisZ	ATP phosphoribosyltransferase regulatory subunit HisZ	AG-918-G15_00337	2
CACMDH010000002.1	75267	75479	-	AG-918-G15_00341	AG-918-G15	70	OG0000914	K03704	cold shock protein	COG1278	CspC	Cold shock protein, CspA family	AG-918-G15_00337	3
CACMDH010000002.1	75691	75906	-	AG-918-G15_00343	AG-918-G15	71	OG0000905	K02518	translation initiation factor IF-1	COG0361	InfA	Translation initiation factor IF-1	AG-918-G15_00337	4
CACMDH010000002.1	75907	77172	-	AG-918-G15_00344	AG-918-G15	421	OG0000814	NA	NA	COG0141	HisD	Histidinol dehydrogenase	AG-918-G15_00337	5
CACMDY010000001.1	426410	426622	+	AG-918-G22_00449	AG-918-G22	70	OG0000914	K03704	cold shock protein	COG1278	CspC	Cold shock protein, CspA family	AG-918-G22_00455	-5
CACMDY010000001.1	426664	426816	+	AG-918-G22_00450	AG-918-G22	50	OG0002047	NA	NA	NA	NA	NA	AG-918-G22_00455	-4
CACMDY010000001.1	426948	428378	+	AG-918-G22_00452	AG-918-G22	476	OG0000812	K01892	histidyl-tRNA synthetase [EC:6.1.1.21]	COG0124	HisS	Histidyl-tRNA synthetase	AG-918-G22_00455	-3
CACMDY010000001.1	428356	429408	+	AG-918-G22_00453	AG-918-G22	350	OG0000374	NA	NA	COG3705	HisZ	ATP phosphoribosyltransferase regulatory subunit HisZ	AG-918-G22_00455	-2
CACMDY010000001.1	429405	430088	+	AG-918-G22_00454	AG-918-G22	227	OG0000403	NA	NA	COG0040	HisG	ATP phosphoribosyltransferase	AG-918-G22_00455	-1
CACMDY010000001.1	430119	431216	+	AG-918-G22_00455	AG-918-G22	365	OG0001004	NA	NA	COG1322	RmuC	DNA anti-recombination protein (rearrangement mutator) RmuC	AG-918-G22_00455	0
CACMDY010000001.1	431238	431924	+	AG-918-G22_00456	AG-918-G22	228	OG0001010	NA	NA	NA	NA	NA	AG-918-G22_00455	1
CACMDY010000001.1	432048	433481	+	AG-918-G22_00457	AG-918-G22	477	OG0000183	NA	NA	COG2925	SbcB	Exonuclease I (degrades ssDNA)	AG-918-G22_00455	2
CACMDY010000001.1	433548	433868	+	AG-918-G22_00458	AG-918-G22	106	OG0000169	K03671	thioredoxin 1	COG3118	CnoX	Chaperedoxin CnoX, contains thioredoxin-like and TPR-like domains, YbbN/TrxSC family	AG-918-G22_00455	3
CACMDY010000001.1	433865	435130	-	AG-918-G22_00459	AG-918-G22	421	OG0000181	NA	NA	COG0285	FolC	Folylpolyglutamate synthase/Dihydropteroate synthase	AG-918-G22_00455	4
CACMDY010000001.1	435084	436016	-	AG-918-G22_00460	AG-918-G22	310	OG0000239	K01963	acetyl-CoA carboxylase carboxyl transferase subunit beta [EC:6.4.1.2 2.1.3.15]	COG0777	AccD	Acetyl-CoA carboxylase beta subunit	AG-918-G22_00455	5
CACMFM010000001.1	230282	231211	+	AG-918-K09_00239	AG-918-K09	309	OG0000239	K01963	acetyl-CoA carboxylase carboxyl transferase subunit beta [EC:6.4.1.2 2.1.3.15]	COG0777	AccD	Acetyl-CoA carboxylase beta subunit	AG-918-K09_00244	-5
CACMFM010000001.1	231165	232433	+	AG-918-K09_00240	AG-918-K09	422	OG0000181	NA	NA	COG0285	FolC	Folylpolyglutamate synthase/Dihydropteroate synthase	AG-918-K09_00244	-4
CACMFM010000001.1	232430	232747	-	AG-918-K09_00241	AG-918-K09	105	OG0000169	NA	NA	COG3118	CnoX	Chaperedoxin CnoX, contains thioredoxin-like and TPR-like domains, YbbN/TrxSC family	AG-918-K09_00244	-3
CACMFM010000001.1	232782	234218	-	AG-918-K09_00242	AG-918-K09	478	OG0000183	NA	NA	COG2925	SbcB	Exonuclease I (degrades ssDNA)	AG-918-K09_00244	-2
CACMFM010000001.1	234233	234913	-	AG-918-K09_00243	AG-918-K09	226	OG0001010	NA	NA	NA	NA	NA	AG-918-K09_00244	-1
CACMFM010000001.1	234951	236048	-	AG-918-K09_00244	AG-918-K09	365	OG0001004	NA	NA	COG1322	RmuC	DNA anti-recombination protein (rearrangement mutator) RmuC	AG-918-K09_00244	0
CACMFM010000001.1	236113	236247	+	AG-918-K09_00245	AG-918-K09	44	OG0001245	NA	NA	NA	NA	NA	AG-918-K09_00244	1
CACMFM010000001.1	236227	236919	-	AG-918-K09_00246	AG-918-K09	230	OG0000403	NA	NA	COG0040	HisG	ATP phosphoribosyltransferase	AG-918-K09_00244	2
CACMFM010000001.1	236909	237757	-	AG-918-K09_00247	AG-918-K09	282	OG0000077	NA	NA	NA	NA	NA	AG-918-K09_00244	3
CACMFM010000001.1	237754	238809	-	AG-918-K09_00248	AG-918-K09	351	OG0000374	NA	NA	COG3705	HisZ	ATP phosphoribosyltransferase regulatory subunit HisZ	AG-918-K09_00244	4
CACMFM010000001.1	238787	240181	-	AG-918-K09_00249	AG-918-K09	464	OG0000812	K01892	histidyl-tRNA synthetase [EC:6.1.1.21]	COG0124	HisS	Histidyl-tRNA synthetase	AG-918-K09_00244	5
CACMFU010000010.1	43629	43841	+	AG-918-K13_00970	AG-918-K13	70	OG0000914	K03704	cold shock protein	COG1278	CspC	Cold shock protein, CspA family	AG-918-K13_00976	-5
CACMFU010000010.1	44165	45595	+	AG-918-K13_00972	AG-918-K13	476	OG0000812	K01892	histidyl-tRNA synthetase [EC:6.1.1.21]	COG0124	HisS	Histidyl-tRNA synthetase	AG-918-K13_00976	-4
CACMFU010000010.1	45573	46625	+	AG-918-K13_00973	AG-918-K13	350	OG0000374	NA	NA	COG3705	HisZ	ATP phosphoribosyltransferase regulatory subunit HisZ	AG-918-K13_00976	-3
CACMFU010000010.1	46622	47467	+	AG-918-K13_00974	AG-918-K13	281	OG0000077	NA	NA	NA	NA	NA	AG-918-K13_00976	-2
CACMFU010000010.1	47460	48143	+	AG-918-K13_00975	AG-918-K13	227	OG0000403	NA	NA	COG0040	HisG	ATP phosphoribosyltransferase	AG-918-K13_00976	-1
CACMFU010000010.1	48174	49271	+	AG-918-K13_00976	AG-918-K13	365	OG0001004	NA	NA	COG1322	RmuC	DNA anti-recombination protein (rearrangement mutator) RmuC	AG-918-K13_00976	0
CACMFU010000010.1	49295	49981	+	AG-918-K13_00977	AG-918-K13	228	OG0001010	NA	NA	NA	NA	NA	AG-918-K13_00976	1
CACMFU010000010.1	50106	51539	+	AG-918-K13_00978	AG-918-K13	477	OG0000183	NA	NA	COG2925	SbcB	Exonuclease I (degrades ssDNA)	AG-918-K13_00976	2
CACMFU010000010.1	51606	51926	+	AG-918-K13_00979	AG-918-K13	106	OG0000169	K03671	thioredoxin 1	COG3118	CnoX	Chaperedoxin CnoX, contains thioredoxin-like and TPR-like domains, YbbN/TrxSC family	AG-918-K13_00976	3
CACMFU010000010.1	51923	53188	-	AG-918-K13_00980	AG-918-K13	421	OG0000181	NA	NA	COG0285	FolC	Folylpolyglutamate synthase/Dihydropteroate synthase	AG-918-K13_00976	4
CACMFU010000010.1	53142	54074	-	AG-918-K13_00981	AG-918-K13	310	OG0000239	K01963	acetyl-CoA carboxylase carboxyl transferase subunit beta [EC:6.4.1.2 2.1.3.15]	COG0777	AccD	Acetyl-CoA carboxylase beta subunit	AG-918-K13_00976	5
CACMGQ010000002.1	123678	123890	+	AG-918-L07_00472	AG-918-L07	70	OG0000914	K03704	cold shock protein	COG1278	CspC	Cold shock protein, CspA family	AG-918-L07_00478	-5
CACMGQ010000002.1	124200	125594	+	AG-918-L07_00474	AG-918-L07	464	OG0000812	K01892	histidyl-tRNA synthetase [EC:6.1.1.21]	COG0124	HisS	Histidyl-tRNA synthetase	AG-918-L07_00478	-4
CACMGQ010000002.1	125572	126615	+	AG-918-L07_00475	AG-918-L07	347	OG0000374	NA	NA	COG3705	HisZ	ATP phosphoribosyltransferase regulatory subunit HisZ	AG-918-L07_00478	-3
CACMGQ010000002.1	126621	127310	+	AG-918-L07_00476	AG-918-L07	229	OG0000403	NA	NA	COG0040	HisG	ATP phosphoribosyltransferase	AG-918-L07_00478	-2
CACMGQ010000002.1	127290	127424	-	AG-918-L07_00477	AG-918-L07	44	OG0001245	NA	NA	NA	NA	NA	AG-918-L07_00478	-1
CACMGQ010000002.1	127489	128586	+	AG-918-L07_00478	AG-918-L07	365	OG0001004	NA	NA	COG1322	RmuC	DNA anti-recombination protein (rearrangement mutator) RmuC	AG-918-L07_00478	0
CACMGQ010000002.1	128624	129310	+	AG-918-L07_00479	AG-918-L07	228	OG0001010	NA	NA	COG1074	RecB	3'-5' helicase subunit RecB of the DNA repair enzyme RecBCD (exonuclease V)	AG-918-L07_00478	1
CACMGQ010000002.1	129319	130755	+	AG-918-L07_00480	AG-918-L07	478	OG0000183	NA	NA	COG2925	SbcB	Exonuclease I (degrades ssDNA)	AG-918-L07_00478	2
CACMGQ010000002.1	130790	131107	+	AG-918-L07_00481	AG-918-L07	105	OG0000169	NA	NA	COG3118	CnoX	Chaperedoxin CnoX, contains thioredoxin-like and TPR-like domains, YbbN/TrxSC family	AG-918-L07_00478	3
CACMGQ010000002.1	131104	132372	-	AG-918-L07_00482	AG-918-L07	422	OG0000181	NA	NA	COG0285	FolC	Folylpolyglutamate synthase/Dihydropteroate synthase	AG-918-L07_00478	4
CACMGQ010000002.1	132326	133255	-	AG-918-L07_00483	AG-918-L07	309	OG0000239	K01963	acetyl-CoA carboxylase carboxyl transferase subunit beta [EC:6.4.1.2 2.1.3.15]	COG0777	AccD	Acetyl-CoA carboxylase beta subunit	AG-918-L07_00478	5
CACMHD010000009.1	10	588	+	AG-918-L21_00715	AG-918-L21	192	OG0000403	NA	NA	COG0040	HisG	ATP phosphoribosyltransferase	AG-918-L21_00717	-2
CACMHD010000009.1	568	702	-	AG-918-L21_00716	AG-918-L21	44	OG0001245	NA	NA	NA	NA	NA	AG-918-L21_00717	-1
CACMHD010000009.1	767	1864	+	AG-918-L21_00717	AG-918-L21	365	OG0001004	NA	NA	COG1322	RmuC	DNA anti-recombination protein (rearrangement mutator) RmuC	AG-918-L21_00717	0
CACMHD010000009.1	1902	2588	+	AG-918-L21_00718	AG-918-L21	228	OG0001010	NA	NA	COG1074	RecB	3'-5' helicase subunit RecB of the DNA repair enzyme RecBCD (exonuclease V)	AG-918-L21_00717	1
CACMHD010000009.1	2597	4033	+	AG-918-L21_00719	AG-918-L21	478	OG0000183	NA	NA	COG2925	SbcB	Exonuclease I (degrades ssDNA)	AG-918-L21_00717	2
CACMHD010000009.1	4068	4385	+	AG-918-L21_00720	AG-918-L21	105	OG0000169	NA	NA	COG3118	CnoX	Chaperedoxin CnoX, contains thioredoxin-like and TPR-like domains, YbbN/TrxSC family	AG-918-L21_00717	3
CACMHD010000009.1	4382	5650	-	AG-918-L21_00721	AG-918-L21	422	OG0000181	NA	NA	COG0285	FolC	Folylpolyglutamate synthase/Dihydropteroate synthase	AG-918-L21_00717	4
CACMHD010000009.1	5604	6533	-	AG-918-L21_00722	AG-918-L21	309	OG0000239	K01963	acetyl-CoA carboxylase carboxyl transferase subunit beta [EC:6.4.1.2 2.1.3.15]	COG0777	AccD	Acetyl-CoA carboxylase beta subunit	AG-918-L21_00717	5
CACMJB010000001.1	170417	171001	-	AG-918-N23_00190	AG-918-N23	194	OG0001093	NA	NA	COG2249	MdaB	Putative NADPH-quinone reductase (modulator of drug activity B)	AG-918-N23_00195	-5
CACMJB010000001.1	171001	171165	-	AG-918-N23_00191	AG-918-N23	54	OG0001817	NA	NA	NA	NA	NA	AG-918-N23_00195	-4
CACMJB010000001.1	171204	171470	+	AG-918-N23_00192	AG-918-N23	88	OG0000871	NA	NA	NA	NA	NA	AG-918-N23_00195	-3
CACMJB010000001.1	171526	172617	+	AG-918-N23_00193	AG-918-N23	363	OG0001540	K06941	23S rRNA (adenine2503-C2)-methyltransferase [EC:2.1.1.192]	COG0820	RlmN	Adenine C2-methylase RlmN of 23S rRNA A2503 and tRNA A37	AG-918-N23_00195	-2
CACMJB010000001.1	172610	173557	+	AG-918-N23_00194	AG-918-N23	315	OG0001311	NA	NA	COG1397	DraG	ADP-ribosylglycohydrolase	AG-918-N23_00195	-1
CACMJB010000001.1	173577	174605	+	AG-918-N23_00195	AG-918-N23	342	OG0001004	NA	NA	COG1322	RmuC	DNA anti-recombination protein (rearrangement mutator) RmuC	AG-918-N23_00195	0
CACMJB010000001.1	174613	176034	+	AG-918-N23_00196	AG-918-N23	473	OG0000183	NA	NA	COG2925	SbcB	Exonuclease I (degrades ssDNA)	AG-918-N23_00195	1
CACMJB010000001.1	176069	176386	+	AG-918-N23_00197	AG-918-N23	105	OG0000169	K03671	thioredoxin 1	COG3118	CnoX	Chaperedoxin CnoX, contains thioredoxin-like and TPR-like domains, YbbN/TrxSC family	AG-918-N23_00195	2
CACMJB010000001.1	176383	177651	-	AG-918-N23_00198	AG-918-N23	422	OG0000181	NA	NA	COG0285	FolC	Folylpolyglutamate synthase/Dihydropteroate synthase	AG-918-N23_00195	3
CACMJB010000001.1	177614	178528	-	AG-918-N23_00199	AG-918-N23	304	OG0000239	K01963	acetyl-CoA carboxylase carboxyl transferase subunit beta [EC:6.4.1.2 2.1.3.15]	COG0777	AccD	Acetyl-CoA carboxylase beta subunit	AG-918-N23_00195	4
CACMJB010000001.1	178525	179325	-	AG-918-N23_00200	AG-918-N23	266	OG0000196	K01695	tryptophan synthase alpha chain [EC:4.2.1.20]	COG0159	TrpA	Tryptophan synthase alpha chain	AG-918-N23_00195	5
CACMLC010000002.1	149825	151507	-	AG-919-A21_00378	AG-919-A21	560	OG0002297	K06915	DNA double-strand break repair helicase HerA and related ATPase	COG0433	CedB	Crenarchaeal DNA import helicase CedB/HerA or a related bacterial ATPase	AG-919-A21_00383	-5
CACMLC010000002.1	151507	152820	-	AG-919-A21_00379	AG-919-A21	437	OG0002298	NA	NA	NA	NA	NA	AG-919-A21_00383	-4
CACMLC010000002.1	153172	154095	-	AG-919-A21_00380	AG-919-A21	307	OG0003167	NA	NA	COG0568	RpoD	DNA-directed RNA polymerase, sigma subunit (sigma70/sigma32)	AG-919-A21_00383	-3
CACMLC010000002.1	154207	155355	-	AG-919-A21_00381	AG-919-A21	382	OG0002998	NA	NA	NA	NA	NA	AG-919-A21_00383	-2
CACMLC010000002.1	155355	157388	-	AG-919-A21_00382	AG-919-A21	677	OG0002362	NA	NA	COG4938	NA	Predicted ATPase	AG-919-A21_00383	-1
CACMLC010000002.1	157471	158568	+	AG-919-A21_00383	AG-919-A21	365	OG0001004	NA	NA	COG1322	RmuC	DNA anti-recombination protein (rearrangement mutator) RmuC	AG-919-A21_00383	0
CACMLC010000002.1	158606	159286	+	AG-919-A21_00384	AG-919-A21	226	OG0001010	NA	NA	NA	NA	NA	AG-919-A21_00383	1
CACMLC010000002.1	159299	160735	+	AG-919-A21_00385	AG-919-A21	478	OG0000183	NA	NA	COG2925	SbcB	Exonuclease I (degrades ssDNA)	AG-919-A21_00383	2
CACMLC010000002.1	160770	161087	+	AG-919-A21_00386	AG-919-A21	105	OG0000169	NA	NA	COG3118	CnoX	Chaperedoxin CnoX, contains thioredoxin-like and TPR-like domains, YbbN/TrxSC family	AG-919-A21_00383	3
CACMLC010000002.1	161084	162349	-	AG-919-A21_00387	AG-919-A21	421	OG0000181	NA	NA	COG0285	FolC	Folylpolyglutamate synthase/Dihydropteroate synthase	AG-919-A21_00383	4
CACMLC010000002.1	162306	163238	-	AG-919-A21_00388	AG-919-A21	310	OG0000239	K01963	acetyl-CoA carboxylase carboxyl transferase subunit beta [EC:6.4.1.2 2.1.3.15]	COG0777	AccD	Acetyl-CoA carboxylase beta subunit	AG-919-A21_00383	5
CACMLV010000003.1	63241	63462	+	AG-919-C02_00671	AG-919-C02	73	OG0000914	K03704	cold shock protein	COG1278	CspC	Cold shock protein, CspA family	AG-919-C02_00676	-5
CACMLV010000003.1	63804	65201	+	AG-919-C02_00672	AG-919-C02	465	OG0000812	K01892	histidyl-tRNA synthetase [EC:6.1.1.21]	COG0124	HisS	Histidyl-tRNA synthetase	AG-919-C02_00676	-4
CACMLV010000003.1	65179	66231	+	AG-919-C02_00673	AG-919-C02	350	OG0000374	NA	NA	COG3705	HisZ	ATP phosphoribosyltransferase regulatory subunit HisZ	AG-919-C02_00676	-3
CACMLV010000003.1	66231	66917	+	AG-919-C02_00674	AG-919-C02	228	OG0000403	NA	NA	COG0040	HisG	ATP phosphoribosyltransferase	AG-919-C02_00676	-2
CACMLV010000003.1	66903	67034	-	AG-919-C02_00675	AG-919-C02	43	OG0001245	NA	NA	NA	NA	NA	AG-919-C02_00676	-1
CACMLV010000003.1	67133	68230	+	AG-919-C02_00676	AG-919-C02	365	OG0001004	NA	NA	COG1322	RmuC	DNA anti-recombination protein (rearrangement mutator) RmuC	AG-919-C02_00676	0
CACMLV010000003.1	68268	68954	+	AG-919-C02_00677	AG-919-C02	228	OG0001010	NA	NA	NA	NA	NA	AG-919-C02_00676	1
CACMLV010000003.1	68963	70399	+	AG-919-C02_00678	AG-919-C02	478	OG0000183	NA	NA	COG2925	SbcB	Exonuclease I (degrades ssDNA)	AG-919-C02_00676	2
CACMLV010000003.1	70434	70751	+	AG-919-C02_00679	AG-919-C02	105	OG0000169	NA	NA	COG3118	CnoX	Chaperedoxin CnoX, contains thioredoxin-like and TPR-like domains, YbbN/TrxSC family	AG-919-C02_00676	3
CACMLV010000003.1	70748	72013	-	AG-919-C02_00680	AG-919-C02	421	OG0000181	NA	NA	COG0285	FolC	Folylpolyglutamate synthase/Dihydropteroate synthase	AG-919-C02_00676	4
CACMLV010000003.1	71970	72896	-	AG-919-C02_00681	AG-919-C02	308	OG0000239	K01963	acetyl-CoA carboxylase carboxyl transferase subunit beta [EC:6.4.1.2 2.1.3.15]	COG0777	AccD	Acetyl-CoA carboxylase beta subunit	AG-919-C02_00676	5
CACMOQ010000005.1	3313	4242	+	AG-919-F03_00625	AG-919-F03	309	OG0000239	K01963	acetyl-CoA carboxylase carboxyl transferase subunit beta [EC:6.4.1.2 2.1.3.15]	COG0777	AccD	Acetyl-CoA carboxylase beta subunit	AG-919-F03_00630	-5
CACMOQ010000005.1	4190	5461	+	AG-919-F03_00626	AG-919-F03	423	OG0000181	NA	NA	COG0285	FolC	Folylpolyglutamate synthase/Dihydropteroate synthase	AG-919-F03_00630	-4
CACMOQ010000005.1	5458	5775	-	AG-919-F03_00627	AG-919-F03	105	OG0000169	NA	NA	COG3118	CnoX	Chaperedoxin CnoX, contains thioredoxin-like and TPR-like domains, YbbN/TrxSC family	AG-919-F03_00630	-3
CACMOQ010000005.1	5810	7246	-	AG-919-F03_00628	AG-919-F03	478	OG0000183	NA	NA	COG2925	SbcB	Exonuclease I (degrades ssDNA)	AG-919-F03_00630	-2
CACMOQ010000005.1	7253	7939	-	AG-919-F03_00629	AG-919-F03	228	OG0001010	NA	NA	NA	NA	NA	AG-919-F03_00630	-1
CACMOQ010000005.1	7977	9068	-	AG-919-F03_00630	AG-919-F03	363	OG0001004	NA	NA	COG1322	RmuC	DNA anti-recombination protein (rearrangement mutator) RmuC	AG-919-F03_00630	0
CACMOQ010000005.1	9099	9230	+	AG-919-F03_00631	AG-919-F03	43	OG0001245	NA	NA	NA	NA	NA	AG-919-F03_00630	1
CACMOQ010000005.1	9216	9902	-	AG-919-F03_00632	AG-919-F03	228	OG0000403	NA	NA	COG0040	HisG	ATP phosphoribosyltransferase	AG-919-F03_00630	2
CACMOQ010000005.1	9899	10957	-	AG-919-F03_00633	AG-919-F03	352	OG0000374	NA	NA	COG3705	HisZ	ATP phosphoribosyltransferase regulatory subunit HisZ	AG-919-F03_00630	3
CACMOQ010000005.1	10935	12332	-	AG-919-F03_00634	AG-919-F03	465	OG0000812	K01892	histidyl-tRNA synthetase [EC:6.1.1.21]	COG0124	HisS	Histidyl-tRNA synthetase	AG-919-F03_00630	4
CACMOQ010000005.1	12673	12885	-	AG-919-F03_00635	AG-919-F03	70	OG0000914	K03704	cold shock protein	COG1278	CspC	Cold shock protein, CspA family	AG-919-F03_00630	5
CACMRM010000001.1	157922	158722	+	AG-919-I13_00167	AG-919-I13	266	OG0000196	K01695	tryptophan synthase alpha chain [EC:4.2.1.20]	COG0159	TrpA	Tryptophan synthase alpha chain	AG-919-I13_00172	-5
CACMRM010000001.1	158719	159633	+	AG-919-I13_00168	AG-919-I13	304	OG0000239	K01963	acetyl-CoA carboxylase carboxyl transferase subunit beta [EC:6.4.1.2 2.1.3.15]	COG0777	AccD	Acetyl-CoA carboxylase beta subunit	AG-919-I13_00172	-4
CACMRM010000001.1	159596	160861	+	AG-919-I13_00169	AG-919-I13	421	OG0000181	NA	NA	NA	NA	NA	AG-919-I13_00172	-3
CACMRM010000001.1	160858	161175	-	AG-919-I13_00170	AG-919-I13	105	OG0000169	NA	NA	COG3118	CnoX	Chaperedoxin CnoX, contains thioredoxin-like and TPR-like domains, YbbN/TrxSC family	AG-919-I13_00172	-2
CACMRM010000001.1	161210	162631	-	AG-919-I13_00171	AG-919-I13	473	OG0000183	NA	NA	COG2925	SbcB	Exonuclease I (degrades ssDNA)	AG-919-I13_00172	-1
CACMRM010000001.1	162641	163669	-	AG-919-I13_00172	AG-919-I13	342	OG0001004	NA	NA	COG1322	RmuC	DNA anti-recombination protein (rearrangement mutator) RmuC	AG-919-I13_00172	0
CACMRM010000001.1	163686	164636	-	AG-919-I13_00173	AG-919-I13	316	OG0001311	NA	NA	COG1397	DraG	ADP-ribosylglycohydrolase	AG-919-I13_00172	1
CACMRM010000001.1	164629	165720	-	AG-919-I13_00174	AG-919-I13	363	OG0001540	K06941	23S rRNA (adenine2503-C2)-methyltransferase [EC:2.1.1.192]	COG0820	RlmN	Adenine C2-methylase RlmN of 23S rRNA A2503 and tRNA A37	AG-919-I13_00172	2
CACMRM010000001.1	165776	166018	-	AG-919-I13_00175	AG-919-I13	80	OG0000871	NA	NA	NA	NA	NA	AG-919-I13_00172	3
CACMRM010000001.1	166089	166244	+	AG-919-I13_00176	AG-919-I13	51	OG0001817	NA	NA	NA	NA	NA	AG-919-I13_00172	4
CACMRM010000001.1	166247	166825	+	AG-919-I13_00177	AG-919-I13	192	OG0001093	NA	NA	COG2249	MdaB	Putative NADPH-quinone reductase (modulator of drug activity B)	AG-919-I13_00172	5
CACMTZ010000001.1	117431	117532	+	AG-919-L02_00129	AG-919-L02	33	OG0001648	NA	NA	NA	NA	NA	AG-919-L02_00134	-5
CACMTZ010000001.1	117680	119077	+	AG-919-L02_00130	AG-919-L02	465	OG0000812	K01892	histidyl-tRNA synthetase [EC:6.1.1.21]	COG0124	HisS	Histidyl-tRNA synthetase	AG-919-L02_00134	-4
CACMTZ010000001.1	119055	120107	+	AG-919-L02_00131	AG-919-L02	350	OG0000374	NA	NA	COG3705	HisZ	ATP phosphoribosyltransferase regulatory subunit HisZ	AG-919-L02_00134	-3
CACMTZ010000001.1	120109	120795	+	AG-919-L02_00132	AG-919-L02	228	OG0000403	NA	NA	COG0040	HisG	ATP phosphoribosyltransferase	AG-919-L02_00134	-2
CACMTZ010000001.1	120781	120912	-	AG-919-L02_00133	AG-919-L02	43	OG0001245	NA	NA	NA	NA	NA	AG-919-L02_00134	-1
CACMTZ010000001.1	121012	122109	+	AG-919-L02_00134	AG-919-L02	365	OG0001004	NA	NA	COG1322	RmuC	DNA anti-recombination protein (rearrangement mutator) RmuC	AG-919-L02_00134	0
CACMTZ010000001.1	122147	122833	+	AG-919-L02_00135	AG-919-L02	228	OG0001010	NA	NA	NA	NA	NA	AG-919-L02_00134	1
CACMTZ010000001.1	122842	124278	+	AG-919-L02_00136	AG-919-L02	478	OG0000183	NA	NA	COG2925	SbcB	Exonuclease I (degrades ssDNA)	AG-919-L02_00134	2
CACMTZ010000001.1	124313	124630	+	AG-919-L02_00137	AG-919-L02	105	OG0000169	NA	NA	COG3118	CnoX	Chaperedoxin CnoX, contains thioredoxin-like and TPR-like domains, YbbN/TrxSC family	AG-919-L02_00134	3
CACMTZ010000001.1	124627	125892	-	AG-919-L02_00138	AG-919-L02	421	OG0000181	NA	NA	COG0285	FolC	Folylpolyglutamate synthase/Dihydropteroate synthase	AG-919-L02_00134	4
CACMTZ010000001.1	125849	126775	-	AG-919-L02_00139	AG-919-L02	308	OG0000239	K01963	acetyl-CoA carboxylase carboxyl transferase subunit beta [EC:6.4.1.2 2.1.3.15]	COG0777	AccD	Acetyl-CoA carboxylase beta subunit	AG-919-L02_00134	5
CACMVB010000002.1	143605	144405	+	AG-919-M05_00467	AG-919-M05	266	OG0000196	K01695	tryptophan synthase alpha chain [EC:4.2.1.20]	COG0159	TrpA	Tryptophan synthase alpha chain	AG-919-M05_00472	-5
CACMVB010000002.1	144402	145316	+	AG-919-M05_00468	AG-919-M05	304	OG0000239	K01963	acetyl-CoA carboxylase carboxyl transferase subunit beta [EC:6.4.1.2 2.1.3.15]	COG0777	AccD	Acetyl-CoA carboxylase beta subunit	AG-919-M05_00472	-4
CACMVB010000002.1	145279	146541	+	AG-919-M05_00469	AG-919-M05	420	OG0000181	NA	NA	NA	NA	NA	AG-919-M05_00472	-3
CACMVB010000002.1	146538	146855	-	AG-919-M05_00470	AG-919-M05	105	OG0000169	NA	NA	COG3118	CnoX	Chaperedoxin CnoX, contains thioredoxin-like and TPR-like domains, YbbN/TrxSC family	AG-919-M05_00472	-2
CACMVB010000002.1	146890	148311	-	AG-919-M05_00471	AG-919-M05	473	OG0000183	NA	NA	COG2925	SbcB	Exonuclease I (degrades ssDNA)	AG-919-M05_00472	-1
CACMVB010000002.1	148321	149349	-	AG-919-M05_00472	AG-919-M05	342	OG0001004	NA	NA	COG1322	RmuC	DNA anti-recombination protein (rearrangement mutator) RmuC	AG-919-M05_00472	0
CACMVB010000002.1	149366	150310	-	AG-919-M05_00473	AG-919-M05	314	OG0001311	NA	NA	COG1397	DraG	ADP-ribosylglycohydrolase	AG-919-M05_00472	1
CACMVB010000002.1	150303	151394	-	AG-919-M05_00474	AG-919-M05	363	OG0001540	K06941	23S rRNA (adenine2503-C2)-methyltransferase [EC:2.1.1.192]	COG0820	RlmN	Adenine C2-methylase RlmN of 23S rRNA A2503 and tRNA A37	AG-919-M05_00472	2
CACMVB010000002.1	151450	151854	-	AG-919-M05_00475	AG-919-M05	134	OG0000871	NA	NA	NA	NA	NA	AG-919-M05_00472	3
CACMVB010000002.1	151921	152499	+	AG-919-M05_00476	AG-919-M05	192	OG0001093	NA	NA	COG2249	MdaB	Putative NADPH-quinone reductase (modulator of drug activity B)	AG-919-M05_00472	4
CACMVB010000002.1	152538	152984	+	AG-919-M05_00477	AG-919-M05	148	OG0000998	NA	NA	NA	NA	NA	AG-919-M05_00472	5
CACMXJ010000001.1	50640	51572	+	AG-919-O02_00052	AG-919-O02	310	OG0000239	K01963	acetyl-CoA carboxylase carboxyl transferase subunit beta [EC:6.4.1.2 2.1.3.15]	COG0777	AccD	Acetyl-CoA carboxylase beta subunit	AG-919-O02_00057	-5
CACMXJ010000001.1	51526	52791	+	AG-919-O02_00053	AG-919-O02	421	OG0000181	NA	NA	COG0285	FolC	Folylpolyglutamate synthase/Dihydropteroate synthase	AG-919-O02_00057	-4
CACMXJ010000001.1	52788	53105	-	AG-919-O02_00054	AG-919-O02	105	OG0000169	NA	NA	COG3118	CnoX	Chaperedoxin CnoX, contains thioredoxin-like and TPR-like domains, YbbN/TrxSC family	AG-919-O02_00057	-3
CACMXJ010000001.1	53140	54576	-	AG-919-O02_00055	AG-919-O02	478	OG0000183	NA	NA	COG2925	SbcB	Exonuclease I (degrades ssDNA)	AG-919-O02_00057	-2
CACMXJ010000001.1	54583	55269	-	AG-919-O02_00056	AG-919-O02	228	OG0001010	NA	NA	COG1074	RecB	3'-5' helicase subunit RecB of the DNA repair enzyme RecBCD (exonuclease V)	AG-919-O02_00057	-1
CACMXJ010000001.1	55307	56398	-	AG-919-O02_00057	AG-919-O02	363	OG0001004	NA	NA	COG1322	RmuC	DNA anti-recombination protein (rearrangement mutator) RmuC	AG-919-O02_00057	0
CACMXJ010000001.1	56429	56560	+	AG-919-O02_00058	AG-919-O02	43	OG0001245	NA	NA	NA	NA	NA	AG-919-O02_00057	1
CACMXJ010000001.1	56546	57232	-	AG-919-O02_00059	AG-919-O02	228	OG0000403	NA	NA	COG0040	HisG	ATP phosphoribosyltransferase	AG-919-O02_00057	2
CACMXJ010000001.1	57229	58287	-	AG-919-O02_00060	AG-919-O02	352	OG0000374	NA	NA	COG3705	HisZ	ATP phosphoribosyltransferase regulatory subunit HisZ	AG-919-O02_00057	3
CACMXJ010000001.1	58265	59662	-	AG-919-O02_00061	AG-919-O02	465	OG0000812	K01892	histidyl-tRNA synthetase [EC:6.1.1.21]	COG0124	HisS	Histidyl-tRNA synthetase	AG-919-O02_00057	4
CACMXJ010000001.1	60007	60219	-	AG-919-O02_00062	AG-919-O02	70	OG0000914	K03704	cold shock protein	COG1278	CspC	Cold shock protein, CspA family	AG-919-O02_00057	5
CACNCB010000001.1	32857	33786	+	AG-920-D05_00034	AG-920-D05	309	OG0000239	K01963	acetyl-CoA carboxylase carboxyl transferase subunit beta [EC:6.4.1.2 2.1.3.15]	COG0777	AccD	Acetyl-CoA carboxylase beta subunit	AG-920-D05_00039	-5
CACNCB010000001.1	33740	35008	+	AG-920-D05_00035	AG-920-D05	422	OG0000181	NA	NA	COG0285	FolC	Folylpolyglutamate synthase/Dihydropteroate synthase	AG-920-D05_00039	-4
CACNCB010000001.1	35005	35322	-	AG-920-D05_00036	AG-920-D05	105	OG0000169	NA	NA	COG3118	CnoX	Chaperedoxin CnoX, contains thioredoxin-like and TPR-like domains, YbbN/TrxSC family	AG-920-D05_00039	-3
CACNCB010000001.1	35357	36793	-	AG-920-D05_00037	AG-920-D05	478	OG0000183	NA	NA	COG2925	SbcB	Exonuclease I (degrades ssDNA)	AG-920-D05_00039	-2
CACNCB010000001.1	36800	37486	-	AG-920-D05_00038	AG-920-D05	228	OG0001010	NA	NA	NA	NA	NA	AG-920-D05_00039	-1
CACNCB010000001.1	37524	38621	-	AG-920-D05_00039	AG-920-D05	365	OG0001004	NA	NA	COG1322	RmuC	DNA anti-recombination protein (rearrangement mutator) RmuC	AG-920-D05_00039	0
CACNCB010000001.1	38686	38817	+	AG-920-D05_00040	AG-920-D05	43	OG0001245	NA	NA	NA	NA	NA	AG-920-D05_00039	1
CACNCB010000001.1	38800	39492	-	AG-920-D05_00041	AG-920-D05	230	OG0000403	NA	NA	COG0040	HisG	ATP phosphoribosyltransferase	AG-920-D05_00039	2
CACNCB010000001.1	39492	40544	-	AG-920-D05_00042	AG-920-D05	350	OG0000374	NA	NA	COG3705	HisZ	ATP phosphoribosyltransferase regulatory subunit HisZ	AG-920-D05_00039	3
CACNCB010000001.1	40522	41916	-	AG-920-D05_00043	AG-920-D05	464	OG0000812	K01892	histidyl-tRNA synthetase [EC:6.1.1.21]	COG0124	HisS	Histidyl-tRNA synthetase	AG-920-D05_00039	4
CACNCB010000001.1	42228	42440	-	AG-920-D05_00045	AG-920-D05	70	OG0000914	K03704	cold shock protein	COG1278	CspC	Cold shock protein, CspA family	AG-920-D05_00039	5
CACNFB010000001.1	57100	58029	+	AG-920-I06_00056	AG-920-I06	309	OG0000239	K01963	acetyl-CoA carboxylase carboxyl transferase subunit beta [EC:6.4.1.2 2.1.3.15]	COG0777	AccD	Acetyl-CoA carboxylase beta subunit	AG-920-I06_00061	-5
CACNFB010000001.1	57983	59245	+	AG-920-I06_00057	AG-920-I06	420	OG0000181	NA	NA	COG0285	FolC	Folylpolyglutamate synthase/Dihydropteroate synthase	AG-920-I06_00061	-4
CACNFB010000001.1	59242	59559	-	AG-920-I06_00058	AG-920-I06	105	OG0000169	K03671	thioredoxin 1	COG3118	CnoX	Chaperedoxin CnoX, contains thioredoxin-like and TPR-like domains, YbbN/TrxSC family	AG-920-I06_00061	-3
CACNFB010000001.1	59626	61056	-	AG-920-I06_00059	AG-920-I06	476	OG0000183	NA	NA	COG2925	SbcB	Exonuclease I (degrades ssDNA)	AG-920-I06_00061	-2
CACNFB010000001.1	61155	61838	-	AG-920-I06_00060	AG-920-I06	227	OG0001010	NA	NA	NA	NA	NA	AG-920-I06_00061	-1
CACNFB010000001.1	61874	62938	-	AG-920-I06_00061	AG-920-I06	354	OG0001004	NA	NA	COG1322	RmuC	DNA anti-recombination protein (rearrangement mutator) RmuC	AG-920-I06_00061	0
CACNFB010000001.1	62931	63614	-	AG-920-I06_00062	AG-920-I06	227	OG0000403	NA	NA	COG0040	HisG	ATP phosphoribosyltransferase	AG-920-I06_00061	1
CACNFB010000001.1	63607	64659	-	AG-920-I06_00063	AG-920-I06	350	OG0000374	NA	NA	COG3705	HisZ	ATP phosphoribosyltransferase regulatory subunit HisZ	AG-920-I06_00061	2
CACNFB010000001.1	66286	66495	-	AG-920-I06_00065	AG-920-I06	69	OG0000914	K03704	cold shock protein	COG1278	CspC	Cold shock protein, CspA family	AG-920-I06_00061	3
CACNFB010000001.1	66683	66898	-	AG-920-I06_00067	AG-920-I06	71	OG0000905	K02518	translation initiation factor IF-1	COG0361	InfA	Translation initiation factor IF-1	AG-920-I06_00061	4
CACNFB010000001.1	66900	68195	-	AG-920-I06_00068	AG-920-I06	431	OG0000814	NA	NA	COG0141	HisD	Histidinol dehydrogenase	AG-920-I06_00061	5
CACNGH010000021.1	518	1612	-	AG-920-J04_01222	AG-920-J04	364	OG0001004	NA	NA	COG1322	RmuC	DNA anti-recombination protein (rearrangement mutator) RmuC	AG-920-J04_01222	0
CACNGH010000021.1	1722	2414	-	AG-920-J04_01223	AG-920-J04	230	OG0000403	NA	NA	COG0040	HisG	ATP phosphoribosyltransferase	AG-920-J04_01222	1
CACNGH010000021.1	2418	3461	-	AG-920-J04_01224	AG-920-J04	347	OG0000374	NA	NA	COG3705	HisZ	ATP phosphoribosyltransferase regulatory subunit HisZ	AG-920-J04_01222	2
CACNIK010000002.1	98	1126	+	AG-920-L07_00321	AG-920-L07	342	OG0001004	NA	NA	COG1322	RmuC	DNA anti-recombination protein (rearrangement mutator) RmuC	AG-920-L07_00321	0
CACNIK010000002.1	1136	2560	+	AG-920-L07_00322	AG-920-L07	474	OG0000183	NA	NA	COG2925	SbcB	Exonuclease I (degrades ssDNA)	AG-920-L07_00321	1
CACNIK010000002.1	2591	2911	+	AG-920-L07_00323	AG-920-L07	106	OG0000169	K03671	thioredoxin 1	COG3118	CnoX	Chaperedoxin CnoX, contains thioredoxin-like and TPR-like domains, YbbN/TrxSC family	AG-920-L07_00321	2
CACNIK010000002.1	2908	4173	-	AG-920-L07_00324	AG-920-L07	421	OG0000181	NA	NA	COG0285	FolC	Folylpolyglutamate synthase/Dihydropteroate synthase	AG-920-L07_00321	3
CACNIK010000002.1	4133	5053	-	AG-920-L07_00325	AG-920-L07	306	OG0000239	K01963	acetyl-CoA carboxylase carboxyl transferase subunit beta [EC:6.4.1.2 2.1.3.15]	COG0777	AccD	Acetyl-CoA carboxylase beta subunit	AG-920-L07_00321	4
CACNIK010000002.1	5050	5850	-	AG-920-L07_00326	AG-920-L07	266	OG0000196	K01695	tryptophan synthase alpha chain [EC:4.2.1.20]	COG0159	TrpA	Tryptophan synthase alpha chain	AG-920-L07_00321	5
CACNIV010000003.1	137509	137721	+	AG-920-L20_00607	AG-920-L20	70	OG0000914	K03704	cold shock protein	COG1278	CspC	Cold shock protein, CspA family	AG-920-L20_00613	-5
CACNIV010000003.1	138047	139477	+	AG-920-L20_00609	AG-920-L20	476	OG0000812	K01892	histidyl-tRNA synthetase [EC:6.1.1.21]	COG0124	HisS	Histidyl-tRNA synthetase	AG-920-L20_00613	-4
CACNIV010000003.1	139455	140507	+	AG-920-L20_00610	AG-920-L20	350	OG0000374	NA	NA	COG3705	HisZ	ATP phosphoribosyltransferase regulatory subunit HisZ	AG-920-L20_00613	-3
CACNIV010000003.1	140504	141349	+	AG-920-L20_00611	AG-920-L20	281	OG0000077	NA	NA	NA	NA	NA	AG-920-L20_00613	-2
CACNIV010000003.1	141342	142013	+	AG-920-L20_00612	AG-920-L20	223	OG0000403	NA	NA	COG0040	HisG	ATP phosphoribosyltransferase	AG-920-L20_00613	-1
CACNIV010000003.1	142055	143149	+	AG-920-L20_00613	AG-920-L20	364	OG0001004	NA	NA	COG1322	RmuC	DNA anti-recombination protein (rearrangement mutator) RmuC	AG-920-L20_00613	0
CACNIV010000003.1	143173	143871	+	AG-920-L20_00614	AG-920-L20	232	OG0001010	NA	NA	NA	NA	NA	AG-920-L20_00613	1
CACNIV010000003.1	143986	145419	+	AG-920-L20_00615	AG-920-L20	477	OG0000183	NA	NA	COG2925	SbcB	Exonuclease I (degrades ssDNA)	AG-920-L20_00613	2
CACNIV010000003.1	145486	145806	+	AG-920-L20_00616	AG-920-L20	106	OG0000169	K03671	thioredoxin 1	COG3118	CnoX	Chaperedoxin CnoX, contains thioredoxin-like and TPR-like domains, YbbN/TrxSC family	AG-920-L20_00613	3
CACNIV010000003.1	145803	147068	-	AG-920-L20_00617	AG-920-L20	421	OG0000181	NA	NA	COG0285	FolC	Folylpolyglutamate synthase/Dihydropteroate synthase	AG-920-L20_00613	4
CACNIV010000003.1	147022	147954	-	AG-920-L20_00618	AG-920-L20	310	OG0000239	K01963	acetyl-CoA carboxylase carboxyl transferase subunit beta [EC:6.4.1.2 2.1.3.15]	COG0777	AccD	Acetyl-CoA carboxylase beta subunit	AG-920-L20_00613	5
CACNSD010000002.1	33261	34190	+	AH-287-B07_00260	AH-287-B07	309	OG0000239	K01963	acetyl-CoA carboxylase carboxyl transferase subunit beta [EC:6.4.1.2 2.1.3.15]	COG0777	AccD	Acetyl-CoA carboxylase beta subunit	AH-287-B07_00265	-5
CACNSD010000002.1	34144	35412	+	AH-287-B07_00261	AH-287-B07	422	OG0000181	NA	NA	COG0285	FolC	Folylpolyglutamate synthase/Dihydropteroate synthase	AH-287-B07_00265	-4
CACNSD010000002.1	35409	35726	-	AH-287-B07_00262	AH-287-B07	105	OG0000169	NA	NA	COG3118	CnoX	Chaperedoxin CnoX, contains thioredoxin-like and TPR-like domains, YbbN/TrxSC family	AH-287-B07_00265	-3
CACNSD010000002.1	35761	37197	-	AH-287-B07_00263	AH-287-B07	478	OG0000183	NA	NA	COG2925	SbcB	Exonuclease I (degrades ssDNA)	AH-287-B07_00265	-2
CACNSD010000002.1	37214	37900	-	AH-287-B07_00264	AH-287-B07	228	OG0001010	NA	NA	COG1074	RecB	3'-5' helicase subunit RecB of the DNA repair enzyme RecBCD (exonuclease V)	AH-287-B07_00265	-1
CACNSD010000002.1	37938	39035	-	AH-287-B07_00265	AH-287-B07	365	OG0001004	NA	NA	COG1322	RmuC	DNA anti-recombination protein (rearrangement mutator) RmuC	AH-287-B07_00265	0
CACNSD010000002.1	39089	39781	-	AH-287-B07_00266	AH-287-B07	230	OG0000403	NA	NA	COG0040	HisG	ATP phosphoribosyltransferase	AH-287-B07_00265	1
CACNSD010000002.1	39781	40833	-	AH-287-B07_00267	AH-287-B07	350	OG0000374	NA	NA	COG3705	HisZ	ATP phosphoribosyltransferase regulatory subunit HisZ	AH-287-B07_00265	2
CACNSD010000002.1	40811	42205	-	AH-287-B07_00268	AH-287-B07	464	OG0000812	K01892	histidyl-tRNA synthetase [EC:6.1.1.21]	COG0124	HisS	Histidyl-tRNA synthetase	AH-287-B07_00265	3
CACNSD010000002.1	42516	42728	-	AH-287-B07_00270	AH-287-B07	70	OG0000914	K03704	cold shock protein	COG1278	CspC	Cold shock protein, CspA family	AH-287-B07_00265	4
CACNSD010000002.1	42888	43103	-	AH-287-B07_00272	AH-287-B07	71	OG0000905	K02518	translation initiation factor IF-1	COG0361	InfA	Translation initiation factor IF-1	AH-287-B07_00265	5
CACNTN010000001.1	117347	118147	+	AH-287-C13_00130	AH-287-C13	266	OG0000196	K01695	tryptophan synthase alpha chain [EC:4.2.1.20]	COG0159	TrpA	Tryptophan synthase alpha chain	AH-287-C13_00135	-5
CACNTN010000001.1	118144	119058	+	AH-287-C13_00131	AH-287-C13	304	OG0000239	K01963	acetyl-CoA carboxylase carboxyl transferase subunit beta [EC:6.4.1.2 2.1.3.15]	COG0777	AccD	Acetyl-CoA carboxylase beta subunit	AH-287-C13_00135	-4
CACNTN010000001.1	119021	120283	+	AH-287-C13_00132	AH-287-C13	420	OG0000181	NA	NA	COG0285	FolC	Folylpolyglutamate synthase/Dihydropteroate synthase	AH-287-C13_00135	-3
CACNTN010000001.1	120280	120597	-	AH-287-C13_00133	AH-287-C13	105	OG0000169	NA	NA	COG3118	CnoX	Chaperedoxin CnoX, contains thioredoxin-like and TPR-like domains, YbbN/TrxSC family	AH-287-C13_00135	-2
CACNTN010000001.1	120632	122053	-	AH-287-C13_00134	AH-287-C13	473	OG0000183	NA	NA	COG2925	SbcB	Exonuclease I (degrades ssDNA)	AH-287-C13_00135	-1
CACNTN010000001.1	122053	123126	-	AH-287-C13_00135	AH-287-C13	357	OG0001004	NA	NA	COG1322	RmuC	DNA anti-recombination protein (rearrangement mutator) RmuC	AH-287-C13_00135	0
CACNTN010000001.1	123116	123439	-	AH-287-C13_00136	AH-287-C13	107	NA	NA	NA	NA	NA	NA	AH-287-C13_00135	1
CACNTN010000001.1	123432	125402	-	AH-287-C13_00137	AH-287-C13	656	OG0002612	NA	NA	COG3398	NA	Predicted transcriptional regulator, contains two HTH domains	AH-287-C13_00135	2
CACNTN010000001.1	125643	125888	+	AH-287-C13_00138	AH-287-C13	81	NA	NA	NA	NA	NA	NA	AH-287-C13_00135	3
CACNTN010000001.1	125888	127183	+	AH-287-C13_00139	AH-287-C13	431	OG0002298	NA	NA	NA	NA	NA	AH-287-C13_00135	4
CACNTN010000001.1	127180	128901	+	AH-287-C13_00140	AH-287-C13	573	OG0002297	K06915	DNA double-strand break repair helicase HerA and related ATPase	COG0433	CedB	Crenarchaeal DNA import helicase CedB/HerA or a related bacterial ATPase	AH-287-C13_00135	5
CACNWC010000005.1	43546	44475	+	AH-287-E08_00519	AH-287-E08	309	OG0000239	K01963	acetyl-CoA carboxylase carboxyl transferase subunit beta [EC:6.4.1.2 2.1.3.15]	COG0777	AccD	Acetyl-CoA carboxylase beta subunit	AH-287-E08_00524	-5
CACNWC010000005.1	44429	45694	+	AH-287-E08_00520	AH-287-E08	421	OG0000181	NA	NA	COG0285	FolC	Folylpolyglutamate synthase/Dihydropteroate synthase	AH-287-E08_00524	-4
CACNWC010000005.1	45691	46008	-	AH-287-E08_00521	AH-287-E08	105	OG0000169	NA	NA	COG3118	CnoX	Chaperedoxin CnoX, contains thioredoxin-like and TPR-like domains, YbbN/TrxSC family	AH-287-E08_00524	-3
CACNWC010000005.1	46043	47479	-	AH-287-E08_00522	AH-287-E08	478	OG0000183	NA	NA	COG2925	SbcB	Exonuclease I (degrades ssDNA)	AH-287-E08_00524	-2
CACNWC010000005.1	47492	48172	-	AH-287-E08_00523	AH-287-E08	226	OG0001010	NA	NA	COG1074	RecB	3'-5' helicase subunit RecB of the DNA repair enzyme RecBCD (exonuclease V)	AH-287-E08_00524	-1
CACNWC010000005.1	48210	49301	-	AH-287-E08_00524	AH-287-E08	363	OG0001004	NA	NA	COG1322	RmuC	DNA anti-recombination protein (rearrangement mutator) RmuC	AH-287-E08_00524	0
CACNWC010000005.1	49330	50016	-	AH-287-E08_00525	AH-287-E08	228	OG0000403	NA	NA	COG0040	HisG	ATP phosphoribosyltransferase	AH-287-E08_00524	1
CACNWC010000005.1	50019	51071	-	AH-287-E08_00526	AH-287-E08	350	OG0000374	NA	NA	COG3705	HisZ	ATP phosphoribosyltransferase regulatory subunit HisZ	AH-287-E08_00524	2
CACNWC010000005.1	51049	52443	-	AH-287-E08_00527	AH-287-E08	464	OG0000812	K01892	histidyl-tRNA synthetase [EC:6.1.1.21]	COG0124	HisS	Histidyl-tRNA synthetase	AH-287-E08_00524	3
CACNWC010000005.1	52744	52956	-	AH-287-E08_00529	AH-287-E08	70	OG0000914	K03704	cold shock protein	COG1278	CspC	Cold shock protein, CspA family	AH-287-E08_00524	4
CACNWC010000005.1	53127	53342	-	AH-287-E08_00531	AH-287-E08	71	OG0000905	K02518	translation initiation factor IF-1	COG0361	InfA	Translation initiation factor IF-1	AH-287-E08_00524	5
CACNWV010000008.1	24	1064	+	AH-287-E19_00678	AH-287-E19	346	OG0001540	K06941	23S rRNA (adenine2503-C2)-methyltransferase [EC:2.1.1.192]	COG0820	RlmN	Adenine C2-methylase RlmN of 23S rRNA A2503 and tRNA A37	AH-287-E19_00680	-2
CACNWV010000008.1	1057	2007	+	AH-287-E19_00679	AH-287-E19	316	OG0001311	NA	NA	COG1397	DraG	ADP-ribosylglycohydrolase	AH-287-E19_00680	-1
CACNWV010000008.1	2024	3052	+	AH-287-E19_00680	AH-287-E19	342	OG0001004	NA	NA	COG1322	RmuC	DNA anti-recombination protein (rearrangement mutator) RmuC	AH-287-E19_00680	0
CACNWV010000008.1	3062	4483	+	AH-287-E19_00681	AH-287-E19	473	OG0000183	NA	NA	COG2925	SbcB	Exonuclease I (degrades ssDNA)	AH-287-E19_00680	1
CACNWV010000008.1	4518	4835	+	AH-287-E19_00682	AH-287-E19	105	OG0000169	NA	NA	COG3118	CnoX	Chaperedoxin CnoX, contains thioredoxin-like and TPR-like domains, YbbN/TrxSC family	AH-287-E19_00680	2
CACNWV010000008.1	4832	6094	-	AH-287-E19_00683	AH-287-E19	420	OG0000181	NA	NA	NA	NA	NA	AH-287-E19_00680	3
CACNWV010000008.1	6057	6971	-	AH-287-E19_00684	AH-287-E19	304	OG0000239	K01963	acetyl-CoA carboxylase carboxyl transferase subunit beta [EC:6.4.1.2 2.1.3.15]	COG0777	AccD	Acetyl-CoA carboxylase beta subunit	AH-287-E19_00680	4
CACNWV010000008.1	6968	7768	-	AH-287-E19_00685	AH-287-E19	266	OG0000196	K01695	tryptophan synthase alpha chain [EC:4.2.1.20]	COG0159	TrpA	Tryptophan synthase alpha chain	AH-287-E19_00680	5
CACOCP010000002.1	160606	161538	+	AH-287-O09_00440	AH-287-O09	310	OG0000239	K01963	acetyl-CoA carboxylase carboxyl transferase subunit beta [EC:6.4.1.2 2.1.3.15]	COG0777	AccD	Acetyl-CoA carboxylase beta subunit	AH-287-O09_00445	-5
CACOCP010000002.1	161492	162757	+	AH-287-O09_00441	AH-287-O09	421	OG0000181	NA	NA	COG0285	FolC	Folylpolyglutamate synthase/Dihydropteroate synthase	AH-287-O09_00445	-4
CACOCP010000002.1	162754	163074	-	AH-287-O09_00442	AH-287-O09	106	OG0000169	K03671	thioredoxin 1	COG3118	CnoX	Chaperedoxin CnoX, contains thioredoxin-like and TPR-like domains, YbbN/TrxSC family	AH-287-O09_00445	-3
CACOCP010000002.1	163141	164574	-	AH-287-O09_00443	AH-287-O09	477	OG0000183	NA	NA	COG2925	SbcB	Exonuclease I (degrades ssDNA)	AH-287-O09_00445	-2
CACOCP010000002.1	164702	165388	-	AH-287-O09_00444	AH-287-O09	228	OG0001010	NA	NA	NA	NA	NA	AH-287-O09_00445	-1
CACOCP010000002.1	165426	166520	-	AH-287-O09_00445	AH-287-O09	364	OG0001004	NA	NA	COG1322	RmuC	DNA anti-recombination protein (rearrangement mutator) RmuC	AH-287-O09_00445	0
CACOCP010000002.1	166559	167236	-	AH-287-O09_00446	AH-287-O09	225	OG0000403	NA	NA	COG0040	HisG	ATP phosphoribosyltransferase	AH-287-O09_00445	1
CACOCP010000002.1	167229	168281	-	AH-287-O09_00447	AH-287-O09	350	OG0000374	NA	NA	COG3705	HisZ	ATP phosphoribosyltransferase regulatory subunit HisZ	AH-287-O09_00445	2
CACOCP010000002.1	169966	170178	-	AH-287-O09_00449	AH-287-O09	70	OG0000914	K03704	cold shock protein	COG1278	CspC	Cold shock protein, CspA family	AH-287-O09_00445	3
CACOCP010000002.1	170390	170605	-	AH-287-O09_00451	AH-287-O09	71	OG0000905	K02518	translation initiation factor IF-1	COG0361	InfA	Translation initiation factor IF-1	AH-287-O09_00445	4
CACOCP010000002.1	170606	171871	-	AH-287-O09_00452	AH-287-O09	421	OG0000814	NA	NA	COG0141	HisD	Histidinol dehydrogenase	AH-287-O09_00445	5
CACOEF010000006.1	3902	4831	+	AH-321-A17_00831	AH-321-A17	309	OG0000239	K01963	acetyl-CoA carboxylase carboxyl transferase subunit beta [EC:6.4.1.2 2.1.3.15]	COG0777	AccD	Acetyl-CoA carboxylase beta subunit	AH-321-A17_00836	-5
CACOEF010000006.1	4785	6053	+	AH-321-A17_00832	AH-321-A17	422	OG0000181	NA	NA	COG0285	FolC	Folylpolyglutamate synthase/Dihydropteroate synthase	AH-321-A17_00836	-4
CACOEF010000006.1	6050	6367	-	AH-321-A17_00833	AH-321-A17	105	OG0000169	NA	NA	COG3118	CnoX	Chaperedoxin CnoX, contains thioredoxin-like and TPR-like domains, YbbN/TrxSC family	AH-321-A17_00836	-3
CACOEF010000006.1	6402	7838	-	AH-321-A17_00834	AH-321-A17	478	OG0000183	NA	NA	COG2925	SbcB	Exonuclease I (degrades ssDNA)	AH-321-A17_00836	-2
CACOEF010000006.1	7855	8541	-	AH-321-A17_00835	AH-321-A17	228	OG0001010	NA	NA	NA	NA	NA	AH-321-A17_00836	-1
CACOEF010000006.1	8579	9676	-	AH-321-A17_00836	AH-321-A17	365	OG0001004	NA	NA	COG1322	RmuC	DNA anti-recombination protein (rearrangement mutator) RmuC	AH-321-A17_00836	0
CACOEF010000006.1	9742	9873	+	AH-321-A17_00837	AH-321-A17	43	OG0001245	NA	NA	NA	NA	NA	AH-321-A17_00836	1
CACOEF010000006.1	9856	10548	-	AH-321-A17_00838	AH-321-A17	230	OG0000403	NA	NA	COG0040	HisG	ATP phosphoribosyltransferase	AH-321-A17_00836	2
CACOEF010000006.1	10548	11600	-	AH-321-A17_00839	AH-321-A17	350	OG0000374	NA	NA	COG3705	HisZ	ATP phosphoribosyltransferase regulatory subunit HisZ	AH-321-A17_00836	3
CACOEF010000006.1	11578	12972	-	AH-321-A17_00840	AH-321-A17	464	OG0000812	K01892	histidyl-tRNA synthetase [EC:6.1.1.21]	COG0124	HisS	Histidyl-tRNA synthetase	AH-321-A17_00836	4
CACOEF010000006.1	13283	13495	-	AH-321-A17_00842	AH-321-A17	70	OG0000914	K03704	cold shock protein	COG1278	CspC	Cold shock protein, CspA family	AH-321-A17_00836	5
CACOGC010000001.1	155308	156234	+	AH-321-D17_00162	AH-321-D17	308	OG0000239	K01963	acetyl-CoA carboxylase carboxyl transferase subunit beta [EC:6.4.1.2 2.1.3.15]	COG0777	AccD	Acetyl-CoA carboxylase beta subunit	AH-321-D17_00167	-5
CACOGC010000001.1	156191	157456	+	AH-321-D17_00163	AH-321-D17	421	OG0000181	NA	NA	COG0285	FolC	Folylpolyglutamate synthase/Dihydropteroate synthase	AH-321-D17_00167	-4
CACOGC010000001.1	157453	157770	-	AH-321-D17_00164	AH-321-D17	105	OG0000169	NA	NA	COG3118	CnoX	Chaperedoxin CnoX, contains thioredoxin-like and TPR-like domains, YbbN/TrxSC family	AH-321-D17_00167	-3
CACOGC010000001.1	157805	159241	-	AH-321-D17_00165	AH-321-D17	478	OG0000183	NA	NA	COG2925	SbcB	Exonuclease I (degrades ssDNA)	AH-321-D17_00167	-2
CACOGC010000001.1	159241	159936	-	AH-321-D17_00166	AH-321-D17	231	OG0001010	NA	NA	NA	NA	NA	AH-321-D17_00167	-1
CACOGC010000001.1	159974	161071	-	AH-321-D17_00167	AH-321-D17	365	OG0001004	NA	NA	COG1322	RmuC	DNA anti-recombination protein (rearrangement mutator) RmuC	AH-321-D17_00167	0
CACOGC010000001.1	161171	161302	+	AH-321-D17_00168	AH-321-D17	43	OG0001245	NA	NA	NA	NA	NA	AH-321-D17_00167	1
CACOGC010000001.1	161288	161974	-	AH-321-D17_00169	AH-321-D17	228	OG0000403	NA	NA	COG0040	HisG	ATP phosphoribosyltransferase	AH-321-D17_00167	2
CACOGC010000001.1	161976	163028	-	AH-321-D17_00170	AH-321-D17	350	OG0000374	NA	NA	COG3705	HisZ	ATP phosphoribosyltransferase regulatory subunit HisZ	AH-321-D17_00167	3
CACOGC010000001.1	163006	164403	-	AH-321-D17_00171	AH-321-D17	465	OG0000812	K01892	histidyl-tRNA synthetase [EC:6.1.1.21]	COG0124	HisS	Histidyl-tRNA synthetase	AH-321-D17_00167	4
CACOGC010000001.1	164753	164974	-	AH-321-D17_00172	AH-321-D17	73	OG0000914	K03704	cold shock protein	COG1278	CspC	Cold shock protein, CspA family	AH-321-D17_00167	5
CACOKI010000008.1	14655	15590	+	AH-321-L23_00729	AH-321-L23	311	OG0000239	K01963	acetyl-CoA carboxylase carboxyl transferase subunit beta [EC:6.4.1.2 2.1.3.15]	COG0777	AccD	Acetyl-CoA carboxylase beta subunit	AH-321-L23_00734	-5
CACOKI010000008.1	15544	16812	+	AH-321-L23_00730	AH-321-L23	422	OG0000181	NA	NA	COG0285	FolC	Folylpolyglutamate synthase/Dihydropteroate synthase	AH-321-L23_00734	-4
CACOKI010000008.1	16809	17126	-	AH-321-L23_00731	AH-321-L23	105	OG0000169	NA	NA	COG3118	CnoX	Chaperedoxin CnoX, contains thioredoxin-like and TPR-like domains, YbbN/TrxSC family	AH-321-L23_00734	-3
CACOKI010000008.1	17161	18597	-	AH-321-L23_00732	AH-321-L23	478	OG0000183	NA	NA	COG2925	SbcB	Exonuclease I (degrades ssDNA)	AH-321-L23_00734	-2
CACOKI010000008.1	18602	19288	-	AH-321-L23_00733	AH-321-L23	228	OG0001010	NA	NA	NA	NA	NA	AH-321-L23_00734	-1
CACOKI010000008.1	19326	20417	-	AH-321-L23_00734	AH-321-L23	363	OG0001004	NA	NA	COG1322	RmuC	DNA anti-recombination protein (rearrangement mutator) RmuC	AH-321-L23_00734	0
CACOKI010000008.1	20448	20579	+	AH-321-L23_00735	AH-321-L23	43	OG0001245	NA	NA	NA	NA	NA	AH-321-L23_00734	1
CACOKI010000008.1	20565	21251	-	AH-321-L23_00736	AH-321-L23	228	OG0000403	NA	NA	COG0040	HisG	ATP phosphoribosyltransferase	AH-321-L23_00734	2
CACOKI010000008.1	21254	22306	-	AH-321-L23_00737	AH-321-L23	350	OG0000374	NA	NA	COG3705	HisZ	ATP phosphoribosyltransferase regulatory subunit HisZ	AH-321-L23_00734	3
CACOKI010000008.1	22284	23678	-	AH-321-L23_00738	AH-321-L23	464	OG0000812	K01892	histidyl-tRNA synthetase [EC:6.1.1.21]	COG0124	HisS	Histidyl-tRNA synthetase	AH-321-L23_00734	4
CACOKI010000008.1	23825	23926	-	AH-321-L23_00739	AH-321-L23	33	OG0001648	NA	NA	NA	NA	NA	AH-321-L23_00734	5
CACOLA010000002.1	54995	55924	+	AH-321-N11_00374	AH-321-N11	309	OG0000239	K01963	acetyl-CoA carboxylase carboxyl transferase subunit beta [EC:6.4.1.2 2.1.3.15]	COG0777	AccD	Acetyl-CoA carboxylase beta subunit	AH-321-N11_00379	-5
CACOLA010000002.1	55878	57143	+	AH-321-N11_00375	AH-321-N11	421	OG0000181	NA	NA	COG0285	FolC	Folylpolyglutamate synthase/Dihydropteroate synthase	AH-321-N11_00379	-4
CACOLA010000002.1	57140	57457	-	AH-321-N11_00376	AH-321-N11	105	OG0000169	NA	NA	COG3118	CnoX	Chaperedoxin CnoX, contains thioredoxin-like and TPR-like domains, YbbN/TrxSC family	AH-321-N11_00379	-3
CACOLA010000002.1	57523	58971	-	AH-321-N11_00377	AH-321-N11	482	OG0000183	NA	NA	COG2925	SbcB	Exonuclease I (degrades ssDNA)	AH-321-N11_00379	-2
CACOLA010000002.1	58968	59654	-	AH-321-N11_00378	AH-321-N11	228	OG0001010	NA	NA	NA	NA	NA	AH-321-N11_00379	-1
CACOLA010000002.1	59692	60783	-	AH-321-N11_00379	AH-321-N11	363	OG0001004	NA	NA	COG1322	RmuC	DNA anti-recombination protein (rearrangement mutator) RmuC	AH-321-N11_00379	0
CACOLA010000002.1	60815	60946	+	AH-321-N11_00380	AH-321-N11	43	OG0001245	NA	NA	NA	NA	NA	AH-321-N11_00379	1
CACOLA010000002.1	60929	61621	-	AH-321-N11_00381	AH-321-N11	230	OG0000403	NA	NA	COG0040	HisG	ATP phosphoribosyltransferase	AH-321-N11_00379	2
CACOLA010000002.1	61621	62673	-	AH-321-N11_00382	AH-321-N11	350	OG0000374	NA	NA	COG3705	HisZ	ATP phosphoribosyltransferase regulatory subunit HisZ	AH-321-N11_00379	3
CACOLA010000002.1	62651	64045	-	AH-321-N11_00383	AH-321-N11	464	OG0000812	K01892	histidyl-tRNA synthetase [EC:6.1.1.21]	COG0124	HisS	Histidyl-tRNA synthetase	AH-321-N11_00379	4
CACOLA010000002.1	64191	64292	-	AH-321-N11_00384	AH-321-N11	33	OG0001648	NA	NA	NA	NA	NA	AH-321-N11_00379	5
CACONH010000001.1	326693	326908	+	AH-324-B10_00357	AH-324-B10	71	OG0000905	K02518	translation initiation factor IF-1	COG0361	InfA	Translation initiation factor IF-1	AH-324-B10_00364	-5
CACONH010000001.1	327093	327302	+	AH-324-B10_00359	AH-324-B10	69	OG0000914	K03704	cold shock protein	COG1278	CspC	Cold shock protein, CspA family	AH-324-B10_00364	-4
CACONH010000001.1	327618	328952	+	AH-324-B10_00361	AH-324-B10	444	OG0000812	K01892	histidyl-tRNA synthetase [EC:6.1.1.21]	COG0124	HisS	Histidyl-tRNA synthetase	AH-324-B10_00364	-3
CACONH010000001.1	328915	329982	+	AH-324-B10_00362	AH-324-B10	355	OG0000374	NA	NA	COG3705	HisZ	ATP phosphoribosyltransferase regulatory subunit HisZ	AH-324-B10_00364	-2
CACONH010000001.1	329975	330658	+	AH-324-B10_00363	AH-324-B10	227	OG0000403	NA	NA	COG0040	HisG	ATP phosphoribosyltransferase	AH-324-B10_00364	-1
CACONH010000001.1	330651	331715	+	AH-324-B10_00364	AH-324-B10	354	OG0001004	NA	NA	COG1322	RmuC	DNA anti-recombination protein (rearrangement mutator) RmuC	AH-324-B10_00364	0
CACONH010000001.1	331751	332434	+	AH-324-B10_00365	AH-324-B10	227	OG0001010	NA	NA	NA	NA	NA	AH-324-B10_00364	1
CACONH010000001.1	332533	333963	+	AH-324-B10_00366	AH-324-B10	476	OG0000183	NA	NA	COG2925	SbcB	Exonuclease I (degrades ssDNA)	AH-324-B10_00364	2
CACONH010000001.1	334030	334347	+	AH-324-B10_00367	AH-324-B10	105	OG0000169	K03671	thioredoxin 1	COG3118	CnoX	Chaperedoxin CnoX, contains thioredoxin-like and TPR-like domains, YbbN/TrxSC family	AH-324-B10_00364	3
CACONH010000001.1	334344	335612	-	AH-324-B10_00368	AH-324-B10	422	OG0000181	NA	NA	COG0285	FolC	Folylpolyglutamate synthase/Dihydropteroate synthase	AH-324-B10_00364	4
CACONH010000001.1	335560	336489	-	AH-324-B10_00369	AH-324-B10	309	OG0000239	K01963	acetyl-CoA carboxylase carboxyl transferase subunit beta [EC:6.4.1.2 2.1.3.15]	COG0777	AccD	Acetyl-CoA carboxylase beta subunit	AH-324-B10_00364	5
CACOPB010000001.1	232010	232225	+	AH-324-F03_00254	AH-324-F03	71	OG0000905	K02518	translation initiation factor IF-1	COG0361	InfA	Translation initiation factor IF-1	AH-324-F03_00261	-5
CACOPB010000001.1	232385	232597	+	AH-324-F03_00256	AH-324-F03	70	OG0000914	K03704	cold shock protein	COG1278	CspC	Cold shock protein, CspA family	AH-324-F03_00261	-4
CACOPB010000001.1	232908	234302	+	AH-324-F03_00258	AH-324-F03	464	OG0000812	K01892	histidyl-tRNA synthetase [EC:6.1.1.21]	COG0124	HisS	Histidyl-tRNA synthetase	AH-324-F03_00261	-3
CACOPB010000001.1	234280	235332	+	AH-324-F03_00259	AH-324-F03	350	OG0000374	NA	NA	COG3705	HisZ	ATP phosphoribosyltransferase regulatory subunit HisZ	AH-324-F03_00261	-2
CACOPB010000001.1	235332	236024	+	AH-324-F03_00260	AH-324-F03	230	OG0000403	NA	NA	COG0040	HisG	ATP phosphoribosyltransferase	AH-324-F03_00261	-1
CACOPB010000001.1	236203	237300	+	AH-324-F03_00261	AH-324-F03	365	OG0001004	NA	NA	COG1322	RmuC	DNA anti-recombination protein (rearrangement mutator) RmuC	AH-324-F03_00261	0
CACOPB010000001.1	237338	238024	+	AH-324-F03_00262	AH-324-F03	228	OG0001010	NA	NA	NA	NA	NA	AH-324-F03_00261	1
CACOPB010000001.1	238031	239467	+	AH-324-F03_00263	AH-324-F03	478	OG0000183	NA	NA	COG2925	SbcB	Exonuclease I (degrades ssDNA)	AH-324-F03_00261	2
CACOPB010000001.1	239502	239819	+	AH-324-F03_00264	AH-324-F03	105	OG0000169	NA	NA	COG3118	CnoX	Chaperedoxin CnoX, contains thioredoxin-like and TPR-like domains, YbbN/TrxSC family	AH-324-F03_00261	3
CACOPB010000001.1	239816	241084	-	AH-324-F03_00265	AH-324-F03	422	OG0000181	NA	NA	COG0285	FolC	Folylpolyglutamate synthase/Dihydropteroate synthase	AH-324-F03_00261	4
CACOPB010000001.1	241038	241967	-	AH-324-F03_00266	AH-324-F03	309	OG0000239	K01963	acetyl-CoA carboxylase carboxyl transferase subunit beta [EC:6.4.1.2 2.1.3.15]	COG0777	AccD	Acetyl-CoA carboxylase beta subunit	AH-324-F03_00261	5
CACORJ010000001.1	165495	165710	+	AH-324-K07_00175	AH-324-K07	71	OG0000905	K02518	translation initiation factor IF-1	COG0361	InfA	Translation initiation factor IF-1	AH-324-K07_00181	-5
CACORJ010000001.1	165869	166081	+	AH-324-K07_00177	AH-324-K07	70	OG0000914	K03704	cold shock protein	COG1278	CspC	Cold shock protein, CspA family	AH-324-K07_00181	-4
CACORJ010000001.1	166436	167830	+	AH-324-K07_00178	AH-324-K07	464	OG0000812	K01892	histidyl-tRNA synthetase [EC:6.1.1.21]	COG0124	HisS	Histidyl-tRNA synthetase	AH-324-K07_00181	-3
CACORJ010000001.1	167808	168854	+	AH-324-K07_00179	AH-324-K07	348	OG0000374	NA	NA	COG3705	HisZ	ATP phosphoribosyltransferase regulatory subunit HisZ	AH-324-K07_00181	-2
CACORJ010000001.1	168851	169543	+	AH-324-K07_00180	AH-324-K07	230	OG0000403	NA	NA	COG0040	HisG	ATP phosphoribosyltransferase	AH-324-K07_00181	-1
CACORJ010000001.1	169670	170764	+	AH-324-K07_00181	AH-324-K07	364	OG0001004	NA	NA	COG1322	RmuC	DNA anti-recombination protein (rearrangement mutator) RmuC	AH-324-K07_00181	0
CACORJ010000001.1	170802	171488	+	AH-324-K07_00182	AH-324-K07	228	OG0001010	NA	NA	NA	NA	NA	AH-324-K07_00181	1
CACORJ010000001.1	171497	172933	+	AH-324-K07_00183	AH-324-K07	478	OG0000183	NA	NA	COG2925	SbcB	Exonuclease I (degrades ssDNA)	AH-324-K07_00181	2
CACORJ010000001.1	172999	173316	+	AH-324-K07_00184	AH-324-K07	105	OG0000169	NA	NA	COG3118	CnoX	Chaperedoxin CnoX, contains thioredoxin-like and TPR-like domains, YbbN/TrxSC family	AH-324-K07_00181	3
CACORJ010000001.1	173313	174581	-	AH-324-K07_00185	AH-324-K07	422	OG0000181	NA	NA	COG0285	FolC	Folylpolyglutamate synthase/Dihydropteroate synthase	AH-324-K07_00181	4
CACORJ010000001.1	174535	175464	-	AH-324-K07_00186	AH-324-K07	309	OG0000239	K01963	acetyl-CoA carboxylase carboxyl transferase subunit beta [EC:6.4.1.2 2.1.3.15]	COG0777	AccD	Acetyl-CoA carboxylase beta subunit	AH-324-K07_00181	5
CACORG010000004.1	2301	3233	+	AH-324-K09_00405	AH-324-K09	310	OG0000239	K01963	acetyl-CoA carboxylase carboxyl transferase subunit beta [EC:6.4.1.2 2.1.3.15]	COG0777	AccD	Acetyl-CoA carboxylase beta subunit	AH-324-K09_00410	-5
CACORG010000004.1	3187	4452	+	AH-324-K09_00406	AH-324-K09	421	OG0000181	NA	NA	COG0285	FolC	Folylpolyglutamate synthase/Dihydropteroate synthase	AH-324-K09_00410	-4
CACORG010000004.1	4449	4769	-	AH-324-K09_00407	AH-324-K09	106	OG0000169	K03671	thioredoxin 1	COG3118	CnoX	Chaperedoxin CnoX, contains thioredoxin-like and TPR-like domains, YbbN/TrxSC family	AH-324-K09_00410	-3
CACORG010000004.1	4836	6269	-	AH-324-K09_00408	AH-324-K09	477	OG0000183	NA	NA	COG2925	SbcB	Exonuclease I (degrades ssDNA)	AH-324-K09_00410	-2
CACORG010000004.1	6397	7083	-	AH-324-K09_00409	AH-324-K09	228	OG0001010	NA	NA	NA	NA	NA	AH-324-K09_00410	-1
CACORG010000004.1	7121	8215	-	AH-324-K09_00410	AH-324-K09	364	OG0001004	NA	NA	COG1322	RmuC	DNA anti-recombination protein (rearrangement mutator) RmuC	AH-324-K09_00410	0
CACORG010000004.1	8254	8931	-	AH-324-K09_00411	AH-324-K09	225	OG0000403	NA	NA	COG0040	HisG	ATP phosphoribosyltransferase	AH-324-K09_00410	1
CACORG010000004.1	8924	9976	-	AH-324-K09_00412	AH-324-K09	350	OG0000374	NA	NA	COG3705	HisZ	ATP phosphoribosyltransferase regulatory subunit HisZ	AH-324-K09_00410	2
CACORG010000004.1	11661	11873	-	AH-324-K09_00414	AH-324-K09	70	OG0000914	K03704	cold shock protein	COG1278	CspC	Cold shock protein, CspA family	AH-324-K09_00410	3
CACORG010000004.1	12085	12300	-	AH-324-K09_00416	AH-324-K09	71	OG0000905	K02518	translation initiation factor IF-1	COG0361	InfA	Translation initiation factor IF-1	AH-324-K09_00410	4
CACORG010000004.1	12301	13566	-	AH-324-K09_00417	AH-324-K09	421	OG0000814	NA	NA	COG0141	HisD	Histidinol dehydrogenase	AH-324-K09_00410	5
CACOSU010000015.1	6257	7186	+	AH-324-N03_01185	AH-324-N03	309	OG0000239	K01963	acetyl-CoA carboxylase carboxyl transferase subunit beta [EC:6.4.1.2 2.1.3.15]	COG0777	AccD	Acetyl-CoA carboxylase beta subunit	AH-324-N03_01190	-5
CACOSU010000015.1	7140	8405	+	AH-324-N03_01186	AH-324-N03	421	OG0000181	NA	NA	COG0285	FolC	Folylpolyglutamate synthase/Dihydropteroate synthase	AH-324-N03_01190	-4
CACOSU010000015.1	8402	8719	-	AH-324-N03_01187	AH-324-N03	105	OG0000169	NA	NA	COG3118	CnoX	Chaperedoxin CnoX, contains thioredoxin-like and TPR-like domains, YbbN/TrxSC family	AH-324-N03_01190	-3
CACOSU010000015.1	8754	10190	-	AH-324-N03_01188	AH-324-N03	478	OG0000183	NA	NA	COG2925	SbcB	Exonuclease I (degrades ssDNA)	AH-324-N03_01190	-2
CACOSU010000015.1	10197	10883	-	AH-324-N03_01189	AH-324-N03	228	OG0001010	NA	NA	NA	NA	NA	AH-324-N03_01190	-1
CACOSU010000015.1	10921	11781	-	AH-324-N03_01190	AH-324-N03	286	OG0001004	NA	NA	COG1322	RmuC	DNA anti-recombination protein (rearrangement mutator) RmuC	AH-324-N03_01190	0
LIBV01000015.1	1226	1405	+	BACL5_MAG-120820-bin39_00305	BACL5_MAG-120820-bin39	59	OG0000905	K02518	translation initiation factor IF-1	COG0361	InfA	Translation initiation factor IF-1	BACL5_MAG-120820-bin39_00312	-5
LIBV01000015.1	1566	1778	+	BACL5_MAG-120820-bin39_00307	BACL5_MAG-120820-bin39	70	OG0000914	K03704	cold shock protein	COG1278	CspC	Cold shock protein, CspA family	BACL5_MAG-120820-bin39_00312	-4
LIBV01000015.1	2102	3499	+	BACL5_MAG-120820-bin39_00309	BACL5_MAG-120820-bin39	465	OG0000812	K01892	histidyl-tRNA synthetase [EC:6.1.1.21]	COG0124	HisS	Histidyl-tRNA synthetase	BACL5_MAG-120820-bin39_00312	-3
LIBV01000015.1	3477	4523	+	BACL5_MAG-120820-bin39_00310	BACL5_MAG-120820-bin39	348	OG0000374	NA	NA	COG3705	HisZ	ATP phosphoribosyltransferase regulatory subunit HisZ	BACL5_MAG-120820-bin39_00312	-2
LIBV01000015.1	4528	5217	+	BACL5_MAG-120820-bin39_00311	BACL5_MAG-120820-bin39	229	OG0000403	NA	NA	COG0040	HisG	ATP phosphoribosyltransferase	BACL5_MAG-120820-bin39_00312	-1
LIBV01000015.1	5533	6627	+	BACL5_MAG-120820-bin39_00312	BACL5_MAG-120820-bin39	364	OG0001004	NA	NA	COG1322	RmuC	DNA anti-recombination protein (rearrangement mutator) RmuC	BACL5_MAG-120820-bin39_00312	0
LIBV01000015.1	6665	7351	+	BACL5_MAG-120820-bin39_00313	BACL5_MAG-120820-bin39	228	OG0001010	NA	NA	NA	NA	NA	BACL5_MAG-120820-bin39_00312	1
LIBV01000015.1	7348	8796	+	BACL5_MAG-120820-bin39_00314	BACL5_MAG-120820-bin39	482	OG0000183	NA	NA	COG2925	SbcB	Exonuclease I (degrades ssDNA)	BACL5_MAG-120820-bin39_00312	2
LIBV01000015.1	8892	9209	+	BACL5_MAG-120820-bin39_00315	BACL5_MAG-120820-bin39	105	OG0000169	NA	NA	COG3118	CnoX	Chaperedoxin CnoX, contains thioredoxin-like and TPR-like domains, YbbN/TrxSC family	BACL5_MAG-120820-bin39_00312	3
LIBV01000015.1	9206	10474	-	BACL5_MAG-120820-bin39_00316	BACL5_MAG-120820-bin39	422	OG0000181	NA	NA	COG0285	FolC	Folylpolyglutamate synthase/Dihydropteroate synthase	BACL5_MAG-120820-bin39_00312	4
LIBV01000015.1	10428	11357	-	BACL5_MAG-120820-bin39_00317	BACL5_MAG-120820-bin39	309	OG0000239	K01963	acetyl-CoA carboxylase carboxyl transferase subunit beta [EC:6.4.1.2 2.1.3.15]	COG0777	AccD	Acetyl-CoA carboxylase beta subunit	BACL5_MAG-120820-bin39_00312	5
LIBW01000004.1	14290	15558	+	BACL5_MAG-121015-bin10_00112	BACL5_MAG-121015-bin10	422	OG0000181	NA	NA	COG0285	FolC	Folylpolyglutamate synthase/Dihydropteroate synthase	BACL5_MAG-121015-bin10_00117	-5
LIBW01000004.1	15555	15872	-	BACL5_MAG-121015-bin10_00113	BACL5_MAG-121015-bin10	105	OG0000169	NA	NA	COG3118	CnoX	Chaperedoxin CnoX, contains thioredoxin-like and TPR-like domains, YbbN/TrxSC family	BACL5_MAG-121015-bin10_00117	-4
LIBW01000004.1	15968	17416	-	BACL5_MAG-121015-bin10_00114	BACL5_MAG-121015-bin10	482	OG0000183	NA	NA	COG2925	SbcB	Exonuclease I (degrades ssDNA)	BACL5_MAG-121015-bin10_00117	-3
LIBW01000004.1	17413	17835	-	BACL5_MAG-121015-bin10_00115	BACL5_MAG-121015-bin10	140	OG0001010	NA	NA	NA	NA	NA	BACL5_MAG-121015-bin10_00117	-2
LIBW01000004.1	17837	18100	-	BACL5_MAG-121015-bin10_00116	BACL5_MAG-121015-bin10	87	OG0001010	NA	NA	NA	NA	NA	BACL5_MAG-121015-bin10_00117	-1
LIBW01000004.1	18138	19232	-	BACL5_MAG-121015-bin10_00117	BACL5_MAG-121015-bin10	364	OG0001004	NA	NA	COG1322	RmuC	DNA anti-recombination protein (rearrangement mutator) RmuC	BACL5_MAG-121015-bin10_00117	0
LIBW01000004.1	19548	19763	-	BACL5_MAG-121015-bin10_00118	BACL5_MAG-121015-bin10	71	OG0000403	NA	NA	COG0040	HisG	ATP phosphoribosyltransferase	BACL5_MAG-121015-bin10_00117	1
CP031125.1	387352	388281	+	FZCC0015_00409	FZCC0015	309	OG0000239	K01963	acetyl-CoA carboxylase carboxyl transferase subunit beta [EC:6.4.1.2 2.1.3.15]	COG0777	AccD	Acetyl-CoA carboxylase beta subunit	FZCC0015_00414	-5
CP031125.1	388235	389503	+	FZCC0015_00410	FZCC0015	422	OG0000181	NA	NA	COG0285	FolC	Folylpolyglutamate synthase/Dihydropteroate synthase	FZCC0015_00414	-4
CP031125.1	389500	389817	-	FZCC0015_00411	FZCC0015	105	OG0000169	NA	NA	COG3118	CnoX	Chaperedoxin CnoX, contains thioredoxin-like and TPR-like domains, YbbN/TrxSC family	FZCC0015_00414	-3
CP031125.1	389852	391288	-	FZCC0015_00412	FZCC0015	478	OG0000183	NA	NA	COG2925	SbcB	Exonuclease I (degrades ssDNA)	FZCC0015_00414	-2
CP031125.1	391295	391981	-	FZCC0015_00413	FZCC0015	228	OG0001010	NA	NA	NA	NA	NA	FZCC0015_00414	-1
CP031125.1	392019	393116	-	FZCC0015_00414	FZCC0015	365	OG0001004	NA	NA	COG1322	RmuC	DNA anti-recombination protein (rearrangement mutator) RmuC	FZCC0015_00414	0
CP031125.1	393181	393312	+	FZCC0015_00415	FZCC0015	43	OG0001245	NA	NA	NA	NA	NA	FZCC0015_00414	1
CP031125.1	393295	393987	-	FZCC0015_00416	FZCC0015	230	OG0000403	NA	NA	COG0040	HisG	ATP phosphoribosyltransferase	FZCC0015_00414	2
CP031125.1	393987	395039	-	FZCC0015_00417	FZCC0015	350	OG0000374	NA	NA	COG3705	HisZ	ATP phosphoribosyltransferase regulatory subunit HisZ	FZCC0015_00414	3
CP031125.1	395017	396411	-	FZCC0015_00418	FZCC0015	464	OG0000812	K01892	histidyl-tRNA synthetase [EC:6.1.1.21]	COG0124	HisS	Histidyl-tRNA synthetase	FZCC0015_00414	4
CP031125.1	396724	396936	-	FZCC0015_00420	FZCC0015	70	OG0000914	K03704	cold shock protein	COG1278	CspC	Cold shock protein, CspA family	FZCC0015_00414	5
LHBX01000043.1	8760	9692	+	GOM-A1_00674	GOM-A1	310	OG0000239	K01963	acetyl-CoA carboxylase carboxyl transferase subunit beta [EC:6.4.1.2 2.1.3.15]	COG0777	AccD	Acetyl-CoA carboxylase beta subunit	GOM-A1_00679	-5
LHBX01000043.1	9646	10911	+	GOM-A1_00675	GOM-A1	421	OG0000181	NA	NA	COG0285	FolC	Folylpolyglutamate synthase/Dihydropteroate synthase	GOM-A1_00679	-4
LHBX01000043.1	10908	11228	-	GOM-A1_00676	GOM-A1	106	OG0000169	K03671	thioredoxin 1	COG3118	CnoX	Chaperedoxin CnoX, contains thioredoxin-like and TPR-like domains, YbbN/TrxSC family	GOM-A1_00679	-3
LHBX01000043.1	11295	12728	-	GOM-A1_00677	GOM-A1	477	OG0000183	NA	NA	COG2925	SbcB	Exonuclease I (degrades ssDNA)	GOM-A1_00679	-2
LHBX01000043.1	12853	13539	-	GOM-A1_00678	GOM-A1	228	OG0001010	NA	NA	NA	NA	NA	GOM-A1_00679	-1
LHBX01000043.1	13547	14620	-	GOM-A1_00679	GOM-A1	357	OG0001004	NA	NA	COG1322	RmuC	DNA anti-recombination protein (rearrangement mutator) RmuC	GOM-A1_00679	0
LHBX01000043.1	14709	16502	+	GOM-A1_00680	GOM-A1	597	OG0002362	NA	NA	COG4938	NA	Predicted ATPase	GOM-A1_00679	1
LHBX01000043.1	16503	17804	+	GOM-A1_00681	GOM-A1	433	OG0002804	NA	NA	NA	NA	NA	GOM-A1_00679	2
LHBX01000043.1	17910	18854	+	GOM-A1_00682	GOM-A1	314	OG0002673	NA	NA	COG1191	FliA	DNA-directed RNA polymerase specialized sigma subunit	GOM-A1_00679	3
LHBX01000043.1	19189	20496	+	GOM-A1_00683	GOM-A1	435	OG0002298	NA	NA	NA	NA	NA	GOM-A1_00679	4
LHBX01000043.1	20493	22187	+	GOM-A1_00684	GOM-A1	564	OG0002297	K06915	DNA double-strand break repair helicase HerA and related ATPase	COG0433	CedB	Crenarchaeal DNA import helicase CedB/HerA or a related bacterial ATPase	GOM-A1_00679	5
AZAL01000001.1	678601	679530	+	HIMB083_00743	HIMB083	309	OG0000239	K01963	acetyl-CoA carboxylase carboxyl transferase subunit beta [EC:6.4.1.2 2.1.3.15]	COG0777	AccD	Acetyl-CoA carboxylase beta subunit	HIMB083_00748	-5
AZAL01000001.1	679484	680752	+	HIMB083_00744	HIMB083	422	OG0000181	NA	NA	COG0285	FolC	Folylpolyglutamate synthase/Dihydropteroate synthase	HIMB083_00748	-4
AZAL01000001.1	680749	681066	-	HIMB083_00745	HIMB083	105	OG0000169	NA	NA	COG3118	CnoX	Chaperedoxin CnoX, contains thioredoxin-like and TPR-like domains, YbbN/TrxSC family	HIMB083_00748	-3
AZAL01000001.1	681101	682537	-	HIMB083_00746	HIMB083	478	OG0000183	NA	NA	COG2925	SbcB	Exonuclease I (degrades ssDNA)	HIMB083_00748	-2
AZAL01000001.1	682544	683230	-	HIMB083_00747	HIMB083	228	OG0001010	NA	NA	NA	NA	NA	HIMB083_00748	-1
AZAL01000001.1	683268	684401	-	HIMB083_00748	HIMB083	377	OG0001004	NA	NA	COG1322	RmuC	DNA anti-recombination protein (rearrangement mutator) RmuC	HIMB083_00748	0
AZAL01000001.1	684406	685098	-	HIMB083_00749	HIMB083	230	OG0000403	NA	NA	COG0040	HisG	ATP phosphoribosyltransferase	HIMB083_00748	1
AZAL01000001.1	685098	686150	-	HIMB083_00750	HIMB083	350	OG0000374	NA	NA	COG3705	HisZ	ATP phosphoribosyltransferase regulatory subunit HisZ	HIMB083_00748	2
AZAL01000001.1	686128	687522	-	HIMB083_00751	HIMB083	464	OG0000812	K01892	histidyl-tRNA synthetase [EC:6.1.1.21]	COG0124	HisS	Histidyl-tRNA synthetase	HIMB083_00748	3
AZAL01000001.1	687833	688045	-	HIMB083_00753	HIMB083	70	OG0000914	K03704	cold shock protein	COG1278	CspC	Cold shock protein, CspA family	HIMB083_00748	4
AZAL01000001.1	688206	688421	-	HIMB083_00755	HIMB083	71	OG0000905	K02518	translation initiation factor IF-1	COG0361	InfA	Translation initiation factor IF-1	HIMB083_00748	5
O147DRAFT_scaffold00001.1	582644	582751	-	HIMB122_00603	HIMB122	35	OG0001899	NA	NA	NA	NA	NA	HIMB122_00608	-5
O147DRAFT_scaffold00001.1	582894	584288	+	HIMB122_00604	HIMB122	464	OG0000812	K01892	histidyl-tRNA synthetase [EC:6.1.1.21]	COG0124	HisS	Histidyl-tRNA synthetase	HIMB122_00608	-4
O147DRAFT_scaffold00001.1	584266	585318	+	HIMB122_00605	HIMB122	350	OG0000374	NA	NA	COG3705	HisZ	ATP phosphoribosyltransferase regulatory subunit HisZ	HIMB122_00608	-3
O147DRAFT_scaffold00001.1	585318	586010	+	HIMB122_00606	HIMB122	230	OG0000403	NA	NA	COG0040	HisG	ATP phosphoribosyltransferase	HIMB122_00608	-2
O147DRAFT_scaffold00001.1	585993	586124	-	HIMB122_00607	HIMB122	43	OG0001245	NA	NA	NA	NA	NA	HIMB122_00608	-1
O147DRAFT_scaffold00001.1	586156	587253	+	HIMB122_00608	HIMB122	365	OG0001004	NA	NA	COG1322	RmuC	DNA anti-recombination protein (rearrangement mutator) RmuC	HIMB122_00608	0
O147DRAFT_scaffold00001.1	587291	587977	+	HIMB122_00609	HIMB122	228	OG0001010	NA	NA	COG1074	RecB	3'-5' helicase subunit RecB of the DNA repair enzyme RecBCD (exonuclease V)	HIMB122_00608	1
O147DRAFT_scaffold00001.1	587991	589427	+	HIMB122_00610	HIMB122	478	OG0000183	NA	NA	COG2925	SbcB	Exonuclease I (degrades ssDNA)	HIMB122_00608	2
O147DRAFT_scaffold00001.1	589462	589779	+	HIMB122_00611	HIMB122	105	OG0000169	NA	NA	COG3118	CnoX	Chaperedoxin CnoX, contains thioredoxin-like and TPR-like domains, YbbN/TrxSC family	HIMB122_00608	3
O147DRAFT_scaffold00001.1	589776	591041	-	HIMB122_00612	HIMB122	421	OG0000181	NA	NA	COG0285	FolC	Folylpolyglutamate synthase/Dihydropteroate synthase	HIMB122_00608	4
O147DRAFT_scaffold00001.1	590995	591924	-	HIMB122_00613	HIMB122	309	OG0000239	K01963	acetyl-CoA carboxylase carboxyl transferase subunit beta [EC:6.4.1.2 2.1.3.15]	COG0777	AccD	Acetyl-CoA carboxylase beta subunit	HIMB122_00608	5
LT840186.1	1011196	1012125	+	HIMB1321_01095	HIMB1321	309	OG0000239	K01963	acetyl-CoA carboxylase carboxyl transferase subunit beta [EC:6.4.1.2 2.1.3.15]	COG0777	AccD	Acetyl-CoA carboxylase beta subunit	HIMB1321_01100	-5
LT840186.1	1012079	1013347	+	HIMB1321_01096	HIMB1321	422	OG0000181	NA	NA	COG0285	FolC	Folylpolyglutamate synthase/Dihydropteroate synthase	HIMB1321_01100	-4
LT840186.1	1013344	1013661	-	HIMB1321_01097	HIMB1321	105	OG0000169	NA	NA	COG3118	CnoX	Chaperedoxin CnoX, contains thioredoxin-like and TPR-like domains, YbbN/TrxSC family	HIMB1321_01100	-3
LT840186.1	1013728	1015173	-	HIMB1321_01098	HIMB1321	481	OG0000183	NA	NA	COG2925	SbcB	Exonuclease I (degrades ssDNA)	HIMB1321_01100	-2
LT840186.1	1015170	1015856	-	HIMB1321_01099	HIMB1321	228	OG0001010	NA	NA	NA	NA	NA	HIMB1321_01100	-1
LT840186.1	1015894	1016991	-	HIMB1321_01100	HIMB1321	365	OG0001004	NA	NA	COG1322	RmuC	DNA anti-recombination protein (rearrangement mutator) RmuC	HIMB1321_01100	0
LT840186.1	1017030	1017722	-	HIMB1321_01101	HIMB1321	230	OG0000403	NA	NA	COG0040	HisG	ATP phosphoribosyltransferase	HIMB1321_01100	1
LT840186.1	1017719	1018765	-	HIMB1321_01102	HIMB1321	348	OG0000374	NA	NA	COG3705	HisZ	ATP phosphoribosyltransferase regulatory subunit HisZ	HIMB1321_01100	2
LT840186.1	1018743	1020137	-	HIMB1321_01103	HIMB1321	464	OG0000812	K01892	histidyl-tRNA synthetase [EC:6.1.1.21]	COG0124	HisS	Histidyl-tRNA synthetase	HIMB1321_01100	3
LT840186.1	1020284	1020385	-	HIMB1321_01104	HIMB1321	33	NA	NA	NA	NA	NA	NA	HIMB1321_01100	4
LT840186.1	1020487	1020699	-	HIMB1321_01105	HIMB1321	70	OG0000914	K03704	cold shock protein	COG1278	CspC	Cold shock protein, CspA family	HIMB1321_01100	5
HIMB1402-00000000006	34215	35141	+	HIMB1402_01151	HIMB1402	308	OG0000239	K01963	acetyl-CoA carboxylase carboxyl transferase subunit beta [EC:6.4.1.2 2.1.3.15]	COG0777	AccD	Acetyl-CoA carboxylase beta subunit	HIMB1402_01156	-5
HIMB1402-00000000006	35098	36363	+	HIMB1402_01152	HIMB1402	421	OG0000181	NA	NA	COG0285	FolC	Folylpolyglutamate synthase/Dihydropteroate synthase	HIMB1402_01156	-4
HIMB1402-00000000006	36360	36677	-	HIMB1402_01153	HIMB1402	105	OG0000169	NA	NA	COG3118	CnoX	Chaperedoxin CnoX, contains thioredoxin-like and TPR-like domains, YbbN/TrxSC family	HIMB1402_01156	-3
HIMB1402-00000000006	36712	38148	-	HIMB1402_01154	HIMB1402	478	OG0000183	NA	NA	COG2925	SbcB	Exonuclease I (degrades ssDNA)	HIMB1402_01156	-2
HIMB1402-00000000006	38157	38843	-	HIMB1402_01155	HIMB1402	228	OG0001010	NA	NA	NA	NA	NA	HIMB1402_01156	-1
HIMB1402-00000000006	38881	39978	-	HIMB1402_01156	HIMB1402	365	OG0001004	NA	NA	COG1322	RmuC	DNA anti-recombination protein (rearrangement mutator) RmuC	HIMB1402_01156	0
HIMB1402-00000000006	40021	40230	-	HIMB1402_01157	HIMB1402	69	OG0003002	NA	NA	NA	NA	NA	HIMB1402_01156	1
HIMB1402-00000000006	40230	40478	-	HIMB1402_01158	HIMB1402	82	OG0002883	NA	NA	NA	NA	NA	HIMB1402_01156	2
HIMB1402-00000000006	40513	40881	-	HIMB1402_01159	HIMB1402	122	OG0002573	K07458	DNA mismatch endonuclease, patch repair protein [EC:3.1.-.-]	COG3727	Vsr	G:T-mismatch repair DNA endonuclease Vsr, very short patch repair protein	HIMB1402_01156	3
HIMB1402-00000000006	40881	41627	-	HIMB1402_01160	HIMB1402	248	OG0002797	NA	NA	NA	NA	NA	HIMB1402_01156	4
HIMB1402-00000000006	41627	42409	-	HIMB1402_01161	HIMB1402	260	OG0004212	NA	NA	NA	NA	NA	HIMB1402_01156	5
HIMB1409-00000000005	38969	39898	+	HIMB1409_01000	HIMB1409	309	OG0000239	K01963	acetyl-CoA carboxylase carboxyl transferase subunit beta [EC:6.4.1.2 2.1.3.15]	COG0777	AccD	Acetyl-CoA carboxylase beta subunit	HIMB1409_01005	-5
HIMB1409-00000000005	39852	41117	+	HIMB1409_01001	HIMB1409	421	OG0000181	NA	NA	COG0285	FolC	Folylpolyglutamate synthase/Dihydropteroate synthase	HIMB1409_01005	-4
HIMB1409-00000000005	41114	41431	-	HIMB1409_01002	HIMB1409	105	OG0000169	NA	NA	COG3118	CnoX	Chaperedoxin CnoX, contains thioredoxin-like and TPR-like domains, YbbN/TrxSC family	HIMB1409_01005	-3
HIMB1409-00000000005	41466	42902	-	HIMB1409_01003	HIMB1409	478	OG0000183	NA	NA	COG2925	SbcB	Exonuclease I (degrades ssDNA)	HIMB1409_01005	-2
HIMB1409-00000000005	42909	43595	-	HIMB1409_01004	HIMB1409	228	OG0001010	NA	NA	NA	NA	NA	HIMB1409_01005	-1
HIMB1409-00000000005	43632	44729	-	HIMB1409_01005	HIMB1409	365	OG0001004	NA	NA	COG1322	RmuC	DNA anti-recombination protein (rearrangement mutator) RmuC	HIMB1409_01005	0
HIMB1409-00000000005	44908	45600	-	HIMB1409_01006	HIMB1409	230	OG0000403	NA	NA	COG0040	HisG	ATP phosphoribosyltransferase	HIMB1409_01005	1
HIMB1409-00000000005	45600	46652	-	HIMB1409_01007	HIMB1409	350	OG0000374	NA	NA	COG3705	HisZ	ATP phosphoribosyltransferase regulatory subunit HisZ	HIMB1409_01005	2
HIMB1409-00000000005	46630	48024	-	HIMB1409_01008	HIMB1409	464	OG0000812	K01892	histidyl-tRNA synthetase [EC:6.1.1.21]	COG0124	HisS	Histidyl-tRNA synthetase	HIMB1409_01005	3
HIMB1409-00000000005	48335	48547	-	HIMB1409_01010	HIMB1409	70	OG0000914	K03704	cold shock protein	COG1278	CspC	Cold shock protein, CspA family	HIMB1409_01005	4
HIMB1409-00000000005	48707	48922	-	HIMB1409_01012	HIMB1409	71	OG0000905	K02518	translation initiation factor IF-1	COG0361	InfA	Translation initiation factor IF-1	HIMB1409_01005	5
NZ_LAMZ01000001.1	1044633	1044845	+	HIMB140_01133	HIMB140	70	OG0000914	K03704	cold shock protein	COG1278	CspC	Cold shock protein, CspA family	HIMB140_01138	-5
NZ_LAMZ01000001.1	1045157	1046551	+	HIMB140_01134	HIMB140	464	OG0000812	K01892	histidyl-tRNA synthetase [EC:6.1.1.21]	COG0124	HisS	Histidyl-tRNA synthetase	HIMB140_01138	-4
NZ_LAMZ01000001.1	1046529	1047581	+	HIMB140_01135	HIMB140	350	OG0000374	NA	NA	COG3705	HisZ	ATP phosphoribosyltransferase regulatory subunit HisZ	HIMB140_01138	-3
NZ_LAMZ01000001.1	1047581	1048273	+	HIMB140_01136	HIMB140	230	OG0000403	NA	NA	COG0040	HisG	ATP phosphoribosyltransferase	HIMB140_01138	-2
NZ_LAMZ01000001.1	1048256	1048387	-	HIMB140_01137	HIMB140	43	OG0001245	NA	NA	NA	NA	NA	HIMB140_01138	-1
NZ_LAMZ01000001.1	1048419	1049516	+	HIMB140_01138	HIMB140	365	OG0001004	NA	NA	COG1322	RmuC	DNA anti-recombination protein (rearrangement mutator) RmuC	HIMB140_01138	0
NZ_LAMZ01000001.1	1049554	1050240	+	HIMB140_01139	HIMB140	228	OG0001010	NA	NA	COG1074	RecB	3'-5' helicase subunit RecB of the DNA repair enzyme RecBCD (exonuclease V)	HIMB140_01138	1
NZ_LAMZ01000001.1	1050256	1051692	+	HIMB140_01140	HIMB140	478	OG0000183	NA	NA	COG2925	SbcB	Exonuclease I (degrades ssDNA)	HIMB140_01138	2
NZ_LAMZ01000001.1	1051727	1052044	+	HIMB140_01141	HIMB140	105	OG0000169	NA	NA	COG3118	CnoX	Chaperedoxin CnoX, contains thioredoxin-like and TPR-like domains, YbbN/TrxSC family	HIMB140_01138	3
NZ_LAMZ01000001.1	1052041	1053306	-	HIMB140_01142	HIMB140	421	OG0000181	NA	NA	COG0285	FolC	Folylpolyglutamate synthase/Dihydropteroate synthase	HIMB140_01138	4
NZ_LAMZ01000001.1	1053260	1054189	-	HIMB140_01143	HIMB140	309	OG0000239	K01963	acetyl-CoA carboxylase carboxyl transferase subunit beta [EC:6.4.1.2 2.1.3.15]	COG0777	AccD	Acetyl-CoA carboxylase beta subunit	HIMB140_01138	5
HIMB1413-00000000001	1299160	1299372	+	HIMB1413_01406	HIMB1413	70	OG0000914	K03704	cold shock protein	COG1278	CspC	Cold shock protein, CspA family	HIMB1413_01412	-5
HIMB1413-00000000001	1299683	1301077	+	HIMB1413_01408	HIMB1413	464	OG0000812	K01892	histidyl-tRNA synthetase [EC:6.1.1.21]	COG0124	HisS	Histidyl-tRNA synthetase	HIMB1413_01412	-4
HIMB1413-00000000001	1301055	1302107	+	HIMB1413_01409	HIMB1413	350	OG0000374	NA	NA	COG3705	HisZ	ATP phosphoribosyltransferase regulatory subunit HisZ	HIMB1413_01412	-3
HIMB1413-00000000001	1302107	1302799	+	HIMB1413_01410	HIMB1413	230	OG0000403	NA	NA	COG0040	HisG	ATP phosphoribosyltransferase	HIMB1413_01412	-2
HIMB1413-00000000001	1302782	1302913	-	HIMB1413_01411	HIMB1413	43	OG0001245	NA	NA	NA	NA	NA	HIMB1413_01412	-1
HIMB1413-00000000001	1302978	1304075	+	HIMB1413_01412	HIMB1413	365	OG0001004	NA	NA	COG1322	RmuC	DNA anti-recombination protein (rearrangement mutator) RmuC	HIMB1413_01412	0
HIMB1413-00000000001	1304113	1304799	+	HIMB1413_01413	HIMB1413	228	OG0001010	NA	NA	NA	NA	NA	HIMB1413_01412	1
HIMB1413-00000000001	1304806	1306242	+	HIMB1413_01414	HIMB1413	478	OG0000183	NA	NA	COG2925	SbcB	Exonuclease I (degrades ssDNA)	HIMB1413_01412	2
HIMB1413-00000000001	1306277	1306594	+	HIMB1413_01415	HIMB1413	105	OG0000169	NA	NA	COG3118	CnoX	Chaperedoxin CnoX, contains thioredoxin-like and TPR-like domains, YbbN/TrxSC family	HIMB1413_01412	3
HIMB1413-00000000001	1306591	1307859	-	HIMB1413_01416	HIMB1413	422	OG0000181	NA	NA	COG0285	FolC	Folylpolyglutamate synthase/Dihydropteroate synthase	HIMB1413_01412	4
HIMB1413-00000000001	1307813	1308742	-	HIMB1413_01417	HIMB1413	309	OG0000239	K01963	acetyl-CoA carboxylase carboxyl transferase subunit beta [EC:6.4.1.2 2.1.3.15]	COG0777	AccD	Acetyl-CoA carboxylase beta subunit	HIMB1413_01412	5
HIMB1427-00000000008	26840	27055	+	HIMB1427_00953	HIMB1427	71	OG0000914	K03704	cold shock protein	COG1278	CspC	Cold shock protein, CspA family	HIMB1427_00958	-5
HIMB1427-00000000008	27362	28756	+	HIMB1427_00954	HIMB1427	464	OG0000812	K01892	histidyl-tRNA synthetase [EC:6.1.1.21]	COG0124	HisS	Histidyl-tRNA synthetase	HIMB1427_00958	-4
HIMB1427-00000000008	28734	29780	+	HIMB1427_00955	HIMB1427	348	OG0000374	NA	NA	COG3705	HisZ	ATP phosphoribosyltransferase regulatory subunit HisZ	HIMB1427_00958	-3
HIMB1427-00000000008	29777	30466	+	HIMB1427_00956	HIMB1427	229	OG0000403	NA	NA	COG0040	HisG	ATP phosphoribosyltransferase	HIMB1427_00958	-2
HIMB1427-00000000008	30449	30580	-	HIMB1427_00957	HIMB1427	43	OG0001245	NA	NA	NA	NA	NA	HIMB1427_00958	-1
HIMB1427-00000000008	30656	31753	+	HIMB1427_00958	HIMB1427	365	OG0001004	NA	NA	COG1322	RmuC	DNA anti-recombination protein (rearrangement mutator) RmuC	HIMB1427_00958	0
HIMB1427-00000000008	31791	32477	+	HIMB1427_00959	HIMB1427	228	OG0001010	NA	NA	NA	NA	NA	HIMB1427_00958	1
HIMB1427-00000000008	32474	33922	+	HIMB1427_00960	HIMB1427	482	OG0000183	NA	NA	COG2925	SbcB	Exonuclease I (degrades ssDNA)	HIMB1427_00958	2
HIMB1427-00000000008	33988	34305	+	HIMB1427_00961	HIMB1427	105	OG0000169	NA	NA	COG3118	CnoX	Chaperedoxin CnoX, contains thioredoxin-like and TPR-like domains, YbbN/TrxSC family	HIMB1427_00958	3
HIMB1427-00000000008	34302	35567	-	HIMB1427_00962	HIMB1427	421	OG0000181	NA	NA	COG0285	FolC	Folylpolyglutamate synthase/Dihydropteroate synthase	HIMB1427_00958	4
HIMB1427-00000000008	35521	36453	-	HIMB1427_00963	HIMB1427	310	OG0000239	K01963	acetyl-CoA carboxylase carboxyl transferase subunit beta [EC:6.4.1.2 2.1.3.15]	COG0777	AccD	Acetyl-CoA carboxylase beta subunit	HIMB1427_00958	5
HIMB1430-00000000016	3726	4655	+	HIMB1430_01375	HIMB1430	309	OG0000239	K01963	acetyl-CoA carboxylase carboxyl transferase subunit beta [EC:6.4.1.2 2.1.3.15]	COG0777	AccD	Acetyl-CoA carboxylase beta subunit	HIMB1430_01380	-5
HIMB1430-00000000016	4609	5874	+	HIMB1430_01376	HIMB1430	421	OG0000181	NA	NA	COG0285	FolC	Folylpolyglutamate synthase/Dihydropteroate synthase	HIMB1430_01380	-4
HIMB1430-00000000016	5871	6188	-	HIMB1430_01377	HIMB1430	105	OG0000169	NA	NA	COG3118	CnoX	Chaperedoxin CnoX, contains thioredoxin-like and TPR-like domains, YbbN/TrxSC family	HIMB1430_01380	-3
HIMB1430-00000000016	6223	7659	-	HIMB1430_01378	HIMB1430	478	OG0000183	NA	NA	COG2925	SbcB	Exonuclease I (degrades ssDNA)	HIMB1430_01380	-2
HIMB1430-00000000016	7673	8359	-	HIMB1430_01379	HIMB1430	228	OG0001010	NA	NA	COG1074	RecB	3'-5' helicase subunit RecB of the DNA repair enzyme RecBCD (exonuclease V)	HIMB1430_01380	-1
HIMB1430-00000000016	8397	9494	-	HIMB1430_01380	HIMB1430	365	OG0001004	NA	NA	COG1322	RmuC	DNA anti-recombination protein (rearrangement mutator) RmuC	HIMB1430_01380	0
HIMB1430-00000000016	9526	9657	+	HIMB1430_01381	HIMB1430	43	OG0001245	NA	NA	NA	NA	NA	HIMB1430_01380	1
HIMB1430-00000000016	9640	10332	-	HIMB1430_01382	HIMB1430	230	OG0000403	NA	NA	COG0040	HisG	ATP phosphoribosyltransferase	HIMB1430_01380	2
HIMB1430-00000000016	10332	11384	-	HIMB1430_01383	HIMB1430	350	OG0000374	NA	NA	COG3705	HisZ	ATP phosphoribosyltransferase regulatory subunit HisZ	HIMB1430_01380	3
HIMB1430-00000000016	11362	12756	-	HIMB1430_01384	HIMB1430	464	OG0000812	K01892	histidyl-tRNA synthetase [EC:6.1.1.21]	COG0124	HisS	Histidyl-tRNA synthetase	HIMB1430_01380	4
HIMB1430-00000000016	12899	13006	+	HIMB1430_01385	HIMB1430	35	OG0001899	NA	NA	NA	NA	NA	HIMB1430_01380	5
HIMB1436-00000000001	75578	76513	+	HIMB1436_00074	HIMB1436	311	OG0000239	K01963	acetyl-CoA carboxylase carboxyl transferase subunit beta [EC:6.4.1.2 2.1.3.15]	COG0777	AccD	Acetyl-CoA carboxylase beta subunit	HIMB1436_00079	-5
HIMB1436-00000000001	76467	77732	+	HIMB1436_00075	HIMB1436	421	OG0000181	NA	NA	COG0285	FolC	Folylpolyglutamate synthase/Dihydropteroate synthase	HIMB1436_00079	-4
HIMB1436-00000000001	77729	78046	-	HIMB1436_00076	HIMB1436	105	OG0000169	NA	NA	COG3118	CnoX	Chaperedoxin CnoX, contains thioredoxin-like and TPR-like domains, YbbN/TrxSC family	HIMB1436_00079	-3
HIMB1436-00000000001	78081	79517	-	HIMB1436_00077	HIMB1436	478	OG0000183	NA	NA	COG2925	SbcB	Exonuclease I (degrades ssDNA)	HIMB1436_00079	-2
HIMB1436-00000000001	79530	80210	-	HIMB1436_00078	HIMB1436	226	OG0001010	NA	NA	COG1074	RecB	3'-5' helicase subunit RecB of the DNA repair enzyme RecBCD (exonuclease V)	HIMB1436_00079	-1
HIMB1436-00000000001	80248	81339	-	HIMB1436_00079	HIMB1436	363	OG0001004	NA	NA	COG1322	RmuC	DNA anti-recombination protein (rearrangement mutator) RmuC	HIMB1436_00079	0
HIMB1436-00000000001	81370	81501	+	HIMB1436_00080	HIMB1436	43	OG0001245	NA	NA	NA	NA	NA	HIMB1436_00079	1
HIMB1436-00000000001	81487	82173	-	HIMB1436_00081	HIMB1436	228	OG0000403	K00765	ATP phosphoribosyltransferase [EC:2.4.2.17]	COG0040	HisG	ATP phosphoribosyltransferase	HIMB1436_00079	2
HIMB1436-00000000001	82170	83228	-	HIMB1436_00082	HIMB1436	352	OG0000374	NA	NA	COG3705	HisZ	ATP phosphoribosyltransferase regulatory subunit HisZ	HIMB1436_00079	3
HIMB1436-00000000001	83206	84603	-	HIMB1436_00083	HIMB1436	465	OG0000812	K01892	histidyl-tRNA synthetase [EC:6.1.1.21]	COG0124	HisS	Histidyl-tRNA synthetase	HIMB1436_00079	4
HIMB1436-00000000001	84751	84852	-	HIMB1436_00084	HIMB1436	33	OG0001648	NA	NA	NA	NA	NA	HIMB1436_00079	5
HIMB1437-00000000001	797544	797756	+	HIMB1437_00876	HIMB1437	70	OG0000914	K03704	cold shock protein	COG1278	CspC	Cold shock protein, CspA family	HIMB1437_00881	-5
HIMB1437-00000000001	798106	799503	+	HIMB1437_00877	HIMB1437	465	OG0000812	K01892	histidyl-tRNA synthetase [EC:6.1.1.21]	COG0124	HisS	Histidyl-tRNA synthetase	HIMB1437_00881	-4
HIMB1437-00000000001	799481	800533	+	HIMB1437_00878	HIMB1437	350	OG0000374	NA	NA	COG3705	HisZ	ATP phosphoribosyltransferase regulatory subunit HisZ	HIMB1437_00881	-3
HIMB1437-00000000001	800533	801219	+	HIMB1437_00879	HIMB1437	228	OG0000403	NA	NA	COG0040	HisG	ATP phosphoribosyltransferase	HIMB1437_00881	-2
HIMB1437-00000000001	801205	801336	-	HIMB1437_00880	HIMB1437	43	OG0001245	NA	NA	NA	NA	NA	HIMB1437_00881	-1
HIMB1437-00000000001	801436	802533	+	HIMB1437_00881	HIMB1437	365	OG0001004	NA	NA	COG1322	RmuC	DNA anti-recombination protein (rearrangement mutator) RmuC	HIMB1437_00881	0
HIMB1437-00000000001	802571	803257	+	HIMB1437_00882	HIMB1437	228	OG0001010	NA	NA	NA	NA	NA	HIMB1437_00881	1
HIMB1437-00000000001	803266	804702	+	HIMB1437_00883	HIMB1437	478	OG0000183	NA	NA	COG2925	SbcB	Exonuclease I (degrades ssDNA)	HIMB1437_00881	2
HIMB1437-00000000001	804737	805054	+	HIMB1437_00884	HIMB1437	105	OG0000169	NA	NA	COG3118	CnoX	Chaperedoxin CnoX, contains thioredoxin-like and TPR-like domains, YbbN/TrxSC family	HIMB1437_00881	3
HIMB1437-00000000001	805051	806316	-	HIMB1437_00885	HIMB1437	421	OG0000181	NA	NA	COG0285	FolC	Folylpolyglutamate synthase/Dihydropteroate synthase	HIMB1437_00881	4
HIMB1437-00000000001	806273	807199	-	HIMB1437_00886	HIMB1437	308	OG0000239	K01963	acetyl-CoA carboxylase carboxyl transferase subunit beta [EC:6.4.1.2 2.1.3.15]	COG0777	AccD	Acetyl-CoA carboxylase beta subunit	HIMB1437_00881	5
HIMB1444-00000000003	48632	49561	+	HIMB1444_01153	HIMB1444	309	OG0000239	K01963	acetyl-CoA carboxylase carboxyl transferase subunit beta [EC:6.4.1.2 2.1.3.15]	COG0777	AccD	Acetyl-CoA carboxylase beta subunit	HIMB1444_01158	-5
HIMB1444-00000000003	49515	50783	+	HIMB1444_01154	HIMB1444	422	OG0000181	NA	NA	COG0285	FolC	Folylpolyglutamate synthase/Dihydropteroate synthase	HIMB1444_01158	-4
HIMB1444-00000000003	50780	51097	-	HIMB1444_01155	HIMB1444	105	OG0000169	NA	NA	COG3118	CnoX	Chaperedoxin CnoX, contains thioredoxin-like and TPR-like domains, YbbN/TrxSC family	HIMB1444_01158	-3
HIMB1444-00000000003	51132	52568	-	HIMB1444_01156	HIMB1444	478	OG0000183	NA	NA	COG2925	SbcB	Exonuclease I (degrades ssDNA)	HIMB1444_01158	-2
HIMB1444-00000000003	52575	53261	-	HIMB1444_01157	HIMB1444	228	OG0001010	NA	NA	COG1074	RecB	3'-5' helicase subunit RecB of the DNA repair enzyme RecBCD (exonuclease V)	HIMB1444_01158	-1
HIMB1444-00000000003	53299	54396	-	HIMB1444_01158	HIMB1444	365	OG0001004	NA	NA	COG1322	RmuC	DNA anti-recombination protein (rearrangement mutator) RmuC	HIMB1444_01158	0
HIMB1444-00000000003	54462	54593	+	HIMB1444_01159	HIMB1444	43	OG0001245	NA	NA	NA	NA	NA	HIMB1444_01158	1
HIMB1444-00000000003	54576	55268	-	HIMB1444_01160	HIMB1444	230	OG0000403	NA	NA	COG0040	HisG	ATP phosphoribosyltransferase	HIMB1444_01158	2
HIMB1444-00000000003	55268	56320	-	HIMB1444_01161	HIMB1444	350	OG0000374	NA	NA	COG3705	HisZ	ATP phosphoribosyltransferase regulatory subunit HisZ	HIMB1444_01158	3
HIMB1444-00000000003	56298	57692	-	HIMB1444_01162	HIMB1444	464	OG0000812	K01892	histidyl-tRNA synthetase [EC:6.1.1.21]	COG0124	HisS	Histidyl-tRNA synthetase	HIMB1444_01158	4
HIMB1444-00000000003	58002	58214	-	HIMB1444_01164	HIMB1444	70	OG0000914	K03704	cold shock protein	COG1278	CspC	Cold shock protein, CspA family	HIMB1444_01158	5
HIMB1456-00000000006	42826	43755	+	HIMB1456_00983	HIMB1456	309	OG0000239	K01963	acetyl-CoA carboxylase carboxyl transferase subunit beta [EC:6.4.1.2 2.1.3.15]	COG0777	AccD	Acetyl-CoA carboxylase beta subunit	HIMB1456_00988	-5
HIMB1456-00000000006	43709	44977	+	HIMB1456_00984	HIMB1456	422	OG0000181	NA	NA	COG0285	FolC	Folylpolyglutamate synthase/Dihydropteroate synthase	HIMB1456_00988	-4
HIMB1456-00000000006	44974	45291	-	HIMB1456_00985	HIMB1456	105	OG0000169	NA	NA	COG3118	CnoX	Chaperedoxin CnoX, contains thioredoxin-like and TPR-like domains, YbbN/TrxSC family	HIMB1456_00988	-3
HIMB1456-00000000006	45326	46762	-	HIMB1456_00986	HIMB1456	478	OG0000183	NA	NA	COG2925	SbcB	Exonuclease I (degrades ssDNA)	HIMB1456_00988	-2
HIMB1456-00000000006	46769	47455	-	HIMB1456_00987	HIMB1456	228	OG0001010	NA	NA	NA	NA	NA	HIMB1456_00988	-1
HIMB1456-00000000006	47493	48590	-	HIMB1456_00988	HIMB1456	365	OG0001004	NA	NA	COG1322	RmuC	DNA anti-recombination protein (rearrangement mutator) RmuC	HIMB1456_00988	0
HIMB1456-00000000006	48655	48786	+	HIMB1456_00989	HIMB1456	43	OG0001245	NA	NA	NA	NA	NA	HIMB1456_00988	1
HIMB1456-00000000006	48769	49461	-	HIMB1456_00990	HIMB1456	230	OG0000403	NA	NA	COG0040	HisG	ATP phosphoribosyltransferase	HIMB1456_00988	2
HIMB1456-00000000006	49461	50513	-	HIMB1456_00991	HIMB1456	350	OG0000374	NA	NA	COG3705	HisZ	ATP phosphoribosyltransferase regulatory subunit HisZ	HIMB1456_00988	3
HIMB1456-00000000006	50491	51885	-	HIMB1456_00992	HIMB1456	464	OG0000812	K01892	histidyl-tRNA synthetase [EC:6.1.1.21]	COG0124	HisS	Histidyl-tRNA synthetase	HIMB1456_00988	4
HIMB1456-00000000006	52196	52408	-	HIMB1456_00994	HIMB1456	70	OG0000914	K03704	cold shock protein	COG1278	CspC	Cold shock protein, CspA family	HIMB1456_00988	5
HIMB1463-00000000009	20210	20899	+	HIMB1463_00600	HIMB1463	229	OG0000403	NA	NA	COG0040	HisG	ATP phosphoribosyltransferase	HIMB1463_00605	-5
HIMB1463-00000000009	20882	21013	-	HIMB1463_00601	HIMB1463	43	OG0001245	NA	NA	NA	NA	NA	HIMB1463_00605	-4
HIMB1463-00000000009	21045	21497	-	HIMB1463_00602	HIMB1463	150	OG0001722	NA	NA	NA	NA	NA	HIMB1463_00605	-3
HIMB1463-00000000009	21522	21689	+	HIMB1463_00603	HIMB1463	55	OG0002522	NA	NA	NA	NA	NA	HIMB1463_00605	-2
HIMB1463-00000000009	21699	22385	+	HIMB1463_00604	HIMB1463	228	OG0001010	NA	NA	NA	NA	NA	HIMB1463_00605	-1
HIMB1463-00000000009	22607	23515	+	HIMB1463_00605	HIMB1463	302	OG0001004	NA	NA	COG1322	RmuC	DNA anti-recombination protein (rearrangement mutator) RmuC	HIMB1463_00605	0
HIMB1463-00000000009	23519	24982	+	HIMB1463_00606	HIMB1463	487	OG0000183	NA	NA	COG2925	SbcB	Exonuclease I (degrades ssDNA)	HIMB1463_00605	1
HIMB1463-00000000009	24983	25399	+	HIMB1463_00607	HIMB1463	138	OG0001797	NA	NA	NA	NA	NA	HIMB1463_00605	2
HIMB1463-00000000009	25399	27486	+	HIMB1463_00608	HIMB1463	695	OG0001927	NA	NA	NA	NA	NA	HIMB1463_00605	3
HIMB1463-00000000009	27483	28625	+	HIMB1463_00609	HIMB1463	380	OG0001782	NA	NA	COG4487	NA	Uncharacterized conserved protein, contains DUF2130 domain	HIMB1463_00605	4
HIMB1463-00000000009	28739	29059	+	HIMB1463_00610	HIMB1463	106	OG0000169	NA	NA	COG3118	CnoX	Chaperedoxin CnoX, contains thioredoxin-like and TPR-like domains, YbbN/TrxSC family	HIMB1463_00605	5
HIMB1483-00000000001	26694	26909	+	HIMB1483_00034	HIMB1483	71	OG0000905	K02518	translation initiation factor IF-1	COG0361	InfA	Translation initiation factor IF-1	HIMB1483_00040	-5
HIMB1483-00000000001	27067	27279	+	HIMB1483_00036	HIMB1483	70	OG0000914	K03704	cold shock protein	COG1278	CspC	Cold shock protein, CspA family	HIMB1483_00040	-4
HIMB1483-00000000001	27628	29022	+	HIMB1483_00037	HIMB1483	464	OG0000812	K01892	histidyl-tRNA synthetase [EC:6.1.1.21]	COG0124	HisS	Histidyl-tRNA synthetase	HIMB1483_00040	-3
HIMB1483-00000000001	29000	30052	+	HIMB1483_00038	HIMB1483	350	OG0000374	NA	NA	COG3705	HisZ	ATP phosphoribosyltransferase regulatory subunit HisZ	HIMB1483_00040	-2
HIMB1483-00000000001	30055	30741	+	HIMB1483_00039	HIMB1483	228	OG0000403	NA	NA	COG0040	HisG	ATP phosphoribosyltransferase	HIMB1483_00040	-1
HIMB1483-00000000001	30770	31861	+	HIMB1483_00040	HIMB1483	363	OG0001004	NA	NA	COG1322	RmuC	DNA anti-recombination protein (rearrangement mutator) RmuC	HIMB1483_00040	0
HIMB1483-00000000001	31899	32585	+	HIMB1483_00041	HIMB1483	228	OG0001010	NA	NA	NA	NA	NA	HIMB1483_00040	1
HIMB1483-00000000001	32591	34027	+	HIMB1483_00042	HIMB1483	478	OG0000183	NA	NA	COG2925	SbcB	Exonuclease I (degrades ssDNA)	HIMB1483_00040	2
HIMB1483-00000000001	34062	34379	+	HIMB1483_00043	HIMB1483	105	OG0000169	NA	NA	COG3118	CnoX	Chaperedoxin CnoX, contains thioredoxin-like and TPR-like domains, YbbN/TrxSC family	HIMB1483_00040	3
HIMB1483-00000000001	34376	35641	-	HIMB1483_00044	HIMB1483	421	OG0000181	NA	NA	COG0285	FolC	Folylpolyglutamate synthase/Dihydropteroate synthase	HIMB1483_00040	4
HIMB1483-00000000001	35595	36524	-	HIMB1483_00045	HIMB1483	309	OG0000239	K01963	acetyl-CoA carboxylase carboxyl transferase subunit beta [EC:6.4.1.2 2.1.3.15]	COG0777	AccD	Acetyl-CoA carboxylase beta subunit	HIMB1483_00040	5
HIMB1485-00000000001	353593	353805	+	HIMB1485_00380	HIMB1485	70	OG0000914	K03704	cold shock protein	COG1278	CspC	Cold shock protein, CspA family	HIMB1485_00385	-5
HIMB1485-00000000001	354118	355512	+	HIMB1485_00381	HIMB1485	464	OG0000812	K01892	histidyl-tRNA synthetase [EC:6.1.1.21]	COG0124	HisS	Histidyl-tRNA synthetase	HIMB1485_00385	-4
HIMB1485-00000000001	355490	356542	+	HIMB1485_00382	HIMB1485	350	OG0000374	NA	NA	COG3705	HisZ	ATP phosphoribosyltransferase regulatory subunit HisZ	HIMB1485_00385	-3
HIMB1485-00000000001	356542	357234	+	HIMB1485_00383	HIMB1485	230	OG0000403	NA	NA	COG0040	HisG	ATP phosphoribosyltransferase	HIMB1485_00385	-2
HIMB1485-00000000001	357217	357348	-	HIMB1485_00384	HIMB1485	43	OG0001245	NA	NA	NA	NA	NA	HIMB1485_00385	-1
HIMB1485-00000000001	357380	358477	+	HIMB1485_00385	HIMB1485	365	OG0001004	NA	NA	COG1322	RmuC	DNA anti-recombination protein (rearrangement mutator) RmuC	HIMB1485_00385	0
HIMB1485-00000000001	358515	359201	+	HIMB1485_00386	HIMB1485	228	OG0001010	NA	NA	COG1074	RecB	3'-5' helicase subunit RecB of the DNA repair enzyme RecBCD (exonuclease V)	HIMB1485_00385	1
HIMB1485-00000000001	359215	360651	+	HIMB1485_00387	HIMB1485	478	OG0000183	NA	NA	COG2925	SbcB	Exonuclease I (degrades ssDNA)	HIMB1485_00385	2
HIMB1485-00000000001	360686	361003	+	HIMB1485_00388	HIMB1485	105	OG0000169	NA	NA	COG3118	CnoX	Chaperedoxin CnoX, contains thioredoxin-like and TPR-like domains, YbbN/TrxSC family	HIMB1485_00385	3
HIMB1485-00000000001	361000	362265	-	HIMB1485_00389	HIMB1485	421	OG0000181	NA	NA	COG0285	FolC	Folylpolyglutamate synthase/Dihydropteroate synthase	HIMB1485_00385	4
HIMB1485-00000000001	362219	363148	-	HIMB1485_00390	HIMB1485	309	OG0000239	K01963	acetyl-CoA carboxylase carboxyl transferase subunit beta [EC:6.4.1.2 2.1.3.15]	COG0777	AccD	Acetyl-CoA carboxylase beta subunit	HIMB1485_00385	5
HIMB1488-00000000001	1367702	1368631	+	HIMB1488_01474	HIMB1488	309	OG0000239	K01963	acetyl-CoA carboxylase carboxyl transferase subunit beta [EC:6.4.1.2 2.1.3.15]	COG0777	AccD	Acetyl-CoA carboxylase beta subunit	HIMB1488_01479	-5
HIMB1488-00000000001	1368585	1369850	+	HIMB1488_01475	HIMB1488	421	OG0000181	NA	NA	COG0285	FolC	Folylpolyglutamate synthase/Dihydropteroate synthase	HIMB1488_01479	-4
HIMB1488-00000000001	1369847	1370164	-	HIMB1488_01476	HIMB1488	105	OG0000169	NA	NA	COG3118	CnoX	Chaperedoxin CnoX, contains thioredoxin-like and TPR-like domains, YbbN/TrxSC family	HIMB1488_01479	-3
HIMB1488-00000000001	1370199	1371635	-	HIMB1488_01477	HIMB1488	478	OG0000183	NA	NA	COG2925	SbcB	Exonuclease I (degrades ssDNA)	HIMB1488_01479	-2
HIMB1488-00000000001	1371651	1372337	-	HIMB1488_01478	HIMB1488	228	OG0001010	NA	NA	COG1074	RecB	3'-5' helicase subunit RecB of the DNA repair enzyme RecBCD (exonuclease V)	HIMB1488_01479	-1
HIMB1488-00000000001	1372375	1373472	-	HIMB1488_01479	HIMB1488	365	OG0001004	NA	NA	COG1322	RmuC	DNA anti-recombination protein (rearrangement mutator) RmuC	HIMB1488_01479	0
HIMB1488-00000000001	1373504	1373635	+	HIMB1488_01480	HIMB1488	43	OG0001245	NA	NA	NA	NA	NA	HIMB1488_01479	1
HIMB1488-00000000001	1373618	1374310	-	HIMB1488_01481	HIMB1488	230	OG0000403	NA	NA	COG0040	HisG	ATP phosphoribosyltransferase	HIMB1488_01479	2
HIMB1488-00000000001	1374310	1375362	-	HIMB1488_01482	HIMB1488	350	OG0000374	NA	NA	COG3705	HisZ	ATP phosphoribosyltransferase regulatory subunit HisZ	HIMB1488_01479	3
HIMB1488-00000000001	1375340	1376734	-	HIMB1488_01483	HIMB1488	464	OG0000812	K01892	histidyl-tRNA synthetase [EC:6.1.1.21]	COG0124	HisS	Histidyl-tRNA synthetase	HIMB1488_01479	4
HIMB1488-00000000001	1376877	1376984	+	HIMB1488_01484	HIMB1488	35	OG0001899	NA	NA	NA	NA	NA	HIMB1488_01479	5
HIMB1490-00000000009	11126	12808	-	HIMB1490_00595	HIMB1490	560	OG0002297	K06915	DNA double-strand break repair helicase HerA and related ATPase	COG0433	CedB	Crenarchaeal DNA import helicase CedB/HerA or a related bacterial ATPase	HIMB1490_00600	-5
HIMB1490-00000000009	12808	14121	-	HIMB1490_00596	HIMB1490	437	OG0002298	NA	NA	NA	NA	NA	HIMB1490_00600	-4
HIMB1490-00000000009	14456	15400	-	HIMB1490_00597	HIMB1490	314	OG0002673	NA	NA	NA	NA	NA	HIMB1490_00600	-3
HIMB1490-00000000009	15492	16688	-	HIMB1490_00598	HIMB1490	398	OG0002804	NA	NA	NA	NA	NA	HIMB1490_00600	-2
HIMB1490-00000000009	16695	18464	-	HIMB1490_00599	HIMB1490	589	OG0002362	NA	NA	COG4938	NA	Predicted ATPase	HIMB1490_00600	-1
HIMB1490-00000000009	18553	19659	+	HIMB1490_00600	HIMB1490	368	OG0001004	NA	NA	COG1322	RmuC	DNA anti-recombination protein (rearrangement mutator) RmuC	HIMB1490_00600	0
HIMB1490-00000000009	19697	20383	+	HIMB1490_00601	HIMB1490	228	OG0001010	NA	NA	COG1074	RecB	3'-5' helicase subunit RecB of the DNA repair enzyme RecBCD (exonuclease V)	HIMB1490_00600	1
HIMB1490-00000000009	20397	21833	+	HIMB1490_00602	HIMB1490	478	OG0000183	NA	NA	COG2925	SbcB	Exonuclease I (degrades ssDNA)	HIMB1490_00600	2
HIMB1490-00000000009	21868	22185	+	HIMB1490_00603	HIMB1490	105	OG0000169	NA	NA	COG3118	CnoX	Chaperedoxin CnoX, contains thioredoxin-like and TPR-like domains, YbbN/TrxSC family	HIMB1490_00600	3
HIMB1490-00000000009	22182	23447	-	HIMB1490_00604	HIMB1490	421	OG0000181	NA	NA	COG0285	FolC	Folylpolyglutamate synthase/Dihydropteroate synthase	HIMB1490_00600	4
HIMB1490-00000000009	23401	24330	-	HIMB1490_00605	HIMB1490	309	OG0000239	K01963	acetyl-CoA carboxylase carboxyl transferase subunit beta [EC:6.4.1.2 2.1.3.15]	COG0777	AccD	Acetyl-CoA carboxylase beta subunit	HIMB1490_00600	5
HIMB1491-00000000001	579393	581075	-	HIMB1491_00601	HIMB1491	560	OG0002297	K06915	DNA double-strand break repair helicase HerA and related ATPase	COG0433	CedB	Crenarchaeal DNA import helicase CedB/HerA or a related bacterial ATPase	HIMB1491_00606	-5
HIMB1491-00000000001	581075	582388	-	HIMB1491_00602	HIMB1491	437	OG0002298	NA	NA	NA	NA	NA	HIMB1491_00606	-4
HIMB1491-00000000001	582723	583667	-	HIMB1491_00603	HIMB1491	314	OG0002673	NA	NA	NA	NA	NA	HIMB1491_00606	-3
HIMB1491-00000000001	583759	584955	-	HIMB1491_00604	HIMB1491	398	OG0002804	NA	NA	NA	NA	NA	HIMB1491_00606	-2
HIMB1491-00000000001	584962	586731	-	HIMB1491_00605	HIMB1491	589	OG0002362	NA	NA	COG4938	NA	Predicted ATPase	HIMB1491_00606	-1
HIMB1491-00000000001	586820	587926	+	HIMB1491_00606	HIMB1491	368	OG0001004	NA	NA	COG1322	RmuC	DNA anti-recombination protein (rearrangement mutator) RmuC	HIMB1491_00606	0
HIMB1491-00000000001	587964	588650	+	HIMB1491_00607	HIMB1491	228	OG0001010	NA	NA	COG1074	RecB	3'-5' helicase subunit RecB of the DNA repair enzyme RecBCD (exonuclease V)	HIMB1491_00606	1
HIMB1491-00000000001	588664	590100	+	HIMB1491_00608	HIMB1491	478	OG0000183	NA	NA	COG2925	SbcB	Exonuclease I (degrades ssDNA)	HIMB1491_00606	2
HIMB1491-00000000001	590135	590452	+	HIMB1491_00609	HIMB1491	105	OG0000169	NA	NA	COG3118	CnoX	Chaperedoxin CnoX, contains thioredoxin-like and TPR-like domains, YbbN/TrxSC family	HIMB1491_00606	3
HIMB1491-00000000001	590449	591714	-	HIMB1491_00610	HIMB1491	421	OG0000181	NA	NA	COG0285	FolC	Folylpolyglutamate synthase/Dihydropteroate synthase	HIMB1491_00606	4
HIMB1491-00000000001	591668	592597	-	HIMB1491_00611	HIMB1491	309	OG0000239	K01963	acetyl-CoA carboxylase carboxyl transferase subunit beta [EC:6.4.1.2 2.1.3.15]	COG0777	AccD	Acetyl-CoA carboxylase beta subunit	HIMB1491_00606	5
HIMB1492-00000000036	2068	3462	+	HIMB1492_00576	HIMB1492	464	OG0000812	K01892	histidyl-tRNA synthetase [EC:6.1.1.21]	COG0124	HisS	Histidyl-tRNA synthetase	HIMB1492_00581	-5
HIMB1492-00000000036	3440	4492	+	HIMB1492_00577	HIMB1492	350	OG0000374	NA	NA	COG3705	HisZ	ATP phosphoribosyltransferase regulatory subunit HisZ	HIMB1492_00581	-4
HIMB1492-00000000036	4489	5337	+	HIMB1492_00578	HIMB1492	282	OG0000077	NA	NA	NA	NA	NA	HIMB1492_00581	-3
HIMB1492-00000000036	5330	6019	+	HIMB1492_00579	HIMB1492	229	OG0000403	NA	NA	COG0040	HisG	ATP phosphoribosyltransferase	HIMB1492_00581	-2
HIMB1492-00000000036	6002	6133	-	HIMB1492_00580	HIMB1492	43	OG0001245	NA	NA	NA	NA	NA	HIMB1492_00581	-1
HIMB1492-00000000036	6165	7262	+	HIMB1492_00581	HIMB1492	365	OG0001004	NA	NA	COG1322	RmuC	DNA anti-recombination protein (rearrangement mutator) RmuC	HIMB1492_00581	0
HIMB1492-00000000036	7300	7986	+	HIMB1492_00582	HIMB1492	228	OG0001010	NA	NA	COG1074	RecB	3'-5' helicase subunit RecB of the DNA repair enzyme RecBCD (exonuclease V)	HIMB1492_00581	1
HIMB1493-00000000001	1356076	1356288	+	HIMB1493_01442	HIMB1493	70	OG0000914	K03704	cold shock protein	COG1278	CspC	Cold shock protein, CspA family	HIMB1493_01447	-5
HIMB1493-00000000001	1356601	1357995	+	HIMB1493_01443	HIMB1493	464	OG0000812	K01892	histidyl-tRNA synthetase [EC:6.1.1.21]	COG0124	HisS	Histidyl-tRNA synthetase	HIMB1493_01447	-4
HIMB1493-00000000001	1357973	1359025	+	HIMB1493_01444	HIMB1493	350	OG0000374	NA	NA	COG3705	HisZ	ATP phosphoribosyltransferase regulatory subunit HisZ	HIMB1493_01447	-3
HIMB1493-00000000001	1359022	1359870	+	HIMB1493_01445	HIMB1493	282	OG0000077	NA	NA	NA	NA	NA	HIMB1493_01447	-2
HIMB1493-00000000001	1359863	1360552	+	HIMB1493_01446	HIMB1493	229	OG0000403	NA	NA	COG0040	HisG	ATP phosphoribosyltransferase	HIMB1493_01447	-1
HIMB1493-00000000001	1360698	1361795	+	HIMB1493_01447	HIMB1493	365	OG0001004	NA	NA	COG1322	RmuC	DNA anti-recombination protein (rearrangement mutator) RmuC	HIMB1493_01447	0
HIMB1493-00000000001	1361833	1362519	+	HIMB1493_01448	HIMB1493	228	OG0001010	NA	NA	COG1074	RecB	3'-5' helicase subunit RecB of the DNA repair enzyme RecBCD (exonuclease V)	HIMB1493_01447	1
HIMB1493-00000000001	1362535	1363971	+	HIMB1493_01449	HIMB1493	478	OG0000183	NA	NA	COG2925	SbcB	Exonuclease I (degrades ssDNA)	HIMB1493_01447	2
HIMB1493-00000000001	1364006	1364323	+	HIMB1493_01450	HIMB1493	105	OG0000169	NA	NA	COG3118	CnoX	Chaperedoxin CnoX, contains thioredoxin-like and TPR-like domains, YbbN/TrxSC family	HIMB1493_01447	3
HIMB1493-00000000001	1364320	1365585	-	HIMB1493_01451	HIMB1493	421	OG0000181	NA	NA	COG0285	FolC	Folylpolyglutamate synthase/Dihydropteroate synthase	HIMB1493_01447	4
HIMB1493-00000000001	1365539	1366468	-	HIMB1493_01452	HIMB1493	309	OG0000239	K01963	acetyl-CoA carboxylase carboxyl transferase subunit beta [EC:6.4.1.2 2.1.3.15]	COG0777	AccD	Acetyl-CoA carboxylase beta subunit	HIMB1493_01447	5
HIMB1494-00000000001	96265	97194	+	HIMB1494_00096	HIMB1494	309	OG0000239	K01963	acetyl-CoA carboxylase carboxyl transferase subunit beta [EC:6.4.1.2 2.1.3.15]	COG0777	AccD	Acetyl-CoA carboxylase beta subunit	HIMB1494_00101	-5
HIMB1494-00000000001	97148	98413	+	HIMB1494_00097	HIMB1494	421	OG0000181	NA	NA	COG0285	FolC	Folylpolyglutamate synthase/Dihydropteroate synthase	HIMB1494_00101	-4
HIMB1494-00000000001	98410	98727	-	HIMB1494_00098	HIMB1494	105	OG0000169	NA	NA	COG3118	CnoX	Chaperedoxin CnoX, contains thioredoxin-like and TPR-like domains, YbbN/TrxSC family	HIMB1494_00101	-3
HIMB1494-00000000001	98762	100198	-	HIMB1494_00099	HIMB1494	478	OG0000183	NA	NA	COG2925	SbcB	Exonuclease I (degrades ssDNA)	HIMB1494_00101	-2
HIMB1494-00000000001	100213	100899	-	HIMB1494_00100	HIMB1494	228	OG0001010	NA	NA	COG1074	RecB	3'-5' helicase subunit RecB of the DNA repair enzyme RecBCD (exonuclease V)	HIMB1494_00101	-1
HIMB1494-00000000001	100937	102034	-	HIMB1494_00101	HIMB1494	365	OG0001004	NA	NA	COG1322	RmuC	DNA anti-recombination protein (rearrangement mutator) RmuC	HIMB1494_00101	0
HIMB1494-00000000001	102066	102197	+	HIMB1494_00102	HIMB1494	43	OG0001245	NA	NA	NA	NA	NA	HIMB1494_00101	1
HIMB1494-00000000001	102180	102872	-	HIMB1494_00103	HIMB1494	230	OG0000403	NA	NA	COG0040	HisG	ATP phosphoribosyltransferase	HIMB1494_00101	2
HIMB1494-00000000001	102872	103924	-	HIMB1494_00104	HIMB1494	350	OG0000374	NA	NA	COG3705	HisZ	ATP phosphoribosyltransferase regulatory subunit HisZ	HIMB1494_00101	3
HIMB1494-00000000001	103902	105296	-	HIMB1494_00105	HIMB1494	464	OG0000812	K01892	histidyl-tRNA synthetase [EC:6.1.1.21]	COG0124	HisS	Histidyl-tRNA synthetase	HIMB1494_00101	4
HIMB1494-00000000001	105439	105546	+	HIMB1494_00106	HIMB1494	35	OG0001899	NA	NA	NA	NA	NA	HIMB1494_00101	5
HIMB1495-00000000001	72970	73899	+	HIMB1495_00074	HIMB1495	309	OG0000239	K01963	acetyl-CoA carboxylase carboxyl transferase subunit beta [EC:6.4.1.2 2.1.3.15]	COG0777	AccD	Acetyl-CoA carboxylase beta subunit	HIMB1495_00079	-5
HIMB1495-00000000001	73853	75118	+	HIMB1495_00075	HIMB1495	421	OG0000181	NA	NA	COG0285	FolC	Folylpolyglutamate synthase/Dihydropteroate synthase	HIMB1495_00079	-4
HIMB1495-00000000001	75115	75432	-	HIMB1495_00076	HIMB1495	105	OG0000169	NA	NA	COG3118	CnoX	Chaperedoxin CnoX, contains thioredoxin-like and TPR-like domains, YbbN/TrxSC family	HIMB1495_00079	-3
HIMB1495-00000000001	75467	76903	-	HIMB1495_00077	HIMB1495	478	OG0000183	NA	NA	COG2925	SbcB	Exonuclease I (degrades ssDNA)	HIMB1495_00079	-2
HIMB1495-00000000001	76918	77604	-	HIMB1495_00078	HIMB1495	228	OG0001010	NA	NA	COG1074	RecB	3'-5' helicase subunit RecB of the DNA repair enzyme RecBCD (exonuclease V)	HIMB1495_00079	-1
HIMB1495-00000000001	77642	78739	-	HIMB1495_00079	HIMB1495	365	OG0001004	NA	NA	COG1322	RmuC	DNA anti-recombination protein (rearrangement mutator) RmuC	HIMB1495_00079	0
HIMB1495-00000000001	78771	78902	+	HIMB1495_00080	HIMB1495	43	OG0001245	NA	NA	NA	NA	NA	HIMB1495_00079	1
HIMB1495-00000000001	78885	79577	-	HIMB1495_00081	HIMB1495	230	OG0000403	NA	NA	COG0040	HisG	ATP phosphoribosyltransferase	HIMB1495_00079	2
HIMB1495-00000000001	79577	80629	-	HIMB1495_00082	HIMB1495	350	OG0000374	NA	NA	COG3705	HisZ	ATP phosphoribosyltransferase regulatory subunit HisZ	HIMB1495_00079	3
HIMB1495-00000000001	80607	82001	-	HIMB1495_00083	HIMB1495	464	OG0000812	K01892	histidyl-tRNA synthetase [EC:6.1.1.21]	COG0124	HisS	Histidyl-tRNA synthetase	HIMB1495_00079	4
HIMB1495-00000000001	82144	82251	+	HIMB1495_00084	HIMB1495	35	OG0001899	NA	NA	NA	NA	NA	HIMB1495_00079	5
HIMB1505-00000000001	90481	91410	+	HIMB1505_00088	HIMB1505	309	OG0000239	K01963	acetyl-CoA carboxylase carboxyl transferase subunit beta [EC:6.4.1.2 2.1.3.15]	COG0777	AccD	Acetyl-CoA carboxylase beta subunit	HIMB1505_00093	-5
HIMB1505-00000000001	91364	92632	+	HIMB1505_00089	HIMB1505	422	OG0000181	NA	NA	COG0285	FolC	Folylpolyglutamate synthase/Dihydropteroate synthase	HIMB1505_00093	-4
HIMB1505-00000000001	92629	92946	-	HIMB1505_00090	HIMB1505	105	OG0000169	NA	NA	COG3118	CnoX	Chaperedoxin CnoX, contains thioredoxin-like and TPR-like domains, YbbN/TrxSC family	HIMB1505_00093	-3
HIMB1505-00000000001	93013	94458	-	HIMB1505_00091	HIMB1505	481	OG0000183	NA	NA	COG2925	SbcB	Exonuclease I (degrades ssDNA)	HIMB1505_00093	-2
HIMB1505-00000000001	94455	95141	-	HIMB1505_00092	HIMB1505	228	OG0001010	NA	NA	NA	NA	NA	HIMB1505_00093	-1
HIMB1505-00000000001	95179	96276	-	HIMB1505_00093	HIMB1505	365	OG0001004	NA	NA	COG1322	RmuC	DNA anti-recombination protein (rearrangement mutator) RmuC	HIMB1505_00093	0
HIMB1505-00000000001	96315	97007	-	HIMB1505_00094	HIMB1505	230	OG0000403	NA	NA	COG0040	HisG	ATP phosphoribosyltransferase	HIMB1505_00093	1
HIMB1505-00000000001	97004	98050	-	HIMB1505_00095	HIMB1505	348	OG0000374	NA	NA	COG3705	HisZ	ATP phosphoribosyltransferase regulatory subunit HisZ	HIMB1505_00093	2
HIMB1505-00000000001	98028	99422	-	HIMB1505_00096	HIMB1505	464	OG0000812	K01892	histidyl-tRNA synthetase [EC:6.1.1.21]	COG0124	HisS	Histidyl-tRNA synthetase	HIMB1505_00093	3
HIMB1505-00000000001	99772	99984	-	HIMB1505_00097	HIMB1505	70	OG0000914	K03704	cold shock protein	COG1278	CspC	Cold shock protein, CspA family	HIMB1505_00093	4
HIMB1505-00000000001	100144	100299	-	HIMB1505_00099	HIMB1505	51	OG0000905	K02518	translation initiation factor IF-1	COG0361	InfA	Translation initiation factor IF-1	HIMB1505_00093	5
HIMB1507-00000000001	605474	605581	-	HIMB1507_00622	HIMB1507	35	OG0001899	NA	NA	NA	NA	NA	HIMB1507_00627	-5
HIMB1507-00000000001	605724	607118	+	HIMB1507_00623	HIMB1507	464	OG0000812	K01892	histidyl-tRNA synthetase [EC:6.1.1.21]	COG0124	HisS	Histidyl-tRNA synthetase	HIMB1507_00627	-4
HIMB1507-00000000001	607096	608148	+	HIMB1507_00624	HIMB1507	350	OG0000374	NA	NA	COG3705	HisZ	ATP phosphoribosyltransferase regulatory subunit HisZ	HIMB1507_00627	-3
HIMB1507-00000000001	608148	608840	+	HIMB1507_00625	HIMB1507	230	OG0000403	NA	NA	COG0040	HisG	ATP phosphoribosyltransferase	HIMB1507_00627	-2
HIMB1507-00000000001	608823	608954	-	HIMB1507_00626	HIMB1507	43	OG0001245	NA	NA	NA	NA	NA	HIMB1507_00627	-1
HIMB1507-00000000001	608986	610083	+	HIMB1507_00627	HIMB1507	365	OG0001004	NA	NA	COG1322	RmuC	DNA anti-recombination protein (rearrangement mutator) RmuC	HIMB1507_00627	0
HIMB1507-00000000001	610121	610807	+	HIMB1507_00628	HIMB1507	228	OG0001010	NA	NA	COG1074	RecB	3'-5' helicase subunit RecB of the DNA repair enzyme RecBCD (exonuclease V)	HIMB1507_00627	1
HIMB1507-00000000001	610823	612259	+	HIMB1507_00629	HIMB1507	478	OG0000183	NA	NA	COG2925	SbcB	Exonuclease I (degrades ssDNA)	HIMB1507_00627	2
HIMB1507-00000000001	612294	612611	+	HIMB1507_00630	HIMB1507	105	OG0000169	NA	NA	COG3118	CnoX	Chaperedoxin CnoX, contains thioredoxin-like and TPR-like domains, YbbN/TrxSC family	HIMB1507_00627	3
HIMB1507-00000000001	612608	613873	-	HIMB1507_00631	HIMB1507	421	OG0000181	NA	NA	COG0285	FolC	Folylpolyglutamate synthase/Dihydropteroate synthase	HIMB1507_00627	4
HIMB1507-00000000001	613827	614756	-	HIMB1507_00632	HIMB1507	309	OG0000239	K01963	acetyl-CoA carboxylase carboxyl transferase subunit beta [EC:6.4.1.2 2.1.3.15]	COG0777	AccD	Acetyl-CoA carboxylase beta subunit	HIMB1507_00627	5
HIMB1509-00000000001	65741	66670	+	HIMB1509_00060	HIMB1509	309	OG0000239	K01963	acetyl-CoA carboxylase carboxyl transferase subunit beta [EC:6.4.1.2 2.1.3.15]	COG0777	AccD	Acetyl-CoA carboxylase beta subunit	HIMB1509_00065	-5
HIMB1509-00000000001	66624	67889	+	HIMB1509_00061	HIMB1509	421	OG0000181	NA	NA	COG0285	FolC	Folylpolyglutamate synthase/Dihydropteroate synthase	HIMB1509_00065	-4
HIMB1509-00000000001	67886	68203	-	HIMB1509_00062	HIMB1509	105	OG0000169	NA	NA	COG3118	CnoX	Chaperedoxin CnoX, contains thioredoxin-like and TPR-like domains, YbbN/TrxSC family	HIMB1509_00065	-3
HIMB1509-00000000001	68238	69674	-	HIMB1509_00063	HIMB1509	478	OG0000183	NA	NA	COG2925	SbcB	Exonuclease I (degrades ssDNA)	HIMB1509_00065	-2
HIMB1509-00000000001	69690	70376	-	HIMB1509_00064	HIMB1509	228	OG0001010	NA	NA	COG1074	RecB	3'-5' helicase subunit RecB of the DNA repair enzyme RecBCD (exonuclease V)	HIMB1509_00065	-1
HIMB1509-00000000001	70414	71511	-	HIMB1509_00065	HIMB1509	365	OG0001004	NA	NA	COG1322	RmuC	DNA anti-recombination protein (rearrangement mutator) RmuC	HIMB1509_00065	0
HIMB1509-00000000001	71543	71674	+	HIMB1509_00066	HIMB1509	43	OG0001245	NA	NA	NA	NA	NA	HIMB1509_00065	1
HIMB1509-00000000001	71657	72349	-	HIMB1509_00067	HIMB1509	230	OG0000403	NA	NA	COG0040	HisG	ATP phosphoribosyltransferase	HIMB1509_00065	2
HIMB1509-00000000001	72349	73401	-	HIMB1509_00068	HIMB1509	350	OG0000374	NA	NA	COG3705	HisZ	ATP phosphoribosyltransferase regulatory subunit HisZ	HIMB1509_00065	3
HIMB1509-00000000001	73379	74773	-	HIMB1509_00069	HIMB1509	464	OG0000812	K01892	histidyl-tRNA synthetase [EC:6.1.1.21]	COG0124	HisS	Histidyl-tRNA synthetase	HIMB1509_00065	4
HIMB1509-00000000001	75086	75298	-	HIMB1509_00070	HIMB1509	70	OG0000914	K03704	cold shock protein	COG1278	CspC	Cold shock protein, CspA family	HIMB1509_00065	5
HIMB1513-00000000001	594448	594618	-	HIMB1513_00616	HIMB1513	56	OG0004384	NA	NA	NA	NA	NA	HIMB1513_00621	-5
HIMB1513-00000000001	594602	596752	-	HIMB1513_00617	HIMB1513	716	OG0001665	NA	NA	COG1061	SSL2	Superfamily II DNA or RNA helicase	HIMB1513_00621	-4
HIMB1513-00000000001	596917	597447	+	HIMB1513_00618	HIMB1513	176	OG0001516	NA	NA	NA	NA	NA	HIMB1513_00621	-3
HIMB1513-00000000001	597444	597959	+	HIMB1513_00619	HIMB1513	171	OG0001491	NA	NA	NA	NA	NA	HIMB1513_00621	-2
HIMB1513-00000000001	597994	598680	+	HIMB1513_00620	HIMB1513	228	OG0001010	NA	NA	COG1074	RecB	3'-5' helicase subunit RecB of the DNA repair enzyme RecBCD (exonuclease V)	HIMB1513_00621	-1
HIMB1513-00000000001	598902	599816	+	HIMB1513_00621	HIMB1513	304	OG0001004	NA	NA	COG1322	RmuC	DNA anti-recombination protein (rearrangement mutator) RmuC	HIMB1513_00621	0
HIMB1513-00000000001	599820	601283	+	HIMB1513_00622	HIMB1513	487	OG0000183	NA	NA	COG2925	SbcB	Exonuclease I (degrades ssDNA)	HIMB1513_00621	1
HIMB1513-00000000001	601284	601700	+	HIMB1513_00623	HIMB1513	138	OG0001797	NA	NA	NA	NA	NA	HIMB1513_00621	2
HIMB1513-00000000001	601712	605098	+	HIMB1513_00624	HIMB1513	1128	OG0001679	NA	NA	COG2251	NA	Predicted nuclease, RecB family	HIMB1513_00621	3
HIMB1513-00000000001	605132	606274	+	HIMB1513_00625	HIMB1513	380	OG0001782	NA	NA	COG4487	NA	Uncharacterized conserved protein, contains DUF2130 domain	HIMB1513_00621	4
HIMB1513-00000000001	606274	606696	+	HIMB1513_00626	HIMB1513	140	OG0001928	NA	NA	NA	NA	NA	HIMB1513_00621	5
HIMB1518-00000000001	62833	63045	+	HIMB1518_00064	HIMB1518	70	OG0000914	K03704	cold shock protein	COG1278	CspC	Cold shock protein, CspA family	HIMB1518_00069	-5
HIMB1518-00000000001	63358	64752	+	HIMB1518_00065	HIMB1518	464	OG0000812	K01892	histidyl-tRNA synthetase [EC:6.1.1.21]	COG0124	HisS	Histidyl-tRNA synthetase	HIMB1518_00069	-4
HIMB1518-00000000001	64730	65782	+	HIMB1518_00066	HIMB1518	350	OG0000374	NA	NA	COG3705	HisZ	ATP phosphoribosyltransferase regulatory subunit HisZ	HIMB1518_00069	-3
HIMB1518-00000000001	65779	66627	+	HIMB1518_00067	HIMB1518	282	OG0000077	NA	NA	NA	NA	NA	HIMB1518_00069	-2
HIMB1518-00000000001	66620	67309	+	HIMB1518_00068	HIMB1518	229	OG0000403	NA	NA	COG0040	HisG	ATP phosphoribosyltransferase	HIMB1518_00069	-1
HIMB1518-00000000001	67455	68552	+	HIMB1518_00069	HIMB1518	365	OG0001004	NA	NA	COG1322	RmuC	DNA anti-recombination protein (rearrangement mutator) RmuC	HIMB1518_00069	0
HIMB1518-00000000001	68590	69276	+	HIMB1518_00070	HIMB1518	228	OG0001010	NA	NA	COG1074	RecB	3'-5' helicase subunit RecB of the DNA repair enzyme RecBCD (exonuclease V)	HIMB1518_00069	1
HIMB1518-00000000001	69292	70728	+	HIMB1518_00071	HIMB1518	478	OG0000183	NA	NA	COG2925	SbcB	Exonuclease I (degrades ssDNA)	HIMB1518_00069	2
HIMB1518-00000000001	70763	71080	+	HIMB1518_00072	HIMB1518	105	OG0000169	NA	NA	COG3118	CnoX	Chaperedoxin CnoX, contains thioredoxin-like and TPR-like domains, YbbN/TrxSC family	HIMB1518_00069	3
HIMB1518-00000000001	71077	72342	-	HIMB1518_00073	HIMB1518	421	OG0000181	NA	NA	COG0285	FolC	Folylpolyglutamate synthase/Dihydropteroate synthase	HIMB1518_00069	4
HIMB1518-00000000001	72296	73225	-	HIMB1518_00074	HIMB1518	309	OG0000239	K01963	acetyl-CoA carboxylase carboxyl transferase subunit beta [EC:6.4.1.2 2.1.3.15]	COG0777	AccD	Acetyl-CoA carboxylase beta subunit	HIMB1518_00069	5
HIMB1520-00000000001	977657	977872	+	HIMB1520_01074	HIMB1520	71	OG0000914	K03704	cold shock protein	COG1278	CspC	Cold shock protein, CspA family	HIMB1520_01079	-5
HIMB1520-00000000001	978182	979576	+	HIMB1520_01075	HIMB1520	464	OG0000812	K01892	histidyl-tRNA synthetase [EC:6.1.1.21]	COG0124	HisS	Histidyl-tRNA synthetase	HIMB1520_01079	-4
HIMB1520-00000000001	979554	980600	+	HIMB1520_01076	HIMB1520	348	OG0000374	NA	NA	COG3705	HisZ	ATP phosphoribosyltransferase regulatory subunit HisZ	HIMB1520_01079	-3
HIMB1520-00000000001	980597	981286	+	HIMB1520_01077	HIMB1520	229	OG0000403	NA	NA	COG0040	HisG	ATP phosphoribosyltransferase	HIMB1520_01079	-2
HIMB1520-00000000001	981269	981400	-	HIMB1520_01078	HIMB1520	43	OG0001245	NA	NA	NA	NA	NA	HIMB1520_01079	-1
HIMB1520-00000000001	981476	982573	+	HIMB1520_01079	HIMB1520	365	OG0001004	NA	NA	COG1322	RmuC	DNA anti-recombination protein (rearrangement mutator) RmuC	HIMB1520_01079	0
HIMB1520-00000000001	982611	983297	+	HIMB1520_01080	HIMB1520	228	OG0001010	NA	NA	NA	NA	NA	HIMB1520_01079	1
HIMB1520-00000000001	983294	984742	+	HIMB1520_01081	HIMB1520	482	OG0000183	NA	NA	COG2925	SbcB	Exonuclease I (degrades ssDNA)	HIMB1520_01079	2
HIMB1520-00000000001	984808	985125	+	HIMB1520_01082	HIMB1520	105	OG0000169	NA	NA	COG3118	CnoX	Chaperedoxin CnoX, contains thioredoxin-like and TPR-like domains, YbbN/TrxSC family	HIMB1520_01079	3
HIMB1520-00000000001	985122	986387	-	HIMB1520_01083	HIMB1520	421	OG0000181	NA	NA	COG0285	FolC	Folylpolyglutamate synthase/Dihydropteroate synthase	HIMB1520_01079	4
HIMB1520-00000000001	986341	987270	-	HIMB1520_01084	HIMB1520	309	OG0000239	K01963	acetyl-CoA carboxylase carboxyl transferase subunit beta [EC:6.4.1.2 2.1.3.15]	COG0777	AccD	Acetyl-CoA carboxylase beta subunit	HIMB1520_01079	5
HIMB1521-00000000002	48944	49366	-	HIMB1521_00197	HIMB1521	140	OG0001928	NA	NA	NA	NA	NA	HIMB1521_00202	-5
HIMB1521-00000000002	49366	50508	-	HIMB1521_00198	HIMB1521	380	OG0001782	NA	NA	COG4487	NA	Uncharacterized conserved protein, contains DUF2130 domain	HIMB1521_00202	-4
HIMB1521-00000000002	50542	53928	-	HIMB1521_00199	HIMB1521	1128	OG0001679	NA	NA	COG2251	NA	Predicted nuclease, RecB family	HIMB1521_00202	-3
HIMB1521-00000000002	53940	54356	-	HIMB1521_00200	HIMB1521	138	OG0001797	NA	NA	NA	NA	NA	HIMB1521_00202	-2
HIMB1521-00000000002	54357	55820	-	HIMB1521_00201	HIMB1521	487	OG0000183	NA	NA	COG2925	SbcB	Exonuclease I (degrades ssDNA)	HIMB1521_00202	-1
HIMB1521-00000000002	55824	56738	-	HIMB1521_00202	HIMB1521	304	OG0001004	NA	NA	COG1322	RmuC	DNA anti-recombination protein (rearrangement mutator) RmuC	HIMB1521_00202	0
HIMB1521-00000000002	56960	57646	-	HIMB1521_00203	HIMB1521	228	OG0001010	NA	NA	COG1074	RecB	3'-5' helicase subunit RecB of the DNA repair enzyme RecBCD (exonuclease V)	HIMB1521_00202	1
HIMB1521-00000000002	57681	58196	-	HIMB1521_00204	HIMB1521	171	OG0001491	NA	NA	NA	NA	NA	HIMB1521_00202	2
HIMB1521-00000000002	58193	58723	-	HIMB1521_00205	HIMB1521	176	OG0001516	NA	NA	NA	NA	NA	HIMB1521_00202	3
HIMB1521-00000000002	58888	61038	+	HIMB1521_00206	HIMB1521	716	OG0001665	NA	NA	COG1061	SSL2	Superfamily II DNA or RNA helicase	HIMB1521_00202	4
HIMB1521-00000000002	61022	61192	+	HIMB1521_00207	HIMB1521	56	OG0004384	NA	NA	NA	NA	NA	HIMB1521_00202	5
HIMB1526-00000000001	1368656	1369585	+	HIMB1526_01452	HIMB1526	309	OG0000239	K01963	acetyl-CoA carboxylase carboxyl transferase subunit beta [EC:6.4.1.2 2.1.3.15]	COG0777	AccD	Acetyl-CoA carboxylase beta subunit	HIMB1526_01457	-5
HIMB1526-00000000001	1369539	1370804	+	HIMB1526_01453	HIMB1526	421	OG0000181	NA	NA	COG0285	FolC	Folylpolyglutamate synthase/Dihydropteroate synthase	HIMB1526_01457	-4
HIMB1526-00000000001	1370801	1371118	-	HIMB1526_01454	HIMB1526	105	OG0000169	NA	NA	COG3118	CnoX	Chaperedoxin CnoX, contains thioredoxin-like and TPR-like domains, YbbN/TrxSC family	HIMB1526_01457	-3
HIMB1526-00000000001	1371153	1372589	-	HIMB1526_01455	HIMB1526	478	OG0000183	NA	NA	COG2925	SbcB	Exonuclease I (degrades ssDNA)	HIMB1526_01457	-2
HIMB1526-00000000001	1372605	1373291	-	HIMB1526_01456	HIMB1526	228	OG0001010	NA	NA	COG1074	RecB	3'-5' helicase subunit RecB of the DNA repair enzyme RecBCD (exonuclease V)	HIMB1526_01457	-1
HIMB1526-00000000001	1373329	1374426	-	HIMB1526_01457	HIMB1526	365	OG0001004	NA	NA	COG1322	RmuC	DNA anti-recombination protein (rearrangement mutator) RmuC	HIMB1526_01457	0
HIMB1526-00000000001	1374473	1374589	+	HIMB1526_01458	HIMB1526	38	OG0001245	NA	NA	NA	NA	NA	HIMB1526_01457	1
HIMB1526-00000000001	1374572	1375264	-	HIMB1526_01459	HIMB1526	230	OG0000403	NA	NA	COG0040	HisG	ATP phosphoribosyltransferase	HIMB1526_01457	2
HIMB1526-00000000001	1375264	1376316	-	HIMB1526_01460	HIMB1526	350	OG0000374	NA	NA	COG3705	HisZ	ATP phosphoribosyltransferase regulatory subunit HisZ	HIMB1526_01457	3
HIMB1526-00000000001	1376294	1377688	-	HIMB1526_01461	HIMB1526	464	OG0000812	K01892	histidyl-tRNA synthetase [EC:6.1.1.21]	COG0124	HisS	Histidyl-tRNA synthetase	HIMB1526_01457	4
HIMB1526-00000000001	1377831	1377956	+	HIMB1526_01462	HIMB1526	41	OG0001899	NA	NA	NA	NA	NA	HIMB1526_01457	5
HIMB1527-00000000001	520231	520443	+	HIMB1527_00540	HIMB1527	70	OG0000914	K03704	cold shock protein	COG1278	CspC	Cold shock protein, CspA family	HIMB1527_00545	-5
HIMB1527-00000000001	520546	520647	+	HIMB1527_00541	HIMB1527	33	NA	NA	NA	NA	NA	NA	HIMB1527_00545	-4
HIMB1527-00000000001	520794	522188	+	HIMB1527_00542	HIMB1527	464	OG0000812	K01892	histidyl-tRNA synthetase [EC:6.1.1.21]	COG0124	HisS	Histidyl-tRNA synthetase	HIMB1527_00545	-3
HIMB1527-00000000001	522166	523212	+	HIMB1527_00543	HIMB1527	348	OG0000374	NA	NA	COG3705	HisZ	ATP phosphoribosyltransferase regulatory subunit HisZ	HIMB1527_00545	-2
HIMB1527-00000000001	523209	523901	+	HIMB1527_00544	HIMB1527	230	OG0000403	NA	NA	COG0040	HisG	ATP phosphoribosyltransferase	HIMB1527_00545	-1
HIMB1527-00000000001	523940	525037	+	HIMB1527_00545	HIMB1527	365	OG0001004	NA	NA	COG1322	RmuC	DNA anti-recombination protein (rearrangement mutator) RmuC	HIMB1527_00545	0
HIMB1527-00000000001	525075	525761	+	HIMB1527_00546	HIMB1527	228	OG0001010	NA	NA	NA	NA	NA	HIMB1527_00545	1
HIMB1527-00000000001	525758	527203	+	HIMB1527_00547	HIMB1527	481	OG0000183	NA	NA	COG2925	SbcB	Exonuclease I (degrades ssDNA)	HIMB1527_00545	2
HIMB1527-00000000001	527270	527587	+	HIMB1527_00548	HIMB1527	105	OG0000169	NA	NA	COG3118	CnoX	Chaperedoxin CnoX, contains thioredoxin-like and TPR-like domains, YbbN/TrxSC family	HIMB1527_00545	3
HIMB1527-00000000001	527584	528852	-	HIMB1527_00549	HIMB1527	422	OG0000181	NA	NA	COG0285	FolC	Folylpolyglutamate synthase/Dihydropteroate synthase	HIMB1527_00545	4
HIMB1527-00000000001	528806	529735	-	HIMB1527_00550	HIMB1527	309	OG0000239	K01963	acetyl-CoA carboxylase carboxyl transferase subunit beta [EC:6.4.1.2 2.1.3.15]	COG0777	AccD	Acetyl-CoA carboxylase beta subunit	HIMB1527_00545	5
HIMB1542-00000000002	579325	580719	+	HIMB1542_01472	HIMB1542	464	OG0000812	K01892	histidyl-tRNA synthetase [EC:6.1.1.21]	COG0124	HisS	Histidyl-tRNA synthetase	HIMB1542_01477	-5
HIMB1542-00000000002	580697	581743	+	HIMB1542_01473	HIMB1542	348	OG0000374	NA	NA	COG3705	HisZ	ATP phosphoribosyltransferase regulatory subunit HisZ	HIMB1542_01477	-4
HIMB1542-00000000002	581740	582582	+	HIMB1542_01474	HIMB1542	280	OG0000077	NA	NA	NA	NA	NA	HIMB1542_01477	-3
HIMB1542-00000000002	582587	583267	+	HIMB1542_01475	HIMB1542	226	OG0000403	NA	NA	COG0040	HisG	ATP phosphoribosyltransferase	HIMB1542_01477	-2
HIMB1542-00000000002	583250	583381	-	HIMB1542_01476	HIMB1542	43	OG0001245	NA	NA	NA	NA	NA	HIMB1542_01477	-1
HIMB1542-00000000002	583413	584510	+	HIMB1542_01477	HIMB1542	365	OG0001004	NA	NA	COG1322	RmuC	DNA anti-recombination protein (rearrangement mutator) RmuC	HIMB1542_01477	0
HIMB1542-00000000002	584548	585234	+	HIMB1542_01478	HIMB1542	228	OG0001010	NA	NA	NA	NA	NA	HIMB1542_01477	1
HIMB1542-00000000002	585250	586686	+	HIMB1542_01479	HIMB1542	478	OG0000183	NA	NA	COG2925	SbcB	Exonuclease I (degrades ssDNA)	HIMB1542_01477	2
HIMB1542-00000000002	586721	587038	+	HIMB1542_01480	HIMB1542	105	OG0000169	NA	NA	COG3118	CnoX	Chaperedoxin CnoX, contains thioredoxin-like and TPR-like domains, YbbN/TrxSC family	HIMB1542_01477	3
HIMB1542-00000000002	587035	588300	-	HIMB1542_01481	HIMB1542	421	OG0000181	NA	NA	COG0285	FolC	Folylpolyglutamate synthase/Dihydropteroate synthase	HIMB1542_01477	4
HIMB1542-00000000002	588254	589183	-	HIMB1542_01482	HIMB1542	309	OG0000239	K01963	acetyl-CoA carboxylase carboxyl transferase subunit beta [EC:6.4.1.2 2.1.3.15]	COG0777	AccD	Acetyl-CoA carboxylase beta subunit	HIMB1542_01477	5
HIMB1549-00000000001	1207338	1208624	+	HIMB1549_01291	HIMB1549	428	OG0000814	K00013	histidinol dehydrogenase [EC:1.1.1.23]	COG0141	HisD	Histidinol dehydrogenase	HIMB1549_01297	-5
HIMB1549-00000000001	1209002	1209214	+	HIMB1549_01293	HIMB1549	70	OG0000914	K03704	cold shock protein	COG1278	CspC	Cold shock protein, CspA family	HIMB1549_01297	-4
HIMB1549-00000000001	1209564	1210958	+	HIMB1549_01294	HIMB1549	464	OG0000812	K01892	histidyl-tRNA synthetase [EC:6.1.1.21]	COG0124	HisS	Histidyl-tRNA synthetase	HIMB1549_01297	-3
HIMB1549-00000000001	1210936	1211982	+	HIMB1549_01295	HIMB1549	348	OG0000374	NA	NA	COG3705	HisZ	ATP phosphoribosyltransferase regulatory subunit HisZ	HIMB1549_01297	-2
HIMB1549-00000000001	1211979	1212671	+	HIMB1549_01296	HIMB1549	230	OG0000403	NA	NA	COG0040	HisG	ATP phosphoribosyltransferase	HIMB1549_01297	-1
HIMB1549-00000000001	1212710	1213807	+	HIMB1549_01297	HIMB1549	365	OG0001004	NA	NA	COG1322	RmuC	DNA anti-recombination protein (rearrangement mutator) RmuC	HIMB1549_01297	0
HIMB1549-00000000001	1213845	1214531	+	HIMB1549_01298	HIMB1549	228	OG0001010	NA	NA	NA	NA	NA	HIMB1549_01297	1
HIMB1549-00000000001	1214528	1215973	+	HIMB1549_01299	HIMB1549	481	OG0000183	NA	NA	COG2925	SbcB	Exonuclease I (degrades ssDNA)	HIMB1549_01297	2
HIMB1549-00000000001	1216040	1216357	+	HIMB1549_01300	HIMB1549	105	OG0000169	NA	NA	COG3118	CnoX	Chaperedoxin CnoX, contains thioredoxin-like and TPR-like domains, YbbN/TrxSC family	HIMB1549_01297	3
HIMB1549-00000000001	1216354	1217622	-	HIMB1549_01301	HIMB1549	422	OG0000181	NA	NA	COG0285	FolC	Folylpolyglutamate synthase/Dihydropteroate synthase	HIMB1549_01297	4
HIMB1549-00000000001	1217576	1218505	-	HIMB1549_01302	HIMB1549	309	OG0000239	K01963	acetyl-CoA carboxylase carboxyl transferase subunit beta [EC:6.4.1.2 2.1.3.15]	COG0777	AccD	Acetyl-CoA carboxylase beta subunit	HIMB1549_01297	5
HIMB1552-00000000001	919046	919975	+	HIMB1552_00987	HIMB1552	309	OG0000239	K01963	acetyl-CoA carboxylase carboxyl transferase subunit beta [EC:6.4.1.2 2.1.3.15]	COG0777	AccD	Acetyl-CoA carboxylase beta subunit	HIMB1552_00992	-5
HIMB1552-00000000001	919929	921194	+	HIMB1552_00988	HIMB1552	421	OG0000181	NA	NA	COG0285	FolC	Folylpolyglutamate synthase/Dihydropteroate synthase	HIMB1552_00992	-4
HIMB1552-00000000001	921191	921508	-	HIMB1552_00989	HIMB1552	105	OG0000169	NA	NA	COG3118	CnoX	Chaperedoxin CnoX, contains thioredoxin-like and TPR-like domains, YbbN/TrxSC family	HIMB1552_00992	-3
HIMB1552-00000000001	921543	922979	-	HIMB1552_00990	HIMB1552	478	OG0000183	NA	NA	COG2925	SbcB	Exonuclease I (degrades ssDNA)	HIMB1552_00992	-2
HIMB1552-00000000001	922995	923681	-	HIMB1552_00991	HIMB1552	228	OG0001010	NA	NA	COG1074	RecB	3'-5' helicase subunit RecB of the DNA repair enzyme RecBCD (exonuclease V)	HIMB1552_00992	-1
HIMB1552-00000000001	923719	924816	-	HIMB1552_00992	HIMB1552	365	OG0001004	NA	NA	COG1322	RmuC	DNA anti-recombination protein (rearrangement mutator) RmuC	HIMB1552_00992	0
HIMB1552-00000000001	924848	924979	+	HIMB1552_00993	HIMB1552	43	OG0001245	NA	NA	NA	NA	NA	HIMB1552_00992	1
HIMB1552-00000000001	924962	925654	-	HIMB1552_00994	HIMB1552	230	OG0000403	NA	NA	COG0040	HisG	ATP phosphoribosyltransferase	HIMB1552_00992	2
HIMB1552-00000000001	925654	926706	-	HIMB1552_00995	HIMB1552	350	OG0000374	NA	NA	COG3705	HisZ	ATP phosphoribosyltransferase regulatory subunit HisZ	HIMB1552_00992	3
HIMB1552-00000000001	926684	928078	-	HIMB1552_00996	HIMB1552	464	OG0000812	K01892	histidyl-tRNA synthetase [EC:6.1.1.21]	COG0124	HisS	Histidyl-tRNA synthetase	HIMB1552_00992	4
HIMB1552-00000000001	928221	928346	+	HIMB1552_00997	HIMB1552	41	OG0001899	NA	NA	NA	NA	NA	HIMB1552_00992	5
HIMB1556-00000000001	500724	500843	-	HIMB1556_00516	HIMB1556	39	OG0001899	NA	NA	NA	NA	NA	HIMB1556_00521	-5
HIMB1556-00000000001	500992	502386	+	HIMB1556_00517	HIMB1556	464	OG0000812	K01892	histidyl-tRNA synthetase [EC:6.1.1.21]	COG0124	HisS	Histidyl-tRNA synthetase	HIMB1556_00521	-4
HIMB1556-00000000001	502364	503416	+	HIMB1556_00518	HIMB1556	350	OG0000374	NA	NA	COG3705	HisZ	ATP phosphoribosyltransferase regulatory subunit HisZ	HIMB1556_00521	-3
HIMB1556-00000000001	503416	504108	+	HIMB1556_00519	HIMB1556	230	OG0000403	NA	NA	COG0040	HisG	ATP phosphoribosyltransferase	HIMB1556_00521	-2
HIMB1556-00000000001	504091	504222	-	HIMB1556_00520	HIMB1556	43	OG0001245	NA	NA	NA	NA	NA	HIMB1556_00521	-1
HIMB1556-00000000001	504254	505351	+	HIMB1556_00521	HIMB1556	365	OG0001004	NA	NA	COG1322	RmuC	DNA anti-recombination protein (rearrangement mutator) RmuC	HIMB1556_00521	0
HIMB1556-00000000001	505389	506075	+	HIMB1556_00522	HIMB1556	228	OG0001010	NA	NA	COG1074	RecB	3'-5' helicase subunit RecB of the DNA repair enzyme RecBCD (exonuclease V)	HIMB1556_00521	1
HIMB1556-00000000001	506091	507527	+	HIMB1556_00523	HIMB1556	478	OG0000183	NA	NA	COG2925	SbcB	Exonuclease I (degrades ssDNA)	HIMB1556_00521	2
HIMB1556-00000000001	507562	507879	+	HIMB1556_00524	HIMB1556	105	OG0000169	NA	NA	COG3118	CnoX	Chaperedoxin CnoX, contains thioredoxin-like and TPR-like domains, YbbN/TrxSC family	HIMB1556_00521	3
HIMB1556-00000000001	507876	509141	-	HIMB1556_00525	HIMB1556	421	OG0000181	NA	NA	COG0285	FolC	Folylpolyglutamate synthase/Dihydropteroate synthase	HIMB1556_00521	4
HIMB1556-00000000001	509095	510024	-	HIMB1556_00526	HIMB1556	309	OG0000239	K01963	acetyl-CoA carboxylase carboxyl transferase subunit beta [EC:6.4.1.2 2.1.3.15]	COG0777	AccD	Acetyl-CoA carboxylase beta subunit	HIMB1556_00521	5
HIMB1564-00000000001	65558	65773	+	HIMB1564_00068	HIMB1564	71	OG0000914	K03704	cold shock protein	COG1278	CspC	Cold shock protein, CspA family	HIMB1564_00073	-5
HIMB1564-00000000001	66081	67475	+	HIMB1564_00069	HIMB1564	464	OG0000812	K01892	histidyl-tRNA synthetase [EC:6.1.1.21]	COG0124	HisS	Histidyl-tRNA synthetase	HIMB1564_00073	-4
HIMB1564-00000000001	67453	68499	+	HIMB1564_00070	HIMB1564	348	OG0000374	NA	NA	COG3705	HisZ	ATP phosphoribosyltransferase regulatory subunit HisZ	HIMB1564_00073	-3
HIMB1564-00000000001	68496	69185	+	HIMB1564_00071	HIMB1564	229	OG0000403	NA	NA	COG0040	HisG	ATP phosphoribosyltransferase	HIMB1564_00073	-2
HIMB1564-00000000001	69168	69299	-	HIMB1564_00072	HIMB1564	43	OG0001245	NA	NA	NA	NA	NA	HIMB1564_00073	-1
HIMB1564-00000000001	69375	70472	+	HIMB1564_00073	HIMB1564	365	OG0001004	NA	NA	COG1322	RmuC	DNA anti-recombination protein (rearrangement mutator) RmuC	HIMB1564_00073	0
HIMB1564-00000000001	70510	71196	+	HIMB1564_00074	HIMB1564	228	OG0001010	NA	NA	NA	NA	NA	HIMB1564_00073	1
HIMB1564-00000000001	71193	72641	+	HIMB1564_00075	HIMB1564	482	OG0000183	NA	NA	COG2925	SbcB	Exonuclease I (degrades ssDNA)	HIMB1564_00073	2
HIMB1564-00000000001	72707	73024	+	HIMB1564_00076	HIMB1564	105	OG0000169	NA	NA	COG3118	CnoX	Chaperedoxin CnoX, contains thioredoxin-like and TPR-like domains, YbbN/TrxSC family	HIMB1564_00073	3
HIMB1564-00000000001	73021	74286	-	HIMB1564_00077	HIMB1564	421	OG0000181	NA	NA	COG0285	FolC	Folylpolyglutamate synthase/Dihydropteroate synthase	HIMB1564_00073	4
HIMB1564-00000000001	74240	75169	-	HIMB1564_00078	HIMB1564	309	OG0000239	K01963	acetyl-CoA carboxylase carboxyl transferase subunit beta [EC:6.4.1.2 2.1.3.15]	COG0777	AccD	Acetyl-CoA carboxylase beta subunit	HIMB1564_00073	5
HIMB1577-00000000001	528839	529768	+	HIMB1577_00566	HIMB1577	309	OG0000239	K01963	acetyl-CoA carboxylase carboxyl transferase subunit beta [EC:6.4.1.2 2.1.3.15]	COG0777	AccD	Acetyl-CoA carboxylase beta subunit	HIMB1577_00571	-5
HIMB1577-00000000001	529722	530987	+	HIMB1577_00567	HIMB1577	421	OG0000181	NA	NA	COG0285	FolC	Folylpolyglutamate synthase/Dihydropteroate synthase	HIMB1577_00571	-4
HIMB1577-00000000001	530984	531301	-	HIMB1577_00568	HIMB1577	105	OG0000169	NA	NA	COG3118	CnoX	Chaperedoxin CnoX, contains thioredoxin-like and TPR-like domains, YbbN/TrxSC family	HIMB1577_00571	-3
HIMB1577-00000000001	531336	532772	-	HIMB1577_00569	HIMB1577	478	OG0000183	NA	NA	COG2925	SbcB	Exonuclease I (degrades ssDNA)	HIMB1577_00571	-2
HIMB1577-00000000001	532788	533474	-	HIMB1577_00570	HIMB1577	228	OG0001010	NA	NA	COG1074	RecB	3'-5' helicase subunit RecB of the DNA repair enzyme RecBCD (exonuclease V)	HIMB1577_00571	-1
HIMB1577-00000000001	533512	534609	-	HIMB1577_00571	HIMB1577	365	OG0001004	NA	NA	COG1322	RmuC	DNA anti-recombination protein (rearrangement mutator) RmuC	HIMB1577_00571	0
HIMB1577-00000000001	534641	534772	+	HIMB1577_00572	HIMB1577	43	OG0001245	NA	NA	NA	NA	NA	HIMB1577_00571	1
HIMB1577-00000000001	534755	535447	-	HIMB1577_00573	HIMB1577	230	OG0000403	NA	NA	COG0040	HisG	ATP phosphoribosyltransferase	HIMB1577_00571	2
HIMB1577-00000000001	535447	536499	-	HIMB1577_00574	HIMB1577	350	OG0000374	NA	NA	COG3705	HisZ	ATP phosphoribosyltransferase regulatory subunit HisZ	HIMB1577_00571	3
HIMB1577-00000000001	536477	537871	-	HIMB1577_00575	HIMB1577	464	OG0000812	K01892	histidyl-tRNA synthetase [EC:6.1.1.21]	COG0124	HisS	Histidyl-tRNA synthetase	HIMB1577_00571	4
HIMB1577-00000000001	538014	538139	+	HIMB1577_00576	HIMB1577	41	OG0001899	NA	NA	NA	NA	NA	HIMB1577_00571	5
HIMB1593-00000000001	70400	71329	+	HIMB1593_00071	HIMB1593	309	OG0000239	K01963	acetyl-CoA carboxylase carboxyl transferase subunit beta [EC:6.4.1.2 2.1.3.15]	COG0777	AccD	Acetyl-CoA carboxylase beta subunit	HIMB1593_00076	-5
HIMB1593-00000000001	71283	72548	+	HIMB1593_00072	HIMB1593	421	OG0000181	NA	NA	COG0285	FolC	Folylpolyglutamate synthase/Dihydropteroate synthase	HIMB1593_00076	-4
HIMB1593-00000000001	72545	72862	-	HIMB1593_00073	HIMB1593	105	OG0000169	NA	NA	COG3118	CnoX	Chaperedoxin CnoX, contains thioredoxin-like and TPR-like domains, YbbN/TrxSC family	HIMB1593_00076	-3
HIMB1593-00000000001	72897	74333	-	HIMB1593_00074	HIMB1593	478	OG0000183	NA	NA	COG2925	SbcB	Exonuclease I (degrades ssDNA)	HIMB1593_00076	-2
HIMB1593-00000000001	74349	75035	-	HIMB1593_00075	HIMB1593	228	OG0001010	NA	NA	COG1074	RecB	3'-5' helicase subunit RecB of the DNA repair enzyme RecBCD (exonuclease V)	HIMB1593_00076	-1
HIMB1593-00000000001	75073	76170	-	HIMB1593_00076	HIMB1593	365	OG0001004	NA	NA	COG1322	RmuC	DNA anti-recombination protein (rearrangement mutator) RmuC	HIMB1593_00076	0
HIMB1593-00000000001	76213	76422	-	HIMB1593_00077	HIMB1593	69	OG0003002	NA	NA	NA	NA	NA	HIMB1593_00076	1
HIMB1593-00000000001	76422	76727	-	HIMB1593_00078	HIMB1593	101	OG0002883	NA	NA	NA	NA	NA	HIMB1593_00076	2
HIMB1593-00000000001	76705	77073	-	HIMB1593_00079	HIMB1593	122	OG0002573	K07458	DNA mismatch endonuclease, patch repair protein [EC:3.1.-.-]	COG3727	Vsr	G:T-mismatch repair DNA endonuclease Vsr, very short patch repair protein	HIMB1593_00076	3
HIMB1593-00000000001	77073	77540	-	HIMB1593_00080	HIMB1593	155	OG0003842	NA	NA	NA	NA	NA	HIMB1593_00076	4
HIMB1593-00000000001	77537	78328	-	HIMB1593_00081	HIMB1593	263	OG0002797	NA	NA	NA	NA	NA	HIMB1593_00076	5
HIMB1602-00000000038	2251	3180	+	HIMB1602_00502	HIMB1602	309	OG0000239	K01963	acetyl-CoA carboxylase carboxyl transferase subunit beta [EC:6.4.1.2 2.1.3.15]	COG0777	AccD	Acetyl-CoA carboxylase beta subunit	HIMB1602_00507	-5
HIMB1602-00000000038	3134	4399	+	HIMB1602_00503	HIMB1602	421	OG0000181	NA	NA	COG0285	FolC	Folylpolyglutamate synthase/Dihydropteroate synthase	HIMB1602_00507	-4
HIMB1602-00000000038	4396	4713	-	HIMB1602_00504	HIMB1602	105	OG0000169	NA	NA	COG3118	CnoX	Chaperedoxin CnoX, contains thioredoxin-like and TPR-like domains, YbbN/TrxSC family	HIMB1602_00507	-3
HIMB1602-00000000038	4748	6184	-	HIMB1602_00505	HIMB1602	478	OG0000183	NA	NA	COG2925	SbcB	Exonuclease I (degrades ssDNA)	HIMB1602_00507	-2
HIMB1602-00000000038	6200	6886	-	HIMB1602_00506	HIMB1602	228	OG0001010	NA	NA	COG1074	RecB	3'-5' helicase subunit RecB of the DNA repair enzyme RecBCD (exonuclease V)	HIMB1602_00507	-1
HIMB1602-00000000038	6924	8021	-	HIMB1602_00507	HIMB1602	365	OG0001004	NA	NA	COG1322	RmuC	DNA anti-recombination protein (rearrangement mutator) RmuC	HIMB1602_00507	0
HIMB1611-00000000001	1375991	1376098	-	HIMB1611_01484	HIMB1611	35	OG0001899	NA	NA	NA	NA	NA	HIMB1611_01489	-5
HIMB1611-00000000001	1376241	1377635	+	HIMB1611_01485	HIMB1611	464	OG0000812	K01892	histidyl-tRNA synthetase [EC:6.1.1.21]	COG0124	HisS	Histidyl-tRNA synthetase	HIMB1611_01489	-4
HIMB1611-00000000001	1377613	1378665	+	HIMB1611_01486	HIMB1611	350	OG0000374	NA	NA	COG3705	HisZ	ATP phosphoribosyltransferase regulatory subunit HisZ	HIMB1611_01489	-3
HIMB1611-00000000001	1378665	1379357	+	HIMB1611_01487	HIMB1611	230	OG0000403	NA	NA	COG0040	HisG	ATP phosphoribosyltransferase	HIMB1611_01489	-2
HIMB1611-00000000001	1379340	1379471	-	HIMB1611_01488	HIMB1611	43	OG0001245	NA	NA	NA	NA	NA	HIMB1611_01489	-1
HIMB1611-00000000001	1379503	1380600	+	HIMB1611_01489	HIMB1611	365	OG0001004	NA	NA	COG1322	RmuC	DNA anti-recombination protein (rearrangement mutator) RmuC	HIMB1611_01489	0
HIMB1611-00000000001	1380638	1381324	+	HIMB1611_01490	HIMB1611	228	OG0001010	NA	NA	COG1074	RecB	3'-5' helicase subunit RecB of the DNA repair enzyme RecBCD (exonuclease V)	HIMB1611_01489	1
HIMB1611-00000000001	1381338	1382774	+	HIMB1611_01491	HIMB1611	478	OG0000183	NA	NA	COG2925	SbcB	Exonuclease I (degrades ssDNA)	HIMB1611_01489	2
HIMB1611-00000000001	1382809	1383126	+	HIMB1611_01492	HIMB1611	105	OG0000169	NA	NA	COG3118	CnoX	Chaperedoxin CnoX, contains thioredoxin-like and TPR-like domains, YbbN/TrxSC family	HIMB1611_01489	3
HIMB1611-00000000001	1383123	1384388	-	HIMB1611_01493	HIMB1611	421	OG0000181	NA	NA	COG0285	FolC	Folylpolyglutamate synthase/Dihydropteroate synthase	HIMB1611_01489	4
HIMB1611-00000000001	1384342	1385271	-	HIMB1611_01494	HIMB1611	309	OG0000239	K01963	acetyl-CoA carboxylase carboxyl transferase subunit beta [EC:6.4.1.2 2.1.3.15]	COG0777	AccD	Acetyl-CoA carboxylase beta subunit	HIMB1611_01489	5
HIMB1623-00000000013	56787	57716	+	HIMB1623_00982	HIMB1623	309	OG0000239	K01963	acetyl-CoA carboxylase carboxyl transferase subunit beta [EC:6.4.1.2 2.1.3.15]	COG0777	AccD	Acetyl-CoA carboxylase beta subunit	HIMB1623_00987	-5
HIMB1623-00000000013	57670	58938	+	HIMB1623_00983	HIMB1623	422	OG0000181	NA	NA	COG0285	FolC	Folylpolyglutamate synthase/Dihydropteroate synthase	HIMB1623_00987	-4
HIMB1623-00000000013	58935	59252	-	HIMB1623_00984	HIMB1623	105	OG0000169	NA	NA	COG3118	CnoX	Chaperedoxin CnoX, contains thioredoxin-like and TPR-like domains, YbbN/TrxSC family	HIMB1623_00987	-3
HIMB1623-00000000013	59319	60764	-	HIMB1623_00985	HIMB1623	481	OG0000183	NA	NA	COG2925	SbcB	Exonuclease I (degrades ssDNA)	HIMB1623_00987	-2
HIMB1623-00000000013	60761	61447	-	HIMB1623_00986	HIMB1623	228	OG0001010	NA	NA	NA	NA	NA	HIMB1623_00987	-1
HIMB1623-00000000013	61485	62582	-	HIMB1623_00987	HIMB1623	365	OG0001004	NA	NA	COG1322	RmuC	DNA anti-recombination protein (rearrangement mutator) RmuC	HIMB1623_00987	0
HIMB1623-00000000013	62614	62745	+	HIMB1623_00988	HIMB1623	43	OG0001245	NA	NA	NA	NA	NA	HIMB1623_00987	1
HIMB1623-00000000013	62728	63420	-	HIMB1623_00989	HIMB1623	230	OG0000403	NA	NA	COG0040	HisG	ATP phosphoribosyltransferase	HIMB1623_00987	2
HIMB1623-00000000013	63420	64472	-	HIMB1623_00990	HIMB1623	350	OG0000374	NA	NA	COG3705	HisZ	ATP phosphoribosyltransferase regulatory subunit HisZ	HIMB1623_00987	3
HIMB1623-00000000013	64450	65844	-	HIMB1623_00991	HIMB1623	464	OG0000812	K01892	histidyl-tRNA synthetase [EC:6.1.1.21]	COG0124	HisS	Histidyl-tRNA synthetase	HIMB1623_00987	4
HIMB1623-00000000013	66158	66370	-	HIMB1623_00992	HIMB1623	70	OG0000914	K03704	cold shock protein	COG1278	CspC	Cold shock protein, CspA family	HIMB1623_00987	5
HIMB1631-00000000001	858601	859530	+	HIMB1631_00934	HIMB1631	309	OG0000239	K01963	acetyl-CoA carboxylase carboxyl transferase subunit beta [EC:6.4.1.2 2.1.3.15]	COG0777	AccD	Acetyl-CoA carboxylase beta subunit	HIMB1631_00939	-5
HIMB1631-00000000001	859484	860749	+	HIMB1631_00935	HIMB1631	421	OG0000181	NA	NA	COG0285	FolC	Folylpolyglutamate synthase/Dihydropteroate synthase	HIMB1631_00939	-4
HIMB1631-00000000001	860746	861063	-	HIMB1631_00936	HIMB1631	105	OG0000169	NA	NA	COG3118	CnoX	Chaperedoxin CnoX, contains thioredoxin-like and TPR-like domains, YbbN/TrxSC family	HIMB1631_00939	-3
HIMB1631-00000000001	861098	862534	-	HIMB1631_00937	HIMB1631	478	OG0000183	NA	NA	COG2925	SbcB	Exonuclease I (degrades ssDNA)	HIMB1631_00939	-2
HIMB1631-00000000001	862550	863236	-	HIMB1631_00938	HIMB1631	228	OG0001010	NA	NA	COG1074	RecB	3'-5' helicase subunit RecB of the DNA repair enzyme RecBCD (exonuclease V)	HIMB1631_00939	-1
HIMB1631-00000000001	863274	864371	-	HIMB1631_00939	HIMB1631	365	OG0001004	NA	NA	COG1322	RmuC	DNA anti-recombination protein (rearrangement mutator) RmuC	HIMB1631_00939	0
HIMB1631-00000000001	864403	864534	+	HIMB1631_00940	HIMB1631	43	OG0001245	NA	NA	NA	NA	NA	HIMB1631_00939	1
HIMB1631-00000000001	864517	865209	-	HIMB1631_00941	HIMB1631	230	OG0000403	NA	NA	COG0040	HisG	ATP phosphoribosyltransferase	HIMB1631_00939	2
HIMB1631-00000000001	865209	866261	-	HIMB1631_00942	HIMB1631	350	OG0000374	NA	NA	COG3705	HisZ	ATP phosphoribosyltransferase regulatory subunit HisZ	HIMB1631_00939	3
HIMB1631-00000000001	866239	867633	-	HIMB1631_00943	HIMB1631	464	OG0000812	K01892	histidyl-tRNA synthetase [EC:6.1.1.21]	COG0124	HisS	Histidyl-tRNA synthetase	HIMB1631_00939	4
HIMB1631-00000000001	867776	867901	+	HIMB1631_00944	HIMB1631	41	OG0001899	NA	NA	NA	NA	NA	HIMB1631_00939	5
HIMB1636-00000000001	1346078	1346203	-	HIMB1636_01413	HIMB1636	41	OG0001899	NA	NA	NA	NA	NA	HIMB1636_01418	-5
HIMB1636-00000000001	1346346	1347740	+	HIMB1636_01414	HIMB1636	464	OG0000812	K01892	histidyl-tRNA synthetase [EC:6.1.1.21]	COG0124	HisS	Histidyl-tRNA synthetase	HIMB1636_01418	-4
HIMB1636-00000000001	1347718	1348770	+	HIMB1636_01415	HIMB1636	350	OG0000374	NA	NA	COG3705	HisZ	ATP phosphoribosyltransferase regulatory subunit HisZ	HIMB1636_01418	-3
HIMB1636-00000000001	1348770	1349462	+	HIMB1636_01416	HIMB1636	230	OG0000403	NA	NA	COG0040	HisG	ATP phosphoribosyltransferase	HIMB1636_01418	-2
HIMB1636-00000000001	1349445	1349576	-	HIMB1636_01417	HIMB1636	43	OG0001245	NA	NA	NA	NA	NA	HIMB1636_01418	-1
HIMB1636-00000000001	1349608	1350705	+	HIMB1636_01418	HIMB1636	365	OG0001004	NA	NA	COG1322	RmuC	DNA anti-recombination protein (rearrangement mutator) RmuC	HIMB1636_01418	0
HIMB1636-00000000001	1350743	1351429	+	HIMB1636_01419	HIMB1636	228	OG0001010	NA	NA	COG1074	RecB	3'-5' helicase subunit RecB of the DNA repair enzyme RecBCD (exonuclease V)	HIMB1636_01418	1
HIMB1636-00000000001	1351445	1352881	+	HIMB1636_01420	HIMB1636	478	OG0000183	NA	NA	COG2925	SbcB	Exonuclease I (degrades ssDNA)	HIMB1636_01418	2
HIMB1636-00000000001	1352916	1353233	+	HIMB1636_01421	HIMB1636	105	OG0000169	NA	NA	COG3118	CnoX	Chaperedoxin CnoX, contains thioredoxin-like and TPR-like domains, YbbN/TrxSC family	HIMB1636_01418	3
HIMB1636-00000000001	1353230	1354495	-	HIMB1636_01422	HIMB1636	421	OG0000181	NA	NA	COG0285	FolC	Folylpolyglutamate synthase/Dihydropteroate synthase	HIMB1636_01418	4
HIMB1636-00000000001	1354449	1355378	-	HIMB1636_01423	HIMB1636	309	OG0000239	K01963	acetyl-CoA carboxylase carboxyl transferase subunit beta [EC:6.4.1.2 2.1.3.15]	COG0777	AccD	Acetyl-CoA carboxylase beta subunit	HIMB1636_01418	5
HIMB1641-00000000001	500795	500920	-	HIMB1641_00517	HIMB1641	41	OG0001899	NA	NA	NA	NA	NA	HIMB1641_00522	-5
HIMB1641-00000000001	501063	502457	+	HIMB1641_00518	HIMB1641	464	OG0000812	K01892	histidyl-tRNA synthetase [EC:6.1.1.21]	COG0124	HisS	Histidyl-tRNA synthetase	HIMB1641_00522	-4
HIMB1641-00000000001	502435	503487	+	HIMB1641_00519	HIMB1641	350	OG0000374	NA	NA	COG3705	HisZ	ATP phosphoribosyltransferase regulatory subunit HisZ	HIMB1641_00522	-3
HIMB1641-00000000001	503487	504179	+	HIMB1641_00520	HIMB1641	230	OG0000403	NA	NA	COG0040	HisG	ATP phosphoribosyltransferase	HIMB1641_00522	-2
HIMB1641-00000000001	504162	504293	-	HIMB1641_00521	HIMB1641	43	OG0001245	NA	NA	NA	NA	NA	HIMB1641_00522	-1
HIMB1641-00000000001	504325	505422	+	HIMB1641_00522	HIMB1641	365	OG0001004	NA	NA	COG1322	RmuC	DNA anti-recombination protein (rearrangement mutator) RmuC	HIMB1641_00522	0
HIMB1641-00000000001	505460	506146	+	HIMB1641_00523	HIMB1641	228	OG0001010	NA	NA	COG1074	RecB	3'-5' helicase subunit RecB of the DNA repair enzyme RecBCD (exonuclease V)	HIMB1641_00522	1
HIMB1641-00000000001	506162	507598	+	HIMB1641_00524	HIMB1641	478	OG0000183	NA	NA	COG2925	SbcB	Exonuclease I (degrades ssDNA)	HIMB1641_00522	2
HIMB1641-00000000001	507633	507950	+	HIMB1641_00525	HIMB1641	105	OG0000169	NA	NA	COG3118	CnoX	Chaperedoxin CnoX, contains thioredoxin-like and TPR-like domains, YbbN/TrxSC family	HIMB1641_00522	3
HIMB1641-00000000001	507947	509212	-	HIMB1641_00526	HIMB1641	421	OG0000181	NA	NA	COG0285	FolC	Folylpolyglutamate synthase/Dihydropteroate synthase	HIMB1641_00522	4
HIMB1641-00000000001	509166	510095	-	HIMB1641_00527	HIMB1641	309	OG0000239	K01963	acetyl-CoA carboxylase carboxyl transferase subunit beta [EC:6.4.1.2 2.1.3.15]	COG0777	AccD	Acetyl-CoA carboxylase beta subunit	HIMB1641_00522	5
HIMB1662-00000000001	509594	509701	-	HIMB1662_00525	HIMB1662	35	OG0001899	NA	NA	NA	NA	NA	HIMB1662_00530	-5
HIMB1662-00000000001	509844	511238	+	HIMB1662_00526	HIMB1662	464	OG0000812	K01892	histidyl-tRNA synthetase [EC:6.1.1.21]	COG0124	HisS	Histidyl-tRNA synthetase	HIMB1662_00530	-4
HIMB1662-00000000001	511216	512268	+	HIMB1662_00527	HIMB1662	350	OG0000374	NA	NA	COG3705	HisZ	ATP phosphoribosyltransferase regulatory subunit HisZ	HIMB1662_00530	-3
HIMB1662-00000000001	512268	512960	+	HIMB1662_00528	HIMB1662	230	OG0000403	NA	NA	COG0040	HisG	ATP phosphoribosyltransferase	HIMB1662_00530	-2
HIMB1662-00000000001	512943	513074	-	HIMB1662_00529	HIMB1662	43	OG0001245	NA	NA	NA	NA	NA	HIMB1662_00530	-1
HIMB1662-00000000001	513106	514203	+	HIMB1662_00530	HIMB1662	365	OG0001004	NA	NA	COG1322	RmuC	DNA anti-recombination protein (rearrangement mutator) RmuC	HIMB1662_00530	0
HIMB1662-00000000001	514241	514927	+	HIMB1662_00531	HIMB1662	228	OG0001010	NA	NA	COG1074	RecB	3'-5' helicase subunit RecB of the DNA repair enzyme RecBCD (exonuclease V)	HIMB1662_00530	1
HIMB1662-00000000001	514941	516377	+	HIMB1662_00532	HIMB1662	478	OG0000183	NA	NA	COG2925	SbcB	Exonuclease I (degrades ssDNA)	HIMB1662_00530	2
HIMB1662-00000000001	516412	516729	+	HIMB1662_00533	HIMB1662	105	OG0000169	NA	NA	COG3118	CnoX	Chaperedoxin CnoX, contains thioredoxin-like and TPR-like domains, YbbN/TrxSC family	HIMB1662_00530	3
HIMB1662-00000000001	516726	517991	-	HIMB1662_00534	HIMB1662	421	OG0000181	NA	NA	COG0285	FolC	Folylpolyglutamate synthase/Dihydropteroate synthase	HIMB1662_00530	4
HIMB1662-00000000001	517945	518874	-	HIMB1662_00535	HIMB1662	309	OG0000239	K01963	acetyl-CoA carboxylase carboxyl transferase subunit beta [EC:6.4.1.2 2.1.3.15]	COG0777	AccD	Acetyl-CoA carboxylase beta subunit	HIMB1662_00530	5
HIMB1685-00000000001	1067805	1067912	-	HIMB1685_01164	HIMB1685	35	OG0001899	NA	NA	NA	NA	NA	HIMB1685_01169	-5
HIMB1685-00000000001	1068055	1069449	+	HIMB1685_01165	HIMB1685	464	OG0000812	K01892	histidyl-tRNA synthetase [EC:6.1.1.21]	COG0124	HisS	Histidyl-tRNA synthetase	HIMB1685_01169	-4
HIMB1685-00000000001	1069427	1070479	+	HIMB1685_01166	HIMB1685	350	OG0000374	NA	NA	COG3705	HisZ	ATP phosphoribosyltransferase regulatory subunit HisZ	HIMB1685_01169	-3
HIMB1685-00000000001	1070479	1071171	+	HIMB1685_01167	HIMB1685	230	OG0000403	NA	NA	COG0040	HisG	ATP phosphoribosyltransferase	HIMB1685_01169	-2
HIMB1685-00000000001	1071154	1071285	-	HIMB1685_01168	HIMB1685	43	OG0001245	NA	NA	NA	NA	NA	HIMB1685_01169	-1
HIMB1685-00000000001	1071317	1072414	+	HIMB1685_01169	HIMB1685	365	OG0001004	NA	NA	COG1322	RmuC	DNA anti-recombination protein (rearrangement mutator) RmuC	HIMB1685_01169	0
HIMB1685-00000000001	1072452	1073138	+	HIMB1685_01170	HIMB1685	228	OG0001010	NA	NA	COG1074	RecB	3'-5' helicase subunit RecB of the DNA repair enzyme RecBCD (exonuclease V)	HIMB1685_01169	1
HIMB1685-00000000001	1073152	1074588	+	HIMB1685_01171	HIMB1685	478	OG0000183	NA	NA	COG2925	SbcB	Exonuclease I (degrades ssDNA)	HIMB1685_01169	2
HIMB1685-00000000001	1074623	1074940	+	HIMB1685_01172	HIMB1685	105	OG0000169	NA	NA	COG3118	CnoX	Chaperedoxin CnoX, contains thioredoxin-like and TPR-like domains, YbbN/TrxSC family	HIMB1685_01169	3
HIMB1685-00000000001	1074937	1076202	-	HIMB1685_01173	HIMB1685	421	OG0000181	NA	NA	COG0285	FolC	Folylpolyglutamate synthase/Dihydropteroate synthase	HIMB1685_01169	4
HIMB1685-00000000001	1076156	1077085	-	HIMB1685_01174	HIMB1685	309	OG0000239	K01963	acetyl-CoA carboxylase carboxyl transferase subunit beta [EC:6.4.1.2 2.1.3.15]	COG0777	AccD	Acetyl-CoA carboxylase beta subunit	HIMB1685_01169	5
HIMB1695-00000000001	1130651	1132045	+	HIMB1695_01230	HIMB1695	464	OG0000812	K01892	histidyl-tRNA synthetase [EC:6.1.1.21]	COG0124	HisS	Histidyl-tRNA synthetase	HIMB1695_01235	-5
HIMB1695-00000000001	1132023	1133069	+	HIMB1695_01231	HIMB1695	348	OG0000374	NA	NA	COG3705	HisZ	ATP phosphoribosyltransferase regulatory subunit HisZ	HIMB1695_01235	-4
HIMB1695-00000000001	1133066	1133908	+	HIMB1695_01232	HIMB1695	280	OG0000077	NA	NA	NA	NA	NA	HIMB1695_01235	-3
HIMB1695-00000000001	1133898	1134593	+	HIMB1695_01233	HIMB1695	231	OG0000403	NA	NA	COG0040	HisG	ATP phosphoribosyltransferase	HIMB1695_01235	-2
HIMB1695-00000000001	1134576	1134707	-	HIMB1695_01234	HIMB1695	43	OG0001245	NA	NA	NA	NA	NA	HIMB1695_01235	-1
HIMB1695-00000000001	1134739	1135836	+	HIMB1695_01235	HIMB1695	365	OG0001004	NA	NA	COG1322	RmuC	DNA anti-recombination protein (rearrangement mutator) RmuC	HIMB1695_01235	0
HIMB1695-00000000001	1135874	1136560	+	HIMB1695_01236	HIMB1695	228	OG0001010	NA	NA	COG1074	RecB	3'-5' helicase subunit RecB of the DNA repair enzyme RecBCD (exonuclease V)	HIMB1695_01235	1
HIMB1695-00000000001	1136576	1138012	+	HIMB1695_01237	HIMB1695	478	OG0000183	NA	NA	COG2925	SbcB	Exonuclease I (degrades ssDNA)	HIMB1695_01235	2
HIMB1695-00000000001	1138047	1138364	+	HIMB1695_01238	HIMB1695	105	OG0000169	NA	NA	COG3118	CnoX	Chaperedoxin CnoX, contains thioredoxin-like and TPR-like domains, YbbN/TrxSC family	HIMB1695_01235	3
HIMB1695-00000000001	1138361	1139626	-	HIMB1695_01239	HIMB1695	421	OG0000181	NA	NA	COG0285	FolC	Folylpolyglutamate synthase/Dihydropteroate synthase	HIMB1695_01235	4
HIMB1695-00000000001	1139580	1140509	-	HIMB1695_01240	HIMB1695	309	OG0000239	K01963	acetyl-CoA carboxylase carboxyl transferase subunit beta [EC:6.4.1.2 2.1.3.15]	COG0777	AccD	Acetyl-CoA carboxylase beta subunit	HIMB1695_01235	5
HIMB1701-00000000001	1084446	1084538	-	HIMB1701_01168	HIMB1701	30	OG0001899	NA	NA	NA	NA	NA	HIMB1701_01173	-5
HIMB1701-00000000001	1084681	1086075	+	HIMB1701_01169	HIMB1701	464	OG0000812	K01892	histidyl-tRNA synthetase [EC:6.1.1.21]	COG0124	HisS	Histidyl-tRNA synthetase	HIMB1701_01173	-4
HIMB1701-00000000001	1086053	1087105	+	HIMB1701_01170	HIMB1701	350	OG0000374	NA	NA	COG3705	HisZ	ATP phosphoribosyltransferase regulatory subunit HisZ	HIMB1701_01173	-3
HIMB1701-00000000001	1087105	1087797	+	HIMB1701_01171	HIMB1701	230	OG0000403	NA	NA	COG0040	HisG	ATP phosphoribosyltransferase	HIMB1701_01173	-2
HIMB1701-00000000001	1087780	1087911	-	HIMB1701_01172	HIMB1701	43	OG0001245	NA	NA	NA	NA	NA	HIMB1701_01173	-1
HIMB1701-00000000001	1087943	1089040	+	HIMB1701_01173	HIMB1701	365	OG0001004	NA	NA	COG1322	RmuC	DNA anti-recombination protein (rearrangement mutator) RmuC	HIMB1701_01173	0
HIMB1701-00000000001	1089078	1089764	+	HIMB1701_01174	HIMB1701	228	OG0001010	NA	NA	COG1074	RecB	3'-5' helicase subunit RecB of the DNA repair enzyme RecBCD (exonuclease V)	HIMB1701_01173	1
HIMB1701-00000000001	1089780	1091216	+	HIMB1701_01175	HIMB1701	478	OG0000183	NA	NA	COG2925	SbcB	Exonuclease I (degrades ssDNA)	HIMB1701_01173	2
HIMB1701-00000000001	1091251	1091568	+	HIMB1701_01176	HIMB1701	105	OG0000169	NA	NA	COG3118	CnoX	Chaperedoxin CnoX, contains thioredoxin-like and TPR-like domains, YbbN/TrxSC family	HIMB1701_01173	3
HIMB1701-00000000001	1091565	1092830	-	HIMB1701_01177	HIMB1701	421	OG0000181	NA	NA	COG0285	FolC	Folylpolyglutamate synthase/Dihydropteroate synthase	HIMB1701_01173	4
HIMB1701-00000000001	1092784	1093713	-	HIMB1701_01178	HIMB1701	309	OG0000239	K01963	acetyl-CoA carboxylase carboxyl transferase subunit beta [EC:6.4.1.2 2.1.3.15]	COG0777	AccD	Acetyl-CoA carboxylase beta subunit	HIMB1701_01173	5
HIMB1702-00000000001	80797	81726	+	HIMB1702_00081	HIMB1702	309	OG0000239	K01963	acetyl-CoA carboxylase carboxyl transferase subunit beta [EC:6.4.1.2 2.1.3.15]	COG0777	AccD	Acetyl-CoA carboxylase beta subunit	HIMB1702_00086	-5
HIMB1702-00000000001	81680	82945	+	HIMB1702_00082	HIMB1702	421	OG0000181	NA	NA	COG0285	FolC	Folylpolyglutamate synthase/Dihydropteroate synthase	HIMB1702_00086	-4
HIMB1702-00000000001	82942	83259	-	HIMB1702_00083	HIMB1702	105	OG0000169	NA	NA	COG3118	CnoX	Chaperedoxin CnoX, contains thioredoxin-like and TPR-like domains, YbbN/TrxSC family	HIMB1702_00086	-3
HIMB1702-00000000001	83294	84730	-	HIMB1702_00084	HIMB1702	478	OG0000183	NA	NA	COG2925	SbcB	Exonuclease I (degrades ssDNA)	HIMB1702_00086	-2
HIMB1702-00000000001	84746	85432	-	HIMB1702_00085	HIMB1702	228	OG0001010	NA	NA	COG1074	RecB	3'-5' helicase subunit RecB of the DNA repair enzyme RecBCD (exonuclease V)	HIMB1702_00086	-1
HIMB1702-00000000001	85470	86567	-	HIMB1702_00086	HIMB1702	365	OG0001004	NA	NA	COG1322	RmuC	DNA anti-recombination protein (rearrangement mutator) RmuC	HIMB1702_00086	0
HIMB1702-00000000001	86599	86730	+	HIMB1702_00087	HIMB1702	43	OG0001245	NA	NA	NA	NA	NA	HIMB1702_00086	1
HIMB1702-00000000001	86713	87405	-	HIMB1702_00088	HIMB1702	230	OG0000403	NA	NA	COG0040	HisG	ATP phosphoribosyltransferase	HIMB1702_00086	2
HIMB1702-00000000001	87405	88457	-	HIMB1702_00089	HIMB1702	350	OG0000374	NA	NA	COG3705	HisZ	ATP phosphoribosyltransferase regulatory subunit HisZ	HIMB1702_00086	3
HIMB1702-00000000001	88435	89829	-	HIMB1702_00090	HIMB1702	464	OG0000812	K01892	histidyl-tRNA synthetase [EC:6.1.1.21]	COG0124	HisS	Histidyl-tRNA synthetase	HIMB1702_00086	4
HIMB1702-00000000001	89972	90097	+	HIMB1702_00091	HIMB1702	41	OG0001899	NA	NA	NA	NA	NA	HIMB1702_00086	5
HIMB1709-00000000001	1084361	1084573	+	HIMB1709_01183	HIMB1709	70	OG0000914	K03704	cold shock protein	COG1278	CspC	Cold shock protein, CspA family	HIMB1709_01188	-5
HIMB1709-00000000001	1084887	1086281	+	HIMB1709_01184	HIMB1709	464	OG0000812	K01892	histidyl-tRNA synthetase [EC:6.1.1.21]	COG0124	HisS	Histidyl-tRNA synthetase	HIMB1709_01188	-4
HIMB1709-00000000001	1086259	1087311	+	HIMB1709_01185	HIMB1709	350	OG0000374	NA	NA	COG3705	HisZ	ATP phosphoribosyltransferase regulatory subunit HisZ	HIMB1709_01188	-3
HIMB1709-00000000001	1087311	1088003	+	HIMB1709_01186	HIMB1709	230	OG0000403	NA	NA	COG0040	HisG	ATP phosphoribosyltransferase	HIMB1709_01188	-2
HIMB1709-00000000001	1087986	1088117	-	HIMB1709_01187	HIMB1709	43	OG0001245	NA	NA	NA	NA	NA	HIMB1709_01188	-1
HIMB1709-00000000001	1088149	1089246	+	HIMB1709_01188	HIMB1709	365	OG0001004	NA	NA	COG1322	RmuC	DNA anti-recombination protein (rearrangement mutator) RmuC	HIMB1709_01188	0
HIMB1709-00000000001	1089284	1089970	+	HIMB1709_01189	HIMB1709	228	OG0001010	NA	NA	NA	NA	NA	HIMB1709_01188	1
HIMB1709-00000000001	1089967	1091412	+	HIMB1709_01190	HIMB1709	481	OG0000183	NA	NA	COG2925	SbcB	Exonuclease I (degrades ssDNA)	HIMB1709_01188	2
HIMB1709-00000000001	1091479	1091796	+	HIMB1709_01191	HIMB1709	105	OG0000169	NA	NA	COG3118	CnoX	Chaperedoxin CnoX, contains thioredoxin-like and TPR-like domains, YbbN/TrxSC family	HIMB1709_01188	3
HIMB1709-00000000001	1091793	1093061	-	HIMB1709_01192	HIMB1709	422	OG0000181	NA	NA	COG0285	FolC	Folylpolyglutamate synthase/Dihydropteroate synthase	HIMB1709_01188	4
HIMB1709-00000000001	1093015	1093944	-	HIMB1709_01193	HIMB1709	309	OG0000239	K01963	acetyl-CoA carboxylase carboxyl transferase subunit beta [EC:6.4.1.2 2.1.3.15]	COG0777	AccD	Acetyl-CoA carboxylase beta subunit	HIMB1709_01188	5
HIMB1710-00000000003	56778	57707	+	HIMB1710_00078	HIMB1710	309	OG0000239	K01963	acetyl-CoA carboxylase carboxyl transferase subunit beta [EC:6.4.1.2 2.1.3.15]	COG0777	AccD	Acetyl-CoA carboxylase beta subunit	HIMB1710_00083	-5
HIMB1710-00000000003	57661	58926	+	HIMB1710_00079	HIMB1710	421	OG0000181	NA	NA	COG0285	FolC	Folylpolyglutamate synthase/Dihydropteroate synthase	HIMB1710_00083	-4
HIMB1710-00000000003	58923	59240	-	HIMB1710_00080	HIMB1710	105	OG0000169	NA	NA	COG3118	CnoX	Chaperedoxin CnoX, contains thioredoxin-like and TPR-like domains, YbbN/TrxSC family	HIMB1710_00083	-3
HIMB1710-00000000003	59275	60711	-	HIMB1710_00081	HIMB1710	478	OG0000183	NA	NA	COG2925	SbcB	Exonuclease I (degrades ssDNA)	HIMB1710_00083	-2
HIMB1710-00000000003	60727	61413	-	HIMB1710_00082	HIMB1710	228	OG0001010	NA	NA	COG1074	RecB	3'-5' helicase subunit RecB of the DNA repair enzyme RecBCD (exonuclease V)	HIMB1710_00083	-1
HIMB1710-00000000003	61451	62548	-	HIMB1710_00083	HIMB1710	365	OG0001004	NA	NA	COG1322	RmuC	DNA anti-recombination protein (rearrangement mutator) RmuC	HIMB1710_00083	0
HIMB1710-00000000003	62580	62711	+	HIMB1710_00084	HIMB1710	43	OG0001245	NA	NA	NA	NA	NA	HIMB1710_00083	1
HIMB1710-00000000003	62694	63386	-	HIMB1710_00085	HIMB1710	230	OG0000403	NA	NA	COG0040	HisG	ATP phosphoribosyltransferase	HIMB1710_00083	2
HIMB1710-00000000003	63386	64438	-	HIMB1710_00086	HIMB1710	350	OG0000374	NA	NA	COG3705	HisZ	ATP phosphoribosyltransferase regulatory subunit HisZ	HIMB1710_00083	3
HIMB1710-00000000003	64416	65810	-	HIMB1710_00087	HIMB1710	464	OG0000812	K01892	histidyl-tRNA synthetase [EC:6.1.1.21]	COG0124	HisS	Histidyl-tRNA synthetase	HIMB1710_00083	4
HIMB1710-00000000003	65953	66078	+	HIMB1710_00088	HIMB1710	41	OG0001899	NA	NA	NA	NA	NA	HIMB1710_00083	5
HIMB1715-00000000012	43631	44560	+	HIMB1715_00777	HIMB1715	309	OG0000239	K01963	acetyl-CoA carboxylase carboxyl transferase subunit beta [EC:6.4.1.2 2.1.3.15]	COG0777	AccD	Acetyl-CoA carboxylase beta subunit	HIMB1715_00782	-5
HIMB1715-00000000012	44514	45779	+	HIMB1715_00778	HIMB1715	421	OG0000181	NA	NA	COG0285	FolC	Folylpolyglutamate synthase/Dihydropteroate synthase	HIMB1715_00782	-4
HIMB1715-00000000012	45776	46093	-	HIMB1715_00779	HIMB1715	105	OG0000169	NA	NA	COG3118	CnoX	Chaperedoxin CnoX, contains thioredoxin-like and TPR-like domains, YbbN/TrxSC family	HIMB1715_00782	-3
HIMB1715-00000000012	46128	47564	-	HIMB1715_00780	HIMB1715	478	OG0000183	NA	NA	COG2925	SbcB	Exonuclease I (degrades ssDNA)	HIMB1715_00782	-2
HIMB1715-00000000012	47578	48264	-	HIMB1715_00781	HIMB1715	228	OG0001010	NA	NA	COG1074	RecB	3'-5' helicase subunit RecB of the DNA repair enzyme RecBCD (exonuclease V)	HIMB1715_00782	-1
HIMB1715-00000000012	48302	49399	-	HIMB1715_00782	HIMB1715	365	OG0001004	NA	NA	COG1322	RmuC	DNA anti-recombination protein (rearrangement mutator) RmuC	HIMB1715_00782	0
HIMB1723-00000000001	835020	835145	-	HIMB1723_00881	HIMB1723	41	OG0001899	NA	NA	NA	NA	NA	HIMB1723_00886	-5
HIMB1723-00000000001	835288	836682	+	HIMB1723_00882	HIMB1723	464	OG0000812	K01892	histidyl-tRNA synthetase [EC:6.1.1.21]	COG0124	HisS	Histidyl-tRNA synthetase	HIMB1723_00886	-4
HIMB1723-00000000001	836660	837712	+	HIMB1723_00883	HIMB1723	350	OG0000374	NA	NA	COG3705	HisZ	ATP phosphoribosyltransferase regulatory subunit HisZ	HIMB1723_00886	-3
HIMB1723-00000000001	837712	838404	+	HIMB1723_00884	HIMB1723	230	OG0000403	NA	NA	COG0040	HisG	ATP phosphoribosyltransferase	HIMB1723_00886	-2
HIMB1723-00000000001	838387	838518	-	HIMB1723_00885	HIMB1723	43	OG0001245	NA	NA	NA	NA	NA	HIMB1723_00886	-1
HIMB1723-00000000001	838550	839647	+	HIMB1723_00886	HIMB1723	365	OG0001004	NA	NA	COG1322	RmuC	DNA anti-recombination protein (rearrangement mutator) RmuC	HIMB1723_00886	0
HIMB1723-00000000001	839685	840371	+	HIMB1723_00887	HIMB1723	228	OG0001010	NA	NA	COG1074	RecB	3'-5' helicase subunit RecB of the DNA repair enzyme RecBCD (exonuclease V)	HIMB1723_00886	1
HIMB1723-00000000001	840387	841823	+	HIMB1723_00888	HIMB1723	478	OG0000183	NA	NA	COG2925	SbcB	Exonuclease I (degrades ssDNA)	HIMB1723_00886	2
HIMB1723-00000000001	841858	842175	+	HIMB1723_00889	HIMB1723	105	OG0000169	NA	NA	COG3118	CnoX	Chaperedoxin CnoX, contains thioredoxin-like and TPR-like domains, YbbN/TrxSC family	HIMB1723_00886	3
HIMB1723-00000000001	842172	843437	-	HIMB1723_00890	HIMB1723	421	OG0000181	NA	NA	COG0285	FolC	Folylpolyglutamate synthase/Dihydropteroate synthase	HIMB1723_00886	4
HIMB1723-00000000001	843391	844320	-	HIMB1723_00891	HIMB1723	309	OG0000239	K01963	acetyl-CoA carboxylase carboxyl transferase subunit beta [EC:6.4.1.2 2.1.3.15]	COG0777	AccD	Acetyl-CoA carboxylase beta subunit	HIMB1723_00886	5
HIMB1746-00000000004	154722	156116	+	HIMB1746_01279	HIMB1746	464	OG0000812	K01892	histidyl-tRNA synthetase [EC:6.1.1.21]	COG0124	HisS	Histidyl-tRNA synthetase	HIMB1746_01284	-5
HIMB1746-00000000004	156094	157146	+	HIMB1746_01280	HIMB1746	350	OG0000374	NA	NA	COG3705	HisZ	ATP phosphoribosyltransferase regulatory subunit HisZ	HIMB1746_01284	-4
HIMB1746-00000000004	157143	157991	+	HIMB1746_01281	HIMB1746	282	OG0000077	NA	NA	NA	NA	NA	HIMB1746_01284	-3
HIMB1746-00000000004	157984	158673	+	HIMB1746_01282	HIMB1746	229	OG0000403	NA	NA	COG0040	HisG	ATP phosphoribosyltransferase	HIMB1746_01284	-2
HIMB1746-00000000004	158656	158787	-	HIMB1746_01283	HIMB1746	43	OG0001245	NA	NA	NA	NA	NA	HIMB1746_01284	-1
HIMB1746-00000000004	158819	159916	+	HIMB1746_01284	HIMB1746	365	OG0001004	NA	NA	COG1322	RmuC	DNA anti-recombination protein (rearrangement mutator) RmuC	HIMB1746_01284	0
HIMB1746-00000000004	159954	160640	+	HIMB1746_01285	HIMB1746	228	OG0001010	NA	NA	COG1074	RecB	3'-5' helicase subunit RecB of the DNA repair enzyme RecBCD (exonuclease V)	HIMB1746_01284	1
HIMB1746-00000000004	160656	162092	+	HIMB1746_01286	HIMB1746	478	OG0000183	NA	NA	COG2925	SbcB	Exonuclease I (degrades ssDNA)	HIMB1746_01284	2
HIMB1746-00000000004	162127	162444	+	HIMB1746_01287	HIMB1746	105	OG0000169	NA	NA	COG3118	CnoX	Chaperedoxin CnoX, contains thioredoxin-like and TPR-like domains, YbbN/TrxSC family	HIMB1746_01284	3
HIMB1746-00000000004	162441	163706	-	HIMB1746_01288	HIMB1746	421	OG0000181	NA	NA	COG0285	FolC	Folylpolyglutamate synthase/Dihydropteroate synthase	HIMB1746_01284	4
HIMB1746-00000000004	163660	164589	-	HIMB1746_01289	HIMB1746	309	OG0000239	K01963	acetyl-CoA carboxylase carboxyl transferase subunit beta [EC:6.4.1.2 2.1.3.15]	COG0777	AccD	Acetyl-CoA carboxylase beta subunit	HIMB1746_01284	5
HIMB1748-00000000001	53579	54508	+	HIMB1748_00055	HIMB1748	309	OG0000239	K01963	acetyl-CoA carboxylase carboxyl transferase subunit beta [EC:6.4.1.2 2.1.3.15]	COG0777	AccD	Acetyl-CoA carboxylase beta subunit	HIMB1748_00060	-5
HIMB1748-00000000001	54462	55727	+	HIMB1748_00056	HIMB1748	421	OG0000181	NA	NA	COG0285	FolC	Folylpolyglutamate synthase/Dihydropteroate synthase	HIMB1748_00060	-4
HIMB1748-00000000001	55724	56041	-	HIMB1748_00057	HIMB1748	105	OG0000169	NA	NA	COG3118	CnoX	Chaperedoxin CnoX, contains thioredoxin-like and TPR-like domains, YbbN/TrxSC family	HIMB1748_00060	-3
HIMB1748-00000000001	56076	57512	-	HIMB1748_00058	HIMB1748	478	OG0000183	NA	NA	COG2925	SbcB	Exonuclease I (degrades ssDNA)	HIMB1748_00060	-2
HIMB1748-00000000001	57528	58214	-	HIMB1748_00059	HIMB1748	228	OG0001010	NA	NA	COG1074	RecB	3'-5' helicase subunit RecB of the DNA repair enzyme RecBCD (exonuclease V)	HIMB1748_00060	-1
HIMB1748-00000000001	58252	59349	-	HIMB1748_00060	HIMB1748	365	OG0001004	NA	NA	COG1322	RmuC	DNA anti-recombination protein (rearrangement mutator) RmuC	HIMB1748_00060	0
HIMB1748-00000000001	59381	59512	+	HIMB1748_00061	HIMB1748	43	OG0001245	NA	NA	NA	NA	NA	HIMB1748_00060	1
HIMB1748-00000000001	59495	60187	-	HIMB1748_00062	HIMB1748	230	OG0000403	NA	NA	COG0040	HisG	ATP phosphoribosyltransferase	HIMB1748_00060	2
HIMB1748-00000000001	60187	61239	-	HIMB1748_00063	HIMB1748	350	OG0000374	NA	NA	COG3705	HisZ	ATP phosphoribosyltransferase regulatory subunit HisZ	HIMB1748_00060	3
HIMB1748-00000000001	61217	62611	-	HIMB1748_00064	HIMB1748	464	OG0000812	K01892	histidyl-tRNA synthetase [EC:6.1.1.21]	COG0124	HisS	Histidyl-tRNA synthetase	HIMB1748_00060	4
HIMB1748-00000000001	62754	62879	+	HIMB1748_00065	HIMB1748	41	OG0001899	NA	NA	NA	NA	NA	HIMB1748_00060	5
HIMB1758-00000000001	581168	581275	-	HIMB1758_00596	HIMB1758	35	OG0001899	NA	NA	NA	NA	NA	HIMB1758_00601	-5
HIMB1758-00000000001	581418	582812	+	HIMB1758_00597	HIMB1758	464	OG0000812	K01892	histidyl-tRNA synthetase [EC:6.1.1.21]	COG0124	HisS	Histidyl-tRNA synthetase	HIMB1758_00601	-4
HIMB1758-00000000001	582790	583842	+	HIMB1758_00598	HIMB1758	350	OG0000374	NA	NA	COG3705	HisZ	ATP phosphoribosyltransferase regulatory subunit HisZ	HIMB1758_00601	-3
HIMB1758-00000000001	583842	584534	+	HIMB1758_00599	HIMB1758	230	OG0000403	NA	NA	COG0040	HisG	ATP phosphoribosyltransferase	HIMB1758_00601	-2
HIMB1758-00000000001	584517	584648	-	HIMB1758_00600	HIMB1758	43	OG0001245	NA	NA	NA	NA	NA	HIMB1758_00601	-1
HIMB1758-00000000001	584680	585777	+	HIMB1758_00601	HIMB1758	365	OG0001004	NA	NA	COG1322	RmuC	DNA anti-recombination protein (rearrangement mutator) RmuC	HIMB1758_00601	0
HIMB1758-00000000001	585815	586501	+	HIMB1758_00602	HIMB1758	228	OG0001010	NA	NA	COG1074	RecB	3'-5' helicase subunit RecB of the DNA repair enzyme RecBCD (exonuclease V)	HIMB1758_00601	1
HIMB1758-00000000001	586515	587951	+	HIMB1758_00603	HIMB1758	478	OG0000183	NA	NA	COG2925	SbcB	Exonuclease I (degrades ssDNA)	HIMB1758_00601	2
HIMB1758-00000000001	587986	588303	+	HIMB1758_00604	HIMB1758	105	OG0000169	NA	NA	COG3118	CnoX	Chaperedoxin CnoX, contains thioredoxin-like and TPR-like domains, YbbN/TrxSC family	HIMB1758_00601	3
HIMB1758-00000000001	588300	589565	-	HIMB1758_00605	HIMB1758	421	OG0000181	NA	NA	COG0285	FolC	Folylpolyglutamate synthase/Dihydropteroate synthase	HIMB1758_00601	4
HIMB1758-00000000001	589519	590448	-	HIMB1758_00606	HIMB1758	309	OG0000239	K01963	acetyl-CoA carboxylase carboxyl transferase subunit beta [EC:6.4.1.2 2.1.3.15]	COG0777	AccD	Acetyl-CoA carboxylase beta subunit	HIMB1758_00601	5
HIMB1765-00000000001	828101	829030	+	HIMB1765_00903	HIMB1765	309	OG0000239	K01963	acetyl-CoA carboxylase carboxyl transferase subunit beta [EC:6.4.1.2 2.1.3.15]	COG0777	AccD	Acetyl-CoA carboxylase beta subunit	HIMB1765_00908	-5
HIMB1765-00000000001	828984	830249	+	HIMB1765_00904	HIMB1765	421	OG0000181	NA	NA	COG0285	FolC	Folylpolyglutamate synthase/Dihydropteroate synthase	HIMB1765_00908	-4
HIMB1765-00000000001	830246	830563	-	HIMB1765_00905	HIMB1765	105	OG0000169	NA	NA	COG3118	CnoX	Chaperedoxin CnoX, contains thioredoxin-like and TPR-like domains, YbbN/TrxSC family	HIMB1765_00908	-3
HIMB1765-00000000001	830598	832034	-	HIMB1765_00906	HIMB1765	478	OG0000183	NA	NA	COG2925	SbcB	Exonuclease I (degrades ssDNA)	HIMB1765_00908	-2
HIMB1765-00000000001	832050	832736	-	HIMB1765_00907	HIMB1765	228	OG0001010	NA	NA	COG1074	RecB	3'-5' helicase subunit RecB of the DNA repair enzyme RecBCD (exonuclease V)	HIMB1765_00908	-1
HIMB1765-00000000001	832774	833871	-	HIMB1765_00908	HIMB1765	365	OG0001004	NA	NA	COG1322	RmuC	DNA anti-recombination protein (rearrangement mutator) RmuC	HIMB1765_00908	0
HIMB1765-00000000001	833903	834034	+	HIMB1765_00909	HIMB1765	43	OG0001245	NA	NA	NA	NA	NA	HIMB1765_00908	1
HIMB1765-00000000001	834017	834709	-	HIMB1765_00910	HIMB1765	230	OG0000403	NA	NA	COG0040	HisG	ATP phosphoribosyltransferase	HIMB1765_00908	2
HIMB1765-00000000001	834709	835761	-	HIMB1765_00911	HIMB1765	350	OG0000374	NA	NA	COG3705	HisZ	ATP phosphoribosyltransferase regulatory subunit HisZ	HIMB1765_00908	3
HIMB1765-00000000001	835739	837133	-	HIMB1765_00912	HIMB1765	464	OG0000812	K01892	histidyl-tRNA synthetase [EC:6.1.1.21]	COG0124	HisS	Histidyl-tRNA synthetase	HIMB1765_00908	4
HIMB1765-00000000001	837276	837401	+	HIMB1765_00913	HIMB1765	41	OG0001899	NA	NA	NA	NA	NA	HIMB1765_00908	5
HIMB1770-00000000001	990329	991723	+	HIMB1770_01065	HIMB1770	464	OG0000812	K01892	histidyl-tRNA synthetase [EC:6.1.1.21]	COG0124	HisS	Histidyl-tRNA synthetase	HIMB1770_01070	-5
HIMB1770-00000000001	991701	992753	+	HIMB1770_01066	HIMB1770	350	OG0000374	NA	NA	COG3705	HisZ	ATP phosphoribosyltransferase regulatory subunit HisZ	HIMB1770_01070	-4
HIMB1770-00000000001	992750	993598	+	HIMB1770_01067	HIMB1770	282	OG0000077	NA	NA	NA	NA	NA	HIMB1770_01070	-3
HIMB1770-00000000001	993591	994280	+	HIMB1770_01068	HIMB1770	229	OG0000403	NA	NA	COG0040	HisG	ATP phosphoribosyltransferase	HIMB1770_01070	-2
HIMB1770-00000000001	994263	994394	-	HIMB1770_01069	HIMB1770	43	OG0001245	NA	NA	NA	NA	NA	HIMB1770_01070	-1
HIMB1770-00000000001	994426	995523	+	HIMB1770_01070	HIMB1770	365	OG0001004	NA	NA	COG1322	RmuC	DNA anti-recombination protein (rearrangement mutator) RmuC	HIMB1770_01070	0
HIMB1770-00000000001	995561	996247	+	HIMB1770_01071	HIMB1770	228	OG0001010	NA	NA	COG1074	RecB	3'-5' helicase subunit RecB of the DNA repair enzyme RecBCD (exonuclease V)	HIMB1770_01070	1
HIMB1770-00000000001	996263	997699	+	HIMB1770_01072	HIMB1770	478	OG0000183	NA	NA	COG2925	SbcB	Exonuclease I (degrades ssDNA)	HIMB1770_01070	2
HIMB1770-00000000001	997734	998051	+	HIMB1770_01073	HIMB1770	105	OG0000169	NA	NA	COG3118	CnoX	Chaperedoxin CnoX, contains thioredoxin-like and TPR-like domains, YbbN/TrxSC family	HIMB1770_01070	3
HIMB1770-00000000001	998048	999313	-	HIMB1770_01074	HIMB1770	421	OG0000181	NA	NA	COG0285	FolC	Folylpolyglutamate synthase/Dihydropteroate synthase	HIMB1770_01070	4
HIMB1770-00000000001	999267	1000196	-	HIMB1770_01075	HIMB1770	309	OG0000239	K01963	acetyl-CoA carboxylase carboxyl transferase subunit beta [EC:6.4.1.2 2.1.3.15]	COG0777	AccD	Acetyl-CoA carboxylase beta subunit	HIMB1770_01070	5
HIMB1782-00000000001	784745	784957	-	HIMB1782_00829	HIMB1782	70	OG0001899	NA	NA	NA	NA	NA	HIMB1782_00834	-5
HIMB1782-00000000001	785100	786494	+	HIMB1782_00830	HIMB1782	464	OG0000812	K01892	histidyl-tRNA synthetase [EC:6.1.1.21]	COG0124	HisS	Histidyl-tRNA synthetase	HIMB1782_00834	-4
HIMB1782-00000000001	786472	787524	+	HIMB1782_00831	HIMB1782	350	OG0000374	NA	NA	COG3705	HisZ	ATP phosphoribosyltransferase regulatory subunit HisZ	HIMB1782_00834	-3
HIMB1782-00000000001	787524	788216	+	HIMB1782_00832	HIMB1782	230	OG0000403	NA	NA	COG0040	HisG	ATP phosphoribosyltransferase	HIMB1782_00834	-2
HIMB1782-00000000001	788199	788330	-	HIMB1782_00833	HIMB1782	43	OG0001245	NA	NA	NA	NA	NA	HIMB1782_00834	-1
HIMB1782-00000000001	788362	789459	+	HIMB1782_00834	HIMB1782	365	OG0001004	NA	NA	COG1322	RmuC	DNA anti-recombination protein (rearrangement mutator) RmuC	HIMB1782_00834	0
HIMB1782-00000000001	789497	790183	+	HIMB1782_00835	HIMB1782	228	OG0001010	NA	NA	COG1074	RecB	3'-5' helicase subunit RecB of the DNA repair enzyme RecBCD (exonuclease V)	HIMB1782_00834	1
HIMB1782-00000000001	790197	791633	+	HIMB1782_00836	HIMB1782	478	OG0000183	NA	NA	COG2925	SbcB	Exonuclease I (degrades ssDNA)	HIMB1782_00834	2
HIMB1782-00000000001	791668	791985	+	HIMB1782_00837	HIMB1782	105	OG0000169	NA	NA	COG3118	CnoX	Chaperedoxin CnoX, contains thioredoxin-like and TPR-like domains, YbbN/TrxSC family	HIMB1782_00834	3
HIMB1782-00000000001	791982	793247	-	HIMB1782_00838	HIMB1782	421	OG0000181	NA	NA	COG0285	FolC	Folylpolyglutamate synthase/Dihydropteroate synthase	HIMB1782_00834	4
HIMB1782-00000000001	793201	794130	-	HIMB1782_00839	HIMB1782	309	OG0000239	K01963	acetyl-CoA carboxylase carboxyl transferase subunit beta [EC:6.4.1.2 2.1.3.15]	COG0777	AccD	Acetyl-CoA carboxylase beta subunit	HIMB1782_00834	5
HIMB1838-00000000033	151	636	+	HIMB1838_01012	HIMB1838	161	OG0000403	NA	NA	COG0040	HisG	ATP phosphoribosyltransferase	HIMB1838_01014	-2
HIMB1838-00000000033	622	753	-	HIMB1838_01013	HIMB1838	43	OG0001245	NA	NA	NA	NA	NA	HIMB1838_01014	-1
HIMB1838-00000000033	853	1950	+	HIMB1838_01014	HIMB1838	365	OG0001004	NA	NA	COG1322	RmuC	DNA anti-recombination protein (rearrangement mutator) RmuC	HIMB1838_01014	0
HIMB1838-00000000033	1988	2674	+	HIMB1838_01015	HIMB1838	228	OG0001010	NA	NA	NA	NA	NA	HIMB1838_01014	1
HIMB1838-00000000033	2683	4119	+	HIMB1838_01016	HIMB1838	478	OG0000183	NA	NA	COG2925	SbcB	Exonuclease I (degrades ssDNA)	HIMB1838_01014	2
HIMB1838-00000000033	4154	4471	+	HIMB1838_01017	HIMB1838	105	OG0000169	NA	NA	COG3118	CnoX	Chaperedoxin CnoX, contains thioredoxin-like and TPR-like domains, YbbN/TrxSC family	HIMB1838_01014	3
HIMB1838-00000000033	4468	5733	-	HIMB1838_01018	HIMB1838	421	OG0000181	NA	NA	COG0285	FolC	Folylpolyglutamate synthase/Dihydropteroate synthase	HIMB1838_01014	4
HIMB1838-00000000033	5690	6616	-	HIMB1838_01019	HIMB1838	308	OG0000239	K01963	acetyl-CoA carboxylase carboxyl transferase subunit beta [EC:6.4.1.2 2.1.3.15]	COG0777	AccD	Acetyl-CoA carboxylase beta subunit	HIMB1838_01014	5
HIMB1863-00000000007	47074	48000	+	HIMB1863_00858	HIMB1863	308	OG0000239	K01963	acetyl-CoA carboxylase carboxyl transferase subunit beta [EC:6.4.1.2 2.1.3.15]	COG0777	AccD	Acetyl-CoA carboxylase beta subunit	HIMB1863_00863	-5
HIMB1863-00000000007	47957	49222	+	HIMB1863_00859	HIMB1863	421	OG0000181	NA	NA	COG0285	FolC	Folylpolyglutamate synthase/Dihydropteroate synthase	HIMB1863_00863	-4
HIMB1863-00000000007	49219	49536	-	HIMB1863_00860	HIMB1863	105	OG0000169	NA	NA	COG3118	CnoX	Chaperedoxin CnoX, contains thioredoxin-like and TPR-like domains, YbbN/TrxSC family	HIMB1863_00863	-3
HIMB1863-00000000007	49571	51007	-	HIMB1863_00861	HIMB1863	478	OG0000183	NA	NA	COG2925	SbcB	Exonuclease I (degrades ssDNA)	HIMB1863_00863	-2
HIMB1863-00000000007	51016	51702	-	HIMB1863_00862	HIMB1863	228	OG0001010	NA	NA	COG1074	RecB	3'-5' helicase subunit RecB of the DNA repair enzyme RecBCD (exonuclease V)	HIMB1863_00863	-1
HIMB1863-00000000007	51740	52837	-	HIMB1863_00863	HIMB1863	365	OG0001004	NA	NA	COG1322	RmuC	DNA anti-recombination protein (rearrangement mutator) RmuC	HIMB1863_00863	0
HIMB1863-00000000007	52937	53068	+	HIMB1863_00864	HIMB1863	43	OG0001245	NA	NA	NA	NA	NA	HIMB1863_00863	1
HIMB1863-00000000007	53054	53740	-	HIMB1863_00865	HIMB1863	228	OG0000403	NA	NA	COG0040	HisG	ATP phosphoribosyltransferase	HIMB1863_00863	2
HIMB1863-00000000007	53740	54792	-	HIMB1863_00866	HIMB1863	350	OG0000374	NA	NA	COG3705	HisZ	ATP phosphoribosyltransferase regulatory subunit HisZ	HIMB1863_00863	3
HIMB1863-00000000007	54770	56167	-	HIMB1863_00867	HIMB1863	465	OG0000812	K01892	histidyl-tRNA synthetase [EC:6.1.1.21]	COG0124	HisS	Histidyl-tRNA synthetase	HIMB1863_00863	4
HIMB1863-00000000007	56315	56416	-	HIMB1863_00868	HIMB1863	33	OG0001648	NA	NA	NA	NA	NA	HIMB1863_00863	5
HIMB2104-00000000003	59374	60300	+	HIMB2104_00178	HIMB2104	308	OG0000239	K01963	acetyl-CoA carboxylase carboxyl transferase subunit beta [EC:6.4.1.2 2.1.3.15]	COG0777	AccD	Acetyl-CoA carboxylase beta subunit	HIMB2104_00183	-5
HIMB2104-00000000003	60257	61522	+	HIMB2104_00179	HIMB2104	421	OG0000181	NA	NA	COG0285	FolC	Folylpolyglutamate synthase/Dihydropteroate synthase	HIMB2104_00183	-4
HIMB2104-00000000003	61519	61836	-	HIMB2104_00180	HIMB2104	105	OG0000169	NA	NA	COG3118	CnoX	Chaperedoxin CnoX, contains thioredoxin-like and TPR-like domains, YbbN/TrxSC family	HIMB2104_00183	-3
HIMB2104-00000000003	61871	63307	-	HIMB2104_00181	HIMB2104	478	OG0000183	NA	NA	COG2925	SbcB	Exonuclease I (degrades ssDNA)	HIMB2104_00183	-2
HIMB2104-00000000003	63316	64002	-	HIMB2104_00182	HIMB2104	228	OG0001010	NA	NA	NA	NA	NA	HIMB2104_00183	-1
HIMB2104-00000000003	64040	65137	-	HIMB2104_00183	HIMB2104	365	OG0001004	NA	NA	COG1322	RmuC	DNA anti-recombination protein (rearrangement mutator) RmuC	HIMB2104_00183	0
HIMB2104-00000000003	65237	65368	+	HIMB2104_00184	HIMB2104	43	OG0001245	NA	NA	NA	NA	NA	HIMB2104_00183	1
HIMB2104-00000000003	65354	66040	-	HIMB2104_00185	HIMB2104	228	OG0000403	NA	NA	COG0040	HisG	ATP phosphoribosyltransferase	HIMB2104_00183	2
HIMB2104-00000000003	66042	67094	-	HIMB2104_00186	HIMB2104	350	OG0000374	NA	NA	COG3705	HisZ	ATP phosphoribosyltransferase regulatory subunit HisZ	HIMB2104_00183	3
HIMB2104-00000000003	67072	68469	-	HIMB2104_00187	HIMB2104	465	OG0000812	K01892	histidyl-tRNA synthetase [EC:6.1.1.21]	COG0124	HisS	Histidyl-tRNA synthetase	HIMB2104_00183	4
HIMB2104-00000000003	68818	69030	-	HIMB2104_00188	HIMB2104	70	OG0000914	K03704	cold shock protein	COG1278	CspC	Cold shock protein, CspA family	HIMB2104_00183	5
HIMB2200-00000000009	43408	44334	+	HIMB2200_01048	HIMB2200	308	OG0000239	K01963	acetyl-CoA carboxylase carboxyl transferase subunit beta [EC:6.4.1.2 2.1.3.15]	COG0777	AccD	Acetyl-CoA carboxylase beta subunit	HIMB2200_01053	-5
HIMB2200-00000000009	44291	45556	+	HIMB2200_01049	HIMB2200	421	OG0000181	NA	NA	COG0285	FolC	Folylpolyglutamate synthase/Dihydropteroate synthase	HIMB2200_01053	-4
HIMB2200-00000000009	45553	45870	-	HIMB2200_01050	HIMB2200	105	OG0000169	NA	NA	COG3118	CnoX	Chaperedoxin CnoX, contains thioredoxin-like and TPR-like domains, YbbN/TrxSC family	HIMB2200_01053	-3
HIMB2200-00000000009	45905	47341	-	HIMB2200_01051	HIMB2200	478	OG0000183	NA	NA	COG2925	SbcB	Exonuclease I (degrades ssDNA)	HIMB2200_01053	-2
HIMB2200-00000000009	47350	48036	-	HIMB2200_01052	HIMB2200	228	OG0001010	NA	NA	NA	NA	NA	HIMB2200_01053	-1
HIMB2200-00000000009	48074	49171	-	HIMB2200_01053	HIMB2200	365	OG0001004	NA	NA	COG1322	RmuC	DNA anti-recombination protein (rearrangement mutator) RmuC	HIMB2200_01053	0
HIMB2201-00000000001	916187	917116	+	HIMB2201_01000	HIMB2201	309	OG0000239	K01963	acetyl-CoA carboxylase carboxyl transferase subunit beta [EC:6.4.1.2 2.1.3.15]	COG0777	AccD	Acetyl-CoA carboxylase beta subunit	HIMB2201_01005	-5
HIMB2201-00000000001	917070	918338	+	HIMB2201_01001	HIMB2201	422	OG0000181	NA	NA	COG0285	FolC	Folylpolyglutamate synthase/Dihydropteroate synthase	HIMB2201_01005	-4
HIMB2201-00000000001	918335	918652	-	HIMB2201_01002	HIMB2201	105	OG0000169	NA	NA	COG3118	CnoX	Chaperedoxin CnoX, contains thioredoxin-like and TPR-like domains, YbbN/TrxSC family	HIMB2201_01005	-3
HIMB2201-00000000001	918687	920123	-	HIMB2201_01003	HIMB2201	478	OG0000183	NA	NA	COG2925	SbcB	Exonuclease I (degrades ssDNA)	HIMB2201_01005	-2
HIMB2201-00000000001	920130	920816	-	HIMB2201_01004	HIMB2201	228	OG0001010	NA	NA	NA	NA	NA	HIMB2201_01005	-1
HIMB2201-00000000001	920854	921951	-	HIMB2201_01005	HIMB2201	365	OG0001004	NA	NA	COG1322	RmuC	DNA anti-recombination protein (rearrangement mutator) RmuC	HIMB2201_01005	0
HIMB2201-00000000001	922017	922148	+	HIMB2201_01006	HIMB2201	43	OG0001245	NA	NA	NA	NA	NA	HIMB2201_01005	1
HIMB2201-00000000001	922131	922823	-	HIMB2201_01007	HIMB2201	230	OG0000403	NA	NA	COG0040	HisG	ATP phosphoribosyltransferase	HIMB2201_01005	2
HIMB2201-00000000001	922823	923875	-	HIMB2201_01008	HIMB2201	350	OG0000374	NA	NA	COG3705	HisZ	ATP phosphoribosyltransferase regulatory subunit HisZ	HIMB2201_01005	3
HIMB2201-00000000001	923853	925247	-	HIMB2201_01009	HIMB2201	464	OG0000812	K01892	histidyl-tRNA synthetase [EC:6.1.1.21]	COG0124	HisS	Histidyl-tRNA synthetase	HIMB2201_01005	4
HIMB2201-00000000001	925558	925770	-	HIMB2201_01011	HIMB2201	70	OG0000914	K03704	cold shock protein	COG1278	CspC	Cold shock protein, CspA family	HIMB2201_01005	5
HIMB2204-00000000001	731107	731319	+	HIMB2204_00793	HIMB2204	70	OG0000914	K03704	cold shock protein	COG1278	CspC	Cold shock protein, CspA family	HIMB2204_00798	-5
HIMB2204-00000000001	731668	733065	+	HIMB2204_00794	HIMB2204	465	OG0000812	K01892	histidyl-tRNA synthetase [EC:6.1.1.21]	COG0124	HisS	Histidyl-tRNA synthetase	HIMB2204_00798	-4
HIMB2204-00000000001	733043	734095	+	HIMB2204_00795	HIMB2204	350	OG0000374	NA	NA	COG3705	HisZ	ATP phosphoribosyltransferase regulatory subunit HisZ	HIMB2204_00798	-3
HIMB2204-00000000001	734095	734781	+	HIMB2204_00796	HIMB2204	228	OG0000403	NA	NA	COG0040	HisG	ATP phosphoribosyltransferase	HIMB2204_00798	-2
HIMB2204-00000000001	734767	734898	-	HIMB2204_00797	HIMB2204	43	OG0001245	NA	NA	NA	NA	NA	HIMB2204_00798	-1
HIMB2204-00000000001	734998	736095	+	HIMB2204_00798	HIMB2204	365	OG0001004	NA	NA	COG1322	RmuC	DNA anti-recombination protein (rearrangement mutator) RmuC	HIMB2204_00798	0
HIMB2204-00000000001	736133	736819	+	HIMB2204_00799	HIMB2204	228	OG0001010	NA	NA	NA	NA	NA	HIMB2204_00798	1
HIMB2204-00000000001	736828	738264	+	HIMB2204_00800	HIMB2204	478	OG0000183	NA	NA	COG2925	SbcB	Exonuclease I (degrades ssDNA)	HIMB2204_00798	2
HIMB2204-00000000001	738299	738616	+	HIMB2204_00801	HIMB2204	105	OG0000169	NA	NA	COG3118	CnoX	Chaperedoxin CnoX, contains thioredoxin-like and TPR-like domains, YbbN/TrxSC family	HIMB2204_00798	3
HIMB2204-00000000001	738613	739878	-	HIMB2204_00802	HIMB2204	421	OG0000181	NA	NA	COG0285	FolC	Folylpolyglutamate synthase/Dihydropteroate synthase	HIMB2204_00798	4
HIMB2204-00000000001	739835	740761	-	HIMB2204_00803	HIMB2204	308	OG0000239	K01963	acetyl-CoA carboxylase carboxyl transferase subunit beta [EC:6.4.1.2 2.1.3.15]	COG0777	AccD	Acetyl-CoA carboxylase beta subunit	HIMB2204_00798	5
HIMB2211-00000000001	1379924	1380031	-	HIMB2211_01480	HIMB2211	35	OG0001899	NA	NA	NA	NA	NA	HIMB2211_01485	-5
HIMB2211-00000000001	1380174	1381568	+	HIMB2211_01481	HIMB2211	464	OG0000812	K01892	histidyl-tRNA synthetase [EC:6.1.1.21]	COG0124	HisS	Histidyl-tRNA synthetase	HIMB2211_01485	-4
HIMB2211-00000000001	1381546	1382598	+	HIMB2211_01482	HIMB2211	350	OG0000374	NA	NA	COG3705	HisZ	ATP phosphoribosyltransferase regulatory subunit HisZ	HIMB2211_01485	-3
HIMB2211-00000000001	1382598	1383290	+	HIMB2211_01483	HIMB2211	230	OG0000403	NA	NA	COG0040	HisG	ATP phosphoribosyltransferase	HIMB2211_01485	-2
HIMB2211-00000000001	1383273	1383404	-	HIMB2211_01484	HIMB2211	43	OG0001245	NA	NA	NA	NA	NA	HIMB2211_01485	-1
HIMB2211-00000000001	1383436	1384533	+	HIMB2211_01485	HIMB2211	365	OG0001004	NA	NA	COG1322	RmuC	DNA anti-recombination protein (rearrangement mutator) RmuC	HIMB2211_01485	0
HIMB2211-00000000001	1384571	1385257	+	HIMB2211_01486	HIMB2211	228	OG0001010	NA	NA	COG1074	RecB	3'-5' helicase subunit RecB of the DNA repair enzyme RecBCD (exonuclease V)	HIMB2211_01485	1
HIMB2211-00000000001	1385273	1386709	+	HIMB2211_01487	HIMB2211	478	OG0000183	NA	NA	COG2925	SbcB	Exonuclease I (degrades ssDNA)	HIMB2211_01485	2
HIMB2211-00000000001	1386744	1387061	+	HIMB2211_01488	HIMB2211	105	OG0000169	NA	NA	COG3118	CnoX	Chaperedoxin CnoX, contains thioredoxin-like and TPR-like domains, YbbN/TrxSC family	HIMB2211_01485	3
HIMB2211-00000000001	1387058	1388323	-	HIMB2211_01489	HIMB2211	421	OG0000181	NA	NA	COG0285	FolC	Folylpolyglutamate synthase/Dihydropteroate synthase	HIMB2211_01485	4
HIMB2211-00000000001	1388277	1389206	-	HIMB2211_01490	HIMB2211	309	OG0000239	K01963	acetyl-CoA carboxylase carboxyl transferase subunit beta [EC:6.4.1.2 2.1.3.15]	COG0777	AccD	Acetyl-CoA carboxylase beta subunit	HIMB2211_01485	5
HIMB2215-00000000006	50199	51125	+	HIMB2215_01063	HIMB2215	308	OG0000239	K01963	acetyl-CoA carboxylase carboxyl transferase subunit beta [EC:6.4.1.2 2.1.3.15]	COG0777	AccD	Acetyl-CoA carboxylase beta subunit	HIMB2215_01068	-5
HIMB2215-00000000006	51082	52347	+	HIMB2215_01064	HIMB2215	421	OG0000181	NA	NA	COG0285	FolC	Folylpolyglutamate synthase/Dihydropteroate synthase	HIMB2215_01068	-4
HIMB2215-00000000006	52344	52661	-	HIMB2215_01065	HIMB2215	105	OG0000169	NA	NA	COG3118	CnoX	Chaperedoxin CnoX, contains thioredoxin-like and TPR-like domains, YbbN/TrxSC family	HIMB2215_01068	-3
HIMB2215-00000000006	52696	54132	-	HIMB2215_01066	HIMB2215	478	OG0000183	NA	NA	COG2925	SbcB	Exonuclease I (degrades ssDNA)	HIMB2215_01068	-2
HIMB2215-00000000006	54141	54827	-	HIMB2215_01067	HIMB2215	228	OG0001010	NA	NA	NA	NA	NA	HIMB2215_01068	-1
HIMB2215-00000000006	54865	55962	-	HIMB2215_01068	HIMB2215	365	OG0001004	NA	NA	COG1322	RmuC	DNA anti-recombination protein (rearrangement mutator) RmuC	HIMB2215_01068	0
HIMB2215-00000000006	56062	56193	+	HIMB2215_01069	HIMB2215	43	OG0001245	NA	NA	NA	NA	NA	HIMB2215_01068	1
HIMB2215-00000000006	56179	56865	-	HIMB2215_01070	HIMB2215	228	OG0000403	NA	NA	COG0040	HisG	ATP phosphoribosyltransferase	HIMB2215_01068	2
HIMB2215-00000000006	56865	57917	-	HIMB2215_01071	HIMB2215	350	OG0000374	NA	NA	COG3705	HisZ	ATP phosphoribosyltransferase regulatory subunit HisZ	HIMB2215_01068	3
HIMB2215-00000000006	57895	59292	-	HIMB2215_01072	HIMB2215	465	OG0000812	K01892	histidyl-tRNA synthetase [EC:6.1.1.21]	COG0124	HisS	Histidyl-tRNA synthetase	HIMB2215_01068	4
HIMB2215-00000000006	59440	59541	-	HIMB2215_01073	HIMB2215	33	OG0001648	NA	NA	NA	NA	NA	HIMB2215_01068	5
HIMB2226-00000000001	583169	583270	+	HIMB2226_00621	HIMB2226	33	OG0001648	NA	NA	NA	NA	NA	HIMB2226_00626	-5
HIMB2226-00000000001	583418	584815	+	HIMB2226_00622	HIMB2226	465	OG0000812	K01892	histidyl-tRNA synthetase [EC:6.1.1.21]	COG0124	HisS	Histidyl-tRNA synthetase	HIMB2226_00626	-4
HIMB2226-00000000001	584793	585845	+	HIMB2226_00623	HIMB2226	350	OG0000374	NA	NA	COG3705	HisZ	ATP phosphoribosyltransferase regulatory subunit HisZ	HIMB2226_00626	-3
HIMB2226-00000000001	585848	586534	+	HIMB2226_00624	HIMB2226	228	OG0000403	NA	NA	COG0040	HisG	ATP phosphoribosyltransferase	HIMB2226_00626	-2
HIMB2226-00000000001	586520	586651	-	HIMB2226_00625	HIMB2226	43	OG0001245	NA	NA	NA	NA	NA	HIMB2226_00626	-1
HIMB2226-00000000001	586682	587773	+	HIMB2226_00626	HIMB2226	363	OG0001004	NA	NA	COG1322	RmuC	DNA anti-recombination protein (rearrangement mutator) RmuC	HIMB2226_00626	0
HIMB2226-00000000001	587811	588500	+	HIMB2226_00627	HIMB2226	229	OG0001010	NA	NA	NA	NA	NA	HIMB2226_00626	1
HIMB2226-00000000001	588504	589940	+	HIMB2226_00628	HIMB2226	478	OG0000183	NA	NA	COG2925	SbcB	Exonuclease I (degrades ssDNA)	HIMB2226_00626	2
HIMB2226-00000000001	589975	590292	+	HIMB2226_00629	HIMB2226	105	OG0000169	NA	NA	COG3118	CnoX	Chaperedoxin CnoX, contains thioredoxin-like and TPR-like domains, YbbN/TrxSC family	HIMB2226_00626	3
HIMB2226-00000000001	590289	591554	-	HIMB2226_00630	HIMB2226	421	OG0000181	NA	NA	COG0285	FolC	Folylpolyglutamate synthase/Dihydropteroate synthase	HIMB2226_00626	4
HIMB2226-00000000001	591508	592440	-	HIMB2226_00631	HIMB2226	310	OG0000239	K01963	acetyl-CoA carboxylase carboxyl transferase subunit beta [EC:6.4.1.2 2.1.3.15]	COG0777	AccD	Acetyl-CoA carboxylase beta subunit	HIMB2226_00626	5
HIMB2250-00000000001	64517	64729	+	HIMB2250_00063	HIMB2250	70	OG0000914	K03704	cold shock protein	COG1278	CspC	Cold shock protein, CspA family	HIMB2250_00069	-5
HIMB2250-00000000001	65040	66434	+	HIMB2250_00065	HIMB2250	464	OG0000812	K01892	histidyl-tRNA synthetase [EC:6.1.1.21]	COG0124	HisS	Histidyl-tRNA synthetase	HIMB2250_00069	-4
HIMB2250-00000000001	66412	67464	+	HIMB2250_00066	HIMB2250	350	OG0000374	NA	NA	COG3705	HisZ	ATP phosphoribosyltransferase regulatory subunit HisZ	HIMB2250_00069	-3
HIMB2250-00000000001	67464	68156	+	HIMB2250_00067	HIMB2250	230	OG0000403	NA	NA	COG0040	HisG	ATP phosphoribosyltransferase	HIMB2250_00069	-2
HIMB2250-00000000001	68139	68270	-	HIMB2250_00068	HIMB2250	43	OG0001245	NA	NA	NA	NA	NA	HIMB2250_00069	-1
HIMB2250-00000000001	68335	69432	+	HIMB2250_00069	HIMB2250	365	OG0001004	NA	NA	COG1322	RmuC	DNA anti-recombination protein (rearrangement mutator) RmuC	HIMB2250_00069	0
HIMB2250-00000000001	69470	70156	+	HIMB2250_00070	HIMB2250	228	OG0001010	NA	NA	NA	NA	NA	HIMB2250_00069	1
HIMB2250-00000000001	70163	71599	+	HIMB2250_00071	HIMB2250	478	OG0000183	NA	NA	COG2925	SbcB	Exonuclease I (degrades ssDNA)	HIMB2250_00069	2
HIMB2250-00000000001	71634	71951	+	HIMB2250_00072	HIMB2250	105	OG0000169	NA	NA	COG3118	CnoX	Chaperedoxin CnoX, contains thioredoxin-like and TPR-like domains, YbbN/TrxSC family	HIMB2250_00069	3
HIMB2250-00000000001	71948	73216	-	HIMB2250_00073	HIMB2250	422	OG0000181	NA	NA	COG0285	FolC	Folylpolyglutamate synthase/Dihydropteroate synthase	HIMB2250_00069	4
HIMB2250-00000000001	73170	74099	-	HIMB2250_00074	HIMB2250	309	OG0000239	K01963	acetyl-CoA carboxylase carboxyl transferase subunit beta [EC:6.4.1.2 2.1.3.15]	COG0777	AccD	Acetyl-CoA carboxylase beta subunit	HIMB2250_00069	5
HIMB2304-00000000127	2066	2995	+	HIMB2304_00487	HIMB2304	309	OG0000239	K01963	acetyl-CoA carboxylase carboxyl transferase subunit beta [EC:6.4.1.2 2.1.3.15]	COG0777	AccD	Acetyl-CoA carboxylase beta subunit	HIMB2304_00492	-5
HIMB2304-00000000127	2949	4217	+	HIMB2304_00488	HIMB2304	422	OG0000181	NA	NA	COG0285	FolC	Folylpolyglutamate synthase/Dihydropteroate synthase	HIMB2304_00492	-4
HIMB2304-00000000127	4214	4531	-	HIMB2304_00489	HIMB2304	105	OG0000169	NA	NA	COG3118	CnoX	Chaperedoxin CnoX, contains thioredoxin-like and TPR-like domains, YbbN/TrxSC family	HIMB2304_00492	-3
HIMB2304-00000000127	4566	6002	-	HIMB2304_00490	HIMB2304	478	OG0000183	NA	NA	COG2925	SbcB	Exonuclease I (degrades ssDNA)	HIMB2304_00492	-2
HIMB2304-00000000127	6009	6695	-	HIMB2304_00491	HIMB2304	228	OG0001010	NA	NA	NA	NA	NA	HIMB2304_00492	-1
HIMB2304-00000000127	6733	7638	-	HIMB2304_00492	HIMB2304	301	OG0001004	NA	NA	COG1322	RmuC	DNA anti-recombination protein (rearrangement mutator) RmuC	HIMB2304_00492	0
HIMB2305-00000000010	127804	129069	+	HIMB2305_00862	HIMB2305	421	OG0000814	NA	NA	COG0141	HisD	Histidinol dehydrogenase	HIMB2305_00869	-5
HIMB2305-00000000010	129070	129285	+	HIMB2305_00863	HIMB2305	71	OG0000905	K02518	translation initiation factor IF-1	COG0361	InfA	Translation initiation factor IF-1	HIMB2305_00869	-4
HIMB2305-00000000010	129497	129709	+	HIMB2305_00865	HIMB2305	70	OG0000914	K03704	cold shock protein	COG1278	CspC	Cold shock protein, CspA family	HIMB2305_00869	-3
HIMB2305-00000000010	131394	132446	+	HIMB2305_00867	HIMB2305	350	OG0000374	NA	NA	COG3705	HisZ	ATP phosphoribosyltransferase regulatory subunit HisZ	HIMB2305_00869	-2
HIMB2305-00000000010	132439	133116	+	HIMB2305_00868	HIMB2305	225	OG0000403	NA	NA	COG0040	HisG	ATP phosphoribosyltransferase	HIMB2305_00869	-1
HIMB2305-00000000010	133155	134249	+	HIMB2305_00869	HIMB2305	364	OG0001004	NA	NA	COG1322	RmuC	DNA anti-recombination protein (rearrangement mutator) RmuC	HIMB2305_00869	0
HIMB2305-00000000010	134287	134973	+	HIMB2305_00870	HIMB2305	228	OG0001010	NA	NA	NA	NA	NA	HIMB2305_00869	1
HIMB2305-00000000010	135101	136534	+	HIMB2305_00871	HIMB2305	477	OG0000183	NA	NA	COG2925	SbcB	Exonuclease I (degrades ssDNA)	HIMB2305_00869	2
HIMB2305-00000000010	136601	136921	+	HIMB2305_00872	HIMB2305	106	OG0000169	K03671	thioredoxin 1	COG3118	CnoX	Chaperedoxin CnoX, contains thioredoxin-like and TPR-like domains, YbbN/TrxSC family	HIMB2305_00869	3
HIMB2305-00000000010	136918	138183	-	HIMB2305_00873	HIMB2305	421	OG0000181	NA	NA	COG0285	FolC	Folylpolyglutamate synthase/Dihydropteroate synthase	HIMB2305_00869	4
HIMB2305-00000000010	138137	139069	-	HIMB2305_00874	HIMB2305	310	OG0000239	K01963	acetyl-CoA carboxylase carboxyl transferase subunit beta [EC:6.4.1.2 2.1.3.15]	COG0777	AccD	Acetyl-CoA carboxylase beta subunit	HIMB2305_00869	5
NZ_JBPPFS010000001.1	384983	385912	+	HIMB4_00409	HIMB4	309	OG0000239	K01963	acetyl-CoA carboxylase carboxyl transferase subunit beta [EC:6.4.1.2 2.1.3.15]	COG0777	AccD	Acetyl-CoA carboxylase beta subunit	HIMB4_00414	-5
NZ_JBPPFS010000001.1	385866	387134	+	HIMB4_00410	HIMB4	422	OG0000181	NA	NA	COG0285	FolC	Folylpolyglutamate synthase/Dihydropteroate synthase	HIMB4_00414	-4
NZ_JBPPFS010000001.1	387131	387448	-	HIMB4_00411	HIMB4	105	OG0000169	NA	NA	COG3118	CnoX	Chaperedoxin CnoX, contains thioredoxin-like and TPR-like domains, YbbN/TrxSC family	HIMB4_00414	-3
NZ_JBPPFS010000001.1	387515	388960	-	HIMB4_00412	HIMB4	481	OG0000183	NA	NA	COG2925	SbcB	Exonuclease I (degrades ssDNA)	HIMB4_00414	-2
NZ_JBPPFS010000001.1	388957	389643	-	HIMB4_00413	HIMB4	228	OG0001010	NA	NA	NA	NA	NA	HIMB4_00414	-1
NZ_JBPPFS010000001.1	389681	390778	-	HIMB4_00414	HIMB4	365	OG0001004	NA	NA	COG1322	RmuC	DNA anti-recombination protein (rearrangement mutator) RmuC	HIMB4_00414	0
NZ_JBPPFS010000001.1	390817	391509	-	HIMB4_00415	HIMB4	230	OG0000403	NA	NA	COG0040	HisG	ATP phosphoribosyltransferase	HIMB4_00414	1
NZ_JBPPFS010000001.1	391506	392552	-	HIMB4_00416	HIMB4	348	OG0000374	NA	NA	COG3705	HisZ	ATP phosphoribosyltransferase regulatory subunit HisZ	HIMB4_00414	2
NZ_JBPPFS010000001.1	392530	393924	-	HIMB4_00417	HIMB4	464	OG0000812	K01892	histidyl-tRNA synthetase [EC:6.1.1.21]	COG0124	HisS	Histidyl-tRNA synthetase	HIMB4_00414	3
NZ_JBPPFS010000001.1	394274	394486	-	HIMB4_00418	HIMB4	70	OG0000914	K03704	cold shock protein	COG1278	CspC	Cold shock protein, CspA family	HIMB4_00414	4
NZ_JBPPFS010000001.1	394646	394801	-	HIMB4_00420	HIMB4	51	OG0000905	K02518	translation initiation factor IF-1	COG0361	InfA	Translation initiation factor IF-1	HIMB4_00414	5
CP003809.1	1088348	1088809	-	HIMB5_01178	HIMB5	153	OG0001928	NA	NA	NA	NA	NA	HIMB5_01183	-5
CP003809.1	1088809	1089951	-	HIMB5_01179	HIMB5	380	OG0001782	NA	NA	COG4487	NA	Uncharacterized conserved protein, contains DUF2130 domain	HIMB5_01183	-4
CP003809.1	1089948	1092032	-	HIMB5_01180	HIMB5	694	OG0001927	NA	NA	NA	NA	NA	HIMB5_01183	-3
CP003809.1	1092032	1092448	-	HIMB5_01181	HIMB5	138	OG0001797	NA	NA	NA	NA	NA	HIMB5_01183	-2
CP003809.1	1092449	1093912	-	HIMB5_01182	HIMB5	487	OG0000183	NA	NA	COG2925	SbcB	Exonuclease I (degrades ssDNA)	HIMB5_01183	-1
CP003809.1	1093916	1094824	-	HIMB5_01183	HIMB5	302	OG0001004	NA	NA	COG1322	RmuC	DNA anti-recombination protein (rearrangement mutator) RmuC	HIMB5_01183	0
CP003809.1	1095046	1095732	-	HIMB5_01184	HIMB5	228	OG0001010	NA	NA	NA	NA	NA	HIMB5_01183	1
CP003809.1	1095764	1096282	-	HIMB5_01185	HIMB5	172	OG0001491	NA	NA	NA	NA	NA	HIMB5_01183	2
CP003809.1	1096266	1096811	-	HIMB5_01186	HIMB5	181	OG0001516	NA	NA	NA	NA	NA	HIMB5_01183	3
CP003809.1	1096978	1099098	+	HIMB5_01187	HIMB5	706	OG0001665	NA	NA	COG1061	SSL2	Superfamily II DNA or RNA helicase	HIMB5_01183	4
CP003809.1	1099098	1099271	+	HIMB5_01188	HIMB5	57	OG0003388	NA	NA	NA	NA	NA	HIMB5_01183	5
CH724130.1	726221	727150	+	HTCC1002_00785	HTCC1002	309	OG0000239	K01963	acetyl-CoA carboxylase carboxyl transferase subunit beta [EC:6.4.1.2 2.1.3.15]	COG0777	AccD	Acetyl-CoA carboxylase beta subunit	HTCC1002_00790	-5
CH724130.1	727104	728372	+	HTCC1002_00786	HTCC1002	422	OG0000181	NA	NA	COG0285	FolC	Folylpolyglutamate synthase/Dihydropteroate synthase	HTCC1002_00790	-4
CH724130.1	728369	728686	-	HTCC1002_00787	HTCC1002	105	OG0000169	NA	NA	COG3118	CnoX	Chaperedoxin CnoX, contains thioredoxin-like and TPR-like domains, YbbN/TrxSC family	HTCC1002_00790	-3
CH724130.1	728762	730189	-	HTCC1002_00788	HTCC1002	475	OG0000183	NA	NA	COG2925	SbcB	Exonuclease I (degrades ssDNA)	HTCC1002_00790	-2
CH724130.1	730191	730880	-	HTCC1002_00789	HTCC1002	229	OG0001010	NA	NA	NA	NA	NA	HTCC1002_00790	-1
CH724130.1	730918	732015	-	HTCC1002_00790	HTCC1002	365	OG0001004	NA	NA	COG1322	RmuC	DNA anti-recombination protein (rearrangement mutator) RmuC	HTCC1002_00790	0
CH724130.1	732080	732211	+	HTCC1002_00791	HTCC1002	43	OG0001245	NA	NA	NA	NA	NA	HTCC1002_00790	1
CH724130.1	732197	732886	-	HTCC1002_00792	HTCC1002	229	OG0000403	NA	NA	COG0040	HisG	ATP phosphoribosyltransferase	HTCC1002_00790	2
CH724130.1	732886	733938	-	HTCC1002_00793	HTCC1002	350	OG0000374	NA	NA	COG3705	HisZ	ATP phosphoribosyltransferase regulatory subunit HisZ	HTCC1002_00790	3
CH724130.1	733916	735313	-	HTCC1002_00794	HTCC1002	465	OG0000812	K01892	histidyl-tRNA synthetase [EC:6.1.1.21]	COG0124	HisS	Histidyl-tRNA synthetase	HTCC1002_00790	4
CH724130.1	735629	735841	-	HTCC1002_00796	HTCC1002	70	OG0000914	K03704	cold shock protein	COG1278	CspC	Cold shock protein, CspA family	HTCC1002_00790	5
KI421437.1	413173	414102	+	HTCC1013_00430	HTCC1013	309	OG0000239	K01963	acetyl-CoA carboxylase carboxyl transferase subunit beta [EC:6.4.1.2 2.1.3.15]	COG0777	AccD	Acetyl-CoA carboxylase beta subunit	HTCC1013_00435	-5
KI421437.1	414056	415324	+	HTCC1013_00431	HTCC1013	422	OG0000181	NA	NA	COG0285	FolC	Folylpolyglutamate synthase/Dihydropteroate synthase	HTCC1013_00435	-4
KI421437.1	415321	415638	-	HTCC1013_00432	HTCC1013	105	OG0000169	NA	NA	COG3118	CnoX	Chaperedoxin CnoX, contains thioredoxin-like and TPR-like domains, YbbN/TrxSC family	HTCC1013_00435	-3
KI421437.1	415714	417141	-	HTCC1013_00433	HTCC1013	475	OG0000183	NA	NA	COG2925	SbcB	Exonuclease I (degrades ssDNA)	HTCC1013_00435	-2
KI421437.1	417143	417832	-	HTCC1013_00434	HTCC1013	229	OG0001010	NA	NA	NA	NA	NA	HTCC1013_00435	-1
KI421437.1	417870	418967	-	HTCC1013_00435	HTCC1013	365	OG0001004	NA	NA	COG1322	RmuC	DNA anti-recombination protein (rearrangement mutator) RmuC	HTCC1013_00435	0
KI421437.1	419016	419285	-	HTCC1013_00436	HTCC1013	89	OG0002596	NA	NA	NA	NA	NA	HTCC1013_00435	1
KI421437.1	419297	419566	-	HTCC1013_00437	HTCC1013	89	NA	NA	NA	NA	NA	NA	HTCC1013_00435	2
KI421437.1	419811	420377	+	HTCC1013_00438	HTCC1013	188	OG0002507	NA	NA	NA	NA	NA	HTCC1013_00435	3
KI421437.1	420568	421314	+	HTCC1013_00439	HTCC1013	248	OG0003235	NA	NA	NA	NA	NA	HTCC1013_00435	4
KI421437.1	421365	423242	+	HTCC1013_00440	HTCC1013	625	OG0002128	NA	NA	NA	NA	NA	HTCC1013_00435	5
A3QGDRAFT_scaffold_0.1	387514	387726	+	HTCC1016_00415	HTCC1016	70	OG0000914	K03704	cold shock protein	COG1278	CspC	Cold shock protein, CspA family	HTCC1016_00421	-5
A3QGDRAFT_scaffold_0.1	388042	389439	+	HTCC1016_00417	HTCC1016	465	OG0000812	K01892	histidyl-tRNA synthetase [EC:6.1.1.21]	COG0124	HisS	Histidyl-tRNA synthetase	HTCC1016_00421	-4
A3QGDRAFT_scaffold_0.1	389417	390469	+	HTCC1016_00418	HTCC1016	350	OG0000374	NA	NA	COG3705	HisZ	ATP phosphoribosyltransferase regulatory subunit HisZ	HTCC1016_00421	-3
A3QGDRAFT_scaffold_0.1	390469	391158	+	HTCC1016_00419	HTCC1016	229	OG0000403	NA	NA	COG0040	HisG	ATP phosphoribosyltransferase	HTCC1016_00421	-2
A3QGDRAFT_scaffold_0.1	391144	391275	-	HTCC1016_00420	HTCC1016	43	OG0001245	NA	NA	NA	NA	NA	HTCC1016_00421	-1
A3QGDRAFT_scaffold_0.1	391340	392437	+	HTCC1016_00421	HTCC1016	365	OG0001004	NA	NA	COG1322	RmuC	DNA anti-recombination protein (rearrangement mutator) RmuC	HTCC1016_00421	0
A3QGDRAFT_scaffold_0.1	392475	393164	+	HTCC1016_00422	HTCC1016	229	OG0001010	NA	NA	NA	NA	NA	HTCC1016_00421	1
A3QGDRAFT_scaffold_0.1	393166	394593	+	HTCC1016_00423	HTCC1016	475	OG0000183	NA	NA	COG2925	SbcB	Exonuclease I (degrades ssDNA)	HTCC1016_00421	2
A3QGDRAFT_scaffold_0.1	394669	394986	+	HTCC1016_00424	HTCC1016	105	OG0000169	NA	NA	COG3118	CnoX	Chaperedoxin CnoX, contains thioredoxin-like and TPR-like domains, YbbN/TrxSC family	HTCC1016_00421	3
A3QGDRAFT_scaffold_0.1	394983	396251	-	HTCC1016_00425	HTCC1016	422	OG0000181	NA	NA	COG0285	FolC	Folylpolyglutamate synthase/Dihydropteroate synthase	HTCC1016_00421	4
A3QGDRAFT_scaffold_0.1	396205	397134	-	HTCC1016_00426	HTCC1016	309	OG0000239	K01963	acetyl-CoA carboxylase carboxyl transferase subunit beta [EC:6.4.1.2 2.1.3.15]	COG0777	AccD	Acetyl-CoA carboxylase beta subunit	HTCC1016_00421	5
ARVY01000001.1	303437	303649	+	HTCC1040_00323	HTCC1040	70	OG0000914	K03704	cold shock protein	COG1278	CspC	Cold shock protein, CspA family	HTCC1040_00329	-5
ARVY01000001.1	303965	305362	+	HTCC1040_00325	HTCC1040	465	OG0000812	K01892	histidyl-tRNA synthetase [EC:6.1.1.21]	COG0124	HisS	Histidyl-tRNA synthetase	HTCC1040_00329	-4
ARVY01000001.1	305340	306392	+	HTCC1040_00326	HTCC1040	350	OG0000374	NA	NA	COG3705	HisZ	ATP phosphoribosyltransferase regulatory subunit HisZ	HTCC1040_00329	-3
ARVY01000001.1	306392	307081	+	HTCC1040_00327	HTCC1040	229	OG0000403	NA	NA	COG0040	HisG	ATP phosphoribosyltransferase	HTCC1040_00329	-2
ARVY01000001.1	307067	307198	-	HTCC1040_00328	HTCC1040	43	OG0001245	NA	NA	NA	NA	NA	HTCC1040_00329	-1
ARVY01000001.1	307263	308360	+	HTCC1040_00329	HTCC1040	365	OG0001004	NA	NA	COG1322	RmuC	DNA anti-recombination protein (rearrangement mutator) RmuC	HTCC1040_00329	0
ARVY01000001.1	308398	309087	+	HTCC1040_00330	HTCC1040	229	OG0001010	NA	NA	NA	NA	NA	HTCC1040_00329	1
ARVY01000001.1	309089	310516	+	HTCC1040_00331	HTCC1040	475	OG0000183	NA	NA	COG2925	SbcB	Exonuclease I (degrades ssDNA)	HTCC1040_00329	2
ARVY01000001.1	310592	310909	+	HTCC1040_00332	HTCC1040	105	OG0000169	NA	NA	COG3118	CnoX	Chaperedoxin CnoX, contains thioredoxin-like and TPR-like domains, YbbN/TrxSC family	HTCC1040_00329	3
ARVY01000001.1	310906	312174	-	HTCC1040_00333	HTCC1040	422	OG0000181	NA	NA	COG0285	FolC	Folylpolyglutamate synthase/Dihydropteroate synthase	HTCC1040_00329	4
ARVY01000001.1	312128	313057	-	HTCC1040_00334	HTCC1040	309	OG0000239	K01963	acetyl-CoA carboxylase carboxyl transferase subunit beta [EC:6.4.1.2 2.1.3.15]	COG0777	AccD	Acetyl-CoA carboxylase beta subunit	HTCC1040_00329	5
CP000084.1	466720	466932	+	HTCC1062_00484	HTCC1062	70	OG0000914	K03704	cold shock protein	COG1278	CspC	Cold shock protein, CspA family	HTCC1062_00490	-5
CP000084.1	467248	468645	+	HTCC1062_00486	HTCC1062	465	OG0000812	K01892	histidyl-tRNA synthetase [EC:6.1.1.21]	COG0124	HisS	Histidyl-tRNA synthetase	HTCC1062_00490	-4
CP000084.1	468623	469675	+	HTCC1062_00487	HTCC1062	350	OG0000374	NA	NA	COG3705	HisZ	ATP phosphoribosyltransferase regulatory subunit HisZ	HTCC1062_00490	-3
CP000084.1	469675	470364	+	HTCC1062_00488	HTCC1062	229	OG0000403	NA	NA	COG0040	HisG	ATP phosphoribosyltransferase	HTCC1062_00490	-2
CP000084.1	470350	470481	-	HTCC1062_00489	HTCC1062	43	OG0001245	NA	NA	NA	NA	NA	HTCC1062_00490	-1
CP000084.1	470546	471643	+	HTCC1062_00490	HTCC1062	365	OG0001004	NA	NA	COG1322	RmuC	DNA anti-recombination protein (rearrangement mutator) RmuC	HTCC1062_00490	0
CP000084.1	471681	472370	+	HTCC1062_00491	HTCC1062	229	OG0001010	NA	NA	NA	NA	NA	HTCC1062_00490	1
CP000084.1	472372	473799	+	HTCC1062_00492	HTCC1062	475	OG0000183	NA	NA	COG2925	SbcB	Exonuclease I (degrades ssDNA)	HTCC1062_00490	2
CP000084.1	473875	474192	+	HTCC1062_00493	HTCC1062	105	OG0000169	NA	NA	COG3118	CnoX	Chaperedoxin CnoX, contains thioredoxin-like and TPR-like domains, YbbN/TrxSC family	HTCC1062_00490	3
CP000084.1	474189	475457	-	HTCC1062_00494	HTCC1062	422	OG0000181	NA	NA	COG0285	FolC	Folylpolyglutamate synthase/Dihydropteroate synthase	HTCC1062_00490	4
CP000084.1	475411	476340	-	HTCC1062_00495	HTCC1062	309	OG0000239	K01963	acetyl-CoA carboxylase carboxyl transferase subunit beta [EC:6.4.1.2 2.1.3.15]	COG0777	AccD	Acetyl-CoA carboxylase beta subunit	HTCC1062_00490	5
DS995298.1	83230	84159	+	HTCC7211_00087	HTCC7211	309	OG0000239	K01963	acetyl-CoA carboxylase carboxyl transferase subunit beta [EC:6.4.1.2 2.1.3.15]	COG0777	AccD	Acetyl-CoA carboxylase beta subunit	HTCC7211_00092	-5
DS995298.1	84113	85381	+	HTCC7211_00088	HTCC7211	422	OG0000181	NA	NA	COG0285	FolC	Folylpolyglutamate synthase/Dihydropteroate synthase	HTCC7211_00092	-4
DS995298.1	85378	85695	-	HTCC7211_00089	HTCC7211	105	OG0000169	NA	NA	COG3118	CnoX	Chaperedoxin CnoX, contains thioredoxin-like and TPR-like domains, YbbN/TrxSC family	HTCC7211_00092	-3
DS995298.1	85762	87207	-	HTCC7211_00090	HTCC7211	481	OG0000183	NA	NA	COG2925	SbcB	Exonuclease I (degrades ssDNA)	HTCC7211_00092	-2
DS995298.1	87204	87890	-	HTCC7211_00091	HTCC7211	228	OG0001010	NA	NA	COG1074	RecB	3'-5' helicase subunit RecB of the DNA repair enzyme RecBCD (exonuclease V)	HTCC7211_00092	-1
DS995298.1	87928	89025	-	HTCC7211_00092	HTCC7211	365	OG0001004	NA	NA	COG1322	RmuC	DNA anti-recombination protein (rearrangement mutator) RmuC	HTCC7211_00092	0
DS995298.1	89091	89222	+	HTCC7211_00093	HTCC7211	43	OG0001245	NA	NA	NA	NA	NA	HTCC7211_00092	1
DS995298.1	89205	89897	-	HTCC7211_00094	HTCC7211	230	OG0000403	NA	NA	COG0040	HisG	ATP phosphoribosyltransferase	HTCC7211_00092	2
DS995298.1	89897	90949	-	HTCC7211_00095	HTCC7211	350	OG0000374	NA	NA	COG3705	HisZ	ATP phosphoribosyltransferase regulatory subunit HisZ	HTCC7211_00092	3
DS995298.1	90927	92321	-	HTCC7211_00096	HTCC7211	464	OG0000812	K01892	histidyl-tRNA synthetase [EC:6.1.1.21]	COG0124	HisS	Histidyl-tRNA synthetase	HTCC7211_00092	4
DS995298.1	92634	92846	-	HTCC7211_00098	HTCC7211	70	OG0000914	K03704	cold shock protein	COG1278	CspC	Cold shock protein, CspA family	HTCC7211_00092	5
KL370779.1	545805	546017	+	HTCC7214_00568	HTCC7214	70	OG0000914	K03704	cold shock protein	COG1278	CspC	Cold shock protein, CspA family	HTCC7214_00574	-5
KL370779.1	546330	547724	+	HTCC7214_00570	HTCC7214	464	OG0000812	K01892	histidyl-tRNA synthetase [EC:6.1.1.21]	COG0124	HisS	Histidyl-tRNA synthetase	HTCC7214_00574	-4
KL370779.1	547702	548754	+	HTCC7214_00571	HTCC7214	350	OG0000374	NA	NA	COG3705	HisZ	ATP phosphoribosyltransferase regulatory subunit HisZ	HTCC7214_00574	-3
KL370779.1	548754	549446	+	HTCC7214_00572	HTCC7214	230	OG0000403	NA	NA	COG0040	HisG	ATP phosphoribosyltransferase	HTCC7214_00574	-2
KL370779.1	549429	549560	-	HTCC7214_00573	HTCC7214	43	OG0001245	NA	NA	NA	NA	NA	HTCC7214_00574	-1
KL370779.1	549626	550723	+	HTCC7214_00574	HTCC7214	365	OG0001004	NA	NA	COG1322	RmuC	DNA anti-recombination protein (rearrangement mutator) RmuC	HTCC7214_00574	0
KL370779.1	550761	551447	+	HTCC7214_00575	HTCC7214	228	OG0001010	NA	NA	COG1074	RecB	3'-5' helicase subunit RecB of the DNA repair enzyme RecBCD (exonuclease V)	HTCC7214_00574	1
KL370779.1	551444	552889	+	HTCC7214_00576	HTCC7214	481	OG0000183	NA	NA	COG2925	SbcB	Exonuclease I (degrades ssDNA)	HTCC7214_00574	2
KL370779.1	552956	553273	+	HTCC7214_00577	HTCC7214	105	OG0000169	NA	NA	COG3118	CnoX	Chaperedoxin CnoX, contains thioredoxin-like and TPR-like domains, YbbN/TrxSC family	HTCC7214_00574	3
KL370779.1	553270	554538	-	HTCC7214_00578	HTCC7214	422	OG0000181	NA	NA	COG0285	FolC	Folylpolyglutamate synthase/Dihydropteroate synthase	HTCC7214_00574	4
KL370779.1	554492	555421	-	HTCC7214_00579	HTCC7214	309	OG0000239	K01963	acetyl-CoA carboxylase carboxyl transferase subunit beta [EC:6.4.1.2 2.1.3.15]	COG0777	AccD	Acetyl-CoA carboxylase beta subunit	HTCC7214_00574	5
KI421440.1	1164264	1165193	+	HTCC8051_01249	HTCC8051	309	OG0000239	K01963	acetyl-CoA carboxylase carboxyl transferase subunit beta [EC:6.4.1.2 2.1.3.15]	COG0777	AccD	Acetyl-CoA carboxylase beta subunit	HTCC8051_01254	-5
KI421440.1	1165147	1166415	+	HTCC8051_01250	HTCC8051	422	OG0000181	NA	NA	COG0285	FolC	Folylpolyglutamate synthase/Dihydropteroate synthase	HTCC8051_01254	-4
KI421440.1	1166412	1166729	-	HTCC8051_01251	HTCC8051	105	OG0000169	NA	NA	COG3118	CnoX	Chaperedoxin CnoX, contains thioredoxin-like and TPR-like domains, YbbN/TrxSC family	HTCC8051_01254	-3
KI421440.1	1166796	1168229	-	HTCC8051_01252	HTCC8051	477	OG0000183	NA	NA	COG2925	SbcB	Exonuclease I (degrades ssDNA)	HTCC8051_01254	-2
KI421440.1	1168238	1168924	-	HTCC8051_01253	HTCC8051	228	OG0001010	NA	NA	COG1074	RecB	3'-5' helicase subunit RecB of the DNA repair enzyme RecBCD (exonuclease V)	HTCC8051_01254	-1
KI421440.1	1168962	1170059	-	HTCC8051_01254	HTCC8051	365	OG0001004	NA	NA	COG1322	RmuC	DNA anti-recombination protein (rearrangement mutator) RmuC	HTCC8051_01254	0
KI421440.1	1170125	1170256	+	HTCC8051_01255	HTCC8051	43	OG0001245	NA	NA	NA	NA	NA	HTCC8051_01254	1
KI421440.1	1170239	1170931	-	HTCC8051_01256	HTCC8051	230	OG0000403	NA	NA	COG0040	HisG	ATP phosphoribosyltransferase	HTCC8051_01254	2
KI421440.1	1170931	1171983	-	HTCC8051_01257	HTCC8051	350	OG0000374	NA	NA	COG3705	HisZ	ATP phosphoribosyltransferase regulatory subunit HisZ	HTCC8051_01254	3
KI421440.1	1171961	1173355	-	HTCC8051_01258	HTCC8051	464	OG0000812	K01892	histidyl-tRNA synthetase [EC:6.1.1.21]	COG0124	HisS	Histidyl-tRNA synthetase	HTCC8051_01254	4
KI421440.1	1173658	1173870	-	HTCC8051_01260	HTCC8051	70	OG0000914	K03704	cold shock protein	COG1278	CspC	Cold shock protein, CspA family	HTCC8051_01254	5
AWZW01000001.1	291880	292095	+	HTCC9022_00314	HTCC9022	71	OG0000914	K03704	cold shock protein	COG1278	CspC	Cold shock protein, CspA family	HTCC9022_00320	-5
AWZW01000001.1	292399	293793	+	HTCC9022_00316	HTCC9022	464	OG0000812	K01892	histidyl-tRNA synthetase [EC:6.1.1.21]	COG0124	HisS	Histidyl-tRNA synthetase	HTCC9022_00320	-4
AWZW01000001.1	293771	294823	+	HTCC9022_00317	HTCC9022	350	OG0000374	NA	NA	COG3705	HisZ	ATP phosphoribosyltransferase regulatory subunit HisZ	HTCC9022_00320	-3
AWZW01000001.1	294823	295515	+	HTCC9022_00318	HTCC9022	230	OG0000403	NA	NA	COG0040	HisG	ATP phosphoribosyltransferase	HTCC9022_00320	-2
AWZW01000001.1	295498	295629	-	HTCC9022_00319	HTCC9022	43	OG0001245	NA	NA	NA	NA	NA	HTCC9022_00320	-1
AWZW01000001.1	295695	296792	+	HTCC9022_00320	HTCC9022	365	OG0001004	NA	NA	COG1322	RmuC	DNA anti-recombination protein (rearrangement mutator) RmuC	HTCC9022_00320	0
AWZW01000001.1	296830	297516	+	HTCC9022_00321	HTCC9022	228	OG0001010	NA	NA	COG1074	RecB	3'-5' helicase subunit RecB of the DNA repair enzyme RecBCD (exonuclease V)	HTCC9022_00320	1
AWZW01000001.1	297513	298958	+	HTCC9022_00322	HTCC9022	481	OG0000183	NA	NA	COG2925	SbcB	Exonuclease I (degrades ssDNA)	HTCC9022_00320	2
AWZW01000001.1	299025	299342	+	HTCC9022_00323	HTCC9022	105	OG0000169	NA	NA	COG3118	CnoX	Chaperedoxin CnoX, contains thioredoxin-like and TPR-like domains, YbbN/TrxSC family	HTCC9022_00320	3
AWZW01000001.1	299339	300607	-	HTCC9022_00324	HTCC9022	422	OG0000181	NA	NA	COG0285	FolC	Folylpolyglutamate synthase/Dihydropteroate synthase	HTCC9022_00320	4
AWZW01000001.1	300561	301490	-	HTCC9022_00325	HTCC9022	309	OG0000239	K01963	acetyl-CoA carboxylase carboxyl transferase subunit beta [EC:6.4.1.2 2.1.3.15]	COG0777	AccD	Acetyl-CoA carboxylase beta subunit	HTCC9022_00320	5
CP024034.1	125715	126002	-	LSUCC0530_00145	LSUCC0530	95	OG0000015	NA	NA	COG5470	NA	Uncharacterized conserved protein, DUF1330 family	LSUCC0530_00150	-5
CP024034.1	126109	126609	+	LSUCC0530_00146	LSUCC0530	166	OG0001131	K01759	lactoylglutathione lyase [EC:4.4.1.5]	COG0346	GloA	Glyoxalase, catechol 2,3-dioxygenase or related enzyme, vicinal oxygen chelate (VOC) family	LSUCC0530_00150	-4
CP024034.1	126619	127002	+	LSUCC0530_00147	LSUCC0530	127	NA	NA	NA	NA	NA	NA	LSUCC0530_00150	-3
CP024034.1	127249	127827	+	LSUCC0530_00148	LSUCC0530	192	OG0001516	NA	NA	NA	NA	NA	LSUCC0530_00150	-2
CP024034.1	127824	128330	+	LSUCC0530_00149	LSUCC0530	168	OG0001491	NA	NA	NA	NA	NA	LSUCC0530_00150	-1
CP024034.1	128443	129336	+	LSUCC0530_00150	LSUCC0530	297	OG0001004	NA	NA	COG1322	RmuC	DNA anti-recombination protein (rearrangement mutator) RmuC	LSUCC0530_00150	0
CP024034.1	129333	130757	+	LSUCC0530_00151	LSUCC0530	474	OG0000183	K01141	exodeoxyribonuclease I [EC:3.1.11.1]	COG2925	SbcB	Exonuclease I (degrades ssDNA)	LSUCC0530_00150	1
CP024034.1	130765	131730	+	LSUCC0530_00152	LSUCC0530	321	OG0001295	K07147	methionine sulfoxide reductase catalytic subunit [EC:1.8.-.-]	COG2041	MsrP	Molybdopterin-dependent catalytic subunit of periplasmic DMSO/TMAO and protein-methionine-sulfoxide reductases	LSUCC0530_00150	2
CP024034.1	131737	132330	+	LSUCC0530_00153	LSUCC0530	197	OG0001291	K17247	methionine sulfoxide reductase heme-binding subunit	COG2717	MsrQ	Heme-binding membrane subunit of periplasmic DMSO/TMAO and protein-methionine-sulfoxide reductases	LSUCC0530_00150	3
CP024034.1	132421	132741	+	LSUCC0530_00154	LSUCC0530	106	OG0000169	K03671	thioredoxin 1	COG3118	CnoX	Chaperedoxin CnoX, contains thioredoxin-like and TPR-like domains, YbbN/TrxSC family	LSUCC0530_00150	4
CP024034.1	132738	133997	-	LSUCC0530_00155	LSUCC0530	419	OG0000181	K11754	dihydrofolate synthase / folylpolyglutamate synthase [EC:6.3.2.12 6.3.2.17]	COG0285	FolC	Folylpolyglutamate synthase/Dihydropteroate synthase	LSUCC0530_00150	5
OZ249404.1	111816	112037	-	ME-17_00135	ME-17	73	OG0004338	NA	NA	NA	NA	NA	ME-17_00140	-5
OZ249404.1	112047	112817	-	ME-17_00136	ME-17	256	OG0002527	NA	NA	NA	NA	NA	ME-17_00140	-4
OZ249404.1	113006	113458	+	ME-17_00137	ME-17	150	OG0003136	NA	NA	NA	NA	NA	ME-17_00140	-3
OZ249404.1	113494	114072	+	ME-17_00138	ME-17	192	OG0001516	NA	NA	NA	NA	NA	ME-17_00140	-2
OZ249404.1	114082	114546	+	ME-17_00139	ME-17	154	OG0001491	NA	NA	NA	NA	NA	ME-17_00140	-1
OZ249404.1	114660	115553	+	ME-17_00140	ME-17	297	OG0001004	NA	NA	COG1322	RmuC	DNA anti-recombination protein (rearrangement mutator) RmuC	ME-17_00140	0
OZ249404.1	115550	116974	+	ME-17_00141	ME-17	474	OG0000183	NA	NA	COG2925	SbcB	Exonuclease I (degrades ssDNA)	ME-17_00140	1
OZ249404.1	117030	117350	+	ME-17_00142	ME-17	106	OG0000169	K03671	thioredoxin 1	COG3118	CnoX	Chaperedoxin CnoX, contains thioredoxin-like and TPR-like domains, YbbN/TrxSC family	ME-17_00140	2
OZ249404.1	117347	118606	-	ME-17_00143	ME-17	419	OG0000181	K11754	dihydrofolate synthase / folylpolyglutamate synthase [EC:6.3.2.12 6.3.2.17]	COG0285	FolC	Folylpolyglutamate synthase/Dihydropteroate synthase	ME-17_00140	3
OZ249404.1	118578	119519	-	ME-17_00144	ME-17	313	OG0000239	K01963	acetyl-CoA carboxylase carboxyl transferase subunit beta [EC:6.4.1.2 2.1.3.15]	COG0777	AccD	Acetyl-CoA carboxylase beta subunit	ME-17_00140	4
OZ249404.1	119516	120319	-	ME-17_00145	ME-17	267	OG0000196	K01695	tryptophan synthase alpha chain [EC:4.2.1.20]	COG0159	TrpA	Tryptophan synthase alpha chain	ME-17_00140	5
OZ247816.1	125273	125518	-	ME-20_00149	ME-20	81	OG0002071	NA	NA	NA	NA	NA	ME-20_00154	-5
OZ247816.1	125519	126523	-	ME-20_00150	ME-20	334	OG0001361	NA	NA	COG4571	OmpT	Outer membrane protease	ME-20_00154	-4
OZ247816.1	126716	127168	+	ME-20_00151	ME-20	150	OG0003136	NA	NA	NA	NA	NA	ME-20_00154	-3
OZ247816.1	127204	127782	+	ME-20_00152	ME-20	192	OG0001516	NA	NA	NA	NA	NA	ME-20_00154	-2
OZ247816.1	127792	128256	+	ME-20_00153	ME-20	154	OG0001491	NA	NA	NA	NA	NA	ME-20_00154	-1
OZ247816.1	128370	129263	+	ME-20_00154	ME-20	297	OG0001004	NA	NA	COG1322	RmuC	DNA anti-recombination protein (rearrangement mutator) RmuC	ME-20_00154	0
OZ247816.1	129260	130684	+	ME-20_00155	ME-20	474	OG0000183	NA	NA	COG2925	SbcB	Exonuclease I (degrades ssDNA)	ME-20_00154	1
OZ247816.1	130740	131060	+	ME-20_00156	ME-20	106	OG0000169	K03671	thioredoxin 1	COG3118	CnoX	Chaperedoxin CnoX, contains thioredoxin-like and TPR-like domains, YbbN/TrxSC family	ME-20_00154	2
OZ247816.1	131057	132316	-	ME-20_00157	ME-20	419	OG0000181	K11754	dihydrofolate synthase / folylpolyglutamate synthase [EC:6.3.2.12 6.3.2.17]	COG0285	FolC	Folylpolyglutamate synthase/Dihydropteroate synthase	ME-20_00154	3
OZ247816.1	132288	133229	-	ME-20_00158	ME-20	313	OG0000239	K01963	acetyl-CoA carboxylase carboxyl transferase subunit beta [EC:6.4.1.2 2.1.3.15]	COG0777	AccD	Acetyl-CoA carboxylase beta subunit	ME-20_00154	4
OZ247816.1	133226	134029	-	ME-20_00159	ME-20	267	OG0000196	K01695	tryptophan synthase alpha chain [EC:4.2.1.20]	COG0159	TrpA	Tryptophan synthase alpha chain	ME-20_00154	5
OZ247817.1	116547	116723	+	ME-31_00141	ME-31	58	OG0002381	NA	NA	NA	NA	NA	ME-31_00146	-5
OZ247817.1	116729	119821	+	ME-31_00142	ME-31	1030	OG0001696	NA	NA	COG4889	NA	Predicted helicase	ME-31_00146	-4
OZ247817.1	119933	120334	+	ME-31_00143	ME-31	133	OG0003136	NA	NA	NA	NA	NA	ME-31_00146	-3
OZ247817.1	120416	120988	+	ME-31_00144	ME-31	190	OG0001516	NA	NA	NA	NA	NA	ME-31_00146	-2
OZ247817.1	120997	121461	+	ME-31_00145	ME-31	154	OG0001491	NA	NA	NA	NA	NA	ME-31_00146	-1
OZ247817.1	121574	122467	+	ME-31_00146	ME-31	297	OG0001004	NA	NA	COG1322	RmuC	DNA anti-recombination protein (rearrangement mutator) RmuC	ME-31_00146	0
OZ247817.1	122464	123888	+	ME-31_00147	ME-31	474	OG0000183	NA	NA	COG2925	SbcB	Exonuclease I (degrades ssDNA)	ME-31_00146	1
OZ247817.1	123944	124264	+	ME-31_00148	ME-31	106	OG0000169	K03671	thioredoxin 1	COG3118	CnoX	Chaperedoxin CnoX, contains thioredoxin-like and TPR-like domains, YbbN/TrxSC family	ME-31_00146	2
OZ247817.1	124261	125520	-	ME-31_00149	ME-31	419	OG0000181	K11754	dihydrofolate synthase / folylpolyglutamate synthase [EC:6.3.2.12 6.3.2.17]	COG0285	FolC	Folylpolyglutamate synthase/Dihydropteroate synthase	ME-31_00146	3
OZ247817.1	125492	126433	-	ME-31_00150	ME-31	313	OG0000239	K01963	acetyl-CoA carboxylase carboxyl transferase subunit beta [EC:6.4.1.2 2.1.3.15]	COG0777	AccD	Acetyl-CoA carboxylase beta subunit	ME-31_00146	4
OZ247817.1	126430	127233	-	ME-31_00151	ME-31	267	OG0000196	K01695	tryptophan synthase alpha chain [EC:4.2.1.20]	COG0159	TrpA	Tryptophan synthase alpha chain	ME-31_00146	5
OZ247815.1	120938	121231	+	ME-33_00146	ME-33	97	OG0000599	NA	NA	NA	NA	NA	ME-33_00151	-5
OZ247815.1	121279	121638	+	ME-33_00147	ME-33	119	OG0002073	NA	NA	NA	NA	NA	ME-33_00151	-4
OZ247815.1	121740	122141	+	ME-33_00148	ME-33	133	OG0003136	NA	NA	NA	NA	NA	ME-33_00151	-3
OZ247815.1	122222	122794	+	ME-33_00149	ME-33	190	OG0001516	NA	NA	NA	NA	NA	ME-33_00151	-2
OZ247815.1	122804	123268	+	ME-33_00150	ME-33	154	OG0001491	NA	NA	NA	NA	NA	ME-33_00151	-1
OZ247815.1	123383	124276	+	ME-33_00151	ME-33	297	OG0001004	NA	NA	COG1322	RmuC	DNA anti-recombination protein (rearrangement mutator) RmuC	ME-33_00151	0
OZ247815.1	124273	125697	+	ME-33_00152	ME-33	474	OG0000183	NA	NA	COG2925	SbcB	Exonuclease I (degrades ssDNA)	ME-33_00151	1
OZ247815.1	125753	126073	+	ME-33_00153	ME-33	106	OG0000169	K03671	thioredoxin 1	COG3118	CnoX	Chaperedoxin CnoX, contains thioredoxin-like and TPR-like domains, YbbN/TrxSC family	ME-33_00151	2
OZ247815.1	126070	127329	-	ME-33_00154	ME-33	419	OG0000181	K11754	dihydrofolate synthase / folylpolyglutamate synthase [EC:6.3.2.12 6.3.2.17]	COG0285	FolC	Folylpolyglutamate synthase/Dihydropteroate synthase	ME-33_00151	3
OZ247815.1	127301	128242	-	ME-33_00155	ME-33	313	OG0000239	K01963	acetyl-CoA carboxylase carboxyl transferase subunit beta [EC:6.4.1.2 2.1.3.15]	COG0777	AccD	Acetyl-CoA carboxylase beta subunit	ME-33_00151	4
OZ247815.1	128239	129042	-	ME-33_00156	ME-33	267	OG0000196	K01695	tryptophan synthase alpha chain [EC:4.2.1.20]	COG0159	TrpA	Tryptophan synthase alpha chain	ME-33_00151	5
NTJN01000001.1	68	559	+	MED-G40_00001	MED-G40	163	OG0000181	NA	NA	COG0285	FolC	Folylpolyglutamate synthase/Dihydropteroate synthase	MED-G40_00004	-3
NTJN01000001.1	556	876	-	MED-G40_00002	MED-G40	106	OG0000169	K03671	thioredoxin 1	COG3118	CnoX	Chaperedoxin CnoX, contains thioredoxin-like and TPR-like domains, YbbN/TrxSC family	MED-G40_00004	-2
NTJN01000001.1	911	2332	-	MED-G40_00003	MED-G40	473	OG0000183	NA	NA	COG2925	SbcB	Exonuclease I (degrades ssDNA)	MED-G40_00004	-1
NTJN01000001.1	2341	2478	-	MED-G40_00004	MED-G40	45	OG0001004	NA	NA	NA	NA	NA	MED-G40_00004	0
NTJN01000001.1	2508	2642	+	MED-G40_00005	MED-G40	44	OG0001817	NA	NA	NA	NA	NA	MED-G40_00004	1
NTJN01000001.1	2809	3006	+	MED-G40_00006	MED-G40	65	OG0001436	NA	NA	NA	NA	NA	MED-G40_00004	2
NTJN01000001.1	3077	4123	+	MED-G40_00007	MED-G40	348	OG0000392	K13985	N-acyl-phosphatidylethanolamine-hydrolysing phospholipase D [EC:3.1.4.54]	COG2220	UlaG	L-ascorbate lactonase UlaG, metallo-beta-lactamase superfamily	MED-G40_00004	3
NTJN01000001.1	4120	5274	-	MED-G40_00008	MED-G40	384	OG0000687	NA	NA	COG1196	Smc	Chromosome segregation ATPase Smc	MED-G40_00004	4
NTJN01000001.1	5300	6502	-	MED-G40_00009	MED-G40	400	OG0000894	K00574	cyclopropane-fatty-acyl-phospholipid synthase [EC:2.1.1.79]	COG2230	Cfa	Cyclopropane fatty-acyl-phospholipid synthase and related methyltransferases	MED-G40_00004	5
NZIO01000048.1	10407	11207	+	MED605_01569	MED605	266	OG0000196	K01695	tryptophan synthase alpha chain [EC:4.2.1.20]	COG0159	TrpA	Tryptophan synthase alpha chain	MED605_01574	-5
NZIO01000048.1	11204	12139	+	MED605_01570	MED605	311	OG0000239	K01963	acetyl-CoA carboxylase carboxyl transferase subunit beta [EC:6.4.1.2 2.1.3.15]	COG0777	AccD	Acetyl-CoA carboxylase beta subunit	MED605_01574	-4
NZIO01000048.1	12090	13355	+	MED605_01571	MED605	421	OG0000181	NA	NA	COG0285	FolC	Folylpolyglutamate synthase/Dihydropteroate synthase	MED605_01574	-3
NZIO01000048.1	13352	13672	-	MED605_01572	MED605	106	OG0000169	K03671	thioredoxin 1	COG3118	CnoX	Chaperedoxin CnoX, contains thioredoxin-like and TPR-like domains, YbbN/TrxSC family	MED605_01574	-2
NZIO01000048.1	13707	15125	-	MED605_01573	MED605	472	OG0000183	NA	NA	COG2925	SbcB	Exonuclease I (degrades ssDNA)	MED605_01574	-1
NZIO01000048.1	15134	16174	-	MED605_01574	MED605	346	OG0001004	NA	NA	COG1322	RmuC	DNA anti-recombination protein (rearrangement mutator) RmuC	MED605_01574	0
NZIO01000048.1	16222	17499	-	MED605_01575	MED605	425	OG0000687	NA	NA	COG1196	Smc	Chromosome segregation ATPase Smc	MED605_01574	1
NZIO01000048.1	17532	18740	-	MED605_01576	MED605	402	OG0000894	K00574	cyclopropane-fatty-acyl-phospholipid synthase [EC:2.1.1.79]	COG2230	Cfa	Cyclopropane fatty-acyl-phospholipid synthase and related methyltransferases	MED605_01574	2
NZIO01000048.1	18742	19617	-	MED605_01577	MED605	291	OG0000738	NA	NA	COG0329	DapA	4-hydroxy-tetrahydrodipicolinate synthase/N-acetylneuraminate lyase	MED605_01574	3
NZIO01000048.1	19661	20161	-	MED605_01578	MED605	166	OG0000756	NA	NA	COG0484	DnaJ	DnaJ molecular chaperone, contains DnaJ and DnaJ_C  domains	MED605_01574	4
NZIO01000048.1	20180	22264	+	MED605_01579	MED605	694	OG0000410	K01354	oligopeptidase B [EC:3.4.21.83]	COG1770	PtrB	Protease II	MED605_01574	5
OZ247814.1	245780	246583	+	MKE-138_00283	MKE-138	267	OG0000196	K01695	tryptophan synthase alpha chain [EC:4.2.1.20]	COG0159	TrpA	Tryptophan synthase alpha chain	MKE-138_00288	-5
OZ247814.1	246580	247521	+	MKE-138_00284	MKE-138	313	OG0000239	K01963	acetyl-CoA carboxylase carboxyl transferase subunit beta [EC:6.4.1.2 2.1.3.15]	COG0777	AccD	Acetyl-CoA carboxylase beta subunit	MKE-138_00288	-4
OZ247814.1	247493	248752	+	MKE-138_00285	MKE-138	419	OG0000181	K11754	dihydrofolate synthase / folylpolyglutamate synthase [EC:6.3.2.12 6.3.2.17]	COG0285	FolC	Folylpolyglutamate synthase/Dihydropteroate synthase	MKE-138_00288	-3
OZ247814.1	248749	249069	-	MKE-138_00286	MKE-138	106	OG0000169	K03671	thioredoxin 1	COG3118	CnoX	Chaperedoxin CnoX, contains thioredoxin-like and TPR-like domains, YbbN/TrxSC family	MKE-138_00288	-2
OZ247814.1	249125	250549	-	MKE-138_00287	MKE-138	474	OG0000183	NA	NA	COG2925	SbcB	Exonuclease I (degrades ssDNA)	MKE-138_00288	-1
OZ247814.1	250546	251445	-	MKE-138_00288	MKE-138	299	OG0001004	NA	NA	COG1322	RmuC	DNA anti-recombination protein (rearrangement mutator) RmuC	MKE-138_00288	0
OZ247814.1	251605	251898	-	MKE-138_00289	MKE-138	97	OG0000599	NA	NA	NA	NA	NA	MKE-138_00288	1
OZ247814.1	252116	252583	+	MKE-138_00290	MKE-138	155	OG0000150	K03640	peptidoglycan-associated lipoprotein	COG2885	OmpA	Outer membrane protein OmpA and related peptidoglycan-associated (lipo)proteins	MKE-138_00288	2
OZ247814.1	252618	253046	+	MKE-138_00291	MKE-138	142	OG0002774	NA	NA	NA	NA	NA	MKE-138_00288	3
OZ247814.1	253050	253226	+	MKE-138_00292	MKE-138	58	OG0003396	NA	NA	NA	NA	NA	MKE-138_00288	4
OZ247814.1	253252	253341	+	MKE-138_00293	MKE-138	29	OG0003395	NA	NA	NA	NA	NA	MKE-138_00288	5
OZ249405.1	117754	118059	-	MiE-29_00139	MiE-29	101	NA	NA	NA	NA	NA	NA	MiE-29_00144	-5
OZ249405.1	118181	118888	+	MiE-29_00140	MiE-29	235	NA	NA	NA	NA	NA	NA	MiE-29_00144	-4
OZ249405.1	118957	119139	+	MiE-29_00141	MiE-29	60	NA	NA	NA	NA	NA	NA	MiE-29_00144	-3
OZ249405.1	119132	119332	+	MiE-29_00142	MiE-29	66	OG0004555	NA	NA	NA	NA	NA	MiE-29_00144	-2
OZ249405.1	119572	120012	-	MiE-29_00143	MiE-29	146	OG0002972	NA	NA	NA	NA	NA	MiE-29_00144	-1
OZ249405.1	120248	121147	+	MiE-29_00144	MiE-29	299	OG0001004	NA	NA	COG1322	RmuC	DNA anti-recombination protein (rearrangement mutator) RmuC	MiE-29_00144	0
OZ249405.1	121144	122568	+	MiE-29_00145	MiE-29	474	OG0000183	NA	NA	COG2925	SbcB	Exonuclease I (degrades ssDNA)	MiE-29_00144	1
OZ249405.1	122624	122944	+	MiE-29_00146	MiE-29	106	OG0000169	K03671	thioredoxin 1	COG3118	CnoX	Chaperedoxin CnoX, contains thioredoxin-like and TPR-like domains, YbbN/TrxSC family	MiE-29_00144	2
OZ249405.1	122941	124230	-	MiE-29_00147	MiE-29	429	OG0000181	K11754	dihydrofolate synthase / folylpolyglutamate synthase [EC:6.3.2.12 6.3.2.17]	COG0285	FolC	Folylpolyglutamate synthase/Dihydropteroate synthase	MiE-29_00144	3
OZ249405.1	124172	125113	-	MiE-29_00148	MiE-29	313	OG0000239	K01963	acetyl-CoA carboxylase carboxyl transferase subunit beta [EC:6.4.1.2 2.1.3.15]	COG0777	AccD	Acetyl-CoA carboxylase beta subunit	MiE-29_00144	4
OZ249405.1	125110	125913	-	MiE-29_00149	MiE-29	267	OG0000196	K01695	tryptophan synthase alpha chain [EC:4.2.1.20]	COG0159	TrpA	Tryptophan synthase alpha chain	MiE-29_00144	5
CAJQSQ010000007.1	24285	25214	+	RIS-SAG-41_00617	RIS-SAG-41	309	OG0000239	K01963	acetyl-CoA carboxylase carboxyl transferase subunit beta [EC:6.4.1.2 2.1.3.15]	COG0777	AccD	Acetyl-CoA carboxylase beta subunit	RIS-SAG-41_00622	-5
CAJQSQ010000007.1	25168	26436	+	RIS-SAG-41_00618	RIS-SAG-41	422	OG0000181	NA	NA	COG0285	FolC	Folylpolyglutamate synthase/Dihydropteroate synthase	RIS-SAG-41_00622	-4
CAJQSQ010000007.1	26433	26750	-	RIS-SAG-41_00619	RIS-SAG-41	105	OG0000169	NA	NA	COG3118	CnoX	Chaperedoxin CnoX, contains thioredoxin-like and TPR-like domains, YbbN/TrxSC family	RIS-SAG-41_00622	-3
CAJQSQ010000007.1	26826	28253	-	RIS-SAG-41_00620	RIS-SAG-41	475	OG0000183	NA	NA	COG2925	SbcB	Exonuclease I (degrades ssDNA)	RIS-SAG-41_00622	-2
CAJQSQ010000007.1	28255	28941	-	RIS-SAG-41_00621	RIS-SAG-41	228	OG0001010	NA	NA	NA	NA	NA	RIS-SAG-41_00622	-1
CAJQSQ010000007.1	28979	30079	-	RIS-SAG-41_00622	RIS-SAG-41	366	OG0001004	NA	NA	COG1322	RmuC	DNA anti-recombination protein (rearrangement mutator) RmuC	RIS-SAG-41_00622	0
CAJQSQ010000007.1	30165	32039	+	RIS-SAG-41_00623	RIS-SAG-41	624	OG0002362	NA	NA	COG4938	NA	Predicted ATPase	RIS-SAG-41_00622	1
CAJQSQ010000007.1	32044	33204	+	RIS-SAG-41_00624	RIS-SAG-41	386	OG0002804	NA	NA	NA	NA	NA	RIS-SAG-41_00622	2
CAJQSQ010000007.1	33321	34265	+	RIS-SAG-41_00625	RIS-SAG-41	314	OG0002673	NA	NA	NA	NA	NA	RIS-SAG-41_00622	3
CAJQSQ010000007.1	34268	34609	+	RIS-SAG-41_00626	RIS-SAG-41	113	OG0003932	NA	NA	NA	NA	NA	RIS-SAG-41_00622	4
CAJQSQ010000007.1	34606	35919	+	RIS-SAG-41_00627	RIS-SAG-41	437	OG0002298	NA	NA	NA	NA	NA	RIS-SAG-41_00622	5
CP020777.1	204585	204797	+	RS39_00233	RS39	70	OG0000914	K03704	cold shock protein	COG1278	CspC	Cold shock protein, CspA family	RS39_00238	-5
CP020777.1	204894	204995	+	RS39_00234	RS39	33	OG0001648	NA	NA	NA	NA	NA	RS39_00238	-4
CP020777.1	205143	206540	+	RS39_00235	RS39	465	OG0000812	K01892	histidyl-tRNA synthetase [EC:6.1.1.21]	COG0124	HisS	Histidyl-tRNA synthetase	RS39_00238	-3
CP020777.1	206518	207576	+	RS39_00236	RS39	352	OG0000374	NA	NA	COG3705	HisZ	ATP phosphoribosyltransferase regulatory subunit HisZ	RS39_00238	-2
CP020777.1	207573	208259	+	RS39_00237	RS39	228	OG0000403	NA	NA	COG0040	HisG	ATP phosphoribosyltransferase	RS39_00238	-1
CP020777.1	208323	209420	+	RS39_00238	RS39	365	OG0001004	NA	NA	COG1322	RmuC	DNA anti-recombination protein (rearrangement mutator) RmuC	RS39_00238	0
CP020777.1	209458	210144	+	RS39_00239	RS39	228	OG0001010	NA	NA	NA	NA	NA	RS39_00238	1
CP020777.1	210151	211587	+	RS39_00240	RS39	478	OG0000183	NA	NA	COG2925	SbcB	Exonuclease I (degrades ssDNA)	RS39_00238	2
CP020777.1	211622	211939	+	RS39_00241	RS39	105	OG0000169	NA	NA	COG3118	CnoX	Chaperedoxin CnoX, contains thioredoxin-like and TPR-like domains, YbbN/TrxSC family	RS39_00238	3
CP020777.1	211936	213201	-	RS39_00242	RS39	421	OG0000181	NA	NA	COG0285	FolC	Folylpolyglutamate synthase/Dihydropteroate synthase	RS39_00238	4
CP020777.1	213155	214087	-	RS39_00243	RS39	310	OG0000239	K01963	acetyl-CoA carboxylase carboxyl transferase subunit beta [EC:6.4.1.2 2.1.3.15]	COG0777	AccD	Acetyl-CoA carboxylase beta subunit	RS39_00238	5
CP020778.1	734006	734221	+	RS40_00793	RS40	71	OG0000905	K02518	translation initiation factor IF-1	COG0361	InfA	Translation initiation factor IF-1	RS40_00800	-5
CP020778.1	734433	734645	+	RS40_00795	RS40	70	OG0000914	K03704	cold shock protein	COG1278	CspC	Cold shock protein, CspA family	RS40_00800	-4
CP020778.1	734964	736352	+	RS40_00797	RS40	462	OG0000812	K01892	histidyl-tRNA synthetase [EC:6.1.1.21]	COG0124	HisS	Histidyl-tRNA synthetase	RS40_00800	-3
CP020778.1	736330	737382	+	RS40_00798	RS40	350	OG0000374	NA	NA	COG3705	HisZ	ATP phosphoribosyltransferase regulatory subunit HisZ	RS40_00800	-2
CP020778.1	737375	738052	+	RS40_00799	RS40	225	OG0000403	NA	NA	COG0040	HisG	ATP phosphoribosyltransferase	RS40_00800	-1
CP020778.1	738091	739185	+	RS40_00800	RS40	364	OG0001004	NA	NA	COG1322	RmuC	DNA anti-recombination protein (rearrangement mutator) RmuC	RS40_00800	0
CP020778.1	739223	739909	+	RS40_00801	RS40	228	OG0001010	NA	NA	NA	NA	NA	RS40_00800	1
CP020778.1	740037	741470	+	RS40_00802	RS40	477	OG0000183	NA	NA	COG2925	SbcB	Exonuclease I (degrades ssDNA)	RS40_00800	2
CP020778.1	741537	741857	+	RS40_00803	RS40	106	OG0000169	K03671	thioredoxin 1	COG3118	CnoX	Chaperedoxin CnoX, contains thioredoxin-like and TPR-like domains, YbbN/TrxSC family	RS40_00800	3
CP020778.1	741854	743119	-	RS40_00804	RS40	421	OG0000181	NA	NA	COG0285	FolC	Folylpolyglutamate synthase/Dihydropteroate synthase	RS40_00800	4
CP020778.1	743073	744005	-	RS40_00805	RS40	310	OG0000239	K01963	acetyl-CoA carboxylase carboxyl transferase subunit beta [EC:6.4.1.2 2.1.3.15]	COG0777	AccD	Acetyl-CoA carboxylase beta subunit	RS40_00800	5
JACWCY010000001.1	156974	157906	+	SAG-MED01_00160	SAG-MED01	310	OG0000239	K01963	acetyl-CoA carboxylase carboxyl transferase subunit beta [EC:6.4.1.2 2.1.3.15]	COG0777	AccD	Acetyl-CoA carboxylase beta subunit	SAG-MED01_00165	-5
JACWCY010000001.1	157854	159125	+	SAG-MED01_00161	SAG-MED01	423	OG0000181	NA	NA	COG0285	FolC	Folylpolyglutamate synthase/Dihydropteroate synthase	SAG-MED01_00165	-4
JACWCY010000001.1	159122	159439	-	SAG-MED01_00162	SAG-MED01	105	OG0000169	NA	NA	COG3118	CnoX	Chaperedoxin CnoX, contains thioredoxin-like and TPR-like domains, YbbN/TrxSC family	SAG-MED01_00165	-3
JACWCY010000001.1	159474	160910	-	SAG-MED01_00163	SAG-MED01	478	OG0000183	NA	NA	COG2925	SbcB	Exonuclease I (degrades ssDNA)	SAG-MED01_00165	-2
JACWCY010000001.1	160913	161599	-	SAG-MED01_00164	SAG-MED01	228	OG0001010	NA	NA	NA	NA	NA	SAG-MED01_00165	-1
JACWCY010000001.1	161637	162728	-	SAG-MED01_00165	SAG-MED01	363	OG0001004	NA	NA	COG1322	RmuC	DNA anti-recombination protein (rearrangement mutator) RmuC	SAG-MED01_00165	0
JACWCY010000001.1	162759	162890	+	SAG-MED01_00166	SAG-MED01	43	OG0001245	NA	NA	NA	NA	NA	SAG-MED01_00165	1
JACWCY010000001.1	162876	163562	-	SAG-MED01_00167	SAG-MED01	228	OG0000403	NA	NA	COG0040	HisG	ATP phosphoribosyltransferase	SAG-MED01_00165	2
JACWCY010000001.1	163565	164617	-	SAG-MED01_00168	SAG-MED01	350	OG0000374	NA	NA	COG3705	HisZ	ATP phosphoribosyltransferase regulatory subunit HisZ	SAG-MED01_00165	3
JACWCY010000001.1	164595	165989	-	SAG-MED01_00169	SAG-MED01	464	OG0000812	K01892	histidyl-tRNA synthetase [EC:6.1.1.21]	COG0124	HisS	Histidyl-tRNA synthetase	SAG-MED01_00165	4
JACWCY010000001.1	166293	166505	-	SAG-MED01_00171	SAG-MED01	70	OG0000914	K03704	cold shock protein	COG1278	CspC	Cold shock protein, CspA family	SAG-MED01_00165	5
JACWDC010000001.1	46523	47323	+	SAG-MED05_00053	SAG-MED05	266	OG0000196	K01695	tryptophan synthase alpha chain [EC:4.2.1.20]	COG0159	TrpA	Tryptophan synthase alpha chain	SAG-MED05_00058	-5
JACWDC010000001.1	47320	48237	+	SAG-MED05_00054	SAG-MED05	305	OG0000239	K01963	acetyl-CoA carboxylase carboxyl transferase subunit beta [EC:6.4.1.2 2.1.3.15]	COG0777	AccD	Acetyl-CoA carboxylase beta subunit	SAG-MED05_00058	-4
JACWDC010000001.1	48200	49462	+	SAG-MED05_00055	SAG-MED05	420	OG0000181	NA	NA	COG0285	FolC	Folylpolyglutamate synthase/Dihydropteroate synthase	SAG-MED05_00058	-3
JACWDC010000001.1	49459	49779	-	SAG-MED05_00056	SAG-MED05	106	OG0000169	K03671	thioredoxin 1	COG3118	CnoX	Chaperedoxin CnoX, contains thioredoxin-like and TPR-like domains, YbbN/TrxSC family	SAG-MED05_00058	-2
JACWDC010000001.1	49814	51235	-	SAG-MED05_00057	SAG-MED05	473	OG0000183	NA	NA	COG2925	SbcB	Exonuclease I (degrades ssDNA)	SAG-MED05_00058	-1
JACWDC010000001.1	51245	52276	-	SAG-MED05_00058	SAG-MED05	343	OG0001004	NA	NA	COG1322	RmuC	DNA anti-recombination protein (rearrangement mutator) RmuC	SAG-MED05_00058	0
JACWDC010000001.1	52283	53221	-	SAG-MED05_00059	SAG-MED05	312	OG0001311	NA	NA	COG1397	DraG	ADP-ribosylglycohydrolase	SAG-MED05_00058	1
JACWDC010000001.1	53214	54305	-	SAG-MED05_00060	SAG-MED05	363	OG0001540	K06941	23S rRNA (adenine2503-C2)-methyltransferase [EC:2.1.1.192]	COG0820	RlmN	Adenine C2-methylase RlmN of 23S rRNA A2503 and tRNA A37	SAG-MED05_00058	2
JACWDC010000001.1	54360	54632	-	SAG-MED05_00061	SAG-MED05	90	OG0000871	NA	NA	NA	NA	NA	SAG-MED05_00058	3
JACWDC010000001.1	54692	54847	+	SAG-MED05_00062	SAG-MED05	51	OG0001817	NA	NA	NA	NA	NA	SAG-MED05_00058	4
JACWDC010000001.1	54849	55427	+	SAG-MED05_00063	SAG-MED05	192	OG0001093	NA	NA	COG2249	MdaB	Putative NADPH-quinone reductase (modulator of drug activity B)	SAG-MED05_00058	5
JACWDD010000013.1	24196	24486	+	SAG-MED06_00420	SAG-MED06	96	OG0000403	NA	NA	COG0040	HisG	ATP phosphoribosyltransferase	SAG-MED06_00425	-5
JACWDD010000013.1	24467	24616	+	SAG-MED06_00421	SAG-MED06	49	NA	NA	NA	COG0040	HisG	ATP phosphoribosyltransferase	SAG-MED06_00425	-4
JACWDD010000013.1	24570	24890	+	SAG-MED06_00422	SAG-MED06	106	OG0000403	NA	NA	COG0040	HisG	ATP phosphoribosyltransferase	SAG-MED06_00425	-3
JACWDD010000013.1	24873	25004	-	SAG-MED06_00423	SAG-MED06	43	OG0001245	NA	NA	NA	NA	NA	SAG-MED06_00425	-2
JACWDD010000013.1	25091	25213	+	SAG-MED06_00424	SAG-MED06	40	OG0001632	NA	NA	NA	NA	NA	SAG-MED06_00425	-1
JACWDD010000013.1	25357	26448	+	SAG-MED06_00425	SAG-MED06	363	OG0001004	NA	NA	COG1322	RmuC	DNA anti-recombination protein (rearrangement mutator) RmuC	SAG-MED06_00425	0
JACWDD010000013.1	26486	27172	+	SAG-MED06_00426	SAG-MED06	228	OG0001010	NA	NA	COG1074	RecB	3'-5' helicase subunit RecB of the DNA repair enzyme RecBCD (exonuclease V)	SAG-MED06_00425	1
JACWDD010000013.1	27169	27924	+	SAG-MED06_00427	SAG-MED06	251	OG0000183	NA	NA	COG2925	SbcB	Exonuclease I (degrades ssDNA)	SAG-MED06_00425	2
JACWDD010000013.1	27891	28613	+	SAG-MED06_00428	SAG-MED06	240	OG0000183	NA	NA	NA	NA	NA	SAG-MED06_00425	3
JACWDD010000013.1	28680	28997	+	SAG-MED06_00429	SAG-MED06	105	OG0000169	NA	NA	COG3118	CnoX	Chaperedoxin CnoX, contains thioredoxin-like and TPR-like domains, YbbN/TrxSC family	SAG-MED06_00425	4
JACWDD010000013.1	28994	30259	-	SAG-MED06_00430	SAG-MED06	421	OG0000181	NA	NA	COG0285	FolC	Folylpolyglutamate synthase/Dihydropteroate synthase	SAG-MED06_00425	5
JACWDF010000001.1	103743	105137	+	SAG-MED08_00113	SAG-MED08	464	OG0000812	K01892	histidyl-tRNA synthetase [EC:6.1.1.21]	COG0124	HisS	Histidyl-tRNA synthetase	SAG-MED08_00118	-5
JACWDF010000001.1	105115	106170	+	SAG-MED08_00114	SAG-MED08	351	OG0000374	NA	NA	COG3705	HisZ	ATP phosphoribosyltransferase regulatory subunit HisZ	SAG-MED08_00118	-4
JACWDF010000001.1	106167	107015	+	SAG-MED08_00115	SAG-MED08	282	OG0000077	NA	NA	NA	NA	NA	SAG-MED08_00118	-3
JACWDF010000001.1	107005	107697	+	SAG-MED08_00116	SAG-MED08	230	OG0000403	NA	NA	COG0040	HisG	ATP phosphoribosyltransferase	SAG-MED08_00118	-2
JACWDF010000001.1	107677	107811	-	SAG-MED08_00117	SAG-MED08	44	OG0001245	NA	NA	NA	NA	NA	SAG-MED08_00118	-1
JACWDF010000001.1	108109	109206	+	SAG-MED08_00118	SAG-MED08	365	OG0001004	NA	NA	COG1322	RmuC	DNA anti-recombination protein (rearrangement mutator) RmuC	SAG-MED08_00118	0
JACWDF010000001.1	109244	109930	+	SAG-MED08_00119	SAG-MED08	228	OG0001010	NA	NA	COG1074	RecB	3'-5' helicase subunit RecB of the DNA repair enzyme RecBCD (exonuclease V)	SAG-MED08_00118	1
JACWDF010000001.1	109939	111375	+	SAG-MED08_00120	SAG-MED08	478	OG0000183	NA	NA	COG2925	SbcB	Exonuclease I (degrades ssDNA)	SAG-MED08_00118	2
JACWDF010000001.1	111410	111727	+	SAG-MED08_00121	SAG-MED08	105	OG0000169	NA	NA	COG3118	CnoX	Chaperedoxin CnoX, contains thioredoxin-like and TPR-like domains, YbbN/TrxSC family	SAG-MED08_00118	3
JACWDF010000001.1	111724	112992	-	SAG-MED08_00122	SAG-MED08	422	OG0000181	NA	NA	COG0285	FolC	Folylpolyglutamate synthase/Dihydropteroate synthase	SAG-MED08_00118	4
JACWDF010000001.1	112946	113875	-	SAG-MED08_00123	SAG-MED08	309	OG0000239	K01963	acetyl-CoA carboxylase carboxyl transferase subunit beta [EC:6.4.1.2 2.1.3.15]	COG0777	AccD	Acetyl-CoA carboxylase beta subunit	SAG-MED08_00118	5
JACWDI010000002.1	190428	191357	+	SAG-MED11_00685	SAG-MED11	309	OG0000239	K01963	acetyl-CoA carboxylase carboxyl transferase subunit beta [EC:6.4.1.2 2.1.3.15]	COG0777	AccD	Acetyl-CoA carboxylase beta subunit	SAG-MED11_00690	-5
JACWDI010000002.1	191311	192573	+	SAG-MED11_00686	SAG-MED11	420	OG0000181	NA	NA	COG0285	FolC	Folylpolyglutamate synthase/Dihydropteroate synthase	SAG-MED11_00690	-4
JACWDI010000002.1	192570	192887	-	SAG-MED11_00687	SAG-MED11	105	OG0000169	NA	NA	COG3118	CnoX	Chaperedoxin CnoX, contains thioredoxin-like and TPR-like domains, YbbN/TrxSC family	SAG-MED11_00690	-3
JACWDI010000002.1	192922	194358	-	SAG-MED11_00688	SAG-MED11	478	OG0000183	NA	NA	COG2925	SbcB	Exonuclease I (degrades ssDNA)	SAG-MED11_00690	-2
JACWDI010000002.1	194361	195047	-	SAG-MED11_00689	SAG-MED11	228	OG0001010	NA	NA	NA	NA	NA	SAG-MED11_00690	-1
JACWDI010000002.1	195085	196176	-	SAG-MED11_00690	SAG-MED11	363	OG0001004	NA	NA	COG1322	RmuC	DNA anti-recombination protein (rearrangement mutator) RmuC	SAG-MED11_00690	0
JACWDI010000002.1	196324	197010	-	SAG-MED11_00691	SAG-MED11	228	OG0000403	NA	NA	COG0040	HisG	ATP phosphoribosyltransferase	SAG-MED11_00690	1
JACWDI010000002.1	197012	198064	-	SAG-MED11_00692	SAG-MED11	350	OG0000374	NA	NA	COG3705	HisZ	ATP phosphoribosyltransferase regulatory subunit HisZ	SAG-MED11_00690	2
JACWDI010000002.1	198042	199436	-	SAG-MED11_00693	SAG-MED11	464	OG0000812	K01892	histidyl-tRNA synthetase [EC:6.1.1.21]	COG0124	HisS	Histidyl-tRNA synthetase	SAG-MED11_00690	3
JACWDI010000002.1	199739	199951	-	SAG-MED11_00695	SAG-MED11	70	OG0000914	K03704	cold shock protein	COG1278	CspC	Cold shock protein, CspA family	SAG-MED11_00690	4
JACWDI010000002.1	200108	200323	-	SAG-MED11_00697	SAG-MED11	71	OG0000905	K02518	translation initiation factor IF-1	COG0361	InfA	Translation initiation factor IF-1	SAG-MED11_00690	5
JACWDM010000032.1	38	898	+	SAG-MED15_00828	SAG-MED15	286	OG0001004	NA	NA	COG1322	RmuC	DNA anti-recombination protein (rearrangement mutator) RmuC	SAG-MED15_00828	0
JACWDT010000001.1	301864	303258	+	SAG-MED22_00327	SAG-MED22	464	OG0000812	K01892	histidyl-tRNA synthetase [EC:6.1.1.21]	COG0124	HisS	Histidyl-tRNA synthetase	SAG-MED22_00332	-5
JACWDT010000001.1	303236	304291	+	SAG-MED22_00328	SAG-MED22	351	OG0000374	NA	NA	COG3705	HisZ	ATP phosphoribosyltransferase regulatory subunit HisZ	SAG-MED22_00332	-4
JACWDT010000001.1	304288	305136	+	SAG-MED22_00329	SAG-MED22	282	OG0000077	NA	NA	NA	NA	NA	SAG-MED22_00332	-3
JACWDT010000001.1	305126	305818	+	SAG-MED22_00330	SAG-MED22	230	OG0000403	NA	NA	COG0040	HisG	ATP phosphoribosyltransferase	SAG-MED22_00332	-2
JACWDT010000001.1	305798	305932	-	SAG-MED22_00331	SAG-MED22	44	OG0001245	NA	NA	NA	NA	NA	SAG-MED22_00332	-1
JACWDT010000001.1	305997	307094	+	SAG-MED22_00332	SAG-MED22	365	OG0001004	NA	NA	COG1322	RmuC	DNA anti-recombination protein (rearrangement mutator) RmuC	SAG-MED22_00332	0
JACWDT010000001.1	307132	307818	+	SAG-MED22_00333	SAG-MED22	228	OG0001010	NA	NA	COG1074	RecB	3'-5' helicase subunit RecB of the DNA repair enzyme RecBCD (exonuclease V)	SAG-MED22_00332	1
JACWDT010000001.1	307827	309263	+	SAG-MED22_00334	SAG-MED22	478	OG0000183	NA	NA	COG2925	SbcB	Exonuclease I (degrades ssDNA)	SAG-MED22_00332	2
JACWDT010000001.1	309298	309615	+	SAG-MED22_00335	SAG-MED22	105	OG0000169	NA	NA	COG3118	CnoX	Chaperedoxin CnoX, contains thioredoxin-like and TPR-like domains, YbbN/TrxSC family	SAG-MED22_00332	3
JACWDT010000001.1	309612	310880	-	SAG-MED22_00336	SAG-MED22	422	OG0000181	NA	NA	COG0285	FolC	Folylpolyglutamate synthase/Dihydropteroate synthase	SAG-MED22_00332	4
JACWDT010000001.1	310834	311763	-	SAG-MED22_00337	SAG-MED22	309	OG0000239	K01963	acetyl-CoA carboxylase carboxyl transferase subunit beta [EC:6.4.1.2 2.1.3.15]	COG0777	AccD	Acetyl-CoA carboxylase beta subunit	SAG-MED22_00332	5
JACWDY010000005.1	47303	47752	-	SAG-MED28_00870	SAG-MED28	149	OG0000998	NA	NA	NA	NA	NA	SAG-MED28_00875	-5
JACWDY010000005.1	47791	48369	-	SAG-MED28_00871	SAG-MED28	192	OG0001093	NA	NA	COG2249	MdaB	Putative NADPH-quinone reductase (modulator of drug activity B)	SAG-MED28_00875	-4
JACWDY010000005.1	48499	48840	+	SAG-MED28_00872	SAG-MED28	113	OG0000871	NA	NA	NA	NA	NA	SAG-MED28_00875	-3
JACWDY010000005.1	48899	49990	+	SAG-MED28_00873	SAG-MED28	363	OG0001540	K06941	23S rRNA (adenine2503-C2)-methyltransferase [EC:2.1.1.192]	COG0820	RlmN	Adenine C2-methylase RlmN of 23S rRNA A2503 and tRNA A37	SAG-MED28_00875	-2
JACWDY010000005.1	49983	50924	+	SAG-MED28_00874	SAG-MED28	313	OG0001311	NA	NA	COG1397	DraG	ADP-ribosylglycohydrolase	SAG-MED28_00875	-1
JACWDY010000005.1	50938	51969	+	SAG-MED28_00875	SAG-MED28	343	OG0001004	NA	NA	COG1322	RmuC	DNA anti-recombination protein (rearrangement mutator) RmuC	SAG-MED28_00875	0
JACWDY010000005.1	51976	53397	+	SAG-MED28_00876	SAG-MED28	473	OG0000183	NA	NA	COG2925	SbcB	Exonuclease I (degrades ssDNA)	SAG-MED28_00875	1
JACWDY010000005.1	53432	53749	+	SAG-MED28_00877	SAG-MED28	105	OG0000169	NA	NA	COG3118	CnoX	Chaperedoxin CnoX, contains thioredoxin-like and TPR-like domains, YbbN/TrxSC family	SAG-MED28_00875	2
JACWDY010000005.1	53746	55014	-	SAG-MED28_00878	SAG-MED28	422	OG0000181	NA	NA	COG0285	FolC	Folylpolyglutamate synthase/Dihydropteroate synthase	SAG-MED28_00875	3
JACWDY010000005.1	54977	55891	-	SAG-MED28_00879	SAG-MED28	304	OG0000239	K01963	acetyl-CoA carboxylase carboxyl transferase subunit beta [EC:6.4.1.2 2.1.3.15]	COG0777	AccD	Acetyl-CoA carboxylase beta subunit	SAG-MED28_00875	4
JACWDY010000005.1	55888	56688	-	SAG-MED28_00880	SAG-MED28	266	OG0000196	K01695	tryptophan synthase alpha chain [EC:4.2.1.20]	COG0159	TrpA	Tryptophan synthase alpha chain	SAG-MED28_00875	5
JACWEO010000001.1	89089	89304	+	SAG-MED47_00097	SAG-MED47	71	OG0000905	K02518	translation initiation factor IF-1	COG0361	InfA	Translation initiation factor IF-1	SAG-MED47_00104	-5
JACWEO010000001.1	89460	89672	+	SAG-MED47_00099	SAG-MED47	70	OG0000914	K03704	cold shock protein	COG1278	CspC	Cold shock protein, CspA family	SAG-MED47_00104	-4
JACWEO010000001.1	89973	91367	+	SAG-MED47_00101	SAG-MED47	464	OG0000812	K01892	histidyl-tRNA synthetase [EC:6.1.1.21]	COG0124	HisS	Histidyl-tRNA synthetase	SAG-MED47_00104	-3
JACWEO010000001.1	91345	92397	+	SAG-MED47_00102	SAG-MED47	350	OG0000374	NA	NA	COG3705	HisZ	ATP phosphoribosyltransferase regulatory subunit HisZ	SAG-MED47_00104	-2
JACWEO010000001.1	92400	93086	+	SAG-MED47_00103	SAG-MED47	228	OG0000403	NA	NA	COG0040	HisG	ATP phosphoribosyltransferase	SAG-MED47_00104	-1
JACWEO010000001.1	93234	94325	+	SAG-MED47_00104	SAG-MED47	363	OG0001004	NA	NA	COG1322	RmuC	DNA anti-recombination protein (rearrangement mutator) RmuC	SAG-MED47_00104	0
JACWEO010000001.1	94362	95048	+	SAG-MED47_00105	SAG-MED47	228	OG0001010	NA	NA	NA	NA	NA	SAG-MED47_00104	1
JACWEO010000001.1	95045	96493	+	SAG-MED47_00106	SAG-MED47	482	OG0000183	NA	NA	COG2925	SbcB	Exonuclease I (degrades ssDNA)	SAG-MED47_00104	2
JACWEO010000001.1	96556	96873	+	SAG-MED47_00107	SAG-MED47	105	OG0000169	NA	NA	COG3118	CnoX	Chaperedoxin CnoX, contains thioredoxin-like and TPR-like domains, YbbN/TrxSC family	SAG-MED47_00104	3
JACWEO010000001.1	96870	98135	-	SAG-MED47_00108	SAG-MED47	421	OG0000181	NA	NA	COG0285	FolC	Folylpolyglutamate synthase/Dihydropteroate synthase	SAG-MED47_00104	4
JACWEO010000001.1	98089	99018	-	SAG-MED47_00109	SAG-MED47	309	OG0000239	K01963	acetyl-CoA carboxylase carboxyl transferase subunit beta [EC:6.4.1.2 2.1.3.15]	COG0777	AccD	Acetyl-CoA carboxylase beta subunit	SAG-MED47_00104	5
JACWEQ010000003.1	75421	76815	+	SAG-MED49_00783	SAG-MED49	464	OG0000812	K01892	histidyl-tRNA synthetase [EC:6.1.1.21]	COG0124	HisS	Histidyl-tRNA synthetase	SAG-MED49_00788	-5
JACWEQ010000003.1	76793	77845	+	SAG-MED49_00784	SAG-MED49	350	OG0000374	NA	NA	COG3705	HisZ	ATP phosphoribosyltransferase regulatory subunit HisZ	SAG-MED49_00788	-4
JACWEQ010000003.1	77845	78537	+	SAG-MED49_00785	SAG-MED49	230	OG0000403	NA	NA	COG0040	HisG	ATP phosphoribosyltransferase	SAG-MED49_00788	-3
JACWEQ010000003.1	78520	78651	-	SAG-MED49_00786	SAG-MED49	43	OG0001245	NA	NA	NA	NA	NA	SAG-MED49_00788	-2
JACWEQ010000003.1	78911	80668	-	SAG-MED49_00787	SAG-MED49	585	OG0002599	NA	NA	NA	NA	NA	SAG-MED49_00788	-1
JACWEQ010000003.1	80892	81989	+	SAG-MED49_00788	SAG-MED49	365	OG0001004	NA	NA	COG1322	RmuC	DNA anti-recombination protein (rearrangement mutator) RmuC	SAG-MED49_00788	0
JACWEQ010000003.1	82027	82713	+	SAG-MED49_00789	SAG-MED49	228	OG0001010	NA	NA	COG1074	RecB	3'-5' helicase subunit RecB of the DNA repair enzyme RecBCD (exonuclease V)	SAG-MED49_00788	1
JACWEQ010000003.1	82710	84158	+	SAG-MED49_00790	SAG-MED49	482	OG0000183	NA	NA	COG2925	SbcB	Exonuclease I (degrades ssDNA)	SAG-MED49_00788	2
JACWEQ010000003.1	84225	84542	+	SAG-MED49_00791	SAG-MED49	105	OG0000169	NA	NA	COG3118	CnoX	Chaperedoxin CnoX, contains thioredoxin-like and TPR-like domains, YbbN/TrxSC family	SAG-MED49_00788	3
JACWEQ010000003.1	84539	85807	-	SAG-MED49_00792	SAG-MED49	422	OG0000181	NA	NA	COG0285	FolC	Folylpolyglutamate synthase/Dihydropteroate synthase	SAG-MED49_00788	4
JACWEQ010000003.1	85761	86690	-	SAG-MED49_00793	SAG-MED49	309	OG0000239	K01963	acetyl-CoA carboxylase carboxyl transferase subunit beta [EC:6.4.1.2 2.1.3.15]	COG0777	AccD	Acetyl-CoA carboxylase beta subunit	SAG-MED49_00788	5
JACWER010000036.1	139	1236	+	SAG-MED50_00912	SAG-MED50	365	OG0001004	NA	NA	COG1322	RmuC	DNA anti-recombination protein (rearrangement mutator) RmuC	SAG-MED50_00912	0
CP159810.1	77216	77416	+	Uisw_090_00081	Uisw_090	66	OG0000905	K02518	translation initiation factor IF-1	COG0361	InfA	Translation initiation factor IF-1	Uisw_090_00088	-5
CP159810.1	77794	79191	+	Uisw_090_00084	Uisw_090	465	OG0000812	K01892	histidyl-tRNA synthetase [EC:6.1.1.21]	COG0124	HisS	Histidyl-tRNA synthetase	Uisw_090_00088	-4
CP159810.1	79169	80221	+	Uisw_090_00085	Uisw_090	350	OG0000374	NA	NA	COG3705	HisZ	ATP phosphoribosyltransferase regulatory subunit HisZ	Uisw_090_00088	-3
CP159810.1	80221	80910	+	Uisw_090_00086	Uisw_090	229	OG0000403	NA	NA	COG0040	HisG	ATP phosphoribosyltransferase	Uisw_090_00088	-2
CP159810.1	80896	81027	-	Uisw_090_00087	Uisw_090	43	OG0001245	NA	NA	NA	NA	NA	Uisw_090_00088	-1
CP159810.1	81092	82189	+	Uisw_090_00088	Uisw_090	365	OG0001004	NA	NA	COG1322	RmuC	DNA anti-recombination protein (rearrangement mutator) RmuC	Uisw_090_00088	0
CP159810.1	82227	82913	+	Uisw_090_00089	Uisw_090	228	OG0001010	NA	NA	NA	NA	NA	Uisw_090_00088	1
CP159810.1	82915	84342	+	Uisw_090_00090	Uisw_090	475	OG0000183	NA	NA	COG2925	SbcB	Exonuclease I (degrades ssDNA)	Uisw_090_00088	2
CP159810.1	84418	84735	+	Uisw_090_00091	Uisw_090	105	OG0000169	NA	NA	COG3118	CnoX	Chaperedoxin CnoX, contains thioredoxin-like and TPR-like domains, YbbN/TrxSC family	Uisw_090_00088	3
CP159810.1	84732	86000	-	Uisw_090_00092	Uisw_090	422	OG0000181	NA	NA	COG0285	FolC	Folylpolyglutamate synthase/Dihydropteroate synthase	Uisw_090_00088	4
CP159810.1	85954	86883	-	Uisw_090_00093	Uisw_090	309	OG0000239	K01963	acetyl-CoA carboxylase carboxyl transferase subunit beta [EC:6.4.1.2 2.1.3.15]	COG0777	AccD	Acetyl-CoA carboxylase beta subunit	Uisw_090_00088	5
CP159824.1	79463	79663	+	Uisw_092_00086	Uisw_092	66	OG0000905	K02518	translation initiation factor IF-1	COG0361	InfA	Translation initiation factor IF-1	Uisw_092_00093	-5
CP159824.1	80041	81438	+	Uisw_092_00089	Uisw_092	465	OG0000812	K01892	histidyl-tRNA synthetase [EC:6.1.1.21]	COG0124	HisS	Histidyl-tRNA synthetase	Uisw_092_00093	-4
CP159824.1	81416	82468	+	Uisw_092_00090	Uisw_092	350	OG0000374	NA	NA	COG3705	HisZ	ATP phosphoribosyltransferase regulatory subunit HisZ	Uisw_092_00093	-3
CP159824.1	82468	83157	+	Uisw_092_00091	Uisw_092	229	OG0000403	K00765	ATP phosphoribosyltransferase [EC:2.4.2.17]	COG0040	HisG	ATP phosphoribosyltransferase	Uisw_092_00093	-2
CP159824.1	83143	83274	-	Uisw_092_00092	Uisw_092	43	OG0001245	NA	NA	NA	NA	NA	Uisw_092_00093	-1
CP159824.1	83339	84436	+	Uisw_092_00093	Uisw_092	365	OG0001004	NA	NA	COG1322	RmuC	DNA anti-recombination protein (rearrangement mutator) RmuC	Uisw_092_00093	0
CP159824.1	84474	85160	+	Uisw_092_00094	Uisw_092	228	OG0001010	NA	NA	NA	NA	NA	Uisw_092_00093	1
CP159824.1	85162	86589	+	Uisw_092_00095	Uisw_092	475	OG0000183	NA	NA	COG2925	SbcB	Exonuclease I (degrades ssDNA)	Uisw_092_00093	2
CP159824.1	86663	86980	+	Uisw_092_00096	Uisw_092	105	OG0000169	NA	NA	COG3118	CnoX	Chaperedoxin CnoX, contains thioredoxin-like and TPR-like domains, YbbN/TrxSC family	Uisw_092_00093	3
CP159824.1	86977	88245	-	Uisw_092_00097	Uisw_092	422	OG0000181	NA	NA	COG0285	FolC	Folylpolyglutamate synthase/Dihydropteroate synthase	Uisw_092_00093	4
CP159824.1	88199	89128	-	Uisw_092_00098	Uisw_092	309	OG0000239	K01963	acetyl-CoA carboxylase carboxyl transferase subunit beta [EC:6.4.1.2 2.1.3.15]	COG0777	AccD	Acetyl-CoA carboxylase beta subunit	Uisw_092_00093	5
CP159823.1	73506	73706	+	Uisw_094_00076	Uisw_094	66	OG0000905	K02518	translation initiation factor IF-1	COG0361	InfA	Translation initiation factor IF-1	Uisw_094_00083	-5
CP159823.1	74084	75481	+	Uisw_094_00079	Uisw_094	465	OG0000812	K01892	histidyl-tRNA synthetase [EC:6.1.1.21]	COG0124	HisS	Histidyl-tRNA synthetase	Uisw_094_00083	-4
CP159823.1	75459	76511	+	Uisw_094_00080	Uisw_094	350	OG0000374	NA	NA	COG3705	HisZ	ATP phosphoribosyltransferase regulatory subunit HisZ	Uisw_094_00083	-3
CP159823.1	76511	77200	+	Uisw_094_00081	Uisw_094	229	OG0000403	NA	NA	COG0040	HisG	ATP phosphoribosyltransferase	Uisw_094_00083	-2
CP159823.1	77186	77317	-	Uisw_094_00082	Uisw_094	43	OG0001245	NA	NA	NA	NA	NA	Uisw_094_00083	-1
CP159823.1	77382	78479	+	Uisw_094_00083	Uisw_094	365	OG0001004	NA	NA	COG1322	RmuC	DNA anti-recombination protein (rearrangement mutator) RmuC	Uisw_094_00083	0
CP159823.1	78516	79202	+	Uisw_094_00084	Uisw_094	228	OG0001010	NA	NA	NA	NA	NA	Uisw_094_00083	1
CP159823.1	79204	80631	+	Uisw_094_00085	Uisw_094	475	OG0000183	NA	NA	COG2925	SbcB	Exonuclease I (degrades ssDNA)	Uisw_094_00083	2
CP159823.1	80707	81024	+	Uisw_094_00086	Uisw_094	105	OG0000169	NA	NA	COG3118	CnoX	Chaperedoxin CnoX, contains thioredoxin-like and TPR-like domains, YbbN/TrxSC family	Uisw_094_00083	3
CP159823.1	81021	82289	-	Uisw_094_00087	Uisw_094	422	OG0000181	NA	NA	COG0285	FolC	Folylpolyglutamate synthase/Dihydropteroate synthase	Uisw_094_00083	4
CP159823.1	82243	83172	-	Uisw_094_00088	Uisw_094	309	OG0000239	K01963	acetyl-CoA carboxylase carboxyl transferase subunit beta [EC:6.4.1.2 2.1.3.15]	COG0777	AccD	Acetyl-CoA carboxylase beta subunit	Uisw_094_00083	5
CP159822.1	70544	70744	+	Uisw_099_02_00075	Uisw_099_02	66	OG0000905	K02518	translation initiation factor IF-1	COG0361	InfA	Translation initiation factor IF-1	Uisw_099_02_00082	-5
CP159822.1	71123	72520	+	Uisw_099_02_00078	Uisw_099_02	465	OG0000812	K01892	histidyl-tRNA synthetase [EC:6.1.1.21]	COG0124	HisS	Histidyl-tRNA synthetase	Uisw_099_02_00082	-4
CP159822.1	72498	73550	+	Uisw_099_02_00079	Uisw_099_02	350	OG0000374	NA	NA	COG3705	HisZ	ATP phosphoribosyltransferase regulatory subunit HisZ	Uisw_099_02_00082	-3
CP159822.1	73550	74239	+	Uisw_099_02_00080	Uisw_099_02	229	OG0000403	NA	NA	COG0040	HisG	ATP phosphoribosyltransferase	Uisw_099_02_00082	-2
CP159822.1	74225	74356	-	Uisw_099_02_00081	Uisw_099_02	43	OG0001245	NA	NA	NA	NA	NA	Uisw_099_02_00082	-1
CP159822.1	74421	75518	+	Uisw_099_02_00082	Uisw_099_02	365	OG0001004	NA	NA	COG1322	RmuC	DNA anti-recombination protein (rearrangement mutator) RmuC	Uisw_099_02_00082	0
CP159822.1	75556	76242	+	Uisw_099_02_00083	Uisw_099_02	228	OG0001010	NA	NA	NA	NA	NA	Uisw_099_02_00082	1
CP159822.1	76244	77671	+	Uisw_099_02_00084	Uisw_099_02	475	OG0000183	NA	NA	COG2925	SbcB	Exonuclease I (degrades ssDNA)	Uisw_099_02_00082	2
CP159822.1	77747	78064	+	Uisw_099_02_00085	Uisw_099_02	105	OG0000169	NA	NA	COG3118	CnoX	Chaperedoxin CnoX, contains thioredoxin-like and TPR-like domains, YbbN/TrxSC family	Uisw_099_02_00082	3
CP159822.1	78061	79329	-	Uisw_099_02_00086	Uisw_099_02	422	OG0000181	NA	NA	COG0285	FolC	Folylpolyglutamate synthase/Dihydropteroate synthase	Uisw_099_02_00082	4
CP159822.1	79283	80212	-	Uisw_099_02_00087	Uisw_099_02	309	OG0000239	K01963	acetyl-CoA carboxylase carboxyl transferase subunit beta [EC:6.4.1.2 2.1.3.15]	COG0777	AccD	Acetyl-CoA carboxylase beta subunit	Uisw_099_02_00082	5
CP159821.1	75637	75837	+	Uisw_101_00079	Uisw_101	66	OG0000905	K02518	translation initiation factor IF-1	COG0361	InfA	Translation initiation factor IF-1	Uisw_101_00086	-5
CP159821.1	76214	77611	+	Uisw_101_00082	Uisw_101	465	OG0000812	K01892	histidyl-tRNA synthetase [EC:6.1.1.21]	COG0124	HisS	Histidyl-tRNA synthetase	Uisw_101_00086	-4
CP159821.1	77589	78641	+	Uisw_101_00083	Uisw_101	350	OG0000374	NA	NA	COG3705	HisZ	ATP phosphoribosyltransferase regulatory subunit HisZ	Uisw_101_00086	-3
CP159821.1	78641	79330	+	Uisw_101_00084	Uisw_101	229	OG0000403	K00765	ATP phosphoribosyltransferase [EC:2.4.2.17]	COG0040	HisG	ATP phosphoribosyltransferase	Uisw_101_00086	-2
CP159821.1	79316	79447	-	Uisw_101_00085	Uisw_101	43	OG0001245	NA	NA	NA	NA	NA	Uisw_101_00086	-1
CP159821.1	79512	80609	+	Uisw_101_00086	Uisw_101	365	OG0001004	NA	NA	COG1322	RmuC	DNA anti-recombination protein (rearrangement mutator) RmuC	Uisw_101_00086	0
CP159821.1	80647	81333	+	Uisw_101_00087	Uisw_101	228	OG0001010	NA	NA	NA	NA	NA	Uisw_101_00086	1
CP159821.1	81335	82762	+	Uisw_101_00088	Uisw_101	475	OG0000183	NA	NA	COG2925	SbcB	Exonuclease I (degrades ssDNA)	Uisw_101_00086	2
CP159821.1	82838	83155	+	Uisw_101_00089	Uisw_101	105	OG0000169	NA	NA	COG3118	CnoX	Chaperedoxin CnoX, contains thioredoxin-like and TPR-like domains, YbbN/TrxSC family	Uisw_101_00086	3
CP159821.1	83152	84420	-	Uisw_101_00090	Uisw_101	422	OG0000181	NA	NA	COG0285	FolC	Folylpolyglutamate synthase/Dihydropteroate synthase	Uisw_101_00086	4
CP159821.1	84374	85303	-	Uisw_101_00091	Uisw_101	309	OG0000239	K01963	acetyl-CoA carboxylase carboxyl transferase subunit beta [EC:6.4.1.2 2.1.3.15]	COG0777	AccD	Acetyl-CoA carboxylase beta subunit	Uisw_101_00086	5
CP159820.1	79588	79788	+	Uisw_104_00084	Uisw_104	66	OG0000905	K02518	translation initiation factor IF-1	COG0361	InfA	Translation initiation factor IF-1	Uisw_104_00091	-5
CP159820.1	80165	81562	+	Uisw_104_00087	Uisw_104	465	OG0000812	K01892	histidyl-tRNA synthetase [EC:6.1.1.21]	COG0124	HisS	Histidyl-tRNA synthetase	Uisw_104_00091	-4
CP159820.1	81540	82592	+	Uisw_104_00088	Uisw_104	350	OG0000374	NA	NA	COG3705	HisZ	ATP phosphoribosyltransferase regulatory subunit HisZ	Uisw_104_00091	-3
CP159820.1	82592	83281	+	Uisw_104_00089	Uisw_104	229	OG0000403	K00765	ATP phosphoribosyltransferase [EC:2.4.2.17]	COG0040	HisG	ATP phosphoribosyltransferase	Uisw_104_00091	-2
CP159820.1	83267	83398	-	Uisw_104_00090	Uisw_104	43	OG0001245	NA	NA	NA	NA	NA	Uisw_104_00091	-1
CP159820.1	83463	84560	+	Uisw_104_00091	Uisw_104	365	OG0001004	NA	NA	COG1322	RmuC	DNA anti-recombination protein (rearrangement mutator) RmuC	Uisw_104_00091	0
CP159820.1	84598	85284	+	Uisw_104_00092	Uisw_104	228	OG0001010	NA	NA	NA	NA	NA	Uisw_104_00091	1
CP159820.1	85286	86713	+	Uisw_104_00093	Uisw_104	475	OG0000183	NA	NA	COG2925	SbcB	Exonuclease I (degrades ssDNA)	Uisw_104_00091	2
CP159820.1	86789	87106	+	Uisw_104_00094	Uisw_104	105	OG0000169	NA	NA	COG3118	CnoX	Chaperedoxin CnoX, contains thioredoxin-like and TPR-like domains, YbbN/TrxSC family	Uisw_104_00091	3
CP159820.1	87103	88371	-	Uisw_104_00095	Uisw_104	422	OG0000181	NA	NA	COG0285	FolC	Folylpolyglutamate synthase/Dihydropteroate synthase	Uisw_104_00091	4
CP159820.1	88325	89254	-	Uisw_104_00096	Uisw_104	309	OG0000239	K01963	acetyl-CoA carboxylase carboxyl transferase subunit beta [EC:6.4.1.2 2.1.3.15]	COG0777	AccD	Acetyl-CoA carboxylase beta subunit	Uisw_104_00091	5
CP159819.1	77694	77894	+	Uisw_106_00082	Uisw_106	66	OG0000905	K02518	translation initiation factor IF-1	COG0361	InfA	Translation initiation factor IF-1	Uisw_106_00089	-5
CP159819.1	78270	79667	+	Uisw_106_00085	Uisw_106	465	OG0000812	K01892	histidyl-tRNA synthetase [EC:6.1.1.21]	COG0124	HisS	Histidyl-tRNA synthetase	Uisw_106_00089	-4
CP159819.1	79645	80697	+	Uisw_106_00086	Uisw_106	350	OG0000374	NA	NA	COG3705	HisZ	ATP phosphoribosyltransferase regulatory subunit HisZ	Uisw_106_00089	-3
CP159819.1	80697	81386	+	Uisw_106_00087	Uisw_106	229	OG0000403	K00765	ATP phosphoribosyltransferase [EC:2.4.2.17]	COG0040	HisG	ATP phosphoribosyltransferase	Uisw_106_00089	-2
CP159819.1	81372	81503	-	Uisw_106_00088	Uisw_106	43	OG0001245	NA	NA	NA	NA	NA	Uisw_106_00089	-1
CP159819.1	81568	82665	+	Uisw_106_00089	Uisw_106	365	OG0001004	NA	NA	COG1322	RmuC	DNA anti-recombination protein (rearrangement mutator) RmuC	Uisw_106_00089	0
CP159819.1	82702	83388	+	Uisw_106_00090	Uisw_106	228	OG0001010	NA	NA	NA	NA	NA	Uisw_106_00089	1
CP159819.1	83390	84817	+	Uisw_106_00091	Uisw_106	475	OG0000183	NA	NA	COG2925	SbcB	Exonuclease I (degrades ssDNA)	Uisw_106_00089	2
CP159819.1	84893	85210	+	Uisw_106_00092	Uisw_106	105	OG0000169	NA	NA	COG3118	CnoX	Chaperedoxin CnoX, contains thioredoxin-like and TPR-like domains, YbbN/TrxSC family	Uisw_106_00089	3
CP159819.1	85207	86475	-	Uisw_106_00093	Uisw_106	422	OG0000181	NA	NA	COG0285	FolC	Folylpolyglutamate synthase/Dihydropteroate synthase	Uisw_106_00089	4
CP159819.1	86429	87358	-	Uisw_106_00094	Uisw_106	309	OG0000239	K01963	acetyl-CoA carboxylase carboxyl transferase subunit beta [EC:6.4.1.2 2.1.3.15]	COG0777	AccD	Acetyl-CoA carboxylase beta subunit	Uisw_106_00089	5
CP159809.1	79125	79325	+	Uisw_113_00080	Uisw_113	66	OG0000905	K02518	translation initiation factor IF-1	COG0361	InfA	Translation initiation factor IF-1	Uisw_113_00087	-5
CP159809.1	79703	81100	+	Uisw_113_00083	Uisw_113	465	OG0000812	K01892	histidyl-tRNA synthetase [EC:6.1.1.21]	COG0124	HisS	Histidyl-tRNA synthetase	Uisw_113_00087	-4
CP159809.1	81078	82130	+	Uisw_113_00084	Uisw_113	350	OG0000374	NA	NA	COG3705	HisZ	ATP phosphoribosyltransferase regulatory subunit HisZ	Uisw_113_00087	-3
CP159809.1	82130	82819	+	Uisw_113_00085	Uisw_113	229	OG0000403	NA	NA	COG0040	HisG	ATP phosphoribosyltransferase	Uisw_113_00087	-2
CP159809.1	82805	82936	-	Uisw_113_00086	Uisw_113	43	OG0001245	NA	NA	NA	NA	NA	Uisw_113_00087	-1
CP159809.1	83001	84098	+	Uisw_113_00087	Uisw_113	365	OG0001004	NA	NA	COG1322	RmuC	DNA anti-recombination protein (rearrangement mutator) RmuC	Uisw_113_00087	0
CP159809.1	84136	84822	+	Uisw_113_00088	Uisw_113	228	OG0001010	NA	NA	NA	NA	NA	Uisw_113_00087	1
CP159809.1	84824	86251	+	Uisw_113_00089	Uisw_113	475	OG0000183	NA	NA	COG2925	SbcB	Exonuclease I (degrades ssDNA)	Uisw_113_00087	2
CP159809.1	86327	86644	+	Uisw_113_00090	Uisw_113	105	OG0000169	NA	NA	COG3118	CnoX	Chaperedoxin CnoX, contains thioredoxin-like and TPR-like domains, YbbN/TrxSC family	Uisw_113_00087	3
CP159809.1	86641	87909	-	Uisw_113_00091	Uisw_113	422	OG0000181	NA	NA	COG0285	FolC	Folylpolyglutamate synthase/Dihydropteroate synthase	Uisw_113_00087	4
CP159809.1	87863	88792	-	Uisw_113_00092	Uisw_113	309	OG0000239	K01963	acetyl-CoA carboxylase carboxyl transferase subunit beta [EC:6.4.1.2 2.1.3.15]	COG0777	AccD	Acetyl-CoA carboxylase beta subunit	Uisw_113_00087	5
CP159818.1	86086	86286	+	Uisw_114_00095	Uisw_114	66	OG0000905	K02518	translation initiation factor IF-1	COG0361	InfA	Translation initiation factor IF-1	Uisw_114_00102	-5
CP159818.1	86665	88062	+	Uisw_114_00098	Uisw_114	465	OG0000812	K01892	histidyl-tRNA synthetase [EC:6.1.1.21]	COG0124	HisS	Histidyl-tRNA synthetase	Uisw_114_00102	-4
CP159818.1	88040	89092	+	Uisw_114_00099	Uisw_114	350	OG0000374	NA	NA	COG3705	HisZ	ATP phosphoribosyltransferase regulatory subunit HisZ	Uisw_114_00102	-3
CP159818.1	89092	89781	+	Uisw_114_00100	Uisw_114	229	OG0000403	NA	NA	COG0040	HisG	ATP phosphoribosyltransferase	Uisw_114_00102	-2
CP159818.1	89767	89898	-	Uisw_114_00101	Uisw_114	43	OG0001245	NA	NA	NA	NA	NA	Uisw_114_00102	-1
CP159818.1	89963	91060	+	Uisw_114_00102	Uisw_114	365	OG0001004	NA	NA	COG1322	RmuC	DNA anti-recombination protein (rearrangement mutator) RmuC	Uisw_114_00102	0
CP159818.1	91098	91784	+	Uisw_114_00103	Uisw_114	228	OG0001010	NA	NA	NA	NA	NA	Uisw_114_00102	1
CP159818.1	91786	93213	+	Uisw_114_00104	Uisw_114	475	OG0000183	NA	NA	COG2925	SbcB	Exonuclease I (degrades ssDNA)	Uisw_114_00102	2
CP159818.1	93289	93396	+	Uisw_114_00105	Uisw_114	35	OG0000169	NA	NA	COG3118	CnoX	Chaperedoxin CnoX, contains thioredoxin-like and TPR-like domains, YbbN/TrxSC family	Uisw_114_00102	3
CP159818.1	93404	93607	+	Uisw_114_00106	Uisw_114	67	OG0000169	NA	NA	COG3118	CnoX	Chaperedoxin CnoX, contains thioredoxin-like and TPR-like domains, YbbN/TrxSC family	Uisw_114_00102	4
CP159818.1	93604	93771	-	Uisw_114_00107	Uisw_114	55	OG0000181	NA	NA	COG0285	FolC	Folylpolyglutamate synthase/Dihydropteroate synthase	Uisw_114_00102	5
CP159817.1	70271	70483	+	Uisw_116_00079	Uisw_116	70	OG0000914	K03704	cold shock protein	COG1278	CspC	Cold shock protein, CspA family	Uisw_116_00085	-5
CP159817.1	70798	72195	+	Uisw_116_00081	Uisw_116	465	OG0000812	K01892	histidyl-tRNA synthetase [EC:6.1.1.21]	COG0124	HisS	Histidyl-tRNA synthetase	Uisw_116_00085	-4
CP159817.1	72173	73225	+	Uisw_116_00082	Uisw_116	350	OG0000374	NA	NA	COG3705	HisZ	ATP phosphoribosyltransferase regulatory subunit HisZ	Uisw_116_00085	-3
CP159817.1	73225	73914	+	Uisw_116_00083	Uisw_116	229	OG0000403	K00765	ATP phosphoribosyltransferase [EC:2.4.2.17]	COG0040	HisG	ATP phosphoribosyltransferase	Uisw_116_00085	-2
CP159817.1	73900	74031	-	Uisw_116_00084	Uisw_116	43	OG0001245	NA	NA	NA	NA	NA	Uisw_116_00085	-1
CP159817.1	74096	75193	+	Uisw_116_00085	Uisw_116	365	OG0001004	NA	NA	COG1322	RmuC	DNA anti-recombination protein (rearrangement mutator) RmuC	Uisw_116_00085	0
CP159817.1	75230	75916	+	Uisw_116_00086	Uisw_116	228	OG0001010	NA	NA	NA	NA	NA	Uisw_116_00085	1
CP159817.1	75906	76424	+	Uisw_116_00087	Uisw_116	172	OG0000183	NA	NA	COG2925	SbcB	Exonuclease I (degrades ssDNA)	Uisw_116_00085	2
CP159817.1	76408	77346	+	Uisw_116_00088	Uisw_116	312	OG0000183	NA	NA	COG2925	SbcB	Exonuclease I (degrades ssDNA)	Uisw_116_00085	3
CP159817.1	77422	77739	+	Uisw_116_00089	Uisw_116	105	OG0000169	NA	NA	COG3118	CnoX	Chaperedoxin CnoX, contains thioredoxin-like and TPR-like domains, YbbN/TrxSC family	Uisw_116_00085	4
CP159817.1	77736	79004	-	Uisw_116_00090	Uisw_116	422	OG0000181	NA	NA	COG0285	FolC	Folylpolyglutamate synthase/Dihydropteroate synthase	Uisw_116_00085	5
CP159816.1	70791	72188	+	Uisw_121_00083	Uisw_121	465	OG0000812	K01892	histidyl-tRNA synthetase [EC:6.1.1.21]	COG0124	HisS	Histidyl-tRNA synthetase	Uisw_121_00088	-5
CP159816.1	72166	73218	+	Uisw_121_00084	Uisw_121	350	OG0000374	NA	NA	COG3705	HisZ	ATP phosphoribosyltransferase regulatory subunit HisZ	Uisw_121_00088	-4
CP159816.1	73218	73328	+	Uisw_121_00085	Uisw_121	36	NA	NA	NA	NA	NA	NA	Uisw_121_00088	-3
CP159816.1	73453	73908	+	Uisw_121_00086	Uisw_121	151	OG0000403	NA	NA	COG0040	HisG	ATP phosphoribosyltransferase	Uisw_121_00088	-2
CP159816.1	73894	74025	-	Uisw_121_00087	Uisw_121	43	OG0001245	NA	NA	NA	NA	NA	Uisw_121_00088	-1
CP159816.1	74090	75187	+	Uisw_121_00088	Uisw_121	365	OG0001004	NA	NA	COG1322	RmuC	DNA anti-recombination protein (rearrangement mutator) RmuC	Uisw_121_00088	0
CP159816.1	75225	75914	+	Uisw_121_00089	Uisw_121	229	OG0001010	NA	NA	NA	NA	NA	Uisw_121_00088	1
CP159816.1	75916	77343	+	Uisw_121_00090	Uisw_121	475	OG0000183	NA	NA	COG2925	SbcB	Exonuclease I (degrades ssDNA)	Uisw_121_00088	2
CP159816.1	77419	77736	+	Uisw_121_00091	Uisw_121	105	OG0000169	NA	NA	COG3118	CnoX	Chaperedoxin CnoX, contains thioredoxin-like and TPR-like domains, YbbN/TrxSC family	Uisw_121_00088	3
CP159816.1	77733	79001	-	Uisw_121_00092	Uisw_121	422	OG0000181	NA	NA	COG0285	FolC	Folylpolyglutamate synthase/Dihydropteroate synthase	Uisw_121_00088	4
CP159816.1	78955	79884	-	Uisw_121_00093	Uisw_121	309	OG0000239	K01963	acetyl-CoA carboxylase carboxyl transferase subunit beta [EC:6.4.1.2 2.1.3.15]	COG0777	AccD	Acetyl-CoA carboxylase beta subunit	Uisw_121_00088	5
CP159815.1	74264	74464	+	Uisw_127_00077	Uisw_127	66	OG0000905	K02518	translation initiation factor IF-1	COG0361	InfA	Translation initiation factor IF-1	Uisw_127_00084	-5
CP159815.1	74818	76215	+	Uisw_127_00080	Uisw_127	465	OG0000812	K01892	histidyl-tRNA synthetase [EC:6.1.1.21]	COG0124	HisS	Histidyl-tRNA synthetase	Uisw_127_00084	-4
CP159815.1	76193	77248	+	Uisw_127_00081	Uisw_127	351	OG0000374	NA	NA	COG3705	HisZ	ATP phosphoribosyltransferase regulatory subunit HisZ	Uisw_127_00084	-3
CP159815.1	77245	78090	+	Uisw_127_00082	Uisw_127	281	OG0000077	NA	NA	NA	NA	NA	Uisw_127_00084	-2
CP159815.1	78083	78769	+	Uisw_127_00083	Uisw_127	228	OG0000403	NA	NA	COG0040	HisG	ATP phosphoribosyltransferase	Uisw_127_00084	-1
CP159815.1	78973	80070	+	Uisw_127_00084	Uisw_127	365	OG0001004	NA	NA	COG1322	RmuC	DNA anti-recombination protein (rearrangement mutator) RmuC	Uisw_127_00084	0
CP159815.1	80107	80793	+	Uisw_127_00085	Uisw_127	228	OG0001010	NA	NA	NA	NA	NA	Uisw_127_00084	1
CP159815.1	80795	82222	+	Uisw_127_00086	Uisw_127	475	OG0000183	NA	NA	COG2925	SbcB	Exonuclease I (degrades ssDNA)	Uisw_127_00084	2
CP159815.1	82296	82613	+	Uisw_127_00087	Uisw_127	105	OG0000169	NA	NA	COG3118	CnoX	Chaperedoxin CnoX, contains thioredoxin-like and TPR-like domains, YbbN/TrxSC family	Uisw_127_00084	3
CP159815.1	82610	83878	-	Uisw_127_00088	Uisw_127	422	OG0000181	NA	NA	COG0285	FolC	Folylpolyglutamate synthase/Dihydropteroate synthase	Uisw_127_00084	4
CP159815.1	83832	84761	-	Uisw_127_00089	Uisw_127	309	OG0000239	K01963	acetyl-CoA carboxylase carboxyl transferase subunit beta [EC:6.4.1.2 2.1.3.15]	COG0777	AccD	Acetyl-CoA carboxylase beta subunit	Uisw_127_00084	5
CP159814.1	76651	76851	+	Uisw_130_00080	Uisw_130	66	OG0000905	K02518	translation initiation factor IF-1	COG0361	InfA	Translation initiation factor IF-1	Uisw_130_00087	-5
CP159814.1	77228	78625	+	Uisw_130_00083	Uisw_130	465	OG0000812	K01892	histidyl-tRNA synthetase [EC:6.1.1.21]	COG0124	HisS	Histidyl-tRNA synthetase	Uisw_130_00087	-4
CP159814.1	78603	79655	+	Uisw_130_00084	Uisw_130	350	OG0000374	NA	NA	COG3705	HisZ	ATP phosphoribosyltransferase regulatory subunit HisZ	Uisw_130_00087	-3
CP159814.1	79655	80344	+	Uisw_130_00085	Uisw_130	229	OG0000403	K00765	ATP phosphoribosyltransferase [EC:2.4.2.17]	COG0040	HisG	ATP phosphoribosyltransferase	Uisw_130_00087	-2
CP159814.1	80330	80461	-	Uisw_130_00086	Uisw_130	43	OG0001245	NA	NA	NA	NA	NA	Uisw_130_00087	-1
CP159814.1	80526	81623	+	Uisw_130_00087	Uisw_130	365	OG0001004	NA	NA	COG1322	RmuC	DNA anti-recombination protein (rearrangement mutator) RmuC	Uisw_130_00087	0
CP159814.1	81661	82347	+	Uisw_130_00088	Uisw_130	228	OG0001010	NA	NA	NA	NA	NA	Uisw_130_00087	1
CP159814.1	82349	83776	+	Uisw_130_00089	Uisw_130	475	OG0000183	NA	NA	COG2925	SbcB	Exonuclease I (degrades ssDNA)	Uisw_130_00087	2
CP159814.1	83852	84169	+	Uisw_130_00090	Uisw_130	105	OG0000169	NA	NA	COG3118	CnoX	Chaperedoxin CnoX, contains thioredoxin-like and TPR-like domains, YbbN/TrxSC family	Uisw_130_00087	3
CP159814.1	84166	85434	-	Uisw_130_00091	Uisw_130	422	OG0000181	NA	NA	COG0285	FolC	Folylpolyglutamate synthase/Dihydropteroate synthase	Uisw_130_00087	4
CP159814.1	85388	86317	-	Uisw_130_00092	Uisw_130	309	OG0000239	K01963	acetyl-CoA carboxylase carboxyl transferase subunit beta [EC:6.4.1.2 2.1.3.15]	COG0777	AccD	Acetyl-CoA carboxylase beta subunit	Uisw_130_00087	5
CP159812.1	74883	75083	+	Uisw_136_00077	Uisw_136	66	OG0000905	K02518	translation initiation factor IF-1	COG0361	InfA	Translation initiation factor IF-1	Uisw_136_00084	-5
CP159812.1	75461	76858	+	Uisw_136_00080	Uisw_136	465	OG0000812	K01892	histidyl-tRNA synthetase [EC:6.1.1.21]	COG0124	HisS	Histidyl-tRNA synthetase	Uisw_136_00084	-4
CP159812.1	76836	77888	+	Uisw_136_00081	Uisw_136	350	OG0000374	NA	NA	COG3705	HisZ	ATP phosphoribosyltransferase regulatory subunit HisZ	Uisw_136_00084	-3
CP159812.1	77888	78577	+	Uisw_136_00082	Uisw_136	229	OG0000403	K00765	ATP phosphoribosyltransferase [EC:2.4.2.17]	COG0040	HisG	ATP phosphoribosyltransferase	Uisw_136_00084	-2
CP159812.1	78563	78694	-	Uisw_136_00083	Uisw_136	43	OG0001245	NA	NA	NA	NA	NA	Uisw_136_00084	-1
CP159812.1	78759	79856	+	Uisw_136_00084	Uisw_136	365	OG0001004	NA	NA	COG1322	RmuC	DNA anti-recombination protein (rearrangement mutator) RmuC	Uisw_136_00084	0
CP159812.1	79894	80580	+	Uisw_136_00085	Uisw_136	228	OG0001010	NA	NA	NA	NA	NA	Uisw_136_00084	1
CP159812.1	80582	82009	+	Uisw_136_00086	Uisw_136	475	OG0000183	NA	NA	COG2925	SbcB	Exonuclease I (degrades ssDNA)	Uisw_136_00084	2
CP159812.1	82085	82402	+	Uisw_136_00087	Uisw_136	105	OG0000169	NA	NA	COG3118	CnoX	Chaperedoxin CnoX, contains thioredoxin-like and TPR-like domains, YbbN/TrxSC family	Uisw_136_00084	3
CP159812.1	82399	83667	-	Uisw_136_00088	Uisw_136	422	OG0000181	NA	NA	COG0285	FolC	Folylpolyglutamate synthase/Dihydropteroate synthase	Uisw_136_00084	4
CP159812.1	83621	84550	-	Uisw_136_00089	Uisw_136	309	OG0000239	K01963	acetyl-CoA carboxylase carboxyl transferase subunit beta [EC:6.4.1.2 2.1.3.15]	COG0777	AccD	Acetyl-CoA carboxylase beta subunit	Uisw_136_00084	5
CP159811.1	84496	84708	+	Uisw_137_00089	Uisw_137	70	OG0000914	K03704	cold shock protein	COG1278	CspC	Cold shock protein, CspA family	Uisw_137_00095	-5
CP159811.1	85025	86422	+	Uisw_137_00091	Uisw_137	465	OG0000812	K01892	histidyl-tRNA synthetase [EC:6.1.1.21]	COG0124	HisS	Histidyl-tRNA synthetase	Uisw_137_00095	-4
CP159811.1	86400	87452	+	Uisw_137_00092	Uisw_137	350	OG0000374	NA	NA	COG3705	HisZ	ATP phosphoribosyltransferase regulatory subunit HisZ	Uisw_137_00095	-3
CP159811.1	87452	88141	+	Uisw_137_00093	Uisw_137	229	OG0000403	NA	NA	COG0040	HisG	ATP phosphoribosyltransferase	Uisw_137_00095	-2
CP159811.1	88127	88258	-	Uisw_137_00094	Uisw_137	43	OG0001245	NA	NA	NA	NA	NA	Uisw_137_00095	-1
CP159811.1	88323	89420	+	Uisw_137_00095	Uisw_137	365	OG0001004	NA	NA	COG1322	RmuC	DNA anti-recombination protein (rearrangement mutator) RmuC	Uisw_137_00095	0
CP159811.1	89458	90144	+	Uisw_137_00096	Uisw_137	228	OG0001010	NA	NA	NA	NA	NA	Uisw_137_00095	1
CP159811.1	90146	91573	+	Uisw_137_00097	Uisw_137	475	OG0000183	NA	NA	COG2925	SbcB	Exonuclease I (degrades ssDNA)	Uisw_137_00095	2
CP159811.1	91649	91966	+	Uisw_137_00098	Uisw_137	105	OG0000169	NA	NA	COG3118	CnoX	Chaperedoxin CnoX, contains thioredoxin-like and TPR-like domains, YbbN/TrxSC family	Uisw_137_00095	3
CP159811.1	91963	93231	-	Uisw_137_00099	Uisw_137	422	OG0000181	NA	NA	COG0285	FolC	Folylpolyglutamate synthase/Dihydropteroate synthase	Uisw_137_00095	4
CP159811.1	93185	94114	-	Uisw_137_00100	Uisw_137	309	OG0000239	K01963	acetyl-CoA carboxylase carboxyl transferase subunit beta [EC:6.4.1.2 2.1.3.15]	COG0777	AccD	Acetyl-CoA carboxylase beta subunit	Uisw_137_00095	5
