contig	start	end	strand	seq_id	genome	aa_length	Orthogroup	ko_id	ko_description	COG_ID	GENE_NAME	COG_NAME	center_query	relative_order
CVSB01000011.1	551	955	-	AAA795-A20_00086	AAA795-A20	134	OG0001035	K00682	gamma-glutamylcyclotransferase [EC:4.3.2.9]	COG2105	YtfP	Predicted gamma-glutamylamine cyclotransferase YtfP, GGCT/AIG2-like family	AAA795-A20_00088	-2
CVSB01000011.1	955	1704	-	AAA795-A20_00087	AAA795-A20	249	OG0000807	NA	NA	COG1058	CinA	ADP-ribose pyrophosphatase domain of DNA damage- and competence-inducible protein CinA	AAA795-A20_00088	-1
CVSB01000011.1	1725	2423	+	AAA795-A20_00088	AAA795-A20	232	OG0000819	K06206	sugar fermentation stimulation protein A	COG1489	SfsA	DNA-binding protein, stimulates sugar fermentation	AAA795-A20_00088	0
CVSB01000011.1	2416	3186	+	AAA795-A20_00089	AAA795-A20	256	OG0000721	K01265	methionyl aminopeptidase [EC:3.4.11.18]	COG0024	Map	Methionine aminopeptidase	AAA795-A20_00088	1
CVSB01000011.1	3190	4482	+	AAA795-A20_00090	AAA795-A20	430	OG0000779	K01756	adenylosuccinate lyase [EC:4.3.2.2]	COG0015	PurB	Adenylosuccinate lyase	AAA795-A20_00088	2
CVSB01000011.1	4482	5267	+	AAA795-A20_00091	AAA795-A20	261	OG0000769	K01923	phosphoribosylaminoimidazole-succinocarboxamide synthase [EC:6.3.2.6]	COG0152	PurC	Phosphoribosylaminoimidazole-succinocarboxamide synthase	AAA795-A20_00088	3
CVSB01000011.1	5264	5506	+	AAA795-A20_00092	AAA795-A20	80	OG0000770	K23264	phosphoribosylformylglycinamidine synthase subunit PurS [EC:6.3.5.3]	COG1828	PurS	Phosphoribosylformylglycinamidine (FGAM) synthase, PurS subunit	AAA795-A20_00088	4
CVSB01000011.1	5510	6193	+	AAA795-A20_00093	AAA795-A20	227	OG0000684	K23265	phosphoribosylformylglycinamidine synthase subunit PurQ / glutaminase [EC:6.3.5.3 3.5.1.2]	COG0047	PurL2	Phosphoribosylformylglycinamidine (FGAM) synthase, glutamine amidotransferase domain	AAA795-A20_00088	5
CABXTC010000009.1	11023	11367	+	AG-325-C18_01015	AG-325-C18	114	OG0002293	NA	NA	NA	NA	NA	AG-325-C18_01020	-5
CABXTC010000009.1	11324	11845	+	AG-325-C18_01016	AG-325-C18	173	OG0001869	NA	NA	COG4520	LipA17	Surface antigen	AG-325-C18_01020	-4
CABXTC010000009.1	11848	12303	+	AG-325-C18_01017	AG-325-C18	151	OG0001869	NA	NA	COG4520	LipA17	Surface antigen	AG-325-C18_01020	-3
CABXTC010000009.1	12494	12901	-	AG-325-C18_01018	AG-325-C18	135	OG0001035	K00682	gamma-glutamylcyclotransferase [EC:4.3.2.9]	COG2105	YtfP	Predicted gamma-glutamylamine cyclotransferase YtfP, GGCT/AIG2-like family	AG-325-C18_01020	-2
CABXTC010000009.1	12902	13651	-	AG-325-C18_01019	AG-325-C18	249	OG0000807	NA	NA	COG1058	CinA	ADP-ribose pyrophosphatase domain of DNA damage- and competence-inducible protein CinA	AG-325-C18_01020	-1
CABXTC010000009.1	13672	14370	+	AG-325-C18_01020	AG-325-C18	232	OG0000819	K06206	sugar fermentation stimulation protein A	COG1489	SfsA	DNA-binding protein, stimulates sugar fermentation	AG-325-C18_01020	0
CABXTC010000009.1	14363	15136	+	AG-325-C18_01021	AG-325-C18	257	OG0000721	K01265	methionyl aminopeptidase [EC:3.4.11.18]	COG0024	Map	Methionine aminopeptidase	AG-325-C18_01020	1
CABXTC010000009.1	15140	16432	+	AG-325-C18_01022	AG-325-C18	430	OG0000779	K01756	adenylosuccinate lyase [EC:4.3.2.2]	COG0015	PurB	Adenylosuccinate lyase	AG-325-C18_01020	2
CABXTC010000009.1	16432	17217	+	AG-325-C18_01023	AG-325-C18	261	OG0000769	K01923	phosphoribosylaminoimidazole-succinocarboxamide synthase [EC:6.3.2.6]	COG0152	PurC	Phosphoribosylaminoimidazole-succinocarboxamide synthase	AG-325-C18_01020	3
CABXTC010000009.1	17214	17456	+	AG-325-C18_01024	AG-325-C18	80	OG0000770	K23264	phosphoribosylformylglycinamidine synthase subunit PurS [EC:6.3.5.3]	COG1828	PurS	Phosphoribosylformylglycinamidine (FGAM) synthase, PurS subunit	AG-325-C18_01020	4
CABXTC010000009.1	17460	18143	+	AG-325-C18_01025	AG-325-C18	227	OG0000684	K23265	phosphoribosylformylglycinamidine synthase subunit PurQ / glutaminase [EC:6.3.5.3 3.5.1.2]	COG0047	PurL2	Phosphoribosylformylglycinamidine (FGAM) synthase, glutamine amidotransferase domain	AG-325-C18_01020	5
CABXTN010000012.1	21673	22359	-	AG-325-C21_00801	AG-325-C21	228	OG0000684	K23265	phosphoribosylformylglycinamidine synthase subunit PurQ / glutaminase [EC:6.3.5.3 3.5.1.2]	COG0047	PurL2	Phosphoribosylformylglycinamidine (FGAM) synthase, glutamine amidotransferase domain	AG-325-C21_00806	-5
CABXTN010000012.1	22366	22599	-	AG-325-C21_00802	AG-325-C21	77	OG0000770	K23264	phosphoribosylformylglycinamidine synthase subunit PurS [EC:6.3.5.3]	COG1828	PurS	Phosphoribosylformylglycinamidine (FGAM) synthase, PurS subunit	AG-325-C21_00806	-4
CABXTN010000012.1	22596	23384	-	AG-325-C21_00803	AG-325-C21	262	OG0000769	K01923	phosphoribosylaminoimidazole-succinocarboxamide synthase [EC:6.3.2.6]	COG0152	PurC	Phosphoribosylaminoimidazole-succinocarboxamide synthase	AG-325-C21_00806	-3
CABXTN010000012.1	23384	24676	-	AG-325-C21_00804	AG-325-C21	430	OG0000779	K01756	adenylosuccinate lyase [EC:4.3.2.2]	COG0015	PurB	Adenylosuccinate lyase	AG-325-C21_00806	-2
CABXTN010000012.1	24673	25446	-	AG-325-C21_00805	AG-325-C21	257	OG0000721	K01265	methionyl aminopeptidase [EC:3.4.11.18]	COG0024	Map	Methionine aminopeptidase	AG-325-C21_00806	-1
CABXTN010000012.1	25439	26125	-	AG-325-C21_00806	AG-325-C21	228	OG0000819	K06206	sugar fermentation stimulation protein A	COG1489	SfsA	DNA-binding protein, stimulates sugar fermentation	AG-325-C21_00806	0
CABXTN010000012.1	26148	26816	+	AG-325-C21_00807	AG-325-C21	222	OG0000807	NA	NA	COG1058	CinA	ADP-ribose pyrophosphatase domain of DNA damage- and competence-inducible protein CinA	AG-325-C21_00806	1
CABXTN010000012.1	26843	27049	+	AG-325-C21_00808	AG-325-C21	68	OG0000013	NA	NA	NA	NA	NA	AG-325-C21_00806	2
CABXTN010000012.1	27039	27344	-	AG-325-C21_00809	AG-325-C21	101	OG0001043	NA	NA	COG4392	AzlD2	Branched-chain amino acid transport protein	AG-325-C21_00806	3
CABXTN010000012.1	27341	27712	-	AG-325-C21_00810	AG-325-C21	123	OG0001044	NA	NA	COG1296	AzlC	Predicted branched-chain amino acid permease (azaleucine resistance)	AG-325-C21_00806	4
CABXTN010000012.1	27678	28034	-	AG-325-C21_00811	AG-325-C21	118	OG0001044	NA	NA	COG1296	AzlC	Predicted branched-chain amino acid permease (azaleucine resistance)	AG-325-C21_00806	5
CABXUW010000005.1	46634	47776	-	AG-325-E13_00644	AG-325-E13	380	OG0001376	K00558	DNA (cytosine-5)-methyltransferase 1 [EC:2.1.1.37]	COG0270	Dcm	DNA-cytosine methylase Dcm or eukaryotic tRNA-C38 C5-methylase, Dcm/DNMT2/TRDMT1 family	AG-325-E13_00649	-5
CABXUW010000005.1	47764	49359	-	AG-325-E13_00645	AG-325-E13	531	OG0000141	NA	NA	COG1743	NA	Adenine-specific DNA methylase, contains a Zn-ribbon domain	AG-325-E13_00649	-4
CABXUW010000005.1	49350	51890	-	AG-325-E13_00646	AG-325-E13	846	OG0001665	NA	NA	COG1061	SSL2	Superfamily II DNA or RNA helicase	AG-325-E13_00649	-3
CABXUW010000005.1	52190	53203	+	AG-325-E13_00647	AG-325-E13	337	OG0001428	NA	NA	COG0859	RfaF	ADP-heptose:LPS heptosyltransferase	AG-325-E13_00649	-2
CABXUW010000005.1	53200	53958	-	AG-325-E13_00648	AG-325-E13	252	OG0000807	NA	NA	COG1058	CinA	ADP-ribose pyrophosphatase domain of DNA damage- and competence-inducible protein CinA	AG-325-E13_00649	-1
CABXUW010000005.1	53973	54668	+	AG-325-E13_00649	AG-325-E13	231	OG0000819	K06206	sugar fermentation stimulation protein A	COG1489	SfsA	DNA-binding protein, stimulates sugar fermentation	AG-325-E13_00649	0
CABXUW010000005.1	54668	55417	+	AG-325-E13_00650	AG-325-E13	249	OG0000721	K01265	methionyl aminopeptidase [EC:3.4.11.18]	COG0024	Map	Methionine aminopeptidase	AG-325-E13_00649	1
CABXUW010000005.1	55433	56728	+	AG-325-E13_00651	AG-325-E13	431	OG0000779	K01756	adenylosuccinate lyase [EC:4.3.2.2]	COG0015	PurB	Adenylosuccinate lyase	AG-325-E13_00649	2
CABXUW010000005.1	56736	57527	+	AG-325-E13_00652	AG-325-E13	263	OG0000769	K01923	phosphoribosylaminoimidazole-succinocarboxamide synthase [EC:6.3.2.6]	COG0152	PurC	Phosphoribosylaminoimidazole-succinocarboxamide synthase	AG-325-E13_00649	3
CABXUW010000005.1	57529	57768	+	AG-325-E13_00653	AG-325-E13	79	OG0000770	K23264	phosphoribosylformylglycinamidine synthase subunit PurS [EC:6.3.5.3]	COG1828	PurS	Phosphoribosylformylglycinamidine (FGAM) synthase, PurS subunit	AG-325-E13_00649	4
CABXUW010000005.1	57768	58445	+	AG-325-E13_00654	AG-325-E13	225	OG0000684	K23265	phosphoribosylformylglycinamidine synthase subunit PurQ / glutaminase [EC:6.3.5.3 3.5.1.2]	COG0047	PurL2	Phosphoribosylformylglycinamidine (FGAM) synthase, glutamine amidotransferase domain	AG-325-E13_00649	5
CABXVN010000001.1	578751	580385	-	AG-325-E20_00627	AG-325-E20	544	OG0002330	NA	NA	COG4974	XerD	Site-specific tyrosine recombinase XerD	AG-325-E20_00632	-5
CABXVN010000001.1	580559	581401	-	AG-325-E20_00628	AG-325-E20	280	OG0000365	K18336	2,4-didehydro-3-deoxy-L-rhamnonate hydrolase [EC:3.7.1.26]	COG0179	FAHD1	Oxaloacetate decarboxylase and tautomerase, fumarylacetoacetate (FAA) hydrolase family	AG-325-E20_00632	-4
CABXVN010000001.1	581407	582318	-	AG-325-E20_00629	AG-325-E20	303	OG0001031	NA	NA	COG1442	RfaJ	Lipopolysaccharide biosynthesis protein, LPS:glycosyltransferase	AG-325-E20_00632	-3
CABXVN010000001.1	582319	583209	-	AG-325-E20_00630	AG-325-E20	296	OG0000113	K00737	beta-1,4-mannosyl-glycoprotein beta-1,4-N-acetylglucosaminyltransferase [EC:2.4.1.144]	NA	NA	NA	AG-325-E20_00632	-2
CABXVN010000001.1	583206	583961	-	AG-325-E20_00631	AG-325-E20	251	OG0000807	NA	NA	COG1058	CinA	ADP-ribose pyrophosphatase domain of DNA damage- and competence-inducible protein CinA	AG-325-E20_00632	-1
CABXVN010000001.1	583977	584672	+	AG-325-E20_00632	AG-325-E20	231	OG0000819	K06206	sugar fermentation stimulation protein A	COG1489	SfsA	DNA-binding protein, stimulates sugar fermentation	AG-325-E20_00632	0
CABXVN010000001.1	584669	585430	+	AG-325-E20_00633	AG-325-E20	253	OG0000721	K01265	methionyl aminopeptidase [EC:3.4.11.18]	COG0024	Map	Methionine aminopeptidase	AG-325-E20_00632	1
CABXVN010000001.1	585430	586725	+	AG-325-E20_00634	AG-325-E20	431	OG0000779	K01756	adenylosuccinate lyase [EC:4.3.2.2]	COG0015	PurB	Adenylosuccinate lyase	AG-325-E20_00632	2
CABXVN010000001.1	586732	587523	+	AG-325-E20_00635	AG-325-E20	263	OG0000769	K01923	phosphoribosylaminoimidazole-succinocarboxamide synthase [EC:6.3.2.6]	COG0152	PurC	Phosphoribosylaminoimidazole-succinocarboxamide synthase	AG-325-E20_00632	3
CABXVN010000001.1	587525	587764	+	AG-325-E20_00636	AG-325-E20	79	OG0000770	K23264	phosphoribosylformylglycinamidine synthase subunit PurS [EC:6.3.5.3]	COG1828	PurS	Phosphoribosylformylglycinamidine (FGAM) synthase, PurS subunit	AG-325-E20_00632	4
CABXVN010000001.1	587764	588441	+	AG-325-E20_00637	AG-325-E20	225	OG0000684	K23265	phosphoribosylformylglycinamidine synthase subunit PurQ / glutaminase [EC:6.3.5.3 3.5.1.2]	COG0047	PurL2	Phosphoribosylformylglycinamidine (FGAM) synthase, glutamine amidotransferase domain	AG-325-E20_00632	5
CABXWY010000013.1	704	1390	+	AG-325-G21_01026	AG-325-G21	228	OG0000819	K06206	sugar fermentation stimulation protein A	COG1489	SfsA	DNA-binding protein, stimulates sugar fermentation	AG-325-G21_01026	0
CABXWY010000013.1	1383	2150	+	AG-325-G21_01027	AG-325-G21	255	OG0000721	K01265	methionyl aminopeptidase [EC:3.4.11.18]	COG0024	Map	Methionine aminopeptidase	AG-325-G21_01026	1
CABXWY010000013.1	2150	3442	+	AG-325-G21_01028	AG-325-G21	430	OG0000779	K01756	adenylosuccinate lyase [EC:4.3.2.2]	COG0015	PurB	Adenylosuccinate lyase	AG-325-G21_01026	2
CABXWY010000013.1	3442	4218	+	AG-325-G21_01029	AG-325-G21	258	OG0001392	NA	NA	COG0463	WcaA	Glycosyltransferase involved in cell wall bisynthesis	AG-325-G21_01026	3
CABXWY010000013.1	4222	5007	+	AG-325-G21_01030	AG-325-G21	261	OG0000769	K01923	phosphoribosylaminoimidazole-succinocarboxamide synthase [EC:6.3.2.6]	COG0152	PurC	Phosphoribosylaminoimidazole-succinocarboxamide synthase	AG-325-G21_01026	4
CABXWY010000013.1	5004	5237	+	AG-325-G21_01031	AG-325-G21	77	OG0000770	K23264	phosphoribosylformylglycinamidine synthase subunit PurS [EC:6.3.5.3]	COG1828	PurS	Phosphoribosylformylglycinamidine (FGAM) synthase, PurS subunit	AG-325-G21_01026	5
CABXYW010000008.1	235	984	-	AG-325-L05_00732	AG-325-L05	249	OG0000807	NA	NA	COG1058	CinA	ADP-ribose pyrophosphatase domain of DNA damage- and competence-inducible protein CinA	AG-325-L05_00733	-1
CABXYW010000008.1	1006	1704	+	AG-325-L05_00733	AG-325-L05	232	OG0000819	K06206	sugar fermentation stimulation protein A	COG1489	SfsA	DNA-binding protein, stimulates sugar fermentation	AG-325-L05_00733	0
CABXYW010000008.1	1697	2470	+	AG-325-L05_00734	AG-325-L05	257	OG0000721	K01265	methionyl aminopeptidase [EC:3.4.11.18]	COG0024	Map	Methionine aminopeptidase	AG-325-L05_00733	1
CABXYW010000008.1	2474	3766	+	AG-325-L05_00735	AG-325-L05	430	OG0000779	K01756	adenylosuccinate lyase [EC:4.3.2.2]	COG0015	PurB	Adenylosuccinate lyase	AG-325-L05_00733	2
CABXYW010000008.1	3763	4551	+	AG-325-L05_00736	AG-325-L05	262	OG0000769	K01923	phosphoribosylaminoimidazole-succinocarboxamide synthase [EC:6.3.2.6]	COG0152	PurC	Phosphoribosylaminoimidazole-succinocarboxamide synthase	AG-325-L05_00733	3
CABXYW010000008.1	4548	4790	+	AG-325-L05_00737	AG-325-L05	80	OG0000770	K23264	phosphoribosylformylglycinamidine synthase subunit PurS [EC:6.3.5.3]	COG1828	PurS	Phosphoribosylformylglycinamidine (FGAM) synthase, PurS subunit	AG-325-L05_00733	4
CABXYW010000008.1	4794	5477	+	AG-325-L05_00738	AG-325-L05	227	OG0000684	K23265	phosphoribosylformylglycinamidine synthase subunit PurQ / glutaminase [EC:6.3.5.3 3.5.1.2]	COG0047	PurL2	Phosphoribosylformylglycinamidine (FGAM) synthase, glutamine amidotransferase domain	AG-325-L05_00733	5
CABYCY010000009.1	37150	37920	-	AG-333-A04_00942	AG-333-A04	256	OG0000972	K00858	NAD+ kinase [EC:2.7.1.23]	COG0061	NadK	NAD kinase	AG-333-A04_00948	-5
CABYCY010000009.1	38160	39023	-	AG-333-A04_00944	AG-333-A04	287	OG0001887	NA	NA	NA	NA	NA	AG-333-A04_00948	-4
CABYCY010000009.1	39023	40150	-	AG-333-A04_00945	AG-333-A04	375	OG0000067	NA	NA	COG0265	DegQ	Periplasmic serine protease DegP/DegQ, contain C-terminal PDZ domain	AG-333-A04_00948	-3
CABYCY010000009.1	40437	40841	-	AG-333-A04_00946	AG-333-A04	134	OG0001035	K00682	gamma-glutamylcyclotransferase [EC:4.3.2.9]	COG2105	YtfP	Predicted gamma-glutamylamine cyclotransferase YtfP, GGCT/AIG2-like family	AG-333-A04_00948	-2
CABYCY010000009.1	40841	41590	-	AG-333-A04_00947	AG-333-A04	249	OG0000807	NA	NA	COG1058	CinA	ADP-ribose pyrophosphatase domain of DNA damage- and competence-inducible protein CinA	AG-333-A04_00948	-1
CABYCY010000009.1	41611	42309	+	AG-333-A04_00948	AG-333-A04	232	OG0000819	K06206	sugar fermentation stimulation protein A	COG1489	SfsA	DNA-binding protein, stimulates sugar fermentation	AG-333-A04_00948	0
CABYCY010000009.1	42302	43072	+	AG-333-A04_00949	AG-333-A04	256	OG0000721	K01265	methionyl aminopeptidase [EC:3.4.11.18]	COG0024	Map	Methionine aminopeptidase	AG-333-A04_00948	1
CABYCY010000009.1	43076	44368	+	AG-333-A04_00950	AG-333-A04	430	OG0000779	K01756	adenylosuccinate lyase [EC:4.3.2.2]	COG0015	PurB	Adenylosuccinate lyase	AG-333-A04_00948	2
CABYCY010000009.1	44368	45153	+	AG-333-A04_00951	AG-333-A04	261	OG0000769	K01923	phosphoribosylaminoimidazole-succinocarboxamide synthase [EC:6.3.2.6]	COG0152	PurC	Phosphoribosylaminoimidazole-succinocarboxamide synthase	AG-333-A04_00948	3
CABYCY010000009.1	45150	45392	+	AG-333-A04_00952	AG-333-A04	80	OG0000770	K23264	phosphoribosylformylglycinamidine synthase subunit PurS [EC:6.3.5.3]	COG1828	PurS	Phosphoribosylformylglycinamidine (FGAM) synthase, PurS subunit	AG-333-A04_00948	4
CABYCY010000009.1	45396	46079	+	AG-333-A04_00953	AG-333-A04	227	OG0000684	K23265	phosphoribosylformylglycinamidine synthase subunit PurQ / glutaminase [EC:6.3.5.3 3.5.1.2]	COG0047	PurL2	Phosphoribosylformylglycinamidine (FGAM) synthase, glutamine amidotransferase domain	AG-333-A04_00948	5
CABYHH010000025.1	92	868	-	AG-333-D08_01023	AG-333-D08	258	OG0000008	NA	NA	COG2227	UbiG	2-polyprenyl-3-methyl-5-hydroxy-6-metoxy-1,4-benzoquinol methylase	AG-333-D08_01028	-5
CABYHH010000025.1	892	2268	-	AG-333-D08_01024	AG-333-D08	458	OG0001533	NA	NA	COG1035	FrhB	Coenzyme F420-reducing hydrogenase, beta subunit	AG-333-D08_01028	-4
CABYHH010000025.1	2336	3196	-	AG-333-D08_01025	AG-333-D08	286	OG0003441	NA	NA	COG0392	AglD2	Predicted membrane flippase AglD2/YbhN, UPF0104 family	AG-333-D08_01028	-3
CABYHH010000025.1	3234	3638	-	AG-333-D08_01026	AG-333-D08	134	OG0001035	K00682	gamma-glutamylcyclotransferase [EC:4.3.2.9]	COG2105	YtfP	Predicted gamma-glutamylamine cyclotransferase YtfP, GGCT/AIG2-like family	AG-333-D08_01028	-2
CABYHH010000025.1	3639	4388	-	AG-333-D08_01027	AG-333-D08	249	OG0000807	NA	NA	COG1058	CinA	ADP-ribose pyrophosphatase domain of DNA damage- and competence-inducible protein CinA	AG-333-D08_01028	-1
CABYHH010000025.1	4409	5107	+	AG-333-D08_01028	AG-333-D08	232	OG0000819	K06206	sugar fermentation stimulation protein A	COG1489	SfsA	DNA-binding protein, stimulates sugar fermentation	AG-333-D08_01028	0
CABYHH010000025.1	5100	5873	+	AG-333-D08_01029	AG-333-D08	257	OG0000721	K01265	methionyl aminopeptidase [EC:3.4.11.18]	COG0024	Map	Methionine aminopeptidase	AG-333-D08_01028	1
CABYHH010000025.1	5877	7169	+	AG-333-D08_01030	AG-333-D08	430	OG0000779	K01756	adenylosuccinate lyase [EC:4.3.2.2]	COG0015	PurB	Adenylosuccinate lyase	AG-333-D08_01028	2
CABYHH010000025.1	7169	7954	+	AG-333-D08_01031	AG-333-D08	261	OG0000769	K01923	phosphoribosylaminoimidazole-succinocarboxamide synthase [EC:6.3.2.6]	COG0152	PurC	Phosphoribosylaminoimidazole-succinocarboxamide synthase	AG-333-D08_01028	3
CABYHH010000025.1	7951	8193	+	AG-333-D08_01032	AG-333-D08	80	OG0000770	K23264	phosphoribosylformylglycinamidine synthase subunit PurS [EC:6.3.5.3]	COG1828	PurS	Phosphoribosylformylglycinamidine (FGAM) synthase, PurS subunit	AG-333-D08_01028	4
CABYHH010000025.1	8197	8880	+	AG-333-D08_01033	AG-333-D08	227	OG0000684	K23265	phosphoribosylformylglycinamidine synthase subunit PurQ / glutaminase [EC:6.3.5.3 3.5.1.2]	COG0047	PurL2	Phosphoribosylformylglycinamidine (FGAM) synthase, glutamine amidotransferase domain	AG-333-D08_01028	5
CABYVA010000004.1	47394	48077	-	AG-333-N15_00364	AG-333-N15	227	OG0000684	K23265	phosphoribosylformylglycinamidine synthase subunit PurQ / glutaminase [EC:6.3.5.3 3.5.1.2]	COG0047	PurL2	Phosphoribosylformylglycinamidine (FGAM) synthase, glutamine amidotransferase domain	AG-333-N15_00369	-5
CABYVA010000004.1	48084	48326	-	AG-333-N15_00365	AG-333-N15	80	OG0000770	K23264	phosphoribosylformylglycinamidine synthase subunit PurS [EC:6.3.5.3]	COG1828	PurS	Phosphoribosylformylglycinamidine (FGAM) synthase, PurS subunit	AG-333-N15_00369	-4
CABYVA010000004.1	48331	49113	-	AG-333-N15_00366	AG-333-N15	260	OG0000769	K01923	phosphoribosylaminoimidazole-succinocarboxamide synthase [EC:6.3.2.6]	COG0152	PurC	Phosphoribosylaminoimidazole-succinocarboxamide synthase	AG-333-N15_00369	-3
CABYVA010000004.1	49113	50405	-	AG-333-N15_00367	AG-333-N15	430	OG0000779	K01756	adenylosuccinate lyase [EC:4.3.2.2]	COG0015	PurB	Adenylosuccinate lyase	AG-333-N15_00369	-2
CABYVA010000004.1	50405	51178	-	AG-333-N15_00368	AG-333-N15	257	OG0000721	K01265	methionyl aminopeptidase [EC:3.4.11.18]	COG0024	Map	Methionine aminopeptidase	AG-333-N15_00369	-1
CABYVA010000004.1	51171	51869	-	AG-333-N15_00369	AG-333-N15	232	OG0000819	K06206	sugar fermentation stimulation protein A	COG1489	SfsA	DNA-binding protein, stimulates sugar fermentation	AG-333-N15_00369	0
CABYVA010000004.1	51890	52639	+	AG-333-N15_00370	AG-333-N15	249	OG0000807	NA	NA	COG1058	CinA	ADP-ribose pyrophosphatase domain of DNA damage- and competence-inducible protein CinA	AG-333-N15_00369	1
CABYVA010000004.1	52640	53086	+	AG-333-N15_00371	AG-333-N15	148	OG0001035	K00682	gamma-glutamylcyclotransferase [EC:4.3.2.9]	COG2105	YtfP	Predicted gamma-glutamylamine cyclotransferase YtfP, GGCT/AIG2-like family	AG-333-N15_00369	2
CABYVA010000004.1	53106	54236	+	AG-333-N15_00372	AG-333-N15	376	OG0002272	NA	NA	NA	NA	NA	AG-333-N15_00369	3
CABZBR010000002.1	93481	94767	-	AG-337-C09_00247	AG-337-C09	428	OG0000977	K18334	L-fuconate dehydratase [EC:4.2.1.68]	COG4948	RspA	L-alanine-DL-glutamate epimerase or related enzyme of enolase superfamily	AG-337-C09_00252	-5
CABZBR010000002.1	94778	95089	-	AG-337-C09_00248	AG-337-C09	103	OG0001043	NA	NA	COG4392	AzlD2	Branched-chain amino acid transport protein	AG-337-C09_00252	-4
CABZBR010000002.1	95086	95772	-	AG-337-C09_00249	AG-337-C09	228	OG0001044	NA	NA	COG1296	AzlC	Predicted branched-chain amino acid permease (azaleucine resistance)	AG-337-C09_00252	-3
CABZBR010000002.1	95772	96179	-	AG-337-C09_00250	AG-337-C09	135	OG0001035	K00682	gamma-glutamylcyclotransferase [EC:4.3.2.9]	COG2105	YtfP	Predicted gamma-glutamylamine cyclotransferase YtfP, GGCT/AIG2-like family	AG-337-C09_00252	-2
CABZBR010000002.1	96179	96931	-	AG-337-C09_00251	AG-337-C09	250	OG0000807	NA	NA	COG1058	CinA	ADP-ribose pyrophosphatase domain of DNA damage- and competence-inducible protein CinA	AG-337-C09_00252	-1
CABZBR010000002.1	96954	97640	+	AG-337-C09_00252	AG-337-C09	228	OG0000819	K06206	sugar fermentation stimulation protein A	COG1489	SfsA	DNA-binding protein, stimulates sugar fermentation	AG-337-C09_00252	0
CABZBR010000002.1	97633	98403	+	AG-337-C09_00253	AG-337-C09	256	OG0000721	K01265	methionyl aminopeptidase [EC:3.4.11.18]	COG0024	Map	Methionine aminopeptidase	AG-337-C09_00252	1
CABZBR010000002.1	98873	99028	-	AG-337-C09_00254	AG-337-C09	51	OG0003851	NA	NA	NA	NA	NA	AG-337-C09_00252	2
CABZCF010000003.1	79376	80623	-	AG-337-C19_00399	AG-337-C19	415	OG0001354	NA	NA	NA	NA	NA	AG-337-C19_00404	-5
CABZCF010000003.1	80660	81871	-	AG-337-C19_00400	AG-337-C19	403	OG0001137	NA	NA	COG2227	UbiG	2-polyprenyl-3-methyl-5-hydroxy-6-metoxy-1,4-benzoquinol methylase	AG-337-C19_00404	-4
CABZCF010000003.1	81868	82269	-	AG-337-C19_00401	AG-337-C19	133	OG0001035	K00682	gamma-glutamylcyclotransferase [EC:4.3.2.9]	COG2105	YtfP	Predicted gamma-glutamylamine cyclotransferase YtfP, GGCT/AIG2-like family	AG-337-C19_00404	-3
CABZCF010000003.1	82302	83123	-	AG-337-C19_00402	AG-337-C19	273	OG0001639	NA	NA	NA	NA	NA	AG-337-C19_00404	-2
CABZCF010000003.1	83132	83881	-	AG-337-C19_00403	AG-337-C19	249	OG0000807	NA	NA	COG1058	CinA	ADP-ribose pyrophosphatase domain of DNA damage- and competence-inducible protein CinA	AG-337-C19_00404	-1
CABZCF010000003.1	83904	84602	+	AG-337-C19_00404	AG-337-C19	232	OG0000819	K06206	sugar fermentation stimulation protein A	COG1489	SfsA	DNA-binding protein, stimulates sugar fermentation	AG-337-C19_00404	0
CABZCF010000003.1	84595	85365	+	AG-337-C19_00405	AG-337-C19	256	OG0000721	K01265	methionyl aminopeptidase [EC:3.4.11.18]	COG0024	Map	Methionine aminopeptidase	AG-337-C19_00404	1
CABZCF010000003.1	85365	86660	+	AG-337-C19_00406	AG-337-C19	431	OG0000779	K01756	adenylosuccinate lyase [EC:4.3.2.2]	COG0015	PurB	Adenylosuccinate lyase	AG-337-C19_00404	2
CABZCF010000003.1	86657	87442	+	AG-337-C19_00407	AG-337-C19	261	OG0000769	K01923	phosphoribosylaminoimidazole-succinocarboxamide synthase [EC:6.3.2.6]	COG0152	PurC	Phosphoribosylaminoimidazole-succinocarboxamide synthase	AG-337-C19_00404	3
CABZCF010000003.1	87439	87672	+	AG-337-C19_00408	AG-337-C19	77	OG0000770	K23264	phosphoribosylformylglycinamidine synthase subunit PurS [EC:6.3.5.3]	COG1828	PurS	Phosphoribosylformylglycinamidine (FGAM) synthase, PurS subunit	AG-337-C19_00404	4
CABZCF010000003.1	87676	88359	+	AG-337-C19_00409	AG-337-C19	227	OG0000684	K23265	phosphoribosylformylglycinamidine synthase subunit PurQ / glutaminase [EC:6.3.5.3 3.5.1.2]	COG0047	PurL2	Phosphoribosylformylglycinamidine (FGAM) synthase, glutamine amidotransferase domain	AG-337-C19_00404	5
CABZDS010000003.1	20546	21229	-	AG-337-D16_00454	AG-337-D16	227	OG0000684	K23265	phosphoribosylformylglycinamidine synthase subunit PurQ / glutaminase [EC:6.3.5.3 3.5.1.2]	COG0047	PurL2	Phosphoribosylformylglycinamidine (FGAM) synthase, glutamine amidotransferase domain	AG-337-D16_00459	-5
CABZDS010000003.1	21233	21466	-	AG-337-D16_00455	AG-337-D16	77	OG0000770	K23264	phosphoribosylformylglycinamidine synthase subunit PurS [EC:6.3.5.3]	COG1828	PurS	Phosphoribosylformylglycinamidine (FGAM) synthase, PurS subunit	AG-337-D16_00459	-4
CABZDS010000003.1	21466	22251	-	AG-337-D16_00456	AG-337-D16	261	OG0000769	K01923	phosphoribosylaminoimidazole-succinocarboxamide synthase [EC:6.3.2.6]	COG0152	PurC	Phosphoribosylaminoimidazole-succinocarboxamide synthase	AG-337-D16_00459	-3
CABZDS010000003.1	22251	23543	-	AG-337-D16_00457	AG-337-D16	430	OG0000779	K01756	adenylosuccinate lyase [EC:4.3.2.2]	COG0015	PurB	Adenylosuccinate lyase	AG-337-D16_00459	-2
CABZDS010000003.1	23543	24313	-	AG-337-D16_00458	AG-337-D16	256	OG0000721	K01265	methionyl aminopeptidase [EC:3.4.11.18]	COG0024	Map	Methionine aminopeptidase	AG-337-D16_00459	-1
CABZDS010000003.1	24306	24992	-	AG-337-D16_00459	AG-337-D16	228	OG0000819	K06206	sugar fermentation stimulation protein A	COG1489	SfsA	DNA-binding protein, stimulates sugar fermentation	AG-337-D16_00459	0
CABZDS010000003.1	25015	25767	+	AG-337-D16_00460	AG-337-D16	250	OG0000807	NA	NA	COG1058	CinA	ADP-ribose pyrophosphatase domain of DNA damage- and competence-inducible protein CinA	AG-337-D16_00459	1
CABZDS010000003.1	25784	26695	+	AG-337-D16_00461	AG-337-D16	303	OG0000028	NA	NA	COG4122	TrmR	tRNA 5-hydroxyU34 O-methylase TrmR/YrrM	AG-337-D16_00459	2
CABZDS010000003.1	26701	27105	+	AG-337-D16_00462	AG-337-D16	134	OG0001035	K00682	gamma-glutamylcyclotransferase [EC:4.3.2.9]	COG2105	YtfP	Predicted gamma-glutamylamine cyclotransferase YtfP, GGCT/AIG2-like family	AG-337-D16_00459	3
CABZDS010000003.1	27109	27795	+	AG-337-D16_00463	AG-337-D16	228	OG0001044	NA	NA	COG1296	AzlC	Predicted branched-chain amino acid permease (azaleucine resistance)	AG-337-D16_00459	4
CABZDS010000003.1	27792	28109	+	AG-337-D16_00464	AG-337-D16	105	OG0001043	NA	NA	COG4392	AzlD2	Branched-chain amino acid transport protein	AG-337-D16_00459	5
CABZDW010000001.1	110968	111651	-	AG-337-D17_00127	AG-337-D17	227	OG0000684	K23265	phosphoribosylformylglycinamidine synthase subunit PurQ / glutaminase [EC:6.3.5.3 3.5.1.2]	COG0047	PurL2	Phosphoribosylformylglycinamidine (FGAM) synthase, glutamine amidotransferase domain	AG-337-D17_00132	-5
CABZDW010000001.1	111655	111897	-	AG-337-D17_00128	AG-337-D17	80	OG0000770	K23264	phosphoribosylformylglycinamidine synthase subunit PurS [EC:6.3.5.3]	COG1828	PurS	Phosphoribosylformylglycinamidine (FGAM) synthase, PurS subunit	AG-337-D17_00132	-4
CABZDW010000001.1	111894	112679	-	AG-337-D17_00129	AG-337-D17	261	OG0000769	K01923	phosphoribosylaminoimidazole-succinocarboxamide synthase [EC:6.3.2.6]	COG0152	PurC	Phosphoribosylaminoimidazole-succinocarboxamide synthase	AG-337-D17_00132	-3
CABZDW010000001.1	112679	113971	-	AG-337-D17_00130	AG-337-D17	430	OG0000779	K01756	adenylosuccinate lyase [EC:4.3.2.2]	COG0015	PurB	Adenylosuccinate lyase	AG-337-D17_00132	-2
CABZDW010000001.1	113975	114748	-	AG-337-D17_00131	AG-337-D17	257	OG0000721	K01265	methionyl aminopeptidase [EC:3.4.11.18]	COG0024	Map	Methionine aminopeptidase	AG-337-D17_00132	-1
CABZDW010000001.1	114741	115439	-	AG-337-D17_00132	AG-337-D17	232	OG0000819	K06206	sugar fermentation stimulation protein A	COG1489	SfsA	DNA-binding protein, stimulates sugar fermentation	AG-337-D17_00132	0
CABZDW010000001.1	115460	116209	+	AG-337-D17_00133	AG-337-D17	249	OG0000807	NA	NA	COG1058	CinA	ADP-ribose pyrophosphatase domain of DNA damage- and competence-inducible protein CinA	AG-337-D17_00132	1
CABZDW010000001.1	116210	116614	+	AG-337-D17_00134	AG-337-D17	134	OG0001035	K00682	gamma-glutamylcyclotransferase [EC:4.3.2.9]	COG2105	YtfP	Predicted gamma-glutamylamine cyclotransferase YtfP, GGCT/AIG2-like family	AG-337-D17_00132	2
CABZDW010000001.1	116620	118341	-	AG-337-D17_00135	AG-337-D17	573	OG0001383	NA	NA	COG0366	AmyA	Glycosidase/amylase (phosphorylase)	AG-337-D17_00132	3
CABZDW010000001.1	118341	119561	-	AG-337-D17_00136	AG-337-D17	406	OG0001273	K13693	glucosyl-3-phosphoglycerate synthase [EC:2.4.1.266]	NA	NA	NA	AG-337-D17_00132	4
CABZDW010000001.1	119571	120377	-	AG-337-D17_00137	AG-337-D17	268	OG0001276	K07026	mannosyl-3-phosphoglycerate phosphatase [EC:3.1.3.70]	COG3769	YedP	Mannosyl-3-phosphoglycerate phosphatase YedP/MpgP, HAD superfamily	AG-337-D17_00132	5
CABZFF010000001.1	56949	57710	-	AG-337-E15_00071	AG-337-E15	253	OG0000972	K00858	NAD+ kinase [EC:2.7.1.23]	COG0061	NadK	NAD kinase	AG-337-E15_00077	-5
CABZFF010000001.1	57949	58926	-	AG-337-E15_00073	AG-337-E15	325	OG0002163	NA	NA	NA	NA	NA	AG-337-E15_00077	-4
CABZFF010000001.1	58931	60670	-	AG-337-E15_00074	AG-337-E15	579	OG0001190	NA	NA	COG0337	AroB	3-dehydroquinate synthetase	AG-337-E15_00077	-3
CABZFF010000001.1	61006	61959	+	AG-337-E15_00075	AG-337-E15	317	OG0001428	NA	NA	COG0859	RfaF	ADP-heptose:LPS heptosyltransferase	AG-337-E15_00077	-2
CABZFF010000001.1	61956	62711	-	AG-337-E15_00076	AG-337-E15	251	OG0000807	NA	NA	COG1058	CinA	ADP-ribose pyrophosphatase domain of DNA damage- and competence-inducible protein CinA	AG-337-E15_00077	-1
CABZFF010000001.1	62728	63423	+	AG-337-E15_00077	AG-337-E15	231	OG0000819	K06206	sugar fermentation stimulation protein A	COG1489	SfsA	DNA-binding protein, stimulates sugar fermentation	AG-337-E15_00077	0
CABZFF010000001.1	63427	64191	+	AG-337-E15_00078	AG-337-E15	254	OG0000721	K01265	methionyl aminopeptidase [EC:3.4.11.18]	COG0024	Map	Methionine aminopeptidase	AG-337-E15_00077	1
CABZFF010000001.1	64188	65486	+	AG-337-E15_00079	AG-337-E15	432	OG0000779	K01756	adenylosuccinate lyase [EC:4.3.2.2]	COG0015	PurB	Adenylosuccinate lyase	AG-337-E15_00077	2
CABZFF010000001.1	65491	66282	+	AG-337-E15_00080	AG-337-E15	263	OG0000769	K01923	phosphoribosylaminoimidazole-succinocarboxamide synthase [EC:6.3.2.6]	COG0152	PurC	Phosphoribosylaminoimidazole-succinocarboxamide synthase	AG-337-E15_00077	3
CABZFF010000001.1	66284	66523	+	AG-337-E15_00081	AG-337-E15	79	OG0000770	K23264	phosphoribosylformylglycinamidine synthase subunit PurS [EC:6.3.5.3]	COG1828	PurS	Phosphoribosylformylglycinamidine (FGAM) synthase, PurS subunit	AG-337-E15_00077	4
CABZFF010000001.1	66523	67200	+	AG-337-E15_00082	AG-337-E15	225	OG0000684	K23265	phosphoribosylformylglycinamidine synthase subunit PurQ / glutaminase [EC:6.3.5.3 3.5.1.2]	COG0047	PurL2	Phosphoribosylformylglycinamidine (FGAM) synthase, glutamine amidotransferase domain	AG-337-E15_00077	5
CABZHI010000010.1	49090	49401	-	AG-337-G04_01244	AG-337-G04	103	OG0001043	NA	NA	COG4392	AzlD2	Branched-chain amino acid transport protein	AG-337-G04_01249	-5
CABZHI010000010.1	49398	50084	-	AG-337-G04_01245	AG-337-G04	228	OG0001044	NA	NA	COG1296	AzlC	Predicted branched-chain amino acid permease (azaleucine resistance)	AG-337-G04_01249	-4
CABZHI010000010.1	50143	51111	+	AG-337-G04_01246	AG-337-G04	322	OG0001428	NA	NA	COG0859	RfaF	ADP-heptose:LPS heptosyltransferase	AG-337-G04_01249	-3
CABZHI010000010.1	51097	51501	-	AG-337-G04_01247	AG-337-G04	134	OG0001035	K00682	gamma-glutamylcyclotransferase [EC:4.3.2.9]	COG2105	YtfP	Predicted gamma-glutamylamine cyclotransferase YtfP, GGCT/AIG2-like family	AG-337-G04_01249	-2
CABZHI010000010.1	51501	52253	-	AG-337-G04_01248	AG-337-G04	250	OG0000807	NA	NA	COG1058	CinA	ADP-ribose pyrophosphatase domain of DNA damage- and competence-inducible protein CinA	AG-337-G04_01249	-1
CABZHI010000010.1	52276	52965	+	AG-337-G04_01249	AG-337-G04	229	OG0000819	K06206	sugar fermentation stimulation protein A	COG1489	SfsA	DNA-binding protein, stimulates sugar fermentation	AG-337-G04_01249	0
CABZHI010000010.1	52958	53728	+	AG-337-G04_01250	AG-337-G04	256	OG0000721	K01265	methionyl aminopeptidase [EC:3.4.11.18]	COG0024	Map	Methionine aminopeptidase	AG-337-G04_01249	1
CABZHI010000010.1	53728	55020	+	AG-337-G04_01251	AG-337-G04	430	OG0000779	K01756	adenylosuccinate lyase [EC:4.3.2.2]	COG0015	PurB	Adenylosuccinate lyase	AG-337-G04_01249	2
CABZHI010000010.1	55020	55805	+	AG-337-G04_01252	AG-337-G04	261	OG0000769	K01923	phosphoribosylaminoimidazole-succinocarboxamide synthase [EC:6.3.2.6]	COG0152	PurC	Phosphoribosylaminoimidazole-succinocarboxamide synthase	AG-337-G04_01249	3
CABZHI010000010.1	55802	56035	+	AG-337-G04_01253	AG-337-G04	77	OG0000770	K23264	phosphoribosylformylglycinamidine synthase subunit PurS [EC:6.3.5.3]	COG1828	PurS	Phosphoribosylformylglycinamidine (FGAM) synthase, PurS subunit	AG-337-G04_01249	4
CABZHI010000010.1	56043	56723	+	AG-337-G04_01254	AG-337-G04	226	OG0000684	K23265	phosphoribosylformylglycinamidine synthase subunit PurQ / glutaminase [EC:6.3.5.3 3.5.1.2]	COG0047	PurL2	Phosphoribosylformylglycinamidine (FGAM) synthase, glutamine amidotransferase domain	AG-337-G04_01249	5
CABZHN010000004.1	1225	1995	-	AG-337-G06_00655	AG-337-G06	256	OG0000721	K01265	methionyl aminopeptidase [EC:3.4.11.18]	COG0024	Map	Methionine aminopeptidase	AG-337-G06_00656	-1
CABZHN010000004.1	1988	2695	-	AG-337-G06_00656	AG-337-G06	235	OG0000819	K06206	sugar fermentation stimulation protein A	COG1489	SfsA	DNA-binding protein, stimulates sugar fermentation	AG-337-G06_00656	0
CABZHN010000004.1	2702	3424	+	AG-337-G06_00657	AG-337-G06	240	OG0000807	NA	NA	COG1058	CinA	ADP-ribose pyrophosphatase domain of DNA damage- and competence-inducible protein CinA	AG-337-G06_00656	1
CABZHN010000004.1	3549	4241	+	AG-337-G06_00658	AG-337-G06	230	OG0000236	K04643	sensory rhodopsin	COG5524	NA	Bacteriorhodopsin	AG-337-G06_00656	2
CABZHN010000004.1	4440	5207	-	AG-337-G06_00660	AG-337-G06	255	OG0000972	K00858	NAD+ kinase [EC:2.7.1.23]	COG0061	NadK	NAD kinase	AG-337-G06_00656	3
CABZHN010000004.1	5287	6780	+	AG-337-G06_00661	AG-337-G06	497	OG0001117	K00864	glycerol kinase [EC:2.7.1.30]	COG0554	GlpK	Glycerol kinase	AG-337-G06_00656	4
CABZHN010000004.1	6773	7519	+	AG-337-G06_00662	AG-337-G06	248	OG0000087	NA	NA	COG0235	AraD	5-methylthioribulose/5-deoxyribulose/Fuculose 1-phosphate aldolase (methionine salvage, sugar degradation)	AG-337-G06_00656	5
CABZHM010000013.1	5848	6531	-	AG-337-G11_00872	AG-337-G11	227	OG0000684	K23265	phosphoribosylformylglycinamidine synthase subunit PurQ / glutaminase [EC:6.3.5.3 3.5.1.2]	COG0047	PurL2	Phosphoribosylformylglycinamidine (FGAM) synthase, glutamine amidotransferase domain	AG-337-G11_00877	-5
CABZHM010000013.1	6535	6777	-	AG-337-G11_00873	AG-337-G11	80	OG0000770	K23264	phosphoribosylformylglycinamidine synthase subunit PurS [EC:6.3.5.3]	COG1828	PurS	Phosphoribosylformylglycinamidine (FGAM) synthase, PurS subunit	AG-337-G11_00877	-4
CABZHM010000013.1	6774	7559	-	AG-337-G11_00874	AG-337-G11	261	OG0000769	K01923	phosphoribosylaminoimidazole-succinocarboxamide synthase [EC:6.3.2.6]	COG0152	PurC	Phosphoribosylaminoimidazole-succinocarboxamide synthase	AG-337-G11_00877	-3
CABZHM010000013.1	7559	8851	-	AG-337-G11_00875	AG-337-G11	430	OG0000779	K01756	adenylosuccinate lyase [EC:4.3.2.2]	COG0015	PurB	Adenylosuccinate lyase	AG-337-G11_00877	-2
CABZHM010000013.1	8851	9624	-	AG-337-G11_00876	AG-337-G11	257	OG0000721	K01265	methionyl aminopeptidase [EC:3.4.11.18]	COG0024	Map	Methionine aminopeptidase	AG-337-G11_00877	-1
CABZHM010000013.1	9617	10315	-	AG-337-G11_00877	AG-337-G11	232	OG0000819	K06206	sugar fermentation stimulation protein A	COG1489	SfsA	DNA-binding protein, stimulates sugar fermentation	AG-337-G11_00877	0
CABZHM010000013.1	10337	11086	+	AG-337-G11_00878	AG-337-G11	249	OG0000807	NA	NA	COG1058	CinA	ADP-ribose pyrophosphatase domain of DNA damage- and competence-inducible protein CinA	AG-337-G11_00877	1
CABZHM010000013.1	11087	11488	+	AG-337-G11_00879	AG-337-G11	133	OG0001035	K00682	gamma-glutamylcyclotransferase [EC:4.3.2.9]	COG2105	YtfP	Predicted gamma-glutamylamine cyclotransferase YtfP, GGCT/AIG2-like family	AG-337-G11_00877	2
CABZHM010000013.1	11499	12941	-	AG-337-G11_00880	AG-337-G11	480	OG0001158	NA	NA	COG2308	NA	Circularly permuted ATP-grasp protein	AG-337-G11_00877	3
CABZHM010000013.1	13051	13776	+	AG-337-G11_00881	AG-337-G11	241	OG0001204	K07395	putative proteasome-type protease	COG3484	NA	Predicted proteasome-type protease	AG-337-G11_00877	4
CABZHM010000013.1	13778	15502	-	AG-337-G11_00882	AG-337-G11	574	OG0001383	NA	NA	COG0366	AmyA	Glycosidase/amylase (phosphorylase)	AG-337-G11_00877	5
CACABC010000003.1	5106	5783	-	AG-343-E17_00399	AG-343-E17	225	OG0000684	K23265	phosphoribosylformylglycinamidine synthase subunit PurQ / glutaminase [EC:6.3.5.3 3.5.1.2]	COG0047	PurL2	Phosphoribosylformylglycinamidine (FGAM) synthase, glutamine amidotransferase domain	AG-343-E17_00404	-5
CACABC010000003.1	5780	6022	-	AG-343-E17_00400	AG-343-E17	80	OG0000770	K23264	phosphoribosylformylglycinamidine synthase subunit PurS [EC:6.3.5.3]	COG1828	PurS	Phosphoribosylformylglycinamidine (FGAM) synthase, PurS subunit	AG-343-E17_00404	-4
CACABC010000003.1	6024	6809	-	AG-343-E17_00401	AG-343-E17	261	OG0000769	K01923	phosphoribosylaminoimidazole-succinocarboxamide synthase [EC:6.3.2.6]	COG0152	PurC	Phosphoribosylaminoimidazole-succinocarboxamide synthase	AG-343-E17_00404	-3
CACABC010000003.1	6809	8104	-	AG-343-E17_00402	AG-343-E17	431	OG0000779	K01756	adenylosuccinate lyase [EC:4.3.2.2]	COG0015	PurB	Adenylosuccinate lyase	AG-343-E17_00404	-2
CACABC010000003.1	8107	8877	-	AG-343-E17_00403	AG-343-E17	256	OG0000721	K01265	methionyl aminopeptidase [EC:3.4.11.18]	COG0024	Map	Methionine aminopeptidase	AG-343-E17_00404	-1
CACABC010000003.1	8870	9574	-	AG-343-E17_00404	AG-343-E17	234	OG0000819	K06206	sugar fermentation stimulation protein A	COG1489	SfsA	DNA-binding protein, stimulates sugar fermentation	AG-343-E17_00404	0
CACABC010000003.1	9595	10356	+	AG-343-E17_00405	AG-343-E17	253	OG0000807	NA	NA	COG1058	CinA	ADP-ribose pyrophosphatase domain of DNA damage- and competence-inducible protein CinA	AG-343-E17_00404	1
CACABC010000003.1	10353	10781	+	AG-343-E17_00406	AG-343-E17	142	OG0001035	K00682	gamma-glutamylcyclotransferase [EC:4.3.2.9]	NA	NA	NA	AG-343-E17_00404	2
CACABC010000003.1	10778	11674	+	AG-343-E17_00407	AG-343-E17	298	OG0000113	K00737	beta-1,4-mannosyl-glycoprotein beta-1,4-N-acetylglucosaminyltransferase [EC:2.4.1.144]	NA	NA	NA	AG-343-E17_00404	3
CACABC010000003.1	11676	12590	+	AG-343-E17_00408	AG-343-E17	304	OG0001031	NA	NA	NA	NA	NA	AG-343-E17_00404	4
CACABC010000003.1	12592	14175	+	AG-343-E17_00409	AG-343-E17	527	OG0001479	NA	NA	COG3119	AslA	Arylsulfatase A or related enzyme, AlkP superfamily	AG-343-E17_00404	5
CACAYM010000002.1	105319	106002	-	AG-349-I05_00406	AG-349-I05	227	OG0000684	K23265	phosphoribosylformylglycinamidine synthase subunit PurQ / glutaminase [EC:6.3.5.3 3.5.1.2]	COG0047	PurL2	Phosphoribosylformylglycinamidine (FGAM) synthase, glutamine amidotransferase domain	AG-349-I05_00411	-5
CACAYM010000002.1	106009	106242	-	AG-349-I05_00407	AG-349-I05	77	OG0000770	K23264	phosphoribosylformylglycinamidine synthase subunit PurS [EC:6.3.5.3]	COG1828	PurS	Phosphoribosylformylglycinamidine (FGAM) synthase, PurS subunit	AG-349-I05_00411	-4
CACAYM010000002.1	106239	107024	-	AG-349-I05_00408	AG-349-I05	261	OG0000769	K01923	phosphoribosylaminoimidazole-succinocarboxamide synthase [EC:6.3.2.6]	COG0152	PurC	Phosphoribosylaminoimidazole-succinocarboxamide synthase	AG-349-I05_00411	-3
CACAYM010000002.1	107024	108316	-	AG-349-I05_00409	AG-349-I05	430	OG0000779	K01756	adenylosuccinate lyase [EC:4.3.2.2]	COG0015	PurB	Adenylosuccinate lyase	AG-349-I05_00411	-2
CACAYM010000002.1	108317	109084	-	AG-349-I05_00410	AG-349-I05	255	OG0000721	K01265	methionyl aminopeptidase [EC:3.4.11.18]	COG0024	Map	Methionine aminopeptidase	AG-349-I05_00411	-1
CACAYM010000002.1	109077	109763	-	AG-349-I05_00411	AG-349-I05	228	OG0000819	K06206	sugar fermentation stimulation protein A	COG1489	SfsA	DNA-binding protein, stimulates sugar fermentation	AG-349-I05_00411	0
CACAYM010000002.1	109786	110538	+	AG-349-I05_00412	AG-349-I05	250	OG0000807	NA	NA	COG1058	CinA	ADP-ribose pyrophosphatase domain of DNA damage- and competence-inducible protein CinA	AG-349-I05_00411	1
CACAYM010000002.1	110538	110945	+	AG-349-I05_00413	AG-349-I05	135	OG0001035	K00682	gamma-glutamylcyclotransferase [EC:4.3.2.9]	COG2105	YtfP	Predicted gamma-glutamylamine cyclotransferase YtfP, GGCT/AIG2-like family	AG-349-I05_00411	2
CACAYM010000002.1	110938	111276	-	AG-349-I05_00414	AG-349-I05	112	OG0001370	NA	NA	NA	NA	NA	AG-349-I05_00411	3
CACAYM010000002.1	111280	111678	-	AG-349-I05_00415	AG-349-I05	132	OG0000638	K09823	Fur family transcriptional regulator, zinc uptake regulator	COG0735	Fur	Fe2+ or Zn2+ uptake regulation protein Fur/Zur	AG-349-I05_00411	4
CACAYM010000002.1	111701	112504	-	AG-349-I05_00416	AG-349-I05	267	OG0000964	K09816	zinc transport system permease protein	COG1108	ZnuB	ABC-type Mn2+/Zn2+ transport system, permease component	AG-349-I05_00411	5
CACBCQ010000003.1	76704	77387	-	AG-349-L17_00353	AG-349-L17	227	OG0000684	K23265	phosphoribosylformylglycinamidine synthase subunit PurQ / glutaminase [EC:6.3.5.3 3.5.1.2]	COG0047	PurL2	Phosphoribosylformylglycinamidine (FGAM) synthase, glutamine amidotransferase domain	AG-349-L17_00358	-5
CACBCQ010000003.1	77391	77633	-	AG-349-L17_00354	AG-349-L17	80	OG0000770	K23264	phosphoribosylformylglycinamidine synthase subunit PurS [EC:6.3.5.3]	COG1828	PurS	Phosphoribosylformylglycinamidine (FGAM) synthase, PurS subunit	AG-349-L17_00358	-4
CACBCQ010000003.1	77630	78415	-	AG-349-L17_00355	AG-349-L17	261	OG0000769	K01923	phosphoribosylaminoimidazole-succinocarboxamide synthase [EC:6.3.2.6]	COG0152	PurC	Phosphoribosylaminoimidazole-succinocarboxamide synthase	AG-349-L17_00358	-3
CACBCQ010000003.1	78415	79707	-	AG-349-L17_00356	AG-349-L17	430	OG0000779	K01756	adenylosuccinate lyase [EC:4.3.2.2]	COG0015	PurB	Adenylosuccinate lyase	AG-349-L17_00358	-2
CACBCQ010000003.1	79711	80481	-	AG-349-L17_00357	AG-349-L17	256	OG0000721	K01265	methionyl aminopeptidase [EC:3.4.11.18]	COG0024	Map	Methionine aminopeptidase	AG-349-L17_00358	-1
CACBCQ010000003.1	80474	81172	-	AG-349-L17_00358	AG-349-L17	232	OG0000819	K06206	sugar fermentation stimulation protein A	COG1489	SfsA	DNA-binding protein, stimulates sugar fermentation	AG-349-L17_00358	0
CACBCQ010000003.1	81193	81942	+	AG-349-L17_00359	AG-349-L17	249	OG0000807	NA	NA	COG1058	CinA	ADP-ribose pyrophosphatase domain of DNA damage- and competence-inducible protein CinA	AG-349-L17_00358	1
CACBCQ010000003.1	81942	82343	+	AG-349-L17_00360	AG-349-L17	133	OG0001035	K00682	gamma-glutamylcyclotransferase [EC:4.3.2.9]	COG2105	YtfP	Predicted gamma-glutamylamine cyclotransferase YtfP, GGCT/AIG2-like family	AG-349-L17_00358	2
CACBCQ010000003.1	82343	84361	+	AG-349-L17_00361	AG-349-L17	672	OG0001591	NA	NA	NA	NA	NA	AG-349-L17_00358	3
CACBCQ010000003.1	84576	85796	-	AG-349-L17_00362	AG-349-L17	406	OG0001273	K13693	glucosyl-3-phosphoglycerate synthase [EC:2.4.1.266]	NA	NA	NA	AG-349-L17_00358	4
CACBCQ010000003.1	85808	86611	-	AG-349-L17_00363	AG-349-L17	267	OG0001276	K07026	mannosyl-3-phosphoglycerate phosphatase [EC:3.1.3.70]	COG3769	YedP	Mannosyl-3-phosphoglycerate phosphatase YedP/MpgP, HAD superfamily	AG-349-L17_00358	5
CACBGQ010000013.1	53	838	-	AG-349-O05_00881	AG-349-O05	261	OG0000769	K01923	phosphoribosylaminoimidazole-succinocarboxamide synthase [EC:6.3.2.6]	COG0152	PurC	Phosphoribosylaminoimidazole-succinocarboxamide synthase	AG-349-O05_00884	-3
CACBGQ010000013.1	838	2130	-	AG-349-O05_00882	AG-349-O05	430	OG0000779	K01756	adenylosuccinate lyase [EC:4.3.2.2]	COG0015	PurB	Adenylosuccinate lyase	AG-349-O05_00884	-2
CACBGQ010000013.1	2134	2904	-	AG-349-O05_00883	AG-349-O05	256	OG0000721	K01265	methionyl aminopeptidase [EC:3.4.11.18]	COG0024	Map	Methionine aminopeptidase	AG-349-O05_00884	-1
CACBGQ010000013.1	2897	3595	-	AG-349-O05_00884	AG-349-O05	232	OG0000819	K06206	sugar fermentation stimulation protein A	COG1489	SfsA	DNA-binding protein, stimulates sugar fermentation	AG-349-O05_00884	0
CACBGQ010000013.1	3616	4365	+	AG-349-O05_00885	AG-349-O05	249	OG0000807	NA	NA	COG1058	CinA	ADP-ribose pyrophosphatase domain of DNA damage- and competence-inducible protein CinA	AG-349-O05_00884	1
CACBGQ010000013.1	4365	4766	+	AG-349-O05_00886	AG-349-O05	133	OG0001035	K00682	gamma-glutamylcyclotransferase [EC:4.3.2.9]	COG2105	YtfP	Predicted gamma-glutamylamine cyclotransferase YtfP, GGCT/AIG2-like family	AG-349-O05_00884	2
CACBGQ010000013.1	4850	5797	+	AG-349-O05_00887	AG-349-O05	315	OG0000045	NA	NA	NA	NA	NA	AG-349-O05_00884	3
CACBGQ010000013.1	5973	6743	+	AG-349-O05_00889	AG-349-O05	256	OG0000972	K00858	NAD+ kinase [EC:2.7.1.23]	COG0061	NadK	NAD kinase	AG-349-O05_00884	4
CACBGQ010000013.1	6758	7516	-	AG-349-O05_00890	AG-349-O05	252	OG0000062	K00979	3-deoxy-manno-octulosonate cytidylyltransferase (CMP-KDO synthetase) [EC:2.7.7.38]	COG1212	KdsB	CMP-2-keto-3-deoxyoctulosonic acid synthetase	AG-349-O05_00884	5
CACBKI010000001.1	71376	72668	-	AG-359-B05_00087	AG-359-B05	430	OG0001333	NA	NA	COG4091	NA	Predicted homoserine dehydrogenase, contains C-terminal SAF domain	AG-359-B05_00092	-5
CACBKI010000001.1	72673	72990	-	AG-359-B05_00088	AG-359-B05	105	OG0001043	NA	NA	COG4392	AzlD2	Branched-chain amino acid transport protein	AG-359-B05_00092	-4
CACBKI010000001.1	72987	73673	-	AG-359-B05_00089	AG-359-B05	228	OG0001044	NA	NA	COG1296	AzlC	Predicted branched-chain amino acid permease (azaleucine resistance)	AG-359-B05_00092	-3
CACBKI010000001.1	73677	74081	-	AG-359-B05_00090	AG-359-B05	134	OG0001035	K00682	gamma-glutamylcyclotransferase [EC:4.3.2.9]	COG2105	YtfP	Predicted gamma-glutamylamine cyclotransferase YtfP, GGCT/AIG2-like family	AG-359-B05_00092	-2
CACBKI010000001.1	74084	74833	-	AG-359-B05_00091	AG-359-B05	249	OG0000807	NA	NA	COG1058	CinA	ADP-ribose pyrophosphatase domain of DNA damage- and competence-inducible protein CinA	AG-359-B05_00092	-1
CACBKI010000001.1	74856	75542	+	AG-359-B05_00092	AG-359-B05	228	OG0000819	K06206	sugar fermentation stimulation protein A	COG1489	SfsA	DNA-binding protein, stimulates sugar fermentation	AG-359-B05_00092	0
CACBKI010000001.1	75535	76305	+	AG-359-B05_00093	AG-359-B05	256	OG0000721	K01265	methionyl aminopeptidase [EC:3.4.11.18]	COG0024	Map	Methionine aminopeptidase	AG-359-B05_00092	1
CACBKI010000001.1	76305	77597	+	AG-359-B05_00094	AG-359-B05	430	OG0000779	K01756	adenylosuccinate lyase [EC:4.3.2.2]	COG0015	PurB	Adenylosuccinate lyase	AG-359-B05_00092	2
CACBKI010000001.1	77597	78382	+	AG-359-B05_00095	AG-359-B05	261	OG0000769	K01923	phosphoribosylaminoimidazole-succinocarboxamide synthase [EC:6.3.2.6]	COG0152	PurC	Phosphoribosylaminoimidazole-succinocarboxamide synthase	AG-359-B05_00092	3
CACBKI010000001.1	78382	78615	+	AG-359-B05_00096	AG-359-B05	77	OG0000770	K23264	phosphoribosylformylglycinamidine synthase subunit PurS [EC:6.3.5.3]	COG1828	PurS	Phosphoribosylformylglycinamidine (FGAM) synthase, PurS subunit	AG-359-B05_00092	4
CACBKI010000001.1	78619	79302	+	AG-359-B05_00097	AG-359-B05	227	OG0000684	K23265	phosphoribosylformylglycinamidine synthase subunit PurQ / glutaminase [EC:6.3.5.3 3.5.1.2]	COG0047	PurL2	Phosphoribosylformylglycinamidine (FGAM) synthase, glutamine amidotransferase domain	AG-359-B05_00092	5
CACBKZ010000012.1	11730	12413	-	AG-359-C09_01068	AG-359-C09	227	OG0000684	K23265	phosphoribosylformylglycinamidine synthase subunit PurQ / glutaminase [EC:6.3.5.3 3.5.1.2]	COG0047	PurL2	Phosphoribosylformylglycinamidine (FGAM) synthase, glutamine amidotransferase domain	AG-359-C09_01073	-5
CACBKZ010000012.1	12417	12659	-	AG-359-C09_01069	AG-359-C09	80	OG0000770	K23264	phosphoribosylformylglycinamidine synthase subunit PurS [EC:6.3.5.3]	COG1828	PurS	Phosphoribosylformylglycinamidine (FGAM) synthase, PurS subunit	AG-359-C09_01073	-4
CACBKZ010000012.1	12656	13441	-	AG-359-C09_01070	AG-359-C09	261	OG0000769	K01923	phosphoribosylaminoimidazole-succinocarboxamide synthase [EC:6.3.2.6]	COG0152	PurC	Phosphoribosylaminoimidazole-succinocarboxamide synthase	AG-359-C09_01073	-3
CACBKZ010000012.1	13441	14733	-	AG-359-C09_01071	AG-359-C09	430	OG0000779	K01756	adenylosuccinate lyase [EC:4.3.2.2]	COG0015	PurB	Adenylosuccinate lyase	AG-359-C09_01073	-2
CACBKZ010000012.1	14737	15507	-	AG-359-C09_01072	AG-359-C09	256	OG0000721	K01265	methionyl aminopeptidase [EC:3.4.11.18]	COG0024	Map	Methionine aminopeptidase	AG-359-C09_01073	-1
CACBKZ010000012.1	15500	16198	-	AG-359-C09_01073	AG-359-C09	232	OG0000819	K06206	sugar fermentation stimulation protein A	COG1489	SfsA	DNA-binding protein, stimulates sugar fermentation	AG-359-C09_01073	0
CACBKZ010000012.1	16219	16968	+	AG-359-C09_01074	AG-359-C09	249	OG0000807	NA	NA	COG1058	CinA	ADP-ribose pyrophosphatase domain of DNA damage- and competence-inducible protein CinA	AG-359-C09_01073	1
CACBKZ010000012.1	16968	17375	+	AG-359-C09_01075	AG-359-C09	135	OG0001035	K00682	gamma-glutamylcyclotransferase [EC:4.3.2.9]	COG2105	YtfP	Predicted gamma-glutamylamine cyclotransferase YtfP, GGCT/AIG2-like family	AG-359-C09_01073	2
CACBKZ010000012.1	17397	18275	+	AG-359-C09_01076	AG-359-C09	292	OG0000077	NA	NA	NA	NA	NA	AG-359-C09_01073	3
CACBKZ010000012.1	18276	19586	+	AG-359-C09_01077	AG-359-C09	436	OG0001333	NA	NA	COG4091	NA	Predicted homoserine dehydrogenase, contains C-terminal SAF domain	AG-359-C09_01073	4
CACBKZ010000012.1	19583	20845	-	AG-359-C09_01078	AG-359-C09	420	OG0001281	NA	NA	COG3408	GDB1	Glycogen debranching enzyme (alpha-1,6-glucosidase)	AG-359-C09_01073	5
CACBMB010000002.1	98573	99817	+	AG-359-D09_00332	AG-359-D09	414	OG0001319	NA	NA	COG2227	UbiG	2-polyprenyl-3-methyl-5-hydroxy-6-metoxy-1,4-benzoquinol methylase	AG-359-D09_00337	-5
CACBMB010000002.1	99814	100515	-	AG-359-D09_00333	AG-359-D09	233	OG0000043	NA	NA	COG0463	WcaA	Glycosyltransferase involved in cell wall bisynthesis	AG-359-D09_00337	-4
CACBMB010000002.1	100518	101375	+	AG-359-D09_00334	AG-359-D09	285	OG0000013	NA	NA	COG0673	MviM	Predicted dehydrogenase	AG-359-D09_00337	-3
CACBMB010000002.1	101394	101792	-	AG-359-D09_00335	AG-359-D09	132	OG0001035	K00682	gamma-glutamylcyclotransferase [EC:4.3.2.9]	COG2105	YtfP	Predicted gamma-glutamylamine cyclotransferase YtfP, GGCT/AIG2-like family	AG-359-D09_00337	-2
CACBMB010000002.1	101793	102542	-	AG-359-D09_00336	AG-359-D09	249	OG0000807	NA	NA	COG1058	CinA	ADP-ribose pyrophosphatase domain of DNA damage- and competence-inducible protein CinA	AG-359-D09_00337	-1
CACBMB010000002.1	102564	103262	+	AG-359-D09_00337	AG-359-D09	232	OG0000819	K06206	sugar fermentation stimulation protein A	COG1489	SfsA	DNA-binding protein, stimulates sugar fermentation	AG-359-D09_00337	0
CACBMB010000002.1	103255	104028	+	AG-359-D09_00338	AG-359-D09	257	OG0000721	K01265	methionyl aminopeptidase [EC:3.4.11.18]	COG0024	Map	Methionine aminopeptidase	AG-359-D09_00337	1
CACBMB010000002.1	104032	105324	+	AG-359-D09_00339	AG-359-D09	430	OG0000779	K01756	adenylosuccinate lyase [EC:4.3.2.2]	COG0015	PurB	Adenylosuccinate lyase	AG-359-D09_00337	2
CACBMB010000002.1	105324	106109	+	AG-359-D09_00340	AG-359-D09	261	OG0000769	K01923	phosphoribosylaminoimidazole-succinocarboxamide synthase [EC:6.3.2.6]	COG0152	PurC	Phosphoribosylaminoimidazole-succinocarboxamide synthase	AG-359-D09_00337	3
CACBMB010000002.1	106106	106348	+	AG-359-D09_00341	AG-359-D09	80	OG0000770	K23264	phosphoribosylformylglycinamidine synthase subunit PurS [EC:6.3.5.3]	COG1828	PurS	Phosphoribosylformylglycinamidine (FGAM) synthase, PurS subunit	AG-359-D09_00337	4
CACBMB010000002.1	106352	107035	+	AG-359-D09_00342	AG-359-D09	227	OG0000684	K23265	phosphoribosylformylglycinamidine synthase subunit PurQ / glutaminase [EC:6.3.5.3 3.5.1.2]	COG0047	PurL2	Phosphoribosylformylglycinamidine (FGAM) synthase, glutamine amidotransferase domain	AG-359-D09_00337	5
CACBOG010000014.1	7360	8043	-	AG-359-F04_01103	AG-359-F04	227	OG0000684	K23265	phosphoribosylformylglycinamidine synthase subunit PurQ / glutaminase [EC:6.3.5.3 3.5.1.2]	COG0047	PurL2	Phosphoribosylformylglycinamidine (FGAM) synthase, glutamine amidotransferase domain	AG-359-F04_01108	-5
CACBOG010000014.1	8047	8289	-	AG-359-F04_01104	AG-359-F04	80	OG0000770	K23264	phosphoribosylformylglycinamidine synthase subunit PurS [EC:6.3.5.3]	COG1828	PurS	Phosphoribosylformylglycinamidine (FGAM) synthase, PurS subunit	AG-359-F04_01108	-4
CACBOG010000014.1	8286	9071	-	AG-359-F04_01105	AG-359-F04	261	OG0000769	K01923	phosphoribosylaminoimidazole-succinocarboxamide synthase [EC:6.3.2.6]	COG0152	PurC	Phosphoribosylaminoimidazole-succinocarboxamide synthase	AG-359-F04_01108	-3
CACBOG010000014.1	9071	10363	-	AG-359-F04_01106	AG-359-F04	430	OG0000779	K01756	adenylosuccinate lyase [EC:4.3.2.2]	COG0015	PurB	Adenylosuccinate lyase	AG-359-F04_01108	-2
CACBOG010000014.1	10367	11140	-	AG-359-F04_01107	AG-359-F04	257	OG0000721	K01265	methionyl aminopeptidase [EC:3.4.11.18]	COG0024	Map	Methionine aminopeptidase	AG-359-F04_01108	-1
CACBOG010000014.1	11133	11831	-	AG-359-F04_01108	AG-359-F04	232	OG0000819	K06206	sugar fermentation stimulation protein A	COG1489	SfsA	DNA-binding protein, stimulates sugar fermentation	AG-359-F04_01108	0
CACBOG010000014.1	11854	12603	+	AG-359-F04_01109	AG-359-F04	249	OG0000807	NA	NA	COG1058	CinA	ADP-ribose pyrophosphatase domain of DNA damage- and competence-inducible protein CinA	AG-359-F04_01108	1
CACBOG010000014.1	12609	13520	-	AG-359-F04_01110	AG-359-F04	303	OG0000023	NA	NA	COG1089	Gmd	GDP-D-mannose dehydratase	AG-359-F04_01108	2
CACBOG010000014.1	13644	14807	+	AG-359-F04_01111	AG-359-F04	387	OG0001137	NA	NA	COG2227	UbiG	2-polyprenyl-3-methyl-5-hydroxy-6-metoxy-1,4-benzoquinol methylase	AG-359-F04_01108	3
CACBOG010000014.1	14804	15514	-	AG-359-F04_01112	AG-359-F04	236	OG0000983	NA	NA	COG0463	WcaA	Glycosyltransferase involved in cell wall bisynthesis	AG-359-F04_01108	4
CACBOG010000014.1	15511	16284	-	AG-359-F04_01113	AG-359-F04	257	OG0000045	NA	NA	NA	NA	NA	AG-359-F04_01108	5
CACBWH010000001.1	112167	113387	+	AG-359-M21_00145	AG-359-M21	406	OG0001273	K13693	glucosyl-3-phosphoglycerate synthase [EC:2.4.1.266]	NA	NA	NA	AG-359-M21_00150	-5
CACBWH010000001.1	113387	114649	+	AG-359-M21_00146	AG-359-M21	420	OG0001281	NA	NA	COG3408	GDB1	Glycogen debranching enzyme (alpha-1,6-glucosidase)	AG-359-M21_00150	-4
CACBWH010000001.1	114646	115956	-	AG-359-M21_00147	AG-359-M21	436	OG0001333	NA	NA	COG4091	NA	Predicted homoserine dehydrogenase, contains C-terminal SAF domain	AG-359-M21_00150	-3
CACBWH010000001.1	115965	116366	-	AG-359-M21_00148	AG-359-M21	133	OG0001035	K00682	gamma-glutamylcyclotransferase [EC:4.3.2.9]	COG2105	YtfP	Predicted gamma-glutamylamine cyclotransferase YtfP, GGCT/AIG2-like family	AG-359-M21_00150	-2
CACBWH010000001.1	116366	117115	-	AG-359-M21_00149	AG-359-M21	249	OG0000807	NA	NA	COG1058	CinA	ADP-ribose pyrophosphatase domain of DNA damage- and competence-inducible protein CinA	AG-359-M21_00150	-1
CACBWH010000001.1	117136	117834	+	AG-359-M21_00150	AG-359-M21	232	OG0000819	K06206	sugar fermentation stimulation protein A	COG1489	SfsA	DNA-binding protein, stimulates sugar fermentation	AG-359-M21_00150	0
CACBWH010000001.1	117827	118597	+	AG-359-M21_00151	AG-359-M21	256	OG0000721	K01265	methionyl aminopeptidase [EC:3.4.11.18]	COG0024	Map	Methionine aminopeptidase	AG-359-M21_00150	1
CACBWH010000001.1	118601	119893	+	AG-359-M21_00152	AG-359-M21	430	OG0000779	K01756	adenylosuccinate lyase [EC:4.3.2.2]	COG0015	PurB	Adenylosuccinate lyase	AG-359-M21_00150	2
CACBWH010000001.1	119893	120678	+	AG-359-M21_00153	AG-359-M21	261	OG0000769	K01923	phosphoribosylaminoimidazole-succinocarboxamide synthase [EC:6.3.2.6]	COG0152	PurC	Phosphoribosylaminoimidazole-succinocarboxamide synthase	AG-359-M21_00150	3
CACBWH010000001.1	120675	120917	+	AG-359-M21_00154	AG-359-M21	80	OG0000770	K23264	phosphoribosylformylglycinamidine synthase subunit PurS [EC:6.3.5.3]	COG1828	PurS	Phosphoribosylformylglycinamidine (FGAM) synthase, PurS subunit	AG-359-M21_00150	4
CACBWH010000001.1	120921	121604	+	AG-359-M21_00155	AG-359-M21	227	OG0000684	K23265	phosphoribosylformylglycinamidine synthase subunit PurQ / glutaminase [EC:6.3.5.3 3.5.1.2]	COG0047	PurL2	Phosphoribosylformylglycinamidine (FGAM) synthase, glutamine amidotransferase domain	AG-359-M21_00150	5
CACBWZ010000005.1	46393	47076	-	AG-359-O11_00593	AG-359-O11	227	OG0000684	K23265	phosphoribosylformylglycinamidine synthase subunit PurQ / glutaminase [EC:6.3.5.3 3.5.1.2]	COG0047	PurL2	Phosphoribosylformylglycinamidine (FGAM) synthase, glutamine amidotransferase domain	AG-359-O11_00598	-5
CACBWZ010000005.1	47080	47313	-	AG-359-O11_00594	AG-359-O11	77	OG0000770	K23264	phosphoribosylformylglycinamidine synthase subunit PurS [EC:6.3.5.3]	COG1828	PurS	Phosphoribosylformylglycinamidine (FGAM) synthase, PurS subunit	AG-359-O11_00598	-4
CACBWZ010000005.1	47313	48098	-	AG-359-O11_00595	AG-359-O11	261	OG0000769	K01923	phosphoribosylaminoimidazole-succinocarboxamide synthase [EC:6.3.2.6]	COG0152	PurC	Phosphoribosylaminoimidazole-succinocarboxamide synthase	AG-359-O11_00598	-3
CACBWZ010000005.1	48098	49390	-	AG-359-O11_00596	AG-359-O11	430	OG0000779	K01756	adenylosuccinate lyase [EC:4.3.2.2]	COG0015	PurB	Adenylosuccinate lyase	AG-359-O11_00598	-2
CACBWZ010000005.1	49390	50160	-	AG-359-O11_00597	AG-359-O11	256	OG0000721	K01265	methionyl aminopeptidase [EC:3.4.11.18]	COG0024	Map	Methionine aminopeptidase	AG-359-O11_00598	-1
CACBWZ010000005.1	50153	50839	-	AG-359-O11_00598	AG-359-O11	228	OG0000819	K06206	sugar fermentation stimulation protein A	COG1489	SfsA	DNA-binding protein, stimulates sugar fermentation	AG-359-O11_00598	0
CACBWZ010000005.1	50862	51611	+	AG-359-O11_00599	AG-359-O11	249	OG0000807	NA	NA	COG1058	CinA	ADP-ribose pyrophosphatase domain of DNA damage- and competence-inducible protein CinA	AG-359-O11_00598	1
CACBWZ010000005.1	51614	52018	+	AG-359-O11_00600	AG-359-O11	134	OG0001035	K00682	gamma-glutamylcyclotransferase [EC:4.3.2.9]	COG2105	YtfP	Predicted gamma-glutamylamine cyclotransferase YtfP, GGCT/AIG2-like family	AG-359-O11_00598	2
CACBWZ010000005.1	52022	52708	+	AG-359-O11_00601	AG-359-O11	228	OG0001044	NA	NA	COG1296	AzlC	Predicted branched-chain amino acid permease (azaleucine resistance)	AG-359-O11_00598	3
CACBWZ010000005.1	52705	53022	+	AG-359-O11_00602	AG-359-O11	105	OG0001043	NA	NA	COG4392	AzlD2	Branched-chain amino acid transport protein	AG-359-O11_00598	4
CACBWZ010000005.1	53027	54319	+	AG-359-O11_00603	AG-359-O11	430	OG0001333	NA	NA	COG4091	NA	Predicted homoserine dehydrogenase, contains C-terminal SAF domain	AG-359-O11_00598	5
CACBYE010000007.1	1352	2149	+	AG-359-P18_00925	AG-359-P18	265	OG0001276	K07026	mannosyl-3-phosphoglycerate phosphatase [EC:3.1.3.70]	COG3769	YedP	Mannosyl-3-phosphoglycerate phosphatase YedP/MpgP, HAD superfamily	AG-359-P18_00930	-5
CACBYE010000007.1	2159	3379	+	AG-359-P18_00926	AG-359-P18	406	OG0001273	K13693	glucosyl-3-phosphoglycerate synthase [EC:2.4.1.266]	NA	NA	NA	AG-359-P18_00930	-4
CACBYE010000007.1	3379	5103	+	AG-359-P18_00927	AG-359-P18	574	OG0001383	NA	NA	COG0366	AmyA	Glycosidase/amylase (phosphorylase)	AG-359-P18_00930	-3
CACBYE010000007.1	5096	5497	-	AG-359-P18_00928	AG-359-P18	133	OG0001035	K00682	gamma-glutamylcyclotransferase [EC:4.3.2.9]	COG2105	YtfP	Predicted gamma-glutamylamine cyclotransferase YtfP, GGCT/AIG2-like family	AG-359-P18_00930	-2
CACBYE010000007.1	5498	6247	-	AG-359-P18_00929	AG-359-P18	249	OG0000807	NA	NA	COG1058	CinA	ADP-ribose pyrophosphatase domain of DNA damage- and competence-inducible protein CinA	AG-359-P18_00930	-1
CACBYE010000007.1	6269	6967	+	AG-359-P18_00930	AG-359-P18	232	OG0000819	K06206	sugar fermentation stimulation protein A	COG1489	SfsA	DNA-binding protein, stimulates sugar fermentation	AG-359-P18_00930	0
CACBYE010000007.1	6960	7733	+	AG-359-P18_00931	AG-359-P18	257	OG0000721	K01265	methionyl aminopeptidase [EC:3.4.11.18]	COG0024	Map	Methionine aminopeptidase	AG-359-P18_00930	1
CACBYE010000007.1	7737	9029	+	AG-359-P18_00932	AG-359-P18	430	OG0000779	K01756	adenylosuccinate lyase [EC:4.3.2.2]	COG0015	PurB	Adenylosuccinate lyase	AG-359-P18_00930	2
CACBYE010000007.1	9029	9814	+	AG-359-P18_00933	AG-359-P18	261	OG0000769	K01923	phosphoribosylaminoimidazole-succinocarboxamide synthase [EC:6.3.2.6]	COG0152	PurC	Phosphoribosylaminoimidazole-succinocarboxamide synthase	AG-359-P18_00930	3
CACBYE010000007.1	9811	10053	+	AG-359-P18_00934	AG-359-P18	80	OG0000770	K23264	phosphoribosylformylglycinamidine synthase subunit PurS [EC:6.3.5.3]	COG1828	PurS	Phosphoribosylformylglycinamidine (FGAM) synthase, PurS subunit	AG-359-P18_00930	4
CACBYE010000007.1	10057	10740	+	AG-359-P18_00935	AG-359-P18	227	OG0000684	K23265	phosphoribosylformylglycinamidine synthase subunit PurQ / glutaminase [EC:6.3.5.3 3.5.1.2]	COG0047	PurL2	Phosphoribosylformylglycinamidine (FGAM) synthase, glutamine amidotransferase domain	AG-359-P18_00930	5
CACCZZ010000006.1	57523	58200	-	AG-365-B19_00820	AG-365-B19	225	OG0000684	K23265	phosphoribosylformylglycinamidine synthase subunit PurQ / glutaminase [EC:6.3.5.3 3.5.1.2]	COG0047	PurL2	Phosphoribosylformylglycinamidine (FGAM) synthase, glutamine amidotransferase domain	AG-365-B19_00825	-5
CACCZZ010000006.1	58197	58439	-	AG-365-B19_00821	AG-365-B19	80	OG0000770	K23264	phosphoribosylformylglycinamidine synthase subunit PurS [EC:6.3.5.3]	COG1828	PurS	Phosphoribosylformylglycinamidine (FGAM) synthase, PurS subunit	AG-365-B19_00825	-4
CACCZZ010000006.1	58441	59226	-	AG-365-B19_00822	AG-365-B19	261	OG0000769	K01923	phosphoribosylaminoimidazole-succinocarboxamide synthase [EC:6.3.2.6]	COG0152	PurC	Phosphoribosylaminoimidazole-succinocarboxamide synthase	AG-365-B19_00825	-3
CACCZZ010000006.1	59219	60520	-	AG-365-B19_00823	AG-365-B19	433	OG0000779	K01756	adenylosuccinate lyase [EC:4.3.2.2]	COG0015	PurB	Adenylosuccinate lyase	AG-365-B19_00825	-2
CACCZZ010000006.1	60517	61293	-	AG-365-B19_00824	AG-365-B19	258	OG0000721	K01265	methionyl aminopeptidase [EC:3.4.11.18]	COG0024	Map	Methionine aminopeptidase	AG-365-B19_00825	-1
CACCZZ010000006.1	61294	61992	-	AG-365-B19_00825	AG-365-B19	232	OG0000819	K06206	sugar fermentation stimulation protein A	COG1489	SfsA	DNA-binding protein, stimulates sugar fermentation	AG-365-B19_00825	0
CACCZZ010000006.1	62013	62774	+	AG-365-B19_00826	AG-365-B19	253	OG0000807	NA	NA	COG1058	CinA	ADP-ribose pyrophosphatase domain of DNA damage- and competence-inducible protein CinA	AG-365-B19_00825	1
CACCZZ010000006.1	62774	63214	+	AG-365-B19_00827	AG-365-B19	146	OG0001035	K00682	gamma-glutamylcyclotransferase [EC:4.3.2.9]	COG2105	YtfP	Predicted gamma-glutamylamine cyclotransferase YtfP, GGCT/AIG2-like family	AG-365-B19_00825	2
CACCZZ010000006.1	63211	64101	+	AG-365-B19_00828	AG-365-B19	296	OG0000113	K00737	beta-1,4-mannosyl-glycoprotein beta-1,4-N-acetylglucosaminyltransferase [EC:2.4.1.144]	NA	NA	NA	AG-365-B19_00825	3
CACCZZ010000006.1	64111	65022	+	AG-365-B19_00829	AG-365-B19	303	OG0001031	NA	NA	NA	NA	NA	AG-365-B19_00825	4
CACCZZ010000006.1	65024	65974	-	AG-365-B19_00830	AG-365-B19	316	OG0000983	NA	NA	COG0463	WcaA	Glycosyltransferase involved in cell wall bisynthesis	AG-365-B19_00825	5
CACFFB010000021.1	2306	2989	-	AG-365-D07_01050	AG-365-D07	227	OG0000684	K23265	phosphoribosylformylglycinamidine synthase subunit PurQ / glutaminase [EC:6.3.5.3 3.5.1.2]	COG0047	PurL2	Phosphoribosylformylglycinamidine (FGAM) synthase, glutamine amidotransferase domain	AG-365-D07_01055	-5
CACFFB010000021.1	2996	3229	-	AG-365-D07_01051	AG-365-D07	77	OG0000770	K23264	phosphoribosylformylglycinamidine synthase subunit PurS [EC:6.3.5.3]	COG1828	PurS	Phosphoribosylformylglycinamidine (FGAM) synthase, PurS subunit	AG-365-D07_01055	-4
CACFFB010000021.1	3229	4011	-	AG-365-D07_01052	AG-365-D07	260	OG0000769	K01923	phosphoribosylaminoimidazole-succinocarboxamide synthase [EC:6.3.2.6]	COG0152	PurC	Phosphoribosylaminoimidazole-succinocarboxamide synthase	AG-365-D07_01055	-3
CACFFB010000021.1	4008	5303	-	AG-365-D07_01053	AG-365-D07	431	OG0000779	K01756	adenylosuccinate lyase [EC:4.3.2.2]	COG0015	PurB	Adenylosuccinate lyase	AG-365-D07_01055	-2
CACFFB010000021.1	5303	6073	-	AG-365-D07_01054	AG-365-D07	256	OG0000721	K01265	methionyl aminopeptidase [EC:3.4.11.18]	COG0024	Map	Methionine aminopeptidase	AG-365-D07_01055	-1
CACFFB010000021.1	6066	6752	-	AG-365-D07_01055	AG-365-D07	228	OG0000819	K06206	sugar fermentation stimulation protein A	COG1489	SfsA	DNA-binding protein, stimulates sugar fermentation	AG-365-D07_01055	0
CACFFB010000021.1	6775	7527	+	AG-365-D07_01056	AG-365-D07	250	OG0000807	NA	NA	COG1058	CinA	ADP-ribose pyrophosphatase domain of DNA damage- and competence-inducible protein CinA	AG-365-D07_01055	1
CACFFB010000021.1	7527	7934	+	AG-365-D07_01057	AG-365-D07	135	OG0001035	K00682	gamma-glutamylcyclotransferase [EC:4.3.2.9]	COG2105	YtfP	Predicted gamma-glutamylamine cyclotransferase YtfP, GGCT/AIG2-like family	AG-365-D07_01055	2
CACFFB010000021.1	7935	8621	+	AG-365-D07_01058	AG-365-D07	228	OG0001044	NA	NA	COG1296	AzlC	Predicted branched-chain amino acid permease (azaleucine resistance)	AG-365-D07_01055	3
CACFFB010000021.1	8618	8932	+	AG-365-D07_01059	AG-365-D07	104	OG0001043	NA	NA	COG4392	AzlD2	Branched-chain amino acid transport protein	AG-365-D07_01055	4
CACDII010000003.1	166515	167198	-	AG-365-L04_00587	AG-365-L04	227	OG0000684	K23265	phosphoribosylformylglycinamidine synthase subunit PurQ / glutaminase [EC:6.3.5.3 3.5.1.2]	COG0047	PurL2	Phosphoribosylformylglycinamidine (FGAM) synthase, glutamine amidotransferase domain	AG-365-L04_00592	-5
CACDII010000003.1	167205	167447	-	AG-365-L04_00588	AG-365-L04	80	OG0000770	K23264	phosphoribosylformylglycinamidine synthase subunit PurS [EC:6.3.5.3]	COG1828	PurS	Phosphoribosylformylglycinamidine (FGAM) synthase, PurS subunit	AG-365-L04_00592	-4
CACDII010000003.1	167452	168234	-	AG-365-L04_00589	AG-365-L04	260	OG0000769	K01923	phosphoribosylaminoimidazole-succinocarboxamide synthase [EC:6.3.2.6]	COG0152	PurC	Phosphoribosylaminoimidazole-succinocarboxamide synthase	AG-365-L04_00592	-3
CACDII010000003.1	168234	169526	-	AG-365-L04_00590	AG-365-L04	430	OG0000779	K01756	adenylosuccinate lyase [EC:4.3.2.2]	COG0015	PurB	Adenylosuccinate lyase	AG-365-L04_00592	-2
CACDII010000003.1	169526	170299	-	AG-365-L04_00591	AG-365-L04	257	OG0000721	K01265	methionyl aminopeptidase [EC:3.4.11.18]	COG0024	Map	Methionine aminopeptidase	AG-365-L04_00592	-1
CACDII010000003.1	170292	170990	-	AG-365-L04_00592	AG-365-L04	232	OG0000819	K06206	sugar fermentation stimulation protein A	COG1489	SfsA	DNA-binding protein, stimulates sugar fermentation	AG-365-L04_00592	0
CACDII010000003.1	171011	171760	+	AG-365-L04_00593	AG-365-L04	249	OG0000807	NA	NA	COG1058	CinA	ADP-ribose pyrophosphatase domain of DNA damage- and competence-inducible protein CinA	AG-365-L04_00592	1
CACDII010000003.1	171761	172207	+	AG-365-L04_00594	AG-365-L04	148	OG0001035	K00682	gamma-glutamylcyclotransferase [EC:4.3.2.9]	COG2105	YtfP	Predicted gamma-glutamylamine cyclotransferase YtfP, GGCT/AIG2-like family	AG-365-L04_00592	2
CACDII010000003.1	172212	173354	+	AG-365-L04_00595	AG-365-L04	380	OG0002272	NA	NA	NA	NA	NA	AG-365-L04_00592	3
CACDII010000003.1	173532	174302	+	AG-365-L04_00597	AG-365-L04	256	OG0000972	K00858	NAD+ kinase [EC:2.7.1.23]	COG0061	NadK	NAD kinase	AG-365-L04_00592	4
CACDII010000003.1	174391	175188	-	AG-365-L04_00599	AG-365-L04	265	OG0001271	NA	NA	NA	NA	NA	AG-365-L04_00592	5
CACDMX010000006.1	30549	31232	-	AG-365-O14_00774	AG-365-O14	227	OG0000684	K23265	phosphoribosylformylglycinamidine synthase subunit PurQ / glutaminase [EC:6.3.5.3 3.5.1.2]	COG0047	PurL2	Phosphoribosylformylglycinamidine (FGAM) synthase, glutamine amidotransferase domain	AG-365-O14_00779	-5
CACDMX010000006.1	31239	31478	-	AG-365-O14_00775	AG-365-O14	79	OG0000770	K23264	phosphoribosylformylglycinamidine synthase subunit PurS [EC:6.3.5.3]	COG1828	PurS	Phosphoribosylformylglycinamidine (FGAM) synthase, PurS subunit	AG-365-O14_00779	-4
CACDMX010000006.1	31475	32263	-	AG-365-O14_00776	AG-365-O14	262	OG0000769	K01923	phosphoribosylaminoimidazole-succinocarboxamide synthase [EC:6.3.2.6]	COG0152	PurC	Phosphoribosylaminoimidazole-succinocarboxamide synthase	AG-365-O14_00779	-3
CACDMX010000006.1	32263	33555	-	AG-365-O14_00777	AG-365-O14	430	OG0000779	K01756	adenylosuccinate lyase [EC:4.3.2.2]	COG0015	PurB	Adenylosuccinate lyase	AG-365-O14_00779	-2
CACDMX010000006.1	33561	34331	-	AG-365-O14_00778	AG-365-O14	256	OG0000721	K01265	methionyl aminopeptidase [EC:3.4.11.18]	COG0024	Map	Methionine aminopeptidase	AG-365-O14_00779	-1
CACDMX010000006.1	34324	35010	-	AG-365-O14_00779	AG-365-O14	228	OG0000819	K06206	sugar fermentation stimulation protein A	COG1489	SfsA	DNA-binding protein, stimulates sugar fermentation	AG-365-O14_00779	0
CACDMX010000006.1	35033	35785	+	AG-365-O14_00780	AG-365-O14	250	OG0000807	NA	NA	COG1058	CinA	ADP-ribose pyrophosphatase domain of DNA damage- and competence-inducible protein CinA	AG-365-O14_00779	1
CACDMX010000006.1	35785	36228	+	AG-365-O14_00781	AG-365-O14	147	OG0001035	K00682	gamma-glutamylcyclotransferase [EC:4.3.2.9]	COG2105	YtfP	Predicted gamma-glutamylamine cyclotransferase YtfP, GGCT/AIG2-like family	AG-365-O14_00779	2
CACDMX010000006.1	36218	37108	-	AG-365-O14_00782	AG-365-O14	296	OG0000816	NA	NA	COG1216	WcaE	Glycosyltransferase, GT2 family	AG-365-O14_00779	3
CACDMX010000006.1	37168	39192	+	AG-365-O14_00783	AG-365-O14	674	OG0001664	NA	NA	COG4993	Gcd	Glucose dehydrogenase, PQQ-dependent	AG-365-O14_00779	4
CACDMX010000006.1	39189	40073	+	AG-365-O14_00784	AG-365-O14	294	OG0000141	NA	NA	COG0863	YhdJ	DNA modification adenine methylase	AG-365-O14_00779	5
CACDRL010000010.1	43299	43982	-	AG-390-C17_01111	AG-390-C17	227	OG0000684	K23265	phosphoribosylformylglycinamidine synthase subunit PurQ / glutaminase [EC:6.3.5.3 3.5.1.2]	COG0047	PurL2	Phosphoribosylformylglycinamidine (FGAM) synthase, glutamine amidotransferase domain	AG-390-C17_01116	-5
CACDRL010000010.1	43986	44228	-	AG-390-C17_01112	AG-390-C17	80	OG0000770	K23264	phosphoribosylformylglycinamidine synthase subunit PurS [EC:6.3.5.3]	COG1828	PurS	Phosphoribosylformylglycinamidine (FGAM) synthase, PurS subunit	AG-390-C17_01116	-4
CACDRL010000010.1	44225	45010	-	AG-390-C17_01113	AG-390-C17	261	OG0000769	K01923	phosphoribosylaminoimidazole-succinocarboxamide synthase [EC:6.3.2.6]	COG0152	PurC	Phosphoribosylaminoimidazole-succinocarboxamide synthase	AG-390-C17_01116	-3
CACDRL010000010.1	45010	46302	-	AG-390-C17_01114	AG-390-C17	430	OG0000779	K01756	adenylosuccinate lyase [EC:4.3.2.2]	COG0015	PurB	Adenylosuccinate lyase	AG-390-C17_01116	-2
CACDRL010000010.1	46306	47076	-	AG-390-C17_01115	AG-390-C17	256	OG0000721	K01265	methionyl aminopeptidase [EC:3.4.11.18]	COG0024	Map	Methionine aminopeptidase	AG-390-C17_01116	-1
CACDRL010000010.1	47069	47767	-	AG-390-C17_01116	AG-390-C17	232	OG0000819	K06206	sugar fermentation stimulation protein A	COG1489	SfsA	DNA-binding protein, stimulates sugar fermentation	AG-390-C17_01116	0
CACDRL010000010.1	47788	48537	+	AG-390-C17_01117	AG-390-C17	249	OG0000807	NA	NA	COG1058	CinA	ADP-ribose pyrophosphatase domain of DNA damage- and competence-inducible protein CinA	AG-390-C17_01116	1
CACDSN010000004.1	44617	45300	-	AG-390-C19_00361	AG-390-C19	227	OG0000684	K23265	phosphoribosylformylglycinamidine synthase subunit PurQ / glutaminase [EC:6.3.5.3 3.5.1.2]	COG0047	PurL2	Phosphoribosylformylglycinamidine (FGAM) synthase, glutamine amidotransferase domain	AG-390-C19_00366	-5
CACDSN010000004.1	45307	45540	-	AG-390-C19_00362	AG-390-C19	77	OG0000770	K23264	phosphoribosylformylglycinamidine synthase subunit PurS [EC:6.3.5.3]	COG1828	PurS	Phosphoribosylformylglycinamidine (FGAM) synthase, PurS subunit	AG-390-C19_00366	-4
CACDSN010000004.1	45540	46322	-	AG-390-C19_00363	AG-390-C19	260	OG0000769	K01923	phosphoribosylaminoimidazole-succinocarboxamide synthase [EC:6.3.2.6]	COG0152	PurC	Phosphoribosylaminoimidazole-succinocarboxamide synthase	AG-390-C19_00366	-3
CACDSN010000004.1	46322	47614	-	AG-390-C19_00364	AG-390-C19	430	OG0000779	K01756	adenylosuccinate lyase [EC:4.3.2.2]	COG0015	PurB	Adenylosuccinate lyase	AG-390-C19_00366	-2
CACDSN010000004.1	47617	48384	-	AG-390-C19_00365	AG-390-C19	255	OG0000721	K01265	methionyl aminopeptidase [EC:3.4.11.18]	COG0024	Map	Methionine aminopeptidase	AG-390-C19_00366	-1
CACDSN010000004.1	48377	49063	-	AG-390-C19_00366	AG-390-C19	228	OG0000819	K06206	sugar fermentation stimulation protein A	COG1489	SfsA	DNA-binding protein, stimulates sugar fermentation	AG-390-C19_00366	0
CACDSN010000004.1	49086	49838	+	AG-390-C19_00367	AG-390-C19	250	OG0000807	NA	NA	COG1058	CinA	ADP-ribose pyrophosphatase domain of DNA damage- and competence-inducible protein CinA	AG-390-C19_00366	1
CACDSN010000004.1	49838	50245	+	AG-390-C19_00368	AG-390-C19	135	OG0001035	K00682	gamma-glutamylcyclotransferase [EC:4.3.2.9]	COG2105	YtfP	Predicted gamma-glutamylamine cyclotransferase YtfP, GGCT/AIG2-like family	AG-390-C19_00366	2
CACDSN010000004.1	50246	50935	+	AG-390-C19_00369	AG-390-C19	229	OG0001044	NA	NA	COG1296	AzlC	Predicted branched-chain amino acid permease (azaleucine resistance)	AG-390-C19_00366	3
CACDSN010000004.1	50932	51249	+	AG-390-C19_00370	AG-390-C19	105	OG0001043	NA	NA	COG4392	AzlD2	Branched-chain amino acid transport protein	AG-390-C19_00366	4
CACDSN010000004.1	51246	51845	-	AG-390-C19_00371	AG-390-C19	199	OG0001732	NA	NA	NA	NA	NA	AG-390-C19_00366	5
CACDTD010000007.1	127	1596	+	AG-390-C22_00736	AG-390-C22	489	OG0001383	NA	NA	COG0366	AmyA	Glycosidase/amylase (phosphorylase)	AG-390-C22_00741	-5
CACDTD010000007.1	1665	3491	+	AG-390-C22_00737	AG-390-C22	608	OG0001678	NA	NA	NA	NA	NA	AG-390-C22_00741	-4
CACDTD010000007.1	3488	4201	-	AG-390-C22_00738	AG-390-C22	237	OG0000983	K00721	dolichol-phosphate mannosyltransferase [EC:2.4.1.83]	COG0463	WcaA	Glycosyltransferase involved in cell wall bisynthesis	AG-390-C22_00741	-3
CACDTD010000007.1	4282	5235	+	AG-390-C22_00739	AG-390-C22	317	OG0001428	NA	NA	COG0859	RfaF	ADP-heptose:LPS heptosyltransferase	AG-390-C22_00741	-2
CACDTD010000007.1	5232	5990	-	AG-390-C22_00740	AG-390-C22	252	OG0000807	NA	NA	COG1058	CinA	ADP-ribose pyrophosphatase domain of DNA damage- and competence-inducible protein CinA	AG-390-C22_00741	-1
CACDTD010000007.1	6007	6702	+	AG-390-C22_00741	AG-390-C22	231	OG0000819	K06206	sugar fermentation stimulation protein A	COG1489	SfsA	DNA-binding protein, stimulates sugar fermentation	AG-390-C22_00741	0
CACDTD010000007.1	6702	7457	+	AG-390-C22_00742	AG-390-C22	251	OG0000721	K01265	methionyl aminopeptidase [EC:3.4.11.18]	COG0024	Map	Methionine aminopeptidase	AG-390-C22_00741	1
CACDTD010000007.1	7467	8762	+	AG-390-C22_00743	AG-390-C22	431	OG0000779	K01756	adenylosuccinate lyase [EC:4.3.2.2]	COG0015	PurB	Adenylosuccinate lyase	AG-390-C22_00741	2
CACDTD010000007.1	8769	9560	+	AG-390-C22_00744	AG-390-C22	263	OG0000769	K01923	phosphoribosylaminoimidazole-succinocarboxamide synthase [EC:6.3.2.6]	COG0152	PurC	Phosphoribosylaminoimidazole-succinocarboxamide synthase	AG-390-C22_00741	3
CACDTD010000007.1	9562	9801	+	AG-390-C22_00745	AG-390-C22	79	OG0000770	K23264	phosphoribosylformylglycinamidine synthase subunit PurS [EC:6.3.5.3]	COG1828	PurS	Phosphoribosylformylglycinamidine (FGAM) synthase, PurS subunit	AG-390-C22_00741	4
CACDTD010000007.1	9801	10478	+	AG-390-C22_00746	AG-390-C22	225	OG0000684	K23265	phosphoribosylformylglycinamidine synthase subunit PurQ / glutaminase [EC:6.3.5.3 3.5.1.2]	COG0047	PurL2	Phosphoribosylformylglycinamidine (FGAM) synthase, glutamine amidotransferase domain	AG-390-C22_00741	5
CACDTA010000005.1	16524	17207	-	AG-390-D02_00731	AG-390-D02	227	OG0000684	K23265	phosphoribosylformylglycinamidine synthase subunit PurQ / glutaminase [EC:6.3.5.3 3.5.1.2]	COG0047	PurL2	Phosphoribosylformylglycinamidine (FGAM) synthase, glutamine amidotransferase domain	AG-390-D02_00736	-5
CACDTA010000005.1	17211	17453	-	AG-390-D02_00732	AG-390-D02	80	OG0000770	K23264	phosphoribosylformylglycinamidine synthase subunit PurS [EC:6.3.5.3]	COG1828	PurS	Phosphoribosylformylglycinamidine (FGAM) synthase, PurS subunit	AG-390-D02_00736	-4
CACDTA010000005.1	17450	18235	-	AG-390-D02_00733	AG-390-D02	261	OG0000769	K01923	phosphoribosylaminoimidazole-succinocarboxamide synthase [EC:6.3.2.6]	COG0152	PurC	Phosphoribosylaminoimidazole-succinocarboxamide synthase	AG-390-D02_00736	-3
CACDTA010000005.1	18235	19527	-	AG-390-D02_00734	AG-390-D02	430	OG0000779	K01756	adenylosuccinate lyase [EC:4.3.2.2]	COG0015	PurB	Adenylosuccinate lyase	AG-390-D02_00736	-2
CACDTA010000005.1	19531	20304	-	AG-390-D02_00735	AG-390-D02	257	OG0000721	K01265	methionyl aminopeptidase [EC:3.4.11.18]	COG0024	Map	Methionine aminopeptidase	AG-390-D02_00736	-1
CACDTA010000005.1	20297	20995	-	AG-390-D02_00736	AG-390-D02	232	OG0000819	K06206	sugar fermentation stimulation protein A	COG1489	SfsA	DNA-binding protein, stimulates sugar fermentation	AG-390-D02_00736	0
CACDTA010000005.1	21017	21766	+	AG-390-D02_00737	AG-390-D02	249	OG0000807	NA	NA	COG1058	CinA	ADP-ribose pyrophosphatase domain of DNA damage- and competence-inducible protein CinA	AG-390-D02_00736	1
CACDTA010000005.1	21767	22174	+	AG-390-D02_00738	AG-390-D02	135	OG0001035	NA	NA	COG2105	YtfP	Predicted gamma-glutamylamine cyclotransferase YtfP, GGCT/AIG2-like family	AG-390-D02_00736	2
CACDTA010000005.1	22357	22983	+	AG-390-D02_00739	AG-390-D02	208	OG0001361	NA	NA	COG3637	LomR	Opacity protein LomR and related surface antigens	AG-390-D02_00736	3
CACDTA010000005.1	23044	24756	-	AG-390-D02_00740	AG-390-D02	570	OG0001331	NA	NA	COG0457	TPR	Tetratricopeptide (TPR) repeat	AG-390-D02_00736	4
CACDTA010000005.1	24851	26578	-	AG-390-D02_00741	AG-390-D02	575	OG0001383	NA	NA	COG0366	AmyA	Glycosidase/amylase (phosphorylase)	AG-390-D02_00736	5
CACDTN010000009.1	49093	50820	+	AG-390-D15_01018	AG-390-D15	575	OG0001383	NA	NA	COG0366	AmyA	Glycosidase/amylase (phosphorylase)	AG-390-D15_01023	-5
CACDTN010000009.1	50902	52623	+	AG-390-D15_01019	AG-390-D15	573	OG0001331	NA	NA	COG2956	LapB	Lipopolysaccharide biosynthesis regulator YciM/LapB, contains six TPR domains and a C-terminal metal-binding domain	AG-390-D15_01023	-4
CACDTN010000009.1	52687	53343	-	AG-390-D15_01020	AG-390-D15	218	OG0001361	NA	NA	NA	NA	NA	AG-390-D15_01023	-3
CACDTN010000009.1	53524	53925	-	AG-390-D15_01021	AG-390-D15	133	OG0001035	K00682	gamma-glutamylcyclotransferase [EC:4.3.2.9]	COG2105	YtfP	Predicted gamma-glutamylamine cyclotransferase YtfP, GGCT/AIG2-like family	AG-390-D15_01023	-2
CACDTN010000009.1	53926	54675	-	AG-390-D15_01022	AG-390-D15	249	OG0000807	NA	NA	COG1058	CinA	ADP-ribose pyrophosphatase domain of DNA damage- and competence-inducible protein CinA	AG-390-D15_01023	-1
CACDTN010000009.1	54697	55395	+	AG-390-D15_01023	AG-390-D15	232	OG0000819	K06206	sugar fermentation stimulation protein A	COG1489	SfsA	DNA-binding protein, stimulates sugar fermentation	AG-390-D15_01023	0
CACDTN010000009.1	55388	56161	+	AG-390-D15_01024	AG-390-D15	257	OG0000721	K01265	methionyl aminopeptidase [EC:3.4.11.18]	COG0024	Map	Methionine aminopeptidase	AG-390-D15_01023	1
CACDTN010000009.1	56165	57457	+	AG-390-D15_01025	AG-390-D15	430	OG0000779	K01756	adenylosuccinate lyase [EC:4.3.2.2]	COG0015	PurB	Adenylosuccinate lyase	AG-390-D15_01023	2
CACDTN010000009.1	57457	58242	+	AG-390-D15_01026	AG-390-D15	261	OG0000769	K01923	phosphoribosylaminoimidazole-succinocarboxamide synthase [EC:6.3.2.6]	COG0152	PurC	Phosphoribosylaminoimidazole-succinocarboxamide synthase	AG-390-D15_01023	3
CACDTN010000009.1	58239	58481	+	AG-390-D15_01027	AG-390-D15	80	OG0000770	K23264	phosphoribosylformylglycinamidine synthase subunit PurS [EC:6.3.5.3]	COG1828	PurS	Phosphoribosylformylglycinamidine (FGAM) synthase, PurS subunit	AG-390-D15_01023	4
CACDTN010000009.1	58485	59168	+	AG-390-D15_01028	AG-390-D15	227	OG0000684	K23265	phosphoribosylformylglycinamidine synthase subunit PurQ / glutaminase [EC:6.3.5.3 3.5.1.2]	COG0047	PurL2	Phosphoribosylformylglycinamidine (FGAM) synthase, glutamine amidotransferase domain	AG-390-D15_01023	5
CACDUS010000002.1	42225	42908	-	AG-390-E04_00197	AG-390-E04	227	OG0000684	K23265	phosphoribosylformylglycinamidine synthase subunit PurQ / glutaminase [EC:6.3.5.3 3.5.1.2]	COG0047	PurL2	Phosphoribosylformylglycinamidine (FGAM) synthase, glutamine amidotransferase domain	AG-390-E04_00202	-5
CACDUS010000002.1	42912	43154	-	AG-390-E04_00198	AG-390-E04	80	OG0000770	K23264	phosphoribosylformylglycinamidine synthase subunit PurS [EC:6.3.5.3]	COG1828	PurS	Phosphoribosylformylglycinamidine (FGAM) synthase, PurS subunit	AG-390-E04_00202	-4
CACDUS010000002.1	43151	43936	-	AG-390-E04_00199	AG-390-E04	261	OG0000769	K01923	phosphoribosylaminoimidazole-succinocarboxamide synthase [EC:6.3.2.6]	COG0152	PurC	Phosphoribosylaminoimidazole-succinocarboxamide synthase	AG-390-E04_00202	-3
CACDUS010000002.1	43936	45228	-	AG-390-E04_00200	AG-390-E04	430	OG0000779	K01756	adenylosuccinate lyase [EC:4.3.2.2]	COG0015	PurB	Adenylosuccinate lyase	AG-390-E04_00202	-2
CACDUS010000002.1	45232	46005	-	AG-390-E04_00201	AG-390-E04	257	OG0000721	K01265	methionyl aminopeptidase [EC:3.4.11.18]	COG0024	Map	Methionine aminopeptidase	AG-390-E04_00202	-1
CACDUS010000002.1	45998	46696	-	AG-390-E04_00202	AG-390-E04	232	OG0000819	K06206	sugar fermentation stimulation protein A	COG1489	SfsA	DNA-binding protein, stimulates sugar fermentation	AG-390-E04_00202	0
CACDUS010000002.1	46717	47466	+	AG-390-E04_00203	AG-390-E04	249	OG0000807	NA	NA	COG1058	CinA	ADP-ribose pyrophosphatase domain of DNA damage- and competence-inducible protein CinA	AG-390-E04_00202	1
CACDUS010000002.1	47467	47868	+	AG-390-E04_00204	AG-390-E04	133	OG0001035	K00682	gamma-glutamylcyclotransferase [EC:4.3.2.9]	COG2105	YtfP	Predicted gamma-glutamylamine cyclotransferase YtfP, GGCT/AIG2-like family	AG-390-E04_00202	2
CACDUS010000002.1	47873	48565	+	AG-390-E04_00205	AG-390-E04	230	OG0000043	NA	NA	COG0463	WcaA	Glycosyltransferase involved in cell wall bisynthesis	AG-390-E04_00202	3
CACDUS010000002.1	48593	50185	+	AG-390-E04_00206	AG-390-E04	530	OG0001142	NA	NA	NA	NA	NA	AG-390-E04_00202	4
CACDUS010000002.1	50245	52005	-	AG-390-E04_00207	AG-390-E04	586	OG0001142	NA	NA	NA	NA	NA	AG-390-E04_00202	5
CACDYL010000002.1	54457	55140	-	AG-390-G13_00177	AG-390-G13	227	OG0000684	K23265	phosphoribosylformylglycinamidine synthase subunit PurQ / glutaminase [EC:6.3.5.3 3.5.1.2]	COG0047	PurL2	Phosphoribosylformylglycinamidine (FGAM) synthase, glutamine amidotransferase domain	AG-390-G13_00182	-5
CACDYL010000002.1	55148	55381	-	AG-390-G13_00178	AG-390-G13	77	OG0000770	K23264	phosphoribosylformylglycinamidine synthase subunit PurS [EC:6.3.5.3]	COG1828	PurS	Phosphoribosylformylglycinamidine (FGAM) synthase, PurS subunit	AG-390-G13_00182	-4
CACDYL010000002.1	55378	56166	-	AG-390-G13_00179	AG-390-G13	262	OG0000769	K01923	phosphoribosylaminoimidazole-succinocarboxamide synthase [EC:6.3.2.6]	COG0152	PurC	Phosphoribosylaminoimidazole-succinocarboxamide synthase	AG-390-G13_00182	-3
CACDYL010000002.1	56166	57458	-	AG-390-G13_00180	AG-390-G13	430	OG0000779	K01756	adenylosuccinate lyase [EC:4.3.2.2]	COG0015	PurB	Adenylosuccinate lyase	AG-390-G13_00182	-2
CACDYL010000002.1	57458	58228	-	AG-390-G13_00181	AG-390-G13	256	OG0000721	K01265	methionyl aminopeptidase [EC:3.4.11.18]	COG0024	Map	Methionine aminopeptidase	AG-390-G13_00182	-1
CACDYL010000002.1	58221	58907	-	AG-390-G13_00182	AG-390-G13	228	OG0000819	K06206	sugar fermentation stimulation protein A	COG1489	SfsA	DNA-binding protein, stimulates sugar fermentation	AG-390-G13_00182	0
CACDYL010000002.1	58930	59679	+	AG-390-G13_00183	AG-390-G13	249	OG0000807	NA	NA	COG1058	CinA	ADP-ribose pyrophosphatase domain of DNA damage- and competence-inducible protein CinA	AG-390-G13_00182	1
CACDYL010000002.1	59691	62036	+	AG-390-G13_00184	AG-390-G13	781	OG0001664	NA	NA	COG4993	Gcd	Glucose dehydrogenase, PQQ-dependent	AG-390-G13_00182	2
CACDYL010000002.1	62041	62484	+	AG-390-G13_00185	AG-390-G13	147	OG0001035	K00682	gamma-glutamylcyclotransferase [EC:4.3.2.9]	COG2105	YtfP	Predicted gamma-glutamylamine cyclotransferase YtfP, GGCT/AIG2-like family	AG-390-G13_00182	3
CACDYL010000002.1	62534	63733	+	AG-390-G13_00186	AG-390-G13	399	OG0001427	NA	NA	NA	NA	NA	AG-390-G13_00182	4
CACDYL010000002.1	63939	64805	+	AG-390-G13_00187	AG-390-G13	288	OG0000057	K21615	L-proline 4-hydroxylase [EC:1.14.11.57]	COG5285	PhyH	Ectoine hydroxylase-related dioxygenase, phytanoyl-CoA dioxygenase (PhyH) family	AG-390-G13_00182	5
CACDYR010000021.1	673	1371	-	AG-390-G23_01365	AG-390-G23	232	OG0000819	K06206	sugar fermentation stimulation protein A	COG1489	SfsA	DNA-binding protein, stimulates sugar fermentation	AG-390-G23_01365	0
CACDYR010000021.1	1392	2141	+	AG-390-G23_01366	AG-390-G23	249	OG0000807	NA	NA	COG1058	CinA	ADP-ribose pyrophosphatase domain of DNA damage- and competence-inducible protein CinA	AG-390-G23_01365	1
CACDYR010000021.1	2141	2542	+	AG-390-G23_01367	AG-390-G23	133	OG0001035	K00682	gamma-glutamylcyclotransferase [EC:4.3.2.9]	COG2105	YtfP	Predicted gamma-glutamylamine cyclotransferase YtfP, GGCT/AIG2-like family	AG-390-G23_01365	2
CACDZS010000011.1	10874	11557	-	AG-390-I15_00986	AG-390-I15	227	OG0000684	K23265	phosphoribosylformylglycinamidine synthase subunit PurQ / glutaminase [EC:6.3.5.3 3.5.1.2]	COG0047	PurL2	Phosphoribosylformylglycinamidine (FGAM) synthase, glutamine amidotransferase domain	AG-390-I15_00991	-5
CACDZS010000011.1	11561	11803	-	AG-390-I15_00987	AG-390-I15	80	OG0000770	K23264	phosphoribosylformylglycinamidine synthase subunit PurS [EC:6.3.5.3]	COG1828	PurS	Phosphoribosylformylglycinamidine (FGAM) synthase, PurS subunit	AG-390-I15_00991	-4
CACDZS010000011.1	11800	12585	-	AG-390-I15_00988	AG-390-I15	261	OG0000769	K01923	phosphoribosylaminoimidazole-succinocarboxamide synthase [EC:6.3.2.6]	COG0152	PurC	Phosphoribosylaminoimidazole-succinocarboxamide synthase	AG-390-I15_00991	-3
CACDZS010000011.1	12585	13877	-	AG-390-I15_00989	AG-390-I15	430	OG0000779	K01756	adenylosuccinate lyase [EC:4.3.2.2]	COG0015	PurB	Adenylosuccinate lyase	AG-390-I15_00991	-2
CACDZS010000011.1	13881	14651	-	AG-390-I15_00990	AG-390-I15	256	OG0000721	K01265	methionyl aminopeptidase [EC:3.4.11.18]	COG0024	Map	Methionine aminopeptidase	AG-390-I15_00991	-1
CACDZS010000011.1	14644	15342	-	AG-390-I15_00991	AG-390-I15	232	OG0000819	K06206	sugar fermentation stimulation protein A	COG1489	SfsA	DNA-binding protein, stimulates sugar fermentation	AG-390-I15_00991	0
CACDZS010000011.1	15363	16112	+	AG-390-I15_00992	AG-390-I15	249	OG0000807	NA	NA	COG1058	CinA	ADP-ribose pyrophosphatase domain of DNA damage- and competence-inducible protein CinA	AG-390-I15_00991	1
CACDZS010000011.1	16112	16513	+	AG-390-I15_00993	AG-390-I15	133	OG0001035	K00682	gamma-glutamylcyclotransferase [EC:4.3.2.9]	COG2105	YtfP	Predicted gamma-glutamylamine cyclotransferase YtfP, GGCT/AIG2-like family	AG-390-I15_00991	2
CACDZS010000011.1	16522	17817	+	AG-390-I15_00994	AG-390-I15	431	OG0001333	NA	NA	COG4091	NA	Predicted homoserine dehydrogenase, contains C-terminal SAF domain	AG-390-I15_00991	3
CACDZS010000011.1	17814	19085	-	AG-390-I15_00995	AG-390-I15	423	OG0001281	NA	NA	COG3408	GDB1	Glycogen debranching enzyme (alpha-1,6-glucosidase)	AG-390-I15_00991	4
CACDZS010000011.1	19082	20275	-	AG-390-I15_00996	AG-390-I15	397	OG0000002	NA	NA	COG0395	UgpE	ABC-type glycerol-3-phosphate transport system, permease component	AG-390-I15_00991	5
CACEAT010000003.1	78575	79423	-	AG-390-J13_00741	AG-390-J13	282	OG0002198	NA	NA	NA	NA	NA	AG-390-J13_00746	-5
CACEAT010000003.1	79439	80917	-	AG-390-J13_00742	AG-390-J13	492	OG0002260	NA	NA	NA	NA	NA	AG-390-J13_00746	-4
CACEAT010000003.1	81044	81682	-	AG-390-J13_00743	AG-390-J13	212	OG0001361	NA	NA	NA	NA	NA	AG-390-J13_00746	-3
CACEAT010000003.1	81859	82260	-	AG-390-J13_00744	AG-390-J13	133	OG0001035	K00682	gamma-glutamylcyclotransferase [EC:4.3.2.9]	COG2105	YtfP	Predicted gamma-glutamylamine cyclotransferase YtfP, GGCT/AIG2-like family	AG-390-J13_00746	-2
CACEAT010000003.1	82261	83010	-	AG-390-J13_00745	AG-390-J13	249	OG0000807	NA	NA	COG1058	CinA	ADP-ribose pyrophosphatase domain of DNA damage- and competence-inducible protein CinA	AG-390-J13_00746	-1
CACEAT010000003.1	83032	83727	+	AG-390-J13_00746	AG-390-J13	231	OG0000819	K06206	sugar fermentation stimulation protein A	COG1489	SfsA	DNA-binding protein, stimulates sugar fermentation	AG-390-J13_00746	0
CACEAT010000003.1	83967	85898	+	AG-390-J13_00747	AG-390-J13	643	OG0001508	K02014	iron complex outermembrane recepter protein	COG4771	FepA	Outer membrane receptor for ferrienterochelin and colicins	AG-390-J13_00746	1
CACEAT010000003.1	85898	86401	+	AG-390-J13_00748	AG-390-J13	167	OG0001518	NA	NA	NA	NA	NA	AG-390-J13_00746	2
CACEAT010000003.1	86402	87988	-	AG-390-J13_00749	AG-390-J13	528	OG0001338	K04034	anaerobic magnesium-protoporphyrin IX monomethyl ester cyclase [EC:1.21.98.3]	COG1032	YgiQ	Radical SAM superfamily enzyme YgiQ, UPF0313 family	AG-390-J13_00746	3
CACEAT010000003.1	88172	88945	+	AG-390-J13_00750	AG-390-J13	257	OG0000721	K01265	methionyl aminopeptidase [EC:3.4.11.18]	COG0024	Map	Methionine aminopeptidase	AG-390-J13_00746	4
CACEBH010000002.1	77965	79221	-	AG-390-J21_00645	AG-390-J21	418	OG0001137	NA	NA	COG2227	UbiG	2-polyprenyl-3-methyl-5-hydroxy-6-metoxy-1,4-benzoquinol methylase	AG-390-J21_00650	-5
CACEBH010000002.1	79278	79976	+	AG-390-J21_00646	AG-390-J21	232	OG0000043	NA	NA	COG0463	WcaA	Glycosyltransferase involved in cell wall bisynthesis	AG-390-J21_00650	-4
CACEBH010000002.1	79973	80935	+	AG-390-J21_00647	AG-390-J21	320	OG0000013	NA	NA	COG0673	MviM	Predicted dehydrogenase	AG-390-J21_00650	-3
CACEBH010000002.1	80924	81325	-	AG-390-J21_00648	AG-390-J21	133	OG0001035	K00682	gamma-glutamylcyclotransferase [EC:4.3.2.9]	COG2105	YtfP	Predicted gamma-glutamylamine cyclotransferase YtfP, GGCT/AIG2-like family	AG-390-J21_00650	-2
CACEBH010000002.1	81326	82075	-	AG-390-J21_00649	AG-390-J21	249	OG0000807	NA	NA	COG1058	CinA	ADP-ribose pyrophosphatase domain of DNA damage- and competence-inducible protein CinA	AG-390-J21_00650	-1
CACEBH010000002.1	82094	82792	+	AG-390-J21_00650	AG-390-J21	232	OG0000819	K06206	sugar fermentation stimulation protein A	COG1489	SfsA	DNA-binding protein, stimulates sugar fermentation	AG-390-J21_00650	0
CACEBH010000002.1	82785	83558	+	AG-390-J21_00651	AG-390-J21	257	OG0000721	K01265	methionyl aminopeptidase [EC:3.4.11.18]	COG0024	Map	Methionine aminopeptidase	AG-390-J21_00650	1
CACEBH010000002.1	83562	84854	+	AG-390-J21_00652	AG-390-J21	430	OG0000779	K01756	adenylosuccinate lyase [EC:4.3.2.2]	COG0015	PurB	Adenylosuccinate lyase	AG-390-J21_00650	2
CACEBH010000002.1	84854	85639	+	AG-390-J21_00653	AG-390-J21	261	OG0000769	K01923	phosphoribosylaminoimidazole-succinocarboxamide synthase [EC:6.3.2.6]	COG0152	PurC	Phosphoribosylaminoimidazole-succinocarboxamide synthase	AG-390-J21_00650	3
CACEBH010000002.1	85636	85878	+	AG-390-J21_00654	AG-390-J21	80	OG0000770	K23264	phosphoribosylformylglycinamidine synthase subunit PurS [EC:6.3.5.3]	COG1828	PurS	Phosphoribosylformylglycinamidine (FGAM) synthase, PurS subunit	AG-390-J21_00650	4
CACEBH010000002.1	85882	86565	+	AG-390-J21_00655	AG-390-J21	227	OG0000684	K23265	phosphoribosylformylglycinamidine synthase subunit PurQ / glutaminase [EC:6.3.5.3 3.5.1.2]	COG0047	PurL2	Phosphoribosylformylglycinamidine (FGAM) synthase, glutamine amidotransferase domain	AG-390-J21_00650	5
CACEFK010000002.1	64270	64704	-	AG-390-M14_00278	AG-390-M14	144	OG0001608	NA	NA	COG2905	NA	Signal-transduction protein containing cAMP-binding, CBS, and nucleotidyltransferase domains	AG-390-M14_00283	-5
CACEFK010000002.1	64708	64878	-	AG-390-M14_00279	AG-390-M14	56	OG0002050	NA	NA	NA	NA	NA	AG-390-M14_00283	-4
CACEFK010000002.1	65266	65784	+	AG-390-M14_00280	AG-390-M14	172	OG0001936	NA	NA	NA	NA	NA	AG-390-M14_00283	-3
CACEFK010000002.1	66061	66465	-	AG-390-M14_00281	AG-390-M14	134	OG0001035	K00682	gamma-glutamylcyclotransferase [EC:4.3.2.9]	COG2105	YtfP	Predicted gamma-glutamylamine cyclotransferase YtfP, GGCT/AIG2-like family	AG-390-M14_00283	-2
CACEFK010000002.1	66465	67214	-	AG-390-M14_00282	AG-390-M14	249	OG0000807	NA	NA	COG1058	CinA	ADP-ribose pyrophosphatase domain of DNA damage- and competence-inducible protein CinA	AG-390-M14_00283	-1
CACEFK010000002.1	67235	67933	+	AG-390-M14_00283	AG-390-M14	232	OG0000819	K06206	sugar fermentation stimulation protein A	COG1489	SfsA	DNA-binding protein, stimulates sugar fermentation	AG-390-M14_00283	0
CACEFK010000002.1	67926	68696	+	AG-390-M14_00284	AG-390-M14	256	OG0000721	K01265	methionyl aminopeptidase [EC:3.4.11.18]	COG0024	Map	Methionine aminopeptidase	AG-390-M14_00283	1
CACEFK010000002.1	68700	69992	+	AG-390-M14_00285	AG-390-M14	430	OG0000779	K01756	adenylosuccinate lyase [EC:4.3.2.2]	COG0015	PurB	Adenylosuccinate lyase	AG-390-M14_00283	2
CACEFK010000002.1	69992	70777	+	AG-390-M14_00286	AG-390-M14	261	OG0000769	K01923	phosphoribosylaminoimidazole-succinocarboxamide synthase [EC:6.3.2.6]	COG0152	PurC	Phosphoribosylaminoimidazole-succinocarboxamide synthase	AG-390-M14_00283	3
CACEFK010000002.1	70774	71016	+	AG-390-M14_00287	AG-390-M14	80	OG0000770	K23264	phosphoribosylformylglycinamidine synthase subunit PurS [EC:6.3.5.3]	COG1828	PurS	Phosphoribosylformylglycinamidine (FGAM) synthase, PurS subunit	AG-390-M14_00283	4
CACEFK010000002.1	71020	71703	+	AG-390-M14_00288	AG-390-M14	227	OG0000684	K23265	phosphoribosylformylglycinamidine synthase subunit PurQ / glutaminase [EC:6.3.5.3 3.5.1.2]	COG0047	PurL2	Phosphoribosylformylglycinamidine (FGAM) synthase, glutamine amidotransferase domain	AG-390-M14_00283	5
CACEFJ010000005.1	14244	14921	-	AG-390-M15_00783	AG-390-M15	225	OG0000684	K23265	phosphoribosylformylglycinamidine synthase subunit PurQ / glutaminase [EC:6.3.5.3 3.5.1.2]	COG0047	PurL2	Phosphoribosylformylglycinamidine (FGAM) synthase, glutamine amidotransferase domain	AG-390-M15_00788	-5
CACEFJ010000005.1	14921	15160	-	AG-390-M15_00784	AG-390-M15	79	OG0000770	K23264	phosphoribosylformylglycinamidine synthase subunit PurS [EC:6.3.5.3]	COG1828	PurS	Phosphoribosylformylglycinamidine (FGAM) synthase, PurS subunit	AG-390-M15_00788	-4
CACEFJ010000005.1	15162	15953	-	AG-390-M15_00785	AG-390-M15	263	OG0000769	K01923	phosphoribosylaminoimidazole-succinocarboxamide synthase [EC:6.3.2.6]	COG0152	PurC	Phosphoribosylaminoimidazole-succinocarboxamide synthase	AG-390-M15_00788	-3
CACEFJ010000005.1	15964	17262	-	AG-390-M15_00786	AG-390-M15	432	OG0000779	K01756	adenylosuccinate lyase [EC:4.3.2.2]	COG0015	PurB	Adenylosuccinate lyase	AG-390-M15_00788	-2
CACEFJ010000005.1	17272	18027	-	AG-390-M15_00787	AG-390-M15	251	OG0000721	K01265	methionyl aminopeptidase [EC:3.4.11.18]	COG0024	Map	Methionine aminopeptidase	AG-390-M15_00788	-1
CACEFJ010000005.1	18027	18722	-	AG-390-M15_00788	AG-390-M15	231	OG0000819	K06206	sugar fermentation stimulation protein A	COG1489	SfsA	DNA-binding protein, stimulates sugar fermentation	AG-390-M15_00788	0
CACEFJ010000005.1	18739	19497	+	AG-390-M15_00789	AG-390-M15	252	OG0000807	NA	NA	COG1058	CinA	ADP-ribose pyrophosphatase domain of DNA damage- and competence-inducible protein CinA	AG-390-M15_00788	1
CACEFJ010000005.1	19494	20447	-	AG-390-M15_00790	AG-390-M15	317	OG0001428	NA	NA	COG0859	RfaF	ADP-heptose:LPS heptosyltransferase	AG-390-M15_00788	2
CACEFJ010000005.1	20829	21197	+	AG-390-M15_00791	AG-390-M15	122	OG0001440	NA	NA	NA	NA	NA	AG-390-M15_00788	3
CACEFJ010000005.1	21204	22067	+	AG-390-M15_00792	AG-390-M15	287	OG0001440	NA	NA	NA	NA	NA	AG-390-M15_00788	4
CACEFJ010000005.1	22295	23062	+	AG-390-M15_00794	AG-390-M15	255	OG0000972	K00858	NAD+ kinase [EC:2.7.1.23]	COG0061	NadK	NAD kinase	AG-390-M15_00788	5
CACEIL010000005.1	212	856	+	AG-390-O04_00473	AG-390-O04	214	OG0002273	NA	NA	NA	NA	NA	AG-390-O04_00476	-3
CACEIL010000005.1	853	1260	-	AG-390-O04_00474	AG-390-O04	135	OG0001035	K00682	gamma-glutamylcyclotransferase [EC:4.3.2.9]	COG2105	YtfP	Predicted gamma-glutamylamine cyclotransferase YtfP, GGCT/AIG2-like family	AG-390-O04_00476	-2
CACEIL010000005.1	1261	2010	-	AG-390-O04_00475	AG-390-O04	249	OG0000807	NA	NA	COG1058	CinA	ADP-ribose pyrophosphatase domain of DNA damage- and competence-inducible protein CinA	AG-390-O04_00476	-1
CACEIL010000005.1	2031	2729	+	AG-390-O04_00476	AG-390-O04	232	OG0000819	K06206	sugar fermentation stimulation protein A	COG1489	SfsA	DNA-binding protein, stimulates sugar fermentation	AG-390-O04_00476	0
CACEIL010000005.1	2722	3495	+	AG-390-O04_00477	AG-390-O04	257	OG0000721	K01265	methionyl aminopeptidase [EC:3.4.11.18]	COG0024	Map	Methionine aminopeptidase	AG-390-O04_00476	1
CACEIL010000005.1	3499	4791	+	AG-390-O04_00478	AG-390-O04	430	OG0000779	K01756	adenylosuccinate lyase [EC:4.3.2.2]	COG0015	PurB	Adenylosuccinate lyase	AG-390-O04_00476	2
CACEIL010000005.1	4791	5576	+	AG-390-O04_00479	AG-390-O04	261	OG0000769	K01923	phosphoribosylaminoimidazole-succinocarboxamide synthase [EC:6.3.2.6]	COG0152	PurC	Phosphoribosylaminoimidazole-succinocarboxamide synthase	AG-390-O04_00476	3
CACEIL010000005.1	5573	5815	+	AG-390-O04_00480	AG-390-O04	80	OG0000770	K23264	phosphoribosylformylglycinamidine synthase subunit PurS [EC:6.3.5.3]	COG1828	PurS	Phosphoribosylformylglycinamidine (FGAM) synthase, PurS subunit	AG-390-O04_00476	4
CACEIL010000005.1	5819	6502	+	AG-390-O04_00481	AG-390-O04	227	OG0000684	K23265	phosphoribosylformylglycinamidine synthase subunit PurQ / glutaminase [EC:6.3.5.3 3.5.1.2]	COG0047	PurL2	Phosphoribosylformylglycinamidine (FGAM) synthase, glutamine amidotransferase domain	AG-390-O04_00476	5
CACEMD010000009.1	3270	3503	-	AG-404-B04_00890	AG-404-B04	77	OG0000770	K23264	phosphoribosylformylglycinamidine synthase subunit PurS [EC:6.3.5.3]	COG1828	PurS	Phosphoribosylformylglycinamidine (FGAM) synthase, PurS subunit	AG-404-B04_00895	-5
CACEMD010000009.1	3500	4288	-	AG-404-B04_00891	AG-404-B04	262	OG0000769	K01923	phosphoribosylaminoimidazole-succinocarboxamide synthase [EC:6.3.2.6]	COG0152	PurC	Phosphoribosylaminoimidazole-succinocarboxamide synthase	AG-404-B04_00895	-4
CACEMD010000009.1	4288	5091	-	AG-404-B04_00892	AG-404-B04	267	OG0001392	NA	NA	COG0463	WcaA	Glycosyltransferase involved in cell wall bisynthesis	AG-404-B04_00895	-3
CACEMD010000009.1	5121	6410	-	AG-404-B04_00893	AG-404-B04	429	OG0000779	K01756	adenylosuccinate lyase [EC:4.3.2.2]	COG0015	PurB	Adenylosuccinate lyase	AG-404-B04_00895	-2
CACEMD010000009.1	6407	7183	-	AG-404-B04_00894	AG-404-B04	258	OG0000721	K01265	methionyl aminopeptidase [EC:3.4.11.18]	COG0024	Map	Methionine aminopeptidase	AG-404-B04_00895	-1
CACEMD010000009.1	7176	7862	-	AG-404-B04_00895	AG-404-B04	228	OG0000819	K06206	sugar fermentation stimulation protein A	COG1489	SfsA	DNA-binding protein, stimulates sugar fermentation	AG-404-B04_00895	0
CACEMD010000009.1	7885	8637	+	AG-404-B04_00896	AG-404-B04	250	OG0000807	NA	NA	COG1058	CinA	ADP-ribose pyrophosphatase domain of DNA damage- and competence-inducible protein CinA	AG-404-B04_00895	1
CACEMD010000009.1	8638	9081	+	AG-404-B04_00897	AG-404-B04	147	OG0001035	K00682	gamma-glutamylcyclotransferase [EC:4.3.2.9]	COG2105	YtfP	Predicted gamma-glutamylamine cyclotransferase YtfP, GGCT/AIG2-like family	AG-404-B04_00895	2
CACEMD010000009.1	9086	9718	+	AG-404-B04_00898	AG-404-B04	210	OG0000720	K00945	CMP/dCMP kinase [EC:2.7.4.25]	COG0283	Cmk	Cytidylate kinase	AG-404-B04_00895	3
CACEMD010000009.1	9708	10151	+	AG-404-B04_00899	AG-404-B04	147	OG0000889	NA	NA	NA	NA	NA	AG-404-B04_00895	4
CACEMD010000009.1	10210	12336	+	AG-404-B04_00900	AG-404-B04	708	OG0000070	NA	NA	COG4625	NA	Uncharacterized conserved protein, contains a C-terminal beta-barrel porin domain	AG-404-B04_00895	5
CACEZQ010000002.1	1692	2531	-	AG-404-O05_00218	AG-404-O05	279	OG0001309	NA	NA	NA	NA	NA	AG-404-O05_00223	-5
CACEZQ010000002.1	2528	3376	-	AG-404-O05_00219	AG-404-O05	282	OG0000028	NA	NA	NA	NA	NA	AG-404-O05_00223	-4
CACEZQ010000002.1	3444	4325	+	AG-404-O05_00220	AG-404-O05	293	OG0000816	NA	NA	COG1216	WcaE	Glycosyltransferase, GT2 family	AG-404-O05_00223	-3
CACEZQ010000002.1	4330	4779	-	AG-404-O05_00221	AG-404-O05	149	OG0001035	K00682	gamma-glutamylcyclotransferase [EC:4.3.2.9]	COG2105	YtfP	Predicted gamma-glutamylamine cyclotransferase YtfP, GGCT/AIG2-like family	AG-404-O05_00223	-2
CACEZQ010000002.1	4779	5531	-	AG-404-O05_00222	AG-404-O05	250	OG0000807	NA	NA	COG1058	CinA	ADP-ribose pyrophosphatase domain of DNA damage- and competence-inducible protein CinA	AG-404-O05_00223	-1
CACEZQ010000002.1	5554	6240	+	AG-404-O05_00223	AG-404-O05	228	OG0000819	K06206	sugar fermentation stimulation protein A	COG1489	SfsA	DNA-binding protein, stimulates sugar fermentation	AG-404-O05_00223	0
CACEZQ010000002.1	6233	7003	+	AG-404-O05_00224	AG-404-O05	256	OG0000721	K01265	methionyl aminopeptidase [EC:3.4.11.18]	COG0024	Map	Methionine aminopeptidase	AG-404-O05_00223	1
CACEZQ010000002.1	7007	8299	+	AG-404-O05_00225	AG-404-O05	430	OG0000779	K01756	adenylosuccinate lyase [EC:4.3.2.2]	COG0015	PurB	Adenylosuccinate lyase	AG-404-O05_00223	2
CACEZQ010000002.1	8299	9087	+	AG-404-O05_00226	AG-404-O05	262	OG0000769	K01923	phosphoribosylaminoimidazole-succinocarboxamide synthase [EC:6.3.2.6]	COG0152	PurC	Phosphoribosylaminoimidazole-succinocarboxamide synthase	AG-404-O05_00223	3
CACEZQ010000002.1	9084	9323	+	AG-404-O05_00227	AG-404-O05	79	OG0000770	K23264	phosphoribosylformylglycinamidine synthase subunit PurS [EC:6.3.5.3]	COG1828	PurS	Phosphoribosylformylglycinamidine (FGAM) synthase, PurS subunit	AG-404-O05_00223	4
CACEZQ010000002.1	9333	10016	+	AG-404-O05_00228	AG-404-O05	227	OG0000684	K23265	phosphoribosylformylglycinamidine synthase subunit PurQ / glutaminase [EC:6.3.5.3 3.5.1.2]	COG0047	PurL2	Phosphoribosylformylglycinamidine (FGAM) synthase, glutamine amidotransferase domain	AG-404-O05_00223	5
CACFAF010000005.1	394	1146	-	AG-404-O18_00472	AG-404-O18	250	OG0000807	NA	NA	COG1058	CinA	ADP-ribose pyrophosphatase domain of DNA damage- and competence-inducible protein CinA	AG-404-O18_00473	-1
CACFAF010000005.1	1168	1842	+	AG-404-O18_00473	AG-404-O18	224	OG0000819	K06206	sugar fermentation stimulation protein A	COG1489	SfsA	DNA-binding protein, stimulates sugar fermentation	AG-404-O18_00473	0
CACFAF010000005.1	1835	2605	+	AG-404-O18_00474	AG-404-O18	256	OG0000721	K01265	methionyl aminopeptidase [EC:3.4.11.18]	COG0024	Map	Methionine aminopeptidase	AG-404-O18_00473	1
CACFAF010000005.1	2609	3901	+	AG-404-O18_00475	AG-404-O18	430	OG0000779	K01756	adenylosuccinate lyase [EC:4.3.2.2]	COG0015	PurB	Adenylosuccinate lyase	AG-404-O18_00473	2
CACFAF010000005.1	3901	4689	+	AG-404-O18_00476	AG-404-O18	262	OG0000769	K01923	phosphoribosylaminoimidazole-succinocarboxamide synthase [EC:6.3.2.6]	COG0152	PurC	Phosphoribosylaminoimidazole-succinocarboxamide synthase	AG-404-O18_00473	3
CACFAF010000005.1	4686	5435	+	AG-404-O18_00477	AG-404-O18	249	OG0002003	NA	NA	NA	NA	NA	AG-404-O18_00473	4
CACFAF010000005.1	5432	5665	+	AG-404-O18_00478	AG-404-O18	77	OG0000770	K23264	phosphoribosylformylglycinamidine synthase subunit PurS [EC:6.3.5.3]	COG1828	PurS	Phosphoribosylformylglycinamidine (FGAM) synthase, PurS subunit	AG-404-O18_00473	5
CACFBK010000004.1	72409	73089	-	AG-404-P13_00580	AG-404-P13	226	OG0000684	K23265	phosphoribosylformylglycinamidine synthase subunit PurQ / glutaminase [EC:6.3.5.3 3.5.1.2]	COG0047	PurL2	Phosphoribosylformylglycinamidine (FGAM) synthase, glutamine amidotransferase domain	AG-404-P13_00585	-5
CACFBK010000004.1	73097	73330	-	AG-404-P13_00581	AG-404-P13	77	OG0000770	K23264	phosphoribosylformylglycinamidine synthase subunit PurS [EC:6.3.5.3]	COG1828	PurS	Phosphoribosylformylglycinamidine (FGAM) synthase, PurS subunit	AG-404-P13_00585	-4
CACFBK010000004.1	73327	74112	-	AG-404-P13_00582	AG-404-P13	261	OG0000769	K01923	phosphoribosylaminoimidazole-succinocarboxamide synthase [EC:6.3.2.6]	COG0152	PurC	Phosphoribosylaminoimidazole-succinocarboxamide synthase	AG-404-P13_00585	-3
CACFBK010000004.1	74112	75404	-	AG-404-P13_00583	AG-404-P13	430	OG0000779	K01756	adenylosuccinate lyase [EC:4.3.2.2]	COG0015	PurB	Adenylosuccinate lyase	AG-404-P13_00585	-2
CACFBK010000004.1	75404	76174	-	AG-404-P13_00584	AG-404-P13	256	OG0000721	K01265	methionyl aminopeptidase [EC:3.4.11.18]	COG0024	Map	Methionine aminopeptidase	AG-404-P13_00585	-1
CACFBK010000004.1	76167	76853	-	AG-404-P13_00585	AG-404-P13	228	OG0000819	K06206	sugar fermentation stimulation protein A	COG1489	SfsA	DNA-binding protein, stimulates sugar fermentation	AG-404-P13_00585	0
CACFBK010000004.1	76876	77625	+	AG-404-P13_00586	AG-404-P13	249	OG0000807	NA	NA	COG1058	CinA	ADP-ribose pyrophosphatase domain of DNA damage- and competence-inducible protein CinA	AG-404-P13_00585	1
CACFBK010000004.1	77628	78035	+	AG-404-P13_00587	AG-404-P13	135	OG0001035	K00682	gamma-glutamylcyclotransferase [EC:4.3.2.9]	COG2105	YtfP	Predicted gamma-glutamylamine cyclotransferase YtfP, GGCT/AIG2-like family	AG-404-P13_00585	2
CACFBK010000004.1	78035	78721	+	AG-404-P13_00588	AG-404-P13	228	OG0001044	NA	NA	COG1296	AzlC	Predicted branched-chain amino acid permease (azaleucine resistance)	AG-404-P13_00585	3
CACFBK010000004.1	78718	79029	+	AG-404-P13_00589	AG-404-P13	103	OG0001043	NA	NA	COG4392	AzlD2	Branched-chain amino acid transport protein	AG-404-P13_00585	4
CACFBK010000004.1	79080	79736	+	AG-404-P13_00590	AG-404-P13	218	OG0001539	NA	NA	NA	NA	NA	AG-404-P13_00585	5
CACFGT010000007.1	29732	30415	-	AG-410-K05_00553	AG-410-K05	227	OG0000684	K23265	phosphoribosylformylglycinamidine synthase subunit PurQ / glutaminase [EC:6.3.5.3 3.5.1.2]	COG0047	PurL2	Phosphoribosylformylglycinamidine (FGAM) synthase, glutamine amidotransferase domain	AG-410-K05_00558	-5
CACFGT010000007.1	30419	30661	-	AG-410-K05_00554	AG-410-K05	80	OG0000770	K23264	phosphoribosylformylglycinamidine synthase subunit PurS [EC:6.3.5.3]	COG1828	PurS	Phosphoribosylformylglycinamidine (FGAM) synthase, PurS subunit	AG-410-K05_00558	-4
CACFGT010000007.1	30658	31443	-	AG-410-K05_00555	AG-410-K05	261	OG0000769	K01923	phosphoribosylaminoimidazole-succinocarboxamide synthase [EC:6.3.2.6]	COG0152	PurC	Phosphoribosylaminoimidazole-succinocarboxamide synthase	AG-410-K05_00558	-3
CACFGT010000007.1	31443	32735	-	AG-410-K05_00556	AG-410-K05	430	OG0000779	K01756	adenylosuccinate lyase [EC:4.3.2.2]	COG0015	PurB	Adenylosuccinate lyase	AG-410-K05_00558	-2
CACFGT010000007.1	32744	33517	-	AG-410-K05_00557	AG-410-K05	257	OG0000721	K01265	methionyl aminopeptidase [EC:3.4.11.18]	COG0024	Map	Methionine aminopeptidase	AG-410-K05_00558	-1
CACFGT010000007.1	33510	34208	-	AG-410-K05_00558	AG-410-K05	232	OG0000819	K06206	sugar fermentation stimulation protein A	COG1489	SfsA	DNA-binding protein, stimulates sugar fermentation	AG-410-K05_00558	0
CACFGT010000007.1	34229	34978	+	AG-410-K05_00559	AG-410-K05	249	OG0000807	NA	NA	COG1058	CinA	ADP-ribose pyrophosphatase domain of DNA damage- and competence-inducible protein CinA	AG-410-K05_00558	1
CACFGT010000007.1	34978	35379	+	AG-410-K05_00560	AG-410-K05	133	OG0001035	K00682	gamma-glutamylcyclotransferase [EC:4.3.2.9]	COG2105	YtfP	Predicted gamma-glutamylamine cyclotransferase YtfP, GGCT/AIG2-like family	AG-410-K05_00558	2
CACFGT010000007.1	35387	37111	-	AG-410-K05_00561	AG-410-K05	574	OG0001383	NA	NA	COG0366	AmyA	Glycosidase/amylase (phosphorylase)	AG-410-K05_00558	3
CACFGT010000007.1	37111	38331	-	AG-410-K05_00562	AG-410-K05	406	OG0001273	K13693	glucosyl-3-phosphoglycerate synthase [EC:2.4.1.266]	NA	NA	NA	AG-410-K05_00558	4
CACFGT010000007.1	38340	39146	-	AG-410-K05_00563	AG-410-K05	268	OG0001276	K07026	mannosyl-3-phosphoglycerate phosphatase [EC:3.1.3.70]	COG3769	YedP	Mannosyl-3-phosphoglycerate phosphatase YedP/MpgP, HAD superfamily	AG-410-K05_00558	5
CACFIH010000002.1	118715	120382	-	AG-410-L19_00333	AG-410-L19	555	OG0001609	NA	NA	NA	NA	NA	AG-410-L19_00338	-5
CACFIH010000002.1	120379	121068	-	AG-410-L19_00334	AG-410-L19	229	OG0001600	K24131	protease PrsW [EC:3.4.-.-]	COG2339	PrsW	Membrane proteinase PrsW, cleaves anti-sigma factor RsiW, M82 family	AG-410-L19_00338	-4
CACFIH010000002.1	121085	121366	-	AG-410-L19_00335	AG-410-L19	93	OG0001657	NA	NA	NA	NA	NA	AG-410-L19_00338	-3
CACFIH010000002.1	121415	121816	-	AG-410-L19_00336	AG-410-L19	133	OG0001035	K00682	gamma-glutamylcyclotransferase [EC:4.3.2.9]	COG2105	YtfP	Predicted gamma-glutamylamine cyclotransferase YtfP, GGCT/AIG2-like family	AG-410-L19_00338	-2
CACFIH010000002.1	121817	122566	-	AG-410-L19_00337	AG-410-L19	249	OG0000807	NA	NA	COG1058	CinA	ADP-ribose pyrophosphatase domain of DNA damage- and competence-inducible protein CinA	AG-410-L19_00338	-1
CACFIH010000002.1	122588	123286	+	AG-410-L19_00338	AG-410-L19	232	OG0000819	K06206	sugar fermentation stimulation protein A	COG1489	SfsA	DNA-binding protein, stimulates sugar fermentation	AG-410-L19_00338	0
CACFIH010000002.1	123279	124052	+	AG-410-L19_00339	AG-410-L19	257	OG0000721	K01265	methionyl aminopeptidase [EC:3.4.11.18]	COG0024	Map	Methionine aminopeptidase	AG-410-L19_00338	1
CACFIH010000002.1	124056	125348	+	AG-410-L19_00340	AG-410-L19	430	OG0000779	K01756	adenylosuccinate lyase [EC:4.3.2.2]	COG0015	PurB	Adenylosuccinate lyase	AG-410-L19_00338	2
CACFIH010000002.1	125348	126133	+	AG-410-L19_00341	AG-410-L19	261	OG0000769	K01923	phosphoribosylaminoimidazole-succinocarboxamide synthase [EC:6.3.2.6]	COG0152	PurC	Phosphoribosylaminoimidazole-succinocarboxamide synthase	AG-410-L19_00338	3
CACFIH010000002.1	126130	126372	+	AG-410-L19_00342	AG-410-L19	80	OG0000770	K23264	phosphoribosylformylglycinamidine synthase subunit PurS [EC:6.3.5.3]	COG1828	PurS	Phosphoribosylformylglycinamidine (FGAM) synthase, PurS subunit	AG-410-L19_00338	4
CACFIH010000002.1	126376	127059	+	AG-410-L19_00343	AG-410-L19	227	OG0000684	K23265	phosphoribosylformylglycinamidine synthase subunit PurQ / glutaminase [EC:6.3.5.3 3.5.1.2]	COG0047	PurL2	Phosphoribosylformylglycinamidine (FGAM) synthase, glutamine amidotransferase domain	AG-410-L19_00338	5
CACFJT010000008.1	27761	28564	+	AG-410-O02_00812	AG-410-O02	267	OG0001276	K07026	mannosyl-3-phosphoglycerate phosphatase [EC:3.1.3.70]	COG3769	YedP	Mannosyl-3-phosphoglycerate phosphatase YedP/MpgP, HAD superfamily	AG-410-O02_00817	-5
CACFJT010000008.1	28576	29796	+	AG-410-O02_00813	AG-410-O02	406	OG0001273	K13693	glucosyl-3-phosphoglycerate synthase [EC:2.4.1.266]	NA	NA	NA	AG-410-O02_00817	-4
CACFJT010000008.1	29840	30976	-	AG-410-O02_00814	AG-410-O02	378	OG0002230	NA	NA	NA	NA	NA	AG-410-O02_00817	-3
CACFJT010000008.1	30982	31383	-	AG-410-O02_00815	AG-410-O02	133	OG0001035	K00682	gamma-glutamylcyclotransferase [EC:4.3.2.9]	COG2105	YtfP	Predicted gamma-glutamylamine cyclotransferase YtfP, GGCT/AIG2-like family	AG-410-O02_00817	-2
CACFJT010000008.1	31383	32132	-	AG-410-O02_00816	AG-410-O02	249	OG0000807	NA	NA	COG1058	CinA	ADP-ribose pyrophosphatase domain of DNA damage- and competence-inducible protein CinA	AG-410-O02_00817	-1
CACFJT010000008.1	32153	32851	+	AG-410-O02_00817	AG-410-O02	232	OG0000819	K06206	sugar fermentation stimulation protein A	COG1489	SfsA	DNA-binding protein, stimulates sugar fermentation	AG-410-O02_00817	0
CACFJT010000008.1	32844	33614	+	AG-410-O02_00818	AG-410-O02	256	OG0000721	K01265	methionyl aminopeptidase [EC:3.4.11.18]	COG0024	Map	Methionine aminopeptidase	AG-410-O02_00817	1
CACFJT010000008.1	33618	34910	+	AG-410-O02_00819	AG-410-O02	430	OG0000779	K01756	adenylosuccinate lyase [EC:4.3.2.2]	COG0015	PurB	Adenylosuccinate lyase	AG-410-O02_00817	2
CACFJT010000008.1	34910	35695	+	AG-410-O02_00820	AG-410-O02	261	OG0000769	K01923	phosphoribosylaminoimidazole-succinocarboxamide synthase [EC:6.3.2.6]	COG0152	PurC	Phosphoribosylaminoimidazole-succinocarboxamide synthase	AG-410-O02_00817	3
CACFJT010000008.1	35692	35934	+	AG-410-O02_00821	AG-410-O02	80	OG0000770	K23264	phosphoribosylformylglycinamidine synthase subunit PurS [EC:6.3.5.3]	COG1828	PurS	Phosphoribosylformylglycinamidine (FGAM) synthase, PurS subunit	AG-410-O02_00817	4
CACFJT010000008.1	35938	36621	+	AG-410-O02_00822	AG-410-O02	227	OG0000684	K23265	phosphoribosylformylglycinamidine synthase subunit PurQ / glutaminase [EC:6.3.5.3 3.5.1.2]	COG0047	PurL2	Phosphoribosylformylglycinamidine (FGAM) synthase, glutamine amidotransferase domain	AG-410-O02_00817	5
CACFLX010000006.1	57	362	+	AG-414-B08_00657	AG-414-B08	101	OG0000274	NA	NA	NA	NA	NA	AG-414-B08_00662	-4
CACFLX010000006.1	369	1139	-	AG-414-B08_00658	AG-414-B08	256	OG0000972	K00858	NAD+ kinase [EC:2.7.1.23]	COG0061	NadK	NAD kinase	AG-414-B08_00662	-3
CACFLX010000006.1	1275	1718	-	AG-414-B08_00660	AG-414-B08	147	OG0001035	K00682	gamma-glutamylcyclotransferase [EC:4.3.2.9]	COG2105	YtfP	Predicted gamma-glutamylamine cyclotransferase YtfP, GGCT/AIG2-like family	AG-414-B08_00662	-2
CACFLX010000006.1	1720	2472	-	AG-414-B08_00661	AG-414-B08	250	OG0000807	NA	NA	COG1058	CinA	ADP-ribose pyrophosphatase domain of DNA damage- and competence-inducible protein CinA	AG-414-B08_00662	-1
CACFLX010000006.1	2493	3191	+	AG-414-B08_00662	AG-414-B08	232	OG0000819	K06206	sugar fermentation stimulation protein A	COG1489	SfsA	DNA-binding protein, stimulates sugar fermentation	AG-414-B08_00662	0
CACFLX010000006.1	3184	3954	+	AG-414-B08_00663	AG-414-B08	256	OG0000721	K01265	methionyl aminopeptidase [EC:3.4.11.18]	COG0024	Map	Methionine aminopeptidase	AG-414-B08_00662	1
CACFLX010000006.1	3958	5250	+	AG-414-B08_00664	AG-414-B08	430	OG0000779	K01756	adenylosuccinate lyase [EC:4.3.2.2]	COG0015	PurB	Adenylosuccinate lyase	AG-414-B08_00662	2
CACFLX010000006.1	5250	6032	+	AG-414-B08_00665	AG-414-B08	260	OG0000769	K01923	phosphoribosylaminoimidazole-succinocarboxamide synthase [EC:6.3.2.6]	COG0152	PurC	Phosphoribosylaminoimidazole-succinocarboxamide synthase	AG-414-B08_00662	3
CACFLX010000006.1	6029	6262	+	AG-414-B08_00666	AG-414-B08	77	OG0000770	K23264	phosphoribosylformylglycinamidine synthase subunit PurS [EC:6.3.5.3]	COG1828	PurS	Phosphoribosylformylglycinamidine (FGAM) synthase, PurS subunit	AG-414-B08_00662	4
CACFLX010000006.1	6268	6951	+	AG-414-B08_00667	AG-414-B08	227	OG0000684	K23265	phosphoribosylformylglycinamidine synthase subunit PurQ / glutaminase [EC:6.3.5.3 3.5.1.2]	COG0047	PurL2	Phosphoribosylformylglycinamidine (FGAM) synthase, glutamine amidotransferase domain	AG-414-B08_00662	5
CACFOP010000003.1	81553	82155	-	AG-414-E02_00708	AG-414-E02	200	OG0001063	NA	NA	COG1083	NeuA	CMP-N-acetylneuraminic acid synthetase, NeuA/PseF family	AG-414-E02_00714	-5
CACFOP010000003.1	82198	82818	-	AG-414-E02_00709	AG-414-E02	206	OG0000965	NA	NA	NA	NA	NA	AG-414-E02_00714	-4
CACFOP010000003.1	82956	83867	-	AG-414-E02_00711	AG-414-E02	303	OG0001031	NA	NA	NA	NA	NA	AG-414-E02_00714	-3
CACFOP010000003.1	83903	84319	-	AG-414-E02_00712	AG-414-E02	138	OG0001035	K00682	gamma-glutamylcyclotransferase [EC:4.3.2.9]	COG2105	YtfP	Predicted gamma-glutamylamine cyclotransferase YtfP, GGCT/AIG2-like family	AG-414-E02_00714	-2
CACFOP010000003.1	84331	85077	-	AG-414-E02_00713	AG-414-E02	248	OG0000807	NA	NA	COG1058	CinA	ADP-ribose pyrophosphatase domain of DNA damage- and competence-inducible protein CinA	AG-414-E02_00714	-1
CACFOP010000003.1	85100	85795	+	AG-414-E02_00714	AG-414-E02	231	OG0000819	K06206	sugar fermentation stimulation protein A	COG1489	SfsA	DNA-binding protein, stimulates sugar fermentation	AG-414-E02_00714	0
CACFOP010000003.1	85785	86561	+	AG-414-E02_00715	AG-414-E02	258	OG0000721	K01265	methionyl aminopeptidase [EC:3.4.11.18]	COG0024	Map	Methionine aminopeptidase	AG-414-E02_00714	1
CACFOP010000003.1	86558	87850	+	AG-414-E02_00716	AG-414-E02	430	OG0000779	K01756	adenylosuccinate lyase [EC:4.3.2.2]	COG0015	PurB	Adenylosuccinate lyase	AG-414-E02_00714	2
CACFOP010000003.1	87852	88637	+	AG-414-E02_00717	AG-414-E02	261	OG0000769	K01923	phosphoribosylaminoimidazole-succinocarboxamide synthase [EC:6.3.2.6]	COG0152	PurC	Phosphoribosylaminoimidazole-succinocarboxamide synthase	AG-414-E02_00714	3
CACFOP010000003.1	88639	88878	+	AG-414-E02_00718	AG-414-E02	79	OG0000770	K23264	phosphoribosylformylglycinamidine synthase subunit PurS [EC:6.3.5.3]	COG1828	PurS	Phosphoribosylformylglycinamidine (FGAM) synthase, PurS subunit	AG-414-E02_00714	4
CACFOP010000003.1	88878	89561	+	AG-414-E02_00719	AG-414-E02	227	OG0000684	K23265	phosphoribosylformylglycinamidine synthase subunit PurQ / glutaminase [EC:6.3.5.3 3.5.1.2]	COG0047	PurL2	Phosphoribosylformylglycinamidine (FGAM) synthase, glutamine amidotransferase domain	AG-414-E02_00714	5
CACFTX010000001.1	249976	250659	-	AG-414-L04_00271	AG-414-L04	227	OG0000684	K23265	phosphoribosylformylglycinamidine synthase subunit PurQ / glutaminase [EC:6.3.5.3 3.5.1.2]	COG0047	PurL2	Phosphoribosylformylglycinamidine (FGAM) synthase, glutamine amidotransferase domain	AG-414-L04_00276	-5
CACFTX010000001.1	250666	250908	-	AG-414-L04_00272	AG-414-L04	80	OG0000770	K23264	phosphoribosylformylglycinamidine synthase subunit PurS [EC:6.3.5.3]	COG1828	PurS	Phosphoribosylformylglycinamidine (FGAM) synthase, PurS subunit	AG-414-L04_00276	-4
CACFTX010000001.1	250905	251693	-	AG-414-L04_00273	AG-414-L04	262	OG0000769	K01923	phosphoribosylaminoimidazole-succinocarboxamide synthase [EC:6.3.2.6]	COG0152	PurC	Phosphoribosylaminoimidazole-succinocarboxamide synthase	AG-414-L04_00276	-3
CACFTX010000001.1	251693	252985	-	AG-414-L04_00274	AG-414-L04	430	OG0000779	K01756	adenylosuccinate lyase [EC:4.3.2.2]	COG0015	PurB	Adenylosuccinate lyase	AG-414-L04_00276	-2
CACFTX010000001.1	252989	253759	-	AG-414-L04_00275	AG-414-L04	256	OG0000721	K01265	methionyl aminopeptidase [EC:3.4.11.18]	COG0024	Map	Methionine aminopeptidase	AG-414-L04_00276	-1
CACFTX010000001.1	253752	254438	-	AG-414-L04_00276	AG-414-L04	228	OG0000819	K06206	sugar fermentation stimulation protein A	COG1489	SfsA	DNA-binding protein, stimulates sugar fermentation	AG-414-L04_00276	0
CACFTX010000001.1	254461	255213	+	AG-414-L04_00277	AG-414-L04	250	OG0000807	NA	NA	COG1058	CinA	ADP-ribose pyrophosphatase domain of DNA damage- and competence-inducible protein CinA	AG-414-L04_00276	1
CACFTX010000001.1	255213	255656	+	AG-414-L04_00278	AG-414-L04	147	OG0001035	K00682	gamma-glutamylcyclotransferase [EC:4.3.2.9]	COG2105	YtfP	Predicted gamma-glutamylamine cyclotransferase YtfP, GGCT/AIG2-like family	AG-414-L04_00276	2
CACFTX010000001.1	255667	256551	-	AG-414-L04_00279	AG-414-L04	294	OG0000816	NA	NA	COG1216	WcaE	Glycosyltransferase, GT2 family	AG-414-L04_00276	3
CACFTX010000001.1	256630	258630	+	AG-414-L04_00280	AG-414-L04	666	OG0001664	NA	NA	COG4993	Gcd	Glucose dehydrogenase, PQQ-dependent	AG-414-L04_00276	4
CACFTX010000001.1	258758	260146	+	AG-414-L04_00281	AG-414-L04	462	OG0001339	NA	NA	NA	NA	NA	AG-414-L04_00276	5
CACFXK010000016.1	1569	2249	-	AG-414-O09_01148	AG-414-O09	226	OG0000684	K23265	phosphoribosylformylglycinamidine synthase subunit PurQ / glutaminase [EC:6.3.5.3 3.5.1.2]	COG0047	PurL2	Phosphoribosylformylglycinamidine (FGAM) synthase, glutamine amidotransferase domain	AG-414-O09_01153	-5
CACFXK010000016.1	2257	2490	-	AG-414-O09_01149	AG-414-O09	77	OG0000770	K23264	phosphoribosylformylglycinamidine synthase subunit PurS [EC:6.3.5.3]	COG1828	PurS	Phosphoribosylformylglycinamidine (FGAM) synthase, PurS subunit	AG-414-O09_01153	-4
CACFXK010000016.1	2487	3272	-	AG-414-O09_01150	AG-414-O09	261	OG0000769	K01923	phosphoribosylaminoimidazole-succinocarboxamide synthase [EC:6.3.2.6]	COG0152	PurC	Phosphoribosylaminoimidazole-succinocarboxamide synthase	AG-414-O09_01153	-3
CACFXK010000016.1	3327	4565	-	AG-414-O09_01151	AG-414-O09	412	OG0000779	K01756	adenylosuccinate lyase [EC:4.3.2.2]	COG0015	PurB	Adenylosuccinate lyase	AG-414-O09_01153	-2
CACFXK010000016.1	4565	5335	-	AG-414-O09_01152	AG-414-O09	256	OG0000721	K01265	methionyl aminopeptidase [EC:3.4.11.18]	COG0024	Map	Methionine aminopeptidase	AG-414-O09_01153	-1
CACFXK010000016.1	5328	6014	-	AG-414-O09_01153	AG-414-O09	228	OG0000819	K06206	sugar fermentation stimulation protein A	COG1489	SfsA	DNA-binding protein, stimulates sugar fermentation	AG-414-O09_01153	0
CACFXK010000016.1	6037	6789	+	AG-414-O09_01154	AG-414-O09	250	OG0000807	NA	NA	COG1058	CinA	ADP-ribose pyrophosphatase domain of DNA damage- and competence-inducible protein CinA	AG-414-O09_01153	1
CACFXK010000016.1	6789	7196	+	AG-414-O09_01155	AG-414-O09	135	OG0001035	K00682	gamma-glutamylcyclotransferase [EC:4.3.2.9]	COG2105	YtfP	Predicted gamma-glutamylamine cyclotransferase YtfP, GGCT/AIG2-like family	AG-414-O09_01153	2
CACFXK010000016.1	7197	7883	+	AG-414-O09_01156	AG-414-O09	228	OG0001044	NA	NA	COG1296	AzlC	Predicted branched-chain amino acid permease (azaleucine resistance)	AG-414-O09_01153	3
CACFXK010000016.1	7880	8191	+	AG-414-O09_01157	AG-414-O09	103	OG0001043	NA	NA	COG4392	AzlD2	Branched-chain amino acid transport protein	AG-414-O09_01153	4
CACFXK010000016.1	8201	9097	+	AG-414-O09_01158	AG-414-O09	298	OG0000057	K00477	phytanoyl-CoA hydroxylase [EC:1.14.11.18]	COG5285	PhyH	Ectoine hydroxylase-related dioxygenase, phytanoyl-CoA dioxygenase (PhyH) family	AG-414-O09_01153	5
CACFZK010000018.1	486	1460	+	AG-422-A21_01021	AG-422-A21	324	OG0002389	NA	NA	COG0451	WcaG	Nucleoside-diphosphate-sugar epimerase	AG-422-A21_01026	-5
CACFZK010000018.1	1473	2387	-	AG-422-A21_01022	AG-422-A21	304	OG0001031	NA	NA	NA	NA	NA	AG-422-A21_01026	-4
CACFZK010000018.1	2391	3281	-	AG-422-A21_01023	AG-422-A21	296	OG0000113	K00737	beta-1,4-mannosyl-glycoprotein beta-1,4-N-acetylglucosaminyltransferase [EC:2.4.1.144]	NA	NA	NA	AG-422-A21_01026	-3
CACFZK010000018.1	3278	3703	-	AG-422-A21_01024	AG-422-A21	141	OG0001035	K00682	gamma-glutamylcyclotransferase [EC:4.3.2.9]	COG2105	YtfP	Predicted gamma-glutamylamine cyclotransferase YtfP, GGCT/AIG2-like family	AG-422-A21_01026	-2
CACFZK010000018.1	3703	4464	-	AG-422-A21_01025	AG-422-A21	253	OG0000807	NA	NA	COG1058	CinA	ADP-ribose pyrophosphatase domain of DNA damage- and competence-inducible protein CinA	AG-422-A21_01026	-1
CACFZK010000018.1	4483	5190	+	AG-422-A21_01026	AG-422-A21	235	OG0000819	K06206	sugar fermentation stimulation protein A	COG1489	SfsA	DNA-binding protein, stimulates sugar fermentation	AG-422-A21_01026	0
CACFZK010000018.1	5183	5959	+	AG-422-A21_01027	AG-422-A21	258	OG0000721	K01265	methionyl aminopeptidase [EC:3.4.11.18]	COG0024	Map	Methionine aminopeptidase	AG-422-A21_01026	1
CACFZK010000018.1	5956	7254	+	AG-422-A21_01028	AG-422-A21	432	OG0000779	K01756	adenylosuccinate lyase [EC:4.3.2.2]	COG0015	PurB	Adenylosuccinate lyase	AG-422-A21_01026	2
CACFZK010000018.1	7251	8036	+	AG-422-A21_01029	AG-422-A21	261	OG0000769	K01923	phosphoribosylaminoimidazole-succinocarboxamide synthase [EC:6.3.2.6]	COG0152	PurC	Phosphoribosylaminoimidazole-succinocarboxamide synthase	AG-422-A21_01026	3
CACFZK010000018.1	8038	8277	+	AG-422-A21_01030	AG-422-A21	79	OG0000770	K23264	phosphoribosylformylglycinamidine synthase subunit PurS [EC:6.3.5.3]	COG1828	PurS	Phosphoribosylformylglycinamidine (FGAM) synthase, PurS subunit	AG-422-A21_01026	4
CACFZK010000018.1	8274	8954	+	AG-422-A21_01031	AG-422-A21	226	OG0000684	K23265	phosphoribosylformylglycinamidine synthase subunit PurQ / glutaminase [EC:6.3.5.3 3.5.1.2]	COG0047	PurL2	Phosphoribosylformylglycinamidine (FGAM) synthase, glutamine amidotransferase domain	AG-422-A21_01026	5
CACGAF010000010.1	3497	4264	+	AG-422-B15_00728	AG-422-B15	255	OG0000972	K00858	NAD+ kinase [EC:2.7.1.23]	COG0061	NadK	NAD kinase	AG-422-B15_00734	-5
CACGAF010000010.1	4261	5121	-	AG-422-B15_00729	AG-422-B15	286	OG0001551	NA	NA	NA	NA	NA	AG-422-B15_00734	-4
CACGAF010000010.1	5125	6012	-	AG-422-B15_00730	AG-422-B15	295	OG0001274	NA	NA	NA	NA	NA	AG-422-B15_00734	-3
CACGAF010000010.1	6266	6958	-	AG-422-B15_00732	AG-422-B15	230	OG0000236	K04643	sensory rhodopsin	COG5524	NA	Bacteriorhodopsin	AG-422-B15_00734	-2
CACGAF010000010.1	7083	7805	-	AG-422-B15_00733	AG-422-B15	240	OG0000807	NA	NA	COG1058	CinA	ADP-ribose pyrophosphatase domain of DNA damage- and competence-inducible protein CinA	AG-422-B15_00734	-1
CACGAF010000010.1	7812	8513	+	AG-422-B15_00734	AG-422-B15	233	OG0000819	K06206	sugar fermentation stimulation protein A	COG1489	SfsA	DNA-binding protein, stimulates sugar fermentation	AG-422-B15_00734	0
CACGAF010000010.1	8510	9280	+	AG-422-B15_00735	AG-422-B15	256	OG0000721	K01265	methionyl aminopeptidase [EC:3.4.11.18]	COG0024	Map	Methionine aminopeptidase	AG-422-B15_00734	1
CACGAF010000010.1	9305	10597	+	AG-422-B15_00736	AG-422-B15	430	OG0000779	K01756	adenylosuccinate lyase [EC:4.3.2.2]	COG0015	PurB	Adenylosuccinate lyase	AG-422-B15_00734	2
CACGAF010000010.1	10599	10838	-	AG-422-B15_00737	AG-422-B15	79	OG0002263	NA	NA	NA	NA	NA	AG-422-B15_00734	3
CACGAF010000010.1	10848	11177	-	AG-422-B15_00738	AG-422-B15	109	OG0001313	NA	NA	COG5467	NA	Uncharacterized conserved protein, DUF1476 domain	AG-422-B15_00734	4
CACGAF010000010.1	11250	11969	+	AG-422-B15_00739	AG-422-B15	239	OG0000769	K01923	phosphoribosylaminoimidazole-succinocarboxamide synthase [EC:6.3.2.6]	COG0152	PurC	Phosphoribosylaminoimidazole-succinocarboxamide synthase	AG-422-B15_00734	5
CACGAU010000001.1	37626	37949	-	AG-422-B22_00055	AG-422-B22	107	NA	NA	NA	NA	NA	NA	AG-422-B22_00060	-5
CACGAU010000001.1	37946	38116	-	AG-422-B22_00056	AG-422-B22	56	OG0003860	NA	NA	NA	NA	NA	AG-422-B22_00060	-4
CACGAU010000001.1	38374	39666	-	AG-422-B22_00057	AG-422-B22	430	OG0001333	NA	NA	COG4091	NA	Predicted homoserine dehydrogenase, contains C-terminal SAF domain	AG-422-B22_00060	-3
CACGAU010000001.1	39673	40074	-	AG-422-B22_00058	AG-422-B22	133	OG0001035	K00682	gamma-glutamylcyclotransferase [EC:4.3.2.9]	COG2105	YtfP	Predicted gamma-glutamylamine cyclotransferase YtfP, GGCT/AIG2-like family	AG-422-B22_00060	-2
CACGAU010000001.1	40074	40823	-	AG-422-B22_00059	AG-422-B22	249	OG0000807	NA	NA	COG1058	CinA	ADP-ribose pyrophosphatase domain of DNA damage- and competence-inducible protein CinA	AG-422-B22_00060	-1
CACGAU010000001.1	40844	41236	+	AG-422-B22_00060	AG-422-B22	130	OG0000819	K06206	sugar fermentation stimulation protein A	COG1489	SfsA	DNA-binding protein, stimulates sugar fermentation	AG-422-B22_00060	0
CACGAU010000001.1	41226	41543	+	AG-422-B22_00061	AG-422-B22	105	OG0000819	K06206	sugar fermentation stimulation protein A	COG1489	SfsA	DNA-binding protein, stimulates sugar fermentation	AG-422-B22_00060	1
CACGAU010000001.1	41536	42306	+	AG-422-B22_00062	AG-422-B22	256	OG0000721	K01265	methionyl aminopeptidase [EC:3.4.11.18]	COG0024	Map	Methionine aminopeptidase	AG-422-B22_00060	2
CACGAU010000001.1	42310	42423	+	AG-422-B22_00063	AG-422-B22	37	NA	NA	NA	NA	NA	NA	AG-422-B22_00060	3
CACGAU010000001.1	42552	43541	-	AG-422-B22_00064	AG-422-B22	329	OG0002279	NA	NA	NA	NA	NA	AG-422-B22_00060	4
CACGAU010000001.1	43628	44785	-	AG-422-B22_00065	AG-422-B22	385	OG0001692	NA	NA	COG2755	TesA	Lysophospholipase L1 or related esterase. Includes spore coat protein LipC/YcsK	AG-422-B22_00060	5
CACGAU010000001.1	37946	38116	-	AG-422-B22_00056	AG-422-B22	56	OG0003860	NA	NA	NA	NA	NA	AG-422-B22_00061	-5
CACGAU010000001.1	38374	39666	-	AG-422-B22_00057	AG-422-B22	430	OG0001333	NA	NA	COG4091	NA	Predicted homoserine dehydrogenase, contains C-terminal SAF domain	AG-422-B22_00061	-4
CACGAU010000001.1	39673	40074	-	AG-422-B22_00058	AG-422-B22	133	OG0001035	K00682	gamma-glutamylcyclotransferase [EC:4.3.2.9]	COG2105	YtfP	Predicted gamma-glutamylamine cyclotransferase YtfP, GGCT/AIG2-like family	AG-422-B22_00061	-3
CACGAU010000001.1	40074	40823	-	AG-422-B22_00059	AG-422-B22	249	OG0000807	NA	NA	COG1058	CinA	ADP-ribose pyrophosphatase domain of DNA damage- and competence-inducible protein CinA	AG-422-B22_00061	-2
CACGAU010000001.1	40844	41236	+	AG-422-B22_00060	AG-422-B22	130	OG0000819	K06206	sugar fermentation stimulation protein A	COG1489	SfsA	DNA-binding protein, stimulates sugar fermentation	AG-422-B22_00061	-1
CACGAU010000001.1	41226	41543	+	AG-422-B22_00061	AG-422-B22	105	OG0000819	K06206	sugar fermentation stimulation protein A	COG1489	SfsA	DNA-binding protein, stimulates sugar fermentation	AG-422-B22_00061	0
CACGAU010000001.1	41536	42306	+	AG-422-B22_00062	AG-422-B22	256	OG0000721	K01265	methionyl aminopeptidase [EC:3.4.11.18]	COG0024	Map	Methionine aminopeptidase	AG-422-B22_00061	1
CACGAU010000001.1	42310	42423	+	AG-422-B22_00063	AG-422-B22	37	NA	NA	NA	NA	NA	NA	AG-422-B22_00061	2
CACGAU010000001.1	42552	43541	-	AG-422-B22_00064	AG-422-B22	329	OG0002279	NA	NA	NA	NA	NA	AG-422-B22_00061	3
CACGAU010000001.1	43628	44785	-	AG-422-B22_00065	AG-422-B22	385	OG0001692	NA	NA	COG2755	TesA	Lysophospholipase L1 or related esterase. Includes spore coat protein LipC/YcsK	AG-422-B22_00061	4
CACGAU010000001.1	44786	46504	-	AG-422-B22_00066	AG-422-B22	572	OG0001054	K00612	carbamoyltransferase [EC:2.1.3.-]	COG2192	NA	Predicted carbamoyl transferase, NodU family	AG-422-B22_00061	5
CACGBP010000002.1	154598	155386	+	AG-422-C13_00471	AG-422-C13	262	OG0000983	NA	NA	COG0463	WcaA	Glycosyltransferase involved in cell wall bisynthesis	AG-422-C13_00476	-5
CACGBP010000002.1	155390	156247	-	AG-422-C13_00472	AG-422-C13	285	OG0003436	NA	NA	NA	NA	NA	AG-422-C13_00476	-4
CACGBP010000002.1	156244	156651	-	AG-422-C13_00473	AG-422-C13	135	OG0001035	K00682	gamma-glutamylcyclotransferase [EC:4.3.2.9]	COG2105	YtfP	Predicted gamma-glutamylamine cyclotransferase YtfP, GGCT/AIG2-like family	AG-422-C13_00476	-3
CACGBP010000002.1	156652	157398	-	AG-422-C13_00474	AG-422-C13	248	OG0000807	NA	NA	COG1058	CinA	ADP-ribose pyrophosphatase domain of DNA damage- and competence-inducible protein CinA	AG-422-C13_00476	-2
CACGBP010000002.1	157409	158176	-	AG-422-C13_00475	AG-422-C13	255	OG0001392	NA	NA	COG0463	WcaA	Glycosyltransferase involved in cell wall bisynthesis	AG-422-C13_00476	-1
CACGBP010000002.1	158203	158901	+	AG-422-C13_00476	AG-422-C13	232	OG0000819	K06206	sugar fermentation stimulation protein A	COG1489	SfsA	DNA-binding protein, stimulates sugar fermentation	AG-422-C13_00476	0
CACGBP010000002.1	158894	159667	+	AG-422-C13_00477	AG-422-C13	257	OG0000721	K01265	methionyl aminopeptidase [EC:3.4.11.18]	COG0024	Map	Methionine aminopeptidase	AG-422-C13_00476	1
CACGBP010000002.1	159671	160963	+	AG-422-C13_00478	AG-422-C13	430	OG0000779	K01756	adenylosuccinate lyase [EC:4.3.2.2]	COG0015	PurB	Adenylosuccinate lyase	AG-422-C13_00476	2
CACGBP010000002.1	160963	161748	+	AG-422-C13_00479	AG-422-C13	261	OG0000769	K01923	phosphoribosylaminoimidazole-succinocarboxamide synthase [EC:6.3.2.6]	COG0152	PurC	Phosphoribosylaminoimidazole-succinocarboxamide synthase	AG-422-C13_00476	3
CACGBP010000002.1	161745	161987	+	AG-422-C13_00480	AG-422-C13	80	OG0000770	K23264	phosphoribosylformylglycinamidine synthase subunit PurS [EC:6.3.5.3]	COG1828	PurS	Phosphoribosylformylglycinamidine (FGAM) synthase, PurS subunit	AG-422-C13_00476	4
CACGBP010000002.1	161991	162674	+	AG-422-C13_00481	AG-422-C13	227	OG0000684	K23265	phosphoribosylformylglycinamidine synthase subunit PurQ / glutaminase [EC:6.3.5.3 3.5.1.2]	COG0047	PurL2	Phosphoribosylformylglycinamidine (FGAM) synthase, glutamine amidotransferase domain	AG-422-C13_00476	5
CACGBZ010000002.1	191461	192210	+	AG-422-C20_00580	AG-422-C20	249	OG0000062	K00979	3-deoxy-manno-octulosonate cytidylyltransferase (CMP-KDO synthetase) [EC:2.7.7.38]	COG1212	KdsB	CMP-2-keto-3-deoxyoctulosonic acid synthetase	AG-422-C20_00585	-5
CACGBZ010000002.1	192194	192904	+	AG-422-C20_00581	AG-422-C20	236	OG0002305	NA	NA	NA	NA	NA	AG-422-C20_00585	-4
CACGBZ010000002.1	192933	194519	+	AG-422-C20_00582	AG-422-C20	528	OG0001338	K04034	anaerobic magnesium-protoporphyrin IX monomethyl ester cyclase [EC:1.21.98.3]	COG1032	YgiQ	Radical SAM superfamily enzyme YgiQ, UPF0313 family	AG-422-C20_00585	-3
CACGBZ010000002.1	194521	195009	-	AG-422-C20_00583	AG-422-C20	162	OG0001518	NA	NA	NA	NA	NA	AG-422-C20_00585	-2
CACGBZ010000002.1	195058	196986	-	AG-422-C20_00584	AG-422-C20	642	OG0001508	K02014	iron complex outermembrane recepter protein	COG4771	FepA	Outer membrane receptor for ferrienterochelin and colicins	AG-422-C20_00585	-1
CACGBZ010000002.1	197239	197934	-	AG-422-C20_00585	AG-422-C20	231	OG0000819	K06206	sugar fermentation stimulation protein A	COG1489	SfsA	DNA-binding protein, stimulates sugar fermentation	AG-422-C20_00585	0
CACGBZ010000002.1	197955	198704	+	AG-422-C20_00586	AG-422-C20	249	OG0000807	NA	NA	COG1058	CinA	ADP-ribose pyrophosphatase domain of DNA damage- and competence-inducible protein CinA	AG-422-C20_00585	1
CACGBZ010000002.1	198704	199111	+	AG-422-C20_00587	AG-422-C20	135	OG0001035	K00682	gamma-glutamylcyclotransferase [EC:4.3.2.9]	COG2105	YtfP	Predicted gamma-glutamylamine cyclotransferase YtfP, GGCT/AIG2-like family	AG-422-C20_00585	2
CACGBZ010000002.1	199108	200025	+	AG-422-C20_00588	AG-422-C20	305	OG0000091	NA	NA	NA	NA	NA	AG-422-C20_00585	3
CACGBZ010000002.1	200029	200847	+	AG-422-C20_00589	AG-422-C20	272	OG0001364	NA	NA	COG5285	PhyH	Ectoine hydroxylase-related dioxygenase, phytanoyl-CoA dioxygenase (PhyH) family	AG-422-C20_00585	4
CACGBZ010000002.1	201121	201846	-	AG-422-C20_00590	AG-422-C20	241	OG0001204	K07395	putative proteasome-type protease	COG3484	NA	Predicted proteasome-type protease	AG-422-C20_00585	5
CACGCK010000005.1	2779	3498	-	AG-422-C21_01175	AG-422-C21	239	OG0000769	K01923	phosphoribosylaminoimidazole-succinocarboxamide synthase [EC:6.3.2.6]	COG0152	PurC	Phosphoribosylaminoimidazole-succinocarboxamide synthase	AG-422-C21_01180	-5
CACGCK010000005.1	3571	3900	+	AG-422-C21_01176	AG-422-C21	109	OG0001313	NA	NA	COG5467	NA	Uncharacterized conserved protein, DUF1476 domain	AG-422-C21_01180	-4
CACGCK010000005.1	3910	4149	+	AG-422-C21_01177	AG-422-C21	79	OG0002263	NA	NA	NA	NA	NA	AG-422-C21_01180	-3
CACGCK010000005.1	4151	5443	-	AG-422-C21_01178	AG-422-C21	430	OG0000779	K01756	adenylosuccinate lyase [EC:4.3.2.2]	COG0015	PurB	Adenylosuccinate lyase	AG-422-C21_01180	-2
CACGCK010000005.1	5468	6238	-	AG-422-C21_01179	AG-422-C21	256	OG0000721	K01265	methionyl aminopeptidase [EC:3.4.11.18]	COG0024	Map	Methionine aminopeptidase	AG-422-C21_01180	-1
CACGCK010000005.1	6235	6936	-	AG-422-C21_01180	AG-422-C21	233	OG0000819	K06206	sugar fermentation stimulation protein A	COG1489	SfsA	DNA-binding protein, stimulates sugar fermentation	AG-422-C21_01180	0
CACGCK010000005.1	6943	7665	+	AG-422-C21_01181	AG-422-C21	240	OG0000807	NA	NA	COG1058	CinA	ADP-ribose pyrophosphatase domain of DNA damage- and competence-inducible protein CinA	AG-422-C21_01180	1
CACGCK010000005.1	7790	8482	+	AG-422-C21_01182	AG-422-C21	230	OG0000236	K04643	sensory rhodopsin	COG5524	NA	Bacteriorhodopsin	AG-422-C21_01180	2
CACGCK010000005.1	8736	9623	+	AG-422-C21_01184	AG-422-C21	295	OG0001274	NA	NA	NA	NA	NA	AG-422-C21_01180	3
CACGCK010000005.1	9626	10498	+	AG-422-C21_01185	AG-422-C21	290	OG0001551	NA	NA	NA	NA	NA	AG-422-C21_01180	4
CACGCK010000005.1	10502	11269	-	AG-422-C21_01186	AG-422-C21	255	OG0000972	K00858	NAD+ kinase [EC:2.7.1.23]	COG0061	NadK	NAD kinase	AG-422-C21_01180	5
CACGDQ010000002.1	81826	82509	-	AG-422-D23_00514	AG-422-D23	227	OG0000684	K23265	phosphoribosylformylglycinamidine synthase subunit PurQ / glutaminase [EC:6.3.5.3 3.5.1.2]	COG0047	PurL2	Phosphoribosylformylglycinamidine (FGAM) synthase, glutamine amidotransferase domain	AG-422-D23_00519	-5
CACGDQ010000002.1	82513	82755	-	AG-422-D23_00515	AG-422-D23	80	OG0000770	K23264	phosphoribosylformylglycinamidine synthase subunit PurS [EC:6.3.5.3]	COG1828	PurS	Phosphoribosylformylglycinamidine (FGAM) synthase, PurS subunit	AG-422-D23_00519	-4
CACGDQ010000002.1	82752	83537	-	AG-422-D23_00516	AG-422-D23	261	OG0000769	K01923	phosphoribosylaminoimidazole-succinocarboxamide synthase [EC:6.3.2.6]	COG0152	PurC	Phosphoribosylaminoimidazole-succinocarboxamide synthase	AG-422-D23_00519	-3
CACGDQ010000002.1	83537	84829	-	AG-422-D23_00517	AG-422-D23	430	OG0000779	K01756	adenylosuccinate lyase [EC:4.3.2.2]	COG0015	PurB	Adenylosuccinate lyase	AG-422-D23_00519	-2
CACGDQ010000002.1	84833	85603	-	AG-422-D23_00518	AG-422-D23	256	OG0000721	K01265	methionyl aminopeptidase [EC:3.4.11.18]	COG0024	Map	Methionine aminopeptidase	AG-422-D23_00519	-1
CACGDQ010000002.1	85596	86294	-	AG-422-D23_00519	AG-422-D23	232	OG0000819	K06206	sugar fermentation stimulation protein A	COG1489	SfsA	DNA-binding protein, stimulates sugar fermentation	AG-422-D23_00519	0
CACGDQ010000002.1	86315	87064	+	AG-422-D23_00520	AG-422-D23	249	OG0000807	NA	NA	COG1058	CinA	ADP-ribose pyrophosphatase domain of DNA damage- and competence-inducible protein CinA	AG-422-D23_00519	1
CACGDQ010000002.1	87064	87465	+	AG-422-D23_00521	AG-422-D23	133	OG0001035	K00682	gamma-glutamylcyclotransferase [EC:4.3.2.9]	COG2105	YtfP	Predicted gamma-glutamylamine cyclotransferase YtfP, GGCT/AIG2-like family	AG-422-D23_00519	2
CACGDQ010000002.1	87471	88394	+	AG-422-D23_00522	AG-422-D23	307	OG0002451	NA	NA	NA	NA	NA	AG-422-D23_00519	3
CACGDQ010000002.1	88563	89333	+	AG-422-D23_00524	AG-422-D23	256	OG0000972	K00858	NAD+ kinase [EC:2.7.1.23]	COG0061	NadK	NAD kinase	AG-422-D23_00519	4
CACGDQ010000002.1	89489	90445	+	AG-422-D23_00525	AG-422-D23	318	OG0002662	NA	NA	NA	NA	NA	AG-422-D23_00519	5
CACGEW010000003.1	21406	22083	-	AG-422-F15_00328	AG-422-F15	225	OG0000684	K23265	phosphoribosylformylglycinamidine synthase subunit PurQ / glutaminase [EC:6.3.5.3 3.5.1.2]	COG0047	PurL2	Phosphoribosylformylglycinamidine (FGAM) synthase, glutamine amidotransferase domain	AG-422-F15_00333	-5
CACGEW010000003.1	22080	22322	-	AG-422-F15_00329	AG-422-F15	80	OG0000770	K23264	phosphoribosylformylglycinamidine synthase subunit PurS [EC:6.3.5.3]	COG1828	PurS	Phosphoribosylformylglycinamidine (FGAM) synthase, PurS subunit	AG-422-F15_00333	-4
CACGEW010000003.1	22324	23115	-	AG-422-F15_00330	AG-422-F15	263	OG0000769	K01923	phosphoribosylaminoimidazole-succinocarboxamide synthase [EC:6.3.2.6]	COG0152	PurC	Phosphoribosylaminoimidazole-succinocarboxamide synthase	AG-422-F15_00333	-3
CACGEW010000003.1	23120	24415	-	AG-422-F15_00331	AG-422-F15	431	OG0000779	K01756	adenylosuccinate lyase [EC:4.3.2.2]	COG0015	PurB	Adenylosuccinate lyase	AG-422-F15_00333	-2
CACGEW010000003.1	24421	25176	-	AG-422-F15_00332	AG-422-F15	251	OG0000721	K01265	methionyl aminopeptidase [EC:3.4.11.18]	COG0024	Map	Methionine aminopeptidase	AG-422-F15_00333	-1
CACGEW010000003.1	25176	25871	-	AG-422-F15_00333	AG-422-F15	231	OG0000819	K06206	sugar fermentation stimulation protein A	COG1489	SfsA	DNA-binding protein, stimulates sugar fermentation	AG-422-F15_00333	0
CACGEW010000003.1	25889	26647	+	AG-422-F15_00334	AG-422-F15	252	OG0000807	NA	NA	COG1058	CinA	ADP-ribose pyrophosphatase domain of DNA damage- and competence-inducible protein CinA	AG-422-F15_00333	1
CACGEW010000003.1	26644	27597	-	AG-422-F15_00335	AG-422-F15	317	OG0001428	NA	NA	COG0859	RfaF	ADP-heptose:LPS heptosyltransferase	AG-422-F15_00333	2
CACGEW010000003.1	27682	30669	+	AG-422-F15_00336	AG-422-F15	995	OG0001602	NA	NA	COG3468	AidA	Autotransporter adhesin AidA	AG-422-F15_00333	3
CACGEW010000003.1	30896	31663	+	AG-422-F15_00338	AG-422-F15	255	OG0000972	K00858	NAD+ kinase [EC:2.7.1.23]	COG0061	NadK	NAD kinase	AG-422-F15_00333	4
CACGEW010000003.1	31797	32546	-	AG-422-F15_00340	AG-422-F15	249	OG0000786	NA	NA	COG0566	SpoU	tRNA G18 (ribose-2'-O)-methylase SpoU	AG-422-F15_00333	5
CACGKL010000002.1	58511	59191	-	AG-422-K17_00273	AG-422-K17	226	OG0000684	K23265	phosphoribosylformylglycinamidine synthase subunit PurQ / glutaminase [EC:6.3.5.3 3.5.1.2]	COG0047	PurL2	Phosphoribosylformylglycinamidine (FGAM) synthase, glutamine amidotransferase domain	AG-422-K17_00278	-5
CACGKL010000002.1	59188	59427	-	AG-422-K17_00274	AG-422-K17	79	OG0000770	K23264	phosphoribosylformylglycinamidine synthase subunit PurS [EC:6.3.5.3]	COG1828	PurS	Phosphoribosylformylglycinamidine (FGAM) synthase, PurS subunit	AG-422-K17_00278	-4
CACGKL010000002.1	59429	60220	-	AG-422-K17_00275	AG-422-K17	263	OG0000769	K01923	phosphoribosylaminoimidazole-succinocarboxamide synthase [EC:6.3.2.6]	COG0152	PurC	Phosphoribosylaminoimidazole-succinocarboxamide synthase	AG-422-K17_00278	-3
CACGKL010000002.1	60225	61523	-	AG-422-K17_00276	AG-422-K17	432	OG0000779	K01756	adenylosuccinate lyase [EC:4.3.2.2]	COG0015	PurB	Adenylosuccinate lyase	AG-422-K17_00278	-2
CACGKL010000002.1	61523	62272	-	AG-422-K17_00277	AG-422-K17	249	OG0000721	K01265	methionyl aminopeptidase [EC:3.4.11.18]	COG0024	Map	Methionine aminopeptidase	AG-422-K17_00278	-1
CACGKL010000002.1	62269	62967	-	AG-422-K17_00278	AG-422-K17	232	OG0000819	K06206	sugar fermentation stimulation protein A	COG1489	SfsA	DNA-binding protein, stimulates sugar fermentation	AG-422-K17_00278	0
CACGKL010000002.1	62984	63739	+	AG-422-K17_00279	AG-422-K17	251	OG0000807	NA	NA	COG1058	CinA	ADP-ribose pyrophosphatase domain of DNA damage- and competence-inducible protein CinA	AG-422-K17_00278	1
CACGKL010000002.1	63736	64689	-	AG-422-K17_00280	AG-422-K17	317	OG0001428	NA	NA	COG0859	RfaF	ADP-heptose:LPS heptosyltransferase	AG-422-K17_00278	2
CACGKL010000002.1	64857	65624	+	AG-422-K17_00282	AG-422-K17	255	OG0000972	K00858	NAD+ kinase [EC:2.7.1.23]	COG0061	NadK	NAD kinase	AG-422-K17_00278	3
CACGKL010000002.1	65827	69060	+	AG-422-K17_00283	AG-422-K17	1077	OG0001280	NA	NA	COG0553	HepA	Superfamily II DNA or RNA helicase, SNF2 family	AG-422-K17_00278	4
CACGKL010000002.1	69053	72592	+	AG-422-K17_00284	AG-422-K17	1179	OG0001934	K07317	adenine-specific DNA-methyltransferase [EC:2.1.1.72]	COG1002	YeeA	Type II restriction/modification system, endonuclease and methylase domains	AG-422-K17_00278	5
CACGMC010000001.1	292941	293618	-	AG-422-L15_00322	AG-422-L15	225	OG0000684	K23265	phosphoribosylformylglycinamidine synthase subunit PurQ / glutaminase [EC:6.3.5.3 3.5.1.2]	COG0047	PurL2	Phosphoribosylformylglycinamidine (FGAM) synthase, glutamine amidotransferase domain	AG-422-L15_00327	-5
CACGMC010000001.1	293618	293857	-	AG-422-L15_00323	AG-422-L15	79	OG0000770	K23264	phosphoribosylformylglycinamidine synthase subunit PurS [EC:6.3.5.3]	COG1828	PurS	Phosphoribosylformylglycinamidine (FGAM) synthase, PurS subunit	AG-422-L15_00327	-4
CACGMC010000001.1	293859	294650	-	AG-422-L15_00324	AG-422-L15	263	OG0000769	K01923	phosphoribosylaminoimidazole-succinocarboxamide synthase [EC:6.3.2.6]	COG0152	PurC	Phosphoribosylaminoimidazole-succinocarboxamide synthase	AG-422-L15_00327	-3
CACGMC010000001.1	294657	295952	-	AG-422-L15_00325	AG-422-L15	431	OG0000779	K01756	adenylosuccinate lyase [EC:4.3.2.2]	COG0015	PurB	Adenylosuccinate lyase	AG-422-L15_00327	-2
CACGMC010000001.1	295952	296713	-	AG-422-L15_00326	AG-422-L15	253	OG0000721	K01265	methionyl aminopeptidase [EC:3.4.11.18]	COG0024	Map	Methionine aminopeptidase	AG-422-L15_00327	-1
CACGMC010000001.1	296710	297405	-	AG-422-L15_00327	AG-422-L15	231	OG0000819	K06206	sugar fermentation stimulation protein A	COG1489	SfsA	DNA-binding protein, stimulates sugar fermentation	AG-422-L15_00327	0
CACGMC010000001.1	297421	298176	+	AG-422-L15_00328	AG-422-L15	251	OG0000807	NA	NA	COG1058	CinA	ADP-ribose pyrophosphatase domain of DNA damage- and competence-inducible protein CinA	AG-422-L15_00327	1
CACGMC010000001.1	298173	299063	+	AG-422-L15_00329	AG-422-L15	296	OG0000113	K00737	beta-1,4-mannosyl-glycoprotein beta-1,4-N-acetylglucosaminyltransferase [EC:2.4.1.144]	NA	NA	NA	AG-422-L15_00327	2
CACGMC010000001.1	299064	299975	+	AG-422-L15_00330	AG-422-L15	303	OG0001031	NA	NA	COG1442	RfaJ	Lipopolysaccharide biosynthesis protein, LPS:glycosyltransferase	AG-422-L15_00327	3
CACGMC010000001.1	299980	300822	+	AG-422-L15_00331	AG-422-L15	280	OG0000365	K18336	2,4-didehydro-3-deoxy-L-rhamnonate hydrolase [EC:3.7.1.26]	COG0179	FAHD1	Oxaloacetate decarboxylase and tautomerase, fumarylacetoacetate (FAA) hydrolase family	AG-422-L15_00327	4
CACGMC010000001.1	300828	302549	-	AG-422-L15_00332	AG-422-L15	573	OG0001383	NA	NA	COG0366	AmyA	Glycosidase/amylase (phosphorylase)	AG-422-L15_00327	5
CACGTJ010000011.1	9720	10568	-	AG-426-C04_00832	AG-426-C04	282	OG0000028	NA	NA	NA	NA	NA	AG-426-C04_00837	-5
CACGTJ010000011.1	10570	11202	-	AG-426-C04_00833	AG-426-C04	210	OG0001675	NA	NA	NA	NA	NA	AG-426-C04_00837	-4
CACGTJ010000011.1	11218	13212	-	AG-426-C04_00834	AG-426-C04	664	OG0001664	NA	NA	COG4993	Gcd	Glucose dehydrogenase, PQQ-dependent	AG-426-C04_00837	-3
CACGTJ010000011.1	13232	13636	-	AG-426-C04_00835	AG-426-C04	134	OG0001035	K00682	gamma-glutamylcyclotransferase [EC:4.3.2.9]	COG2105	YtfP	Predicted gamma-glutamylamine cyclotransferase YtfP, GGCT/AIG2-like family	AG-426-C04_00837	-2
CACGTJ010000011.1	13638	14390	-	AG-426-C04_00836	AG-426-C04	250	OG0000807	NA	NA	COG1058	CinA	ADP-ribose pyrophosphatase domain of DNA damage- and competence-inducible protein CinA	AG-426-C04_00837	-1
CACGTJ010000011.1	14413	15102	+	AG-426-C04_00837	AG-426-C04	229	OG0000819	K06206	sugar fermentation stimulation protein A	COG1489	SfsA	DNA-binding protein, stimulates sugar fermentation	AG-426-C04_00837	0
CACGTJ010000011.1	15095	15865	+	AG-426-C04_00838	AG-426-C04	256	OG0000721	K01265	methionyl aminopeptidase [EC:3.4.11.18]	COG0024	Map	Methionine aminopeptidase	AG-426-C04_00837	1
CACGTJ010000011.1	15869	17161	+	AG-426-C04_00839	AG-426-C04	430	OG0000779	K01756	adenylosuccinate lyase [EC:4.3.2.2]	COG0015	PurB	Adenylosuccinate lyase	AG-426-C04_00837	2
CACGTJ010000011.1	17161	17943	+	AG-426-C04_00840	AG-426-C04	260	OG0000769	K01923	phosphoribosylaminoimidazole-succinocarboxamide synthase [EC:6.3.2.6]	COG0152	PurC	Phosphoribosylaminoimidazole-succinocarboxamide synthase	AG-426-C04_00837	3
CACGTJ010000011.1	17940	18173	+	AG-426-C04_00841	AG-426-C04	77	OG0000770	K23264	phosphoribosylformylglycinamidine synthase subunit PurS [EC:6.3.5.3]	COG1828	PurS	Phosphoribosylformylglycinamidine (FGAM) synthase, PurS subunit	AG-426-C04_00837	4
CACGTJ010000011.1	18179	18862	+	AG-426-C04_00842	AG-426-C04	227	OG0000684	K23265	phosphoribosylformylglycinamidine synthase subunit PurQ / glutaminase [EC:6.3.5.3 3.5.1.2]	COG0047	PurL2	Phosphoribosylformylglycinamidine (FGAM) synthase, glutamine amidotransferase domain	AG-426-C04_00837	5
CACGUZ010000001.1	514520	515203	-	AG-426-D09_00547	AG-426-D09	227	OG0000684	K23265	phosphoribosylformylglycinamidine synthase subunit PurQ / glutaminase [EC:6.3.5.3 3.5.1.2]	COG0047	PurL2	Phosphoribosylformylglycinamidine (FGAM) synthase, glutamine amidotransferase domain	AG-426-D09_00552	-5
CACGUZ010000001.1	515207	515449	-	AG-426-D09_00548	AG-426-D09	80	OG0000770	K23264	phosphoribosylformylglycinamidine synthase subunit PurS [EC:6.3.5.3]	COG1828	PurS	Phosphoribosylformylglycinamidine (FGAM) synthase, PurS subunit	AG-426-D09_00552	-4
CACGUZ010000001.1	515446	516231	-	AG-426-D09_00549	AG-426-D09	261	OG0000769	K01923	phosphoribosylaminoimidazole-succinocarboxamide synthase [EC:6.3.2.6]	COG0152	PurC	Phosphoribosylaminoimidazole-succinocarboxamide synthase	AG-426-D09_00552	-3
CACGUZ010000001.1	516231	517523	-	AG-426-D09_00550	AG-426-D09	430	OG0000779	K01756	adenylosuccinate lyase [EC:4.3.2.2]	COG0015	PurB	Adenylosuccinate lyase	AG-426-D09_00552	-2
CACGUZ010000001.1	517527	518300	-	AG-426-D09_00551	AG-426-D09	257	OG0000721	K01265	methionyl aminopeptidase [EC:3.4.11.18]	COG0024	Map	Methionine aminopeptidase	AG-426-D09_00552	-1
CACGUZ010000001.1	518293	518991	-	AG-426-D09_00552	AG-426-D09	232	OG0000819	K06206	sugar fermentation stimulation protein A	COG1489	SfsA	DNA-binding protein, stimulates sugar fermentation	AG-426-D09_00552	0
CACGUZ010000001.1	519012	519761	+	AG-426-D09_00553	AG-426-D09	249	OG0000807	NA	NA	COG1058	CinA	ADP-ribose pyrophosphatase domain of DNA damage- and competence-inducible protein CinA	AG-426-D09_00552	1
CACGUZ010000001.1	519762	520166	+	AG-426-D09_00554	AG-426-D09	134	OG0001035	K00682	gamma-glutamylcyclotransferase [EC:4.3.2.9]	COG2105	YtfP	Predicted gamma-glutamylamine cyclotransferase YtfP, GGCT/AIG2-like family	AG-426-D09_00552	2
CACGUZ010000001.1	520159	521613	+	AG-426-D09_00555	AG-426-D09	484	OG0003536	NA	NA	COG5305	NA	Uncharacterized membrane protein PF0508, contains N-terminal glycosyltransferase domain of PMT family	AG-426-D09_00552	3
CACGUZ010000001.1	521691	522815	+	AG-426-D09_00556	AG-426-D09	374	OG0001692	NA	NA	COG2755	TesA	Lysophospholipase L1 or related esterase. Includes spore coat protein LipC/YcsK	AG-426-D09_00552	4
CACGUZ010000001.1	522974	524695	-	AG-426-D09_00557	AG-426-D09	573	OG0001383	NA	NA	COG0366	AmyA	Glycosidase/amylase (phosphorylase)	AG-426-D09_00552	5
CACGWC010000017.1	1687	2979	-	AG-426-E13_01222	AG-426-E13	430	OG0001333	NA	NA	COG4091	NA	Predicted homoserine dehydrogenase, contains C-terminal SAF domain	AG-426-E13_01227	-5
CACGWC010000017.1	2984	3301	-	AG-426-E13_01223	AG-426-E13	105	OG0001043	NA	NA	COG4392	AzlD2	Branched-chain amino acid transport protein	AG-426-E13_01227	-4
CACGWC010000017.1	3298	3984	-	AG-426-E13_01224	AG-426-E13	228	OG0001044	NA	NA	COG1296	AzlC	Predicted branched-chain amino acid permease (azaleucine resistance)	AG-426-E13_01227	-3
CACGWC010000017.1	3988	4392	-	AG-426-E13_01225	AG-426-E13	134	OG0001035	K00682	gamma-glutamylcyclotransferase [EC:4.3.2.9]	COG2105	YtfP	Predicted gamma-glutamylamine cyclotransferase YtfP, GGCT/AIG2-like family	AG-426-E13_01227	-2
CACGWC010000017.1	4395	5144	-	AG-426-E13_01226	AG-426-E13	249	OG0000807	NA	NA	COG1058	CinA	ADP-ribose pyrophosphatase domain of DNA damage- and competence-inducible protein CinA	AG-426-E13_01227	-1
CACGWC010000017.1	5167	5853	+	AG-426-E13_01227	AG-426-E13	228	OG0000819	K06206	sugar fermentation stimulation protein A	COG1489	SfsA	DNA-binding protein, stimulates sugar fermentation	AG-426-E13_01227	0
CACGWC010000017.1	5846	6619	+	AG-426-E13_01228	AG-426-E13	257	OG0000721	K01265	methionyl aminopeptidase [EC:3.4.11.18]	COG0024	Map	Methionine aminopeptidase	AG-426-E13_01227	1
CACGWC010000017.1	6616	7908	+	AG-426-E13_01229	AG-426-E13	430	OG0000779	K01756	adenylosuccinate lyase [EC:4.3.2.2]	COG0015	PurB	Adenylosuccinate lyase	AG-426-E13_01227	2
CACGWU010000001.1	880429	881112	-	AG-426-E17_00931	AG-426-E17	227	OG0000684	K23265	phosphoribosylformylglycinamidine synthase subunit PurQ / glutaminase [EC:6.3.5.3 3.5.1.2]	COG0047	PurL2	Phosphoribosylformylglycinamidine (FGAM) synthase, glutamine amidotransferase domain	AG-426-E17_00936	-5
CACGWU010000001.1	881112	881345	-	AG-426-E17_00932	AG-426-E17	77	OG0000770	K23264	phosphoribosylformylglycinamidine synthase subunit PurS [EC:6.3.5.3]	COG1828	PurS	Phosphoribosylformylglycinamidine (FGAM) synthase, PurS subunit	AG-426-E17_00936	-4
CACGWU010000001.1	881342	882130	-	AG-426-E17_00933	AG-426-E17	262	OG0000769	K01923	phosphoribosylaminoimidazole-succinocarboxamide synthase [EC:6.3.2.6]	COG0152	PurC	Phosphoribosylaminoimidazole-succinocarboxamide synthase	AG-426-E17_00936	-3
CACGWU010000001.1	882130	883422	-	AG-426-E17_00934	AG-426-E17	430	OG0000779	K01756	adenylosuccinate lyase [EC:4.3.2.2]	COG0015	PurB	Adenylosuccinate lyase	AG-426-E17_00936	-2
CACGWU010000001.1	883422	884192	-	AG-426-E17_00935	AG-426-E17	256	OG0000721	K01265	methionyl aminopeptidase [EC:3.4.11.18]	COG0024	Map	Methionine aminopeptidase	AG-426-E17_00936	-1
CACGWU010000001.1	884185	884871	-	AG-426-E17_00936	AG-426-E17	228	OG0000819	K06206	sugar fermentation stimulation protein A	COG1489	SfsA	DNA-binding protein, stimulates sugar fermentation	AG-426-E17_00936	0
CACGWU010000001.1	884894	885637	+	AG-426-E17_00937	AG-426-E17	247	OG0000807	NA	NA	COG1058	CinA	ADP-ribose pyrophosphatase domain of DNA damage- and competence-inducible protein CinA	AG-426-E17_00936	1
CACGWU010000001.1	885644	886048	+	AG-426-E17_00938	AG-426-E17	134	OG0001035	K00682	gamma-glutamylcyclotransferase [EC:4.3.2.9]	COG2105	YtfP	Predicted gamma-glutamylamine cyclotransferase YtfP, GGCT/AIG2-like family	AG-426-E17_00936	2
CACGWU010000001.1	886049	886735	+	AG-426-E17_00939	AG-426-E17	228	OG0001044	NA	NA	COG1296	AzlC	Predicted branched-chain amino acid permease (azaleucine resistance)	AG-426-E17_00936	3
CACGWU010000001.1	886732	887043	+	AG-426-E17_00940	AG-426-E17	103	OG0001043	NA	NA	COG4392	AzlD2	Branched-chain amino acid transport protein	AG-426-E17_00936	4
CACGWU010000001.1	887040	888773	-	AG-426-E17_00941	AG-426-E17	577	OG0001383	NA	NA	COG0366	AmyA	Glycosidase/amylase (phosphorylase)	AG-426-E17_00936	5
CACGXV010000001.1	456760	457440	-	AG-426-F15_00494	AG-426-F15	226	OG0000684	K23265	phosphoribosylformylglycinamidine synthase subunit PurQ / glutaminase [EC:6.3.5.3 3.5.1.2]	COG0047	PurL2	Phosphoribosylformylglycinamidine (FGAM) synthase, glutamine amidotransferase domain	AG-426-F15_00499	-5
CACGXV010000001.1	457448	457681	-	AG-426-F15_00495	AG-426-F15	77	OG0000770	K23264	phosphoribosylformylglycinamidine synthase subunit PurS [EC:6.3.5.3]	COG1828	PurS	Phosphoribosylformylglycinamidine (FGAM) synthase, PurS subunit	AG-426-F15_00499	-4
CACGXV010000001.1	457678	458463	-	AG-426-F15_00496	AG-426-F15	261	OG0000769	K01923	phosphoribosylaminoimidazole-succinocarboxamide synthase [EC:6.3.2.6]	COG0152	PurC	Phosphoribosylaminoimidazole-succinocarboxamide synthase	AG-426-F15_00499	-3
CACGXV010000001.1	458463	459755	-	AG-426-F15_00497	AG-426-F15	430	OG0000779	K01756	adenylosuccinate lyase [EC:4.3.2.2]	COG0015	PurB	Adenylosuccinate lyase	AG-426-F15_00499	-2
CACGXV010000001.1	459755	460525	-	AG-426-F15_00498	AG-426-F15	256	OG0000721	K01265	methionyl aminopeptidase [EC:3.4.11.18]	COG0024	Map	Methionine aminopeptidase	AG-426-F15_00499	-1
CACGXV010000001.1	460518	461204	-	AG-426-F15_00499	AG-426-F15	228	OG0000819	K06206	sugar fermentation stimulation protein A	COG1489	SfsA	DNA-binding protein, stimulates sugar fermentation	AG-426-F15_00499	0
CACGXV010000001.1	461227	461979	+	AG-426-F15_00500	AG-426-F15	250	OG0000807	NA	NA	COG1058	CinA	ADP-ribose pyrophosphatase domain of DNA damage- and competence-inducible protein CinA	AG-426-F15_00499	1
CACGXV010000001.1	461979	462383	+	AG-426-F15_00501	AG-426-F15	134	OG0001035	K00682	gamma-glutamylcyclotransferase [EC:4.3.2.9]	COG2105	YtfP	Predicted gamma-glutamylamine cyclotransferase YtfP, GGCT/AIG2-like family	AG-426-F15_00499	2
CACGXV010000001.1	462369	463337	-	AG-426-F15_00502	AG-426-F15	322	OG0001428	NA	NA	COG0859	RfaF	ADP-heptose:LPS heptosyltransferase	AG-426-F15_00499	3
CACGXV010000001.1	463396	464082	+	AG-426-F15_00503	AG-426-F15	228	OG0001044	NA	NA	COG1296	AzlC	Predicted branched-chain amino acid permease (azaleucine resistance)	AG-426-F15_00499	4
CACGXV010000001.1	464079	464390	+	AG-426-F15_00504	AG-426-F15	103	OG0001043	NA	NA	COG4392	AzlD2	Branched-chain amino acid transport protein	AG-426-F15_00499	5
CACGYT010000006.1	7570	8292	+	AG-426-G09_00494	AG-426-G09	240	OG0000037	NA	NA	COG1091	RfbD	dTDP-4-dehydrorhamnose reductase	AG-426-G09_00499	-5
CACGYT010000006.1	8261	8575	-	AG-426-G09_00495	AG-426-G09	104	OG0001043	NA	NA	COG4392	AzlD2	Branched-chain amino acid transport protein	AG-426-G09_00499	-4
CACGYT010000006.1	8572	9261	-	AG-426-G09_00496	AG-426-G09	229	OG0001044	NA	NA	COG1296	AzlC	Predicted branched-chain amino acid permease (azaleucine resistance)	AG-426-G09_00499	-3
CACGYT010000006.1	9262	9669	-	AG-426-G09_00497	AG-426-G09	135	OG0001035	K00682	gamma-glutamylcyclotransferase [EC:4.3.2.9]	COG2105	YtfP	Predicted gamma-glutamylamine cyclotransferase YtfP, GGCT/AIG2-like family	AG-426-G09_00499	-2
CACGYT010000006.1	9669	10421	-	AG-426-G09_00498	AG-426-G09	250	OG0000807	NA	NA	COG1058	CinA	ADP-ribose pyrophosphatase domain of DNA damage- and competence-inducible protein CinA	AG-426-G09_00499	-1
CACGYT010000006.1	10444	11130	+	AG-426-G09_00499	AG-426-G09	228	OG0000819	K06206	sugar fermentation stimulation protein A	COG1489	SfsA	DNA-binding protein, stimulates sugar fermentation	AG-426-G09_00499	0
CACGYT010000006.1	11123	11893	+	AG-426-G09_00500	AG-426-G09	256	OG0000721	K01265	methionyl aminopeptidase [EC:3.4.11.18]	COG0024	Map	Methionine aminopeptidase	AG-426-G09_00499	1
CACGYT010000006.1	11893	13185	+	AG-426-G09_00501	AG-426-G09	430	OG0000779	K01756	adenylosuccinate lyase [EC:4.3.2.2]	COG0015	PurB	Adenylosuccinate lyase	AG-426-G09_00499	2
CACGYT010000006.1	13185	13967	+	AG-426-G09_00502	AG-426-G09	260	OG0000769	K01923	phosphoribosylaminoimidazole-succinocarboxamide synthase [EC:6.3.2.6]	COG0152	PurC	Phosphoribosylaminoimidazole-succinocarboxamide synthase	AG-426-G09_00499	3
CACGYT010000006.1	13967	14200	+	AG-426-G09_00503	AG-426-G09	77	OG0000770	K23264	phosphoribosylformylglycinamidine synthase subunit PurS [EC:6.3.5.3]	COG1828	PurS	Phosphoribosylformylglycinamidine (FGAM) synthase, PurS subunit	AG-426-G09_00499	4
CACGYT010000006.1	14207	14890	+	AG-426-G09_00504	AG-426-G09	227	OG0000684	K23265	phosphoribosylformylglycinamidine synthase subunit PurQ / glutaminase [EC:6.3.5.3 3.5.1.2]	COG0047	PurL2	Phosphoribosylformylglycinamidine (FGAM) synthase, glutamine amidotransferase domain	AG-426-G09_00499	5
CACGZG010000007.1	36627	37400	+	AG-426-I10_00797	AG-426-I10	257	OG0000045	NA	NA	NA	NA	NA	AG-426-I10_00802	-5
CACGZG010000007.1	37397	38107	+	AG-426-I10_00798	AG-426-I10	236	OG0000983	NA	NA	COG0463	WcaA	Glycosyltransferase involved in cell wall bisynthesis	AG-426-I10_00802	-4
CACGZG010000007.1	38104	39315	-	AG-426-I10_00799	AG-426-I10	403	OG0001137	NA	NA	COG2227	UbiG	2-polyprenyl-3-methyl-5-hydroxy-6-metoxy-1,4-benzoquinol methylase	AG-426-I10_00802	-3
CACGZG010000007.1	39391	40302	+	AG-426-I10_00800	AG-426-I10	303	OG0000023	NA	NA	COG1089	Gmd	GDP-D-mannose dehydratase	AG-426-I10_00802	-2
CACGZG010000007.1	40308	41057	-	AG-426-I10_00801	AG-426-I10	249	OG0000807	NA	NA	COG1058	CinA	ADP-ribose pyrophosphatase domain of DNA damage- and competence-inducible protein CinA	AG-426-I10_00802	-1
CACGZG010000007.1	41080	41778	+	AG-426-I10_00802	AG-426-I10	232	OG0000819	K06206	sugar fermentation stimulation protein A	COG1489	SfsA	DNA-binding protein, stimulates sugar fermentation	AG-426-I10_00802	0
CACGZG010000007.1	41771	42544	+	AG-426-I10_00803	AG-426-I10	257	OG0000721	K01265	methionyl aminopeptidase [EC:3.4.11.18]	COG0024	Map	Methionine aminopeptidase	AG-426-I10_00802	1
CACGZG010000007.1	42548	43840	+	AG-426-I10_00804	AG-426-I10	430	OG0000779	K01756	adenylosuccinate lyase [EC:4.3.2.2]	COG0015	PurB	Adenylosuccinate lyase	AG-426-I10_00802	2
CACGZG010000007.1	43840	44625	+	AG-426-I10_00805	AG-426-I10	261	OG0000769	K01923	phosphoribosylaminoimidazole-succinocarboxamide synthase [EC:6.3.2.6]	COG0152	PurC	Phosphoribosylaminoimidazole-succinocarboxamide synthase	AG-426-I10_00802	3
CACGZG010000007.1	44622	44864	+	AG-426-I10_00806	AG-426-I10	80	OG0000770	K23264	phosphoribosylformylglycinamidine synthase subunit PurS [EC:6.3.5.3]	COG1828	PurS	Phosphoribosylformylglycinamidine (FGAM) synthase, PurS subunit	AG-426-I10_00802	4
CACGZG010000007.1	44868	45551	+	AG-426-I10_00807	AG-426-I10	227	OG0000684	K23265	phosphoribosylformylglycinamidine synthase subunit PurQ / glutaminase [EC:6.3.5.3 3.5.1.2]	COG0047	PurL2	Phosphoribosylformylglycinamidine (FGAM) synthase, glutamine amidotransferase domain	AG-426-I10_00802	5
CACGZT010000002.1	104884	105561	-	AG-426-I15_00483	AG-426-I15	225	OG0000684	K23265	phosphoribosylformylglycinamidine synthase subunit PurQ / glutaminase [EC:6.3.5.3 3.5.1.2]	COG0047	PurL2	Phosphoribosylformylglycinamidine (FGAM) synthase, glutamine amidotransferase domain	AG-426-I15_00488	-5
CACGZT010000002.1	105558	105800	-	AG-426-I15_00484	AG-426-I15	80	OG0000770	K23264	phosphoribosylformylglycinamidine synthase subunit PurS [EC:6.3.5.3]	COG1828	PurS	Phosphoribosylformylglycinamidine (FGAM) synthase, PurS subunit	AG-426-I15_00488	-4
CACGZT010000002.1	105802	106587	-	AG-426-I15_00485	AG-426-I15	261	OG0000769	K01923	phosphoribosylaminoimidazole-succinocarboxamide synthase [EC:6.3.2.6]	COG0152	PurC	Phosphoribosylaminoimidazole-succinocarboxamide synthase	AG-426-I15_00488	-3
CACGZT010000002.1	106584	107879	-	AG-426-I15_00486	AG-426-I15	431	OG0000779	K01756	adenylosuccinate lyase [EC:4.3.2.2]	COG0015	PurB	Adenylosuccinate lyase	AG-426-I15_00488	-2
CACGZT010000002.1	107882	108655	-	AG-426-I15_00487	AG-426-I15	257	OG0000721	K01265	methionyl aminopeptidase [EC:3.4.11.18]	COG0024	Map	Methionine aminopeptidase	AG-426-I15_00488	-1
CACGZT010000002.1	108648	109355	-	AG-426-I15_00488	AG-426-I15	235	OG0000819	K06206	sugar fermentation stimulation protein A	COG1489	SfsA	DNA-binding protein, stimulates sugar fermentation	AG-426-I15_00488	0
CACGZT010000002.1	109376	110134	+	AG-426-I15_00489	AG-426-I15	252	OG0000807	NA	NA	COG1058	CinA	ADP-ribose pyrophosphatase domain of DNA damage- and competence-inducible protein CinA	AG-426-I15_00488	1
CACGZT010000002.1	110176	110559	+	AG-426-I15_00490	AG-426-I15	127	OG0001035	K00682	gamma-glutamylcyclotransferase [EC:4.3.2.9]	COG2105	YtfP	Predicted gamma-glutamylamine cyclotransferase YtfP, GGCT/AIG2-like family	AG-426-I15_00488	2
CACGZT010000002.1	110556	111452	+	AG-426-I15_00491	AG-426-I15	298	OG0000113	K00737	beta-1,4-mannosyl-glycoprotein beta-1,4-N-acetylglucosaminyltransferase [EC:2.4.1.144]	NA	NA	NA	AG-426-I15_00488	3
CACGZT010000002.1	111455	112369	+	AG-426-I15_00492	AG-426-I15	304	OG0001031	NA	NA	NA	NA	NA	AG-426-I15_00488	4
CACGZT010000002.1	112488	113258	+	AG-426-I15_00494	AG-426-I15	256	OG0000972	K00858	NAD+ kinase [EC:2.7.1.23]	COG0061	NadK	NAD kinase	AG-426-I15_00488	5
CACHAK010000001.1	172520	173239	-	AG-426-I21_00175	AG-426-I21	239	OG0000769	K01923	phosphoribosylaminoimidazole-succinocarboxamide synthase [EC:6.3.2.6]	COG0152	PurC	Phosphoribosylaminoimidazole-succinocarboxamide synthase	AG-426-I21_00180	-5
CACHAK010000001.1	173312	173641	+	AG-426-I21_00176	AG-426-I21	109	OG0001313	NA	NA	COG5467	NA	Uncharacterized conserved protein, DUF1476 domain	AG-426-I21_00180	-4
CACHAK010000001.1	173650	173889	+	AG-426-I21_00177	AG-426-I21	79	OG0002263	NA	NA	NA	NA	NA	AG-426-I21_00180	-3
CACHAK010000001.1	173891	175183	-	AG-426-I21_00178	AG-426-I21	430	OG0000779	K01756	adenylosuccinate lyase [EC:4.3.2.2]	COG0015	PurB	Adenylosuccinate lyase	AG-426-I21_00180	-2
CACHAK010000001.1	175208	175978	-	AG-426-I21_00179	AG-426-I21	256	OG0000721	K01265	methionyl aminopeptidase [EC:3.4.11.18]	COG0024	Map	Methionine aminopeptidase	AG-426-I21_00180	-1
CACHAK010000001.1	175975	176676	-	AG-426-I21_00180	AG-426-I21	233	OG0000819	K06206	sugar fermentation stimulation protein A	COG1489	SfsA	DNA-binding protein, stimulates sugar fermentation	AG-426-I21_00180	0
CACHAK010000001.1	176683	177405	+	AG-426-I21_00181	AG-426-I21	240	OG0000807	NA	NA	COG1058	CinA	ADP-ribose pyrophosphatase domain of DNA damage- and competence-inducible protein CinA	AG-426-I21_00180	1
CACHAK010000001.1	177530	178222	+	AG-426-I21_00182	AG-426-I21	230	OG0000236	K04643	sensory rhodopsin	COG5524	NA	Bacteriorhodopsin	AG-426-I21_00180	2
CACHAK010000001.1	178476	179363	+	AG-426-I21_00184	AG-426-I21	295	OG0001274	NA	NA	NA	NA	NA	AG-426-I21_00180	3
CACHAK010000001.1	179367	180227	+	AG-426-I21_00185	AG-426-I21	286	OG0001551	NA	NA	NA	NA	NA	AG-426-I21_00180	4
CACHAK010000001.1	180224	180991	-	AG-426-I21_00186	AG-426-I21	255	OG0000972	K00858	NAD+ kinase [EC:2.7.1.23]	COG0061	NadK	NAD kinase	AG-426-I21_00180	5
CACPHV010000009.1	46751	48532	-	AG-426-M05_00916	AG-426-M05	593	NA	NA	NA	NA	NA	NA	AG-426-M05_00921	-5
CACPHV010000009.1	48608	49432	-	AG-426-M05_00917	AG-426-M05	274	OG0000007	NA	NA	COG0300	YqjQ	Short-chain dehydrogenase	AG-426-M05_00921	-4
CACPHV010000009.1	49459	50871	+	AG-426-M05_00918	AG-426-M05	470	OG0001338	NA	NA	COG1032	YgiQ	Radical SAM superfamily enzyme YgiQ, UPF0313 family	AG-426-M05_00921	-3
CACPHV010000009.1	51024	51425	-	AG-426-M05_00919	AG-426-M05	133	OG0001035	K00682	gamma-glutamylcyclotransferase [EC:4.3.2.9]	COG2105	YtfP	Predicted gamma-glutamylamine cyclotransferase YtfP, GGCT/AIG2-like family	AG-426-M05_00921	-2
CACPHV010000009.1	51425	52174	-	AG-426-M05_00920	AG-426-M05	249	OG0000807	NA	NA	COG1058	CinA	ADP-ribose pyrophosphatase domain of DNA damage- and competence-inducible protein CinA	AG-426-M05_00921	-1
CACPHV010000009.1	52195	52893	+	AG-426-M05_00921	AG-426-M05	232	OG0000819	K06206	sugar fermentation stimulation protein A	COG1489	SfsA	DNA-binding protein, stimulates sugar fermentation	AG-426-M05_00921	0
CACPHV010000009.1	52886	53656	+	AG-426-M05_00922	AG-426-M05	256	OG0000721	K01265	methionyl aminopeptidase [EC:3.4.11.18]	COG0024	Map	Methionine aminopeptidase	AG-426-M05_00921	1
CACPHV010000009.1	53660	54682	+	AG-426-M05_00923	AG-426-M05	340	OG0000779	K01756	adenylosuccinate lyase [EC:4.3.2.2]	COG0015	PurB	Adenylosuccinate lyase	AG-426-M05_00921	2
CACPHV010000009.1	54679	54951	+	AG-426-M05_00924	AG-426-M05	90	OG0000779	NA	NA	COG0015	PurB	Adenylosuccinate lyase	AG-426-M05_00921	3
CACPHV010000009.1	54951	55736	+	AG-426-M05_00925	AG-426-M05	261	OG0000769	K01923	phosphoribosylaminoimidazole-succinocarboxamide synthase [EC:6.3.2.6]	COG0152	PurC	Phosphoribosylaminoimidazole-succinocarboxamide synthase	AG-426-M05_00921	4
CACPHV010000009.1	55733	55975	+	AG-426-M05_00926	AG-426-M05	80	OG0000770	K23264	phosphoribosylformylglycinamidine synthase subunit PurS [EC:6.3.5.3]	COG1828	PurS	Phosphoribosylformylglycinamidine (FGAM) synthase, PurS subunit	AG-426-M05_00921	5
CACHEQ010000013.1	1226	1543	-	AG-426-M19_01262	AG-426-M19	105	OG0001043	NA	NA	COG4392	AzlD2	Branched-chain amino acid transport protein	AG-426-M19_01266	-4
CACHEQ010000013.1	1540	2226	-	AG-426-M19_01263	AG-426-M19	228	OG0001044	NA	NA	COG1296	AzlC	Predicted branched-chain amino acid permease (azaleucine resistance)	AG-426-M19_01266	-3
CACHEQ010000013.1	2230	2634	-	AG-426-M19_01264	AG-426-M19	134	OG0001035	K00682	gamma-glutamylcyclotransferase [EC:4.3.2.9]	COG2105	YtfP	Predicted gamma-glutamylamine cyclotransferase YtfP, GGCT/AIG2-like family	AG-426-M19_01266	-2
CACHEQ010000013.1	2637	3386	-	AG-426-M19_01265	AG-426-M19	249	OG0000807	NA	NA	COG1058	CinA	ADP-ribose pyrophosphatase domain of DNA damage- and competence-inducible protein CinA	AG-426-M19_01266	-1
CACHEQ010000013.1	3409	4095	+	AG-426-M19_01266	AG-426-M19	228	OG0000819	K06206	sugar fermentation stimulation protein A	COG1489	SfsA	DNA-binding protein, stimulates sugar fermentation	AG-426-M19_01266	0
CACHEQ010000013.1	4088	4858	+	AG-426-M19_01267	AG-426-M19	256	OG0000721	K01265	methionyl aminopeptidase [EC:3.4.11.18]	COG0024	Map	Methionine aminopeptidase	AG-426-M19_01266	1
CACHEQ010000013.1	4858	6150	+	AG-426-M19_01268	AG-426-M19	430	OG0000779	K01756	adenylosuccinate lyase [EC:4.3.2.2]	COG0015	PurB	Adenylosuccinate lyase	AG-426-M19_01266	2
CACHEQ010000013.1	6150	6935	+	AG-426-M19_01269	AG-426-M19	261	OG0000769	K01923	phosphoribosylaminoimidazole-succinocarboxamide synthase [EC:6.3.2.6]	COG0152	PurC	Phosphoribosylaminoimidazole-succinocarboxamide synthase	AG-426-M19_01266	3
CACHEQ010000013.1	6935	7168	+	AG-426-M19_01270	AG-426-M19	77	OG0000770	K23264	phosphoribosylformylglycinamidine synthase subunit PurS [EC:6.3.5.3]	COG1828	PurS	Phosphoribosylformylglycinamidine (FGAM) synthase, PurS subunit	AG-426-M19_01266	4
CACHEQ010000013.1	7172	7855	+	AG-426-M19_01271	AG-426-M19	227	OG0000684	K23265	phosphoribosylformylglycinamidine synthase subunit PurQ / glutaminase [EC:6.3.5.3 3.5.1.2]	COG0047	PurL2	Phosphoribosylformylglycinamidine (FGAM) synthase, glutamine amidotransferase domain	AG-426-M19_01266	5
CACHEU010000002.1	186876	187553	-	AG-426-O05_00602	AG-426-O05	225	OG0000684	K23265	phosphoribosylformylglycinamidine synthase subunit PurQ / glutaminase [EC:6.3.5.3 3.5.1.2]	COG0047	PurL2	Phosphoribosylformylglycinamidine (FGAM) synthase, glutamine amidotransferase domain	AG-426-O05_00607	-5
CACHEU010000002.1	187550	187792	-	AG-426-O05_00603	AG-426-O05	80	OG0000770	K23264	phosphoribosylformylglycinamidine synthase subunit PurS [EC:6.3.5.3]	COG1828	PurS	Phosphoribosylformylglycinamidine (FGAM) synthase, PurS subunit	AG-426-O05_00607	-4
CACHEU010000002.1	187794	188579	-	AG-426-O05_00604	AG-426-O05	261	OG0000769	K01923	phosphoribosylaminoimidazole-succinocarboxamide synthase [EC:6.3.2.6]	COG0152	PurC	Phosphoribosylaminoimidazole-succinocarboxamide synthase	AG-426-O05_00607	-3
CACHEU010000002.1	188576	189874	-	AG-426-O05_00605	AG-426-O05	432	OG0000779	K01756	adenylosuccinate lyase [EC:4.3.2.2]	COG0015	PurB	Adenylosuccinate lyase	AG-426-O05_00607	-2
CACHEU010000002.1	189871	190647	-	AG-426-O05_00606	AG-426-O05	258	OG0000721	K01265	methionyl aminopeptidase [EC:3.4.11.18]	COG0024	Map	Methionine aminopeptidase	AG-426-O05_00607	-1
CACHEU010000002.1	190637	191347	-	AG-426-O05_00607	AG-426-O05	236	OG0000819	K06206	sugar fermentation stimulation protein A	COG1489	SfsA	DNA-binding protein, stimulates sugar fermentation	AG-426-O05_00607	0
CACHEU010000002.1	191368	192129	+	AG-426-O05_00608	AG-426-O05	253	OG0000807	NA	NA	COG1058	CinA	ADP-ribose pyrophosphatase domain of DNA damage- and competence-inducible protein CinA	AG-426-O05_00607	1
CACHEU010000002.1	192129	192554	+	AG-426-O05_00609	AG-426-O05	141	OG0001035	K00682	gamma-glutamylcyclotransferase [EC:4.3.2.9]	COG2105	YtfP	Predicted gamma-glutamylamine cyclotransferase YtfP, GGCT/AIG2-like family	AG-426-O05_00607	2
CACHEU010000002.1	192551	193447	+	AG-426-O05_00610	AG-426-O05	298	OG0000113	K00737	beta-1,4-mannosyl-glycoprotein beta-1,4-N-acetylglucosaminyltransferase [EC:2.4.1.144]	NA	NA	NA	AG-426-O05_00607	3
CACHEU010000002.1	193451	194365	+	AG-426-O05_00611	AG-426-O05	304	OG0001031	NA	NA	NA	NA	NA	AG-426-O05_00607	4
CACHEU010000002.1	194352	195320	+	AG-426-O05_00612	AG-426-O05	322	OG0001129	NA	NA	COG2755	TesA	Lysophospholipase L1 or related esterase. Includes spore coat protein LipC/YcsK	AG-426-O05_00607	5
CACHEF010000002.1	96579	98303	+	AG-426-P08_00373	AG-426-P08	574	OG0001383	NA	NA	COG0366	AmyA	Glycosidase/amylase (phosphorylase)	AG-426-P08_00378	-5
CACHEF010000002.1	98448	100481	+	AG-426-P08_00374	AG-426-P08	677	OG0001337	K16568	exopolysaccharide production protein ExoZ	COG1835	OafA	Peptidoglycan/LPS O-acetylase OafA/YrhL, contains acyltransferase and SGNH-hydrolase domains	AG-426-P08_00378	-4
CACHEF010000002.1	100492	101577	+	AG-426-P08_00375	AG-426-P08	361	OG0001129	NA	NA	COG2755	TesA	Lysophospholipase L1 or related esterase. Includes spore coat protein LipC/YcsK	AG-426-P08_00378	-3
CACHEF010000002.1	101591	101992	-	AG-426-P08_00376	AG-426-P08	133	OG0001035	K00682	gamma-glutamylcyclotransferase [EC:4.3.2.9]	COG2105	YtfP	Predicted gamma-glutamylamine cyclotransferase YtfP, GGCT/AIG2-like family	AG-426-P08_00378	-2
CACHEF010000002.1	101993	102742	-	AG-426-P08_00377	AG-426-P08	249	OG0000807	NA	NA	COG1058	CinA	ADP-ribose pyrophosphatase domain of DNA damage- and competence-inducible protein CinA	AG-426-P08_00378	-1
CACHEF010000002.1	102763	103461	+	AG-426-P08_00378	AG-426-P08	232	OG0000819	K06206	sugar fermentation stimulation protein A	COG1489	SfsA	DNA-binding protein, stimulates sugar fermentation	AG-426-P08_00378	0
CACHEF010000002.1	103454	104224	+	AG-426-P08_00379	AG-426-P08	256	OG0000721	K01265	methionyl aminopeptidase [EC:3.4.11.18]	COG0024	Map	Methionine aminopeptidase	AG-426-P08_00378	1
CACHEF010000002.1	104228	105520	+	AG-426-P08_00380	AG-426-P08	430	OG0000779	K01756	adenylosuccinate lyase [EC:4.3.2.2]	COG0015	PurB	Adenylosuccinate lyase	AG-426-P08_00378	2
CACHEF010000002.1	105520	106302	+	AG-426-P08_00381	AG-426-P08	260	OG0000769	K01923	phosphoribosylaminoimidazole-succinocarboxamide synthase [EC:6.3.2.6]	COG0152	PurC	Phosphoribosylaminoimidazole-succinocarboxamide synthase	AG-426-P08_00378	3
CACHEF010000002.1	106302	106544	+	AG-426-P08_00382	AG-426-P08	80	OG0000770	K23264	phosphoribosylformylglycinamidine synthase subunit PurS [EC:6.3.5.3]	COG1828	PurS	Phosphoribosylformylglycinamidine (FGAM) synthase, PurS subunit	AG-426-P08_00378	4
CACHEF010000002.1	106548	107231	+	AG-426-P08_00383	AG-426-P08	227	OG0000684	K23265	phosphoribosylformylglycinamidine synthase subunit PurQ / glutaminase [EC:6.3.5.3 3.5.1.2]	COG0047	PurL2	Phosphoribosylformylglycinamidine (FGAM) synthase, glutamine amidotransferase domain	AG-426-P08_00378	5
CACHFM010000014.1	14608	15291	-	AG-430-A11_01144	AG-430-A11	227	OG0000684	K23265	phosphoribosylformylglycinamidine synthase subunit PurQ / glutaminase [EC:6.3.5.3 3.5.1.2]	COG0047	PurL2	Phosphoribosylformylglycinamidine (FGAM) synthase, glutamine amidotransferase domain	AG-430-A11_01149	-5
CACHFM010000014.1	15295	15537	-	AG-430-A11_01145	AG-430-A11	80	OG0000770	K23264	phosphoribosylformylglycinamidine synthase subunit PurS [EC:6.3.5.3]	COG1828	PurS	Phosphoribosylformylglycinamidine (FGAM) synthase, PurS subunit	AG-430-A11_01149	-4
CACHFM010000014.1	15534	16319	-	AG-430-A11_01146	AG-430-A11	261	OG0000769	K01923	phosphoribosylaminoimidazole-succinocarboxamide synthase [EC:6.3.2.6]	COG0152	PurC	Phosphoribosylaminoimidazole-succinocarboxamide synthase	AG-430-A11_01149	-3
CACHFM010000014.1	16319	17611	-	AG-430-A11_01147	AG-430-A11	430	OG0000779	K01756	adenylosuccinate lyase [EC:4.3.2.2]	COG0015	PurB	Adenylosuccinate lyase	AG-430-A11_01149	-2
CACHFM010000014.1	17615	18388	-	AG-430-A11_01148	AG-430-A11	257	OG0000721	K01265	methionyl aminopeptidase [EC:3.4.11.18]	COG0024	Map	Methionine aminopeptidase	AG-430-A11_01149	-1
CACHFM010000014.1	18381	19079	-	AG-430-A11_01149	AG-430-A11	232	OG0000819	K06206	sugar fermentation stimulation protein A	COG1489	SfsA	DNA-binding protein, stimulates sugar fermentation	AG-430-A11_01149	0
CACHIV010000002.1	92592	93113	-	AG-430-B09_00426	AG-430-B09	173	OG0000700	K00331	NADH-quinone oxidoreductase subunit B [EC:7.1.1.2]	COG0377	NuoB	NADH:ubiquinone oxidoreductase 20 kD subunit (chain B) or related Fe-S oxidoreductase	AG-430-B09_00433	-5
CACHIV010000002.1	93124	93534	-	AG-430-B09_00427	AG-430-B09	136	OG0000730	K00330	NADH-quinone oxidoreductase subunit A [EC:7.1.1.2]	COG0838	NuoA	NADH:ubiquinone oxidoreductase subunit 3 (chain A)	AG-430-B09_00433	-4
CACHIV010000002.1	93863	95209	-	AG-430-B09_00430	AG-430-B09	448	OG0001144	NA	NA	COG2133	YliI	Glucose/arabinose dehydrogenase, beta-propeller fold	AG-430-B09_00433	-3
CACHIV010000002.1	95233	95595	-	AG-430-B09_00431	AG-430-B09	120	OG0001035	NA	NA	COG2105	YtfP	Predicted gamma-glutamylamine cyclotransferase YtfP, GGCT/AIG2-like family	AG-430-B09_00433	-2
CACHIV010000002.1	95638	96387	-	AG-430-B09_00432	AG-430-B09	249	OG0000807	NA	NA	COG1058	CinA	ADP-ribose pyrophosphatase domain of DNA damage- and competence-inducible protein CinA	AG-430-B09_00433	-1
CACHIV010000002.1	96408	97106	+	AG-430-B09_00433	AG-430-B09	232	OG0000819	K06206	sugar fermentation stimulation protein A	COG1489	SfsA	DNA-binding protein, stimulates sugar fermentation	AG-430-B09_00433	0
CACHIV010000002.1	97099	97872	+	AG-430-B09_00434	AG-430-B09	257	OG0000721	K01265	methionyl aminopeptidase [EC:3.4.11.18]	COG0024	Map	Methionine aminopeptidase	AG-430-B09_00433	1
CACHIV010000002.1	97876	99168	+	AG-430-B09_00435	AG-430-B09	430	OG0000779	K01756	adenylosuccinate lyase [EC:4.3.2.2]	COG0015	PurB	Adenylosuccinate lyase	AG-430-B09_00433	2
CACHIV010000002.1	99168	99950	+	AG-430-B09_00436	AG-430-B09	260	OG0000769	K01923	phosphoribosylaminoimidazole-succinocarboxamide synthase [EC:6.3.2.6]	COG0152	PurC	Phosphoribosylaminoimidazole-succinocarboxamide synthase	AG-430-B09_00433	3
CACHIV010000002.1	99952	100194	+	AG-430-B09_00437	AG-430-B09	80	OG0000770	K23264	phosphoribosylformylglycinamidine synthase subunit PurS [EC:6.3.5.3]	COG1828	PurS	Phosphoribosylformylglycinamidine (FGAM) synthase, PurS subunit	AG-430-B09_00433	4
CACHIV010000002.1	100198	100881	+	AG-430-B09_00438	AG-430-B09	227	OG0000684	K23265	phosphoribosylformylglycinamidine synthase subunit PurQ / glutaminase [EC:6.3.5.3 3.5.1.2]	COG0047	PurL2	Phosphoribosylformylglycinamidine (FGAM) synthase, glutamine amidotransferase domain	AG-430-B09_00433	5
CACHIY010000002.1	61517	62779	+	AG-430-E20_00348	AG-430-E20	420	OG0001281	NA	NA	COG3408	GDB1	Glycogen debranching enzyme (alpha-1,6-glucosidase)	AG-430-E20_00353	-5
CACHIY010000002.1	62782	63351	-	AG-430-E20_00349	AG-430-E20	189	OG0001333	NA	NA	COG4091	NA	Predicted homoserine dehydrogenase, contains C-terminal SAF domain	AG-430-E20_00353	-4
CACHIY010000002.1	63335	64087	-	AG-430-E20_00350	AG-430-E20	250	OG0001333	NA	NA	COG4091	NA	Predicted homoserine dehydrogenase, contains C-terminal SAF domain	AG-430-E20_00353	-3
CACHIY010000002.1	64096	64497	-	AG-430-E20_00351	AG-430-E20	133	OG0001035	K00682	gamma-glutamylcyclotransferase [EC:4.3.2.9]	COG2105	YtfP	Predicted gamma-glutamylamine cyclotransferase YtfP, GGCT/AIG2-like family	AG-430-E20_00353	-2
CACHIY010000002.1	64497	65246	-	AG-430-E20_00352	AG-430-E20	249	OG0000807	NA	NA	COG1058	CinA	ADP-ribose pyrophosphatase domain of DNA damage- and competence-inducible protein CinA	AG-430-E20_00353	-1
CACHIY010000002.1	65267	65965	+	AG-430-E20_00353	AG-430-E20	232	OG0000819	K06206	sugar fermentation stimulation protein A	COG1489	SfsA	DNA-binding protein, stimulates sugar fermentation	AG-430-E20_00353	0
CACHIY010000002.1	65958	66740	+	AG-430-E20_00354	AG-430-E20	260	OG0000721	K01265	methionyl aminopeptidase [EC:3.4.11.18]	COG0024	Map	Methionine aminopeptidase	AG-430-E20_00353	1
CACHIY010000002.1	66733	68025	+	AG-430-E20_00355	AG-430-E20	430	OG0000779	K01756	adenylosuccinate lyase [EC:4.3.2.2]	COG0015	PurB	Adenylosuccinate lyase	AG-430-E20_00353	2
CACHIY010000002.1	68025	68810	+	AG-430-E20_00356	AG-430-E20	261	OG0000769	K01923	phosphoribosylaminoimidazole-succinocarboxamide synthase [EC:6.3.2.6]	COG0152	PurC	Phosphoribosylaminoimidazole-succinocarboxamide synthase	AG-430-E20_00353	3
CACHIY010000002.1	68807	69049	+	AG-430-E20_00357	AG-430-E20	80	OG0000770	K23264	phosphoribosylformylglycinamidine synthase subunit PurS [EC:6.3.5.3]	COG1828	PurS	Phosphoribosylformylglycinamidine (FGAM) synthase, PurS subunit	AG-430-E20_00353	4
CACHIY010000002.1	69053	69736	+	AG-430-E20_00358	AG-430-E20	227	OG0000684	K23265	phosphoribosylformylglycinamidine synthase subunit PurQ / glutaminase [EC:6.3.5.3 3.5.1.2]	COG0047	PurL2	Phosphoribosylformylglycinamidine (FGAM) synthase, glutamine amidotransferase domain	AG-430-E20_00353	5
CACHSC010000002.1	25923	26156	-	AG-430-G11_00197	AG-430-G11	77	OG0000770	K23264	phosphoribosylformylglycinamidine synthase subunit PurS [EC:6.3.5.3]	COG1828	PurS	Phosphoribosylformylglycinamidine (FGAM) synthase, PurS subunit	AG-430-G11_00202	-5
CACHSC010000002.1	26153	26932	-	AG-430-G11_00198	AG-430-G11	259	OG0000769	K01923	phosphoribosylaminoimidazole-succinocarboxamide synthase [EC:6.3.2.6]	COG0152	PurC	Phosphoribosylaminoimidazole-succinocarboxamide synthase	AG-430-G11_00202	-4
CACHSC010000002.1	26937	27713	-	AG-430-G11_00199	AG-430-G11	258	OG0001392	NA	NA	COG0463	WcaA	Glycosyltransferase involved in cell wall bisynthesis	AG-430-G11_00202	-3
CACHSC010000002.1	27713	29005	-	AG-430-G11_00200	AG-430-G11	430	OG0000779	K01756	adenylosuccinate lyase [EC:4.3.2.2]	COG0015	PurB	Adenylosuccinate lyase	AG-430-G11_00202	-2
CACHSC010000002.1	29006	29773	-	AG-430-G11_00201	AG-430-G11	255	OG0000721	K01265	methionyl aminopeptidase [EC:3.4.11.18]	COG0024	Map	Methionine aminopeptidase	AG-430-G11_00202	-1
CACHSC010000002.1	29766	30452	-	AG-430-G11_00202	AG-430-G11	228	OG0000819	K06206	sugar fermentation stimulation protein A	COG1489	SfsA	DNA-binding protein, stimulates sugar fermentation	AG-430-G11_00202	0
CACHSC010000002.1	30475	31227	+	AG-430-G11_00203	AG-430-G11	250	OG0000807	NA	NA	COG1058	CinA	ADP-ribose pyrophosphatase domain of DNA damage- and competence-inducible protein CinA	AG-430-G11_00202	1
CACHSC010000002.1	31227	31631	+	AG-430-G11_00204	AG-430-G11	134	OG0001035	K00682	gamma-glutamylcyclotransferase [EC:4.3.2.9]	COG2105	YtfP	Predicted gamma-glutamylamine cyclotransferase YtfP, GGCT/AIG2-like family	AG-430-G11_00202	2
CACHSC010000002.1	31640	32041	-	AG-430-G11_00205	AG-430-G11	133	OG0000638	K09823	Fur family transcriptional regulator, zinc uptake regulator	COG0735	Fur	Fe2+ or Zn2+ uptake regulation protein Fur/Zur	AG-430-G11_00202	3
CACHSC010000002.1	32064	32867	-	AG-430-G11_00206	AG-430-G11	267	OG0000964	K09816	zinc transport system permease protein	COG1108	ZnuB	ABC-type Mn2+/Zn2+ transport system, permease component	AG-430-G11_00202	4
CACHSC010000002.1	32868	33617	-	AG-430-G11_00207	AG-430-G11	249	OG0000970	K09817	zinc transport system ATP-binding protein [EC:7.2.2.20]	COG1121	ZnuC	ABC-type Mn2+/Zn2+ transport system, ATPase component	AG-430-G11_00202	5
CACHRP010000003.1	78236	79039	+	AG-430-I18_00512	AG-430-I18	267	OG0000964	K09816	zinc transport system permease protein	COG1108	ZnuB	ABC-type Mn2+/Zn2+ transport system, permease component	AG-430-I18_00517	-5
CACHRP010000003.1	79062	79460	+	AG-430-I18_00513	AG-430-I18	132	OG0000638	K09823	Fur family transcriptional regulator, zinc uptake regulator	COG0735	Fur	Fe2+ or Zn2+ uptake regulation protein Fur/Zur	AG-430-I18_00517	-4
CACHRP010000003.1	79464	79802	+	AG-430-I18_00514	AG-430-I18	112	OG0001370	NA	NA	NA	NA	NA	AG-430-I18_00517	-3
CACHRP010000003.1	79795	80202	-	AG-430-I18_00515	AG-430-I18	135	OG0001035	K00682	gamma-glutamylcyclotransferase [EC:4.3.2.9]	COG2105	YtfP	Predicted gamma-glutamylamine cyclotransferase YtfP, GGCT/AIG2-like family	AG-430-I18_00517	-2
CACHRP010000003.1	80202	80954	-	AG-430-I18_00516	AG-430-I18	250	OG0000807	NA	NA	COG1058	CinA	ADP-ribose pyrophosphatase domain of DNA damage- and competence-inducible protein CinA	AG-430-I18_00517	-1
CACHRP010000003.1	80977	81663	+	AG-430-I18_00517	AG-430-I18	228	OG0000819	K06206	sugar fermentation stimulation protein A	COG1489	SfsA	DNA-binding protein, stimulates sugar fermentation	AG-430-I18_00517	0
CACHRP010000003.1	81656	82423	+	AG-430-I18_00518	AG-430-I18	255	OG0000721	K01265	methionyl aminopeptidase [EC:3.4.11.18]	COG0024	Map	Methionine aminopeptidase	AG-430-I18_00517	1
CACHRP010000003.1	82423	83715	+	AG-430-I18_00519	AG-430-I18	430	OG0000779	K01756	adenylosuccinate lyase [EC:4.3.2.2]	COG0015	PurB	Adenylosuccinate lyase	AG-430-I18_00517	2
CACHRP010000003.1	83715	84491	+	AG-430-I18_00520	AG-430-I18	258	OG0001392	NA	NA	COG0463	WcaA	Glycosyltransferase involved in cell wall bisynthesis	AG-430-I18_00517	3
CACHRP010000003.1	84495	85280	+	AG-430-I18_00521	AG-430-I18	261	OG0000769	K01923	phosphoribosylaminoimidazole-succinocarboxamide synthase [EC:6.3.2.6]	COG0152	PurC	Phosphoribosylaminoimidazole-succinocarboxamide synthase	AG-430-I18_00517	4
CACHRP010000003.1	85277	85510	+	AG-430-I18_00522	AG-430-I18	77	OG0000770	K23264	phosphoribosylformylglycinamidine synthase subunit PurS [EC:6.3.5.3]	COG1828	PurS	Phosphoribosylformylglycinamidine (FGAM) synthase, PurS subunit	AG-430-I18_00517	5
CACHQX010000001.1	29	340	-	AG-430-J04_00001	AG-430-J04	103	OG0001043	NA	NA	COG4392	AzlD2	Branched-chain amino acid transport protein	AG-430-J04_00005	-4
CACHQX010000001.1	337	1023	-	AG-430-J04_00002	AG-430-J04	228	OG0001044	NA	NA	COG1296	AzlC	Predicted branched-chain amino acid permease (azaleucine resistance)	AG-430-J04_00005	-3
CACHQX010000001.1	1025	1426	-	AG-430-J04_00003	AG-430-J04	133	OG0001035	K00682	gamma-glutamylcyclotransferase [EC:4.3.2.9]	COG2105	YtfP	Predicted gamma-glutamylamine cyclotransferase YtfP, GGCT/AIG2-like family	AG-430-J04_00005	-2
CACHQX010000001.1	1426	2178	-	AG-430-J04_00004	AG-430-J04	250	OG0000807	NA	NA	COG1058	CinA	ADP-ribose pyrophosphatase domain of DNA damage- and competence-inducible protein CinA	AG-430-J04_00005	-1
CACHQX010000001.1	2201	2887	+	AG-430-J04_00005	AG-430-J04	228	OG0000819	K06206	sugar fermentation stimulation protein A	COG1489	SfsA	DNA-binding protein, stimulates sugar fermentation	AG-430-J04_00005	0
CACHQX010000001.1	2880	3650	+	AG-430-J04_00006	AG-430-J04	256	OG0000721	K01265	methionyl aminopeptidase [EC:3.4.11.18]	COG0024	Map	Methionine aminopeptidase	AG-430-J04_00005	1
CACHQX010000001.1	3650	4942	+	AG-430-J04_00007	AG-430-J04	430	OG0000779	K01756	adenylosuccinate lyase [EC:4.3.2.2]	COG0015	PurB	Adenylosuccinate lyase	AG-430-J04_00005	2
CACHQX010000001.1	4942	5724	+	AG-430-J04_00008	AG-430-J04	260	OG0000769	K01923	phosphoribosylaminoimidazole-succinocarboxamide synthase [EC:6.3.2.6]	COG0152	PurC	Phosphoribosylaminoimidazole-succinocarboxamide synthase	AG-430-J04_00005	3
CACHQX010000001.1	5725	5958	+	AG-430-J04_00009	AG-430-J04	77	OG0000770	K23264	phosphoribosylformylglycinamidine synthase subunit PurS [EC:6.3.5.3]	COG1828	PurS	Phosphoribosylformylglycinamidine (FGAM) synthase, PurS subunit	AG-430-J04_00005	4
CACHQX010000001.1	5958	6641	+	AG-430-J04_00010	AG-430-J04	227	OG0000684	K23265	phosphoribosylformylglycinamidine synthase subunit PurQ / glutaminase [EC:6.3.5.3 3.5.1.2]	COG0047	PurL2	Phosphoribosylformylglycinamidine (FGAM) synthase, glutamine amidotransferase domain	AG-430-J04_00005	5
CACHVT010000021.1	4197	4880	-	AG-430-K07_01053	AG-430-K07	227	OG0000684	K23265	phosphoribosylformylglycinamidine synthase subunit PurQ / glutaminase [EC:6.3.5.3 3.5.1.2]	COG0047	PurL2	Phosphoribosylformylglycinamidine (FGAM) synthase, glutamine amidotransferase domain	AG-430-K07_01058	-5
CACHVT010000021.1	4890	5129	-	AG-430-K07_01054	AG-430-K07	79	OG0000770	K23264	phosphoribosylformylglycinamidine synthase subunit PurS [EC:6.3.5.3]	COG1828	PurS	Phosphoribosylformylglycinamidine (FGAM) synthase, PurS subunit	AG-430-K07_01058	-4
CACHVT010000021.1	5126	5914	-	AG-430-K07_01055	AG-430-K07	262	OG0000769	K01923	phosphoribosylaminoimidazole-succinocarboxamide synthase [EC:6.3.2.6]	COG0152	PurC	Phosphoribosylaminoimidazole-succinocarboxamide synthase	AG-430-K07_01058	-3
CACHVT010000021.1	5914	7206	-	AG-430-K07_01056	AG-430-K07	430	OG0000779	K01756	adenylosuccinate lyase [EC:4.3.2.2]	COG0015	PurB	Adenylosuccinate lyase	AG-430-K07_01058	-2
CACHVT010000021.1	7210	7980	-	AG-430-K07_01057	AG-430-K07	256	OG0000721	K01265	methionyl aminopeptidase [EC:3.4.11.18]	COG0024	Map	Methionine aminopeptidase	AG-430-K07_01058	-1
CACHVT010000021.1	7973	8659	-	AG-430-K07_01058	AG-430-K07	228	OG0000819	K06206	sugar fermentation stimulation protein A	COG1489	SfsA	DNA-binding protein, stimulates sugar fermentation	AG-430-K07_01058	0
CACHVT010000021.1	8682	9434	+	AG-430-K07_01059	AG-430-K07	250	OG0000807	NA	NA	COG1058	CinA	ADP-ribose pyrophosphatase domain of DNA damage- and competence-inducible protein CinA	AG-430-K07_01058	1
CACHVT010000021.1	9434	9877	+	AG-430-K07_01060	AG-430-K07	147	OG0001035	K00682	gamma-glutamylcyclotransferase [EC:4.3.2.9]	COG2105	YtfP	Predicted gamma-glutamylamine cyclotransferase YtfP, GGCT/AIG2-like family	AG-430-K07_01058	2
CACHVT010000021.1	9891	10775	-	AG-430-K07_01061	AG-430-K07	294	OG0000816	NA	NA	COG1216	WcaE	Glycosyltransferase, GT2 family	AG-430-K07_01058	3
CACHVT010000021.1	10812	11255	+	AG-430-K07_01062	AG-430-K07	147	OG0001803	K09705	uncharacterized protein	COG3542	CFF1	Predicted sugar epimerase, cupin superfamily	AG-430-K07_01058	4
CACHVT010000021.1	11264	12430	+	AG-430-K07_01063	AG-430-K07	388	OG0002398	NA	NA	NA	NA	NA	AG-430-K07_01058	5
CACPJJ010000015.1	7068	8510	-	AG-439-B12_00995	AG-439-B12	480	OG0001478	NA	NA	COG2303	BetA	Choline dehydrogenase or related flavoprotein	AG-439-B12_01000	-5
CACPJJ010000015.1	8497	8676	-	AG-439-B12_00996	AG-439-B12	59	NA	NA	NA	NA	NA	NA	AG-439-B12_01000	-4
CACPJJ010000015.1	8793	10064	+	AG-439-B12_00997	AG-439-B12	423	OG0001685	NA	NA	NA	NA	NA	AG-439-B12_01000	-3
CACPJJ010000015.1	10075	10518	-	AG-439-B12_00998	AG-439-B12	147	OG0001035	K00682	gamma-glutamylcyclotransferase [EC:4.3.2.9]	COG2105	YtfP	Predicted gamma-glutamylamine cyclotransferase YtfP, GGCT/AIG2-like family	AG-439-B12_01000	-2
CACPJJ010000015.1	10520	11272	-	AG-439-B12_00999	AG-439-B12	250	OG0000807	NA	NA	COG1058	CinA	ADP-ribose pyrophosphatase domain of DNA damage- and competence-inducible protein CinA	AG-439-B12_01000	-1
CACPJJ010000015.1	11293	11991	+	AG-439-B12_01000	AG-439-B12	232	OG0000819	K06206	sugar fermentation stimulation protein A	COG1489	SfsA	DNA-binding protein, stimulates sugar fermentation	AG-439-B12_01000	0
CACPJJ010000015.1	11984	12754	+	AG-439-B12_01001	AG-439-B12	256	OG0000721	K01265	methionyl aminopeptidase [EC:3.4.11.18]	COG0024	Map	Methionine aminopeptidase	AG-439-B12_01000	1
CACPJJ010000015.1	12758	14050	+	AG-439-B12_01002	AG-439-B12	430	OG0000779	K01756	adenylosuccinate lyase [EC:4.3.2.2]	COG0015	PurB	Adenylosuccinate lyase	AG-439-B12_01000	2
CACPJJ010000015.1	14050	14832	+	AG-439-B12_01003	AG-439-B12	260	OG0000769	K01923	phosphoribosylaminoimidazole-succinocarboxamide synthase [EC:6.3.2.6]	COG0152	PurC	Phosphoribosylaminoimidazole-succinocarboxamide synthase	AG-439-B12_01000	3
CACPJJ010000015.1	14829	15062	+	AG-439-B12_01004	AG-439-B12	77	OG0000770	K23264	phosphoribosylformylglycinamidine synthase subunit PurS [EC:6.3.5.3]	COG1828	PurS	Phosphoribosylformylglycinamidine (FGAM) synthase, PurS subunit	AG-439-B12_01000	4
CACPJJ010000015.1	15068	15751	+	AG-439-B12_01005	AG-439-B12	227	OG0000684	K23265	phosphoribosylformylglycinamidine synthase subunit PurQ / glutaminase [EC:6.3.5.3 3.5.1.2]	COG0047	PurL2	Phosphoribosylformylglycinamidine (FGAM) synthase, glutamine amidotransferase domain	AG-439-B12_01000	5
CACIRD010000001.1	171494	172180	-	AG-439-C18_00191	AG-439-C18	228	OG0000684	K23265	phosphoribosylformylglycinamidine synthase subunit PurQ / glutaminase [EC:6.3.5.3 3.5.1.2]	COG0047	PurL2	Phosphoribosylformylglycinamidine (FGAM) synthase, glutamine amidotransferase domain	AG-439-C18_00196	-5
CACIRD010000001.1	172187	172420	-	AG-439-C18_00192	AG-439-C18	77	OG0000770	K23264	phosphoribosylformylglycinamidine synthase subunit PurS [EC:6.3.5.3]	COG1828	PurS	Phosphoribosylformylglycinamidine (FGAM) synthase, PurS subunit	AG-439-C18_00196	-4
CACIRD010000001.1	172417	173205	-	AG-439-C18_00193	AG-439-C18	262	OG0000769	K01923	phosphoribosylaminoimidazole-succinocarboxamide synthase [EC:6.3.2.6]	COG0152	PurC	Phosphoribosylaminoimidazole-succinocarboxamide synthase	AG-439-C18_00196	-3
CACIRD010000001.1	173202	174497	-	AG-439-C18_00194	AG-439-C18	431	OG0000779	K01756	adenylosuccinate lyase [EC:4.3.2.2]	COG0015	PurB	Adenylosuccinate lyase	AG-439-C18_00196	-2
CACIRD010000001.1	174494	175267	-	AG-439-C18_00195	AG-439-C18	257	OG0000721	K01265	methionyl aminopeptidase [EC:3.4.11.18]	COG0024	Map	Methionine aminopeptidase	AG-439-C18_00196	-1
CACIRD010000001.1	175260	175946	-	AG-439-C18_00196	AG-439-C18	228	OG0000819	K06206	sugar fermentation stimulation protein A	COG1489	SfsA	DNA-binding protein, stimulates sugar fermentation	AG-439-C18_00196	0
CACIRD010000001.1	175969	176721	+	AG-439-C18_00197	AG-439-C18	250	OG0000807	NA	NA	COG1058	CinA	ADP-ribose pyrophosphatase domain of DNA damage- and competence-inducible protein CinA	AG-439-C18_00196	1
CACIRD010000001.1	176742	179081	+	AG-439-C18_00198	AG-439-C18	779	OG0001664	NA	NA	COG4993	Gcd	Glucose dehydrogenase, PQQ-dependent	AG-439-C18_00196	2
CACIRD010000001.1	179088	179531	+	AG-439-C18_00199	AG-439-C18	147	OG0001035	K00682	gamma-glutamylcyclotransferase [EC:4.3.2.9]	COG2105	YtfP	Predicted gamma-glutamylamine cyclotransferase YtfP, GGCT/AIG2-like family	AG-439-C18_00196	3
CACIRD010000001.1	180618	181832	+	AG-439-C18_00202	AG-439-C18	404	OG0001137	NA	NA	COG2227	UbiG	2-polyprenyl-3-methyl-5-hydroxy-6-metoxy-1,4-benzoquinol methylase	AG-439-C18_00196	4
CACIRD010000001.1	181829	182704	+	AG-439-C18_00203	AG-439-C18	291	OG0002310	NA	NA	COG0673	MviM	Predicted dehydrogenase	AG-439-C18_00196	5
CACIQL010000002.1	11611	12330	-	AG-439-D15_00179	AG-439-D15	239	OG0000769	K01923	phosphoribosylaminoimidazole-succinocarboxamide synthase [EC:6.3.2.6]	COG0152	PurC	Phosphoribosylaminoimidazole-succinocarboxamide synthase	AG-439-D15_00184	-5
CACIQL010000002.1	12403	12732	+	AG-439-D15_00180	AG-439-D15	109	OG0001313	NA	NA	COG5467	NA	Uncharacterized conserved protein, DUF1476 domain	AG-439-D15_00184	-4
CACIQL010000002.1	12742	12981	+	AG-439-D15_00181	AG-439-D15	79	OG0002263	NA	NA	NA	NA	NA	AG-439-D15_00184	-3
CACIQL010000002.1	12983	14275	-	AG-439-D15_00182	AG-439-D15	430	OG0000779	K01756	adenylosuccinate lyase [EC:4.3.2.2]	COG0015	PurB	Adenylosuccinate lyase	AG-439-D15_00184	-2
CACIQL010000002.1	14300	15070	-	AG-439-D15_00183	AG-439-D15	256	OG0000721	K01265	methionyl aminopeptidase [EC:3.4.11.18]	COG0024	Map	Methionine aminopeptidase	AG-439-D15_00184	-1
CACIQL010000002.1	15067	15768	-	AG-439-D15_00184	AG-439-D15	233	OG0000819	K06206	sugar fermentation stimulation protein A	COG1489	SfsA	DNA-binding protein, stimulates sugar fermentation	AG-439-D15_00184	0
CACIQL010000002.1	15775	16497	+	AG-439-D15_00185	AG-439-D15	240	OG0000807	NA	NA	COG1058	CinA	ADP-ribose pyrophosphatase domain of DNA damage- and competence-inducible protein CinA	AG-439-D15_00184	1
CACIQL010000002.1	16622	17314	+	AG-439-D15_00186	AG-439-D15	230	OG0000236	K04643	sensory rhodopsin	COG5524	NA	Bacteriorhodopsin	AG-439-D15_00184	2
CACIQL010000002.1	17567	18454	+	AG-439-D15_00188	AG-439-D15	295	OG0001274	NA	NA	NA	NA	NA	AG-439-D15_00184	3
CACIQL010000002.1	18458	19330	+	AG-439-D15_00189	AG-439-D15	290	OG0001551	NA	NA	NA	NA	NA	AG-439-D15_00184	4
CACIQL010000002.1	19333	20100	-	AG-439-D15_00190	AG-439-D15	255	OG0000972	K00858	NAD+ kinase [EC:2.7.1.23]	COG0061	NadK	NAD kinase	AG-439-D15_00184	5
CACIUK010000010.1	28883	29566	-	AG-439-E23_00845	AG-439-E23	227	OG0000684	K23265	phosphoribosylformylglycinamidine synthase subunit PurQ / glutaminase [EC:6.3.5.3 3.5.1.2]	COG0047	PurL2	Phosphoribosylformylglycinamidine (FGAM) synthase, glutamine amidotransferase domain	AG-439-E23_00850	-5
CACIUK010000010.1	29572	29805	-	AG-439-E23_00846	AG-439-E23	77	OG0000770	K23264	phosphoribosylformylglycinamidine synthase subunit PurS [EC:6.3.5.3]	COG1828	PurS	Phosphoribosylformylglycinamidine (FGAM) synthase, PurS subunit	AG-439-E23_00850	-4
CACIUK010000010.1	29805	30587	-	AG-439-E23_00847	AG-439-E23	260	OG0000769	K01923	phosphoribosylaminoimidazole-succinocarboxamide synthase [EC:6.3.2.6]	COG0152	PurC	Phosphoribosylaminoimidazole-succinocarboxamide synthase	AG-439-E23_00850	-3
CACIUK010000010.1	30587	31879	-	AG-439-E23_00848	AG-439-E23	430	OG0000779	K01756	adenylosuccinate lyase [EC:4.3.2.2]	COG0015	PurB	Adenylosuccinate lyase	AG-439-E23_00850	-2
CACIUK010000010.1	31883	32653	-	AG-439-E23_00849	AG-439-E23	256	OG0000721	K01265	methionyl aminopeptidase [EC:3.4.11.18]	COG0024	Map	Methionine aminopeptidase	AG-439-E23_00850	-1
CACIUK010000010.1	32646	33344	-	AG-439-E23_00850	AG-439-E23	232	OG0000819	K06206	sugar fermentation stimulation protein A	COG1489	SfsA	DNA-binding protein, stimulates sugar fermentation	AG-439-E23_00850	0
CACIUK010000010.1	33365	34117	+	AG-439-E23_00851	AG-439-E23	250	OG0000807	NA	NA	COG1058	CinA	ADP-ribose pyrophosphatase domain of DNA damage- and competence-inducible protein CinA	AG-439-E23_00850	1
CACIUK010000010.1	34119	34523	+	AG-439-E23_00852	AG-439-E23	134	OG0001035	K00682	gamma-glutamylcyclotransferase [EC:4.3.2.9]	COG2105	YtfP	Predicted gamma-glutamylamine cyclotransferase YtfP, GGCT/AIG2-like family	AG-439-E23_00850	2
CACIUK010000010.1	34529	35500	+	AG-439-E23_00853	AG-439-E23	323	OG0001364	NA	NA	COG5285	PhyH	Ectoine hydroxylase-related dioxygenase, phytanoyl-CoA dioxygenase (PhyH) family	AG-439-E23_00850	3
CACIUK010000010.1	35573	36346	+	AG-439-E23_00854	AG-439-E23	257	NA	NA	NA	COG2226	UbiE	Ubiquinone/menaquinone biosynthesis C-methylase UbiE/MenG or 23S rRNA G745 methylase RmlAII or tRNA-U5 methylase TRM9	AG-439-E23_00850	4
CACIUK010000010.1	36374	37261	+	AG-439-E23_00855	AG-439-E23	295	OG0001364	NA	NA	COG5285	PhyH	Ectoine hydroxylase-related dioxygenase, phytanoyl-CoA dioxygenase (PhyH) family	AG-439-E23_00850	5
CACISU010000001.1	177794	178477	-	AG-439-G19_00199	AG-439-G19	227	OG0000684	K23265	phosphoribosylformylglycinamidine synthase subunit PurQ / glutaminase [EC:6.3.5.3 3.5.1.2]	COG0047	PurL2	Phosphoribosylformylglycinamidine (FGAM) synthase, glutamine amidotransferase domain	AG-439-G19_00204	-5
CACISU010000001.1	178484	178717	-	AG-439-G19_00200	AG-439-G19	77	OG0000770	K23264	phosphoribosylformylglycinamidine synthase subunit PurS [EC:6.3.5.3]	COG1828	PurS	Phosphoribosylformylglycinamidine (FGAM) synthase, PurS subunit	AG-439-G19_00204	-4
CACISU010000001.1	178717	179493	-	AG-439-G19_00201	AG-439-G19	258	OG0000769	K01923	phosphoribosylaminoimidazole-succinocarboxamide synthase [EC:6.3.2.6]	COG0152	PurC	Phosphoribosylaminoimidazole-succinocarboxamide synthase	AG-439-G19_00204	-3
CACISU010000001.1	179493	180785	-	AG-439-G19_00202	AG-439-G19	430	OG0000779	K01756	adenylosuccinate lyase [EC:4.3.2.2]	COG0015	PurB	Adenylosuccinate lyase	AG-439-G19_00204	-2
CACISU010000001.1	180785	181558	-	AG-439-G19_00203	AG-439-G19	257	OG0000721	K01265	methionyl aminopeptidase [EC:3.4.11.18]	COG0024	Map	Methionine aminopeptidase	AG-439-G19_00204	-1
CACISU010000001.1	181551	182237	-	AG-439-G19_00204	AG-439-G19	228	OG0000819	K06206	sugar fermentation stimulation protein A	COG1489	SfsA	DNA-binding protein, stimulates sugar fermentation	AG-439-G19_00204	0
CACISU010000001.1	182260	183012	+	AG-439-G19_00205	AG-439-G19	250	OG0000807	NA	NA	COG1058	CinA	ADP-ribose pyrophosphatase domain of DNA damage- and competence-inducible protein CinA	AG-439-G19_00204	1
CACISU010000001.1	183012	183455	+	AG-439-G19_00206	AG-439-G19	147	OG0001035	K00682	gamma-glutamylcyclotransferase [EC:4.3.2.9]	COG2105	YtfP	Predicted gamma-glutamylamine cyclotransferase YtfP, GGCT/AIG2-like family	AG-439-G19_00204	2
CACISU010000001.1	183456	184400	+	AG-439-G19_00207	AG-439-G19	314	OG0001078	NA	NA	NA	NA	NA	AG-439-G19_00204	3
CACISU010000001.1	184416	185333	+	AG-439-G19_00208	AG-439-G19	305	OG0000777	NA	NA	COG0438	RfaB	Lipopolysaccharide 1,6-galactosyltransferase, GT1 family	AG-439-G19_00204	4
CACISU010000001.1	185345	185938	+	AG-439-G19_00209	AG-439-G19	197	OG0001741	NA	NA	NA	NA	NA	AG-439-G19_00204	5
CACPLW010000008.1	40146	40457	-	AG-439-O15_00783	AG-439-O15	103	OG0001043	NA	NA	COG4392	AzlD2	Branched-chain amino acid transport protein	AG-439-O15_00788	-5
CACPLW010000008.1	40454	41146	-	AG-439-O15_00784	AG-439-O15	230	OG0001044	NA	NA	COG1296	AzlC	Predicted branched-chain amino acid permease (azaleucine resistance)	AG-439-O15_00788	-4
CACPLW010000008.1	41146	43119	-	AG-439-O15_00785	AG-439-O15	657	OG0001664	NA	NA	COG4993	Gcd	Glucose dehydrogenase, PQQ-dependent	AG-439-O15_00788	-3
CACPLW010000008.1	43122	43529	-	AG-439-O15_00786	AG-439-O15	135	OG0001035	K00682	gamma-glutamylcyclotransferase [EC:4.3.2.9]	COG2105	YtfP	Predicted gamma-glutamylamine cyclotransferase YtfP, GGCT/AIG2-like family	AG-439-O15_00788	-2
CACPLW010000008.1	43529	44281	-	AG-439-O15_00787	AG-439-O15	250	OG0000807	NA	NA	COG1058	CinA	ADP-ribose pyrophosphatase domain of DNA damage- and competence-inducible protein CinA	AG-439-O15_00788	-1
CACPLW010000008.1	44304	44990	+	AG-439-O15_00788	AG-439-O15	228	OG0000819	K06206	sugar fermentation stimulation protein A	COG1489	SfsA	DNA-binding protein, stimulates sugar fermentation	AG-439-O15_00788	0
CACPLW010000008.1	44983	45750	+	AG-439-O15_00789	AG-439-O15	255	OG0000721	K01265	methionyl aminopeptidase [EC:3.4.11.18]	COG0024	Map	Methionine aminopeptidase	AG-439-O15_00788	1
CACPLW010000008.1	45753	47045	+	AG-439-O15_00790	AG-439-O15	430	OG0000779	K01756	adenylosuccinate lyase [EC:4.3.2.2]	COG0015	PurB	Adenylosuccinate lyase	AG-439-O15_00788	2
CACPLW010000008.1	47045	47824	+	AG-439-O15_00791	AG-439-O15	259	OG0000769	K01923	phosphoribosylaminoimidazole-succinocarboxamide synthase [EC:6.3.2.6]	COG0152	PurC	Phosphoribosylaminoimidazole-succinocarboxamide synthase	AG-439-O15_00788	3
CACPLW010000008.1	47825	48058	+	AG-439-O15_00792	AG-439-O15	77	OG0000770	K23264	phosphoribosylformylglycinamidine synthase subunit PurS [EC:6.3.5.3]	COG1828	PurS	Phosphoribosylformylglycinamidine (FGAM) synthase, PurS subunit	AG-439-O15_00788	4
CACPLW010000008.1	48065	48748	+	AG-439-O15_00793	AG-439-O15	227	OG0000684	K23265	phosphoribosylformylglycinamidine synthase subunit PurQ / glutaminase [EC:6.3.5.3 3.5.1.2]	COG0047	PurL2	Phosphoribosylformylglycinamidine (FGAM) synthase, glutamine amidotransferase domain	AG-439-O15_00788	5
CACJEG010000001.1	68417	69187	-	AG-447-C08_00086	AG-447-C08	256	OG0000972	K00858	NAD+ kinase [EC:2.7.1.23]	COG0061	NadK	NAD kinase	AG-447-C08_00092	-5
CACJEG010000001.1	69354	70370	-	AG-447-C08_00088	AG-447-C08	338	OG0000037	NA	NA	COG0451	WcaG	Nucleoside-diphosphate-sugar epimerase	AG-447-C08_00092	-4
CACJEG010000001.1	70367	71500	-	AG-447-C08_00089	AG-447-C08	377	OG0002230	NA	NA	NA	NA	NA	AG-447-C08_00092	-3
CACJEG010000001.1	71517	71918	-	AG-447-C08_00090	AG-447-C08	133	OG0001035	K00682	gamma-glutamylcyclotransferase [EC:4.3.2.9]	COG2105	YtfP	Predicted gamma-glutamylamine cyclotransferase YtfP, GGCT/AIG2-like family	AG-447-C08_00092	-2
CACJEG010000001.1	71918	72667	-	AG-447-C08_00091	AG-447-C08	249	OG0000807	NA	NA	COG1058	CinA	ADP-ribose pyrophosphatase domain of DNA damage- and competence-inducible protein CinA	AG-447-C08_00092	-1
CACJEG010000001.1	72688	73386	+	AG-447-C08_00092	AG-447-C08	232	OG0000819	K06206	sugar fermentation stimulation protein A	COG1489	SfsA	DNA-binding protein, stimulates sugar fermentation	AG-447-C08_00092	0
CACJEG010000001.1	73379	74149	+	AG-447-C08_00093	AG-447-C08	256	OG0000721	K01265	methionyl aminopeptidase [EC:3.4.11.18]	COG0024	Map	Methionine aminopeptidase	AG-447-C08_00092	1
CACJEG010000001.1	74153	75445	+	AG-447-C08_00094	AG-447-C08	430	OG0000779	K01756	adenylosuccinate lyase [EC:4.3.2.2]	COG0015	PurB	Adenylosuccinate lyase	AG-447-C08_00092	2
CACJEG010000001.1	75445	76230	+	AG-447-C08_00095	AG-447-C08	261	OG0000769	K01923	phosphoribosylaminoimidazole-succinocarboxamide synthase [EC:6.3.2.6]	COG0152	PurC	Phosphoribosylaminoimidazole-succinocarboxamide synthase	AG-447-C08_00092	3
CACJEG010000001.1	76227	76469	+	AG-447-C08_00096	AG-447-C08	80	OG0000770	K23264	phosphoribosylformylglycinamidine synthase subunit PurS [EC:6.3.5.3]	COG1828	PurS	Phosphoribosylformylglycinamidine (FGAM) synthase, PurS subunit	AG-447-C08_00092	4
CACJEG010000001.1	76473	77156	+	AG-447-C08_00097	AG-447-C08	227	OG0000684	K23265	phosphoribosylformylglycinamidine synthase subunit PurQ / glutaminase [EC:6.3.5.3 3.5.1.2]	COG0047	PurL2	Phosphoribosylformylglycinamidine (FGAM) synthase, glutamine amidotransferase domain	AG-447-C08_00092	5
CACJIJ010000027.1	7778	8446	+	AG-447-E19_01154	AG-447-E19	222	OG0001411	NA	NA	COG0110	WbbJ	O-acetyltransferase, isoleucine patch superfamily, LacA/YvoF/WbbJ family	AG-447-E19_01159	-5
CACJIJ010000027.1	8455	9447	-	AG-447-E19_01155	AG-447-E19	330	OG0002927	NA	NA	COG0859	RfaF	ADP-heptose:LPS heptosyltransferase	AG-447-E19_01159	-4
CACJIJ010000027.1	9466	10236	-	AG-447-E19_01156	AG-447-E19	256	OG0000561	NA	NA	COG4122	TrmR	tRNA 5-hydroxyU34 O-methylase TrmR/YrrM	AG-447-E19_01159	-3
CACJIJ010000027.1	10280	10681	-	AG-447-E19_01157	AG-447-E19	133	OG0001035	K00682	gamma-glutamylcyclotransferase [EC:4.3.2.9]	COG2105	YtfP	Predicted gamma-glutamylamine cyclotransferase YtfP, GGCT/AIG2-like family	AG-447-E19_01159	-2
CACJIJ010000027.1	10681	11430	-	AG-447-E19_01158	AG-447-E19	249	OG0000807	NA	NA	COG1058	CinA	ADP-ribose pyrophosphatase domain of DNA damage- and competence-inducible protein CinA	AG-447-E19_01159	-1
CACJIJ010000027.1	11451	12149	+	AG-447-E19_01159	AG-447-E19	232	OG0000819	K06206	sugar fermentation stimulation protein A	COG1489	SfsA	DNA-binding protein, stimulates sugar fermentation	AG-447-E19_01159	0
CACJIJ010000027.1	12142	12912	+	AG-447-E19_01160	AG-447-E19	256	OG0000721	K01265	methionyl aminopeptidase [EC:3.4.11.18]	COG0024	Map	Methionine aminopeptidase	AG-447-E19_01159	1
CACJJV010000012.1	9665	10348	-	AG-447-F10_00983	AG-447-F10	227	OG0000684	K23265	phosphoribosylformylglycinamidine synthase subunit PurQ / glutaminase [EC:6.3.5.3 3.5.1.2]	COG0047	PurL2	Phosphoribosylformylglycinamidine (FGAM) synthase, glutamine amidotransferase domain	AG-447-F10_00988	-5
CACJJV010000012.1	10352	10594	-	AG-447-F10_00984	AG-447-F10	80	OG0000770	K23264	phosphoribosylformylglycinamidine synthase subunit PurS [EC:6.3.5.3]	COG1828	PurS	Phosphoribosylformylglycinamidine (FGAM) synthase, PurS subunit	AG-447-F10_00988	-4
CACJJV010000012.1	10591	11376	-	AG-447-F10_00985	AG-447-F10	261	OG0000769	K01923	phosphoribosylaminoimidazole-succinocarboxamide synthase [EC:6.3.2.6]	COG0152	PurC	Phosphoribosylaminoimidazole-succinocarboxamide synthase	AG-447-F10_00988	-3
CACJJV010000012.1	11376	12668	-	AG-447-F10_00986	AG-447-F10	430	OG0000779	K01756	adenylosuccinate lyase [EC:4.3.2.2]	COG0015	PurB	Adenylosuccinate lyase	AG-447-F10_00988	-2
CACJJV010000012.1	12672	13445	-	AG-447-F10_00987	AG-447-F10	257	OG0000721	K01265	methionyl aminopeptidase [EC:3.4.11.18]	COG0024	Map	Methionine aminopeptidase	AG-447-F10_00988	-1
CACJJV010000012.1	13438	14136	-	AG-447-F10_00988	AG-447-F10	232	OG0000819	K06206	sugar fermentation stimulation protein A	COG1489	SfsA	DNA-binding protein, stimulates sugar fermentation	AG-447-F10_00988	0
CACJJV010000012.1	14157	14906	+	AG-447-F10_00989	AG-447-F10	249	OG0000807	NA	NA	COG1058	CinA	ADP-ribose pyrophosphatase domain of DNA damage- and competence-inducible protein CinA	AG-447-F10_00988	1
CACJJV010000012.1	14907	15308	+	AG-447-F10_00990	AG-447-F10	133	OG0001035	K00682	gamma-glutamylcyclotransferase [EC:4.3.2.9]	COG2105	YtfP	Predicted gamma-glutamylamine cyclotransferase YtfP, GGCT/AIG2-like family	AG-447-F10_00988	2
CACJJV010000012.1	15314	16756	-	AG-447-F10_00991	AG-447-F10	480	OG0001158	NA	NA	COG2308	NA	Circularly permuted ATP-grasp protein	AG-447-F10_00988	3
CACJJV010000012.1	16866	17591	+	AG-447-F10_00992	AG-447-F10	241	OG0001204	K07395	putative proteasome-type protease	COG3484	NA	Predicted proteasome-type protease	AG-447-F10_00988	4
CACJJV010000012.1	17593	19317	-	AG-447-F10_00993	AG-447-F10	574	OG0001383	NA	NA	COG0366	AmyA	Glycosidase/amylase (phosphorylase)	AG-447-F10_00988	5
CACJLJ010000002.1	178834	179613	-	AG-447-K09_00749	AG-447-K09	259	OG0002006	NA	NA	COG2227	UbiG	2-polyprenyl-3-methyl-5-hydroxy-6-metoxy-1,4-benzoquinol methylase	AG-447-K09_00754	-5
CACJLJ010000002.1	179620	181002	-	AG-447-K09_00750	AG-447-K09	460	OG0001533	NA	NA	COG1035	FrhB	Coenzyme F420-reducing hydrogenase, beta subunit	AG-447-K09_00754	-4
CACJLJ010000002.1	181067	181930	-	AG-447-K09_00751	AG-447-K09	287	OG0003441	NA	NA	COG0392	AglD2	Predicted membrane flippase AglD2/YbhN, UPF0104 family	AG-447-K09_00754	-3
CACJLJ010000002.1	181968	182372	-	AG-447-K09_00752	AG-447-K09	134	OG0001035	K00682	gamma-glutamylcyclotransferase [EC:4.3.2.9]	COG2105	YtfP	Predicted gamma-glutamylamine cyclotransferase YtfP, GGCT/AIG2-like family	AG-447-K09_00754	-2
CACJLJ010000002.1	182372	183121	-	AG-447-K09_00753	AG-447-K09	249	OG0000807	NA	NA	COG1058	CinA	ADP-ribose pyrophosphatase domain of DNA damage- and competence-inducible protein CinA	AG-447-K09_00754	-1
CACJLJ010000002.1	183142	183840	+	AG-447-K09_00754	AG-447-K09	232	OG0000819	K06206	sugar fermentation stimulation protein A	COG1489	SfsA	DNA-binding protein, stimulates sugar fermentation	AG-447-K09_00754	0
CACJLJ010000002.1	183833	184606	+	AG-447-K09_00755	AG-447-K09	257	OG0000721	K01265	methionyl aminopeptidase [EC:3.4.11.18]	COG0024	Map	Methionine aminopeptidase	AG-447-K09_00754	1
CACJLJ010000002.1	184606	185898	+	AG-447-K09_00756	AG-447-K09	430	OG0000779	K01756	adenylosuccinate lyase [EC:4.3.2.2]	COG0015	PurB	Adenylosuccinate lyase	AG-447-K09_00754	2
CACJLJ010000002.1	185898	186683	+	AG-447-K09_00757	AG-447-K09	261	OG0000769	K01923	phosphoribosylaminoimidazole-succinocarboxamide synthase [EC:6.3.2.6]	COG0152	PurC	Phosphoribosylaminoimidazole-succinocarboxamide synthase	AG-447-K09_00754	3
CACJLJ010000002.1	186680	186922	+	AG-447-K09_00758	AG-447-K09	80	OG0000770	K23264	phosphoribosylformylglycinamidine synthase subunit PurS [EC:6.3.5.3]	COG1828	PurS	Phosphoribosylformylglycinamidine (FGAM) synthase, PurS subunit	AG-447-K09_00754	4
CACJLJ010000002.1	186926	187609	+	AG-447-K09_00759	AG-447-K09	227	OG0000684	K23265	phosphoribosylformylglycinamidine synthase subunit PurQ / glutaminase [EC:6.3.5.3 3.5.1.2]	COG0047	PurL2	Phosphoribosylformylglycinamidine (FGAM) synthase, glutamine amidotransferase domain	AG-447-K09_00754	5
CACJNJ010000001.1	41785	42468	-	AG-447-K11_00046	AG-447-K11	227	OG0000684	K23265	phosphoribosylformylglycinamidine synthase subunit PurQ / glutaminase [EC:6.3.5.3 3.5.1.2]	COG0047	PurL2	Phosphoribosylformylglycinamidine (FGAM) synthase, glutamine amidotransferase domain	AG-447-K11_00051	-5
CACJNJ010000001.1	42472	42714	-	AG-447-K11_00047	AG-447-K11	80	OG0000770	K23264	phosphoribosylformylglycinamidine synthase subunit PurS [EC:6.3.5.3]	COG1828	PurS	Phosphoribosylformylglycinamidine (FGAM) synthase, PurS subunit	AG-447-K11_00051	-4
CACJNJ010000001.1	42711	43496	-	AG-447-K11_00048	AG-447-K11	261	OG0000769	K01923	phosphoribosylaminoimidazole-succinocarboxamide synthase [EC:6.3.2.6]	COG0152	PurC	Phosphoribosylaminoimidazole-succinocarboxamide synthase	AG-447-K11_00051	-3
CACJNJ010000001.1	43496	44788	-	AG-447-K11_00049	AG-447-K11	430	OG0000779	K01756	adenylosuccinate lyase [EC:4.3.2.2]	COG0015	PurB	Adenylosuccinate lyase	AG-447-K11_00051	-2
CACJNJ010000001.1	44792	45562	-	AG-447-K11_00050	AG-447-K11	256	OG0000721	K01265	methionyl aminopeptidase [EC:3.4.11.18]	COG0024	Map	Methionine aminopeptidase	AG-447-K11_00051	-1
CACJNJ010000001.1	45555	46253	-	AG-447-K11_00051	AG-447-K11	232	OG0000819	K06206	sugar fermentation stimulation protein A	COG1489	SfsA	DNA-binding protein, stimulates sugar fermentation	AG-447-K11_00051	0
CACJNJ010000001.1	46274	47023	+	AG-447-K11_00052	AG-447-K11	249	OG0000807	NA	NA	COG1058	CinA	ADP-ribose pyrophosphatase domain of DNA damage- and competence-inducible protein CinA	AG-447-K11_00051	1
CACJNJ010000001.1	47023	47427	+	AG-447-K11_00053	AG-447-K11	134	OG0001035	K00682	gamma-glutamylcyclotransferase [EC:4.3.2.9]	COG2105	YtfP	Predicted gamma-glutamylamine cyclotransferase YtfP, GGCT/AIG2-like family	AG-447-K11_00051	2
CACJNJ010000001.1	47589	48359	+	AG-447-K11_00055	AG-447-K11	256	OG0000972	K00858	NAD+ kinase [EC:2.7.1.23]	COG0061	NadK	NAD kinase	AG-447-K11_00051	3
CACJNJ010000001.1	48364	48501	+	AG-447-K11_00056	AG-447-K11	45	OG0001525	NA	NA	NA	NA	NA	AG-447-K11_00051	4
CACJNJ010000001.1	48621	49364	-	AG-447-K11_00058	AG-447-K11	247	OG0000786	NA	NA	COG0566	SpoU	tRNA G18 (ribose-2'-O)-methylase SpoU	AG-447-K11_00051	5
CACPOX010000002.1	19238	19486	-	AG-447-L10_00174	AG-447-L10	82	OG0001473	NA	NA	NA	NA	NA	AG-447-L10_00179	-5
CACPOX010000002.1	19493	19726	-	AG-447-L10_00175	AG-447-L10	77	OG0000770	K23264	phosphoribosylformylglycinamidine synthase subunit PurS [EC:6.3.5.3]	COG1828	PurS	Phosphoribosylformylglycinamidine (FGAM) synthase, PurS subunit	AG-447-L10_00179	-4
CACPOX010000002.1	19723	20508	-	AG-447-L10_00176	AG-447-L10	261	OG0000769	K01923	phosphoribosylaminoimidazole-succinocarboxamide synthase [EC:6.3.2.6]	COG0152	PurC	Phosphoribosylaminoimidazole-succinocarboxamide synthase	AG-447-L10_00179	-3
CACPOX010000002.1	20508	21800	-	AG-447-L10_00177	AG-447-L10	430	OG0000779	K01756	adenylosuccinate lyase [EC:4.3.2.2]	COG0015	PurB	Adenylosuccinate lyase	AG-447-L10_00179	-2
CACPOX010000002.1	21804	22574	-	AG-447-L10_00178	AG-447-L10	256	OG0000721	K01265	methionyl aminopeptidase [EC:3.4.11.18]	COG0024	Map	Methionine aminopeptidase	AG-447-L10_00179	-1
CACPOX010000002.1	22567	23265	-	AG-447-L10_00179	AG-447-L10	232	OG0000819	K06206	sugar fermentation stimulation protein A	COG1489	SfsA	DNA-binding protein, stimulates sugar fermentation	AG-447-L10_00179	0
CACPOX010000002.1	23286	24035	+	AG-447-L10_00180	AG-447-L10	249	OG0000807	NA	NA	COG1058	CinA	ADP-ribose pyrophosphatase domain of DNA damage- and competence-inducible protein CinA	AG-447-L10_00179	1
CACPOX010000002.1	24035	24436	+	AG-447-L10_00181	AG-447-L10	133	OG0001035	K00682	gamma-glutamylcyclotransferase [EC:4.3.2.9]	COG2105	YtfP	Predicted gamma-glutamylamine cyclotransferase YtfP, GGCT/AIG2-like family	AG-447-L10_00179	2
CACPOX010000002.1	24443	25732	+	AG-447-L10_00182	AG-447-L10	429	OG0001333	NA	NA	COG4091	NA	Predicted homoserine dehydrogenase, contains C-terminal SAF domain	AG-447-L10_00179	3
CACPOX010000002.1	25788	27494	+	AG-447-L10_00183	AG-447-L10	568	OG0000067	NA	NA	COG0265	DegQ	Periplasmic serine protease DegP/DegQ, contain C-terminal PDZ domain	AG-447-L10_00179	4
CACPOX010000002.1	27499	28098	+	AG-447-L10_00184	AG-447-L10	199	OG0001887	NA	NA	NA	NA	NA	AG-447-L10_00179	5
CACJOA010000006.1	51996	52679	-	AG-447-L14_00632	AG-447-L14	227	OG0000684	K23265	phosphoribosylformylglycinamidine synthase subunit PurQ / glutaminase [EC:6.3.5.3 3.5.1.2]	COG0047	PurL2	Phosphoribosylformylglycinamidine (FGAM) synthase, glutamine amidotransferase domain	AG-447-L14_00637	-5
CACJOA010000006.1	52683	52925	-	AG-447-L14_00633	AG-447-L14	80	OG0000770	K23264	phosphoribosylformylglycinamidine synthase subunit PurS [EC:6.3.5.3]	COG1828	PurS	Phosphoribosylformylglycinamidine (FGAM) synthase, PurS subunit	AG-447-L14_00637	-4
CACJOA010000006.1	52922	53707	-	AG-447-L14_00634	AG-447-L14	261	OG0000769	K01923	phosphoribosylaminoimidazole-succinocarboxamide synthase [EC:6.3.2.6]	COG0152	PurC	Phosphoribosylaminoimidazole-succinocarboxamide synthase	AG-447-L14_00637	-3
CACJOA010000006.1	53707	54999	-	AG-447-L14_00635	AG-447-L14	430	OG0000779	K01756	adenylosuccinate lyase [EC:4.3.2.2]	COG0015	PurB	Adenylosuccinate lyase	AG-447-L14_00637	-2
CACJOA010000006.1	55003	55776	-	AG-447-L14_00636	AG-447-L14	257	OG0000721	K01265	methionyl aminopeptidase [EC:3.4.11.18]	COG0024	Map	Methionine aminopeptidase	AG-447-L14_00637	-1
CACJOA010000006.1	55769	56467	-	AG-447-L14_00637	AG-447-L14	232	OG0000819	K06206	sugar fermentation stimulation protein A	COG1489	SfsA	DNA-binding protein, stimulates sugar fermentation	AG-447-L14_00637	0
CACJOA010000006.1	56490	57239	+	AG-447-L14_00638	AG-447-L14	249	OG0000807	NA	NA	COG1058	CinA	ADP-ribose pyrophosphatase domain of DNA damage- and competence-inducible protein CinA	AG-447-L14_00637	1
CACJOA010000006.1	57257	57946	+	AG-447-L14_00639	AG-447-L14	229	OG0002457	NA	NA	NA	NA	NA	AG-447-L14_00637	2
CACJOA010000006.1	57947	58348	+	AG-447-L14_00640	AG-447-L14	133	OG0001035	K00682	gamma-glutamylcyclotransferase [EC:4.3.2.9]	COG2105	YtfP	Predicted gamma-glutamylamine cyclotransferase YtfP, GGCT/AIG2-like family	AG-447-L14_00637	3
CACJOA010000006.1	58358	59239	-	AG-447-L14_00641	AG-447-L14	293	OG0000816	NA	NA	COG1216	WcaE	Glycosyltransferase, GT2 family	AG-447-L14_00637	4
CACJOA010000006.1	59936	60301	-	AG-447-L14_00642	AG-447-L14	121	OG0003567	NA	NA	NA	NA	NA	AG-447-L14_00637	5
CACJQI010000014.1	4683	5366	-	AG-447-M05_01338	AG-447-M05	227	OG0000684	K23265	phosphoribosylformylglycinamidine synthase subunit PurQ / glutaminase [EC:6.3.5.3 3.5.1.2]	COG0047	PurL2	Phosphoribosylformylglycinamidine (FGAM) synthase, glutamine amidotransferase domain	AG-447-M05_01343	-5
CACJQI010000014.1	5371	5613	-	AG-447-M05_01339	AG-447-M05	80	OG0000770	K23264	phosphoribosylformylglycinamidine synthase subunit PurS [EC:6.3.5.3]	COG1828	PurS	Phosphoribosylformylglycinamidine (FGAM) synthase, PurS subunit	AG-447-M05_01343	-4
CACJQI010000014.1	5610	6395	-	AG-447-M05_01340	AG-447-M05	261	OG0000769	K01923	phosphoribosylaminoimidazole-succinocarboxamide synthase [EC:6.3.2.6]	COG0152	PurC	Phosphoribosylaminoimidazole-succinocarboxamide synthase	AG-447-M05_01343	-3
CACJQI010000014.1	6467	7759	-	AG-447-M05_01341	AG-447-M05	430	OG0000779	K01756	adenylosuccinate lyase [EC:4.3.2.2]	COG0015	PurB	Adenylosuccinate lyase	AG-447-M05_01343	-2
CACJQI010000014.1	7763	8533	-	AG-447-M05_01342	AG-447-M05	256	OG0000721	K01265	methionyl aminopeptidase [EC:3.4.11.18]	COG0024	Map	Methionine aminopeptidase	AG-447-M05_01343	-1
CACJQI010000014.1	8526	9224	-	AG-447-M05_01343	AG-447-M05	232	OG0000819	K06206	sugar fermentation stimulation protein A	COG1489	SfsA	DNA-binding protein, stimulates sugar fermentation	AG-447-M05_01343	0
CACJQI010000014.1	9245	9994	+	AG-447-M05_01344	AG-447-M05	249	OG0000807	NA	NA	COG1058	CinA	ADP-ribose pyrophosphatase domain of DNA damage- and competence-inducible protein CinA	AG-447-M05_01343	1
CACJQI010000014.1	9995	10399	+	AG-447-M05_01345	AG-447-M05	134	OG0001035	K00682	gamma-glutamylcyclotransferase [EC:4.3.2.9]	COG2105	YtfP	Predicted gamma-glutamylamine cyclotransferase YtfP, GGCT/AIG2-like family	AG-447-M05_01343	2
CACJQI010000014.1	10405	11700	+	AG-447-M05_01346	AG-447-M05	431	OG0001333	NA	NA	COG4091	NA	Predicted homoserine dehydrogenase, contains C-terminal SAF domain	AG-447-M05_01343	3
CACJQI010000014.1	11700	11972	+	AG-447-M05_01347	AG-447-M05	90	OG0001584	NA	NA	NA	NA	NA	AG-447-M05_01343	4
CACJQI010000014.1	11989	12948	-	AG-447-M05_01348	AG-447-M05	319	OG0001428	NA	NA	COG0859	RfaF	ADP-heptose:LPS heptosyltransferase	AG-447-M05_01343	5
CACJQD010000003.1	105542	106225	-	AG-447-M10_00516	AG-447-M10	227	OG0000684	K23265	phosphoribosylformylglycinamidine synthase subunit PurQ / glutaminase [EC:6.3.5.3 3.5.1.2]	COG0047	PurL2	Phosphoribosylformylglycinamidine (FGAM) synthase, glutamine amidotransferase domain	AG-447-M10_00521	-5
CACJQD010000003.1	106229	106471	-	AG-447-M10_00517	AG-447-M10	80	OG0000770	K23264	phosphoribosylformylglycinamidine synthase subunit PurS [EC:6.3.5.3]	COG1828	PurS	Phosphoribosylformylglycinamidine (FGAM) synthase, PurS subunit	AG-447-M10_00521	-4
CACJQD010000003.1	106468	107253	-	AG-447-M10_00518	AG-447-M10	261	OG0000769	K01923	phosphoribosylaminoimidazole-succinocarboxamide synthase [EC:6.3.2.6]	COG0152	PurC	Phosphoribosylaminoimidazole-succinocarboxamide synthase	AG-447-M10_00521	-3
CACJQD010000003.1	107253	108545	-	AG-447-M10_00519	AG-447-M10	430	OG0000779	K01756	adenylosuccinate lyase [EC:4.3.2.2]	COG0015	PurB	Adenylosuccinate lyase	AG-447-M10_00521	-2
CACJQD010000003.1	108549	109319	-	AG-447-M10_00520	AG-447-M10	256	OG0000721	K01265	methionyl aminopeptidase [EC:3.4.11.18]	COG0024	Map	Methionine aminopeptidase	AG-447-M10_00521	-1
CACJQD010000003.1	109306	110010	-	AG-447-M10_00521	AG-447-M10	234	OG0000819	K06206	sugar fermentation stimulation protein A	COG1489	SfsA	DNA-binding protein, stimulates sugar fermentation	AG-447-M10_00521	0
CACJQD010000003.1	110031	110780	+	AG-447-M10_00522	AG-447-M10	249	OG0000807	NA	NA	COG1058	CinA	ADP-ribose pyrophosphatase domain of DNA damage- and competence-inducible protein CinA	AG-447-M10_00521	1
CACJQD010000003.1	110780	111187	+	AG-447-M10_00523	AG-447-M10	135	OG0001035	K00682	gamma-glutamylcyclotransferase [EC:4.3.2.9]	COG2105	YtfP	Predicted gamma-glutamylamine cyclotransferase YtfP, GGCT/AIG2-like family	AG-447-M10_00521	2
CACJQD010000003.1	111184	112104	+	AG-447-M10_00524	AG-447-M10	306	OG0000091	NA	NA	NA	NA	NA	AG-447-M10_00521	3
CACJQD010000003.1	112156	112719	+	AG-447-M10_00525	AG-447-M10	187	OG0000091	NA	NA	NA	NA	NA	AG-447-M10_00521	4
CACJQD010000003.1	112730	114745	+	AG-447-M10_00526	AG-447-M10	671	OG0001591	NA	NA	NA	NA	NA	AG-447-M10_00521	5
CACJOY010000001.1	283370	283765	-	AG-447-N08_00316	AG-447-N08	131	OG0001803	K09705	uncharacterized protein	COG3542	CFF1	Predicted sugar epimerase, cupin superfamily	AG-447-N08_00321	-5
CACJOY010000001.1	283842	284534	-	AG-447-N08_00317	AG-447-N08	230	OG0001565	NA	NA	COG2982	AsmA	Outer membrane assembly factor AsmA	AG-447-N08_00321	-4
CACJOY010000001.1	284615	285409	-	AG-447-N08_00318	AG-447-N08	264	OG0001271	NA	NA	NA	NA	NA	AG-447-N08_00321	-3
CACJOY010000001.1	285423	285824	-	AG-447-N08_00319	AG-447-N08	133	OG0001035	K00682	gamma-glutamylcyclotransferase [EC:4.3.2.9]	COG2105	YtfP	Predicted gamma-glutamylamine cyclotransferase YtfP, GGCT/AIG2-like family	AG-447-N08_00321	-2
CACJOY010000001.1	285825	286574	-	AG-447-N08_00320	AG-447-N08	249	OG0000807	NA	NA	COG1058	CinA	ADP-ribose pyrophosphatase domain of DNA damage- and competence-inducible protein CinA	AG-447-N08_00321	-1
CACJOY010000001.1	286595	287293	+	AG-447-N08_00321	AG-447-N08	232	OG0000819	K06206	sugar fermentation stimulation protein A	COG1489	SfsA	DNA-binding protein, stimulates sugar fermentation	AG-447-N08_00321	0
CACJOY010000001.1	287286	288059	+	AG-447-N08_00322	AG-447-N08	257	OG0000721	K01265	methionyl aminopeptidase [EC:3.4.11.18]	COG0024	Map	Methionine aminopeptidase	AG-447-N08_00321	1
CACJOY010000001.1	288063	289355	+	AG-447-N08_00323	AG-447-N08	430	OG0000779	K01756	adenylosuccinate lyase [EC:4.3.2.2]	COG0015	PurB	Adenylosuccinate lyase	AG-447-N08_00321	2
CACJOY010000001.1	289355	290140	+	AG-447-N08_00324	AG-447-N08	261	OG0000769	K01923	phosphoribosylaminoimidazole-succinocarboxamide synthase [EC:6.3.2.6]	COG0152	PurC	Phosphoribosylaminoimidazole-succinocarboxamide synthase	AG-447-N08_00321	3
CACJOY010000001.1	290137	290379	+	AG-447-N08_00325	AG-447-N08	80	OG0000770	K23264	phosphoribosylformylglycinamidine synthase subunit PurS [EC:6.3.5.3]	COG1828	PurS	Phosphoribosylformylglycinamidine (FGAM) synthase, PurS subunit	AG-447-N08_00321	4
CACJOY010000001.1	290383	291066	+	AG-447-N08_00326	AG-447-N08	227	OG0000684	K23265	phosphoribosylformylglycinamidine synthase subunit PurQ / glutaminase [EC:6.3.5.3 3.5.1.2]	COG0047	PurL2	Phosphoribosylformylglycinamidine (FGAM) synthase, glutamine amidotransferase domain	AG-447-N08_00321	5
CACJPF010000007.1	127	738	+	AG-447-N18_00731	AG-447-N18	203	OG0000037	NA	NA	COG0451	WcaG	Nucleoside-diphosphate-sugar epimerase	AG-447-N18_00735	-4
CACJPF010000007.1	739	1455	+	AG-447-N18_00732	AG-447-N18	238	OG0000043	NA	NA	COG0463	WcaA	Glycosyltransferase involved in cell wall bisynthesis	AG-447-N18_00735	-3
CACJPF010000007.1	1475	1876	-	AG-447-N18_00733	AG-447-N18	133	OG0001035	K00682	gamma-glutamylcyclotransferase [EC:4.3.2.9]	COG2105	YtfP	Predicted gamma-glutamylamine cyclotransferase YtfP, GGCT/AIG2-like family	AG-447-N18_00735	-2
CACJPF010000007.1	1877	2626	-	AG-447-N18_00734	AG-447-N18	249	OG0000807	NA	NA	COG1058	CinA	ADP-ribose pyrophosphatase domain of DNA damage- and competence-inducible protein CinA	AG-447-N18_00735	-1
CACJPF010000007.1	2645	3343	+	AG-447-N18_00735	AG-447-N18	232	OG0000819	K06206	sugar fermentation stimulation protein A	COG1489	SfsA	DNA-binding protein, stimulates sugar fermentation	AG-447-N18_00735	0
CACJPF010000007.1	3336	4109	+	AG-447-N18_00736	AG-447-N18	257	OG0000721	K01265	methionyl aminopeptidase [EC:3.4.11.18]	COG0024	Map	Methionine aminopeptidase	AG-447-N18_00735	1
CACJPF010000007.1	4113	5405	+	AG-447-N18_00737	AG-447-N18	430	OG0000779	K01756	adenylosuccinate lyase [EC:4.3.2.2]	COG0015	PurB	Adenylosuccinate lyase	AG-447-N18_00735	2
CACJPF010000007.1	5405	6190	+	AG-447-N18_00738	AG-447-N18	261	OG0000769	K01923	phosphoribosylaminoimidazole-succinocarboxamide synthase [EC:6.3.2.6]	COG0152	PurC	Phosphoribosylaminoimidazole-succinocarboxamide synthase	AG-447-N18_00735	3
CACJPF010000007.1	6187	6429	+	AG-447-N18_00739	AG-447-N18	80	OG0000770	K23264	phosphoribosylformylglycinamidine synthase subunit PurS [EC:6.3.5.3]	COG1828	PurS	Phosphoribosylformylglycinamidine (FGAM) synthase, PurS subunit	AG-447-N18_00735	4
CACJPF010000007.1	6433	7116	+	AG-447-N18_00740	AG-447-N18	227	OG0000684	K23265	phosphoribosylformylglycinamidine synthase subunit PurQ / glutaminase [EC:6.3.5.3 3.5.1.2]	COG0047	PurL2	Phosphoribosylformylglycinamidine (FGAM) synthase, glutamine amidotransferase domain	AG-447-N18_00735	5
CACJSJ010000004.1	1199	1969	-	AG-447-O23_00438	AG-447-O23	256	OG0000721	K01265	methionyl aminopeptidase [EC:3.4.11.18]	COG0024	Map	Methionine aminopeptidase	AG-447-O23_00439	-1
CACJSJ010000004.1	1962	2660	-	AG-447-O23_00439	AG-447-O23	232	OG0000819	K06206	sugar fermentation stimulation protein A	COG1489	SfsA	DNA-binding protein, stimulates sugar fermentation	AG-447-O23_00439	0
CACJSJ010000004.1	2681	3430	+	AG-447-O23_00440	AG-447-O23	249	OG0000807	NA	NA	COG1058	CinA	ADP-ribose pyrophosphatase domain of DNA damage- and competence-inducible protein CinA	AG-447-O23_00439	1
CACJSJ010000004.1	3431	3859	+	AG-447-O23_00441	AG-447-O23	142	OG0001035	K00682	gamma-glutamylcyclotransferase [EC:4.3.2.9]	COG2105	YtfP	Predicted gamma-glutamylamine cyclotransferase YtfP, GGCT/AIG2-like family	AG-447-O23_00439	2
CACJSJ010000004.1	3834	4814	+	AG-447-O23_00442	AG-447-O23	326	OG0001337	K16568	exopolysaccharide production protein ExoZ	COG1835	OafA	Peptidoglycan/LPS O-acetylase OafA/YrhL, contains acyltransferase and SGNH-hydrolase domains	AG-447-O23_00439	3
CACJSJ010000004.1	4832	5557	+	AG-447-O23_00443	AG-447-O23	241	OG0000043	NA	NA	COG0463	WcaA	Glycosyltransferase involved in cell wall bisynthesis	AG-447-O23_00439	4
CACJSJ010000004.1	5564	6568	+	AG-447-O23_00444	AG-447-O23	334	OG0000020	NA	NA	COG0451	WcaG	Nucleoside-diphosphate-sugar epimerase	AG-447-O23_00439	5
CACJTU010000001.1	81787	82470	-	AG-447-P03_00081	AG-447-P03	227	OG0000684	K23265	phosphoribosylformylglycinamidine synthase subunit PurQ / glutaminase [EC:6.3.5.3 3.5.1.2]	COG0047	PurL2	Phosphoribosylformylglycinamidine (FGAM) synthase, glutamine amidotransferase domain	AG-447-P03_00086	-5
CACJTU010000001.1	82474	82716	-	AG-447-P03_00082	AG-447-P03	80	OG0000770	K23264	phosphoribosylformylglycinamidine synthase subunit PurS [EC:6.3.5.3]	COG1828	PurS	Phosphoribosylformylglycinamidine (FGAM) synthase, PurS subunit	AG-447-P03_00086	-4
CACJTU010000001.1	82713	83498	-	AG-447-P03_00083	AG-447-P03	261	OG0000769	K01923	phosphoribosylaminoimidazole-succinocarboxamide synthase [EC:6.3.2.6]	COG0152	PurC	Phosphoribosylaminoimidazole-succinocarboxamide synthase	AG-447-P03_00086	-3
CACJTU010000001.1	83498	84790	-	AG-447-P03_00084	AG-447-P03	430	OG0000779	K01756	adenylosuccinate lyase [EC:4.3.2.2]	COG0015	PurB	Adenylosuccinate lyase	AG-447-P03_00086	-2
CACJTU010000001.1	84794	85564	-	AG-447-P03_00085	AG-447-P03	256	OG0000721	K01265	methionyl aminopeptidase [EC:3.4.11.18]	COG0024	Map	Methionine aminopeptidase	AG-447-P03_00086	-1
CACJTU010000001.1	85557	86255	-	AG-447-P03_00086	AG-447-P03	232	OG0000819	K06206	sugar fermentation stimulation protein A	COG1489	SfsA	DNA-binding protein, stimulates sugar fermentation	AG-447-P03_00086	0
CACJTU010000001.1	86276	87025	+	AG-447-P03_00087	AG-447-P03	249	OG0000807	NA	NA	COG1058	CinA	ADP-ribose pyrophosphatase domain of DNA damage- and competence-inducible protein CinA	AG-447-P03_00086	1
CACJTU010000001.1	87025	87426	+	AG-447-P03_00088	AG-447-P03	133	OG0001035	K00682	gamma-glutamylcyclotransferase [EC:4.3.2.9]	COG2105	YtfP	Predicted gamma-glutamylamine cyclotransferase YtfP, GGCT/AIG2-like family	AG-447-P03_00086	2
CACJTU010000001.1	87431	88129	+	AG-447-P03_00089	AG-447-P03	232	OG0001705	NA	NA	NA	NA	NA	AG-447-P03_00086	3
CACJTU010000001.1	88131	88265	+	AG-447-P03_00090	AG-447-P03	44	NA	NA	NA	NA	NA	NA	AG-447-P03_00086	4
CACJTU010000001.1	88303	89358	+	AG-447-P03_00091	AG-447-P03	351	OG0001692	NA	NA	COG2755	TesA	Lysophospholipase L1 or related esterase. Includes spore coat protein LipC/YcsK	AG-447-P03_00086	5
CACJVT010000001.1	182625	183308	-	AG-447-P22_00200	AG-447-P22	227	OG0000684	K23265	phosphoribosylformylglycinamidine synthase subunit PurQ / glutaminase [EC:6.3.5.3 3.5.1.2]	COG0047	PurL2	Phosphoribosylformylglycinamidine (FGAM) synthase, glutamine amidotransferase domain	AG-447-P22_00205	-5
CACJVT010000001.1	183312	183554	-	AG-447-P22_00201	AG-447-P22	80	OG0000770	K23264	phosphoribosylformylglycinamidine synthase subunit PurS [EC:6.3.5.3]	COG1828	PurS	Phosphoribosylformylglycinamidine (FGAM) synthase, PurS subunit	AG-447-P22_00205	-4
CACJVT010000001.1	183551	184336	-	AG-447-P22_00202	AG-447-P22	261	OG0000769	K01923	phosphoribosylaminoimidazole-succinocarboxamide synthase [EC:6.3.2.6]	COG0152	PurC	Phosphoribosylaminoimidazole-succinocarboxamide synthase	AG-447-P22_00205	-3
CACJVT010000001.1	184336	185628	-	AG-447-P22_00203	AG-447-P22	430	OG0000779	K01756	adenylosuccinate lyase [EC:4.3.2.2]	COG0015	PurB	Adenylosuccinate lyase	AG-447-P22_00205	-2
CACJVT010000001.1	185632	186405	-	AG-447-P22_00204	AG-447-P22	257	OG0000721	K01265	methionyl aminopeptidase [EC:3.4.11.18]	COG0024	Map	Methionine aminopeptidase	AG-447-P22_00205	-1
CACJVT010000001.1	186398	187096	-	AG-447-P22_00205	AG-447-P22	232	OG0000819	K06206	sugar fermentation stimulation protein A	COG1489	SfsA	DNA-binding protein, stimulates sugar fermentation	AG-447-P22_00205	0
CACJVT010000001.1	187117	187866	+	AG-447-P22_00206	AG-447-P22	249	OG0000807	NA	NA	COG1058	CinA	ADP-ribose pyrophosphatase domain of DNA damage- and competence-inducible protein CinA	AG-447-P22_00205	1
CACJVT010000001.1	187867	188271	+	AG-447-P22_00207	AG-447-P22	134	OG0001035	K00682	gamma-glutamylcyclotransferase [EC:4.3.2.9]	COG2105	YtfP	Predicted gamma-glutamylamine cyclotransferase YtfP, GGCT/AIG2-like family	AG-447-P22_00205	2
CACJVT010000001.1	188277	189998	-	AG-447-P22_00208	AG-447-P22	573	OG0001383	NA	NA	COG0366	AmyA	Glycosidase/amylase (phosphorylase)	AG-447-P22_00205	3
CACJVT010000001.1	189998	191218	-	AG-447-P22_00209	AG-447-P22	406	OG0001273	K13693	glucosyl-3-phosphoglycerate synthase [EC:2.4.1.266]	NA	NA	NA	AG-447-P22_00205	4
CACJVT010000001.1	191233	192051	-	AG-447-P22_00210	AG-447-P22	272	OG0001276	K07026	mannosyl-3-phosphoglycerate phosphatase [EC:3.1.3.70]	COG3769	YedP	Mannosyl-3-phosphoglycerate phosphatase YedP/MpgP, HAD superfamily	AG-447-P22_00205	5
CACKAJ010000002.1	3722	4921	-	AG-453-G04_00408	AG-453-G04	399	OG0000491	K02358	elongation factor Tu	COG0050	TufA	Translation elongation factor EF-Tu, a GTPase	AG-453-G04_00417	-5
CACKAJ010000002.1	5297	6043	+	AG-453-G04_00411	AG-453-G04	248	OG0000786	NA	NA	COG0566	SpoU	tRNA G18 (ribose-2'-O)-methylase SpoU	AG-453-G04_00417	-4
CACKAJ010000002.1	6178	6945	-	AG-453-G04_00413	AG-453-G04	255	OG0000972	K00858	NAD+ kinase [EC:2.7.1.23]	COG0061	NadK	NAD kinase	AG-453-G04_00417	-3
CACKAJ010000002.1	7172	8125	+	AG-453-G04_00415	AG-453-G04	317	OG0001428	NA	NA	COG0859	RfaF	ADP-heptose:LPS heptosyltransferase	AG-453-G04_00417	-2
CACKAJ010000002.1	8122	8880	-	AG-453-G04_00416	AG-453-G04	252	OG0000807	NA	NA	COG1058	CinA	ADP-ribose pyrophosphatase domain of DNA damage- and competence-inducible protein CinA	AG-453-G04_00417	-1
CACKAJ010000002.1	8898	9596	+	AG-453-G04_00417	AG-453-G04	232	OG0000819	K06206	sugar fermentation stimulation protein A	COG1489	SfsA	DNA-binding protein, stimulates sugar fermentation	AG-453-G04_00417	0
CACKAJ010000002.1	9593	10342	+	AG-453-G04_00418	AG-453-G04	249	OG0000721	K01265	methionyl aminopeptidase [EC:3.4.11.18]	COG0024	Map	Methionine aminopeptidase	AG-453-G04_00417	1
CACKAJ010000002.1	10342	11637	+	AG-453-G04_00419	AG-453-G04	431	OG0000779	K01756	adenylosuccinate lyase [EC:4.3.2.2]	COG0015	PurB	Adenylosuccinate lyase	AG-453-G04_00417	2
CACKAJ010000002.1	11643	12434	+	AG-453-G04_00420	AG-453-G04	263	OG0000769	K01923	phosphoribosylaminoimidazole-succinocarboxamide synthase [EC:6.3.2.6]	COG0152	PurC	Phosphoribosylaminoimidazole-succinocarboxamide synthase	AG-453-G04_00417	3
CACKAJ010000002.1	12385	12678	+	AG-453-G04_00421	AG-453-G04	97	OG0000770	K23264	phosphoribosylformylglycinamidine synthase subunit PurS [EC:6.3.5.3]	COG1828	PurS	Phosphoribosylformylglycinamidine (FGAM) synthase, PurS subunit	AG-453-G04_00417	4
CACKAJ010000002.1	12675	13352	+	AG-453-G04_00422	AG-453-G04	225	OG0000684	K23265	phosphoribosylformylglycinamidine synthase subunit PurQ / glutaminase [EC:6.3.5.3 3.5.1.2]	COG0047	PurL2	Phosphoribosylformylglycinamidine (FGAM) synthase, glutamine amidotransferase domain	AG-453-G04_00417	5
CACKOH010000020.1	2262	3272	-	AG-457-B14_01074	AG-457-B14	336	OG0002451	NA	NA	NA	NA	NA	AG-457-B14_01079	-5
CACKOH010000020.1	3282	3932	-	AG-457-B14_01075	AG-457-B14	216	OG0000091	NA	NA	NA	NA	NA	AG-457-B14_01079	-4
CACKOH010000020.1	4025	4723	-	AG-457-B14_01076	AG-457-B14	232	OG0001705	NA	NA	NA	NA	NA	AG-457-B14_01079	-3
CACKOH010000020.1	4725	5129	-	AG-457-B14_01077	AG-457-B14	134	OG0001035	K00682	gamma-glutamylcyclotransferase [EC:4.3.2.9]	COG2105	YtfP	Predicted gamma-glutamylamine cyclotransferase YtfP, GGCT/AIG2-like family	AG-457-B14_01079	-2
CACKOH010000020.1	5129	5878	-	AG-457-B14_01078	AG-457-B14	249	OG0000807	NA	NA	COG1058	CinA	ADP-ribose pyrophosphatase domain of DNA damage- and competence-inducible protein CinA	AG-457-B14_01079	-1
CACKOH010000020.1	5899	6597	+	AG-457-B14_01079	AG-457-B14	232	OG0000819	K06206	sugar fermentation stimulation protein A	COG1489	SfsA	DNA-binding protein, stimulates sugar fermentation	AG-457-B14_01079	0
CACKOH010000020.1	6590	7360	+	AG-457-B14_01080	AG-457-B14	256	OG0000721	K01265	methionyl aminopeptidase [EC:3.4.11.18]	COG0024	Map	Methionine aminopeptidase	AG-457-B14_01079	1
CACKOH010000020.1	7364	8656	+	AG-457-B14_01081	AG-457-B14	430	OG0000779	K01756	adenylosuccinate lyase [EC:4.3.2.2]	COG0015	PurB	Adenylosuccinate lyase	AG-457-B14_01079	2
CACKOH010000020.1	8656	9441	+	AG-457-B14_01082	AG-457-B14	261	OG0000769	K01923	phosphoribosylaminoimidazole-succinocarboxamide synthase [EC:6.3.2.6]	COG0152	PurC	Phosphoribosylaminoimidazole-succinocarboxamide synthase	AG-457-B14_01079	3
CACKOH010000020.1	9438	9680	+	AG-457-B14_01083	AG-457-B14	80	OG0000770	K23264	phosphoribosylformylglycinamidine synthase subunit PurS [EC:6.3.5.3]	COG1828	PurS	Phosphoribosylformylglycinamidine (FGAM) synthase, PurS subunit	AG-457-B14_01079	4
CACKOH010000020.1	9684	10367	+	AG-457-B14_01084	AG-457-B14	227	OG0000684	K23265	phosphoribosylformylglycinamidine synthase subunit PurQ / glutaminase [EC:6.3.5.3 3.5.1.2]	COG0047	PurL2	Phosphoribosylformylglycinamidine (FGAM) synthase, glutamine amidotransferase domain	AG-457-B14_01079	5
CACKWR010000032.1	46	228	+	AG-457-M14_01192	AG-457-M14	60	OG0000819	NA	NA	COG1489	SfsA	DNA-binding protein, stimulates sugar fermentation	AG-457-M14_01192	0
CACKWR010000032.1	221	997	+	AG-457-M14_01193	AG-457-M14	258	OG0000721	K01265	methionyl aminopeptidase [EC:3.4.11.18]	COG0024	Map	Methionine aminopeptidase	AG-457-M14_01192	1
CACKWR010000032.1	1022	2314	+	AG-457-M14_01194	AG-457-M14	430	OG0000779	K01756	adenylosuccinate lyase [EC:4.3.2.2]	COG0015	PurB	Adenylosuccinate lyase	AG-457-M14_01192	2
CACKWR010000032.1	2315	2530	-	AG-457-M14_01195	AG-457-M14	71	OG0000513	K13256	protein PsiE	COG3223	PsiE	Phosphate starvation-inducible membrane PsiE (function unknown)	AG-457-M14_01192	3
CACKWR010000032.1	2524	2667	-	AG-457-M14_01196	AG-457-M14	47	OG0000513	NA	NA	NA	NA	NA	AG-457-M14_01192	4
CACKWR010000032.1	2668	2820	-	AG-457-M14_01197	AG-457-M14	50	OG0001313	NA	NA	COG5467	NA	Uncharacterized conserved protein, DUF1476 domain	AG-457-M14_01192	5
CACLBB010000006.1	9525	11246	+	AG-461-E04_00549	AG-461-E04	573	OG0001383	NA	NA	COG0366	AmyA	Glycosidase/amylase (phosphorylase)	AG-461-E04_00554	-5
CACLBB010000006.1	11314	13050	-	AG-461-E04_00550	AG-461-E04	578	OG0001063	NA	NA	COG1083	NeuA	CMP-N-acetylneuraminic acid synthetase, NeuA/PseF family	AG-461-E04_00554	-4
CACLBB010000006.1	13196	13702	+	AG-461-E04_00551	AG-461-E04	168	OG0001261	NA	NA	COG1670	RimL	Protein N-acetyltransferase, RimJ/RimL family	AG-461-E04_00554	-3
CACLBB010000006.1	13723	14676	+	AG-461-E04_00552	AG-461-E04	317	OG0001428	NA	NA	COG0859	RfaF	ADP-heptose:LPS heptosyltransferase	AG-461-E04_00554	-2
CACLBB010000006.1	14673	15431	-	AG-461-E04_00553	AG-461-E04	252	OG0000807	NA	NA	COG1058	CinA	ADP-ribose pyrophosphatase domain of DNA damage- and competence-inducible protein CinA	AG-461-E04_00554	-1
CACLBB010000006.1	15448	16143	+	AG-461-E04_00554	AG-461-E04	231	OG0000819	K06206	sugar fermentation stimulation protein A	COG1489	SfsA	DNA-binding protein, stimulates sugar fermentation	AG-461-E04_00554	0
CACLBB010000006.1	16143	16892	+	AG-461-E04_00555	AG-461-E04	249	OG0000721	K01265	methionyl aminopeptidase [EC:3.4.11.18]	COG0024	Map	Methionine aminopeptidase	AG-461-E04_00554	1
CACLBB010000006.1	16905	18200	+	AG-461-E04_00556	AG-461-E04	431	OG0000779	K01756	adenylosuccinate lyase [EC:4.3.2.2]	COG0015	PurB	Adenylosuccinate lyase	AG-461-E04_00554	2
CACLBB010000006.1	18208	18999	+	AG-461-E04_00557	AG-461-E04	263	OG0000769	K01923	phosphoribosylaminoimidazole-succinocarboxamide synthase [EC:6.3.2.6]	COG0152	PurC	Phosphoribosylaminoimidazole-succinocarboxamide synthase	AG-461-E04_00554	3
CACLBB010000006.1	18950	19240	+	AG-461-E04_00558	AG-461-E04	96	OG0000770	K23264	phosphoribosylformylglycinamidine synthase subunit PurS [EC:6.3.5.3]	COG1828	PurS	Phosphoribosylformylglycinamidine (FGAM) synthase, PurS subunit	AG-461-E04_00554	4
CACLBB010000006.1	19240	19917	+	AG-461-E04_00559	AG-461-E04	225	OG0000684	K23265	phosphoribosylformylglycinamidine synthase subunit PurQ / glutaminase [EC:6.3.5.3 3.5.1.2]	COG0047	PurL2	Phosphoribosylformylglycinamidine (FGAM) synthase, glutamine amidotransferase domain	AG-461-E04_00554	5
CACLEJ010000015.1	628	1527	-	AG-461-L09_01183	AG-461-L09	299	OG0000057	K00477	phytanoyl-CoA hydroxylase [EC:1.14.11.18]	COG5285	PhyH	Ectoine hydroxylase-related dioxygenase, phytanoyl-CoA dioxygenase (PhyH) family	AG-461-L09_01188	-5
CACLEJ010000015.1	1558	1848	-	AG-461-L09_01184	AG-461-L09	96	OG0001043	NA	NA	COG4392	AzlD2	Branched-chain amino acid transport protein	AG-461-L09_01188	-4
CACLEJ010000015.1	1845	2531	-	AG-461-L09_01185	AG-461-L09	228	OG0001044	NA	NA	COG1296	AzlC	Predicted branched-chain amino acid permease (azaleucine resistance)	AG-461-L09_01188	-3
CACLEJ010000015.1	2532	2939	-	AG-461-L09_01186	AG-461-L09	135	OG0001035	K00682	gamma-glutamylcyclotransferase [EC:4.3.2.9]	COG2105	YtfP	Predicted gamma-glutamylamine cyclotransferase YtfP, GGCT/AIG2-like family	AG-461-L09_01188	-2
CACLEJ010000015.1	2939	3691	-	AG-461-L09_01187	AG-461-L09	250	OG0000807	NA	NA	COG1058	CinA	ADP-ribose pyrophosphatase domain of DNA damage- and competence-inducible protein CinA	AG-461-L09_01188	-1
CACLEJ010000015.1	3714	4400	+	AG-461-L09_01188	AG-461-L09	228	OG0000819	K06206	sugar fermentation stimulation protein A	COG1489	SfsA	DNA-binding protein, stimulates sugar fermentation	AG-461-L09_01188	0
CACLEJ010000015.1	4393	5163	+	AG-461-L09_01189	AG-461-L09	256	OG0000721	K01265	methionyl aminopeptidase [EC:3.4.11.18]	COG0024	Map	Methionine aminopeptidase	AG-461-L09_01188	1
CACLEJ010000015.1	5163	6458	+	AG-461-L09_01190	AG-461-L09	431	OG0000779	K01756	adenylosuccinate lyase [EC:4.3.2.2]	COG0015	PurB	Adenylosuccinate lyase	AG-461-L09_01188	2
CACLEJ010000015.1	6455	6832	+	AG-461-L09_01191	AG-461-L09	125	NA	NA	NA	NA	NA	NA	AG-461-L09_01188	3
CACLEJ010000015.1	6835	7620	+	AG-461-L09_01192	AG-461-L09	261	OG0000769	K01923	phosphoribosylaminoimidazole-succinocarboxamide synthase [EC:6.3.2.6]	COG0152	PurC	Phosphoribosylaminoimidazole-succinocarboxamide synthase	AG-461-L09_01188	4
CACLEJ010000015.1	7617	7850	+	AG-461-L09_01193	AG-461-L09	77	OG0000770	K23264	phosphoribosylformylglycinamidine synthase subunit PurS [EC:6.3.5.3]	COG1828	PurS	Phosphoribosylformylglycinamidine (FGAM) synthase, PurS subunit	AG-461-L09_01188	5
CACLFM010000005.1	37113	37796	-	AG-461-M18_00622	AG-461-M18	227	OG0000684	K23265	phosphoribosylformylglycinamidine synthase subunit PurQ / glutaminase [EC:6.3.5.3 3.5.1.2]	COG0047	PurL2	Phosphoribosylformylglycinamidine (FGAM) synthase, glutamine amidotransferase domain	AG-461-M18_00627	-5
CACLFM010000005.1	37796	38029	-	AG-461-M18_00623	AG-461-M18	77	OG0000770	K23264	phosphoribosylformylglycinamidine synthase subunit PurS [EC:6.3.5.3]	COG1828	PurS	Phosphoribosylformylglycinamidine (FGAM) synthase, PurS subunit	AG-461-M18_00627	-4
CACLFM010000005.1	38026	38814	-	AG-461-M18_00624	AG-461-M18	262	OG0000769	K01923	phosphoribosylaminoimidazole-succinocarboxamide synthase [EC:6.3.2.6]	COG0152	PurC	Phosphoribosylaminoimidazole-succinocarboxamide synthase	AG-461-M18_00627	-3
CACLFM010000005.1	38814	40106	-	AG-461-M18_00625	AG-461-M18	430	OG0000779	K01756	adenylosuccinate lyase [EC:4.3.2.2]	COG0015	PurB	Adenylosuccinate lyase	AG-461-M18_00627	-2
CACLFM010000005.1	40106	40876	-	AG-461-M18_00626	AG-461-M18	256	OG0000721	K01265	methionyl aminopeptidase [EC:3.4.11.18]	COG0024	Map	Methionine aminopeptidase	AG-461-M18_00627	-1
CACLFM010000005.1	40869	41555	-	AG-461-M18_00627	AG-461-M18	228	OG0000819	K06206	sugar fermentation stimulation protein A	COG1489	SfsA	DNA-binding protein, stimulates sugar fermentation	AG-461-M18_00627	0
CACLFM010000005.1	41578	42321	+	AG-461-M18_00628	AG-461-M18	247	OG0000807	NA	NA	COG1058	CinA	ADP-ribose pyrophosphatase domain of DNA damage- and competence-inducible protein CinA	AG-461-M18_00627	1
CACLFM010000005.1	42328	42732	+	AG-461-M18_00629	AG-461-M18	134	OG0001035	K00682	gamma-glutamylcyclotransferase [EC:4.3.2.9]	COG2105	YtfP	Predicted gamma-glutamylamine cyclotransferase YtfP, GGCT/AIG2-like family	AG-461-M18_00627	2
CACLFM010000005.1	42733	43419	+	AG-461-M18_00630	AG-461-M18	228	OG0001044	NA	NA	COG1296	AzlC	Predicted branched-chain amino acid permease (azaleucine resistance)	AG-461-M18_00627	3
CACLFM010000005.1	43416	43727	+	AG-461-M18_00631	AG-461-M18	103	OG0001043	NA	NA	COG4392	AzlD2	Branched-chain amino acid transport protein	AG-461-M18_00627	4
CACLFM010000005.1	43724	45457	-	AG-461-M18_00632	AG-461-M18	577	OG0001383	NA	NA	COG0366	AmyA	Glycosidase/amylase (phosphorylase)	AG-461-M18_00627	5
CACLHF010000005.1	72436	73155	-	AG-461-P14_00618	AG-461-P14	239	OG0000769	K01923	phosphoribosylaminoimidazole-succinocarboxamide synthase [EC:6.3.2.6]	COG0152	PurC	Phosphoribosylaminoimidazole-succinocarboxamide synthase	AG-461-P14_00623	-5
CACLHF010000005.1	73228	73557	+	AG-461-P14_00619	AG-461-P14	109	OG0001313	NA	NA	COG5467	NA	Uncharacterized conserved protein, DUF1476 domain	AG-461-P14_00623	-4
CACLHF010000005.1	73558	73932	+	AG-461-P14_00620	AG-461-P14	124	OG0000513	K13256	protein PsiE	COG3223	PsiE	Phosphate starvation-inducible membrane PsiE (function unknown)	AG-461-P14_00623	-3
CACLHF010000005.1	73933	75225	-	AG-461-P14_00621	AG-461-P14	430	OG0000779	K01756	adenylosuccinate lyase [EC:4.3.2.2]	COG0015	PurB	Adenylosuccinate lyase	AG-461-P14_00623	-2
CACLHF010000005.1	75250	76026	-	AG-461-P14_00622	AG-461-P14	258	OG0000721	K01265	methionyl aminopeptidase [EC:3.4.11.18]	COG0024	Map	Methionine aminopeptidase	AG-461-P14_00623	-1
CACLHF010000005.1	76019	76717	-	AG-461-P14_00623	AG-461-P14	232	OG0000819	K06206	sugar fermentation stimulation protein A	COG1489	SfsA	DNA-binding protein, stimulates sugar fermentation	AG-461-P14_00623	0
CACLHF010000005.1	76718	77431	+	AG-461-P14_00624	AG-461-P14	237	OG0000807	NA	NA	COG1058	CinA	ADP-ribose pyrophosphatase domain of DNA damage- and competence-inducible protein CinA	AG-461-P14_00623	1
CACLHF010000005.1	77585	78352	+	AG-461-P14_00625	AG-461-P14	255	OG0000236	K04643	sensory rhodopsin	COG5524	NA	Bacteriorhodopsin	AG-461-P14_00623	2
CACLHF010000005.1	78397	79017	-	AG-461-P14_00626	AG-461-P14	206	OG0001125	NA	NA	COG4976	NA	Predicted methyltransferase, contains TPR repeat	AG-461-P14_00623	3
CACLHF010000005.1	79263	80147	+	AG-461-P14_00628	AG-461-P14	294	OG0001274	NA	NA	NA	NA	NA	AG-461-P14_00623	4
CACLHF010000005.1	80151	81011	+	AG-461-P14_00629	AG-461-P14	286	OG0001551	NA	NA	NA	NA	NA	AG-461-P14_00623	5
CACLNT010000008.1	3796	4203	-	AG-464-P13_00662	AG-464-P13	135	OG0001035	K00682	gamma-glutamylcyclotransferase [EC:4.3.2.9]	COG2105	YtfP	Predicted gamma-glutamylamine cyclotransferase YtfP, GGCT/AIG2-like family	AG-464-P13_00667	-5
CACLNT010000008.1	4203	4955	-	AG-464-P13_00663	AG-464-P13	250	OG0000807	NA	NA	COG1058	CinA	ADP-ribose pyrophosphatase domain of DNA damage- and competence-inducible protein CinA	AG-464-P13_00667	-4
CACLNT010000008.1	4952	5953	-	AG-464-P13_00664	AG-464-P13	333	OG0001526	K00873	pyruvate kinase [EC:2.7.1.40]	COG0469	PykF	Pyruvate kinase	AG-464-P13_00667	-3
CACLNT010000008.1	5957	6313	-	AG-464-P13_00665	AG-464-P13	118	OG0000926	NA	NA	COG1056	NadM	Nicotinamide mononucleotide adenylyltransferase	AG-464-P13_00667	-2
CACLNT010000008.1	6319	6843	-	AG-464-P13_00666	AG-464-P13	174	OG0000966	NA	NA	COG0529	CysC	Adenylylsulfate kinase or related kinase	AG-464-P13_00667	-1
CACLNT010000008.1	6866	7561	+	AG-464-P13_00667	AG-464-P13	231	OG0000819	K06206	sugar fermentation stimulation protein A	COG1489	SfsA	DNA-binding protein, stimulates sugar fermentation	AG-464-P13_00667	0
CACLNT010000008.1	7565	7711	+	AG-464-P13_00668	AG-464-P13	48	OG0003600	NA	NA	NA	NA	NA	AG-464-P13_00667	1
CACLNT010000008.1	7721	8491	+	AG-464-P13_00669	AG-464-P13	256	OG0000721	K01265	methionyl aminopeptidase [EC:3.4.11.18]	COG0024	Map	Methionine aminopeptidase	AG-464-P13_00667	2
CACLNT010000008.1	8495	9787	+	AG-464-P13_00670	AG-464-P13	430	OG0000779	K01756	adenylosuccinate lyase [EC:4.3.2.2]	COG0015	PurB	Adenylosuccinate lyase	AG-464-P13_00667	3
CACLNT010000008.1	9787	10575	+	AG-464-P13_00671	AG-464-P13	262	OG0000769	K01923	phosphoribosylaminoimidazole-succinocarboxamide synthase [EC:6.3.2.6]	COG0152	PurC	Phosphoribosylaminoimidazole-succinocarboxamide synthase	AG-464-P13_00667	4
CACLNT010000008.1	10576	10818	+	AG-464-P13_00672	AG-464-P13	80	OG0000770	K23264	phosphoribosylformylglycinamidine synthase subunit PurS [EC:6.3.5.3]	COG1828	PurS	Phosphoribosylformylglycinamidine (FGAM) synthase, PurS subunit	AG-464-P13_00667	5
CACLZL010000003.1	106564	107247	-	AG-891-A05_00497	AG-891-A05	227	OG0000684	K23265	phosphoribosylformylglycinamidine synthase subunit PurQ / glutaminase [EC:6.3.5.3 3.5.1.2]	COG0047	PurL2	Phosphoribosylformylglycinamidine (FGAM) synthase, glutamine amidotransferase domain	AG-891-A05_00502	-5
CACLZL010000003.1	107251	107493	-	AG-891-A05_00498	AG-891-A05	80	OG0000770	K23264	phosphoribosylformylglycinamidine synthase subunit PurS [EC:6.3.5.3]	COG1828	PurS	Phosphoribosylformylglycinamidine (FGAM) synthase, PurS subunit	AG-891-A05_00502	-4
CACLZL010000003.1	107490	108275	-	AG-891-A05_00499	AG-891-A05	261	OG0000769	K01923	phosphoribosylaminoimidazole-succinocarboxamide synthase [EC:6.3.2.6]	COG0152	PurC	Phosphoribosylaminoimidazole-succinocarboxamide synthase	AG-891-A05_00502	-3
CACLZL010000003.1	108275	109567	-	AG-891-A05_00500	AG-891-A05	430	OG0000779	K01756	adenylosuccinate lyase [EC:4.3.2.2]	COG0015	PurB	Adenylosuccinate lyase	AG-891-A05_00502	-2
CACLZL010000003.1	109571	110341	-	AG-891-A05_00501	AG-891-A05	256	OG0000721	K01265	methionyl aminopeptidase [EC:3.4.11.18]	COG0024	Map	Methionine aminopeptidase	AG-891-A05_00502	-1
CACLZL010000003.1	110334	111032	-	AG-891-A05_00502	AG-891-A05	232	OG0000819	K06206	sugar fermentation stimulation protein A	COG1489	SfsA	DNA-binding protein, stimulates sugar fermentation	AG-891-A05_00502	0
CACLZL010000003.1	111053	111802	+	AG-891-A05_00503	AG-891-A05	249	OG0000807	NA	NA	COG1058	CinA	ADP-ribose pyrophosphatase domain of DNA damage- and competence-inducible protein CinA	AG-891-A05_00502	1
CACLZL010000003.1	111802	112203	+	AG-891-A05_00504	AG-891-A05	133	OG0001035	K00682	gamma-glutamylcyclotransferase [EC:4.3.2.9]	COG2105	YtfP	Predicted gamma-glutamylamine cyclotransferase YtfP, GGCT/AIG2-like family	AG-891-A05_00502	2
CACLZL010000003.1	112210	113502	+	AG-891-A05_00505	AG-891-A05	430	OG0001333	NA	NA	COG4091	NA	Predicted homoserine dehydrogenase, contains C-terminal SAF domain	AG-891-A05_00502	3
CACLZL010000003.1	113735	114493	+	AG-891-A05_00506	AG-891-A05	252	OG0002523	NA	NA	COG4642	NA	Uncharacterized conserved protein, contains MORN repeats	AG-891-A05_00502	4
CACLZL010000003.1	114718	116673	+	AG-891-A05_00508	AG-891-A05	651	OG0001337	K16568	exopolysaccharide production protein ExoZ	COG1835	OafA	Peptidoglycan/LPS O-acetylase OafA/YrhL, contains acyltransferase and SGNH-hydrolase domains	AG-891-A05_00502	5
CACMBY010000004.1	68481	69164	-	AG-891-C15_00634	AG-891-C15	227	OG0000684	K23265	phosphoribosylformylglycinamidine synthase subunit PurQ / glutaminase [EC:6.3.5.3 3.5.1.2]	COG0047	PurL2	Phosphoribosylformylglycinamidine (FGAM) synthase, glutamine amidotransferase domain	AG-891-C15_00639	-5
CACMBY010000004.1	69168	69410	-	AG-891-C15_00635	AG-891-C15	80	OG0000770	K23264	phosphoribosylformylglycinamidine synthase subunit PurS [EC:6.3.5.3]	COG1828	PurS	Phosphoribosylformylglycinamidine (FGAM) synthase, PurS subunit	AG-891-C15_00639	-4
CACMBY010000004.1	69407	70192	-	AG-891-C15_00636	AG-891-C15	261	OG0000769	K01923	phosphoribosylaminoimidazole-succinocarboxamide synthase [EC:6.3.2.6]	COG0152	PurC	Phosphoribosylaminoimidazole-succinocarboxamide synthase	AG-891-C15_00639	-3
CACMBY010000004.1	70192	71484	-	AG-891-C15_00637	AG-891-C15	430	OG0000779	K01756	adenylosuccinate lyase [EC:4.3.2.2]	COG0015	PurB	Adenylosuccinate lyase	AG-891-C15_00639	-2
CACMBY010000004.1	71488	72261	-	AG-891-C15_00638	AG-891-C15	257	OG0000721	K01265	methionyl aminopeptidase [EC:3.4.11.18]	COG0024	Map	Methionine aminopeptidase	AG-891-C15_00639	-1
CACMBY010000004.1	72254	72952	-	AG-891-C15_00639	AG-891-C15	232	OG0000819	K06206	sugar fermentation stimulation protein A	COG1489	SfsA	DNA-binding protein, stimulates sugar fermentation	AG-891-C15_00639	0
CACMBY010000004.1	72971	73720	+	AG-891-C15_00640	AG-891-C15	249	OG0000807	NA	NA	COG1058	CinA	ADP-ribose pyrophosphatase domain of DNA damage- and competence-inducible protein CinA	AG-891-C15_00639	1
CACMBY010000004.1	73721	74122	+	AG-891-C15_00641	AG-891-C15	133	OG0001035	K00682	gamma-glutamylcyclotransferase [EC:4.3.2.9]	COG2105	YtfP	Predicted gamma-glutamylamine cyclotransferase YtfP, GGCT/AIG2-like family	AG-891-C15_00639	2
CACMBY010000004.1	74117	75829	-	AG-891-C15_00642	AG-891-C15	570	OG0001331	NA	NA	COG2956	LapB	Lipopolysaccharide biosynthesis regulator YciM/LapB, contains six TPR domains and a C-terminal metal-binding domain	AG-891-C15_00639	3
CACMBY010000004.1	75892	77616	-	AG-891-C15_00643	AG-891-C15	574	OG0001383	NA	NA	COG0366	AmyA	Glycosidase/amylase (phosphorylase)	AG-891-C15_00639	4
CACMBY010000004.1	77616	78836	-	AG-891-C15_00644	AG-891-C15	406	OG0001273	K13693	glucosyl-3-phosphoglycerate synthase [EC:2.4.1.266]	NA	NA	NA	AG-891-C15_00639	5
CACMEG010000003.1	71770	72453	-	AG-891-E06_00713	AG-891-E06	227	OG0000684	K23265	phosphoribosylformylglycinamidine synthase subunit PurQ / glutaminase [EC:6.3.5.3 3.5.1.2]	COG0047	PurL2	Phosphoribosylformylglycinamidine (FGAM) synthase, glutamine amidotransferase domain	AG-891-E06_00718	-5
CACMEG010000003.1	72453	72686	-	AG-891-E06_00714	AG-891-E06	77	OG0000770	K23264	phosphoribosylformylglycinamidine synthase subunit PurS [EC:6.3.5.3]	COG1828	PurS	Phosphoribosylformylglycinamidine (FGAM) synthase, PurS subunit	AG-891-E06_00718	-4
CACMEG010000003.1	72683	73471	-	AG-891-E06_00715	AG-891-E06	262	OG0000769	K01923	phosphoribosylaminoimidazole-succinocarboxamide synthase [EC:6.3.2.6]	COG0152	PurC	Phosphoribosylaminoimidazole-succinocarboxamide synthase	AG-891-E06_00718	-3
CACMEG010000003.1	73471	74763	-	AG-891-E06_00716	AG-891-E06	430	OG0000779	K01756	adenylosuccinate lyase [EC:4.3.2.2]	COG0015	PurB	Adenylosuccinate lyase	AG-891-E06_00718	-2
CACMEG010000003.1	74763	75533	-	AG-891-E06_00717	AG-891-E06	256	OG0000721	K01265	methionyl aminopeptidase [EC:3.4.11.18]	COG0024	Map	Methionine aminopeptidase	AG-891-E06_00718	-1
CACMEG010000003.1	75526	76212	-	AG-891-E06_00718	AG-891-E06	228	OG0000819	K06206	sugar fermentation stimulation protein A	COG1489	SfsA	DNA-binding protein, stimulates sugar fermentation	AG-891-E06_00718	0
CACMEG010000003.1	76235	76978	+	AG-891-E06_00719	AG-891-E06	247	OG0000807	NA	NA	COG1058	CinA	ADP-ribose pyrophosphatase domain of DNA damage- and competence-inducible protein CinA	AG-891-E06_00718	1
CACMEG010000003.1	76985	77389	+	AG-891-E06_00720	AG-891-E06	134	OG0001035	K00682	gamma-glutamylcyclotransferase [EC:4.3.2.9]	COG2105	YtfP	Predicted gamma-glutamylamine cyclotransferase YtfP, GGCT/AIG2-like family	AG-891-E06_00718	2
CACMEG010000003.1	77390	78076	+	AG-891-E06_00721	AG-891-E06	228	OG0001044	NA	NA	COG1296	AzlC	Predicted branched-chain amino acid permease (azaleucine resistance)	AG-891-E06_00718	3
CACMEG010000003.1	78073	78384	+	AG-891-E06_00722	AG-891-E06	103	OG0001043	NA	NA	COG4392	AzlD2	Branched-chain amino acid transport protein	AG-891-E06_00718	4
CACMEG010000003.1	78381	80114	-	AG-891-E06_00723	AG-891-E06	577	OG0001383	NA	NA	COG0366	AmyA	Glycosidase/amylase (phosphorylase)	AG-891-E06_00718	5
CACMIH010000007.1	71623	72306	-	AG-891-I18_01226	AG-891-I18	227	OG0000684	K23265	phosphoribosylformylglycinamidine synthase subunit PurQ / glutaminase [EC:6.3.5.3 3.5.1.2]	COG0047	PurL2	Phosphoribosylformylglycinamidine (FGAM) synthase, glutamine amidotransferase domain	AG-891-I18_01231	-5
CACMIH010000007.1	72310	72552	-	AG-891-I18_01227	AG-891-I18	80	OG0000770	K23264	phosphoribosylformylglycinamidine synthase subunit PurS [EC:6.3.5.3]	COG1828	PurS	Phosphoribosylformylglycinamidine (FGAM) synthase, PurS subunit	AG-891-I18_01231	-4
CACMIH010000007.1	72549	73334	-	AG-891-I18_01228	AG-891-I18	261	OG0000769	K01923	phosphoribosylaminoimidazole-succinocarboxamide synthase [EC:6.3.2.6]	COG0152	PurC	Phosphoribosylaminoimidazole-succinocarboxamide synthase	AG-891-I18_01231	-3
CACMIH010000007.1	73334	74626	-	AG-891-I18_01229	AG-891-I18	430	OG0000779	K01756	adenylosuccinate lyase [EC:4.3.2.2]	COG0015	PurB	Adenylosuccinate lyase	AG-891-I18_01231	-2
CACMIH010000007.1	74630	75400	-	AG-891-I18_01230	AG-891-I18	256	OG0000721	K01265	methionyl aminopeptidase [EC:3.4.11.18]	COG0024	Map	Methionine aminopeptidase	AG-891-I18_01231	-1
CACMIH010000007.1	75393	76091	-	AG-891-I18_01231	AG-891-I18	232	OG0000819	K06206	sugar fermentation stimulation protein A	COG1489	SfsA	DNA-binding protein, stimulates sugar fermentation	AG-891-I18_01231	0
CACMIH010000007.1	76112	76861	+	AG-891-I18_01232	AG-891-I18	249	OG0000807	NA	NA	COG1058	CinA	ADP-ribose pyrophosphatase domain of DNA damage- and competence-inducible protein CinA	AG-891-I18_01231	1
CACMIH010000007.1	76861	77262	+	AG-891-I18_01233	AG-891-I18	133	OG0001035	K00682	gamma-glutamylcyclotransferase [EC:4.3.2.9]	COG2105	YtfP	Predicted gamma-glutamylamine cyclotransferase YtfP, GGCT/AIG2-like family	AG-891-I18_01231	2
CACMIH010000007.1	77270	78562	+	AG-891-I18_01234	AG-891-I18	430	OG0001333	NA	NA	COG4091	NA	Predicted homoserine dehydrogenase, contains C-terminal SAF domain	AG-891-I18_01231	3
CACMIH010000007.1	78697	79482	+	AG-891-I18_01235	AG-891-I18	261	OG0000088	NA	NA	COG0726	PgaB	Peptidoglycan/xylan/chitin deacetylase, PgdA/NodB/CDA1 family	AG-891-I18_01231	4
CACMIH010000007.1	79482	80312	+	AG-891-I18_01236	AG-891-I18	276	OG0000035	NA	NA	COG0223	Fmt	Methionyl-tRNA formyltransferase	AG-891-I18_01231	5
CACMIV010000003.1	81211	81930	-	AG-891-J04_01244	AG-891-J04	239	OG0000769	K01923	phosphoribosylaminoimidazole-succinocarboxamide synthase [EC:6.3.2.6]	COG0152	PurC	Phosphoribosylaminoimidazole-succinocarboxamide synthase	AG-891-J04_01249	-5
CACMIV010000003.1	82003	82332	+	AG-891-J04_01245	AG-891-J04	109	OG0001313	NA	NA	COG5467	NA	Uncharacterized conserved protein, DUF1476 domain	AG-891-J04_01249	-4
CACMIV010000003.1	82342	82581	+	AG-891-J04_01246	AG-891-J04	79	OG0002263	NA	NA	NA	NA	NA	AG-891-J04_01249	-3
CACMIV010000003.1	82583	83875	-	AG-891-J04_01247	AG-891-J04	430	OG0000779	K01756	adenylosuccinate lyase [EC:4.3.2.2]	COG0015	PurB	Adenylosuccinate lyase	AG-891-J04_01249	-2
CACMIV010000003.1	83900	84670	-	AG-891-J04_01248	AG-891-J04	256	OG0000721	K01265	methionyl aminopeptidase [EC:3.4.11.18]	COG0024	Map	Methionine aminopeptidase	AG-891-J04_01249	-1
CACMIV010000003.1	84667	85368	-	AG-891-J04_01249	AG-891-J04	233	OG0000819	K06206	sugar fermentation stimulation protein A	COG1489	SfsA	DNA-binding protein, stimulates sugar fermentation	AG-891-J04_01249	0
CACMIV010000003.1	85375	86100	+	AG-891-J04_01250	AG-891-J04	241	OG0000807	NA	NA	COG1058	CinA	ADP-ribose pyrophosphatase domain of DNA damage- and competence-inducible protein CinA	AG-891-J04_01249	1
CACMIV010000003.1	86222	86914	+	AG-891-J04_01251	AG-891-J04	230	OG0000236	K04643	sensory rhodopsin	COG5524	NA	Bacteriorhodopsin	AG-891-J04_01249	2
CACMIV010000003.1	87167	88054	+	AG-891-J04_01253	AG-891-J04	295	OG0001274	NA	NA	NA	NA	NA	AG-891-J04_01249	3
CACMIV010000003.1	88058	88918	+	AG-891-J04_01254	AG-891-J04	286	OG0001551	NA	NA	NA	NA	NA	AG-891-J04_01249	4
CACMIV010000003.1	88921	89688	-	AG-891-J04_01255	AG-891-J04	255	OG0000972	K00858	NAD+ kinase [EC:2.7.1.23]	COG0061	NadK	NAD kinase	AG-891-J04_01249	5
CACMIX010000001.1	311004	311687	-	AG-891-J07_00334	AG-891-J07	227	OG0000684	K23265	phosphoribosylformylglycinamidine synthase subunit PurQ / glutaminase [EC:6.3.5.3 3.5.1.2]	COG0047	PurL2	Phosphoribosylformylglycinamidine (FGAM) synthase, glutamine amidotransferase domain	AG-891-J07_00339	-5
CACMIX010000001.1	311691	311933	-	AG-891-J07_00335	AG-891-J07	80	OG0000770	K23264	phosphoribosylformylglycinamidine synthase subunit PurS [EC:6.3.5.3]	COG1828	PurS	Phosphoribosylformylglycinamidine (FGAM) synthase, PurS subunit	AG-891-J07_00339	-4
CACMIX010000001.1	311930	312715	-	AG-891-J07_00336	AG-891-J07	261	OG0000769	K01923	phosphoribosylaminoimidazole-succinocarboxamide synthase [EC:6.3.2.6]	COG0152	PurC	Phosphoribosylaminoimidazole-succinocarboxamide synthase	AG-891-J07_00339	-3
CACMIX010000001.1	312715	314007	-	AG-891-J07_00337	AG-891-J07	430	OG0000779	K01756	adenylosuccinate lyase [EC:4.3.2.2]	COG0015	PurB	Adenylosuccinate lyase	AG-891-J07_00339	-2
CACMIX010000001.1	314011	314781	-	AG-891-J07_00338	AG-891-J07	256	OG0000721	K01265	methionyl aminopeptidase [EC:3.4.11.18]	COG0024	Map	Methionine aminopeptidase	AG-891-J07_00339	-1
CACMIX010000001.1	314774	315472	-	AG-891-J07_00339	AG-891-J07	232	OG0000819	K06206	sugar fermentation stimulation protein A	COG1489	SfsA	DNA-binding protein, stimulates sugar fermentation	AG-891-J07_00339	0
CACMIX010000001.1	315493	316242	+	AG-891-J07_00340	AG-891-J07	249	OG0000807	NA	NA	COG1058	CinA	ADP-ribose pyrophosphatase domain of DNA damage- and competence-inducible protein CinA	AG-891-J07_00339	1
CACMIX010000001.1	316242	316643	+	AG-891-J07_00341	AG-891-J07	133	OG0001035	K00682	gamma-glutamylcyclotransferase [EC:4.3.2.9]	COG2105	YtfP	Predicted gamma-glutamylamine cyclotransferase YtfP, GGCT/AIG2-like family	AG-891-J07_00339	2
CACMIX010000001.1	316652	317947	+	AG-891-J07_00342	AG-891-J07	431	OG0001333	NA	NA	COG4091	NA	Predicted homoserine dehydrogenase, contains C-terminal SAF domain	AG-891-J07_00339	3
CACMIX010000001.1	317944	319215	-	AG-891-J07_00343	AG-891-J07	423	OG0001281	NA	NA	COG3408	GDB1	Glycogen debranching enzyme (alpha-1,6-glucosidase)	AG-891-J07_00339	4
CACMIX010000001.1	319212	320405	-	AG-891-J07_00344	AG-891-J07	397	OG0000002	NA	NA	COG0395	UgpE	ABC-type glycerol-3-phosphate transport system, permease component	AG-891-J07_00339	5
CACMND010000004.1	60859	62151	-	AG-891-N03_00633	AG-891-N03	430	OG0001333	NA	NA	COG4091	NA	Predicted homoserine dehydrogenase, contains C-terminal SAF domain	AG-891-N03_00638	-5
CACMND010000004.1	62156	62473	-	AG-891-N03_00634	AG-891-N03	105	OG0001043	NA	NA	COG4392	AzlD2	Branched-chain amino acid transport protein	AG-891-N03_00638	-4
CACMND010000004.1	62470	63156	-	AG-891-N03_00635	AG-891-N03	228	OG0001044	NA	NA	COG1296	AzlC	Predicted branched-chain amino acid permease (azaleucine resistance)	AG-891-N03_00638	-3
CACMND010000004.1	63160	63564	-	AG-891-N03_00636	AG-891-N03	134	OG0001035	K00682	gamma-glutamylcyclotransferase [EC:4.3.2.9]	COG2105	YtfP	Predicted gamma-glutamylamine cyclotransferase YtfP, GGCT/AIG2-like family	AG-891-N03_00638	-2
CACMND010000004.1	63567	64316	-	AG-891-N03_00637	AG-891-N03	249	OG0000807	NA	NA	COG1058	CinA	ADP-ribose pyrophosphatase domain of DNA damage- and competence-inducible protein CinA	AG-891-N03_00638	-1
CACMND010000004.1	64339	65025	+	AG-891-N03_00638	AG-891-N03	228	OG0000819	K06206	sugar fermentation stimulation protein A	COG1489	SfsA	DNA-binding protein, stimulates sugar fermentation	AG-891-N03_00638	0
CACMND010000004.1	65018	65788	+	AG-891-N03_00639	AG-891-N03	256	OG0000721	K01265	methionyl aminopeptidase [EC:3.4.11.18]	COG0024	Map	Methionine aminopeptidase	AG-891-N03_00638	1
CACMND010000004.1	65788	67080	+	AG-891-N03_00640	AG-891-N03	430	OG0000779	K01756	adenylosuccinate lyase [EC:4.3.2.2]	COG0015	PurB	Adenylosuccinate lyase	AG-891-N03_00638	2
CACMND010000004.1	67080	67865	+	AG-891-N03_00641	AG-891-N03	261	OG0000769	K01923	phosphoribosylaminoimidazole-succinocarboxamide synthase [EC:6.3.2.6]	COG0152	PurC	Phosphoribosylaminoimidazole-succinocarboxamide synthase	AG-891-N03_00638	3
CACMND010000004.1	67865	68044	+	AG-891-N03_00642	AG-891-N03	59	OG0000770	K23264	phosphoribosylformylglycinamidine synthase subunit PurS [EC:6.3.5.3]	COG1828	PurS	Phosphoribosylformylglycinamidine (FGAM) synthase, PurS subunit	AG-891-N03_00638	4
CACMND010000004.1	68103	68786	+	AG-891-N03_00643	AG-891-N03	227	OG0000684	K23265	phosphoribosylformylglycinamidine synthase subunit PurQ / glutaminase [EC:6.3.5.3 3.5.1.2]	COG0047	PurL2	Phosphoribosylformylglycinamidine (FGAM) synthase, glutamine amidotransferase domain	AG-891-N03_00638	5
CACMOZ010000004.1	4400	5071	-	AG-891-O15_00520	AG-891-O15	223	OG0000560	NA	NA	COG2890	HemK	Methylase of polypeptide chain release factors	AG-891-O15_00525	-5
CACMOZ010000004.1	5075	6022	-	AG-891-O15_00521	AG-891-O15	315	OG0001651	K00648	3-oxoacyl-[acyl-carrier-protein] synthase III [EC:2.3.1.180]	COG0332	FabH	3-oxoacyl-[acyl-carrier-protein] synthase III	AG-891-O15_00525	-4
CACMOZ010000004.1	6030	6770	-	AG-891-O15_00522	AG-891-O15	246	OG0001967	NA	NA	COG3233	NA	Predicted deacetylase	AG-891-O15_00525	-3
CACMOZ010000004.1	6897	7850	+	AG-891-O15_00523	AG-891-O15	317	OG0001428	NA	NA	COG0859	RfaF	ADP-heptose:LPS heptosyltransferase	AG-891-O15_00525	-2
CACMOZ010000004.1	7847	8605	-	AG-891-O15_00524	AG-891-O15	252	OG0000807	NA	NA	COG1058	CinA	ADP-ribose pyrophosphatase domain of DNA damage- and competence-inducible protein CinA	AG-891-O15_00525	-1
CACMOZ010000004.1	8623	9318	+	AG-891-O15_00525	AG-891-O15	231	OG0000819	K06206	sugar fermentation stimulation protein A	COG1489	SfsA	DNA-binding protein, stimulates sugar fermentation	AG-891-O15_00525	0
CACMOZ010000004.1	9315	10061	+	AG-891-O15_00526	AG-891-O15	248	OG0000721	K01265	methionyl aminopeptidase [EC:3.4.11.18]	COG0024	Map	Methionine aminopeptidase	AG-891-O15_00525	1
CACMOZ010000004.1	10076	11371	+	AG-891-O15_00527	AG-891-O15	431	OG0000779	K01756	adenylosuccinate lyase [EC:4.3.2.2]	COG0015	PurB	Adenylosuccinate lyase	AG-891-O15_00525	2
CACMOZ010000004.1	11376	12170	+	AG-891-O15_00528	AG-891-O15	264	OG0000769	K01923	phosphoribosylaminoimidazole-succinocarboxamide synthase [EC:6.3.2.6]	COG0152	PurC	Phosphoribosylaminoimidazole-succinocarboxamide synthase	AG-891-O15_00525	3
CACMOZ010000004.1	12172	12414	+	AG-891-O15_00529	AG-891-O15	80	OG0000770	K23264	phosphoribosylformylglycinamidine synthase subunit PurS [EC:6.3.5.3]	COG1828	PurS	Phosphoribosylformylglycinamidine (FGAM) synthase, PurS subunit	AG-891-O15_00525	4
CACMOZ010000004.1	12411	13088	+	AG-891-O15_00530	AG-891-O15	225	OG0000684	K23265	phosphoribosylformylglycinamidine synthase subunit PurQ / glutaminase [EC:6.3.5.3 3.5.1.2]	COG0047	PurL2	Phosphoribosylformylglycinamidine (FGAM) synthase, glutamine amidotransferase domain	AG-891-O15_00525	5
CACMRC010000003.1	95591	95950	-	AG-892-A22_00554	AG-892-A22	119	OG0001514	NA	NA	NA	NA	NA	AG-892-A22_00559	-5
CACMRC010000003.1	96235	97251	-	AG-892-A22_00555	AG-892-A22	338	OG0000037	NA	NA	COG0451	WcaG	Nucleoside-diphosphate-sugar epimerase	AG-892-A22_00559	-4
CACMRC010000003.1	97254	98381	-	AG-892-A22_00556	AG-892-A22	375	OG0002230	NA	NA	NA	NA	NA	AG-892-A22_00559	-3
CACMRC010000003.1	98398	98799	-	AG-892-A22_00557	AG-892-A22	133	OG0001035	K00682	gamma-glutamylcyclotransferase [EC:4.3.2.9]	COG2105	YtfP	Predicted gamma-glutamylamine cyclotransferase YtfP, GGCT/AIG2-like family	AG-892-A22_00559	-2
CACMRC010000003.1	98799	99548	-	AG-892-A22_00558	AG-892-A22	249	OG0000807	NA	NA	COG1058	CinA	ADP-ribose pyrophosphatase domain of DNA damage- and competence-inducible protein CinA	AG-892-A22_00559	-1
CACMRC010000003.1	99569	100267	+	AG-892-A22_00559	AG-892-A22	232	OG0000819	K06206	sugar fermentation stimulation protein A	COG1489	SfsA	DNA-binding protein, stimulates sugar fermentation	AG-892-A22_00559	0
CACMRC010000003.1	100260	101030	+	AG-892-A22_00560	AG-892-A22	256	OG0000721	K01265	methionyl aminopeptidase [EC:3.4.11.18]	COG0024	Map	Methionine aminopeptidase	AG-892-A22_00559	1
CACMRC010000003.1	101034	102326	+	AG-892-A22_00561	AG-892-A22	430	OG0000779	K01756	adenylosuccinate lyase [EC:4.3.2.2]	COG0015	PurB	Adenylosuccinate lyase	AG-892-A22_00559	2
CACMRC010000003.1	102326	103111	+	AG-892-A22_00562	AG-892-A22	261	OG0000769	K01923	phosphoribosylaminoimidazole-succinocarboxamide synthase [EC:6.3.2.6]	COG0152	PurC	Phosphoribosylaminoimidazole-succinocarboxamide synthase	AG-892-A22_00559	3
CACMRC010000003.1	103108	103350	+	AG-892-A22_00563	AG-892-A22	80	OG0000770	K23264	phosphoribosylformylglycinamidine synthase subunit PurS [EC:6.3.5.3]	COG1828	PurS	Phosphoribosylformylglycinamidine (FGAM) synthase, PurS subunit	AG-892-A22_00559	4
CACMRC010000003.1	103354	104037	+	AG-892-A22_00564	AG-892-A22	227	OG0000684	K23265	phosphoribosylformylglycinamidine synthase subunit PurQ / glutaminase [EC:6.3.5.3 3.5.1.2]	COG0047	PurL2	Phosphoribosylformylglycinamidine (FGAM) synthase, glutamine amidotransferase domain	AG-892-A22_00559	5
CACMSB010000006.1	60937	61620	-	AG-892-B11_01276	AG-892-B11	227	OG0000684	K23265	phosphoribosylformylglycinamidine synthase subunit PurQ / glutaminase [EC:6.3.5.3 3.5.1.2]	COG0047	PurL2	Phosphoribosylformylglycinamidine (FGAM) synthase, glutamine amidotransferase domain	AG-892-B11_01281	-5
CACMSB010000006.1	61624	61857	-	AG-892-B11_01277	AG-892-B11	77	OG0000770	K23264	phosphoribosylformylglycinamidine synthase subunit PurS [EC:6.3.5.3]	COG1828	PurS	Phosphoribosylformylglycinamidine (FGAM) synthase, PurS subunit	AG-892-B11_01281	-4
CACMSB010000006.1	61857	62642	-	AG-892-B11_01278	AG-892-B11	261	OG0000769	K01923	phosphoribosylaminoimidazole-succinocarboxamide synthase [EC:6.3.2.6]	COG0152	PurC	Phosphoribosylaminoimidazole-succinocarboxamide synthase	AG-892-B11_01281	-3
CACMSB010000006.1	62642	63934	-	AG-892-B11_01279	AG-892-B11	430	OG0000779	K01756	adenylosuccinate lyase [EC:4.3.2.2]	COG0015	PurB	Adenylosuccinate lyase	AG-892-B11_01281	-2
CACMSB010000006.1	63934	64704	-	AG-892-B11_01280	AG-892-B11	256	OG0000721	K01265	methionyl aminopeptidase [EC:3.4.11.18]	COG0024	Map	Methionine aminopeptidase	AG-892-B11_01281	-1
CACMSB010000006.1	64697	65383	-	AG-892-B11_01281	AG-892-B11	228	OG0000819	K06206	sugar fermentation stimulation protein A	COG1489	SfsA	DNA-binding protein, stimulates sugar fermentation	AG-892-B11_01281	0
CACMSB010000006.1	65406	66155	+	AG-892-B11_01282	AG-892-B11	249	OG0000807	NA	NA	COG1058	CinA	ADP-ribose pyrophosphatase domain of DNA damage- and competence-inducible protein CinA	AG-892-B11_01281	1
CACMSB010000006.1	66158	66562	+	AG-892-B11_01283	AG-892-B11	134	OG0001035	K00682	gamma-glutamylcyclotransferase [EC:4.3.2.9]	COG2105	YtfP	Predicted gamma-glutamylamine cyclotransferase YtfP, GGCT/AIG2-like family	AG-892-B11_01281	2
CACMSB010000006.1	66566	67252	+	AG-892-B11_01284	AG-892-B11	228	OG0001044	NA	NA	COG1296	AzlC	Predicted branched-chain amino acid permease (azaleucine resistance)	AG-892-B11_01281	3
CACMSB010000006.1	67249	67566	+	AG-892-B11_01285	AG-892-B11	105	OG0001043	NA	NA	COG4392	AzlD2	Branched-chain amino acid transport protein	AG-892-B11_01281	4
CACMSB010000006.1	67571	68863	+	AG-892-B11_01286	AG-892-B11	430	OG0001333	NA	NA	COG4091	NA	Predicted homoserine dehydrogenase, contains C-terminal SAF domain	AG-892-B11_01281	5
CACMVC010000001.1	51185	51979	+	AG-892-E08_00067	AG-892-E08	264	OG0001276	K07026	mannosyl-3-phosphoglycerate phosphatase [EC:3.1.3.70]	COG3769	YedP	Mannosyl-3-phosphoglycerate phosphatase YedP/MpgP, HAD superfamily	AG-892-E08_00072	-5
CACMVC010000001.1	51991	53211	+	AG-892-E08_00068	AG-892-E08	406	OG0001273	K13693	glucosyl-3-phosphoglycerate synthase [EC:2.4.1.266]	NA	NA	NA	AG-892-E08_00072	-4
CACMVC010000001.1	53211	54473	+	AG-892-E08_00069	AG-892-E08	420	OG0001281	NA	NA	COG3408	GDB1	Glycogen debranching enzyme (alpha-1,6-glucosidase)	AG-892-E08_00072	-3
CACMVC010000001.1	54470	54871	-	AG-892-E08_00070	AG-892-E08	133	OG0001035	K00682	gamma-glutamylcyclotransferase [EC:4.3.2.9]	COG2105	YtfP	Predicted gamma-glutamylamine cyclotransferase YtfP, GGCT/AIG2-like family	AG-892-E08_00072	-2
CACMVC010000001.1	54871	55620	-	AG-892-E08_00071	AG-892-E08	249	OG0000807	NA	NA	COG1058	CinA	ADP-ribose pyrophosphatase domain of DNA damage- and competence-inducible protein CinA	AG-892-E08_00072	-1
CACMVC010000001.1	55641	56339	+	AG-892-E08_00072	AG-892-E08	232	OG0000819	K06206	sugar fermentation stimulation protein A	COG1489	SfsA	DNA-binding protein, stimulates sugar fermentation	AG-892-E08_00072	0
CACMVC010000001.1	56332	57102	+	AG-892-E08_00073	AG-892-E08	256	OG0000721	K01265	methionyl aminopeptidase [EC:3.4.11.18]	COG0024	Map	Methionine aminopeptidase	AG-892-E08_00072	1
CACMVC010000001.1	57106	58398	+	AG-892-E08_00074	AG-892-E08	430	OG0000779	K01756	adenylosuccinate lyase [EC:4.3.2.2]	COG0015	PurB	Adenylosuccinate lyase	AG-892-E08_00072	2
CACMVC010000001.1	58398	59183	+	AG-892-E08_00075	AG-892-E08	261	OG0000769	K01923	phosphoribosylaminoimidazole-succinocarboxamide synthase [EC:6.3.2.6]	COG0152	PurC	Phosphoribosylaminoimidazole-succinocarboxamide synthase	AG-892-E08_00072	3
CACMVC010000001.1	59180	59422	+	AG-892-E08_00076	AG-892-E08	80	OG0000770	K23264	phosphoribosylformylglycinamidine synthase subunit PurS [EC:6.3.5.3]	COG1828	PurS	Phosphoribosylformylglycinamidine (FGAM) synthase, PurS subunit	AG-892-E08_00072	4
CACMVC010000001.1	59426	60109	+	AG-892-E08_00077	AG-892-E08	227	OG0000684	K23265	phosphoribosylformylglycinamidine synthase subunit PurQ / glutaminase [EC:6.3.5.3 3.5.1.2]	COG0047	PurL2	Phosphoribosylformylglycinamidine (FGAM) synthase, glutamine amidotransferase domain	AG-892-E08_00072	5
CACMWB010000003.1	95393	96076	-	AG-892-F02_00540	AG-892-F02	227	OG0000684	K23265	phosphoribosylformylglycinamidine synthase subunit PurQ / glutaminase [EC:6.3.5.3 3.5.1.2]	COG0047	PurL2	Phosphoribosylformylglycinamidine (FGAM) synthase, glutamine amidotransferase domain	AG-892-F02_00545	-5
CACMWB010000003.1	96080	96322	-	AG-892-F02_00541	AG-892-F02	80	OG0000770	K23264	phosphoribosylformylglycinamidine synthase subunit PurS [EC:6.3.5.3]	COG1828	PurS	Phosphoribosylformylglycinamidine (FGAM) synthase, PurS subunit	AG-892-F02_00545	-4
CACMWB010000003.1	96319	97104	-	AG-892-F02_00542	AG-892-F02	261	OG0000769	K01923	phosphoribosylaminoimidazole-succinocarboxamide synthase [EC:6.3.2.6]	COG0152	PurC	Phosphoribosylaminoimidazole-succinocarboxamide synthase	AG-892-F02_00545	-3
CACMWB010000003.1	97104	98396	-	AG-892-F02_00543	AG-892-F02	430	OG0000779	K01756	adenylosuccinate lyase [EC:4.3.2.2]	COG0015	PurB	Adenylosuccinate lyase	AG-892-F02_00545	-2
CACMWB010000003.1	98400	99170	-	AG-892-F02_00544	AG-892-F02	256	OG0000721	K01265	methionyl aminopeptidase [EC:3.4.11.18]	COG0024	Map	Methionine aminopeptidase	AG-892-F02_00545	-1
CACMWB010000003.1	99163	99861	-	AG-892-F02_00545	AG-892-F02	232	OG0000819	K06206	sugar fermentation stimulation protein A	COG1489	SfsA	DNA-binding protein, stimulates sugar fermentation	AG-892-F02_00545	0
CACMWB010000003.1	99882	100631	+	AG-892-F02_00546	AG-892-F02	249	OG0000807	NA	NA	COG1058	CinA	ADP-ribose pyrophosphatase domain of DNA damage- and competence-inducible protein CinA	AG-892-F02_00545	1
CACMWB010000003.1	100631	101032	+	AG-892-F02_00547	AG-892-F02	133	OG0001035	K00682	gamma-glutamylcyclotransferase [EC:4.3.2.9]	COG2105	YtfP	Predicted gamma-glutamylamine cyclotransferase YtfP, GGCT/AIG2-like family	AG-892-F02_00545	2
CACMWB010000003.1	101050	101739	-	AG-892-F02_00548	AG-892-F02	229	OG0001331	NA	NA	COG0859	RfaF	ADP-heptose:LPS heptosyltransferase	AG-892-F02_00545	3
CACMWQ010000002.1	150982	152271	-	AG-892-F15_00512	AG-892-F15	429	OG0001333	NA	NA	COG4091	NA	Predicted homoserine dehydrogenase, contains C-terminal SAF domain	AG-892-F15_00517	-5
CACMWQ010000002.1	152276	152593	-	AG-892-F15_00513	AG-892-F15	105	OG0001043	NA	NA	COG4392	AzlD2	Branched-chain amino acid transport protein	AG-892-F15_00517	-4
CACMWQ010000002.1	152590	153276	-	AG-892-F15_00514	AG-892-F15	228	OG0001044	NA	NA	COG1296	AzlC	Predicted branched-chain amino acid permease (azaleucine resistance)	AG-892-F15_00517	-3
CACMWQ010000002.1	153280	153684	-	AG-892-F15_00515	AG-892-F15	134	OG0001035	K00682	gamma-glutamylcyclotransferase [EC:4.3.2.9]	COG2105	YtfP	Predicted gamma-glutamylamine cyclotransferase YtfP, GGCT/AIG2-like family	AG-892-F15_00517	-2
CACMWQ010000002.1	153686	154435	-	AG-892-F15_00516	AG-892-F15	249	OG0000807	NA	NA	COG1058	CinA	ADP-ribose pyrophosphatase domain of DNA damage- and competence-inducible protein CinA	AG-892-F15_00517	-1
CACMWQ010000002.1	154458	155144	+	AG-892-F15_00517	AG-892-F15	228	OG0000819	K06206	sugar fermentation stimulation protein A	COG1489	SfsA	DNA-binding protein, stimulates sugar fermentation	AG-892-F15_00517	0
CACMWQ010000002.1	155137	155907	+	AG-892-F15_00518	AG-892-F15	256	OG0000721	K01265	methionyl aminopeptidase [EC:3.4.11.18]	COG0024	Map	Methionine aminopeptidase	AG-892-F15_00517	1
CACMWQ010000002.1	155907	157199	+	AG-892-F15_00519	AG-892-F15	430	OG0000779	K01756	adenylosuccinate lyase [EC:4.3.2.2]	COG0015	PurB	Adenylosuccinate lyase	AG-892-F15_00517	2
CACMWQ010000002.1	157199	157984	+	AG-892-F15_00520	AG-892-F15	261	OG0000769	K01923	phosphoribosylaminoimidazole-succinocarboxamide synthase [EC:6.3.2.6]	COG0152	PurC	Phosphoribosylaminoimidazole-succinocarboxamide synthase	AG-892-F15_00517	3
CACMWQ010000002.1	157984	158217	+	AG-892-F15_00521	AG-892-F15	77	OG0000770	K23264	phosphoribosylformylglycinamidine synthase subunit PurS [EC:6.3.5.3]	COG1828	PurS	Phosphoribosylformylglycinamidine (FGAM) synthase, PurS subunit	AG-892-F15_00517	4
CACMWQ010000002.1	158221	158904	+	AG-892-F15_00522	AG-892-F15	227	OG0000684	K23265	phosphoribosylformylglycinamidine synthase subunit PurQ / glutaminase [EC:6.3.5.3 3.5.1.2]	COG0047	PurL2	Phosphoribosylformylglycinamidine (FGAM) synthase, glutamine amidotransferase domain	AG-892-F15_00517	5
CACMZL010000001.1	180759	182051	-	AG-892-J03_00216	AG-892-J03	430	OG0001333	NA	NA	COG4091	NA	Predicted homoserine dehydrogenase, contains C-terminal SAF domain	AG-892-J03_00221	-5
CACMZL010000001.1	182056	182373	-	AG-892-J03_00217	AG-892-J03	105	OG0001043	NA	NA	COG4392	AzlD2	Branched-chain amino acid transport protein	AG-892-J03_00221	-4
CACMZL010000001.1	182370	183056	-	AG-892-J03_00218	AG-892-J03	228	OG0001044	NA	NA	COG1296	AzlC	Predicted branched-chain amino acid permease (azaleucine resistance)	AG-892-J03_00221	-3
CACMZL010000001.1	183060	183464	-	AG-892-J03_00219	AG-892-J03	134	OG0001035	K00682	gamma-glutamylcyclotransferase [EC:4.3.2.9]	COG2105	YtfP	Predicted gamma-glutamylamine cyclotransferase YtfP, GGCT/AIG2-like family	AG-892-J03_00221	-2
CACMZL010000001.1	183467	184216	-	AG-892-J03_00220	AG-892-J03	249	OG0000807	NA	NA	COG1058	CinA	ADP-ribose pyrophosphatase domain of DNA damage- and competence-inducible protein CinA	AG-892-J03_00221	-1
CACMZL010000001.1	184239	184925	+	AG-892-J03_00221	AG-892-J03	228	OG0000819	K06206	sugar fermentation stimulation protein A	COG1489	SfsA	DNA-binding protein, stimulates sugar fermentation	AG-892-J03_00221	0
CACMZL010000001.1	184918	185688	+	AG-892-J03_00222	AG-892-J03	256	OG0000721	K01265	methionyl aminopeptidase [EC:3.4.11.18]	COG0024	Map	Methionine aminopeptidase	AG-892-J03_00221	1
CACMZL010000001.1	185688	186980	+	AG-892-J03_00223	AG-892-J03	430	OG0000779	K01756	adenylosuccinate lyase [EC:4.3.2.2]	COG0015	PurB	Adenylosuccinate lyase	AG-892-J03_00221	2
CACMZL010000001.1	186980	187765	+	AG-892-J03_00224	AG-892-J03	261	OG0000769	K01923	phosphoribosylaminoimidazole-succinocarboxamide synthase [EC:6.3.2.6]	COG0152	PurC	Phosphoribosylaminoimidazole-succinocarboxamide synthase	AG-892-J03_00221	3
CACMZL010000001.1	187765	187998	+	AG-892-J03_00225	AG-892-J03	77	OG0000770	K23264	phosphoribosylformylglycinamidine synthase subunit PurS [EC:6.3.5.3]	COG1828	PurS	Phosphoribosylformylglycinamidine (FGAM) synthase, PurS subunit	AG-892-J03_00221	4
CACMZL010000001.1	188002	188685	+	AG-892-J03_00226	AG-892-J03	227	OG0000684	K23265	phosphoribosylformylglycinamidine synthase subunit PurQ / glutaminase [EC:6.3.5.3 3.5.1.2]	COG0047	PurL2	Phosphoribosylformylglycinamidine (FGAM) synthase, glutamine amidotransferase domain	AG-892-J03_00221	5
CACNAR010000022.1	904	1677	-	AG-892-K05_01121	AG-892-K05	257	OG0000721	K01265	methionyl aminopeptidase [EC:3.4.11.18]	COG0024	Map	Methionine aminopeptidase	AG-892-K05_01122	-1
CACNAR010000022.1	1670	2095	-	AG-892-K05_01122	AG-892-K05	141	OG0000819	K06206	sugar fermentation stimulation protein A	COG1489	SfsA	DNA-binding protein, stimulates sugar fermentation	AG-892-K05_01122	0
CACNBC010000005.1	70662	71345	-	AG-892-K09_00732	AG-892-K09	227	OG0000684	K23265	phosphoribosylformylglycinamidine synthase subunit PurQ / glutaminase [EC:6.3.5.3 3.5.1.2]	COG0047	PurL2	Phosphoribosylformylglycinamidine (FGAM) synthase, glutamine amidotransferase domain	AG-892-K09_00737	-5
CACNBC010000005.1	71353	71586	-	AG-892-K09_00733	AG-892-K09	77	OG0000770	K23264	phosphoribosylformylglycinamidine synthase subunit PurS [EC:6.3.5.3]	COG1828	PurS	Phosphoribosylformylglycinamidine (FGAM) synthase, PurS subunit	AG-892-K09_00737	-4
CACNBC010000005.1	71583	72365	-	AG-892-K09_00734	AG-892-K09	260	OG0000769	K01923	phosphoribosylaminoimidazole-succinocarboxamide synthase [EC:6.3.2.6]	COG0152	PurC	Phosphoribosylaminoimidazole-succinocarboxamide synthase	AG-892-K09_00737	-3
CACNBC010000005.1	72365	73657	-	AG-892-K09_00735	AG-892-K09	430	OG0000779	K01756	adenylosuccinate lyase [EC:4.3.2.2]	COG0015	PurB	Adenylosuccinate lyase	AG-892-K09_00737	-2
CACNBC010000005.1	73663	74433	-	AG-892-K09_00736	AG-892-K09	256	OG0000721	K01265	methionyl aminopeptidase [EC:3.4.11.18]	COG0024	Map	Methionine aminopeptidase	AG-892-K09_00737	-1
CACNBC010000005.1	74426	75109	-	AG-892-K09_00737	AG-892-K09	227	OG0000819	K06206	sugar fermentation stimulation protein A	COG1489	SfsA	DNA-binding protein, stimulates sugar fermentation	AG-892-K09_00737	0
CACNBC010000005.1	75132	75884	+	AG-892-K09_00738	AG-892-K09	250	OG0000807	NA	NA	COG1058	CinA	ADP-ribose pyrophosphatase domain of DNA damage- and competence-inducible protein CinA	AG-892-K09_00737	1
CACNBC010000005.1	75886	76293	+	AG-892-K09_00739	AG-892-K09	135	OG0001035	K00682	gamma-glutamylcyclotransferase [EC:4.3.2.9]	COG2105	YtfP	Predicted gamma-glutamylamine cyclotransferase YtfP, GGCT/AIG2-like family	AG-892-K09_00737	2
CACNBC010000005.1	76312	77754	-	AG-892-K09_00740	AG-892-K09	480	OG0001158	NA	NA	COG2308	NA	Circularly permuted ATP-grasp protein	AG-892-K09_00737	3
CACNBC010000005.1	77861	78583	+	AG-892-K09_00741	AG-892-K09	240	OG0001204	K07395	putative proteasome-type protease	COG3484	NA	Predicted proteasome-type protease	AG-892-K09_00737	4
CACNBC010000005.1	78793	79896	+	AG-892-K09_00742	AG-892-K09	367	OG0000940	K00605	aminomethyltransferase [EC:2.1.2.10]	COG0404	GcvT	Glycine cleavage system protein T (aminomethyltransferase)	AG-892-K09_00737	5
CACNCJ010000005.1	9362	11188	+	AG-892-L17_00585	AG-892-L17	608	OG0002722	NA	NA	NA	NA	NA	AG-892-L17_00591	-5
CACNCJ010000005.1	11203	11973	-	AG-892-L17_00586	AG-892-L17	256	OG0000972	K00858	NAD+ kinase [EC:2.7.1.23]	COG0061	NadK	NAD kinase	AG-892-L17_00591	-4
CACNCJ010000005.1	12190	13245	-	AG-892-L17_00588	AG-892-L17	351	OG0000067	NA	NA	COG0265	DegQ	Periplasmic serine protease DegP/DegQ, contain C-terminal PDZ domain	AG-892-L17_00591	-3
CACNCJ010000005.1	13532	13936	-	AG-892-L17_00589	AG-892-L17	134	OG0001035	K00682	gamma-glutamylcyclotransferase [EC:4.3.2.9]	COG2105	YtfP	Predicted gamma-glutamylamine cyclotransferase YtfP, GGCT/AIG2-like family	AG-892-L17_00591	-2
CACNCJ010000005.1	13936	14685	-	AG-892-L17_00590	AG-892-L17	249	OG0000807	NA	NA	COG1058	CinA	ADP-ribose pyrophosphatase domain of DNA damage- and competence-inducible protein CinA	AG-892-L17_00591	-1
CACNCJ010000005.1	14706	15404	+	AG-892-L17_00591	AG-892-L17	232	OG0000819	K06206	sugar fermentation stimulation protein A	COG1489	SfsA	DNA-binding protein, stimulates sugar fermentation	AG-892-L17_00591	0
CACNCJ010000005.1	15397	16167	+	AG-892-L17_00592	AG-892-L17	256	OG0000721	K01265	methionyl aminopeptidase [EC:3.4.11.18]	COG0024	Map	Methionine aminopeptidase	AG-892-L17_00591	1
CACNCJ010000005.1	16171	17463	+	AG-892-L17_00593	AG-892-L17	430	OG0000779	K01756	adenylosuccinate lyase [EC:4.3.2.2]	COG0015	PurB	Adenylosuccinate lyase	AG-892-L17_00591	2
CACNCJ010000005.1	17463	18248	+	AG-892-L17_00594	AG-892-L17	261	OG0000769	K01923	phosphoribosylaminoimidazole-succinocarboxamide synthase [EC:6.3.2.6]	COG0152	PurC	Phosphoribosylaminoimidazole-succinocarboxamide synthase	AG-892-L17_00591	3
CACNCJ010000005.1	18245	18892	+	AG-892-L17_00595	AG-892-L17	215	OG0000601	K02601	transcription termination/antitermination protein NusG	COG0250	NusG	Transcription termination/antitermination protein NusG	AG-892-L17_00591	4
CACNCJ010000005.1	18892	19317	+	AG-892-L17_00596	AG-892-L17	141	OG0000619	K02867	large subunit ribosomal protein L11	COG0080	RplK	Ribosomal protein L11	AG-892-L17_00591	5
CACNLV010000001.1	721465	723189	+	AG-893-F11_00772	AG-893-F11	574	OG0001383	NA	NA	COG0366	AmyA	Glycosidase/amylase (phosphorylase)	AG-893-F11_00777	-5
CACNLV010000001.1	723191	723916	-	AG-893-F11_00773	AG-893-F11	241	OG0001204	K07395	putative proteasome-type protease	COG3484	NA	Predicted proteasome-type protease	AG-893-F11_00777	-4
CACNLV010000001.1	724026	725468	+	AG-893-F11_00774	AG-893-F11	480	OG0001158	NA	NA	COG2308	NA	Circularly permuted ATP-grasp protein	AG-893-F11_00777	-3
CACNLV010000001.1	725476	725877	-	AG-893-F11_00775	AG-893-F11	133	OG0001035	K00682	gamma-glutamylcyclotransferase [EC:4.3.2.9]	COG2105	YtfP	Predicted gamma-glutamylamine cyclotransferase YtfP, GGCT/AIG2-like family	AG-893-F11_00777	-2
CACNLV010000001.1	725878	726627	-	AG-893-F11_00776	AG-893-F11	249	OG0000807	NA	NA	COG1058	CinA	ADP-ribose pyrophosphatase domain of DNA damage- and competence-inducible protein CinA	AG-893-F11_00777	-1
CACNLV010000001.1	726649	727347	+	AG-893-F11_00777	AG-893-F11	232	OG0000819	K06206	sugar fermentation stimulation protein A	COG1489	SfsA	DNA-binding protein, stimulates sugar fermentation	AG-893-F11_00777	0
CACNLV010000001.1	727340	728113	+	AG-893-F11_00778	AG-893-F11	257	OG0000721	K01265	methionyl aminopeptidase [EC:3.4.11.18]	COG0024	Map	Methionine aminopeptidase	AG-893-F11_00777	1
CACNLV010000001.1	728113	729405	+	AG-893-F11_00779	AG-893-F11	430	OG0000779	K01756	adenylosuccinate lyase [EC:4.3.2.2]	COG0015	PurB	Adenylosuccinate lyase	AG-893-F11_00777	2
CACNLV010000001.1	729405	730190	+	AG-893-F11_00780	AG-893-F11	261	OG0000769	K01923	phosphoribosylaminoimidazole-succinocarboxamide synthase [EC:6.3.2.6]	COG0152	PurC	Phosphoribosylaminoimidazole-succinocarboxamide synthase	AG-893-F11_00777	3
CACNLV010000001.1	730187	730429	+	AG-893-F11_00781	AG-893-F11	80	OG0000770	K23264	phosphoribosylformylglycinamidine synthase subunit PurS [EC:6.3.5.3]	COG1828	PurS	Phosphoribosylformylglycinamidine (FGAM) synthase, PurS subunit	AG-893-F11_00777	4
CACNLV010000001.1	730433	731116	+	AG-893-F11_00782	AG-893-F11	227	OG0000684	K23265	phosphoribosylformylglycinamidine synthase subunit PurQ / glutaminase [EC:6.3.5.3 3.5.1.2]	COG0047	PurL2	Phosphoribosylformylglycinamidine (FGAM) synthase, glutamine amidotransferase domain	AG-893-F11_00777	5
CACNOT010000006.1	21908	22591	-	AG-893-I20_00923	AG-893-I20	227	OG0000684	K23265	phosphoribosylformylglycinamidine synthase subunit PurQ / glutaminase [EC:6.3.5.3 3.5.1.2]	COG0047	PurL2	Phosphoribosylformylglycinamidine (FGAM) synthase, glutamine amidotransferase domain	AG-893-I20_00928	-5
CACNOT010000006.1	22595	22837	-	AG-893-I20_00924	AG-893-I20	80	OG0000770	K23264	phosphoribosylformylglycinamidine synthase subunit PurS [EC:6.3.5.3]	COG1828	PurS	Phosphoribosylformylglycinamidine (FGAM) synthase, PurS subunit	AG-893-I20_00928	-4
CACNOT010000006.1	22834	23619	-	AG-893-I20_00925	AG-893-I20	261	OG0000769	K01923	phosphoribosylaminoimidazole-succinocarboxamide synthase [EC:6.3.2.6]	COG0152	PurC	Phosphoribosylaminoimidazole-succinocarboxamide synthase	AG-893-I20_00928	-3
CACNOT010000006.1	23619	24911	-	AG-893-I20_00926	AG-893-I20	430	OG0000779	K01756	adenylosuccinate lyase [EC:4.3.2.2]	COG0015	PurB	Adenylosuccinate lyase	AG-893-I20_00928	-2
CACNOT010000006.1	24915	25688	-	AG-893-I20_00927	AG-893-I20	257	OG0000721	K01265	methionyl aminopeptidase [EC:3.4.11.18]	COG0024	Map	Methionine aminopeptidase	AG-893-I20_00928	-1
CACNOT010000006.1	25681	26379	-	AG-893-I20_00928	AG-893-I20	232	OG0000819	K06206	sugar fermentation stimulation protein A	COG1489	SfsA	DNA-binding protein, stimulates sugar fermentation	AG-893-I20_00928	0
CACNOT010000006.1	26400	27149	+	AG-893-I20_00929	AG-893-I20	249	OG0000807	NA	NA	COG1058	CinA	ADP-ribose pyrophosphatase domain of DNA damage- and competence-inducible protein CinA	AG-893-I20_00928	1
CACNOT010000006.1	27150	27554	+	AG-893-I20_00930	AG-893-I20	134	OG0001035	K00682	gamma-glutamylcyclotransferase [EC:4.3.2.9]	COG2105	YtfP	Predicted gamma-glutamylamine cyclotransferase YtfP, GGCT/AIG2-like family	AG-893-I20_00928	2
CACNOT010000006.1	27560	29281	-	AG-893-I20_00931	AG-893-I20	573	OG0001383	NA	NA	COG0366	AmyA	Glycosidase/amylase (phosphorylase)	AG-893-I20_00928	3
CACNOT010000006.1	29281	30102	-	AG-893-I20_00932	AG-893-I20	273	OG0001273	K13693	glucosyl-3-phosphoglycerate synthase [EC:2.4.1.266]	NA	NA	NA	AG-893-I20_00928	4
CACNOT010000006.1	30200	30502	-	AG-893-I20_00933	AG-893-I20	100	OG0001273	NA	NA	NA	NA	NA	AG-893-I20_00928	5
CACNPC010000003.1	144354	145646	-	AG-893-J08_00772	AG-893-J08	430	OG0001333	NA	NA	COG4091	NA	Predicted homoserine dehydrogenase, contains C-terminal SAF domain	AG-893-J08_00777	-5
CACNPC010000003.1	145651	145968	-	AG-893-J08_00773	AG-893-J08	105	OG0001043	NA	NA	COG4392	AzlD2	Branched-chain amino acid transport protein	AG-893-J08_00777	-4
CACNPC010000003.1	145965	146651	-	AG-893-J08_00774	AG-893-J08	228	OG0001044	NA	NA	COG1296	AzlC	Predicted branched-chain amino acid permease (azaleucine resistance)	AG-893-J08_00777	-3
CACNPC010000003.1	146655	147059	-	AG-893-J08_00775	AG-893-J08	134	OG0001035	K00682	gamma-glutamylcyclotransferase [EC:4.3.2.9]	COG2105	YtfP	Predicted gamma-glutamylamine cyclotransferase YtfP, GGCT/AIG2-like family	AG-893-J08_00777	-2
CACNPC010000003.1	147062	147811	-	AG-893-J08_00776	AG-893-J08	249	OG0000807	NA	NA	COG1058	CinA	ADP-ribose pyrophosphatase domain of DNA damage- and competence-inducible protein CinA	AG-893-J08_00777	-1
CACNPC010000003.1	147834	148520	+	AG-893-J08_00777	AG-893-J08	228	OG0000819	K06206	sugar fermentation stimulation protein A	COG1489	SfsA	DNA-binding protein, stimulates sugar fermentation	AG-893-J08_00777	0
CACNPC010000003.1	148513	149283	+	AG-893-J08_00778	AG-893-J08	256	OG0000721	K01265	methionyl aminopeptidase [EC:3.4.11.18]	COG0024	Map	Methionine aminopeptidase	AG-893-J08_00777	1
CACNPC010000003.1	149283	150575	+	AG-893-J08_00779	AG-893-J08	430	OG0000779	K01756	adenylosuccinate lyase [EC:4.3.2.2]	COG0015	PurB	Adenylosuccinate lyase	AG-893-J08_00777	2
CACNPC010000003.1	150575	151360	+	AG-893-J08_00780	AG-893-J08	261	OG0000769	K01923	phosphoribosylaminoimidazole-succinocarboxamide synthase [EC:6.3.2.6]	COG0152	PurC	Phosphoribosylaminoimidazole-succinocarboxamide synthase	AG-893-J08_00777	3
CACNPC010000003.1	151360	151593	+	AG-893-J08_00781	AG-893-J08	77	OG0000770	K23264	phosphoribosylformylglycinamidine synthase subunit PurS [EC:6.3.5.3]	COG1828	PurS	Phosphoribosylformylglycinamidine (FGAM) synthase, PurS subunit	AG-893-J08_00777	4
CACNPC010000003.1	151597	152280	+	AG-893-J08_00782	AG-893-J08	227	OG0000684	K23265	phosphoribosylformylglycinamidine synthase subunit PurQ / glutaminase [EC:6.3.5.3 3.5.1.2]	COG0047	PurL2	Phosphoribosylformylglycinamidine (FGAM) synthase, glutamine amidotransferase domain	AG-893-J08_00777	5
CACNQD010000003.1	45178	45861	-	AG-893-K09_00731	AG-893-K09	227	OG0000684	K23265	phosphoribosylformylglycinamidine synthase subunit PurQ / glutaminase [EC:6.3.5.3 3.5.1.2]	COG0047	PurL2	Phosphoribosylformylglycinamidine (FGAM) synthase, glutamine amidotransferase domain	AG-893-K09_00736	-5
CACNQD010000003.1	45863	46096	-	AG-893-K09_00732	AG-893-K09	77	OG0000770	K23264	phosphoribosylformylglycinamidine synthase subunit PurS [EC:6.3.5.3]	COG1828	PurS	Phosphoribosylformylglycinamidine (FGAM) synthase, PurS subunit	AG-893-K09_00736	-4
CACNQD010000003.1	46093	46881	-	AG-893-K09_00733	AG-893-K09	262	OG0000769	K01923	phosphoribosylaminoimidazole-succinocarboxamide synthase [EC:6.3.2.6]	COG0152	PurC	Phosphoribosylaminoimidazole-succinocarboxamide synthase	AG-893-K09_00736	-3
CACNQD010000003.1	46881	48173	-	AG-893-K09_00734	AG-893-K09	430	OG0000779	K01756	adenylosuccinate lyase [EC:4.3.2.2]	COG0015	PurB	Adenylosuccinate lyase	AG-893-K09_00736	-2
CACNQD010000003.1	48173	48943	-	AG-893-K09_00735	AG-893-K09	256	OG0000721	K01265	methionyl aminopeptidase [EC:3.4.11.18]	COG0024	Map	Methionine aminopeptidase	AG-893-K09_00736	-1
CACNQD010000003.1	48936	49622	-	AG-893-K09_00736	AG-893-K09	228	OG0000819	K06206	sugar fermentation stimulation protein A	COG1489	SfsA	DNA-binding protein, stimulates sugar fermentation	AG-893-K09_00736	0
CACNQD010000003.1	49645	50388	+	AG-893-K09_00737	AG-893-K09	247	OG0000807	NA	NA	COG1058	CinA	ADP-ribose pyrophosphatase domain of DNA damage- and competence-inducible protein CinA	AG-893-K09_00736	1
CACNQD010000003.1	50395	50799	+	AG-893-K09_00738	AG-893-K09	134	OG0001035	K00682	gamma-glutamylcyclotransferase [EC:4.3.2.9]	COG2105	YtfP	Predicted gamma-glutamylamine cyclotransferase YtfP, GGCT/AIG2-like family	AG-893-K09_00736	2
CACNQD010000003.1	50800	51486	+	AG-893-K09_00739	AG-893-K09	228	OG0001044	NA	NA	COG1296	AzlC	Predicted branched-chain amino acid permease (azaleucine resistance)	AG-893-K09_00736	3
CACNQD010000003.1	51483	51794	+	AG-893-K09_00740	AG-893-K09	103	OG0001043	NA	NA	COG4392	AzlD2	Branched-chain amino acid transport protein	AG-893-K09_00736	4
CACNQD010000003.1	51791	53521	-	AG-893-K09_00741	AG-893-K09	576	OG0001383	NA	NA	COG0366	AmyA	Glycosidase/amylase (phosphorylase)	AG-893-K09_00736	5
CACNRC010000002.1	24321	24563	-	AG-893-L07_00448	AG-893-L07	80	OG0002391	NA	NA	NA	NA	NA	AG-893-L07_00453	-5
CACNRC010000002.1	24592	24903	-	AG-893-L07_00449	AG-893-L07	103	OG0001043	NA	NA	COG4392	AzlD2	Branched-chain amino acid transport protein	AG-893-L07_00453	-4
CACNRC010000002.1	24900	25586	-	AG-893-L07_00450	AG-893-L07	228	OG0001044	NA	NA	COG1296	AzlC	Predicted branched-chain amino acid permease (azaleucine resistance)	AG-893-L07_00453	-3
CACNRC010000002.1	25587	25994	-	AG-893-L07_00451	AG-893-L07	135	OG0001035	K00682	gamma-glutamylcyclotransferase [EC:4.3.2.9]	COG2105	YtfP	Predicted gamma-glutamylamine cyclotransferase YtfP, GGCT/AIG2-like family	AG-893-L07_00453	-2
CACNRC010000002.1	25994	26746	-	AG-893-L07_00452	AG-893-L07	250	OG0000807	NA	NA	COG1058	CinA	ADP-ribose pyrophosphatase domain of DNA damage- and competence-inducible protein CinA	AG-893-L07_00453	-1
CACNRC010000002.1	26769	27455	+	AG-893-L07_00453	AG-893-L07	228	OG0000819	K06206	sugar fermentation stimulation protein A	COG1489	SfsA	DNA-binding protein, stimulates sugar fermentation	AG-893-L07_00453	0
CACNRC010000002.1	27448	28218	+	AG-893-L07_00454	AG-893-L07	256	OG0000721	K01265	methionyl aminopeptidase [EC:3.4.11.18]	COG0024	Map	Methionine aminopeptidase	AG-893-L07_00453	1
CACNRC010000002.1	28218	29510	+	AG-893-L07_00455	AG-893-L07	430	OG0000779	K01756	adenylosuccinate lyase [EC:4.3.2.2]	COG0015	PurB	Adenylosuccinate lyase	AG-893-L07_00453	2
CACNRC010000002.1	29510	30295	+	AG-893-L07_00456	AG-893-L07	261	OG0000769	K01923	phosphoribosylaminoimidazole-succinocarboxamide synthase [EC:6.3.2.6]	COG0152	PurC	Phosphoribosylaminoimidazole-succinocarboxamide synthase	AG-893-L07_00453	3
CACNRC010000002.1	30292	30525	+	AG-893-L07_00457	AG-893-L07	77	OG0000770	K23264	phosphoribosylformylglycinamidine synthase subunit PurS [EC:6.3.5.3]	COG1828	PurS	Phosphoribosylformylglycinamidine (FGAM) synthase, PurS subunit	AG-893-L07_00453	4
CACNRC010000002.1	30533	31213	+	AG-893-L07_00458	AG-893-L07	226	OG0000684	K23265	phosphoribosylformylglycinamidine synthase subunit PurQ / glutaminase [EC:6.3.5.3 3.5.1.2]	COG0047	PurL2	Phosphoribosylformylglycinamidine (FGAM) synthase, glutamine amidotransferase domain	AG-893-L07_00453	5
CACNRV010000009.1	1	384	+	AG-893-L13_00919	AG-893-L13	127	OG0000819	K06206	sugar fermentation stimulation protein A	COG1489	SfsA	DNA-binding protein, stimulates sugar fermentation	AG-893-L13_00919	0
CACNRV010000009.1	377	1147	+	AG-893-L13_00920	AG-893-L13	256	OG0000721	K01265	methionyl aminopeptidase [EC:3.4.11.18]	COG0024	Map	Methionine aminopeptidase	AG-893-L13_00919	1
CACNRV010000009.1	1147	2439	+	AG-893-L13_00921	AG-893-L13	430	OG0000779	K01756	adenylosuccinate lyase [EC:4.3.2.2]	COG0015	PurB	Adenylosuccinate lyase	AG-893-L13_00919	2
CACNRV010000009.1	2439	3224	+	AG-893-L13_00922	AG-893-L13	261	OG0000769	K01923	phosphoribosylaminoimidazole-succinocarboxamide synthase [EC:6.3.2.6]	COG0152	PurC	Phosphoribosylaminoimidazole-succinocarboxamide synthase	AG-893-L13_00919	3
CACNRV010000009.1	3221	3454	+	AG-893-L13_00923	AG-893-L13	77	OG0000770	K23264	phosphoribosylformylglycinamidine synthase subunit PurS [EC:6.3.5.3]	COG1828	PurS	Phosphoribosylformylglycinamidine (FGAM) synthase, PurS subunit	AG-893-L13_00919	4
CACNRV010000009.1	3458	4141	+	AG-893-L13_00924	AG-893-L13	227	OG0000684	K23265	phosphoribosylformylglycinamidine synthase subunit PurQ / glutaminase [EC:6.3.5.3 3.5.1.2]	COG0047	PurL2	Phosphoribosylformylglycinamidine (FGAM) synthase, glutamine amidotransferase domain	AG-893-L13_00919	5
CACNSH010000005.1	1237	2007	-	AG-893-M03_00937	AG-893-M03	256	OG0000721	K01265	methionyl aminopeptidase [EC:3.4.11.18]	COG0024	Map	Methionine aminopeptidase	AG-893-M03_00938	-1
CACNSH010000005.1	2004	2705	-	AG-893-M03_00938	AG-893-M03	233	OG0000819	K06206	sugar fermentation stimulation protein A	COG1489	SfsA	DNA-binding protein, stimulates sugar fermentation	AG-893-M03_00938	0
CACNSH010000005.1	2712	3434	+	AG-893-M03_00939	AG-893-M03	240	OG0000807	NA	NA	COG1058	CinA	ADP-ribose pyrophosphatase domain of DNA damage- and competence-inducible protein CinA	AG-893-M03_00938	1
CACNSH010000005.1	3559	4251	+	AG-893-M03_00940	AG-893-M03	230	OG0000236	K04643	sensory rhodopsin	COG5524	NA	Bacteriorhodopsin	AG-893-M03_00938	2
CACNSH010000005.1	4504	5391	+	AG-893-M03_00942	AG-893-M03	295	OG0001274	NA	NA	NA	NA	NA	AG-893-M03_00938	3
CACNSH010000005.1	5395	6255	+	AG-893-M03_00943	AG-893-M03	286	OG0001551	NA	NA	NA	NA	NA	AG-893-M03_00938	4
CACNSH010000005.1	6252	7019	-	AG-893-M03_00944	AG-893-M03	255	OG0000972	K00858	NAD+ kinase [EC:2.7.1.23]	COG0061	NadK	NAD kinase	AG-893-M03_00938	5
CACNTH010000004.1	19661	20956	-	AG-893-M22_00832	AG-893-M22	431	OG0001333	NA	NA	COG4091	NA	Predicted homoserine dehydrogenase, contains C-terminal SAF domain	AG-893-M22_00837	-5
CACNTH010000004.1	20961	21278	-	AG-893-M22_00833	AG-893-M22	105	OG0001043	NA	NA	COG4392	AzlD2	Branched-chain amino acid transport protein	AG-893-M22_00837	-4
CACNTH010000004.1	21275	21961	-	AG-893-M22_00834	AG-893-M22	228	OG0001044	NA	NA	COG1296	AzlC	Predicted branched-chain amino acid permease (azaleucine resistance)	AG-893-M22_00837	-3
CACNTH010000004.1	21965	22369	-	AG-893-M22_00835	AG-893-M22	134	OG0001035	K00682	gamma-glutamylcyclotransferase [EC:4.3.2.9]	COG2105	YtfP	Predicted gamma-glutamylamine cyclotransferase YtfP, GGCT/AIG2-like family	AG-893-M22_00837	-2
CACNTH010000004.1	22372	23121	-	AG-893-M22_00836	AG-893-M22	249	OG0000807	NA	NA	COG1058	CinA	ADP-ribose pyrophosphatase domain of DNA damage- and competence-inducible protein CinA	AG-893-M22_00837	-1
CACNTH010000004.1	23144	23830	+	AG-893-M22_00837	AG-893-M22	228	OG0000819	K06206	sugar fermentation stimulation protein A	COG1489	SfsA	DNA-binding protein, stimulates sugar fermentation	AG-893-M22_00837	0
CACNTH010000004.1	23823	24593	+	AG-893-M22_00838	AG-893-M22	256	OG0000721	K01265	methionyl aminopeptidase [EC:3.4.11.18]	COG0024	Map	Methionine aminopeptidase	AG-893-M22_00837	1
CACNTH010000004.1	24593	25885	+	AG-893-M22_00839	AG-893-M22	430	OG0000779	K01756	adenylosuccinate lyase [EC:4.3.2.2]	COG0015	PurB	Adenylosuccinate lyase	AG-893-M22_00837	2
CACNTH010000004.1	25885	26670	+	AG-893-M22_00840	AG-893-M22	261	OG0000769	K01923	phosphoribosylaminoimidazole-succinocarboxamide synthase [EC:6.3.2.6]	COG0152	PurC	Phosphoribosylaminoimidazole-succinocarboxamide synthase	AG-893-M22_00837	3
CACNTH010000004.1	26670	26903	+	AG-893-M22_00841	AG-893-M22	77	OG0000770	K23264	phosphoribosylformylglycinamidine synthase subunit PurS [EC:6.3.5.3]	COG1828	PurS	Phosphoribosylformylglycinamidine (FGAM) synthase, PurS subunit	AG-893-M22_00837	4
CACNTH010000004.1	26907	27590	+	AG-893-M22_00842	AG-893-M22	227	OG0000684	K23265	phosphoribosylformylglycinamidine synthase subunit PurQ / glutaminase [EC:6.3.5.3 3.5.1.2]	COG0047	PurL2	Phosphoribosylformylglycinamidine (FGAM) synthase, glutamine amidotransferase domain	AG-893-M22_00837	5
CACNTW010000001.1	143894	144577	-	AG-893-N07_00147	AG-893-N07	227	OG0000684	K23265	phosphoribosylformylglycinamidine synthase subunit PurQ / glutaminase [EC:6.3.5.3 3.5.1.2]	COG0047	PurL2	Phosphoribosylformylglycinamidine (FGAM) synthase, glutamine amidotransferase domain	AG-893-N07_00152	-5
CACNTW010000001.1	144581	144814	-	AG-893-N07_00148	AG-893-N07	77	OG0000770	K23264	phosphoribosylformylglycinamidine synthase subunit PurS [EC:6.3.5.3]	COG1828	PurS	Phosphoribosylformylglycinamidine (FGAM) synthase, PurS subunit	AG-893-N07_00152	-4
CACNTW010000001.1	144814	145599	-	AG-893-N07_00149	AG-893-N07	261	OG0000769	K01923	phosphoribosylaminoimidazole-succinocarboxamide synthase [EC:6.3.2.6]	COG0152	PurC	Phosphoribosylaminoimidazole-succinocarboxamide synthase	AG-893-N07_00152	-3
CACNTW010000001.1	145599	146891	-	AG-893-N07_00150	AG-893-N07	430	OG0000779	K01756	adenylosuccinate lyase [EC:4.3.2.2]	COG0015	PurB	Adenylosuccinate lyase	AG-893-N07_00152	-2
CACNTW010000001.1	146891	147661	-	AG-893-N07_00151	AG-893-N07	256	OG0000721	K01265	methionyl aminopeptidase [EC:3.4.11.18]	COG0024	Map	Methionine aminopeptidase	AG-893-N07_00152	-1
CACNTW010000001.1	147648	148340	-	AG-893-N07_00152	AG-893-N07	230	OG0000819	K06206	sugar fermentation stimulation protein A	COG1489	SfsA	DNA-binding protein, stimulates sugar fermentation	AG-893-N07_00152	0
CACNTW010000001.1	148363	149112	+	AG-893-N07_00153	AG-893-N07	249	OG0000807	NA	NA	COG1058	CinA	ADP-ribose pyrophosphatase domain of DNA damage- and competence-inducible protein CinA	AG-893-N07_00152	1
CACNTW010000001.1	149115	149519	+	AG-893-N07_00154	AG-893-N07	134	OG0001035	K00682	gamma-glutamylcyclotransferase [EC:4.3.2.9]	COG2105	YtfP	Predicted gamma-glutamylamine cyclotransferase YtfP, GGCT/AIG2-like family	AG-893-N07_00152	2
CACNTW010000001.1	149523	150209	+	AG-893-N07_00155	AG-893-N07	228	OG0001044	NA	NA	COG1296	AzlC	Predicted branched-chain amino acid permease (azaleucine resistance)	AG-893-N07_00152	3
CACNTW010000001.1	150206	150523	+	AG-893-N07_00156	AG-893-N07	105	OG0001043	NA	NA	COG4392	AzlD2	Branched-chain amino acid transport protein	AG-893-N07_00152	4
CACNTW010000001.1	150528	151820	+	AG-893-N07_00157	AG-893-N07	430	OG0001333	NA	NA	COG4091	NA	Predicted homoserine dehydrogenase, contains C-terminal SAF domain	AG-893-N07_00152	5
CACNVN010000011.1	1041	1811	-	AG-893-P02_01096	AG-893-P02	256	OG0000721	K01265	methionyl aminopeptidase [EC:3.4.11.18]	COG0024	Map	Methionine aminopeptidase	AG-893-P02_01097	-1
CACNVN010000011.1	1804	2502	-	AG-893-P02_01097	AG-893-P02	232	OG0000819	K06206	sugar fermentation stimulation protein A	COG1489	SfsA	DNA-binding protein, stimulates sugar fermentation	AG-893-P02_01097	0
CACNVN010000011.1	2526	3278	+	AG-893-P02_01098	AG-893-P02	250	OG0000807	NA	NA	COG1058	CinA	ADP-ribose pyrophosphatase domain of DNA damage- and competence-inducible protein CinA	AG-893-P02_01097	1
CACNVN010000011.1	3278	3679	+	AG-893-P02_01099	AG-893-P02	133	OG0001035	K00682	gamma-glutamylcyclotransferase [EC:4.3.2.9]	COG2105	YtfP	Predicted gamma-glutamylamine cyclotransferase YtfP, GGCT/AIG2-like family	AG-893-P02_01097	2
CACNVN010000011.1	3750	4997	+	AG-893-P02_01100	AG-893-P02	415	OG0001354	NA	NA	NA	NA	NA	AG-893-P02_01097	3
CACNVN010000011.1	4999	5694	+	AG-893-P02_01101	AG-893-P02	231	OG0000983	K00721	dolichol-phosphate mannosyltransferase [EC:2.4.1.83]	COG0463	WcaA	Glycosyltransferase involved in cell wall bisynthesis	AG-893-P02_01097	4
CACNVN010000011.1	5711	6817	+	AG-893-P02_01102	AG-893-P02	368	OG0000093	NA	NA	COG0399	WecE	dTDP-4-amino-4,6-dideoxygalactose transaminase	AG-893-P02_01097	5
CACNVR010000003.1	72285	73085	+	AG-893-P10_00425	AG-893-P10	266	OG0001276	K07026	mannosyl-3-phosphoglycerate phosphatase [EC:3.1.3.70]	COG3769	YedP	Mannosyl-3-phosphoglycerate phosphatase YedP/MpgP, HAD superfamily	AG-893-P10_00430	-5
CACNVR010000003.1	73101	74321	+	AG-893-P10_00426	AG-893-P10	406	OG0001273	K13693	glucosyl-3-phosphoglycerate synthase [EC:2.4.1.266]	NA	NA	NA	AG-893-P10_00430	-4
CACNVR010000003.1	74321	76045	+	AG-893-P10_00427	AG-893-P10	574	OG0001383	NA	NA	COG0366	AmyA	Glycosidase/amylase (phosphorylase)	AG-893-P10_00430	-3
CACNVR010000003.1	76052	76453	-	AG-893-P10_00428	AG-893-P10	133	OG0001035	K00682	gamma-glutamylcyclotransferase [EC:4.3.2.9]	COG2105	YtfP	Predicted gamma-glutamylamine cyclotransferase YtfP, GGCT/AIG2-like family	AG-893-P10_00430	-2
CACNVR010000003.1	76453	77202	-	AG-893-P10_00429	AG-893-P10	249	OG0000807	NA	NA	COG1058	CinA	ADP-ribose pyrophosphatase domain of DNA damage- and competence-inducible protein CinA	AG-893-P10_00430	-1
CACNVR010000003.1	77223	77921	+	AG-893-P10_00430	AG-893-P10	232	OG0000819	K06206	sugar fermentation stimulation protein A	COG1489	SfsA	DNA-binding protein, stimulates sugar fermentation	AG-893-P10_00430	0
CACNVR010000003.1	77914	78687	+	AG-893-P10_00431	AG-893-P10	257	OG0000721	K01265	methionyl aminopeptidase [EC:3.4.11.18]	COG0024	Map	Methionine aminopeptidase	AG-893-P10_00430	1
CACNVR010000003.1	78691	79983	+	AG-893-P10_00432	AG-893-P10	430	OG0000779	K01756	adenylosuccinate lyase [EC:4.3.2.2]	COG0015	PurB	Adenylosuccinate lyase	AG-893-P10_00430	2
CACNVR010000003.1	79983	80768	+	AG-893-P10_00433	AG-893-P10	261	OG0000769	K01923	phosphoribosylaminoimidazole-succinocarboxamide synthase [EC:6.3.2.6]	COG0152	PurC	Phosphoribosylaminoimidazole-succinocarboxamide synthase	AG-893-P10_00430	3
CACNVR010000003.1	80765	81007	+	AG-893-P10_00434	AG-893-P10	80	OG0000770	K23264	phosphoribosylformylglycinamidine synthase subunit PurS [EC:6.3.5.3]	COG1828	PurS	Phosphoribosylformylglycinamidine (FGAM) synthase, PurS subunit	AG-893-P10_00430	4
CACNVR010000003.1	81011	81694	+	AG-893-P10_00435	AG-893-P10	227	OG0000684	K23265	phosphoribosylformylglycinamidine synthase subunit PurQ / glutaminase [EC:6.3.5.3 3.5.1.2]	COG0047	PurL2	Phosphoribosylformylglycinamidine (FGAM) synthase, glutamine amidotransferase domain	AG-893-P10_00430	5
CABYDS010000002.1	23765	25057	-	AG-894-A03_00286	AG-894-A03	430	OG0001333	NA	NA	COG4091	NA	Predicted homoserine dehydrogenase, contains C-terminal SAF domain	AG-894-A03_00291	-5
CABYDS010000002.1	25062	25379	-	AG-894-A03_00287	AG-894-A03	105	OG0001043	NA	NA	COG4392	AzlD2	Branched-chain amino acid transport protein	AG-894-A03_00291	-4
CABYDS010000002.1	25376	26062	-	AG-894-A03_00288	AG-894-A03	228	OG0001044	NA	NA	COG1296	AzlC	Predicted branched-chain amino acid permease (azaleucine resistance)	AG-894-A03_00291	-3
CABYDS010000002.1	26066	26470	-	AG-894-A03_00289	AG-894-A03	134	OG0001035	K00682	gamma-glutamylcyclotransferase [EC:4.3.2.9]	COG2105	YtfP	Predicted gamma-glutamylamine cyclotransferase YtfP, GGCT/AIG2-like family	AG-894-A03_00291	-2
CABYDS010000002.1	26473	27222	-	AG-894-A03_00290	AG-894-A03	249	OG0000807	NA	NA	COG1058	CinA	ADP-ribose pyrophosphatase domain of DNA damage- and competence-inducible protein CinA	AG-894-A03_00291	-1
CABYDS010000002.1	27245	27931	+	AG-894-A03_00291	AG-894-A03	228	OG0000819	K06206	sugar fermentation stimulation protein A	COG1489	SfsA	DNA-binding protein, stimulates sugar fermentation	AG-894-A03_00291	0
CABYDS010000002.1	27924	28694	+	AG-894-A03_00292	AG-894-A03	256	OG0000721	K01265	methionyl aminopeptidase [EC:3.4.11.18]	COG0024	Map	Methionine aminopeptidase	AG-894-A03_00291	1
CABYDS010000002.1	28694	29986	+	AG-894-A03_00293	AG-894-A03	430	OG0000779	K01756	adenylosuccinate lyase [EC:4.3.2.2]	COG0015	PurB	Adenylosuccinate lyase	AG-894-A03_00291	2
CABYDS010000002.1	29986	30771	+	AG-894-A03_00294	AG-894-A03	261	OG0000769	K01923	phosphoribosylaminoimidazole-succinocarboxamide synthase [EC:6.3.2.6]	COG0152	PurC	Phosphoribosylaminoimidazole-succinocarboxamide synthase	AG-894-A03_00291	3
CABYDS010000002.1	30771	31004	+	AG-894-A03_00295	AG-894-A03	77	OG0000770	K23264	phosphoribosylformylglycinamidine synthase subunit PurS [EC:6.3.5.3]	COG1828	PurS	Phosphoribosylformylglycinamidine (FGAM) synthase, PurS subunit	AG-894-A03_00291	4
CABYDS010000002.1	31008	31691	+	AG-894-A03_00296	AG-894-A03	227	OG0000684	K23265	phosphoribosylformylglycinamidine synthase subunit PurQ / glutaminase [EC:6.3.5.3 3.5.1.2]	COG0047	PurL2	Phosphoribosylformylglycinamidine (FGAM) synthase, glutamine amidotransferase domain	AG-894-A03_00291	5
CABYDT010000004.1	46594	47319	-	AG-894-A09_00656	AG-894-A09	241	OG0000822	K03100	signal peptidase I [EC:3.4.21.89]	COG0681	LepB	Signal peptidase I	AG-894-A09_00661	-5
CABYDT010000004.1	47316	47702	-	AG-894-A09_00657	AG-894-A09	128	OG0000839	K00997	holo-[acyl-carrier protein] synthase [EC:2.7.8.7]	COG0736	AcpS	Phosphopantetheinyl transferase (holo-ACP synthase)	AG-894-A09_00661	-4
CABYDT010000004.1	47752	48591	-	AG-894-A09_00658	AG-894-A09	279	OG0000017	K02001	glycine betaine/proline transport system permease protein	COG4176	ProW	ABC-type proline/glycine betaine transport system, permease component	AG-894-A09_00661	-3
CABYDT010000004.1	48594	49544	-	AG-894-A09_00659	AG-894-A09	316	OG0000124	K02002	glycine betaine/proline transport system substrate-binding protein	COG2113	ProX	ABC-type proline/glycine betaine transport system, periplasmic component	AG-894-A09_00661	-2
CABYDT010000004.1	49683	50423	-	AG-894-A09_00660	AG-894-A09	246	OG0000807	NA	NA	COG1058	CinA	ADP-ribose pyrophosphatase domain of DNA damage- and competence-inducible protein CinA	AG-894-A09_00661	-1
CABYDT010000004.1	50424	51119	+	AG-894-A09_00661	AG-894-A09	231	OG0000819	K06206	sugar fermentation stimulation protein A	COG1489	SfsA	DNA-binding protein, stimulates sugar fermentation	AG-894-A09_00661	0
CABYDT010000004.1	51124	51882	+	AG-894-A09_00662	AG-894-A09	252	OG0000721	K01265	methionyl aminopeptidase [EC:3.4.11.18]	COG0024	Map	Methionine aminopeptidase	AG-894-A09_00661	1
CABYDT010000004.1	51883	53175	+	AG-894-A09_00663	AG-894-A09	430	OG0000779	K01756	adenylosuccinate lyase [EC:4.3.2.2]	COG0015	PurB	Adenylosuccinate lyase	AG-894-A09_00661	2
CABYDT010000004.1	53172	53957	+	AG-894-A09_00664	AG-894-A09	261	OG0000769	K01923	phosphoribosylaminoimidazole-succinocarboxamide synthase [EC:6.3.2.6]	COG0152	PurC	Phosphoribosylaminoimidazole-succinocarboxamide synthase	AG-894-A09_00661	3
CABYDT010000004.1	53959	54201	+	AG-894-A09_00665	AG-894-A09	80	OG0000770	K23264	phosphoribosylformylglycinamidine synthase subunit PurS [EC:6.3.5.3]	COG1828	PurS	Phosphoribosylformylglycinamidine (FGAM) synthase, PurS subunit	AG-894-A09_00661	4
CABYDT010000004.1	54198	54875	+	AG-894-A09_00666	AG-894-A09	225	OG0000684	K23265	phosphoribosylformylglycinamidine synthase subunit PurQ / glutaminase [EC:6.3.5.3 3.5.1.2]	COG0047	PurL2	Phosphoribosylformylglycinamidine (FGAM) synthase, glutamine amidotransferase domain	AG-894-A09_00661	5
CABYDZ010000012.1	35	289	+	AG-894-A11_01149	AG-894-A11	84	OG0001313	NA	NA	COG5467	NA	Uncharacterized conserved protein, DUF1476 domain	AG-894-A11_01153	-4
CABYDZ010000012.1	304	549	+	AG-894-A11_01150	AG-894-A11	81	OG0002263	NA	NA	NA	NA	NA	AG-894-A11_01153	-3
CABYDZ010000012.1	551	1843	-	AG-894-A11_01151	AG-894-A11	430	OG0000779	K01756	adenylosuccinate lyase [EC:4.3.2.2]	COG0015	PurB	Adenylosuccinate lyase	AG-894-A11_01153	-2
CABYDZ010000012.1	1868	2638	-	AG-894-A11_01152	AG-894-A11	256	OG0000721	K01265	methionyl aminopeptidase [EC:3.4.11.18]	COG0024	Map	Methionine aminopeptidase	AG-894-A11_01153	-1
CABYDZ010000012.1	2631	3338	-	AG-894-A11_01153	AG-894-A11	235	OG0000819	K06206	sugar fermentation stimulation protein A	COG1489	SfsA	DNA-binding protein, stimulates sugar fermentation	AG-894-A11_01153	0
CABYDZ010000012.1	3345	4067	+	AG-894-A11_01154	AG-894-A11	240	OG0000807	NA	NA	COG1058	CinA	ADP-ribose pyrophosphatase domain of DNA damage- and competence-inducible protein CinA	AG-894-A11_01153	1
CABYDZ010000012.1	4192	4884	+	AG-894-A11_01155	AG-894-A11	230	OG0000236	K04643	sensory rhodopsin	COG5524	NA	Bacteriorhodopsin	AG-894-A11_01153	2
CABYDZ010000012.1	5136	6023	+	AG-894-A11_01157	AG-894-A11	295	OG0001274	NA	NA	NA	NA	NA	AG-894-A11_01153	3
CABYDZ010000012.1	6027	6887	+	AG-894-A11_01158	AG-894-A11	286	OG0001551	NA	NA	NA	NA	NA	AG-894-A11_01153	4
CABYDZ010000012.1	6884	7651	-	AG-894-A11_01159	AG-894-A11	255	OG0000972	K00858	NAD+ kinase [EC:2.7.1.23]	COG0061	NadK	NAD kinase	AG-894-A11_01153	5
CABYFB010000005.1	70602	71285	-	AG-894-B06_00880	AG-894-B06	227	OG0000684	K23265	phosphoribosylformylglycinamidine synthase subunit PurQ / glutaminase [EC:6.3.5.3 3.5.1.2]	COG0047	PurL2	Phosphoribosylformylglycinamidine (FGAM) synthase, glutamine amidotransferase domain	AG-894-B06_00885	-5
CABYFB010000005.1	71289	71522	-	AG-894-B06_00881	AG-894-B06	77	OG0000770	K23264	phosphoribosylformylglycinamidine synthase subunit PurS [EC:6.3.5.3]	COG1828	PurS	Phosphoribosylformylglycinamidine (FGAM) synthase, PurS subunit	AG-894-B06_00885	-4
CABYFB010000005.1	71522	72307	-	AG-894-B06_00882	AG-894-B06	261	OG0000769	K01923	phosphoribosylaminoimidazole-succinocarboxamide synthase [EC:6.3.2.6]	COG0152	PurC	Phosphoribosylaminoimidazole-succinocarboxamide synthase	AG-894-B06_00885	-3
CABYFB010000005.1	72307	73599	-	AG-894-B06_00883	AG-894-B06	430	OG0000779	K01756	adenylosuccinate lyase [EC:4.3.2.2]	COG0015	PurB	Adenylosuccinate lyase	AG-894-B06_00885	-2
CABYFB010000005.1	73599	74369	-	AG-894-B06_00884	AG-894-B06	256	OG0000721	K01265	methionyl aminopeptidase [EC:3.4.11.18]	COG0024	Map	Methionine aminopeptidase	AG-894-B06_00885	-1
CABYFB010000005.1	74362	75048	-	AG-894-B06_00885	AG-894-B06	228	OG0000819	K06206	sugar fermentation stimulation protein A	COG1489	SfsA	DNA-binding protein, stimulates sugar fermentation	AG-894-B06_00885	0
CABYFB010000005.1	75071	75820	+	AG-894-B06_00886	AG-894-B06	249	OG0000807	NA	NA	COG1058	CinA	ADP-ribose pyrophosphatase domain of DNA damage- and competence-inducible protein CinA	AG-894-B06_00885	1
CABYFB010000005.1	75823	76227	+	AG-894-B06_00887	AG-894-B06	134	OG0001035	K00682	gamma-glutamylcyclotransferase [EC:4.3.2.9]	COG2105	YtfP	Predicted gamma-glutamylamine cyclotransferase YtfP, GGCT/AIG2-like family	AG-894-B06_00885	2
CABYFB010000005.1	76231	76917	+	AG-894-B06_00888	AG-894-B06	228	OG0001044	NA	NA	COG1296	AzlC	Predicted branched-chain amino acid permease (azaleucine resistance)	AG-894-B06_00885	3
CABYFB010000005.1	76914	77231	+	AG-894-B06_00889	AG-894-B06	105	OG0001043	NA	NA	COG4392	AzlD2	Branched-chain amino acid transport protein	AG-894-B06_00885	4
CABYFB010000005.1	77236	78528	+	AG-894-B06_00890	AG-894-B06	430	OG0001333	NA	NA	COG4091	NA	Predicted homoserine dehydrogenase, contains C-terminal SAF domain	AG-894-B06_00885	5
CABYFA010000001.1	70551	71234	-	AG-894-B07_00074	AG-894-B07	227	OG0000684	K23265	phosphoribosylformylglycinamidine synthase subunit PurQ / glutaminase [EC:6.3.5.3 3.5.1.2]	COG0047	PurL2	Phosphoribosylformylglycinamidine (FGAM) synthase, glutamine amidotransferase domain	AG-894-B07_00079	-5
CABYFA010000001.1	71238	71480	-	AG-894-B07_00075	AG-894-B07	80	OG0000770	K23264	phosphoribosylformylglycinamidine synthase subunit PurS [EC:6.3.5.3]	COG1828	PurS	Phosphoribosylformylglycinamidine (FGAM) synthase, PurS subunit	AG-894-B07_00079	-4
CABYFA010000001.1	71477	72262	-	AG-894-B07_00076	AG-894-B07	261	OG0000769	K01923	phosphoribosylaminoimidazole-succinocarboxamide synthase [EC:6.3.2.6]	COG0152	PurC	Phosphoribosylaminoimidazole-succinocarboxamide synthase	AG-894-B07_00079	-3
CABYFA010000001.1	72262	73554	-	AG-894-B07_00077	AG-894-B07	430	OG0000779	K01756	adenylosuccinate lyase [EC:4.3.2.2]	COG0015	PurB	Adenylosuccinate lyase	AG-894-B07_00079	-2
CABYFA010000001.1	73558	74331	-	AG-894-B07_00078	AG-894-B07	257	OG0000721	K01265	methionyl aminopeptidase [EC:3.4.11.18]	COG0024	Map	Methionine aminopeptidase	AG-894-B07_00079	-1
CABYFA010000001.1	74324	75022	-	AG-894-B07_00079	AG-894-B07	232	OG0000819	K06206	sugar fermentation stimulation protein A	COG1489	SfsA	DNA-binding protein, stimulates sugar fermentation	AG-894-B07_00079	0
CABYFA010000001.1	75041	75790	+	AG-894-B07_00080	AG-894-B07	249	OG0000807	NA	NA	COG1058	CinA	ADP-ribose pyrophosphatase domain of DNA damage- and competence-inducible protein CinA	AG-894-B07_00079	1
CABYFA010000001.1	75791	76192	+	AG-894-B07_00081	AG-894-B07	133	OG0001035	K00682	gamma-glutamylcyclotransferase [EC:4.3.2.9]	COG2105	YtfP	Predicted gamma-glutamylamine cyclotransferase YtfP, GGCT/AIG2-like family	AG-894-B07_00079	2
CABYFA010000001.1	76196	77920	-	AG-894-B07_00082	AG-894-B07	574	OG0001383	NA	NA	COG0366	AmyA	Glycosidase/amylase (phosphorylase)	AG-894-B07_00079	3
CABYFA010000001.1	77920	79140	-	AG-894-B07_00083	AG-894-B07	406	OG0001273	K13693	glucosyl-3-phosphoglycerate synthase [EC:2.4.1.266]	NA	NA	NA	AG-894-B07_00079	4
CABYFA010000001.1	79149	79955	-	AG-894-B07_00084	AG-894-B07	268	OG0001276	K07026	mannosyl-3-phosphoglycerate phosphatase [EC:3.1.3.70]	COG3769	YedP	Mannosyl-3-phosphoglycerate phosphatase YedP/MpgP, HAD superfamily	AG-894-B07_00079	5
CABYGC010000001.1	105525	106745	+	AG-894-C14_00135	AG-894-C14	406	OG0001273	K13693	glucosyl-3-phosphoglycerate synthase [EC:2.4.1.266]	NA	NA	NA	AG-894-C14_00140	-5
CABYGC010000001.1	106745	108007	+	AG-894-C14_00136	AG-894-C14	420	OG0001281	NA	NA	COG3408	GDB1	Glycogen debranching enzyme (alpha-1,6-glucosidase)	AG-894-C14_00140	-4
CABYGC010000001.1	108004	109314	-	AG-894-C14_00137	AG-894-C14	436	OG0001333	NA	NA	COG4091	NA	Predicted homoserine dehydrogenase, contains C-terminal SAF domain	AG-894-C14_00140	-3
CABYGC010000001.1	109323	109724	-	AG-894-C14_00138	AG-894-C14	133	OG0001035	K00682	gamma-glutamylcyclotransferase [EC:4.3.2.9]	COG2105	YtfP	Predicted gamma-glutamylamine cyclotransferase YtfP, GGCT/AIG2-like family	AG-894-C14_00140	-2
CABYGC010000001.1	109724	110473	-	AG-894-C14_00139	AG-894-C14	249	OG0000807	NA	NA	COG1058	CinA	ADP-ribose pyrophosphatase domain of DNA damage- and competence-inducible protein CinA	AG-894-C14_00140	-1
CABYGC010000001.1	110494	111192	+	AG-894-C14_00140	AG-894-C14	232	OG0000819	K06206	sugar fermentation stimulation protein A	COG1489	SfsA	DNA-binding protein, stimulates sugar fermentation	AG-894-C14_00140	0
CABYGC010000001.1	111185	111955	+	AG-894-C14_00141	AG-894-C14	256	OG0000721	K01265	methionyl aminopeptidase [EC:3.4.11.18]	COG0024	Map	Methionine aminopeptidase	AG-894-C14_00140	1
CABYGC010000001.1	111959	113251	+	AG-894-C14_00142	AG-894-C14	430	OG0000779	K01756	adenylosuccinate lyase [EC:4.3.2.2]	COG0015	PurB	Adenylosuccinate lyase	AG-894-C14_00140	2
CABYGC010000001.1	113251	114036	+	AG-894-C14_00143	AG-894-C14	261	OG0000769	K01923	phosphoribosylaminoimidazole-succinocarboxamide synthase [EC:6.3.2.6]	COG0152	PurC	Phosphoribosylaminoimidazole-succinocarboxamide synthase	AG-894-C14_00140	3
CABYGC010000001.1	114033	114275	+	AG-894-C14_00144	AG-894-C14	80	OG0000770	K23264	phosphoribosylformylglycinamidine synthase subunit PurS [EC:6.3.5.3]	COG1828	PurS	Phosphoribosylformylglycinamidine (FGAM) synthase, PurS subunit	AG-894-C14_00140	4
CABYGC010000001.1	114279	114962	+	AG-894-C14_00145	AG-894-C14	227	OG0000684	K23265	phosphoribosylformylglycinamidine synthase subunit PurQ / glutaminase [EC:6.3.5.3 3.5.1.2]	COG0047	PurL2	Phosphoribosylformylglycinamidine (FGAM) synthase, glutamine amidotransferase domain	AG-894-C14_00140	5
CABYIW010000033.1	720	1406	+	AG-894-F15_01290	AG-894-F15	228	OG0000819	K06206	sugar fermentation stimulation protein A	COG1489	SfsA	DNA-binding protein, stimulates sugar fermentation	AG-894-F15_01290	0
CABYIW010000033.1	1399	2169	+	AG-894-F15_01291	AG-894-F15	256	OG0000721	K01265	methionyl aminopeptidase [EC:3.4.11.18]	COG0024	Map	Methionine aminopeptidase	AG-894-F15_01290	1
CABYIW010000033.1	2169	2561	+	AG-894-F15_01292	AG-894-F15	130	OG0000779	NA	NA	COG0015	PurB	Adenylosuccinate lyase	AG-894-F15_01290	2
CABYNY010000001.1	73343	75067	+	AG-894-K15_00086	AG-894-K15	574	OG0001383	NA	NA	COG0366	AmyA	Glycosidase/amylase (phosphorylase)	AG-894-K15_00091	-5
CABYNY010000001.1	75069	75794	-	AG-894-K15_00087	AG-894-K15	241	OG0001204	K07395	putative proteasome-type protease	COG3484	NA	Predicted proteasome-type protease	AG-894-K15_00091	-4
CABYNY010000001.1	75904	77346	+	AG-894-K15_00088	AG-894-K15	480	OG0001158	NA	NA	COG2308	NA	Circularly permuted ATP-grasp protein	AG-894-K15_00091	-3
CABYNY010000001.1	77353	77754	-	AG-894-K15_00089	AG-894-K15	133	OG0001035	K00682	gamma-glutamylcyclotransferase [EC:4.3.2.9]	COG2105	YtfP	Predicted gamma-glutamylamine cyclotransferase YtfP, GGCT/AIG2-like family	AG-894-K15_00091	-2
CABYNY010000001.1	77755	78504	-	AG-894-K15_00090	AG-894-K15	249	OG0000807	NA	NA	COG1058	CinA	ADP-ribose pyrophosphatase domain of DNA damage- and competence-inducible protein CinA	AG-894-K15_00091	-1
CABYNY010000001.1	78526	79224	+	AG-894-K15_00091	AG-894-K15	232	OG0000819	K06206	sugar fermentation stimulation protein A	COG1489	SfsA	DNA-binding protein, stimulates sugar fermentation	AG-894-K15_00091	0
CABYNY010000001.1	79217	79990	+	AG-894-K15_00092	AG-894-K15	257	OG0000721	K01265	methionyl aminopeptidase [EC:3.4.11.18]	COG0024	Map	Methionine aminopeptidase	AG-894-K15_00091	1
CABYNY010000001.1	79990	81282	+	AG-894-K15_00093	AG-894-K15	430	OG0000779	K01756	adenylosuccinate lyase [EC:4.3.2.2]	COG0015	PurB	Adenylosuccinate lyase	AG-894-K15_00091	2
CABYNY010000001.1	81282	82067	+	AG-894-K15_00094	AG-894-K15	261	OG0000769	K01923	phosphoribosylaminoimidazole-succinocarboxamide synthase [EC:6.3.2.6]	COG0152	PurC	Phosphoribosylaminoimidazole-succinocarboxamide synthase	AG-894-K15_00091	3
CABYNY010000001.1	82064	82306	+	AG-894-K15_00095	AG-894-K15	80	OG0000770	K23264	phosphoribosylformylglycinamidine synthase subunit PurS [EC:6.3.5.3]	COG1828	PurS	Phosphoribosylformylglycinamidine (FGAM) synthase, PurS subunit	AG-894-K15_00091	4
CABYNY010000001.1	82310	82993	+	AG-894-K15_00096	AG-894-K15	227	OG0000684	K23265	phosphoribosylformylglycinamidine synthase subunit PurQ / glutaminase [EC:6.3.5.3 3.5.1.2]	COG0047	PurL2	Phosphoribosylformylglycinamidine (FGAM) synthase, glutamine amidotransferase domain	AG-894-K15_00091	5
CABYOW010000001.1	243565	244248	-	AG-894-L13_00272	AG-894-L13	227	OG0000684	K23265	phosphoribosylformylglycinamidine synthase subunit PurQ / glutaminase [EC:6.3.5.3 3.5.1.2]	COG0047	PurL2	Phosphoribosylformylglycinamidine (FGAM) synthase, glutamine amidotransferase domain	AG-894-L13_00277	-5
CABYOW010000001.1	244252	244494	-	AG-894-L13_00273	AG-894-L13	80	OG0000770	K23264	phosphoribosylformylglycinamidine synthase subunit PurS [EC:6.3.5.3]	COG1828	PurS	Phosphoribosylformylglycinamidine (FGAM) synthase, PurS subunit	AG-894-L13_00277	-4
CABYOW010000001.1	244491	245276	-	AG-894-L13_00274	AG-894-L13	261	OG0000769	K01923	phosphoribosylaminoimidazole-succinocarboxamide synthase [EC:6.3.2.6]	COG0152	PurC	Phosphoribosylaminoimidazole-succinocarboxamide synthase	AG-894-L13_00277	-3
CABYOW010000001.1	245276	246568	-	AG-894-L13_00275	AG-894-L13	430	OG0000779	K01756	adenylosuccinate lyase [EC:4.3.2.2]	COG0015	PurB	Adenylosuccinate lyase	AG-894-L13_00277	-2
CABYOW010000001.1	246568	247341	-	AG-894-L13_00276	AG-894-L13	257	OG0000721	K01265	methionyl aminopeptidase [EC:3.4.11.18]	COG0024	Map	Methionine aminopeptidase	AG-894-L13_00277	-1
CABYOW010000001.1	247334	248032	-	AG-894-L13_00277	AG-894-L13	232	OG0000819	K06206	sugar fermentation stimulation protein A	COG1489	SfsA	DNA-binding protein, stimulates sugar fermentation	AG-894-L13_00277	0
CABYOW010000001.1	248054	248803	+	AG-894-L13_00278	AG-894-L13	249	OG0000807	NA	NA	COG1058	CinA	ADP-ribose pyrophosphatase domain of DNA damage- and competence-inducible protein CinA	AG-894-L13_00277	1
CABYOW010000001.1	248804	249205	+	AG-894-L13_00279	AG-894-L13	133	OG0001035	K00682	gamma-glutamylcyclotransferase [EC:4.3.2.9]	COG2105	YtfP	Predicted gamma-glutamylamine cyclotransferase YtfP, GGCT/AIG2-like family	AG-894-L13_00277	2
CABYOW010000001.1	249212	250654	-	AG-894-L13_00280	AG-894-L13	480	OG0001158	NA	NA	COG2308	NA	Circularly permuted ATP-grasp protein	AG-894-L13_00277	3
CABYOW010000001.1	250764	251489	+	AG-894-L13_00281	AG-894-L13	241	OG0001204	K07395	putative proteasome-type protease	COG3484	NA	Predicted proteasome-type protease	AG-894-L13_00277	4
CABYOW010000001.1	251491	253215	-	AG-894-L13_00282	AG-894-L13	574	OG0001383	NA	NA	COG0366	AmyA	Glycosidase/amylase (phosphorylase)	AG-894-L13_00277	5
CABYOT010000006.1	432	743	-	AG-894-L17_00771	AG-894-L17	103	OG0001043	NA	NA	COG4392	AzlD2	Branched-chain amino acid transport protein	AG-894-L17_00775	-4
CABYOT010000006.1	740	1426	-	AG-894-L17_00772	AG-894-L17	228	OG0001044	NA	NA	COG1296	AzlC	Predicted branched-chain amino acid permease (azaleucine resistance)	AG-894-L17_00775	-3
CABYOT010000006.1	1426	1833	-	AG-894-L17_00773	AG-894-L17	135	OG0001035	K00682	gamma-glutamylcyclotransferase [EC:4.3.2.9]	COG2105	YtfP	Predicted gamma-glutamylamine cyclotransferase YtfP, GGCT/AIG2-like family	AG-894-L17_00775	-2
CABYOT010000006.1	1833	2585	-	AG-894-L17_00774	AG-894-L17	250	OG0000807	NA	NA	COG1058	CinA	ADP-ribose pyrophosphatase domain of DNA damage- and competence-inducible protein CinA	AG-894-L17_00775	-1
CABYOT010000006.1	2608	3294	+	AG-894-L17_00775	AG-894-L17	228	OG0000819	K06206	sugar fermentation stimulation protein A	COG1489	SfsA	DNA-binding protein, stimulates sugar fermentation	AG-894-L17_00775	0
CABYOT010000006.1	3287	4057	+	AG-894-L17_00776	AG-894-L17	256	OG0000721	K01265	methionyl aminopeptidase [EC:3.4.11.18]	COG0024	Map	Methionine aminopeptidase	AG-894-L17_00775	1
CABYOT010000006.1	4057	5349	+	AG-894-L17_00777	AG-894-L17	430	OG0000779	K01756	adenylosuccinate lyase [EC:4.3.2.2]	COG0015	PurB	Adenylosuccinate lyase	AG-894-L17_00775	2
CABYOT010000006.1	5349	6134	+	AG-894-L17_00778	AG-894-L17	261	OG0000769	K01923	phosphoribosylaminoimidazole-succinocarboxamide synthase [EC:6.3.2.6]	COG0152	PurC	Phosphoribosylaminoimidazole-succinocarboxamide synthase	AG-894-L17_00775	3
CABYOT010000006.1	6131	6364	+	AG-894-L17_00779	AG-894-L17	77	OG0000770	K23264	phosphoribosylformylglycinamidine synthase subunit PurS [EC:6.3.5.3]	COG1828	PurS	Phosphoribosylformylglycinamidine (FGAM) synthase, PurS subunit	AG-894-L17_00775	4
CABYOT010000006.1	6372	7052	+	AG-894-L17_00780	AG-894-L17	226	OG0000684	K23265	phosphoribosylformylglycinamidine synthase subunit PurQ / glutaminase [EC:6.3.5.3 3.5.1.2]	COG0047	PurL2	Phosphoribosylformylglycinamidine (FGAM) synthase, glutamine amidotransferase domain	AG-894-L17_00775	5
CABYPJ010000010.1	21959	22642	-	AG-894-L19_00985	AG-894-L19	227	OG0000684	K23265	phosphoribosylformylglycinamidine synthase subunit PurQ / glutaminase [EC:6.3.5.3 3.5.1.2]	COG0047	PurL2	Phosphoribosylformylglycinamidine (FGAM) synthase, glutamine amidotransferase domain	AG-894-L19_00990	-5
CABYPJ010000010.1	22646	22879	-	AG-894-L19_00986	AG-894-L19	77	OG0000770	K23264	phosphoribosylformylglycinamidine synthase subunit PurS [EC:6.3.5.3]	COG1828	PurS	Phosphoribosylformylglycinamidine (FGAM) synthase, PurS subunit	AG-894-L19_00990	-4
CABYPJ010000010.1	22879	23664	-	AG-894-L19_00987	AG-894-L19	261	OG0000769	K01923	phosphoribosylaminoimidazole-succinocarboxamide synthase [EC:6.3.2.6]	COG0152	PurC	Phosphoribosylaminoimidazole-succinocarboxamide synthase	AG-894-L19_00990	-3
CABYPJ010000010.1	23664	24956	-	AG-894-L19_00988	AG-894-L19	430	OG0000779	K01756	adenylosuccinate lyase [EC:4.3.2.2]	COG0015	PurB	Adenylosuccinate lyase	AG-894-L19_00990	-2
CABYPJ010000010.1	24956	25726	-	AG-894-L19_00989	AG-894-L19	256	OG0000721	K01265	methionyl aminopeptidase [EC:3.4.11.18]	COG0024	Map	Methionine aminopeptidase	AG-894-L19_00990	-1
CABYPJ010000010.1	25719	26405	-	AG-894-L19_00990	AG-894-L19	228	OG0000819	K06206	sugar fermentation stimulation protein A	COG1489	SfsA	DNA-binding protein, stimulates sugar fermentation	AG-894-L19_00990	0
CABYPJ010000010.1	26428	27177	+	AG-894-L19_00991	AG-894-L19	249	OG0000807	NA	NA	COG1058	CinA	ADP-ribose pyrophosphatase domain of DNA damage- and competence-inducible protein CinA	AG-894-L19_00990	1
CABYPJ010000010.1	27180	27584	+	AG-894-L19_00992	AG-894-L19	134	OG0001035	K00682	gamma-glutamylcyclotransferase [EC:4.3.2.9]	COG2105	YtfP	Predicted gamma-glutamylamine cyclotransferase YtfP, GGCT/AIG2-like family	AG-894-L19_00990	2
CABYPJ010000010.1	27588	28274	+	AG-894-L19_00993	AG-894-L19	228	OG0001044	NA	NA	COG1296	AzlC	Predicted branched-chain amino acid permease (azaleucine resistance)	AG-894-L19_00990	3
CABYPJ010000010.1	28271	28588	+	AG-894-L19_00994	AG-894-L19	105	OG0001043	NA	NA	COG4392	AzlD2	Branched-chain amino acid transport protein	AG-894-L19_00990	4
CABYPJ010000010.1	28593	29885	+	AG-894-L19_00995	AG-894-L19	430	OG0001333	NA	NA	COG4091	NA	Predicted homoserine dehydrogenase, contains C-terminal SAF domain	AG-894-L19_00990	5
CABYSJ010000002.1	23062	23745	-	AG-894-O09_00254	AG-894-O09	227	OG0000684	K23265	phosphoribosylformylglycinamidine synthase subunit PurQ / glutaminase [EC:6.3.5.3 3.5.1.2]	COG0047	PurL2	Phosphoribosylformylglycinamidine (FGAM) synthase, glutamine amidotransferase domain	AG-894-O09_00259	-5
CABYSJ010000002.1	23749	23991	-	AG-894-O09_00255	AG-894-O09	80	OG0000770	K23264	phosphoribosylformylglycinamidine synthase subunit PurS [EC:6.3.5.3]	COG1828	PurS	Phosphoribosylformylglycinamidine (FGAM) synthase, PurS subunit	AG-894-O09_00259	-4
CABYSJ010000002.1	23988	24773	-	AG-894-O09_00256	AG-894-O09	261	OG0000769	K01923	phosphoribosylaminoimidazole-succinocarboxamide synthase [EC:6.3.2.6]	COG0152	PurC	Phosphoribosylaminoimidazole-succinocarboxamide synthase	AG-894-O09_00259	-3
CABYSJ010000002.1	24773	26065	-	AG-894-O09_00257	AG-894-O09	430	OG0000779	K01756	adenylosuccinate lyase [EC:4.3.2.2]	COG0015	PurB	Adenylosuccinate lyase	AG-894-O09_00259	-2
CABYSJ010000002.1	26069	26839	-	AG-894-O09_00258	AG-894-O09	256	OG0000721	K01265	methionyl aminopeptidase [EC:3.4.11.18]	COG0024	Map	Methionine aminopeptidase	AG-894-O09_00259	-1
CABYSJ010000002.1	26832	27530	-	AG-894-O09_00259	AG-894-O09	232	OG0000819	K06206	sugar fermentation stimulation protein A	COG1489	SfsA	DNA-binding protein, stimulates sugar fermentation	AG-894-O09_00259	0
CABYSJ010000002.1	27551	28300	+	AG-894-O09_00260	AG-894-O09	249	OG0000807	NA	NA	COG1058	CinA	ADP-ribose pyrophosphatase domain of DNA damage- and competence-inducible protein CinA	AG-894-O09_00259	1
CABYSJ010000002.1	28300	28701	+	AG-894-O09_00261	AG-894-O09	133	OG0001035	K00682	gamma-glutamylcyclotransferase [EC:4.3.2.9]	COG2105	YtfP	Predicted gamma-glutamylamine cyclotransferase YtfP, GGCT/AIG2-like family	AG-894-O09_00259	2
CABYSJ010000002.1	28708	29673	+	AG-894-O09_00262	AG-894-O09	321	OG0001333	NA	NA	COG4091	NA	Predicted homoserine dehydrogenase, contains C-terminal SAF domain	AG-894-O09_00259	3
CABYSJ010000002.1	30088	31308	-	AG-894-O09_00263	AG-894-O09	406	OG0001273	K13693	glucosyl-3-phosphoglycerate synthase [EC:2.4.1.266]	NA	NA	NA	AG-894-O09_00259	4
CABYSJ010000002.1	31320	32123	-	AG-894-O09_00264	AG-894-O09	267	OG0001276	K07026	mannosyl-3-phosphoglycerate phosphatase [EC:3.1.3.70]	COG3769	YedP	Mannosyl-3-phosphoglycerate phosphatase YedP/MpgP, HAD superfamily	AG-894-O09_00259	5
CABYUV010000002.1	64371	65054	-	AG-894-P23_00254	AG-894-P23	227	OG0000684	K23265	phosphoribosylformylglycinamidine synthase subunit PurQ / glutaminase [EC:6.3.5.3 3.5.1.2]	COG0047	PurL2	Phosphoribosylformylglycinamidine (FGAM) synthase, glutamine amidotransferase domain	AG-894-P23_00259	-5
CABYUV010000002.1	65058	65300	-	AG-894-P23_00255	AG-894-P23	80	OG0000770	K23264	phosphoribosylformylglycinamidine synthase subunit PurS [EC:6.3.5.3]	COG1828	PurS	Phosphoribosylformylglycinamidine (FGAM) synthase, PurS subunit	AG-894-P23_00259	-4
CABYUV010000002.1	65297	66082	-	AG-894-P23_00256	AG-894-P23	261	OG0000769	K01923	phosphoribosylaminoimidazole-succinocarboxamide synthase [EC:6.3.2.6]	COG0152	PurC	Phosphoribosylaminoimidazole-succinocarboxamide synthase	AG-894-P23_00259	-3
CABYUV010000002.1	66082	67374	-	AG-894-P23_00257	AG-894-P23	430	OG0000779	K01756	adenylosuccinate lyase [EC:4.3.2.2]	COG0015	PurB	Adenylosuccinate lyase	AG-894-P23_00259	-2
CABYUV010000002.1	67378	68148	-	AG-894-P23_00258	AG-894-P23	256	OG0000721	K01265	methionyl aminopeptidase [EC:3.4.11.18]	COG0024	Map	Methionine aminopeptidase	AG-894-P23_00259	-1
CABYUV010000002.1	68141	68839	-	AG-894-P23_00259	AG-894-P23	232	OG0000819	K06206	sugar fermentation stimulation protein A	COG1489	SfsA	DNA-binding protein, stimulates sugar fermentation	AG-894-P23_00259	0
CABYUV010000002.1	68860	69609	+	AG-894-P23_00260	AG-894-P23	249	OG0000807	NA	NA	COG1058	CinA	ADP-ribose pyrophosphatase domain of DNA damage- and competence-inducible protein CinA	AG-894-P23_00259	1
CABYUV010000002.1	69609	70010	+	AG-894-P23_00261	AG-894-P23	133	OG0001035	K00682	gamma-glutamylcyclotransferase [EC:4.3.2.9]	COG2105	YtfP	Predicted gamma-glutamylamine cyclotransferase YtfP, GGCT/AIG2-like family	AG-894-P23_00259	2
CABYUV010000002.1	70016	70714	+	AG-894-P23_00262	AG-894-P23	232	OG0001705	NA	NA	NA	NA	NA	AG-894-P23_00259	3
CABYUV010000002.1	70720	72012	+	AG-894-P23_00263	AG-894-P23	430	OG0001333	NA	NA	COG4091	NA	Predicted homoserine dehydrogenase, contains C-terminal SAF domain	AG-894-P23_00259	4
CABYUV010000002.1	72019	73338	+	AG-894-P23_00264	AG-894-P23	439	OG0001596	NA	NA	COG2220	UlaG	L-ascorbate lactonase UlaG, metallo-beta-lactamase superfamily	AG-894-P23_00259	5
CABYZG010000006.1	99220	99939	-	AG-895-F07_01178	AG-895-F07	239	OG0000769	K01923	phosphoribosylaminoimidazole-succinocarboxamide synthase [EC:6.3.2.6]	COG0152	PurC	Phosphoribosylaminoimidazole-succinocarboxamide synthase	AG-895-F07_01183	-5
CABYZG010000006.1	100012	100341	+	AG-895-F07_01179	AG-895-F07	109	OG0001313	NA	NA	COG5467	NA	Uncharacterized conserved protein, DUF1476 domain	AG-895-F07_01183	-4
CABYZG010000006.1	100351	100590	+	AG-895-F07_01180	AG-895-F07	79	OG0002263	NA	NA	NA	NA	NA	AG-895-F07_01183	-3
CABYZG010000006.1	100592	101884	-	AG-895-F07_01181	AG-895-F07	430	OG0000779	K01756	adenylosuccinate lyase [EC:4.3.2.2]	COG0015	PurB	Adenylosuccinate lyase	AG-895-F07_01183	-2
CABYZG010000006.1	101909	102679	-	AG-895-F07_01182	AG-895-F07	256	OG0000721	K01265	methionyl aminopeptidase [EC:3.4.11.18]	COG0024	Map	Methionine aminopeptidase	AG-895-F07_01183	-1
CABYZG010000006.1	102676	103377	-	AG-895-F07_01183	AG-895-F07	233	OG0000819	K06206	sugar fermentation stimulation protein A	COG1489	SfsA	DNA-binding protein, stimulates sugar fermentation	AG-895-F07_01183	0
CABYZG010000006.1	103384	104106	+	AG-895-F07_01184	AG-895-F07	240	OG0000807	NA	NA	COG1058	CinA	ADP-ribose pyrophosphatase domain of DNA damage- and competence-inducible protein CinA	AG-895-F07_01183	1
CABYZG010000006.1	104231	104923	+	AG-895-F07_01185	AG-895-F07	230	OG0000236	K04643	sensory rhodopsin	COG5524	NA	Bacteriorhodopsin	AG-895-F07_01183	2
CABYZT010000002.1	139941	140459	+	AG-895-F17_00502	AG-895-F17	172	NA	NA	NA	NA	NA	NA	AG-895-F17_00507	-5
CABYZT010000002.1	140489	142624	-	AG-895-F17_00503	AG-895-F17	711	OG0004142	NA	NA	COG4485	YfhO	Uncharacterized membrane protein YfhO	AG-895-F17_00507	-4
CABYZT010000002.1	142689	143090	-	AG-895-F17_00504	AG-895-F17	133	OG0001035	K00682	gamma-glutamylcyclotransferase [EC:4.3.2.9]	COG2105	YtfP	Predicted gamma-glutamylamine cyclotransferase YtfP, GGCT/AIG2-like family	AG-895-F17_00507	-3
CABYZT010000002.1	143150	144517	-	AG-895-F17_00505	AG-895-F17	455	NA	NA	NA	NA	NA	NA	AG-895-F17_00507	-2
CABYZT010000002.1	144517	145266	-	AG-895-F17_00506	AG-895-F17	249	OG0000807	NA	NA	COG1058	CinA	ADP-ribose pyrophosphatase domain of DNA damage- and competence-inducible protein CinA	AG-895-F17_00507	-1
CABYZT010000002.1	145287	145985	+	AG-895-F17_00507	AG-895-F17	232	OG0000819	K06206	sugar fermentation stimulation protein A	COG1489	SfsA	DNA-binding protein, stimulates sugar fermentation	AG-895-F17_00507	0
CABYZT010000002.1	145978	146748	+	AG-895-F17_00508	AG-895-F17	256	OG0000721	K01265	methionyl aminopeptidase [EC:3.4.11.18]	COG0024	Map	Methionine aminopeptidase	AG-895-F17_00507	1
CABYZT010000002.1	146752	148044	+	AG-895-F17_00509	AG-895-F17	430	OG0000779	K01756	adenylosuccinate lyase [EC:4.3.2.2]	COG0015	PurB	Adenylosuccinate lyase	AG-895-F17_00507	2
CABYZT010000002.1	148044	148829	+	AG-895-F17_00510	AG-895-F17	261	OG0000769	K01923	phosphoribosylaminoimidazole-succinocarboxamide synthase [EC:6.3.2.6]	COG0152	PurC	Phosphoribosylaminoimidazole-succinocarboxamide synthase	AG-895-F17_00507	3
CABYZT010000002.1	148826	149068	+	AG-895-F17_00511	AG-895-F17	80	OG0000770	K23264	phosphoribosylformylglycinamidine synthase subunit PurS [EC:6.3.5.3]	COG1828	PurS	Phosphoribosylformylglycinamidine (FGAM) synthase, PurS subunit	AG-895-F17_00507	4
CABYZT010000002.1	149072	149755	+	AG-895-F17_00512	AG-895-F17	227	OG0000684	K23265	phosphoribosylformylglycinamidine synthase subunit PurQ / glutaminase [EC:6.3.5.3 3.5.1.2]	COG0047	PurL2	Phosphoribosylformylglycinamidine (FGAM) synthase, glutamine amidotransferase domain	AG-895-F17_00507	5
CABZAK010000005.1	17303	17815	-	AG-895-G15_00803	AG-895-G15	170	NA	NA	NA	COG2849	YwqK	Antitoxin component YwqK of the YwqJK toxin-antitoxin module	AG-895-G15_00808	-5
CABZAK010000005.1	17820	18608	-	AG-895-G15_00804	AG-895-G15	262	OG0003325	NA	NA	COG4717	YhaN	Predicted ATPase SbcE/YhaN involved in DNA double-strand break repair, contains AAA domain	AG-895-G15_00808	-4
CABZAK010000005.1	18642	19247	-	AG-895-G15_00805	AG-895-G15	201	OG0001781	NA	NA	COG2913	BamE	Outer membrane protein assembly factor BamE	AG-895-G15_00808	-3
CABZAK010000005.1	19536	19901	-	AG-895-G15_00806	AG-895-G15	121	OG0001035	NA	NA	COG2105	YtfP	Predicted gamma-glutamylamine cyclotransferase YtfP, GGCT/AIG2-like family	AG-895-G15_00808	-2
CABZAK010000005.1	19945	20697	-	AG-895-G15_00807	AG-895-G15	250	OG0000807	NA	NA	COG1058	CinA	ADP-ribose pyrophosphatase domain of DNA damage- and competence-inducible protein CinA	AG-895-G15_00808	-1
CABZAK010000005.1	20720	21403	+	AG-895-G15_00808	AG-895-G15	227	OG0000819	K06206	sugar fermentation stimulation protein A	COG1489	SfsA	DNA-binding protein, stimulates sugar fermentation	AG-895-G15_00808	0
CABZAK010000005.1	21396	22166	+	AG-895-G15_00809	AG-895-G15	256	OG0000721	K01265	methionyl aminopeptidase [EC:3.4.11.18]	COG0024	Map	Methionine aminopeptidase	AG-895-G15_00808	1
CABZAK010000005.1	22172	23464	+	AG-895-G15_00810	AG-895-G15	430	OG0000779	K01756	adenylosuccinate lyase [EC:4.3.2.2]	COG0015	PurB	Adenylosuccinate lyase	AG-895-G15_00808	2
CABZAK010000005.1	23464	24246	+	AG-895-G15_00811	AG-895-G15	260	OG0000769	K01923	phosphoribosylaminoimidazole-succinocarboxamide synthase [EC:6.3.2.6]	COG0152	PurC	Phosphoribosylaminoimidazole-succinocarboxamide synthase	AG-895-G15_00808	3
CABZAK010000005.1	24243	24476	+	AG-895-G15_00812	AG-895-G15	77	OG0000770	K23264	phosphoribosylformylglycinamidine synthase subunit PurS [EC:6.3.5.3]	COG1828	PurS	Phosphoribosylformylglycinamidine (FGAM) synthase, PurS subunit	AG-895-G15_00808	4
CABZAK010000005.1	24484	25167	+	AG-895-G15_00813	AG-895-G15	227	OG0000684	K23265	phosphoribosylformylglycinamidine synthase subunit PurQ / glutaminase [EC:6.3.5.3 3.5.1.2]	COG0047	PurL2	Phosphoribosylformylglycinamidine (FGAM) synthase, glutamine amidotransferase domain	AG-895-G15_00808	5
CABZCX010000009.1	23	538	+	AG-895-J19_01110	AG-895-J19	171	OG0000819	K06206	sugar fermentation stimulation protein A	COG1489	SfsA	DNA-binding protein, stimulates sugar fermentation	AG-895-J19_01110	0
CABZCX010000009.1	531	1304	+	AG-895-J19_01111	AG-895-J19	257	OG0000721	K01265	methionyl aminopeptidase [EC:3.4.11.18]	COG0024	Map	Methionine aminopeptidase	AG-895-J19_01110	1
CABZCX010000009.1	1304	2596	+	AG-895-J19_01112	AG-895-J19	430	OG0000779	K01756	adenylosuccinate lyase [EC:4.3.2.2]	COG0015	PurB	Adenylosuccinate lyase	AG-895-J19_01110	2
CABZCX010000009.1	2596	3381	+	AG-895-J19_01113	AG-895-J19	261	OG0000769	K01923	phosphoribosylaminoimidazole-succinocarboxamide synthase [EC:6.3.2.6]	COG0152	PurC	Phosphoribosylaminoimidazole-succinocarboxamide synthase	AG-895-J19_01110	3
CABZCX010000009.1	3378	3620	+	AG-895-J19_01114	AG-895-J19	80	OG0000770	K23264	phosphoribosylformylglycinamidine synthase subunit PurS [EC:6.3.5.3]	COG1828	PurS	Phosphoribosylformylglycinamidine (FGAM) synthase, PurS subunit	AG-895-J19_01110	4
CABZCX010000009.1	3624	4307	+	AG-895-J19_01115	AG-895-J19	227	OG0000684	K23265	phosphoribosylformylglycinamidine synthase subunit PurQ / glutaminase [EC:6.3.5.3 3.5.1.2]	COG0047	PurL2	Phosphoribosylformylglycinamidine (FGAM) synthase, glutamine amidotransferase domain	AG-895-J19_01110	5
CABZDR010000002.1	76383	77189	+	AG-895-K10_00725	AG-895-K10	268	OG0001276	K07026	mannosyl-3-phosphoglycerate phosphatase [EC:3.1.3.70]	COG3769	YedP	Mannosyl-3-phosphoglycerate phosphatase YedP/MpgP, HAD superfamily	AG-895-K10_00730	-5
CABZDR010000002.1	77198	78418	+	AG-895-K10_00726	AG-895-K10	406	OG0001273	K13693	glucosyl-3-phosphoglycerate synthase [EC:2.4.1.266]	NA	NA	NA	AG-895-K10_00730	-4
CABZDR010000002.1	78418	80139	+	AG-895-K10_00727	AG-895-K10	573	OG0001383	NA	NA	COG0366	AmyA	Glycosidase/amylase (phosphorylase)	AG-895-K10_00730	-3
CABZDR010000002.1	80147	80548	-	AG-895-K10_00728	AG-895-K10	133	OG0001035	K00682	gamma-glutamylcyclotransferase [EC:4.3.2.9]	COG2105	YtfP	Predicted gamma-glutamylamine cyclotransferase YtfP, GGCT/AIG2-like family	AG-895-K10_00730	-2
CABZDR010000002.1	80549	81298	-	AG-895-K10_00729	AG-895-K10	249	OG0000807	NA	NA	COG1058	CinA	ADP-ribose pyrophosphatase domain of DNA damage- and competence-inducible protein CinA	AG-895-K10_00730	-1
CABZDR010000002.1	81319	82017	+	AG-895-K10_00730	AG-895-K10	232	OG0000819	K06206	sugar fermentation stimulation protein A	COG1489	SfsA	DNA-binding protein, stimulates sugar fermentation	AG-895-K10_00730	0
CABZDR010000002.1	82010	82783	+	AG-895-K10_00731	AG-895-K10	257	OG0000721	K01265	methionyl aminopeptidase [EC:3.4.11.18]	COG0024	Map	Methionine aminopeptidase	AG-895-K10_00730	1
CABZDR010000002.1	82787	84079	+	AG-895-K10_00732	AG-895-K10	430	OG0000779	K01756	adenylosuccinate lyase [EC:4.3.2.2]	COG0015	PurB	Adenylosuccinate lyase	AG-895-K10_00730	2
CABZDR010000002.1	84079	84861	+	AG-895-K10_00733	AG-895-K10	260	OG0000769	K01923	phosphoribosylaminoimidazole-succinocarboxamide synthase [EC:6.3.2.6]	COG0152	PurC	Phosphoribosylaminoimidazole-succinocarboxamide synthase	AG-895-K10_00730	3
CABZDR010000002.1	84862	85104	+	AG-895-K10_00734	AG-895-K10	80	OG0000770	K23264	phosphoribosylformylglycinamidine synthase subunit PurS [EC:6.3.5.3]	COG1828	PurS	Phosphoribosylformylglycinamidine (FGAM) synthase, PurS subunit	AG-895-K10_00730	4
CABZDR010000002.1	85108	85791	+	AG-895-K10_00735	AG-895-K10	227	OG0000684	K23265	phosphoribosylformylglycinamidine synthase subunit PurQ / glutaminase [EC:6.3.5.3 3.5.1.2]	COG0047	PurL2	Phosphoribosylformylglycinamidine (FGAM) synthase, glutamine amidotransferase domain	AG-895-K10_00730	5
CABZIW010000002.1	95088	95855	+	AG-896-A02_00506	AG-896-A02	255	OG0000972	K00858	NAD+ kinase [EC:2.7.1.23]	COG0061	NadK	NAD kinase	AG-896-A02_00512	-5
CABZIW010000002.1	95858	96730	-	AG-896-A02_00507	AG-896-A02	290	OG0001551	NA	NA	NA	NA	NA	AG-896-A02_00512	-4
CABZIW010000002.1	96734	97621	-	AG-896-A02_00508	AG-896-A02	295	OG0001274	NA	NA	NA	NA	NA	AG-896-A02_00512	-3
CABZIW010000002.1	97875	98567	-	AG-896-A02_00510	AG-896-A02	230	OG0000236	K04643	sensory rhodopsin	COG5524	NA	Bacteriorhodopsin	AG-896-A02_00512	-2
CABZIW010000002.1	98692	99414	-	AG-896-A02_00511	AG-896-A02	240	OG0000807	NA	NA	COG1058	CinA	ADP-ribose pyrophosphatase domain of DNA damage- and competence-inducible protein CinA	AG-896-A02_00512	-1
CABZIW010000002.1	99421	100122	+	AG-896-A02_00512	AG-896-A02	233	OG0000819	K06206	sugar fermentation stimulation protein A	COG1489	SfsA	DNA-binding protein, stimulates sugar fermentation	AG-896-A02_00512	0
CABZIW010000002.1	100119	100889	+	AG-896-A02_00513	AG-896-A02	256	OG0000721	K01265	methionyl aminopeptidase [EC:3.4.11.18]	COG0024	Map	Methionine aminopeptidase	AG-896-A02_00512	1
CABZIW010000002.1	100914	102206	+	AG-896-A02_00514	AG-896-A02	430	OG0000779	K01756	adenylosuccinate lyase [EC:4.3.2.2]	COG0015	PurB	Adenylosuccinate lyase	AG-896-A02_00512	2
CABZIW010000002.1	102208	102447	-	AG-896-A02_00515	AG-896-A02	79	OG0002263	NA	NA	NA	NA	NA	AG-896-A02_00512	3
CABZIW010000002.1	102457	102786	-	AG-896-A02_00516	AG-896-A02	109	OG0001313	NA	NA	COG5467	NA	Uncharacterized conserved protein, DUF1476 domain	AG-896-A02_00512	4
CABZIW010000002.1	102859	103578	+	AG-896-A02_00517	AG-896-A02	239	OG0000769	K01923	phosphoribosylaminoimidazole-succinocarboxamide synthase [EC:6.3.2.6]	COG0152	PurC	Phosphoribosylaminoimidazole-succinocarboxamide synthase	AG-896-A02_00512	5
CABZOF010000005.1	27870	28550	-	AG-896-F06_01367	AG-896-F06	226	OG0000684	K23265	phosphoribosylformylglycinamidine synthase subunit PurQ / glutaminase [EC:6.3.5.3 3.5.1.2]	COG0047	PurL2	Phosphoribosylformylglycinamidine (FGAM) synthase, glutamine amidotransferase domain	AG-896-F06_01372	-5
CABZOF010000005.1	28558	28791	-	AG-896-F06_01368	AG-896-F06	77	OG0000770	K23264	phosphoribosylformylglycinamidine synthase subunit PurS [EC:6.3.5.3]	COG1828	PurS	Phosphoribosylformylglycinamidine (FGAM) synthase, PurS subunit	AG-896-F06_01372	-4
CABZOF010000005.1	28788	29573	-	AG-896-F06_01369	AG-896-F06	261	OG0000769	K01923	phosphoribosylaminoimidazole-succinocarboxamide synthase [EC:6.3.2.6]	COG0152	PurC	Phosphoribosylaminoimidazole-succinocarboxamide synthase	AG-896-F06_01372	-3
CABZOF010000005.1	29573	30865	-	AG-896-F06_01370	AG-896-F06	430	OG0000779	K01756	adenylosuccinate lyase [EC:4.3.2.2]	COG0015	PurB	Adenylosuccinate lyase	AG-896-F06_01372	-2
CABZOF010000005.1	30865	31635	-	AG-896-F06_01371	AG-896-F06	256	OG0000721	K01265	methionyl aminopeptidase [EC:3.4.11.18]	COG0024	Map	Methionine aminopeptidase	AG-896-F06_01372	-1
CABZOF010000005.1	31628	32314	-	AG-896-F06_01372	AG-896-F06	228	OG0000819	K06206	sugar fermentation stimulation protein A	COG1489	SfsA	DNA-binding protein, stimulates sugar fermentation	AG-896-F06_01372	0
CABZOF010000005.1	32337	33089	+	AG-896-F06_01373	AG-896-F06	250	OG0000807	NA	NA	COG1058	CinA	ADP-ribose pyrophosphatase domain of DNA damage- and competence-inducible protein CinA	AG-896-F06_01372	1
CABZOF010000005.1	33089	33496	+	AG-896-F06_01374	AG-896-F06	135	OG0001035	K00682	gamma-glutamylcyclotransferase [EC:4.3.2.9]	COG2105	YtfP	Predicted gamma-glutamylamine cyclotransferase YtfP, GGCT/AIG2-like family	AG-896-F06_01372	2
CABZOF010000005.1	33497	34183	+	AG-896-F06_01375	AG-896-F06	228	OG0001044	NA	NA	COG1296	AzlC	Predicted branched-chain amino acid permease (azaleucine resistance)	AG-896-F06_01372	3
CABZOF010000005.1	34180	34491	+	AG-896-F06_01376	AG-896-F06	103	OG0001043	NA	NA	COG4392	AzlD2	Branched-chain amino acid transport protein	AG-896-F06_01372	4
CABZOF010000005.1	34501	35400	+	AG-896-F06_01377	AG-896-F06	299	OG0000057	K00477	phytanoyl-CoA hydroxylase [EC:1.14.11.18]	COG5285	PhyH	Ectoine hydroxylase-related dioxygenase, phytanoyl-CoA dioxygenase (PhyH) family	AG-896-F06_01372	5
CABZPQ010000002.1	159121	159804	-	AG-896-G07_00501	AG-896-G07	227	OG0000684	K23265	phosphoribosylformylglycinamidine synthase subunit PurQ / glutaminase [EC:6.3.5.3 3.5.1.2]	COG0047	PurL2	Phosphoribosylformylglycinamidine (FGAM) synthase, glutamine amidotransferase domain	AG-896-G07_00506	-5
CABZPQ010000002.1	159808	160041	-	AG-896-G07_00502	AG-896-G07	77	OG0000770	K23264	phosphoribosylformylglycinamidine synthase subunit PurS [EC:6.3.5.3]	COG1828	PurS	Phosphoribosylformylglycinamidine (FGAM) synthase, PurS subunit	AG-896-G07_00506	-4
CABZPQ010000002.1	160041	160826	-	AG-896-G07_00503	AG-896-G07	261	OG0000769	K01923	phosphoribosylaminoimidazole-succinocarboxamide synthase [EC:6.3.2.6]	COG0152	PurC	Phosphoribosylaminoimidazole-succinocarboxamide synthase	AG-896-G07_00506	-3
CABZPQ010000002.1	160826	162118	-	AG-896-G07_00504	AG-896-G07	430	OG0000779	K01756	adenylosuccinate lyase [EC:4.3.2.2]	COG0015	PurB	Adenylosuccinate lyase	AG-896-G07_00506	-2
CABZPQ010000002.1	162118	162888	-	AG-896-G07_00505	AG-896-G07	256	OG0000721	K01265	methionyl aminopeptidase [EC:3.4.11.18]	COG0024	Map	Methionine aminopeptidase	AG-896-G07_00506	-1
CABZPQ010000002.1	162881	163567	-	AG-896-G07_00506	AG-896-G07	228	OG0000819	K06206	sugar fermentation stimulation protein A	COG1489	SfsA	DNA-binding protein, stimulates sugar fermentation	AG-896-G07_00506	0
CABZPQ010000002.1	163590	164339	+	AG-896-G07_00507	AG-896-G07	249	OG0000807	NA	NA	COG1058	CinA	ADP-ribose pyrophosphatase domain of DNA damage- and competence-inducible protein CinA	AG-896-G07_00506	1
CABZPQ010000002.1	164342	164746	+	AG-896-G07_00508	AG-896-G07	134	OG0001035	K00682	gamma-glutamylcyclotransferase [EC:4.3.2.9]	COG2105	YtfP	Predicted gamma-glutamylamine cyclotransferase YtfP, GGCT/AIG2-like family	AG-896-G07_00506	2
CABZPQ010000002.1	164750	165436	+	AG-896-G07_00509	AG-896-G07	228	OG0001044	NA	NA	COG1296	AzlC	Predicted branched-chain amino acid permease (azaleucine resistance)	AG-896-G07_00506	3
CABZPQ010000002.1	165433	165750	+	AG-896-G07_00510	AG-896-G07	105	OG0001043	NA	NA	COG4392	AzlD2	Branched-chain amino acid transport protein	AG-896-G07_00506	4
CABZPQ010000002.1	165755	167047	+	AG-896-G07_00511	AG-896-G07	430	OG0001333	NA	NA	COG4091	NA	Predicted homoserine dehydrogenase, contains C-terminal SAF domain	AG-896-G07_00506	5
CABZTB010000003.1	27180	27863	-	AG-896-K10_00746	AG-896-K10	227	OG0000684	K23265	phosphoribosylformylglycinamidine synthase subunit PurQ / glutaminase [EC:6.3.5.3 3.5.1.2]	COG0047	PurL2	Phosphoribosylformylglycinamidine (FGAM) synthase, glutamine amidotransferase domain	AG-896-K10_00751	-5
CABZTB010000003.1	27867	28109	-	AG-896-K10_00747	AG-896-K10	80	OG0000770	K23264	phosphoribosylformylglycinamidine synthase subunit PurS [EC:6.3.5.3]	COG1828	PurS	Phosphoribosylformylglycinamidine (FGAM) synthase, PurS subunit	AG-896-K10_00751	-4
CABZTB010000003.1	28106	28891	-	AG-896-K10_00748	AG-896-K10	261	OG0000769	K01923	phosphoribosylaminoimidazole-succinocarboxamide synthase [EC:6.3.2.6]	COG0152	PurC	Phosphoribosylaminoimidazole-succinocarboxamide synthase	AG-896-K10_00751	-3
CABZTB010000003.1	28891	30183	-	AG-896-K10_00749	AG-896-K10	430	OG0000779	K01756	adenylosuccinate lyase [EC:4.3.2.2]	COG0015	PurB	Adenylosuccinate lyase	AG-896-K10_00751	-2
CABZTB010000003.1	30187	30960	-	AG-896-K10_00750	AG-896-K10	257	OG0000721	K01265	methionyl aminopeptidase [EC:3.4.11.18]	COG0024	Map	Methionine aminopeptidase	AG-896-K10_00751	-1
CABZTB010000003.1	30953	31651	-	AG-896-K10_00751	AG-896-K10	232	OG0000819	K06206	sugar fermentation stimulation protein A	COG1489	SfsA	DNA-binding protein, stimulates sugar fermentation	AG-896-K10_00751	0
CABZTB010000003.1	31670	32419	+	AG-896-K10_00752	AG-896-K10	249	OG0000807	NA	NA	COG1058	CinA	ADP-ribose pyrophosphatase domain of DNA damage- and competence-inducible protein CinA	AG-896-K10_00751	1
CABZTB010000003.1	32420	32821	+	AG-896-K10_00753	AG-896-K10	133	OG0001035	K00682	gamma-glutamylcyclotransferase [EC:4.3.2.9]	COG2105	YtfP	Predicted gamma-glutamylamine cyclotransferase YtfP, GGCT/AIG2-like family	AG-896-K10_00751	2
CABZTB010000003.1	32810	34528	-	AG-896-K10_00754	AG-896-K10	572	OG0001331	NA	NA	COG2956	LapB	Lipopolysaccharide biosynthesis regulator YciM/LapB, contains six TPR domains and a C-terminal metal-binding domain	AG-896-K10_00751	3
CABZTB010000003.1	34594	36318	-	AG-896-K10_00755	AG-896-K10	574	OG0001383	NA	NA	COG0366	AmyA	Glycosidase/amylase (phosphorylase)	AG-896-K10_00751	4
CABZTB010000003.1	36318	37538	-	AG-896-K10_00756	AG-896-K10	406	OG0001273	K13693	glucosyl-3-phosphoglycerate synthase [EC:2.4.1.266]	NA	NA	NA	AG-896-K10_00751	5
CABZUL010000001.1	112481	113164	-	AG-896-L20_00128	AG-896-L20	227	OG0000684	K23265	phosphoribosylformylglycinamidine synthase subunit PurQ / glutaminase [EC:6.3.5.3 3.5.1.2]	COG0047	PurL2	Phosphoribosylformylglycinamidine (FGAM) synthase, glutamine amidotransferase domain	AG-896-L20_00133	-5
CABZUL010000001.1	113168	113410	-	AG-896-L20_00129	AG-896-L20	80	OG0000770	K23264	phosphoribosylformylglycinamidine synthase subunit PurS [EC:6.3.5.3]	COG1828	PurS	Phosphoribosylformylglycinamidine (FGAM) synthase, PurS subunit	AG-896-L20_00133	-4
CABZUL010000001.1	113407	114192	-	AG-896-L20_00130	AG-896-L20	261	OG0000769	K01923	phosphoribosylaminoimidazole-succinocarboxamide synthase [EC:6.3.2.6]	COG0152	PurC	Phosphoribosylaminoimidazole-succinocarboxamide synthase	AG-896-L20_00133	-3
CABZUL010000001.1	114192	115484	-	AG-896-L20_00131	AG-896-L20	430	OG0000779	K01756	adenylosuccinate lyase [EC:4.3.2.2]	COG0015	PurB	Adenylosuccinate lyase	AG-896-L20_00133	-2
CABZUL010000001.1	115488	116261	-	AG-896-L20_00132	AG-896-L20	257	OG0000721	K01265	methionyl aminopeptidase [EC:3.4.11.18]	COG0024	Map	Methionine aminopeptidase	AG-896-L20_00133	-1
CABZUL010000001.1	116254	116952	-	AG-896-L20_00133	AG-896-L20	232	OG0000819	K06206	sugar fermentation stimulation protein A	COG1489	SfsA	DNA-binding protein, stimulates sugar fermentation	AG-896-L20_00133	0
CABZUL010000001.1	116973	117722	+	AG-896-L20_00134	AG-896-L20	249	OG0000807	NA	NA	COG1058	CinA	ADP-ribose pyrophosphatase domain of DNA damage- and competence-inducible protein CinA	AG-896-L20_00133	1
CABZUL010000001.1	117723	118124	+	AG-896-L20_00135	AG-896-L20	133	OG0001035	K00682	gamma-glutamylcyclotransferase [EC:4.3.2.9]	COG2105	YtfP	Predicted gamma-glutamylamine cyclotransferase YtfP, GGCT/AIG2-like family	AG-896-L20_00133	2
CABZUL010000001.1	118130	119572	-	AG-896-L20_00136	AG-896-L20	480	OG0001158	NA	NA	COG2308	NA	Circularly permuted ATP-grasp protein	AG-896-L20_00133	3
CABZUL010000001.1	119682	120407	+	AG-896-L20_00137	AG-896-L20	241	OG0001204	K07395	putative proteasome-type protease	COG3484	NA	Predicted proteasome-type protease	AG-896-L20_00133	4
CABZUL010000001.1	120409	122133	-	AG-896-L20_00138	AG-896-L20	574	OG0001383	NA	NA	COG0366	AmyA	Glycosidase/amylase (phosphorylase)	AG-896-L20_00133	5
CACADE010000011.1	11716	12399	-	AG-897-G09_01255	AG-897-G09	227	OG0000684	K23265	phosphoribosylformylglycinamidine synthase subunit PurQ / glutaminase [EC:6.3.5.3 3.5.1.2]	COG0047	PurL2	Phosphoribosylformylglycinamidine (FGAM) synthase, glutamine amidotransferase domain	AG-897-G09_01260	-5
CACADE010000011.1	12403	12636	-	AG-897-G09_01256	AG-897-G09	77	OG0000770	K23264	phosphoribosylformylglycinamidine synthase subunit PurS [EC:6.3.5.3]	COG1828	PurS	Phosphoribosylformylglycinamidine (FGAM) synthase, PurS subunit	AG-897-G09_01260	-4
CACADE010000011.1	12636	13421	-	AG-897-G09_01257	AG-897-G09	261	OG0000769	K01923	phosphoribosylaminoimidazole-succinocarboxamide synthase [EC:6.3.2.6]	COG0152	PurC	Phosphoribosylaminoimidazole-succinocarboxamide synthase	AG-897-G09_01260	-3
CACADE010000011.1	13421	14713	-	AG-897-G09_01258	AG-897-G09	430	OG0000779	K01756	adenylosuccinate lyase [EC:4.3.2.2]	COG0015	PurB	Adenylosuccinate lyase	AG-897-G09_01260	-2
CACADE010000011.1	14713	15483	-	AG-897-G09_01259	AG-897-G09	256	OG0000721	K01265	methionyl aminopeptidase [EC:3.4.11.18]	COG0024	Map	Methionine aminopeptidase	AG-897-G09_01260	-1
CACADE010000011.1	15476	16162	-	AG-897-G09_01260	AG-897-G09	228	OG0000819	K06206	sugar fermentation stimulation protein A	COG1489	SfsA	DNA-binding protein, stimulates sugar fermentation	AG-897-G09_01260	0
CACADE010000011.1	16185	16934	+	AG-897-G09_01261	AG-897-G09	249	OG0000807	NA	NA	COG1058	CinA	ADP-ribose pyrophosphatase domain of DNA damage- and competence-inducible protein CinA	AG-897-G09_01260	1
CACADE010000011.1	16937	17341	+	AG-897-G09_01262	AG-897-G09	134	OG0001035	K00682	gamma-glutamylcyclotransferase [EC:4.3.2.9]	COG2105	YtfP	Predicted gamma-glutamylamine cyclotransferase YtfP, GGCT/AIG2-like family	AG-897-G09_01260	2
CACADE010000011.1	17345	18031	+	AG-897-G09_01263	AG-897-G09	228	OG0001044	NA	NA	COG1296	AzlC	Predicted branched-chain amino acid permease (azaleucine resistance)	AG-897-G09_01260	3
CACADE010000011.1	18028	18345	+	AG-897-G09_01264	AG-897-G09	105	OG0001043	NA	NA	COG4392	AzlD2	Branched-chain amino acid transport protein	AG-897-G09_01260	4
CACADE010000011.1	18350	19642	+	AG-897-G09_01265	AG-897-G09	430	OG0001333	NA	NA	COG4091	NA	Predicted homoserine dehydrogenase, contains C-terminal SAF domain	AG-897-G09_01260	5
CACAIK010000005.1	63201	64493	-	AG-897-O16_00661	AG-897-O16	430	OG0001333	NA	NA	COG4091	NA	Predicted homoserine dehydrogenase, contains C-terminal SAF domain	AG-897-O16_00666	-5
CACAIK010000005.1	64498	64815	-	AG-897-O16_00662	AG-897-O16	105	OG0001043	NA	NA	COG4392	AzlD2	Branched-chain amino acid transport protein	AG-897-O16_00666	-4
CACAIK010000005.1	64812	65498	-	AG-897-O16_00663	AG-897-O16	228	OG0001044	NA	NA	COG1296	AzlC	Predicted branched-chain amino acid permease (azaleucine resistance)	AG-897-O16_00666	-3
CACAIK010000005.1	65502	65906	-	AG-897-O16_00664	AG-897-O16	134	OG0001035	K00682	gamma-glutamylcyclotransferase [EC:4.3.2.9]	COG2105	YtfP	Predicted gamma-glutamylamine cyclotransferase YtfP, GGCT/AIG2-like family	AG-897-O16_00666	-2
CACAIK010000005.1	65909	66658	-	AG-897-O16_00665	AG-897-O16	249	OG0000807	NA	NA	COG1058	CinA	ADP-ribose pyrophosphatase domain of DNA damage- and competence-inducible protein CinA	AG-897-O16_00666	-1
CACAIK010000005.1	66681	67367	+	AG-897-O16_00666	AG-897-O16	228	OG0000819	K06206	sugar fermentation stimulation protein A	COG1489	SfsA	DNA-binding protein, stimulates sugar fermentation	AG-897-O16_00666	0
CACAIK010000005.1	67360	68130	+	AG-897-O16_00667	AG-897-O16	256	OG0000721	K01265	methionyl aminopeptidase [EC:3.4.11.18]	COG0024	Map	Methionine aminopeptidase	AG-897-O16_00666	1
CACAIK010000005.1	68130	69422	+	AG-897-O16_00668	AG-897-O16	430	OG0000779	K01756	adenylosuccinate lyase [EC:4.3.2.2]	COG0015	PurB	Adenylosuccinate lyase	AG-897-O16_00666	2
CACAIK010000005.1	69422	70210	+	AG-897-O16_00669	AG-897-O16	262	OG0000769	K01923	phosphoribosylaminoimidazole-succinocarboxamide synthase [EC:6.3.2.6]	COG0152	PurC	Phosphoribosylaminoimidazole-succinocarboxamide synthase	AG-897-O16_00666	3
CACAIK010000005.1	70207	70440	+	AG-897-O16_00670	AG-897-O16	77	OG0000770	K23264	phosphoribosylformylglycinamidine synthase subunit PurS [EC:6.3.5.3]	COG1828	PurS	Phosphoribosylformylglycinamidine (FGAM) synthase, PurS subunit	AG-897-O16_00666	4
CACAIK010000005.1	70444	71127	+	AG-897-O16_00671	AG-897-O16	227	OG0000684	K23265	phosphoribosylformylglycinamidine synthase subunit PurQ / glutaminase [EC:6.3.5.3 3.5.1.2]	COG0047	PurL2	Phosphoribosylformylglycinamidine (FGAM) synthase, glutamine amidotransferase domain	AG-897-O16_00666	5
CACALX010000001.1	72123	72893	-	AG-898-C07_00091	AG-898-C07	256	OG0000972	K00858	NAD+ kinase [EC:2.7.1.23]	COG0061	NadK	NAD kinase	AG-898-C07_00097	-5
CACALX010000001.1	73082	73885	+	AG-898-C07_00093	AG-898-C07	267	OG0001276	K07026	mannosyl-3-phosphoglycerate phosphatase [EC:3.1.3.70]	COG3769	YedP	Mannosyl-3-phosphoglycerate phosphatase YedP/MpgP, HAD superfamily	AG-898-C07_00097	-4
CACALX010000001.1	73897	75117	+	AG-898-C07_00094	AG-898-C07	406	OG0001273	K13693	glucosyl-3-phosphoglycerate synthase [EC:2.4.1.266]	NA	NA	NA	AG-898-C07_00097	-3
CACALX010000001.1	75124	75525	-	AG-898-C07_00095	AG-898-C07	133	OG0001035	K00682	gamma-glutamylcyclotransferase [EC:4.3.2.9]	COG2105	YtfP	Predicted gamma-glutamylamine cyclotransferase YtfP, GGCT/AIG2-like family	AG-898-C07_00097	-2
CACALX010000001.1	75525	76274	-	AG-898-C07_00096	AG-898-C07	249	OG0000807	NA	NA	COG1058	CinA	ADP-ribose pyrophosphatase domain of DNA damage- and competence-inducible protein CinA	AG-898-C07_00097	-1
CACALX010000001.1	76295	76993	+	AG-898-C07_00097	AG-898-C07	232	OG0000819	K06206	sugar fermentation stimulation protein A	COG1489	SfsA	DNA-binding protein, stimulates sugar fermentation	AG-898-C07_00097	0
CACALX010000001.1	76986	77756	+	AG-898-C07_00098	AG-898-C07	256	OG0000721	K01265	methionyl aminopeptidase [EC:3.4.11.18]	COG0024	Map	Methionine aminopeptidase	AG-898-C07_00097	1
CACALX010000001.1	77760	79052	+	AG-898-C07_00099	AG-898-C07	430	OG0000779	K01756	adenylosuccinate lyase [EC:4.3.2.2]	COG0015	PurB	Adenylosuccinate lyase	AG-898-C07_00097	2
CACALX010000001.1	79052	79837	+	AG-898-C07_00100	AG-898-C07	261	OG0000769	K01923	phosphoribosylaminoimidazole-succinocarboxamide synthase [EC:6.3.2.6]	COG0152	PurC	Phosphoribosylaminoimidazole-succinocarboxamide synthase	AG-898-C07_00097	3
CACALX010000001.1	79834	80076	+	AG-898-C07_00101	AG-898-C07	80	OG0000770	K23264	phosphoribosylformylglycinamidine synthase subunit PurS [EC:6.3.5.3]	COG1828	PurS	Phosphoribosylformylglycinamidine (FGAM) synthase, PurS subunit	AG-898-C07_00097	4
CACALX010000001.1	80080	80763	+	AG-898-C07_00102	AG-898-C07	227	OG0000684	K23265	phosphoribosylformylglycinamidine synthase subunit PurQ / glutaminase [EC:6.3.5.3 3.5.1.2]	COG0047	PurL2	Phosphoribosylformylglycinamidine (FGAM) synthase, glutamine amidotransferase domain	AG-898-C07_00097	5
CACARD010000002.1	24133	24483	+	AG-898-G21_00377	AG-898-G21	116	OG0001378	NA	NA	NA	NA	NA	AG-898-G21_00382	-5
CACARD010000002.1	24491	24802	-	AG-898-G21_00378	AG-898-G21	103	OG0001043	NA	NA	COG4392	AzlD2	Branched-chain amino acid transport protein	AG-898-G21_00382	-4
CACARD010000002.1	24799	25485	-	AG-898-G21_00379	AG-898-G21	228	OG0001044	NA	NA	COG1296	AzlC	Predicted branched-chain amino acid permease (azaleucine resistance)	AG-898-G21_00382	-3
CACARD010000002.1	25489	25893	-	AG-898-G21_00380	AG-898-G21	134	OG0001035	K00682	gamma-glutamylcyclotransferase [EC:4.3.2.9]	COG2105	YtfP	Predicted gamma-glutamylamine cyclotransferase YtfP, GGCT/AIG2-like family	AG-898-G21_00382	-2
CACARD010000002.1	25896	26645	-	AG-898-G21_00381	AG-898-G21	249	OG0000807	NA	NA	COG1058	CinA	ADP-ribose pyrophosphatase domain of DNA damage- and competence-inducible protein CinA	AG-898-G21_00382	-1
CACARD010000002.1	26668	27354	+	AG-898-G21_00382	AG-898-G21	228	OG0000819	K06206	sugar fermentation stimulation protein A	COG1489	SfsA	DNA-binding protein, stimulates sugar fermentation	AG-898-G21_00382	0
CACARD010000002.1	27347	28117	+	AG-898-G21_00383	AG-898-G21	256	OG0000721	K01265	methionyl aminopeptidase [EC:3.4.11.18]	COG0024	Map	Methionine aminopeptidase	AG-898-G21_00382	1
CACARD010000002.1	28117	29409	+	AG-898-G21_00384	AG-898-G21	430	OG0000779	K01756	adenylosuccinate lyase [EC:4.3.2.2]	COG0015	PurB	Adenylosuccinate lyase	AG-898-G21_00382	2
CACARD010000002.1	29409	30197	+	AG-898-G21_00385	AG-898-G21	262	OG0000769	K01923	phosphoribosylaminoimidazole-succinocarboxamide synthase [EC:6.3.2.6]	COG0152	PurC	Phosphoribosylaminoimidazole-succinocarboxamide synthase	AG-898-G21_00382	3
CACARD010000002.1	30194	30427	+	AG-898-G21_00386	AG-898-G21	77	OG0000770	K23264	phosphoribosylformylglycinamidine synthase subunit PurS [EC:6.3.5.3]	COG1828	PurS	Phosphoribosylformylglycinamidine (FGAM) synthase, PurS subunit	AG-898-G21_00382	4
CACARD010000002.1	30431	31114	+	AG-898-G21_00387	AG-898-G21	227	OG0000684	K23265	phosphoribosylformylglycinamidine synthase subunit PurQ / glutaminase [EC:6.3.5.3 3.5.1.2]	COG0047	PurL2	Phosphoribosylformylglycinamidine (FGAM) synthase, glutamine amidotransferase domain	AG-898-G21_00382	5
CACAYV010000008.1	29686	30369	-	AG-898-P13_00949	AG-898-P13	227	OG0000684	K23265	phosphoribosylformylglycinamidine synthase subunit PurQ / glutaminase [EC:6.3.5.3 3.5.1.2]	COG0047	PurL2	Phosphoribosylformylglycinamidine (FGAM) synthase, glutamine amidotransferase domain	AG-898-P13_00954	-5
CACAYV010000008.1	30373	30606	-	AG-898-P13_00950	AG-898-P13	77	OG0000770	K23264	phosphoribosylformylglycinamidine synthase subunit PurS [EC:6.3.5.3]	COG1828	PurS	Phosphoribosylformylglycinamidine (FGAM) synthase, PurS subunit	AG-898-P13_00954	-4
CACAYV010000008.1	30607	31392	-	AG-898-P13_00951	AG-898-P13	261	OG0000769	K01923	phosphoribosylaminoimidazole-succinocarboxamide synthase [EC:6.3.2.6]	COG0152	PurC	Phosphoribosylaminoimidazole-succinocarboxamide synthase	AG-898-P13_00954	-3
CACAYV010000008.1	31392	32684	-	AG-898-P13_00952	AG-898-P13	430	OG0000779	K01756	adenylosuccinate lyase [EC:4.3.2.2]	COG0015	PurB	Adenylosuccinate lyase	AG-898-P13_00954	-2
CACAYV010000008.1	32701	33453	-	AG-898-P13_00953	AG-898-P13	250	OG0000721	K01265	methionyl aminopeptidase [EC:3.4.11.18]	COG0024	Map	Methionine aminopeptidase	AG-898-P13_00954	-1
CACAYV010000008.1	33446	34144	-	AG-898-P13_00954	AG-898-P13	232	OG0000819	K06206	sugar fermentation stimulation protein A	COG1489	SfsA	DNA-binding protein, stimulates sugar fermentation	AG-898-P13_00954	0
CACAYV010000008.1	34165	34917	+	AG-898-P13_00955	AG-898-P13	250	OG0000807	NA	NA	COG1058	CinA	ADP-ribose pyrophosphatase domain of DNA damage- and competence-inducible protein CinA	AG-898-P13_00954	1
CACAYV010000008.1	34917	35324	+	AG-898-P13_00956	AG-898-P13	135	OG0001035	K00682	gamma-glutamylcyclotransferase [EC:4.3.2.9]	COG2105	YtfP	Predicted gamma-glutamylamine cyclotransferase YtfP, GGCT/AIG2-like family	AG-898-P13_00954	2
CACAYV010000008.1	35581	36795	+	AG-898-P13_00957	AG-898-P13	404	OG0001490	K06902	MFS transporter, UMF1 family	COG2270	BtlA	MFS-type transporter involved in bile tolerance, Atg22 family	AG-898-P13_00954	3
CACAYV010000008.1	36795	37364	+	AG-898-P13_00958	AG-898-P13	189	OG0001191	NA	NA	COG0584	UgpQ	Glycerophosphoryl diester phosphodiesterase	AG-898-P13_00954	4
CACAYV010000008.1	37468	39558	-	AG-898-P13_00959	AG-898-P13	696	OG0002855	NA	NA	NA	NA	NA	AG-898-P13_00954	5
CACAZW010000001.1	151621	152304	-	AG-899-A06_00158	AG-899-A06	227	OG0000684	K23265	phosphoribosylformylglycinamidine synthase subunit PurQ / glutaminase [EC:6.3.5.3 3.5.1.2]	COG0047	PurL2	Phosphoribosylformylglycinamidine (FGAM) synthase, glutamine amidotransferase domain	AG-899-A06_00163	-5
CACAZW010000001.1	152308	152541	-	AG-899-A06_00159	AG-899-A06	77	OG0000770	K23264	phosphoribosylformylglycinamidine synthase subunit PurS [EC:6.3.5.3]	COG1828	PurS	Phosphoribosylformylglycinamidine (FGAM) synthase, PurS subunit	AG-899-A06_00163	-4
CACAZW010000001.1	152541	153326	-	AG-899-A06_00160	AG-899-A06	261	OG0000769	K01923	phosphoribosylaminoimidazole-succinocarboxamide synthase [EC:6.3.2.6]	COG0152	PurC	Phosphoribosylaminoimidazole-succinocarboxamide synthase	AG-899-A06_00163	-3
CACAZW010000001.1	153326	154618	-	AG-899-A06_00161	AG-899-A06	430	OG0000779	K01756	adenylosuccinate lyase [EC:4.3.2.2]	COG0015	PurB	Adenylosuccinate lyase	AG-899-A06_00163	-2
CACAZW010000001.1	154618	155388	-	AG-899-A06_00162	AG-899-A06	256	OG0000721	K01265	methionyl aminopeptidase [EC:3.4.11.18]	COG0024	Map	Methionine aminopeptidase	AG-899-A06_00163	-1
CACAZW010000001.1	155381	156067	-	AG-899-A06_00163	AG-899-A06	228	OG0000819	K06206	sugar fermentation stimulation protein A	COG1489	SfsA	DNA-binding protein, stimulates sugar fermentation	AG-899-A06_00163	0
CACAZW010000001.1	156090	156839	+	AG-899-A06_00164	AG-899-A06	249	OG0000807	NA	NA	COG1058	CinA	ADP-ribose pyrophosphatase domain of DNA damage- and competence-inducible protein CinA	AG-899-A06_00163	1
CACAZW010000001.1	156842	157246	+	AG-899-A06_00165	AG-899-A06	134	OG0001035	K00682	gamma-glutamylcyclotransferase [EC:4.3.2.9]	COG2105	YtfP	Predicted gamma-glutamylamine cyclotransferase YtfP, GGCT/AIG2-like family	AG-899-A06_00163	2
CACAZW010000001.1	157250	157936	+	AG-899-A06_00166	AG-899-A06	228	OG0001044	NA	NA	COG1296	AzlC	Predicted branched-chain amino acid permease (azaleucine resistance)	AG-899-A06_00163	3
CACAZW010000001.1	157933	158250	+	AG-899-A06_00167	AG-899-A06	105	OG0001043	NA	NA	COG4392	AzlD2	Branched-chain amino acid transport protein	AG-899-A06_00163	4
CACAZW010000001.1	158255	159547	+	AG-899-A06_00168	AG-899-A06	430	OG0001333	NA	NA	COG4091	NA	Predicted homoserine dehydrogenase, contains C-terminal SAF domain	AG-899-A06_00163	5
CACBAX010000004.1	32049	33368	-	AG-899-B09_00450	AG-899-B09	439	OG0001333	NA	NA	COG4091	NA	Predicted homoserine dehydrogenase, contains C-terminal SAF domain	AG-899-B09_00455	-5
CACBAX010000004.1	33344	33658	-	AG-899-B09_00451	AG-899-B09	104	OG0001043	NA	NA	COG4392	AzlD2	Branched-chain amino acid transport protein	AG-899-B09_00455	-4
CACBAX010000004.1	33655	34347	-	AG-899-B09_00452	AG-899-B09	230	OG0001044	NA	NA	COG1296	AzlC	Predicted branched-chain amino acid permease (azaleucine resistance)	AG-899-B09_00455	-3
CACBAX010000004.1	34351	34758	-	AG-899-B09_00453	AG-899-B09	135	OG0001035	K00682	gamma-glutamylcyclotransferase [EC:4.3.2.9]	COG2105	YtfP	Predicted gamma-glutamylamine cyclotransferase YtfP, GGCT/AIG2-like family	AG-899-B09_00455	-2
CACBAX010000004.1	34758	35510	-	AG-899-B09_00454	AG-899-B09	250	OG0000807	NA	NA	COG1058	CinA	ADP-ribose pyrophosphatase domain of DNA damage- and competence-inducible protein CinA	AG-899-B09_00455	-1
CACBAX010000004.1	35532	36221	+	AG-899-B09_00455	AG-899-B09	229	OG0000819	K06206	sugar fermentation stimulation protein A	COG1489	SfsA	DNA-binding protein, stimulates sugar fermentation	AG-899-B09_00455	0
CACBAX010000004.1	36211	36987	+	AG-899-B09_00456	AG-899-B09	258	OG0000721	K01265	methionyl aminopeptidase [EC:3.4.11.18]	COG0024	Map	Methionine aminopeptidase	AG-899-B09_00455	1
CACBAX010000004.1	36987	38279	+	AG-899-B09_00457	AG-899-B09	430	OG0000779	K01756	adenylosuccinate lyase [EC:4.3.2.2]	COG0015	PurB	Adenylosuccinate lyase	AG-899-B09_00455	2
CACBAX010000004.1	38279	39064	+	AG-899-B09_00458	AG-899-B09	261	OG0000769	K01923	phosphoribosylaminoimidazole-succinocarboxamide synthase [EC:6.3.2.6]	COG0152	PurC	Phosphoribosylaminoimidazole-succinocarboxamide synthase	AG-899-B09_00455	3
CACBAX010000004.1	39064	39297	+	AG-899-B09_00459	AG-899-B09	77	OG0000770	K23264	phosphoribosylformylglycinamidine synthase subunit PurS [EC:6.3.5.3]	COG1828	PurS	Phosphoribosylformylglycinamidine (FGAM) synthase, PurS subunit	AG-899-B09_00455	4
CACBAX010000004.1	39304	39987	+	AG-899-B09_00460	AG-899-B09	227	OG0000684	K23265	phosphoribosylformylglycinamidine synthase subunit PurQ / glutaminase [EC:6.3.5.3 3.5.1.2]	COG0047	PurL2	Phosphoribosylformylglycinamidine (FGAM) synthase, glutamine amidotransferase domain	AG-899-B09_00455	5
CACBCM010000016.1	45	1688	+	AG-899-D19_01175	AG-899-D19	547	OG0001331	NA	NA	COG2956	LapB	Lipopolysaccharide biosynthesis regulator YciM/LapB, contains six TPR domains and a C-terminal metal-binding domain	AG-899-D19_01180	-5
CACBCM010000016.1	1765	2079	-	AG-899-D19_01176	AG-899-D19	104	OG0001043	NA	NA	COG4392	AzlD2	Branched-chain amino acid transport protein	AG-899-D19_01180	-4
CACBCM010000016.1	2076	2768	-	AG-899-D19_01177	AG-899-D19	230	OG0001044	NA	NA	COG1296	AzlC	Predicted branched-chain amino acid permease (azaleucine resistance)	AG-899-D19_01180	-3
CACBCM010000016.1	2772	3179	-	AG-899-D19_01178	AG-899-D19	135	OG0001035	K00682	gamma-glutamylcyclotransferase [EC:4.3.2.9]	COG2105	YtfP	Predicted gamma-glutamylamine cyclotransferase YtfP, GGCT/AIG2-like family	AG-899-D19_01180	-2
CACBCM010000016.1	3179	3931	-	AG-899-D19_01179	AG-899-D19	250	OG0000807	NA	NA	COG1058	CinA	ADP-ribose pyrophosphatase domain of DNA damage- and competence-inducible protein CinA	AG-899-D19_01180	-1
CACBCM010000016.1	3953	4642	+	AG-899-D19_01180	AG-899-D19	229	OG0000819	K06206	sugar fermentation stimulation protein A	COG1489	SfsA	DNA-binding protein, stimulates sugar fermentation	AG-899-D19_01180	0
CACBCM010000016.1	4632	5408	+	AG-899-D19_01181	AG-899-D19	258	OG0000721	K01265	methionyl aminopeptidase [EC:3.4.11.18]	COG0024	Map	Methionine aminopeptidase	AG-899-D19_01180	1
CACBCM010000016.1	5408	6700	+	AG-899-D19_01182	AG-899-D19	430	OG0000779	K01756	adenylosuccinate lyase [EC:4.3.2.2]	COG0015	PurB	Adenylosuccinate lyase	AG-899-D19_01180	2
CACBCM010000016.1	6700	7485	+	AG-899-D19_01183	AG-899-D19	261	OG0000769	K01923	phosphoribosylaminoimidazole-succinocarboxamide synthase [EC:6.3.2.6]	COG0152	PurC	Phosphoribosylaminoimidazole-succinocarboxamide synthase	AG-899-D19_01180	3
CACBCM010000016.1	7485	7718	+	AG-899-D19_01184	AG-899-D19	77	OG0000770	K23264	phosphoribosylformylglycinamidine synthase subunit PurS [EC:6.3.5.3]	COG1828	PurS	Phosphoribosylformylglycinamidine (FGAM) synthase, PurS subunit	AG-899-D19_01180	4
CACBCM010000016.1	7725	8408	+	AG-899-D19_01185	AG-899-D19	227	OG0000684	K23265	phosphoribosylformylglycinamidine synthase subunit PurQ / glutaminase [EC:6.3.5.3 3.5.1.2]	COG0047	PurL2	Phosphoribosylformylglycinamidine (FGAM) synthase, glutamine amidotransferase domain	AG-899-D19_01180	5
CACBDA010000002.1	177044	177664	-	AG-899-E14_00521	AG-899-E14	206	OG0001191	NA	NA	COG0584	UgpQ	Glycerophosphoryl diester phosphodiesterase	AG-899-E14_00526	-5
CACBDA010000002.1	177664	178878	-	AG-899-E14_00522	AG-899-E14	404	OG0001490	K06902	MFS transporter, UMF1 family	COG2270	BtlA	MFS-type transporter involved in bile tolerance, Atg22 family	AG-899-E14_00526	-4
CACBDA010000002.1	178933	179895	-	AG-899-E14_00523	AG-899-E14	320	OG0002236	NA	NA	NA	NA	NA	AG-899-E14_00526	-3
CACBDA010000002.1	180227	181180	+	AG-899-E14_00524	AG-899-E14	317	OG0001428	NA	NA	COG0859	RfaF	ADP-heptose:LPS heptosyltransferase	AG-899-E14_00526	-2
CACBDA010000002.1	181177	181935	-	AG-899-E14_00525	AG-899-E14	252	OG0000807	NA	NA	COG1058	CinA	ADP-ribose pyrophosphatase domain of DNA damage- and competence-inducible protein CinA	AG-899-E14_00526	-1
CACBDA010000002.1	181948	182646	+	AG-899-E14_00526	AG-899-E14	232	OG0000819	K06206	sugar fermentation stimulation protein A	COG1489	SfsA	DNA-binding protein, stimulates sugar fermentation	AG-899-E14_00526	0
CACBDA010000002.1	182639	183391	+	AG-899-E14_00527	AG-899-E14	250	OG0000721	K01265	methionyl aminopeptidase [EC:3.4.11.18]	COG0024	Map	Methionine aminopeptidase	AG-899-E14_00526	1
CACBDA010000002.1	183388	184686	+	AG-899-E14_00528	AG-899-E14	432	OG0000779	K01756	adenylosuccinate lyase [EC:4.3.2.2]	COG0015	PurB	Adenylosuccinate lyase	AG-899-E14_00526	2
CACBDA010000002.1	184691	185482	+	AG-899-E14_00529	AG-899-E14	263	OG0000769	K01923	phosphoribosylaminoimidazole-succinocarboxamide synthase [EC:6.3.2.6]	COG0152	PurC	Phosphoribosylaminoimidazole-succinocarboxamide synthase	AG-899-E14_00526	3
CACBDA010000002.1	185484	185726	+	AG-899-E14_00530	AG-899-E14	80	OG0000770	K23264	phosphoribosylformylglycinamidine synthase subunit PurS [EC:6.3.5.3]	COG1828	PurS	Phosphoribosylformylglycinamidine (FGAM) synthase, PurS subunit	AG-899-E14_00526	4
CACBDA010000002.1	185723	186400	+	AG-899-E14_00531	AG-899-E14	225	OG0000684	K23265	phosphoribosylformylglycinamidine synthase subunit PurQ / glutaminase [EC:6.3.5.3 3.5.1.2]	COG0047	PurL2	Phosphoribosylformylglycinamidine (FGAM) synthase, glutamine amidotransferase domain	AG-899-E14_00526	5
CACBFJ010000004.1	94999	95682	-	AG-899-G02_00607	AG-899-G02	227	OG0000684	K23265	phosphoribosylformylglycinamidine synthase subunit PurQ / glutaminase [EC:6.3.5.3 3.5.1.2]	COG0047	PurL2	Phosphoribosylformylglycinamidine (FGAM) synthase, glutamine amidotransferase domain	AG-899-G02_00612	-5
CACBFJ010000004.1	95686	95928	-	AG-899-G02_00608	AG-899-G02	80	OG0000770	K23264	phosphoribosylformylglycinamidine synthase subunit PurS [EC:6.3.5.3]	COG1828	PurS	Phosphoribosylformylglycinamidine (FGAM) synthase, PurS subunit	AG-899-G02_00612	-4
CACBFJ010000004.1	95925	96710	-	AG-899-G02_00609	AG-899-G02	261	OG0000769	K01923	phosphoribosylaminoimidazole-succinocarboxamide synthase [EC:6.3.2.6]	COG0152	PurC	Phosphoribosylaminoimidazole-succinocarboxamide synthase	AG-899-G02_00612	-3
CACBFJ010000004.1	96710	98002	-	AG-899-G02_00610	AG-899-G02	430	OG0000779	K01756	adenylosuccinate lyase [EC:4.3.2.2]	COG0015	PurB	Adenylosuccinate lyase	AG-899-G02_00612	-2
CACBFJ010000004.1	98002	98775	-	AG-899-G02_00611	AG-899-G02	257	OG0000721	K01265	methionyl aminopeptidase [EC:3.4.11.18]	COG0024	Map	Methionine aminopeptidase	AG-899-G02_00612	-1
CACBFJ010000004.1	98768	99466	-	AG-899-G02_00612	AG-899-G02	232	OG0000819	K06206	sugar fermentation stimulation protein A	COG1489	SfsA	DNA-binding protein, stimulates sugar fermentation	AG-899-G02_00612	0
CACBFJ010000004.1	99488	100237	+	AG-899-G02_00613	AG-899-G02	249	OG0000807	NA	NA	COG1058	CinA	ADP-ribose pyrophosphatase domain of DNA damage- and competence-inducible protein CinA	AG-899-G02_00612	1
CACBFJ010000004.1	100238	100639	+	AG-899-G02_00614	AG-899-G02	133	OG0001035	K00682	gamma-glutamylcyclotransferase [EC:4.3.2.9]	COG2105	YtfP	Predicted gamma-glutamylamine cyclotransferase YtfP, GGCT/AIG2-like family	AG-899-G02_00612	2
CACBFJ010000004.1	100647	102089	-	AG-899-G02_00615	AG-899-G02	480	OG0001158	NA	NA	COG2308	NA	Circularly permuted ATP-grasp protein	AG-899-G02_00612	3
CACBHY010000002.1	207575	208258	-	AG-899-J02_00514	AG-899-J02	227	OG0000684	K23265	phosphoribosylformylglycinamidine synthase subunit PurQ / glutaminase [EC:6.3.5.3 3.5.1.2]	COG0047	PurL2	Phosphoribosylformylglycinamidine (FGAM) synthase, glutamine amidotransferase domain	AG-899-J02_00519	-5
CACBHY010000002.1	208262	208504	-	AG-899-J02_00515	AG-899-J02	80	OG0000770	K23264	phosphoribosylformylglycinamidine synthase subunit PurS [EC:6.3.5.3]	COG1828	PurS	Phosphoribosylformylglycinamidine (FGAM) synthase, PurS subunit	AG-899-J02_00519	-4
CACBHY010000002.1	208501	209286	-	AG-899-J02_00516	AG-899-J02	261	OG0000769	K01923	phosphoribosylaminoimidazole-succinocarboxamide synthase [EC:6.3.2.6]	COG0152	PurC	Phosphoribosylaminoimidazole-succinocarboxamide synthase	AG-899-J02_00519	-3
CACBHY010000002.1	209286	210578	-	AG-899-J02_00517	AG-899-J02	430	OG0000779	K01756	adenylosuccinate lyase [EC:4.3.2.2]	COG0015	PurB	Adenylosuccinate lyase	AG-899-J02_00519	-2
CACBHY010000002.1	210582	211352	-	AG-899-J02_00518	AG-899-J02	256	OG0000721	K01265	methionyl aminopeptidase [EC:3.4.11.18]	COG0024	Map	Methionine aminopeptidase	AG-899-J02_00519	-1
CACBHY010000002.1	211345	212043	-	AG-899-J02_00519	AG-899-J02	232	OG0000819	K06206	sugar fermentation stimulation protein A	COG1489	SfsA	DNA-binding protein, stimulates sugar fermentation	AG-899-J02_00519	0
CACBHY010000002.1	212064	212813	+	AG-899-J02_00520	AG-899-J02	249	OG0000807	NA	NA	COG1058	CinA	ADP-ribose pyrophosphatase domain of DNA damage- and competence-inducible protein CinA	AG-899-J02_00519	1
CACBHY010000002.1	212813	213214	+	AG-899-J02_00521	AG-899-J02	133	OG0001035	K00682	gamma-glutamylcyclotransferase [EC:4.3.2.9]	COG2105	YtfP	Predicted gamma-glutamylamine cyclotransferase YtfP, GGCT/AIG2-like family	AG-899-J02_00519	2
CACBHY010000002.1	213226	214698	-	AG-899-J02_00522	AG-899-J02	490	OG0004163	NA	NA	NA	NA	NA	AG-899-J02_00519	3
CACBHY010000002.1	214789	215502	+	AG-899-J02_00523	AG-899-J02	237	OG0000008	NA	NA	COG2227	UbiG	2-polyprenyl-3-methyl-5-hydroxy-6-metoxy-1,4-benzoquinol methylase	AG-899-J02_00519	4
CACBHY010000002.1	215507	217555	+	AG-899-J02_00524	AG-899-J02	682	OG0001664	NA	NA	COG4993	Gcd	Glucose dehydrogenase, PQQ-dependent	AG-899-J02_00519	5
CACBIY010000001.1	23281	24081	+	AG-899-J23_00024	AG-899-J23	266	OG0001276	K07026	mannosyl-3-phosphoglycerate phosphatase [EC:3.1.3.70]	COG3769	YedP	Mannosyl-3-phosphoglycerate phosphatase YedP/MpgP, HAD superfamily	AG-899-J23_00029	-5
CACBIY010000001.1	24096	25316	+	AG-899-J23_00025	AG-899-J23	406	OG0001273	K13693	glucosyl-3-phosphoglycerate synthase [EC:2.4.1.266]	NA	NA	NA	AG-899-J23_00029	-4
CACBIY010000001.1	25316	27037	+	AG-899-J23_00026	AG-899-J23	573	OG0001383	NA	NA	COG0366	AmyA	Glycosidase/amylase (phosphorylase)	AG-899-J23_00029	-3
CACBIY010000001.1	27043	27447	-	AG-899-J23_00027	AG-899-J23	134	OG0001035	K00682	gamma-glutamylcyclotransferase [EC:4.3.2.9]	COG2105	YtfP	Predicted gamma-glutamylamine cyclotransferase YtfP, GGCT/AIG2-like family	AG-899-J23_00029	-2
CACBIY010000001.1	27448	28197	-	AG-899-J23_00028	AG-899-J23	249	OG0000807	NA	NA	COG1058	CinA	ADP-ribose pyrophosphatase domain of DNA damage- and competence-inducible protein CinA	AG-899-J23_00029	-1
CACBIY010000001.1	28218	28916	+	AG-899-J23_00029	AG-899-J23	232	OG0000819	K06206	sugar fermentation stimulation protein A	COG1489	SfsA	DNA-binding protein, stimulates sugar fermentation	AG-899-J23_00029	0
CACBIY010000001.1	28909	29682	+	AG-899-J23_00030	AG-899-J23	257	OG0000721	K01265	methionyl aminopeptidase [EC:3.4.11.18]	COG0024	Map	Methionine aminopeptidase	AG-899-J23_00029	1
CACBIY010000001.1	29686	30978	+	AG-899-J23_00031	AG-899-J23	430	OG0000779	K01756	adenylosuccinate lyase [EC:4.3.2.2]	COG0015	PurB	Adenylosuccinate lyase	AG-899-J23_00029	2
CACBIY010000001.1	30978	31763	+	AG-899-J23_00032	AG-899-J23	261	OG0000769	K01923	phosphoribosylaminoimidazole-succinocarboxamide synthase [EC:6.3.2.6]	COG0152	PurC	Phosphoribosylaminoimidazole-succinocarboxamide synthase	AG-899-J23_00029	3
CACBIY010000001.1	31760	32002	+	AG-899-J23_00033	AG-899-J23	80	OG0000770	K23264	phosphoribosylformylglycinamidine synthase subunit PurS [EC:6.3.5.3]	COG1828	PurS	Phosphoribosylformylglycinamidine (FGAM) synthase, PurS subunit	AG-899-J23_00029	4
CACBIY010000001.1	32006	32689	+	AG-899-J23_00034	AG-899-J23	227	OG0000684	K23265	phosphoribosylformylglycinamidine synthase subunit PurQ / glutaminase [EC:6.3.5.3 3.5.1.2]	COG0047	PurL2	Phosphoribosylformylglycinamidine (FGAM) synthase, glutamine amidotransferase domain	AG-899-J23_00029	5
CACBLI010000010.1	41526	42209	-	AG-899-M07_01117	AG-899-M07	227	OG0000684	K23265	phosphoribosylformylglycinamidine synthase subunit PurQ / glutaminase [EC:6.3.5.3 3.5.1.2]	COG0047	PurL2	Phosphoribosylformylglycinamidine (FGAM) synthase, glutamine amidotransferase domain	AG-899-M07_01122	-5
CACBLI010000010.1	42213	42455	-	AG-899-M07_01118	AG-899-M07	80	OG0000770	K23264	phosphoribosylformylglycinamidine synthase subunit PurS [EC:6.3.5.3]	COG1828	PurS	Phosphoribosylformylglycinamidine (FGAM) synthase, PurS subunit	AG-899-M07_01122	-4
CACBLI010000010.1	42452	43237	-	AG-899-M07_01119	AG-899-M07	261	OG0000769	K01923	phosphoribosylaminoimidazole-succinocarboxamide synthase [EC:6.3.2.6]	COG0152	PurC	Phosphoribosylaminoimidazole-succinocarboxamide synthase	AG-899-M07_01122	-3
CACBLI010000010.1	43237	44529	-	AG-899-M07_01120	AG-899-M07	430	OG0000779	K01756	adenylosuccinate lyase [EC:4.3.2.2]	COG0015	PurB	Adenylosuccinate lyase	AG-899-M07_01122	-2
CACBLI010000010.1	44533	45306	-	AG-899-M07_01121	AG-899-M07	257	OG0000721	K01265	methionyl aminopeptidase [EC:3.4.11.18]	COG0024	Map	Methionine aminopeptidase	AG-899-M07_01122	-1
CACBLI010000010.1	45299	45997	-	AG-899-M07_01122	AG-899-M07	232	OG0000819	K06206	sugar fermentation stimulation protein A	COG1489	SfsA	DNA-binding protein, stimulates sugar fermentation	AG-899-M07_01122	0
CACBLI010000010.1	46018	46767	+	AG-899-M07_01123	AG-899-M07	249	OG0000807	NA	NA	COG1058	CinA	ADP-ribose pyrophosphatase domain of DNA damage- and competence-inducible protein CinA	AG-899-M07_01122	1
CACBLI010000010.1	46768	47169	+	AG-899-M07_01124	AG-899-M07	133	OG0001035	K00682	gamma-glutamylcyclotransferase [EC:4.3.2.9]	COG2105	YtfP	Predicted gamma-glutamylamine cyclotransferase YtfP, GGCT/AIG2-like family	AG-899-M07_01122	2
CACBLI010000010.1	47177	48499	-	AG-899-M07_01125	AG-899-M07	440	OG0001383	NA	NA	COG0366	AmyA	Glycosidase/amylase (phosphorylase)	AG-899-M07_01122	3
CACBMN010000001.1	155780	156463	-	AG-899-M19_00173	AG-899-M19	227	OG0000684	K23265	phosphoribosylformylglycinamidine synthase subunit PurQ / glutaminase [EC:6.3.5.3 3.5.1.2]	COG0047	PurL2	Phosphoribosylformylglycinamidine (FGAM) synthase, glutamine amidotransferase domain	AG-899-M19_00178	-5
CACBMN010000001.1	156467	156700	-	AG-899-M19_00174	AG-899-M19	77	OG0000770	K23264	phosphoribosylformylglycinamidine synthase subunit PurS [EC:6.3.5.3]	COG1828	PurS	Phosphoribosylformylglycinamidine (FGAM) synthase, PurS subunit	AG-899-M19_00178	-4
CACBMN010000001.1	156697	157482	-	AG-899-M19_00175	AG-899-M19	261	OG0000769	K01923	phosphoribosylaminoimidazole-succinocarboxamide synthase [EC:6.3.2.6]	COG0152	PurC	Phosphoribosylaminoimidazole-succinocarboxamide synthase	AG-899-M19_00178	-3
CACBMN010000001.1	157482	158774	-	AG-899-M19_00176	AG-899-M19	430	OG0000779	K01756	adenylosuccinate lyase [EC:4.3.2.2]	COG0015	PurB	Adenylosuccinate lyase	AG-899-M19_00178	-2
CACBMN010000001.1	158774	159544	-	AG-899-M19_00177	AG-899-M19	256	OG0000721	K01265	methionyl aminopeptidase [EC:3.4.11.18]	COG0024	Map	Methionine aminopeptidase	AG-899-M19_00178	-1
CACBMN010000001.1	159537	160235	-	AG-899-M19_00178	AG-899-M19	232	OG0000819	K06206	sugar fermentation stimulation protein A	COG1489	SfsA	DNA-binding protein, stimulates sugar fermentation	AG-899-M19_00178	0
CACBMN010000001.1	160257	161009	+	AG-899-M19_00179	AG-899-M19	250	OG0000807	NA	NA	COG1058	CinA	ADP-ribose pyrophosphatase domain of DNA damage- and competence-inducible protein CinA	AG-899-M19_00178	1
CACBMN010000001.1	161009	161410	+	AG-899-M19_00180	AG-899-M19	133	OG0001035	K00682	gamma-glutamylcyclotransferase [EC:4.3.2.9]	COG2105	YtfP	Predicted gamma-glutamylamine cyclotransferase YtfP, GGCT/AIG2-like family	AG-899-M19_00178	2
CACBMN010000001.1	161414	163123	-	AG-899-M19_00181	AG-899-M19	569	OG0001596	K08080	CMP-N-acetylneuraminate monooxygenase [EC:1.14.18.2]	COG2220	UlaG	L-ascorbate lactonase UlaG, metallo-beta-lactamase superfamily	AG-899-M19_00178	3
CACBMN010000001.1	163144	164271	-	AG-899-M19_00182	AG-899-M19	375	OG0001211	NA	NA	COG0381	WecB	UDP-N-acetylglucosamine 2-epimerase	AG-899-M19_00178	4
CACBMN010000001.1	164340	165587	+	AG-899-M19_00183	AG-899-M19	415	OG0001354	NA	NA	NA	NA	NA	AG-899-M19_00178	5
CACBNI010000005.1	15937	16620	-	AG-899-N21_00598	AG-899-N21	227	OG0000684	K23265	phosphoribosylformylglycinamidine synthase subunit PurQ / glutaminase [EC:6.3.5.3 3.5.1.2]	COG0047	PurL2	Phosphoribosylformylglycinamidine (FGAM) synthase, glutamine amidotransferase domain	AG-899-N21_00603	-5
CACBNI010000005.1	16627	16866	-	AG-899-N21_00599	AG-899-N21	79	OG0000770	K23264	phosphoribosylformylglycinamidine synthase subunit PurS [EC:6.3.5.3]	COG1828	PurS	Phosphoribosylformylglycinamidine (FGAM) synthase, PurS subunit	AG-899-N21_00603	-4
CACBNI010000005.1	16863	17648	-	AG-899-N21_00600	AG-899-N21	261	OG0000769	K01923	phosphoribosylaminoimidazole-succinocarboxamide synthase [EC:6.3.2.6]	COG0152	PurC	Phosphoribosylaminoimidazole-succinocarboxamide synthase	AG-899-N21_00603	-3
CACBNI010000005.1	17648	18940	-	AG-899-N21_00601	AG-899-N21	430	OG0000779	K01756	adenylosuccinate lyase [EC:4.3.2.2]	COG0015	PurB	Adenylosuccinate lyase	AG-899-N21_00603	-2
CACBNI010000005.1	18944	19714	-	AG-899-N21_00602	AG-899-N21	256	OG0000721	K01265	methionyl aminopeptidase [EC:3.4.11.18]	COG0024	Map	Methionine aminopeptidase	AG-899-N21_00603	-1
CACBNI010000005.1	19707	20405	-	AG-899-N21_00603	AG-899-N21	232	OG0000819	K06206	sugar fermentation stimulation protein A	COG1489	SfsA	DNA-binding protein, stimulates sugar fermentation	AG-899-N21_00603	0
CACBNI010000005.1	20426	21175	+	AG-899-N21_00604	AG-899-N21	249	OG0000807	NA	NA	COG1058	CinA	ADP-ribose pyrophosphatase domain of DNA damage- and competence-inducible protein CinA	AG-899-N21_00603	1
CACBNI010000005.1	21175	21576	+	AG-899-N21_00605	AG-899-N21	133	OG0001035	K00682	gamma-glutamylcyclotransferase [EC:4.3.2.9]	COG2105	YtfP	Predicted gamma-glutamylamine cyclotransferase YtfP, GGCT/AIG2-like family	AG-899-N21_00603	2
CACBNI010000005.1	21573	22835	-	AG-899-N21_00606	AG-899-N21	420	OG0001281	NA	NA	COG3408	GDB1	Glycogen debranching enzyme (alpha-1,6-glucosidase)	AG-899-N21_00603	3
CACBNI010000005.1	22835	24055	-	AG-899-N21_00607	AG-899-N21	406	OG0001273	K13693	glucosyl-3-phosphoglycerate synthase [EC:2.4.1.266]	NA	NA	NA	AG-899-N21_00603	4
CACBNI010000005.1	24067	24861	-	AG-899-N21_00608	AG-899-N21	264	OG0001276	K07026	mannosyl-3-phosphoglycerate phosphatase [EC:3.1.3.70]	COG3769	YedP	Mannosyl-3-phosphoglycerate phosphatase YedP/MpgP, HAD superfamily	AG-899-N21_00603	5
CACBNN010000020.1	556	1326	-	AG-899-O02_01170	AG-899-O02	256	OG0000721	K01265	methionyl aminopeptidase [EC:3.4.11.18]	COG0024	Map	Methionine aminopeptidase	AG-899-O02_01171	-1
CACBNN010000020.1	1323	2024	-	AG-899-O02_01171	AG-899-O02	233	OG0000819	K06206	sugar fermentation stimulation protein A	COG1489	SfsA	DNA-binding protein, stimulates sugar fermentation	AG-899-O02_01171	0
CACBNN010000020.1	2031	2753	+	AG-899-O02_01172	AG-899-O02	240	OG0000807	NA	NA	COG1058	CinA	ADP-ribose pyrophosphatase domain of DNA damage- and competence-inducible protein CinA	AG-899-O02_01171	1
CACBNN010000020.1	2878	3570	+	AG-899-O02_01173	AG-899-O02	230	OG0000236	K04643	sensory rhodopsin	COG5524	NA	Bacteriorhodopsin	AG-899-O02_01171	2
CACBNN010000020.1	3824	4711	+	AG-899-O02_01175	AG-899-O02	295	OG0001274	NA	NA	NA	NA	NA	AG-899-O02_01171	3
CACBOD010000006.1	25416	26099	-	AG-899-O04_00840	AG-899-O04	227	OG0000684	K23265	phosphoribosylformylglycinamidine synthase subunit PurQ / glutaminase [EC:6.3.5.3 3.5.1.2]	COG0047	PurL2	Phosphoribosylformylglycinamidine (FGAM) synthase, glutamine amidotransferase domain	AG-899-O04_00845	-5
CACBOD010000006.1	26103	26336	-	AG-899-O04_00841	AG-899-O04	77	OG0000770	K23264	phosphoribosylformylglycinamidine synthase subunit PurS [EC:6.3.5.3]	COG1828	PurS	Phosphoribosylformylglycinamidine (FGAM) synthase, PurS subunit	AG-899-O04_00845	-4
CACBOD010000006.1	26336	27121	-	AG-899-O04_00842	AG-899-O04	261	OG0000769	K01923	phosphoribosylaminoimidazole-succinocarboxamide synthase [EC:6.3.2.6]	COG0152	PurC	Phosphoribosylaminoimidazole-succinocarboxamide synthase	AG-899-O04_00845	-3
CACBOD010000006.1	27121	28413	-	AG-899-O04_00843	AG-899-O04	430	OG0000779	K01756	adenylosuccinate lyase [EC:4.3.2.2]	COG0015	PurB	Adenylosuccinate lyase	AG-899-O04_00845	-2
CACBOD010000006.1	28413	29183	-	AG-899-O04_00844	AG-899-O04	256	OG0000721	K01265	methionyl aminopeptidase [EC:3.4.11.18]	COG0024	Map	Methionine aminopeptidase	AG-899-O04_00845	-1
CACBOD010000006.1	29176	29862	-	AG-899-O04_00845	AG-899-O04	228	OG0000819	K06206	sugar fermentation stimulation protein A	COG1489	SfsA	DNA-binding protein, stimulates sugar fermentation	AG-899-O04_00845	0
CACBOD010000006.1	29885	30634	+	AG-899-O04_00846	AG-899-O04	249	OG0000807	NA	NA	COG1058	CinA	ADP-ribose pyrophosphatase domain of DNA damage- and competence-inducible protein CinA	AG-899-O04_00845	1
CACBOD010000006.1	30637	31041	+	AG-899-O04_00847	AG-899-O04	134	OG0001035	K00682	gamma-glutamylcyclotransferase [EC:4.3.2.9]	COG2105	YtfP	Predicted gamma-glutamylamine cyclotransferase YtfP, GGCT/AIG2-like family	AG-899-O04_00845	2
CACBOD010000006.1	31045	31731	+	AG-899-O04_00848	AG-899-O04	228	OG0001044	NA	NA	COG1296	AzlC	Predicted branched-chain amino acid permease (azaleucine resistance)	AG-899-O04_00845	3
CACBOD010000006.1	31728	32045	+	AG-899-O04_00849	AG-899-O04	105	OG0001043	NA	NA	COG4392	AzlD2	Branched-chain amino acid transport protein	AG-899-O04_00845	4
CACBOD010000006.1	32050	33342	+	AG-899-O04_00850	AG-899-O04	430	OG0001333	NA	NA	COG4091	NA	Predicted homoserine dehydrogenase, contains C-terminal SAF domain	AG-899-O04_00845	5
CACBXW010000001.1	328961	329644	-	AG-900-G16_00335	AG-900-G16	227	OG0000684	K23265	phosphoribosylformylglycinamidine synthase subunit PurQ / glutaminase [EC:6.3.5.3 3.5.1.2]	COG0047	PurL2	Phosphoribosylformylglycinamidine (FGAM) synthase, glutamine amidotransferase domain	AG-900-G16_00340	-5
CACBXW010000001.1	329648	329881	-	AG-900-G16_00336	AG-900-G16	77	OG0000770	K23264	phosphoribosylformylglycinamidine synthase subunit PurS [EC:6.3.5.3]	COG1828	PurS	Phosphoribosylformylglycinamidine (FGAM) synthase, PurS subunit	AG-900-G16_00340	-4
CACBXW010000001.1	329881	330666	-	AG-900-G16_00337	AG-900-G16	261	OG0000769	K01923	phosphoribosylaminoimidazole-succinocarboxamide synthase [EC:6.3.2.6]	COG0152	PurC	Phosphoribosylaminoimidazole-succinocarboxamide synthase	AG-900-G16_00340	-3
CACBXW010000001.1	330666	331958	-	AG-900-G16_00338	AG-900-G16	430	OG0000779	K01756	adenylosuccinate lyase [EC:4.3.2.2]	COG0015	PurB	Adenylosuccinate lyase	AG-900-G16_00340	-2
CACBXW010000001.1	331958	332728	-	AG-900-G16_00339	AG-900-G16	256	OG0000721	K01265	methionyl aminopeptidase [EC:3.4.11.18]	COG0024	Map	Methionine aminopeptidase	AG-900-G16_00340	-1
CACBXW010000001.1	332721	333407	-	AG-900-G16_00340	AG-900-G16	228	OG0000819	K06206	sugar fermentation stimulation protein A	COG1489	SfsA	DNA-binding protein, stimulates sugar fermentation	AG-900-G16_00340	0
CACBXW010000001.1	333430	334179	+	AG-900-G16_00341	AG-900-G16	249	OG0000807	NA	NA	COG1058	CinA	ADP-ribose pyrophosphatase domain of DNA damage- and competence-inducible protein CinA	AG-900-G16_00340	1
CACBXW010000001.1	334182	334586	+	AG-900-G16_00342	AG-900-G16	134	OG0001035	K00682	gamma-glutamylcyclotransferase [EC:4.3.2.9]	COG2105	YtfP	Predicted gamma-glutamylamine cyclotransferase YtfP, GGCT/AIG2-like family	AG-900-G16_00340	2
CACBXW010000001.1	334590	335276	+	AG-900-G16_00343	AG-900-G16	228	OG0001044	NA	NA	COG1296	AzlC	Predicted branched-chain amino acid permease (azaleucine resistance)	AG-900-G16_00340	3
CACBXW010000001.1	335273	335590	+	AG-900-G16_00344	AG-900-G16	105	OG0001043	NA	NA	COG4392	AzlD2	Branched-chain amino acid transport protein	AG-900-G16_00340	4
CACBXW010000001.1	335595	336890	+	AG-900-G16_00345	AG-900-G16	431	OG0001333	NA	NA	COG4091	NA	Predicted homoserine dehydrogenase, contains C-terminal SAF domain	AG-900-G16_00340	5
CACBYP010000001.1	211787	212470	-	AG-900-I13_00219	AG-900-I13	227	OG0000684	K23265	phosphoribosylformylglycinamidine synthase subunit PurQ / glutaminase [EC:6.3.5.3 3.5.1.2]	COG0047	PurL2	Phosphoribosylformylglycinamidine (FGAM) synthase, glutamine amidotransferase domain	AG-900-I13_00224	-5
CACBYP010000001.1	212474	212707	-	AG-900-I13_00220	AG-900-I13	77	OG0000770	K23264	phosphoribosylformylglycinamidine synthase subunit PurS [EC:6.3.5.3]	COG1828	PurS	Phosphoribosylformylglycinamidine (FGAM) synthase, PurS subunit	AG-900-I13_00224	-4
CACBYP010000001.1	212707	213492	-	AG-900-I13_00221	AG-900-I13	261	OG0000769	K01923	phosphoribosylaminoimidazole-succinocarboxamide synthase [EC:6.3.2.6]	COG0152	PurC	Phosphoribosylaminoimidazole-succinocarboxamide synthase	AG-900-I13_00224	-3
CACBYP010000001.1	213492	214784	-	AG-900-I13_00222	AG-900-I13	430	OG0000779	K01756	adenylosuccinate lyase [EC:4.3.2.2]	COG0015	PurB	Adenylosuccinate lyase	AG-900-I13_00224	-2
CACBYP010000001.1	214784	215554	-	AG-900-I13_00223	AG-900-I13	256	OG0000721	K01265	methionyl aminopeptidase [EC:3.4.11.18]	COG0024	Map	Methionine aminopeptidase	AG-900-I13_00224	-1
CACBYP010000001.1	215547	216233	-	AG-900-I13_00224	AG-900-I13	228	OG0000819	K06206	sugar fermentation stimulation protein A	COG1489	SfsA	DNA-binding protein, stimulates sugar fermentation	AG-900-I13_00224	0
CACBYP010000001.1	216256	217005	+	AG-900-I13_00225	AG-900-I13	249	OG0000807	NA	NA	COG1058	CinA	ADP-ribose pyrophosphatase domain of DNA damage- and competence-inducible protein CinA	AG-900-I13_00224	1
CACBYP010000001.1	217008	217412	+	AG-900-I13_00226	AG-900-I13	134	OG0001035	K00682	gamma-glutamylcyclotransferase [EC:4.3.2.9]	COG2105	YtfP	Predicted gamma-glutamylamine cyclotransferase YtfP, GGCT/AIG2-like family	AG-900-I13_00224	2
CACBYP010000001.1	217416	218102	+	AG-900-I13_00227	AG-900-I13	228	OG0001044	NA	NA	COG1296	AzlC	Predicted branched-chain amino acid permease (azaleucine resistance)	AG-900-I13_00224	3
CACBYP010000001.1	218099	218416	+	AG-900-I13_00228	AG-900-I13	105	OG0001043	NA	NA	COG4392	AzlD2	Branched-chain amino acid transport protein	AG-900-I13_00224	4
CACBYP010000001.1	218421	219713	+	AG-900-I13_00229	AG-900-I13	430	OG0001333	NA	NA	COG4091	NA	Predicted homoserine dehydrogenase, contains C-terminal SAF domain	AG-900-I13_00224	5
CACBYV010000012.1	11390	12682	-	AG-900-I19_01124	AG-900-I19	430	OG0001333	NA	NA	COG4091	NA	Predicted homoserine dehydrogenase, contains C-terminal SAF domain	AG-900-I19_01129	-5
CACBYV010000012.1	12687	13004	-	AG-900-I19_01125	AG-900-I19	105	OG0001043	NA	NA	COG4392	AzlD2	Branched-chain amino acid transport protein	AG-900-I19_01129	-4
CACBYV010000012.1	13001	13687	-	AG-900-I19_01126	AG-900-I19	228	OG0001044	NA	NA	COG1296	AzlC	Predicted branched-chain amino acid permease (azaleucine resistance)	AG-900-I19_01129	-3
CACBYV010000012.1	13691	14095	-	AG-900-I19_01127	AG-900-I19	134	OG0001035	K00682	gamma-glutamylcyclotransferase [EC:4.3.2.9]	COG2105	YtfP	Predicted gamma-glutamylamine cyclotransferase YtfP, GGCT/AIG2-like family	AG-900-I19_01129	-2
CACBYV010000012.1	14098	14847	-	AG-900-I19_01128	AG-900-I19	249	OG0000807	NA	NA	COG1058	CinA	ADP-ribose pyrophosphatase domain of DNA damage- and competence-inducible protein CinA	AG-900-I19_01129	-1
CACBYV010000012.1	14870	15556	+	AG-900-I19_01129	AG-900-I19	228	OG0000819	K06206	sugar fermentation stimulation protein A	COG1489	SfsA	DNA-binding protein, stimulates sugar fermentation	AG-900-I19_01129	0
CACBYV010000012.1	15549	16319	+	AG-900-I19_01130	AG-900-I19	256	OG0000721	K01265	methionyl aminopeptidase [EC:3.4.11.18]	COG0024	Map	Methionine aminopeptidase	AG-900-I19_01129	1
CACBYV010000012.1	16319	17611	+	AG-900-I19_01131	AG-900-I19	430	OG0000779	K01756	adenylosuccinate lyase [EC:4.3.2.2]	COG0015	PurB	Adenylosuccinate lyase	AG-900-I19_01129	2
CACBYV010000012.1	17611	18396	+	AG-900-I19_01132	AG-900-I19	261	OG0000769	K01923	phosphoribosylaminoimidazole-succinocarboxamide synthase [EC:6.3.2.6]	COG0152	PurC	Phosphoribosylaminoimidazole-succinocarboxamide synthase	AG-900-I19_01129	3
CACBYV010000012.1	18396	18629	+	AG-900-I19_01133	AG-900-I19	77	OG0000770	K23264	phosphoribosylformylglycinamidine synthase subunit PurS [EC:6.3.5.3]	COG1828	PurS	Phosphoribosylformylglycinamidine (FGAM) synthase, PurS subunit	AG-900-I19_01129	4
CACBYV010000012.1	18633	19316	+	AG-900-I19_01134	AG-900-I19	227	OG0000684	K23265	phosphoribosylformylglycinamidine synthase subunit PurQ / glutaminase [EC:6.3.5.3 3.5.1.2]	COG0047	PurL2	Phosphoribosylformylglycinamidine (FGAM) synthase, glutamine amidotransferase domain	AG-900-I19_01129	5
CACCAS010000001.1	138674	139393	-	AG-900-K14_00143	AG-900-K14	239	OG0000769	K01923	phosphoribosylaminoimidazole-succinocarboxamide synthase [EC:6.3.2.6]	COG0152	PurC	Phosphoribosylaminoimidazole-succinocarboxamide synthase	AG-900-K14_00148	-5
CACCAS010000001.1	139466	139795	+	AG-900-K14_00144	AG-900-K14	109	OG0001313	NA	NA	COG5467	NA	Uncharacterized conserved protein, DUF1476 domain	AG-900-K14_00148	-4
CACCAS010000001.1	139810	140055	+	AG-900-K14_00145	AG-900-K14	81	OG0002263	NA	NA	NA	NA	NA	AG-900-K14_00148	-3
CACCAS010000001.1	140057	141349	-	AG-900-K14_00146	AG-900-K14	430	OG0000779	K01756	adenylosuccinate lyase [EC:4.3.2.2]	COG0015	PurB	Adenylosuccinate lyase	AG-900-K14_00148	-2
CACCAS010000001.1	141374	142144	-	AG-900-K14_00147	AG-900-K14	256	OG0000721	K01265	methionyl aminopeptidase [EC:3.4.11.18]	COG0024	Map	Methionine aminopeptidase	AG-900-K14_00148	-1
CACCAS010000001.1	142137	142844	-	AG-900-K14_00148	AG-900-K14	235	OG0000819	K06206	sugar fermentation stimulation protein A	COG1489	SfsA	DNA-binding protein, stimulates sugar fermentation	AG-900-K14_00148	0
CACCAS010000001.1	142851	143573	+	AG-900-K14_00149	AG-900-K14	240	OG0000807	NA	NA	COG1058	CinA	ADP-ribose pyrophosphatase domain of DNA damage- and competence-inducible protein CinA	AG-900-K14_00148	1
CACCAS010000001.1	143698	144390	+	AG-900-K14_00150	AG-900-K14	230	OG0000236	K04643	sensory rhodopsin	COG5524	NA	Bacteriorhodopsin	AG-900-K14_00148	2
CACCAS010000001.1	144589	145356	-	AG-900-K14_00152	AG-900-K14	255	OG0000972	K00858	NAD+ kinase [EC:2.7.1.23]	COG0061	NadK	NAD kinase	AG-900-K14_00148	3
CACCAS010000001.1	145436	146929	+	AG-900-K14_00153	AG-900-K14	497	OG0001117	K00864	glycerol kinase [EC:2.7.1.30]	COG0554	GlpK	Glycerol kinase	AG-900-K14_00148	4
CACCAS010000001.1	146922	147668	+	AG-900-K14_00154	AG-900-K14	248	OG0000087	NA	NA	COG0235	AraD	5-methylthioribulose/5-deoxyribulose/Fuculose 1-phosphate aldolase (methionine salvage, sugar degradation)	AG-900-K14_00148	5
CACCBF010000001.1	20	1561	+	AG-900-K21_00001	AG-900-K21	513	OG0001383	NA	NA	COG0366	AmyA	Glycosidase/amylase (phosphorylase)	AG-900-K21_00006	-5
CACCBF010000001.1	1563	2288	-	AG-900-K21_00002	AG-900-K21	241	OG0001204	K07395	putative proteasome-type protease	COG3484	NA	Predicted proteasome-type protease	AG-900-K21_00006	-4
CACCBF010000001.1	2397	3839	+	AG-900-K21_00003	AG-900-K21	480	OG0001158	NA	NA	COG2308	NA	Circularly permuted ATP-grasp protein	AG-900-K21_00006	-3
CACCBF010000001.1	3847	4248	-	AG-900-K21_00004	AG-900-K21	133	OG0001035	K00682	gamma-glutamylcyclotransferase [EC:4.3.2.9]	COG2105	YtfP	Predicted gamma-glutamylamine cyclotransferase YtfP, GGCT/AIG2-like family	AG-900-K21_00006	-2
CACCBF010000001.1	4249	4998	-	AG-900-K21_00005	AG-900-K21	249	OG0000807	NA	NA	COG1058	CinA	ADP-ribose pyrophosphatase domain of DNA damage- and competence-inducible protein CinA	AG-900-K21_00006	-1
CACCBF010000001.1	5020	5718	+	AG-900-K21_00006	AG-900-K21	232	OG0000819	K06206	sugar fermentation stimulation protein A	COG1489	SfsA	DNA-binding protein, stimulates sugar fermentation	AG-900-K21_00006	0
CACCBF010000001.1	5711	6484	+	AG-900-K21_00007	AG-900-K21	257	OG0000721	K01265	methionyl aminopeptidase [EC:3.4.11.18]	COG0024	Map	Methionine aminopeptidase	AG-900-K21_00006	1
CACCBF010000001.1	6484	7776	+	AG-900-K21_00008	AG-900-K21	430	OG0000779	K01756	adenylosuccinate lyase [EC:4.3.2.2]	COG0015	PurB	Adenylosuccinate lyase	AG-900-K21_00006	2
CACCBF010000001.1	7776	8561	+	AG-900-K21_00009	AG-900-K21	261	OG0000769	K01923	phosphoribosylaminoimidazole-succinocarboxamide synthase [EC:6.3.2.6]	COG0152	PurC	Phosphoribosylaminoimidazole-succinocarboxamide synthase	AG-900-K21_00006	3
CACCBF010000001.1	8558	8800	+	AG-900-K21_00010	AG-900-K21	80	OG0000770	K23264	phosphoribosylformylglycinamidine synthase subunit PurS [EC:6.3.5.3]	COG1828	PurS	Phosphoribosylformylglycinamidine (FGAM) synthase, PurS subunit	AG-900-K21_00006	4
CACCBF010000001.1	8804	9487	+	AG-900-K21_00011	AG-900-K21	227	OG0000684	K23265	phosphoribosylformylglycinamidine synthase subunit PurQ / glutaminase [EC:6.3.5.3 3.5.1.2]	COG0047	PurL2	Phosphoribosylformylglycinamidine (FGAM) synthase, glutamine amidotransferase domain	AG-900-K21_00006	5
CACCCN010000007.1	30200	30919	-	AG-900-M14_00984	AG-900-M14	239	OG0000769	K01923	phosphoribosylaminoimidazole-succinocarboxamide synthase [EC:6.3.2.6]	COG0152	PurC	Phosphoribosylaminoimidazole-succinocarboxamide synthase	AG-900-M14_00989	-5
CACCCN010000007.1	30992	31321	+	AG-900-M14_00985	AG-900-M14	109	OG0001313	NA	NA	COG5467	NA	Uncharacterized conserved protein, DUF1476 domain	AG-900-M14_00989	-4
CACCCN010000007.1	31322	31696	+	AG-900-M14_00986	AG-900-M14	124	OG0000513	K13256	protein PsiE	COG3223	PsiE	Phosphate starvation-inducible membrane PsiE (function unknown)	AG-900-M14_00989	-3
CACCCN010000007.1	31697	32989	-	AG-900-M14_00987	AG-900-M14	430	OG0000779	K01756	adenylosuccinate lyase [EC:4.3.2.2]	COG0015	PurB	Adenylosuccinate lyase	AG-900-M14_00989	-2
CACCCN010000007.1	33014	33790	-	AG-900-M14_00988	AG-900-M14	258	OG0000721	K01265	methionyl aminopeptidase [EC:3.4.11.18]	COG0024	Map	Methionine aminopeptidase	AG-900-M14_00989	-1
CACCCN010000007.1	33783	34481	-	AG-900-M14_00989	AG-900-M14	232	OG0000819	K06206	sugar fermentation stimulation protein A	COG1489	SfsA	DNA-binding protein, stimulates sugar fermentation	AG-900-M14_00989	0
CACCCN010000007.1	34482	35195	+	AG-900-M14_00990	AG-900-M14	237	OG0000807	NA	NA	COG1058	CinA	ADP-ribose pyrophosphatase domain of DNA damage- and competence-inducible protein CinA	AG-900-M14_00989	1
CACCCN010000007.1	35349	36116	+	AG-900-M14_00991	AG-900-M14	255	OG0000236	K04643	sensory rhodopsin	COG5524	NA	Bacteriorhodopsin	AG-900-M14_00989	2
CACCCN010000007.1	36163	36783	-	AG-900-M14_00992	AG-900-M14	206	OG0001125	NA	NA	COG4976	NA	Predicted methyltransferase, contains TPR repeat	AG-900-M14_00989	3
CACCCN010000007.1	37027	37926	+	AG-900-M14_00994	AG-900-M14	299	OG0001274	NA	NA	NA	NA	NA	AG-900-M14_00989	4
CACCCN010000007.1	37938	39011	+	AG-900-M14_00995	AG-900-M14	357	OG0001551	NA	NA	NA	NA	NA	AG-900-M14_00989	5
CACCND010000005.1	42453	43172	-	AG-901-G03_00789	AG-901-G03	239	OG0000769	K01923	phosphoribosylaminoimidazole-succinocarboxamide synthase [EC:6.3.2.6]	COG0152	PurC	Phosphoribosylaminoimidazole-succinocarboxamide synthase	AG-901-G03_00794	-5
CACCND010000005.1	43245	43574	+	AG-901-G03_00790	AG-901-G03	109	OG0001313	NA	NA	COG5467	NA	Uncharacterized conserved protein, DUF1476 domain	AG-901-G03_00794	-4
CACCND010000005.1	43583	43822	+	AG-901-G03_00791	AG-901-G03	79	OG0002263	NA	NA	NA	NA	NA	AG-901-G03_00794	-3
CACCND010000005.1	43824	45116	-	AG-901-G03_00792	AG-901-G03	430	OG0000779	K01756	adenylosuccinate lyase [EC:4.3.2.2]	COG0015	PurB	Adenylosuccinate lyase	AG-901-G03_00794	-2
CACCND010000005.1	45141	45911	-	AG-901-G03_00793	AG-901-G03	256	OG0000721	K01265	methionyl aminopeptidase [EC:3.4.11.18]	COG0024	Map	Methionine aminopeptidase	AG-901-G03_00794	-1
CACCND010000005.1	45908	46609	-	AG-901-G03_00794	AG-901-G03	233	OG0000819	K06206	sugar fermentation stimulation protein A	COG1489	SfsA	DNA-binding protein, stimulates sugar fermentation	AG-901-G03_00794	0
CACCND010000005.1	46616	47338	+	AG-901-G03_00795	AG-901-G03	240	OG0000807	NA	NA	COG1058	CinA	ADP-ribose pyrophosphatase domain of DNA damage- and competence-inducible protein CinA	AG-901-G03_00794	1
CACCND010000005.1	47463	48155	+	AG-901-G03_00796	AG-901-G03	230	OG0000236	K04643	sensory rhodopsin	COG5524	NA	Bacteriorhodopsin	AG-901-G03_00794	2
CACCND010000005.1	48407	49300	+	AG-901-G03_00798	AG-901-G03	297	OG0001274	NA	NA	NA	NA	NA	AG-901-G03_00794	3
CACCND010000005.1	49301	50167	+	AG-901-G03_00799	AG-901-G03	288	OG0001551	NA	NA	NA	NA	NA	AG-901-G03_00794	4
CACCND010000005.1	50171	50941	-	AG-901-G03_00800	AG-901-G03	256	OG0000972	K00858	NAD+ kinase [EC:2.7.1.23]	COG0061	NadK	NAD kinase	AG-901-G03_00794	5
CACCOG010000001.1	23501	24184	-	AG-901-I21_00022	AG-901-I21	227	OG0000684	K23265	phosphoribosylformylglycinamidine synthase subunit PurQ / glutaminase [EC:6.3.5.3 3.5.1.2]	COG0047	PurL2	Phosphoribosylformylglycinamidine (FGAM) synthase, glutamine amidotransferase domain	AG-901-I21_00027	-5
CACCOG010000001.1	24186	24419	-	AG-901-I21_00023	AG-901-I21	77	OG0000770	K23264	phosphoribosylformylglycinamidine synthase subunit PurS [EC:6.3.5.3]	COG1828	PurS	Phosphoribosylformylglycinamidine (FGAM) synthase, PurS subunit	AG-901-I21_00027	-4
CACCOG010000001.1	24416	25204	-	AG-901-I21_00024	AG-901-I21	262	OG0000769	K01923	phosphoribosylaminoimidazole-succinocarboxamide synthase [EC:6.3.2.6]	COG0152	PurC	Phosphoribosylaminoimidazole-succinocarboxamide synthase	AG-901-I21_00027	-3
CACCOG010000001.1	25204	26496	-	AG-901-I21_00025	AG-901-I21	430	OG0000779	K01756	adenylosuccinate lyase [EC:4.3.2.2]	COG0015	PurB	Adenylosuccinate lyase	AG-901-I21_00027	-2
CACCOG010000001.1	26496	27266	-	AG-901-I21_00026	AG-901-I21	256	OG0000721	K01265	methionyl aminopeptidase [EC:3.4.11.18]	COG0024	Map	Methionine aminopeptidase	AG-901-I21_00027	-1
CACCOG010000001.1	27259	27945	-	AG-901-I21_00027	AG-901-I21	228	OG0000819	K06206	sugar fermentation stimulation protein A	COG1489	SfsA	DNA-binding protein, stimulates sugar fermentation	AG-901-I21_00027	0
CACCOG010000001.1	27968	28711	+	AG-901-I21_00028	AG-901-I21	247	OG0000807	NA	NA	COG1058	CinA	ADP-ribose pyrophosphatase domain of DNA damage- and competence-inducible protein CinA	AG-901-I21_00027	1
CACCOG010000001.1	28718	29122	+	AG-901-I21_00029	AG-901-I21	134	OG0001035	K00682	gamma-glutamylcyclotransferase [EC:4.3.2.9]	COG2105	YtfP	Predicted gamma-glutamylamine cyclotransferase YtfP, GGCT/AIG2-like family	AG-901-I21_00027	2
CACCOG010000001.1	29123	29809	+	AG-901-I21_00030	AG-901-I21	228	OG0001044	NA	NA	COG1296	AzlC	Predicted branched-chain amino acid permease (azaleucine resistance)	AG-901-I21_00027	3
CACCOG010000001.1	29806	30117	+	AG-901-I21_00031	AG-901-I21	103	OG0001043	NA	NA	COG4392	AzlD2	Branched-chain amino acid transport protein	AG-901-I21_00027	4
CACCOG010000001.1	30114	31844	-	AG-901-I21_00032	AG-901-I21	576	OG0001383	NA	NA	COG0366	AmyA	Glycosidase/amylase (phosphorylase)	AG-901-I21_00027	5
CACCXN010000019.1	8929	10221	-	AG-903-C11_01159	AG-903-C11	430	OG0001333	NA	NA	COG4091	NA	Predicted homoserine dehydrogenase, contains C-terminal SAF domain	AG-903-C11_01164	-5
CACCXN010000019.1	10226	10543	-	AG-903-C11_01160	AG-903-C11	105	OG0001043	NA	NA	COG4392	AzlD2	Branched-chain amino acid transport protein	AG-903-C11_01164	-4
CACCXN010000019.1	10540	11226	-	AG-903-C11_01161	AG-903-C11	228	OG0001044	NA	NA	COG1296	AzlC	Predicted branched-chain amino acid permease (azaleucine resistance)	AG-903-C11_01164	-3
CACCXN010000019.1	11230	11634	-	AG-903-C11_01162	AG-903-C11	134	OG0001035	K00682	gamma-glutamylcyclotransferase [EC:4.3.2.9]	COG2105	YtfP	Predicted gamma-glutamylamine cyclotransferase YtfP, GGCT/AIG2-like family	AG-903-C11_01164	-2
CACCXN010000019.1	11637	12386	-	AG-903-C11_01163	AG-903-C11	249	OG0000807	NA	NA	COG1058	CinA	ADP-ribose pyrophosphatase domain of DNA damage- and competence-inducible protein CinA	AG-903-C11_01164	-1
CACCXN010000019.1	12409	13095	+	AG-903-C11_01164	AG-903-C11	228	OG0000819	K06206	sugar fermentation stimulation protein A	COG1489	SfsA	DNA-binding protein, stimulates sugar fermentation	AG-903-C11_01164	0
CACCXN010000019.1	13088	13858	+	AG-903-C11_01165	AG-903-C11	256	OG0000721	K01265	methionyl aminopeptidase [EC:3.4.11.18]	COG0024	Map	Methionine aminopeptidase	AG-903-C11_01164	1
CACCXO010000005.1	3022	4242	+	AG-903-D02_00797	AG-903-D02	406	OG0001273	K13693	glucosyl-3-phosphoglycerate synthase [EC:2.4.1.266]	NA	NA	NA	AG-903-D02_00802	-5
CACCXO010000005.1	4242	5504	+	AG-903-D02_00798	AG-903-D02	420	OG0001281	NA	NA	COG3408	GDB1	Glycogen debranching enzyme (alpha-1,6-glucosidase)	AG-903-D02_00802	-4
CACCXO010000005.1	5501	6811	-	AG-903-D02_00799	AG-903-D02	436	OG0001333	NA	NA	COG4091	NA	Predicted homoserine dehydrogenase, contains C-terminal SAF domain	AG-903-D02_00802	-3
CACCXO010000005.1	6820	7221	-	AG-903-D02_00800	AG-903-D02	133	OG0001035	K00682	gamma-glutamylcyclotransferase [EC:4.3.2.9]	COG2105	YtfP	Predicted gamma-glutamylamine cyclotransferase YtfP, GGCT/AIG2-like family	AG-903-D02_00802	-2
CACCXO010000005.1	7221	7970	-	AG-903-D02_00801	AG-903-D02	249	OG0000807	NA	NA	COG1058	CinA	ADP-ribose pyrophosphatase domain of DNA damage- and competence-inducible protein CinA	AG-903-D02_00802	-1
CACCXO010000005.1	7991	8689	+	AG-903-D02_00802	AG-903-D02	232	OG0000819	K06206	sugar fermentation stimulation protein A	COG1489	SfsA	DNA-binding protein, stimulates sugar fermentation	AG-903-D02_00802	0
CACCXO010000005.1	8682	9452	+	AG-903-D02_00803	AG-903-D02	256	OG0000721	K01265	methionyl aminopeptidase [EC:3.4.11.18]	COG0024	Map	Methionine aminopeptidase	AG-903-D02_00802	1
CACCXO010000005.1	9456	10748	+	AG-903-D02_00804	AG-903-D02	430	OG0000779	K01756	adenylosuccinate lyase [EC:4.3.2.2]	COG0015	PurB	Adenylosuccinate lyase	AG-903-D02_00802	2
CACCXO010000005.1	10748	11533	+	AG-903-D02_00805	AG-903-D02	261	OG0000769	K01923	phosphoribosylaminoimidazole-succinocarboxamide synthase [EC:6.3.2.6]	COG0152	PurC	Phosphoribosylaminoimidazole-succinocarboxamide synthase	AG-903-D02_00802	3
CACCXO010000005.1	11530	11772	+	AG-903-D02_00806	AG-903-D02	80	OG0000770	K23264	phosphoribosylformylglycinamidine synthase subunit PurS [EC:6.3.5.3]	COG1828	PurS	Phosphoribosylformylglycinamidine (FGAM) synthase, PurS subunit	AG-903-D02_00802	4
CACCXO010000005.1	11776	12459	+	AG-903-D02_00807	AG-903-D02	227	OG0000684	K23265	phosphoribosylformylglycinamidine synthase subunit PurQ / glutaminase [EC:6.3.5.3 3.5.1.2]	COG0047	PurL2	Phosphoribosylformylglycinamidine (FGAM) synthase, glutamine amidotransferase domain	AG-903-D02_00802	5
CACDAB010000001.1	14722	15405	-	AG-903-F09_00014	AG-903-F09	227	OG0000684	K23265	phosphoribosylformylglycinamidine synthase subunit PurQ / glutaminase [EC:6.3.5.3 3.5.1.2]	COG0047	PurL2	Phosphoribosylformylglycinamidine (FGAM) synthase, glutamine amidotransferase domain	AG-903-F09_00019	-5
CACDAB010000001.1	15409	15651	-	AG-903-F09_00015	AG-903-F09	80	OG0000770	K23264	phosphoribosylformylglycinamidine synthase subunit PurS [EC:6.3.5.3]	COG1828	PurS	Phosphoribosylformylglycinamidine (FGAM) synthase, PurS subunit	AG-903-F09_00019	-4
CACDAB010000001.1	15648	16433	-	AG-903-F09_00016	AG-903-F09	261	OG0000769	K01923	phosphoribosylaminoimidazole-succinocarboxamide synthase [EC:6.3.2.6]	COG0152	PurC	Phosphoribosylaminoimidazole-succinocarboxamide synthase	AG-903-F09_00019	-3
CACDAB010000001.1	16433	17725	-	AG-903-F09_00017	AG-903-F09	430	OG0000779	K01756	adenylosuccinate lyase [EC:4.3.2.2]	COG0015	PurB	Adenylosuccinate lyase	AG-903-F09_00019	-2
CACDAB010000001.1	17729	18502	-	AG-903-F09_00018	AG-903-F09	257	OG0000721	K01265	methionyl aminopeptidase [EC:3.4.11.18]	COG0024	Map	Methionine aminopeptidase	AG-903-F09_00019	-1
CACDAB010000001.1	18495	19193	-	AG-903-F09_00019	AG-903-F09	232	OG0000819	K06206	sugar fermentation stimulation protein A	COG1489	SfsA	DNA-binding protein, stimulates sugar fermentation	AG-903-F09_00019	0
CACDAB010000001.1	19212	19961	+	AG-903-F09_00020	AG-903-F09	249	OG0000807	NA	NA	COG1058	CinA	ADP-ribose pyrophosphatase domain of DNA damage- and competence-inducible protein CinA	AG-903-F09_00019	1
CACDAB010000001.1	19962	20363	+	AG-903-F09_00021	AG-903-F09	133	OG0001035	K00682	gamma-glutamylcyclotransferase [EC:4.3.2.9]	COG2105	YtfP	Predicted gamma-glutamylamine cyclotransferase YtfP, GGCT/AIG2-like family	AG-903-F09_00019	2
CACDAB010000001.1	20355	21314	-	AG-903-F09_00022	AG-903-F09	319	OG0000013	NA	NA	COG0673	MviM	Predicted dehydrogenase	AG-903-F09_00019	3
CACDAB010000001.1	21311	22009	-	AG-903-F09_00023	AG-903-F09	232	OG0000043	NA	NA	COG0463	WcaA	Glycosyltransferase involved in cell wall bisynthesis	AG-903-F09_00019	4
CACDAB010000001.1	22066	23322	+	AG-903-F09_00024	AG-903-F09	418	OG0001137	NA	NA	COG2227	UbiG	2-polyprenyl-3-methyl-5-hydroxy-6-metoxy-1,4-benzoquinol methylase	AG-903-F09_00019	5
CACDEB010000002.1	110537	112174	-	AG-903-K07_00632	AG-903-K07	545	OG0002330	NA	NA	COG4974	XerD	Site-specific tyrosine recombinase XerD	AG-903-K07_00637	-5
CACDEB010000002.1	112390	112701	-	AG-903-K07_00633	AG-903-K07	103	OG0001043	NA	NA	COG4392	AzlD2	Branched-chain amino acid transport protein	AG-903-K07_00637	-4
CACDEB010000002.1	112698	113384	-	AG-903-K07_00634	AG-903-K07	228	OG0001044	NA	NA	COG1296	AzlC	Predicted branched-chain amino acid permease (azaleucine resistance)	AG-903-K07_00637	-3
CACDEB010000002.1	113386	113787	-	AG-903-K07_00635	AG-903-K07	133	OG0001035	K00682	gamma-glutamylcyclotransferase [EC:4.3.2.9]	COG2105	YtfP	Predicted gamma-glutamylamine cyclotransferase YtfP, GGCT/AIG2-like family	AG-903-K07_00637	-2
CACDEB010000002.1	113787	114539	-	AG-903-K07_00636	AG-903-K07	250	OG0000807	NA	NA	COG1058	CinA	ADP-ribose pyrophosphatase domain of DNA damage- and competence-inducible protein CinA	AG-903-K07_00637	-1
CACDEB010000002.1	114562	115248	+	AG-903-K07_00637	AG-903-K07	228	OG0000819	K06206	sugar fermentation stimulation protein A	COG1489	SfsA	DNA-binding protein, stimulates sugar fermentation	AG-903-K07_00637	0
CACDEB010000002.1	115241	116011	+	AG-903-K07_00638	AG-903-K07	256	OG0000721	K01265	methionyl aminopeptidase [EC:3.4.11.18]	COG0024	Map	Methionine aminopeptidase	AG-903-K07_00637	1
CACDEB010000002.1	116011	117303	+	AG-903-K07_00639	AG-903-K07	430	OG0000779	K01756	adenylosuccinate lyase [EC:4.3.2.2]	COG0015	PurB	Adenylosuccinate lyase	AG-903-K07_00637	2
CACDEB010000002.1	117303	118085	+	AG-903-K07_00640	AG-903-K07	260	OG0000769	K01923	phosphoribosylaminoimidazole-succinocarboxamide synthase [EC:6.3.2.6]	COG0152	PurC	Phosphoribosylaminoimidazole-succinocarboxamide synthase	AG-903-K07_00637	3
CACDEB010000002.1	118086	118319	+	AG-903-K07_00641	AG-903-K07	77	OG0000770	K23264	phosphoribosylformylglycinamidine synthase subunit PurS [EC:6.3.5.3]	COG1828	PurS	Phosphoribosylformylglycinamidine (FGAM) synthase, PurS subunit	AG-903-K07_00637	4
CACDEB010000002.1	118319	119002	+	AG-903-K07_00642	AG-903-K07	227	OG0000684	K23265	phosphoribosylformylglycinamidine synthase subunit PurQ / glutaminase [EC:6.3.5.3 3.5.1.2]	COG0047	PurL2	Phosphoribosylformylglycinamidine (FGAM) synthase, glutamine amidotransferase domain	AG-903-K07_00637	5
CACDFI010000001.1	105158	105838	-	AG-903-L07_00115	AG-903-L07	226	OG0000684	K23265	phosphoribosylformylglycinamidine synthase subunit PurQ / glutaminase [EC:6.3.5.3 3.5.1.2]	COG0047	PurL2	Phosphoribosylformylglycinamidine (FGAM) synthase, glutamine amidotransferase domain	AG-903-L07_00120	-5
CACDFI010000001.1	105846	106079	-	AG-903-L07_00116	AG-903-L07	77	OG0000770	K23264	phosphoribosylformylglycinamidine synthase subunit PurS [EC:6.3.5.3]	COG1828	PurS	Phosphoribosylformylglycinamidine (FGAM) synthase, PurS subunit	AG-903-L07_00120	-4
CACDFI010000001.1	106076	106861	-	AG-903-L07_00117	AG-903-L07	261	OG0000769	K01923	phosphoribosylaminoimidazole-succinocarboxamide synthase [EC:6.3.2.6]	COG0152	PurC	Phosphoribosylaminoimidazole-succinocarboxamide synthase	AG-903-L07_00120	-3
CACDFI010000001.1	106861	108153	-	AG-903-L07_00118	AG-903-L07	430	OG0000779	K01756	adenylosuccinate lyase [EC:4.3.2.2]	COG0015	PurB	Adenylosuccinate lyase	AG-903-L07_00120	-2
CACDFI010000001.1	108153	108923	-	AG-903-L07_00119	AG-903-L07	256	OG0000721	K01265	methionyl aminopeptidase [EC:3.4.11.18]	COG0024	Map	Methionine aminopeptidase	AG-903-L07_00120	-1
CACDFI010000001.1	108916	109602	-	AG-903-L07_00120	AG-903-L07	228	OG0000819	K06206	sugar fermentation stimulation protein A	COG1489	SfsA	DNA-binding protein, stimulates sugar fermentation	AG-903-L07_00120	0
CACDFI010000001.1	109625	110377	+	AG-903-L07_00121	AG-903-L07	250	OG0000807	NA	NA	COG1058	CinA	ADP-ribose pyrophosphatase domain of DNA damage- and competence-inducible protein CinA	AG-903-L07_00120	1
CACDFI010000001.1	110377	110781	+	AG-903-L07_00122	AG-903-L07	134	OG0001035	K00682	gamma-glutamylcyclotransferase [EC:4.3.2.9]	COG2105	YtfP	Predicted gamma-glutamylamine cyclotransferase YtfP, GGCT/AIG2-like family	AG-903-L07_00120	2
CACDFI010000001.1	110767	111735	-	AG-903-L07_00123	AG-903-L07	322	OG0001428	NA	NA	COG0859	RfaF	ADP-heptose:LPS heptosyltransferase	AG-903-L07_00120	3
CACDFI010000001.1	111795	112481	+	AG-903-L07_00124	AG-903-L07	228	OG0001044	NA	NA	COG1296	AzlC	Predicted branched-chain amino acid permease (azaleucine resistance)	AG-903-L07_00120	4
CACDFI010000001.1	112478	112789	+	AG-903-L07_00125	AG-903-L07	103	OG0001043	NA	NA	COG4392	AzlD2	Branched-chain amino acid transport protein	AG-903-L07_00120	5
CACDIC010000004.1	19589	20272	-	AG-903-O08_00452	AG-903-O08	227	OG0000684	K23265	phosphoribosylformylglycinamidine synthase subunit PurQ / glutaminase [EC:6.3.5.3 3.5.1.2]	COG0047	PurL2	Phosphoribosylformylglycinamidine (FGAM) synthase, glutamine amidotransferase domain	AG-903-O08_00457	-5
CACDIC010000004.1	20276	20518	-	AG-903-O08_00453	AG-903-O08	80	OG0000770	K23264	phosphoribosylformylglycinamidine synthase subunit PurS [EC:6.3.5.3]	COG1828	PurS	Phosphoribosylformylglycinamidine (FGAM) synthase, PurS subunit	AG-903-O08_00457	-4
CACDIC010000004.1	20515	21300	-	AG-903-O08_00454	AG-903-O08	261	OG0000769	K01923	phosphoribosylaminoimidazole-succinocarboxamide synthase [EC:6.3.2.6]	COG0152	PurC	Phosphoribosylaminoimidazole-succinocarboxamide synthase	AG-903-O08_00457	-3
CACDIC010000004.1	21300	22592	-	AG-903-O08_00455	AG-903-O08	430	OG0000779	K01756	adenylosuccinate lyase [EC:4.3.2.2]	COG0015	PurB	Adenylosuccinate lyase	AG-903-O08_00457	-2
CACDIC010000004.1	22596	23369	-	AG-903-O08_00456	AG-903-O08	257	OG0000721	K01265	methionyl aminopeptidase [EC:3.4.11.18]	COG0024	Map	Methionine aminopeptidase	AG-903-O08_00457	-1
CACDIC010000004.1	23362	24060	-	AG-903-O08_00457	AG-903-O08	232	OG0000819	K06206	sugar fermentation stimulation protein A	COG1489	SfsA	DNA-binding protein, stimulates sugar fermentation	AG-903-O08_00457	0
CACDIC010000004.1	24079	24828	+	AG-903-O08_00458	AG-903-O08	249	OG0000807	NA	NA	COG1058	CinA	ADP-ribose pyrophosphatase domain of DNA damage- and competence-inducible protein CinA	AG-903-O08_00457	1
CACDIC010000004.1	24829	25230	+	AG-903-O08_00459	AG-903-O08	133	OG0001035	K00682	gamma-glutamylcyclotransferase [EC:4.3.2.9]	COG2105	YtfP	Predicted gamma-glutamylamine cyclotransferase YtfP, GGCT/AIG2-like family	AG-903-O08_00457	2
CACDIC010000004.1	25222	26181	-	AG-903-O08_00460	AG-903-O08	319	OG0000013	NA	NA	COG0673	MviM	Predicted dehydrogenase	AG-903-O08_00457	3
CACDIC010000004.1	26178	26876	-	AG-903-O08_00461	AG-903-O08	232	OG0000043	NA	NA	COG0463	WcaA	Glycosyltransferase involved in cell wall bisynthesis	AG-903-O08_00457	4
CACDIC010000004.1	26933	28189	+	AG-903-O08_00462	AG-903-O08	418	OG0001137	NA	NA	COG2227	UbiG	2-polyprenyl-3-methyl-5-hydroxy-6-metoxy-1,4-benzoquinol methylase	AG-903-O08_00457	5
CACDPZ010000010.1	14571	15266	-	AG-904-F11_00839	AG-904-F11	231	OG0000983	K00721	dolichol-phosphate mannosyltransferase [EC:2.4.1.83]	COG0463	WcaA	Glycosyltransferase involved in cell wall bisynthesis	AG-904-F11_00844	-5
CACDPZ010000010.1	15289	16131	-	AG-904-F11_00840	AG-904-F11	280	OG0000365	K18336	2,4-didehydro-3-deoxy-L-rhamnonate hydrolase [EC:3.7.1.26]	COG0179	FAHD1	Oxaloacetate decarboxylase and tautomerase, fumarylacetoacetate (FAA) hydrolase family	AG-904-F11_00844	-4
CACDPZ010000010.1	16136	17047	-	AG-904-F11_00841	AG-904-F11	303	OG0001031	NA	NA	COG1442	RfaJ	Lipopolysaccharide biosynthesis protein, LPS:glycosyltransferase	AG-904-F11_00844	-3
CACDPZ010000010.1	17048	17938	-	AG-904-F11_00842	AG-904-F11	296	OG0000113	K00737	beta-1,4-mannosyl-glycoprotein beta-1,4-N-acetylglucosaminyltransferase [EC:2.4.1.144]	NA	NA	NA	AG-904-F11_00844	-2
CACDPZ010000010.1	17935	18690	-	AG-904-F11_00843	AG-904-F11	251	OG0000807	NA	NA	COG1058	CinA	ADP-ribose pyrophosphatase domain of DNA damage- and competence-inducible protein CinA	AG-904-F11_00844	-1
CACDPZ010000010.1	18706	19401	+	AG-904-F11_00844	AG-904-F11	231	OG0000819	K06206	sugar fermentation stimulation protein A	COG1489	SfsA	DNA-binding protein, stimulates sugar fermentation	AG-904-F11_00844	0
CACDPZ010000010.1	19398	20159	+	AG-904-F11_00845	AG-904-F11	253	OG0000721	K01265	methionyl aminopeptidase [EC:3.4.11.18]	COG0024	Map	Methionine aminopeptidase	AG-904-F11_00844	1
CACDPZ010000010.1	20159	21454	+	AG-904-F11_00846	AG-904-F11	431	OG0000779	K01756	adenylosuccinate lyase [EC:4.3.2.2]	COG0015	PurB	Adenylosuccinate lyase	AG-904-F11_00844	2
CACDPZ010000010.1	21461	22252	+	AG-904-F11_00847	AG-904-F11	263	OG0000769	K01923	phosphoribosylaminoimidazole-succinocarboxamide synthase [EC:6.3.2.6]	COG0152	PurC	Phosphoribosylaminoimidazole-succinocarboxamide synthase	AG-904-F11_00844	3
CACDPZ010000010.1	22254	22493	+	AG-904-F11_00848	AG-904-F11	79	OG0000770	K23264	phosphoribosylformylglycinamidine synthase subunit PurS [EC:6.3.5.3]	COG1828	PurS	Phosphoribosylformylglycinamidine (FGAM) synthase, PurS subunit	AG-904-F11_00844	4
CACDPZ010000010.1	22493	23170	+	AG-904-F11_00849	AG-904-F11	225	OG0000684	K23265	phosphoribosylformylglycinamidine synthase subunit PurQ / glutaminase [EC:6.3.5.3 3.5.1.2]	COG0047	PurL2	Phosphoribosylformylglycinamidine (FGAM) synthase, glutamine amidotransferase domain	AG-904-F11_00844	5
CACDQH010000001.1	145441	146124	-	AG-904-F17_00163	AG-904-F17	227	OG0000684	K23265	phosphoribosylformylglycinamidine synthase subunit PurQ / glutaminase [EC:6.3.5.3 3.5.1.2]	COG0047	PurL2	Phosphoribosylformylglycinamidine (FGAM) synthase, glutamine amidotransferase domain	AG-904-F17_00168	-5
CACDQH010000001.1	146128	146370	-	AG-904-F17_00164	AG-904-F17	80	OG0000770	K23264	phosphoribosylformylglycinamidine synthase subunit PurS [EC:6.3.5.3]	COG1828	PurS	Phosphoribosylformylglycinamidine (FGAM) synthase, PurS subunit	AG-904-F17_00168	-4
CACDQH010000001.1	146367	147152	-	AG-904-F17_00165	AG-904-F17	261	OG0000769	K01923	phosphoribosylaminoimidazole-succinocarboxamide synthase [EC:6.3.2.6]	COG0152	PurC	Phosphoribosylaminoimidazole-succinocarboxamide synthase	AG-904-F17_00168	-3
CACDQH010000001.1	147152	148444	-	AG-904-F17_00166	AG-904-F17	430	OG0000779	K01756	adenylosuccinate lyase [EC:4.3.2.2]	COG0015	PurB	Adenylosuccinate lyase	AG-904-F17_00168	-2
CACDQH010000001.1	148448	149218	-	AG-904-F17_00167	AG-904-F17	256	OG0000721	K01265	methionyl aminopeptidase [EC:3.4.11.18]	COG0024	Map	Methionine aminopeptidase	AG-904-F17_00168	-1
CACDQH010000001.1	149211	149909	-	AG-904-F17_00168	AG-904-F17	232	OG0000819	K06206	sugar fermentation stimulation protein A	COG1489	SfsA	DNA-binding protein, stimulates sugar fermentation	AG-904-F17_00168	0
CACDQH010000001.1	149930	150679	+	AG-904-F17_00169	AG-904-F17	249	OG0000807	NA	NA	COG1058	CinA	ADP-ribose pyrophosphatase domain of DNA damage- and competence-inducible protein CinA	AG-904-F17_00168	1
CACDQH010000001.1	150679	151083	+	AG-904-F17_00170	AG-904-F17	134	OG0001035	K00682	gamma-glutamylcyclotransferase [EC:4.3.2.9]	COG2105	YtfP	Predicted gamma-glutamylamine cyclotransferase YtfP, GGCT/AIG2-like family	AG-904-F17_00168	2
CACDQH010000001.1	151085	151786	+	AG-904-F17_00171	AG-904-F17	233	OG0001705	NA	NA	NA	NA	NA	AG-904-F17_00168	3
CACDQH010000001.1	151788	153083	+	AG-904-F17_00172	AG-904-F17	431	OG0001333	NA	NA	COG4091	NA	Predicted homoserine dehydrogenase, contains C-terminal SAF domain	AG-904-F17_00168	4
CACDQH010000001.1	153080	154351	-	AG-904-F17_00173	AG-904-F17	423	OG0001281	NA	NA	COG3408	GDB1	Glycogen debranching enzyme (alpha-1,6-glucosidase)	AG-904-F17_00168	5
CACDSY010000003.1	145308	145550	-	AG-904-K03_00780	AG-904-K03	80	OG0002391	NA	NA	NA	NA	NA	AG-904-K03_00785	-5
CACDSY010000003.1	145579	145890	-	AG-904-K03_00781	AG-904-K03	103	OG0001043	NA	NA	COG4392	AzlD2	Branched-chain amino acid transport protein	AG-904-K03_00785	-4
CACDSY010000003.1	145887	146573	-	AG-904-K03_00782	AG-904-K03	228	OG0001044	NA	NA	COG1296	AzlC	Predicted branched-chain amino acid permease (azaleucine resistance)	AG-904-K03_00785	-3
CACDSY010000003.1	146574	146981	-	AG-904-K03_00783	AG-904-K03	135	OG0001035	K00682	gamma-glutamylcyclotransferase [EC:4.3.2.9]	COG2105	YtfP	Predicted gamma-glutamylamine cyclotransferase YtfP, GGCT/AIG2-like family	AG-904-K03_00785	-2
CACDSY010000003.1	146981	147733	-	AG-904-K03_00784	AG-904-K03	250	OG0000807	NA	NA	COG1058	CinA	ADP-ribose pyrophosphatase domain of DNA damage- and competence-inducible protein CinA	AG-904-K03_00785	-1
CACDSY010000003.1	147756	148442	+	AG-904-K03_00785	AG-904-K03	228	OG0000819	K06206	sugar fermentation stimulation protein A	COG1489	SfsA	DNA-binding protein, stimulates sugar fermentation	AG-904-K03_00785	0
CACDSY010000003.1	148435	149205	+	AG-904-K03_00786	AG-904-K03	256	OG0000721	K01265	methionyl aminopeptidase [EC:3.4.11.18]	COG0024	Map	Methionine aminopeptidase	AG-904-K03_00785	1
CACDSY010000003.1	149205	150497	+	AG-904-K03_00787	AG-904-K03	430	OG0000779	K01756	adenylosuccinate lyase [EC:4.3.2.2]	COG0015	PurB	Adenylosuccinate lyase	AG-904-K03_00785	2
CACDSY010000003.1	150497	151282	+	AG-904-K03_00788	AG-904-K03	261	OG0000769	K01923	phosphoribosylaminoimidazole-succinocarboxamide synthase [EC:6.3.2.6]	COG0152	PurC	Phosphoribosylaminoimidazole-succinocarboxamide synthase	AG-904-K03_00785	3
CACDSY010000003.1	151279	151512	+	AG-904-K03_00789	AG-904-K03	77	OG0000770	K23264	phosphoribosylformylglycinamidine synthase subunit PurS [EC:6.3.5.3]	COG1828	PurS	Phosphoribosylformylglycinamidine (FGAM) synthase, PurS subunit	AG-904-K03_00785	4
CACDSY010000003.1	151520	152200	+	AG-904-K03_00790	AG-904-K03	226	OG0000684	K23265	phosphoribosylformylglycinamidine synthase subunit PurQ / glutaminase [EC:6.3.5.3 3.5.1.2]	COG0047	PurL2	Phosphoribosylformylglycinamidine (FGAM) synthase, glutamine amidotransferase domain	AG-904-K03_00785	5
CACDZM010000006.1	61298	61981	-	AG-905-A07_00870	AG-905-A07	227	OG0000684	K23265	phosphoribosylformylglycinamidine synthase subunit PurQ / glutaminase [EC:6.3.5.3 3.5.1.2]	COG0047	PurL2	Phosphoribosylformylglycinamidine (FGAM) synthase, glutamine amidotransferase domain	AG-905-A07_00875	-5
CACDZM010000006.1	61985	62227	-	AG-905-A07_00871	AG-905-A07	80	OG0000770	K23264	phosphoribosylformylglycinamidine synthase subunit PurS [EC:6.3.5.3]	COG1828	PurS	Phosphoribosylformylglycinamidine (FGAM) synthase, PurS subunit	AG-905-A07_00875	-4
CACDZM010000006.1	62224	63009	-	AG-905-A07_00872	AG-905-A07	261	OG0000769	K01923	phosphoribosylaminoimidazole-succinocarboxamide synthase [EC:6.3.2.6]	COG0152	PurC	Phosphoribosylaminoimidazole-succinocarboxamide synthase	AG-905-A07_00875	-3
CACDZM010000006.1	63009	64301	-	AG-905-A07_00873	AG-905-A07	430	OG0000779	K01756	adenylosuccinate lyase [EC:4.3.2.2]	COG0015	PurB	Adenylosuccinate lyase	AG-905-A07_00875	-2
CACDZM010000006.1	64305	65078	-	AG-905-A07_00874	AG-905-A07	257	OG0000721	K01265	methionyl aminopeptidase [EC:3.4.11.18]	COG0024	Map	Methionine aminopeptidase	AG-905-A07_00875	-1
CACDZM010000006.1	65071	65769	-	AG-905-A07_00875	AG-905-A07	232	OG0000819	K06206	sugar fermentation stimulation protein A	COG1489	SfsA	DNA-binding protein, stimulates sugar fermentation	AG-905-A07_00875	0
CACEDC010000002.1	123730	124497	+	AG-905-D16_00501	AG-905-D16	255	OG0000972	K00858	NAD+ kinase [EC:2.7.1.23]	COG0061	NadK	NAD kinase	AG-905-D16_00507	-5
CACEDC010000002.1	124500	125372	-	AG-905-D16_00502	AG-905-D16	290	OG0001551	NA	NA	NA	NA	NA	AG-905-D16_00507	-4
CACEDC010000002.1	125376	126263	-	AG-905-D16_00503	AG-905-D16	295	OG0001274	NA	NA	NA	NA	NA	AG-905-D16_00507	-3
CACEDC010000002.1	126517	127209	-	AG-905-D16_00505	AG-905-D16	230	OG0000236	K04643	sensory rhodopsin	COG5524	NA	Bacteriorhodopsin	AG-905-D16_00507	-2
CACEDC010000002.1	127334	128056	-	AG-905-D16_00506	AG-905-D16	240	OG0000807	NA	NA	COG1058	CinA	ADP-ribose pyrophosphatase domain of DNA damage- and competence-inducible protein CinA	AG-905-D16_00507	-1
CACEDC010000002.1	128063	128764	+	AG-905-D16_00507	AG-905-D16	233	OG0000819	K06206	sugar fermentation stimulation protein A	COG1489	SfsA	DNA-binding protein, stimulates sugar fermentation	AG-905-D16_00507	0
CACEDC010000002.1	128761	129531	+	AG-905-D16_00508	AG-905-D16	256	OG0000721	K01265	methionyl aminopeptidase [EC:3.4.11.18]	COG0024	Map	Methionine aminopeptidase	AG-905-D16_00507	1
CACEDC010000002.1	129556	130848	+	AG-905-D16_00509	AG-905-D16	430	OG0000779	K01756	adenylosuccinate lyase [EC:4.3.2.2]	COG0015	PurB	Adenylosuccinate lyase	AG-905-D16_00507	2
CACEDC010000002.1	130850	131089	-	AG-905-D16_00510	AG-905-D16	79	OG0002263	NA	NA	NA	NA	NA	AG-905-D16_00507	3
CACEDC010000002.1	131099	131428	-	AG-905-D16_00511	AG-905-D16	109	OG0001313	NA	NA	COG5467	NA	Uncharacterized conserved protein, DUF1476 domain	AG-905-D16_00507	4
CACEDC010000002.1	131501	132220	+	AG-905-D16_00512	AG-905-D16	239	OG0000769	K01923	phosphoribosylaminoimidazole-succinocarboxamide synthase [EC:6.3.2.6]	COG0152	PurC	Phosphoribosylaminoimidazole-succinocarboxamide synthase	AG-905-D16_00507	5
CACEDX010000001.1	28550	29233	-	AG-905-E10_00028	AG-905-E10	227	OG0000684	K23265	phosphoribosylformylglycinamidine synthase subunit PurQ / glutaminase [EC:6.3.5.3 3.5.1.2]	COG0047	PurL2	Phosphoribosylformylglycinamidine (FGAM) synthase, glutamine amidotransferase domain	AG-905-E10_00033	-5
CACEDX010000001.1	29237	29479	-	AG-905-E10_00029	AG-905-E10	80	OG0000770	K23264	phosphoribosylformylglycinamidine synthase subunit PurS [EC:6.3.5.3]	COG1828	PurS	Phosphoribosylformylglycinamidine (FGAM) synthase, PurS subunit	AG-905-E10_00033	-4
CACEDX010000001.1	29476	30261	-	AG-905-E10_00030	AG-905-E10	261	OG0000769	K01923	phosphoribosylaminoimidazole-succinocarboxamide synthase [EC:6.3.2.6]	COG0152	PurC	Phosphoribosylaminoimidazole-succinocarboxamide synthase	AG-905-E10_00033	-3
CACEDX010000001.1	30261	31553	-	AG-905-E10_00031	AG-905-E10	430	OG0000779	K01756	adenylosuccinate lyase [EC:4.3.2.2]	COG0015	PurB	Adenylosuccinate lyase	AG-905-E10_00033	-2
CACEDX010000001.1	31557	32330	-	AG-905-E10_00032	AG-905-E10	257	OG0000721	K01265	methionyl aminopeptidase [EC:3.4.11.18]	COG0024	Map	Methionine aminopeptidase	AG-905-E10_00033	-1
CACEDX010000001.1	32323	33021	-	AG-905-E10_00033	AG-905-E10	232	OG0000819	K06206	sugar fermentation stimulation protein A	COG1489	SfsA	DNA-binding protein, stimulates sugar fermentation	AG-905-E10_00033	0
CACEDX010000001.1	33040	33789	+	AG-905-E10_00034	AG-905-E10	249	OG0000807	NA	NA	COG1058	CinA	ADP-ribose pyrophosphatase domain of DNA damage- and competence-inducible protein CinA	AG-905-E10_00033	1
CACEDX010000001.1	33790	34191	+	AG-905-E10_00035	AG-905-E10	133	OG0001035	K00682	gamma-glutamylcyclotransferase [EC:4.3.2.9]	COG2105	YtfP	Predicted gamma-glutamylamine cyclotransferase YtfP, GGCT/AIG2-like family	AG-905-E10_00033	2
CACEDX010000001.1	34198	35640	-	AG-905-E10_00036	AG-905-E10	480	OG0001158	NA	NA	COG2308	NA	Circularly permuted ATP-grasp protein	AG-905-E10_00033	3
CACEDX010000001.1	35751	36476	+	AG-905-E10_00037	AG-905-E10	241	OG0001204	K07395	putative proteasome-type protease	COG3484	NA	Predicted proteasome-type protease	AG-905-E10_00033	4
CACEDX010000001.1	36478	38199	-	AG-905-E10_00038	AG-905-E10	573	OG0001383	NA	NA	COG0366	AmyA	Glycosidase/amylase (phosphorylase)	AG-905-E10_00033	5
CACEDU010000003.1	129297	129977	-	AG-905-E11_00603	AG-905-E11	226	OG0000684	K23265	phosphoribosylformylglycinamidine synthase subunit PurQ / glutaminase [EC:6.3.5.3 3.5.1.2]	COG0047	PurL2	Phosphoribosylformylglycinamidine (FGAM) synthase, glutamine amidotransferase domain	AG-905-E11_00608	-5
CACEDU010000003.1	129985	130218	-	AG-905-E11_00604	AG-905-E11	77	OG0000770	K23264	phosphoribosylformylglycinamidine synthase subunit PurS [EC:6.3.5.3]	COG1828	PurS	Phosphoribosylformylglycinamidine (FGAM) synthase, PurS subunit	AG-905-E11_00608	-4
CACEDU010000003.1	130215	131000	-	AG-905-E11_00605	AG-905-E11	261	OG0000769	K01923	phosphoribosylaminoimidazole-succinocarboxamide synthase [EC:6.3.2.6]	COG0152	PurC	Phosphoribosylaminoimidazole-succinocarboxamide synthase	AG-905-E11_00608	-3
CACEDU010000003.1	131000	132292	-	AG-905-E11_00606	AG-905-E11	430	OG0000779	K01756	adenylosuccinate lyase [EC:4.3.2.2]	COG0015	PurB	Adenylosuccinate lyase	AG-905-E11_00608	-2
CACEDU010000003.1	132292	133062	-	AG-905-E11_00607	AG-905-E11	256	OG0000721	K01265	methionyl aminopeptidase [EC:3.4.11.18]	COG0024	Map	Methionine aminopeptidase	AG-905-E11_00608	-1
CACEDU010000003.1	133055	133741	-	AG-905-E11_00608	AG-905-E11	228	OG0000819	K06206	sugar fermentation stimulation protein A	COG1489	SfsA	DNA-binding protein, stimulates sugar fermentation	AG-905-E11_00608	0
CACEDU010000003.1	133764	134516	+	AG-905-E11_00609	AG-905-E11	250	OG0000807	NA	NA	COG1058	CinA	ADP-ribose pyrophosphatase domain of DNA damage- and competence-inducible protein CinA	AG-905-E11_00608	1
CACEDU010000003.1	134516	134923	+	AG-905-E11_00610	AG-905-E11	135	OG0001035	K00682	gamma-glutamylcyclotransferase [EC:4.3.2.9]	COG2105	YtfP	Predicted gamma-glutamylamine cyclotransferase YtfP, GGCT/AIG2-like family	AG-905-E11_00608	2
CACEDU010000003.1	134923	135609	+	AG-905-E11_00611	AG-905-E11	228	OG0001044	NA	NA	COG1296	AzlC	Predicted branched-chain amino acid permease (azaleucine resistance)	AG-905-E11_00608	3
CACEDU010000003.1	135606	135917	+	AG-905-E11_00612	AG-905-E11	103	OG0001043	NA	NA	COG4392	AzlD2	Branched-chain amino acid transport protein	AG-905-E11_00608	4
CACEDU010000003.1	135927	136826	+	AG-905-E11_00613	AG-905-E11	299	OG0000057	K00477	phytanoyl-CoA hydroxylase [EC:1.14.11.18]	COG5285	PhyH	Ectoine hydroxylase-related dioxygenase, phytanoyl-CoA dioxygenase (PhyH) family	AG-905-E11_00608	5
CACEKE010000001.1	92071	93345	+	AG-905-M05_00119	AG-905-M05	424	OG0000093	NA	NA	COG0399	WecE	dTDP-4-amino-4,6-dideoxygalactose transaminase	AG-905-M05_00124	-5
CACEKE010000001.1	93355	93921	-	AG-905-M05_00120	AG-905-M05	188	OG0003038	NA	NA	NA	NA	NA	AG-905-M05_00124	-4
CACEKE010000001.1	93923	95179	-	AG-905-M05_00121	AG-905-M05	418	OG0001354	NA	NA	NA	NA	NA	AG-905-M05_00124	-3
CACEKE010000001.1	95204	95605	-	AG-905-M05_00122	AG-905-M05	133	OG0001035	K00682	gamma-glutamylcyclotransferase [EC:4.3.2.9]	COG2105	YtfP	Predicted gamma-glutamylamine cyclotransferase YtfP, GGCT/AIG2-like family	AG-905-M05_00124	-2
CACEKE010000001.1	95607	96356	-	AG-905-M05_00123	AG-905-M05	249	OG0000807	NA	NA	COG1058	CinA	ADP-ribose pyrophosphatase domain of DNA damage- and competence-inducible protein CinA	AG-905-M05_00124	-1
CACEKE010000001.1	96376	97074	+	AG-905-M05_00124	AG-905-M05	232	OG0000819	K06206	sugar fermentation stimulation protein A	COG1489	SfsA	DNA-binding protein, stimulates sugar fermentation	AG-905-M05_00124	0
CACEKE010000001.1	97067	97837	+	AG-905-M05_00125	AG-905-M05	256	OG0000721	K01265	methionyl aminopeptidase [EC:3.4.11.18]	COG0024	Map	Methionine aminopeptidase	AG-905-M05_00124	1
CACEKE010000001.1	97837	99129	+	AG-905-M05_00126	AG-905-M05	430	OG0000779	K01756	adenylosuccinate lyase [EC:4.3.2.2]	COG0015	PurB	Adenylosuccinate lyase	AG-905-M05_00124	2
CACEKE010000001.1	99129	99914	+	AG-905-M05_00127	AG-905-M05	261	OG0000769	K01923	phosphoribosylaminoimidazole-succinocarboxamide synthase [EC:6.3.2.6]	COG0152	PurC	Phosphoribosylaminoimidazole-succinocarboxamide synthase	AG-905-M05_00124	3
CACEKE010000001.1	99911	100144	+	AG-905-M05_00128	AG-905-M05	77	OG0000770	K23264	phosphoribosylformylglycinamidine synthase subunit PurS [EC:6.3.5.3]	COG1828	PurS	Phosphoribosylformylglycinamidine (FGAM) synthase, PurS subunit	AG-905-M05_00124	4
CACEKE010000001.1	100148	100831	+	AG-905-M05_00129	AG-905-M05	227	OG0000684	K23265	phosphoribosylformylglycinamidine synthase subunit PurQ / glutaminase [EC:6.3.5.3 3.5.1.2]	COG0047	PurL2	Phosphoribosylformylglycinamidine (FGAM) synthase, glutamine amidotransferase domain	AG-905-M05_00124	5
CACEMI010000004.1	71867	72178	-	AG-905-O08_00523	AG-905-O08	103	OG0001043	NA	NA	COG4392	AzlD2	Branched-chain amino acid transport protein	AG-905-O08_00528	-5
CACEMI010000004.1	72175	72861	-	AG-905-O08_00524	AG-905-O08	228	OG0001044	NA	NA	COG1296	AzlC	Predicted branched-chain amino acid permease (azaleucine resistance)	AG-905-O08_00528	-4
CACEMI010000004.1	72921	73889	+	AG-905-O08_00525	AG-905-O08	322	OG0001428	NA	NA	COG0859	RfaF	ADP-heptose:LPS heptosyltransferase	AG-905-O08_00528	-3
CACEMI010000004.1	73875	74279	-	AG-905-O08_00526	AG-905-O08	134	OG0001035	K00682	gamma-glutamylcyclotransferase [EC:4.3.2.9]	COG2105	YtfP	Predicted gamma-glutamylamine cyclotransferase YtfP, GGCT/AIG2-like family	AG-905-O08_00528	-2
CACEMI010000004.1	74279	75031	-	AG-905-O08_00527	AG-905-O08	250	OG0000807	NA	NA	COG1058	CinA	ADP-ribose pyrophosphatase domain of DNA damage- and competence-inducible protein CinA	AG-905-O08_00528	-1
CACEMI010000004.1	75054	75740	+	AG-905-O08_00528	AG-905-O08	228	OG0000819	K06206	sugar fermentation stimulation protein A	COG1489	SfsA	DNA-binding protein, stimulates sugar fermentation	AG-905-O08_00528	0
CACEMI010000004.1	75733	76503	+	AG-905-O08_00529	AG-905-O08	256	OG0000721	K01265	methionyl aminopeptidase [EC:3.4.11.18]	COG0024	Map	Methionine aminopeptidase	AG-905-O08_00528	1
CACEMI010000004.1	76503	77795	+	AG-905-O08_00530	AG-905-O08	430	OG0000779	K01756	adenylosuccinate lyase [EC:4.3.2.2]	COG0015	PurB	Adenylosuccinate lyase	AG-905-O08_00528	2
CACEMI010000004.1	77795	78580	+	AG-905-O08_00531	AG-905-O08	261	OG0000769	K01923	phosphoribosylaminoimidazole-succinocarboxamide synthase [EC:6.3.2.6]	COG0152	PurC	Phosphoribosylaminoimidazole-succinocarboxamide synthase	AG-905-O08_00528	3
CACEMI010000004.1	78577	78810	+	AG-905-O08_00532	AG-905-O08	77	OG0000770	K23264	phosphoribosylformylglycinamidine synthase subunit PurS [EC:6.3.5.3]	COG1828	PurS	Phosphoribosylformylglycinamidine (FGAM) synthase, PurS subunit	AG-905-O08_00528	4
CACEMI010000004.1	78818	79498	+	AG-905-O08_00533	AG-905-O08	226	OG0000684	K23265	phosphoribosylformylglycinamidine synthase subunit PurQ / glutaminase [EC:6.3.5.3 3.5.1.2]	COG0047	PurL2	Phosphoribosylformylglycinamidine (FGAM) synthase, glutamine amidotransferase domain	AG-905-O08_00528	5
CACEPS010000001.1	10504	11229	-	AG-907-B09_00013	AG-907-B09	241	OG0000822	K03100	signal peptidase I [EC:3.4.21.89]	COG0681	LepB	Signal peptidase I	AG-907-B09_00018	-5
CACEPS010000001.1	11226	11612	-	AG-907-B09_00014	AG-907-B09	128	OG0000839	K00997	holo-[acyl-carrier protein] synthase [EC:2.7.8.7]	COG0736	AcpS	Phosphopantetheinyl transferase (holo-ACP synthase)	AG-907-B09_00018	-4
CACEPS010000001.1	11662	12501	-	AG-907-B09_00015	AG-907-B09	279	OG0000017	K02001	glycine betaine/proline transport system permease protein	COG4176	ProW	ABC-type proline/glycine betaine transport system, permease component	AG-907-B09_00018	-3
CACEPS010000001.1	12504	13454	-	AG-907-B09_00016	AG-907-B09	316	OG0000124	K02002	glycine betaine/proline transport system substrate-binding protein	COG2113	ProX	ABC-type proline/glycine betaine transport system, periplasmic component	AG-907-B09_00018	-2
CACEPS010000001.1	13592	14332	-	AG-907-B09_00017	AG-907-B09	246	OG0000807	NA	NA	COG1058	CinA	ADP-ribose pyrophosphatase domain of DNA damage- and competence-inducible protein CinA	AG-907-B09_00018	-1
CACEPS010000001.1	14333	15028	+	AG-907-B09_00018	AG-907-B09	231	OG0000819	K06206	sugar fermentation stimulation protein A	COG1489	SfsA	DNA-binding protein, stimulates sugar fermentation	AG-907-B09_00018	0
CACEPS010000001.1	15033	15791	+	AG-907-B09_00019	AG-907-B09	252	OG0000721	K01265	methionyl aminopeptidase [EC:3.4.11.18]	COG0024	Map	Methionine aminopeptidase	AG-907-B09_00018	1
CACEPS010000001.1	15792	17084	+	AG-907-B09_00020	AG-907-B09	430	OG0000779	K01756	adenylosuccinate lyase [EC:4.3.2.2]	COG0015	PurB	Adenylosuccinate lyase	AG-907-B09_00018	2
CACEPS010000001.1	17081	17866	+	AG-907-B09_00021	AG-907-B09	261	OG0000769	K01923	phosphoribosylaminoimidazole-succinocarboxamide synthase [EC:6.3.2.6]	COG0152	PurC	Phosphoribosylaminoimidazole-succinocarboxamide synthase	AG-907-B09_00018	3
CACEPS010000001.1	17868	18110	+	AG-907-B09_00022	AG-907-B09	80	OG0000770	K23264	phosphoribosylformylglycinamidine synthase subunit PurS [EC:6.3.5.3]	COG1828	PurS	Phosphoribosylformylglycinamidine (FGAM) synthase, PurS subunit	AG-907-B09_00018	4
CACEPS010000001.1	18107	18784	+	AG-907-B09_00023	AG-907-B09	225	OG0000684	K23265	phosphoribosylformylglycinamidine synthase subunit PurQ / glutaminase [EC:6.3.5.3 3.5.1.2]	COG0047	PurL2	Phosphoribosylformylglycinamidine (FGAM) synthase, glutamine amidotransferase domain	AG-907-B09_00018	5
CACEQG010000011.1	3010	4734	+	AG-907-C04_01152	AG-907-C04	574	OG0001383	NA	NA	COG0366	AmyA	Glycosidase/amylase (phosphorylase)	AG-907-C04_01157	-5
CACEQG010000011.1	4736	5461	-	AG-907-C04_01153	AG-907-C04	241	OG0001204	K07395	putative proteasome-type protease	COG3484	NA	Predicted proteasome-type protease	AG-907-C04_01157	-4
CACEQG010000011.1	5571	7013	+	AG-907-C04_01154	AG-907-C04	480	OG0001158	NA	NA	COG2308	NA	Circularly permuted ATP-grasp protein	AG-907-C04_01157	-3
CACEQG010000011.1	7019	7420	-	AG-907-C04_01155	AG-907-C04	133	OG0001035	K00682	gamma-glutamylcyclotransferase [EC:4.3.2.9]	COG2105	YtfP	Predicted gamma-glutamylamine cyclotransferase YtfP, GGCT/AIG2-like family	AG-907-C04_01157	-2
CACEQG010000011.1	7421	8170	-	AG-907-C04_01156	AG-907-C04	249	OG0000807	NA	NA	COG1058	CinA	ADP-ribose pyrophosphatase domain of DNA damage- and competence-inducible protein CinA	AG-907-C04_01157	-1
CACEQG010000011.1	8191	8889	+	AG-907-C04_01157	AG-907-C04	232	OG0000819	K06206	sugar fermentation stimulation protein A	COG1489	SfsA	DNA-binding protein, stimulates sugar fermentation	AG-907-C04_01157	0
CACEQG010000011.1	8882	9655	+	AG-907-C04_01158	AG-907-C04	257	OG0000721	K01265	methionyl aminopeptidase [EC:3.4.11.18]	COG0024	Map	Methionine aminopeptidase	AG-907-C04_01157	1
CACESO010000002.1	130515	131198	-	AG-907-E04_00343	AG-907-E04	227	OG0000684	K23265	phosphoribosylformylglycinamidine synthase subunit PurQ / glutaminase [EC:6.3.5.3 3.5.1.2]	COG0047	PurL2	Phosphoribosylformylglycinamidine (FGAM) synthase, glutamine amidotransferase domain	AG-907-E04_00348	-5
CACESO010000002.1	131198	131431	-	AG-907-E04_00344	AG-907-E04	77	OG0000770	K23264	phosphoribosylformylglycinamidine synthase subunit PurS [EC:6.3.5.3]	COG1828	PurS	Phosphoribosylformylglycinamidine (FGAM) synthase, PurS subunit	AG-907-E04_00348	-4
CACESO010000002.1	131432	132214	-	AG-907-E04_00345	AG-907-E04	260	OG0000769	K01923	phosphoribosylaminoimidazole-succinocarboxamide synthase [EC:6.3.2.6]	COG0152	PurC	Phosphoribosylaminoimidazole-succinocarboxamide synthase	AG-907-E04_00348	-3
CACESO010000002.1	132217	133509	-	AG-907-E04_00346	AG-907-E04	430	OG0000779	K01756	adenylosuccinate lyase [EC:4.3.2.2]	COG0015	PurB	Adenylosuccinate lyase	AG-907-E04_00348	-2
CACESO010000002.1	133509	134279	-	AG-907-E04_00347	AG-907-E04	256	OG0000721	K01265	methionyl aminopeptidase [EC:3.4.11.18]	COG0024	Map	Methionine aminopeptidase	AG-907-E04_00348	-1
CACESO010000002.1	134272	134958	-	AG-907-E04_00348	AG-907-E04	228	OG0000819	K06206	sugar fermentation stimulation protein A	COG1489	SfsA	DNA-binding protein, stimulates sugar fermentation	AG-907-E04_00348	0
CACESO010000002.1	134981	135733	+	AG-907-E04_00349	AG-907-E04	250	OG0000807	NA	NA	COG1058	CinA	ADP-ribose pyrophosphatase domain of DNA damage- and competence-inducible protein CinA	AG-907-E04_00348	1
CACESO010000002.1	135733	136134	+	AG-907-E04_00350	AG-907-E04	133	OG0001035	K00682	gamma-glutamylcyclotransferase [EC:4.3.2.9]	COG2105	YtfP	Predicted gamma-glutamylamine cyclotransferase YtfP, GGCT/AIG2-like family	AG-907-E04_00348	2
CACESO010000002.1	136136	136822	+	AG-907-E04_00351	AG-907-E04	228	OG0001044	NA	NA	COG1296	AzlC	Predicted branched-chain amino acid permease (azaleucine resistance)	AG-907-E04_00348	3
CACESO010000002.1	136819	137130	+	AG-907-E04_00352	AG-907-E04	103	OG0001043	NA	NA	COG4392	AzlD2	Branched-chain amino acid transport protein	AG-907-E04_00348	4
CACESO010000002.1	137309	138082	+	AG-907-E04_00354	AG-907-E04	257	OG0002940	NA	NA	NA	NA	NA	AG-907-E04_00348	5
CACFHY010000007.1	18045	18815	-	AG-908-C18_00857	AG-908-C18	256	OG0000972	K00858	NAD+ kinase [EC:2.7.1.23]	COG0061	NadK	NAD kinase	AG-908-C18_00863	-5
CACFHY010000007.1	19004	19807	+	AG-908-C18_00859	AG-908-C18	267	OG0001276	K07026	mannosyl-3-phosphoglycerate phosphatase [EC:3.1.3.70]	COG3769	YedP	Mannosyl-3-phosphoglycerate phosphatase YedP/MpgP, HAD superfamily	AG-908-C18_00863	-4
CACFHY010000007.1	19819	21039	+	AG-908-C18_00860	AG-908-C18	406	OG0001273	K13693	glucosyl-3-phosphoglycerate synthase [EC:2.4.1.266]	NA	NA	NA	AG-908-C18_00863	-3
CACFHY010000007.1	21046	21447	-	AG-908-C18_00861	AG-908-C18	133	OG0001035	K00682	gamma-glutamylcyclotransferase [EC:4.3.2.9]	COG2105	YtfP	Predicted gamma-glutamylamine cyclotransferase YtfP, GGCT/AIG2-like family	AG-908-C18_00863	-2
CACFHY010000007.1	21447	22196	-	AG-908-C18_00862	AG-908-C18	249	OG0000807	NA	NA	COG1058	CinA	ADP-ribose pyrophosphatase domain of DNA damage- and competence-inducible protein CinA	AG-908-C18_00863	-1
CACFHY010000007.1	22217	22915	+	AG-908-C18_00863	AG-908-C18	232	OG0000819	K06206	sugar fermentation stimulation protein A	COG1489	SfsA	DNA-binding protein, stimulates sugar fermentation	AG-908-C18_00863	0
CACFHY010000007.1	22908	23678	+	AG-908-C18_00864	AG-908-C18	256	OG0000721	K01265	methionyl aminopeptidase [EC:3.4.11.18]	COG0024	Map	Methionine aminopeptidase	AG-908-C18_00863	1
CACFHY010000007.1	23682	24974	+	AG-908-C18_00865	AG-908-C18	430	OG0000779	K01756	adenylosuccinate lyase [EC:4.3.2.2]	COG0015	PurB	Adenylosuccinate lyase	AG-908-C18_00863	2
CACFHY010000007.1	24974	25759	+	AG-908-C18_00866	AG-908-C18	261	OG0000769	K01923	phosphoribosylaminoimidazole-succinocarboxamide synthase [EC:6.3.2.6]	COG0152	PurC	Phosphoribosylaminoimidazole-succinocarboxamide synthase	AG-908-C18_00863	3
CACFHY010000007.1	25756	25998	+	AG-908-C18_00867	AG-908-C18	80	OG0000770	K23264	phosphoribosylformylglycinamidine synthase subunit PurS [EC:6.3.5.3]	COG1828	PurS	Phosphoribosylformylglycinamidine (FGAM) synthase, PurS subunit	AG-908-C18_00863	4
CACFHY010000007.1	26002	26685	+	AG-908-C18_00868	AG-908-C18	227	OG0000684	K23265	phosphoribosylformylglycinamidine synthase subunit PurQ / glutaminase [EC:6.3.5.3 3.5.1.2]	COG0047	PurL2	Phosphoribosylformylglycinamidine (FGAM) synthase, glutamine amidotransferase domain	AG-908-C18_00863	5
CACFLK010000002.1	109183	109866	-	AG-908-F20_00555	AG-908-F20	227	OG0000684	K23265	phosphoribosylformylglycinamidine synthase subunit PurQ / glutaminase [EC:6.3.5.3 3.5.1.2]	COG0047	PurL2	Phosphoribosylformylglycinamidine (FGAM) synthase, glutamine amidotransferase domain	AG-908-F20_00560	-5
CACFLK010000002.1	109870	110112	-	AG-908-F20_00556	AG-908-F20	80	OG0000770	K23264	phosphoribosylformylglycinamidine synthase subunit PurS [EC:6.3.5.3]	COG1828	PurS	Phosphoribosylformylglycinamidine (FGAM) synthase, PurS subunit	AG-908-F20_00560	-4
CACFLK010000002.1	110109	110894	-	AG-908-F20_00557	AG-908-F20	261	OG0000769	K01923	phosphoribosylaminoimidazole-succinocarboxamide synthase [EC:6.3.2.6]	COG0152	PurC	Phosphoribosylaminoimidazole-succinocarboxamide synthase	AG-908-F20_00560	-3
CACFLK010000002.1	110894	112186	-	AG-908-F20_00558	AG-908-F20	430	OG0000779	K01756	adenylosuccinate lyase [EC:4.3.2.2]	COG0015	PurB	Adenylosuccinate lyase	AG-908-F20_00560	-2
CACFLK010000002.1	112186	112959	-	AG-908-F20_00559	AG-908-F20	257	OG0000721	K01265	methionyl aminopeptidase [EC:3.4.11.18]	COG0024	Map	Methionine aminopeptidase	AG-908-F20_00560	-1
CACFLK010000002.1	112952	113650	-	AG-908-F20_00560	AG-908-F20	232	OG0000819	K06206	sugar fermentation stimulation protein A	COG1489	SfsA	DNA-binding protein, stimulates sugar fermentation	AG-908-F20_00560	0
CACFLK010000002.1	113672	114421	+	AG-908-F20_00561	AG-908-F20	249	OG0000807	NA	NA	COG1058	CinA	ADP-ribose pyrophosphatase domain of DNA damage- and competence-inducible protein CinA	AG-908-F20_00560	1
CACFLK010000002.1	114422	114823	+	AG-908-F20_00562	AG-908-F20	133	OG0001035	K00682	gamma-glutamylcyclotransferase [EC:4.3.2.9]	COG2105	YtfP	Predicted gamma-glutamylamine cyclotransferase YtfP, GGCT/AIG2-like family	AG-908-F20_00560	2
CACFLK010000002.1	114831	116273	-	AG-908-F20_00563	AG-908-F20	480	OG0001158	NA	NA	COG2308	NA	Circularly permuted ATP-grasp protein	AG-908-F20_00560	3
CACFLK010000002.1	116382	117107	+	AG-908-F20_00564	AG-908-F20	241	OG0001204	K07395	putative proteasome-type protease	COG3484	NA	Predicted proteasome-type protease	AG-908-F20_00560	4
CACFLK010000002.1	117109	118833	-	AG-908-F20_00565	AG-908-F20	574	OG0001383	NA	NA	COG0366	AmyA	Glycosidase/amylase (phosphorylase)	AG-908-F20_00560	5
CACFPI010000011.1	10871	12163	-	AG-908-L09_00997	AG-908-L09	430	OG0001333	NA	NA	COG4091	NA	Predicted homoserine dehydrogenase, contains C-terminal SAF domain	AG-908-L09_01002	-5
CACFPI010000011.1	12168	12485	-	AG-908-L09_00998	AG-908-L09	105	OG0001043	NA	NA	COG4392	AzlD2	Branched-chain amino acid transport protein	AG-908-L09_01002	-4
CACFPI010000011.1	12482	13168	-	AG-908-L09_00999	AG-908-L09	228	OG0001044	NA	NA	COG1296	AzlC	Predicted branched-chain amino acid permease (azaleucine resistance)	AG-908-L09_01002	-3
CACFPI010000011.1	13172	13576	-	AG-908-L09_01000	AG-908-L09	134	OG0001035	K00682	gamma-glutamylcyclotransferase [EC:4.3.2.9]	COG2105	YtfP	Predicted gamma-glutamylamine cyclotransferase YtfP, GGCT/AIG2-like family	AG-908-L09_01002	-2
CACFPI010000011.1	13579	14328	-	AG-908-L09_01001	AG-908-L09	249	OG0000807	NA	NA	COG1058	CinA	ADP-ribose pyrophosphatase domain of DNA damage- and competence-inducible protein CinA	AG-908-L09_01002	-1
CACFPI010000011.1	14351	15037	+	AG-908-L09_01002	AG-908-L09	228	OG0000819	K06206	sugar fermentation stimulation protein A	COG1489	SfsA	DNA-binding protein, stimulates sugar fermentation	AG-908-L09_01002	0
CACFPI010000011.1	15030	15800	+	AG-908-L09_01003	AG-908-L09	256	OG0000721	K01265	methionyl aminopeptidase [EC:3.4.11.18]	COG0024	Map	Methionine aminopeptidase	AG-908-L09_01002	1
CACFPI010000011.1	15800	17077	+	AG-908-L09_01004	AG-908-L09	425	OG0000779	K01756	adenylosuccinate lyase [EC:4.3.2.2]	COG0015	PurB	Adenylosuccinate lyase	AG-908-L09_01002	2
CACFPI010000011.1	17093	17878	+	AG-908-L09_01005	AG-908-L09	261	OG0000769	K01923	phosphoribosylaminoimidazole-succinocarboxamide synthase [EC:6.3.2.6]	COG0152	PurC	Phosphoribosylaminoimidazole-succinocarboxamide synthase	AG-908-L09_01002	3
CACFPI010000011.1	17878	18111	+	AG-908-L09_01006	AG-908-L09	77	OG0000770	K23264	phosphoribosylformylglycinamidine synthase subunit PurS [EC:6.3.5.3]	COG1828	PurS	Phosphoribosylformylglycinamidine (FGAM) synthase, PurS subunit	AG-908-L09_01002	4
CACFPI010000011.1	18115	18798	+	AG-908-L09_01007	AG-908-L09	227	OG0000684	K23265	phosphoribosylformylglycinamidine synthase subunit PurQ / glutaminase [EC:6.3.5.3 3.5.1.2]	COG0047	PurL2	Phosphoribosylformylglycinamidine (FGAM) synthase, glutamine amidotransferase domain	AG-908-L09_01002	5
CACFUR010000001.1	11510	13243	+	AG-909-A17_00009	AG-909-A17	577	OG0001383	NA	NA	COG0366	AmyA	Glycosidase/amylase (phosphorylase)	AG-909-A17_00014	-5
CACFUR010000001.1	13240	13551	-	AG-909-A17_00010	AG-909-A17	103	OG0001043	NA	NA	COG4392	AzlD2	Branched-chain amino acid transport protein	AG-909-A17_00014	-4
CACFUR010000001.1	13548	14234	-	AG-909-A17_00011	AG-909-A17	228	OG0001044	NA	NA	COG1296	AzlC	Predicted branched-chain amino acid permease (azaleucine resistance)	AG-909-A17_00014	-3
CACFUR010000001.1	14235	14639	-	AG-909-A17_00012	AG-909-A17	134	OG0001035	K00682	gamma-glutamylcyclotransferase [EC:4.3.2.9]	COG2105	YtfP	Predicted gamma-glutamylamine cyclotransferase YtfP, GGCT/AIG2-like family	AG-909-A17_00014	-2
CACFUR010000001.1	14646	15389	-	AG-909-A17_00013	AG-909-A17	247	OG0000807	NA	NA	COG1058	CinA	ADP-ribose pyrophosphatase domain of DNA damage- and competence-inducible protein CinA	AG-909-A17_00014	-1
CACFUR010000001.1	15412	16098	+	AG-909-A17_00014	AG-909-A17	228	OG0000819	K06206	sugar fermentation stimulation protein A	COG1489	SfsA	DNA-binding protein, stimulates sugar fermentation	AG-909-A17_00014	0
CACFUR010000001.1	16091	16861	+	AG-909-A17_00015	AG-909-A17	256	OG0000721	K01265	methionyl aminopeptidase [EC:3.4.11.18]	COG0024	Map	Methionine aminopeptidase	AG-909-A17_00014	1
CACFUR010000001.1	16861	18153	+	AG-909-A17_00016	AG-909-A17	430	OG0000779	K01756	adenylosuccinate lyase [EC:4.3.2.2]	COG0015	PurB	Adenylosuccinate lyase	AG-909-A17_00014	2
CACFUR010000001.1	18153	18941	+	AG-909-A17_00017	AG-909-A17	262	OG0000769	K01923	phosphoribosylaminoimidazole-succinocarboxamide synthase [EC:6.3.2.6]	COG0152	PurC	Phosphoribosylaminoimidazole-succinocarboxamide synthase	AG-909-A17_00014	3
CACFUR010000001.1	18938	19171	+	AG-909-A17_00018	AG-909-A17	77	OG0000770	K23264	phosphoribosylformylglycinamidine synthase subunit PurS [EC:6.3.5.3]	COG1828	PurS	Phosphoribosylformylglycinamidine (FGAM) synthase, PurS subunit	AG-909-A17_00014	4
CACFUR010000001.1	19172	19855	+	AG-909-A17_00019	AG-909-A17	227	OG0000684	K23265	phosphoribosylformylglycinamidine synthase subunit PurQ / glutaminase [EC:6.3.5.3 3.5.1.2]	COG0047	PurL2	Phosphoribosylformylglycinamidine (FGAM) synthase, glutamine amidotransferase domain	AG-909-A17_00014	5
CACFZE010000001.1	99660	100952	-	AG-909-F14_00129	AG-909-F14	430	OG0001333	NA	NA	COG4091	NA	Predicted homoserine dehydrogenase, contains C-terminal SAF domain	AG-909-F14_00134	-5
CACFZE010000001.1	100957	101274	-	AG-909-F14_00130	AG-909-F14	105	OG0001043	NA	NA	COG4392	AzlD2	Branched-chain amino acid transport protein	AG-909-F14_00134	-4
CACFZE010000001.1	101271	101957	-	AG-909-F14_00131	AG-909-F14	228	OG0001044	NA	NA	COG1296	AzlC	Predicted branched-chain amino acid permease (azaleucine resistance)	AG-909-F14_00134	-3
CACFZE010000001.1	101961	102365	-	AG-909-F14_00132	AG-909-F14	134	OG0001035	K00682	gamma-glutamylcyclotransferase [EC:4.3.2.9]	COG2105	YtfP	Predicted gamma-glutamylamine cyclotransferase YtfP, GGCT/AIG2-like family	AG-909-F14_00134	-2
CACFZE010000001.1	102368	103117	-	AG-909-F14_00133	AG-909-F14	249	OG0000807	NA	NA	COG1058	CinA	ADP-ribose pyrophosphatase domain of DNA damage- and competence-inducible protein CinA	AG-909-F14_00134	-1
CACFZE010000001.1	103140	103826	+	AG-909-F14_00134	AG-909-F14	228	OG0000819	K06206	sugar fermentation stimulation protein A	COG1489	SfsA	DNA-binding protein, stimulates sugar fermentation	AG-909-F14_00134	0
CACFZE010000001.1	103819	104589	+	AG-909-F14_00135	AG-909-F14	256	OG0000721	K01265	methionyl aminopeptidase [EC:3.4.11.18]	COG0024	Map	Methionine aminopeptidase	AG-909-F14_00134	1
CACFZE010000001.1	104589	105881	+	AG-909-F14_00136	AG-909-F14	430	OG0000779	K01756	adenylosuccinate lyase [EC:4.3.2.2]	COG0015	PurB	Adenylosuccinate lyase	AG-909-F14_00134	2
CACFZE010000001.1	105881	106666	+	AG-909-F14_00137	AG-909-F14	261	OG0000769	K01923	phosphoribosylaminoimidazole-succinocarboxamide synthase [EC:6.3.2.6]	COG0152	PurC	Phosphoribosylaminoimidazole-succinocarboxamide synthase	AG-909-F14_00134	3
CACFZE010000001.1	106666	106899	+	AG-909-F14_00138	AG-909-F14	77	OG0000770	K23264	phosphoribosylformylglycinamidine synthase subunit PurS [EC:6.3.5.3]	COG1828	PurS	Phosphoribosylformylglycinamidine (FGAM) synthase, PurS subunit	AG-909-F14_00134	4
CACFZE010000001.1	106903	107586	+	AG-909-F14_00139	AG-909-F14	227	OG0000684	K23265	phosphoribosylformylglycinamidine synthase subunit PurQ / glutaminase [EC:6.3.5.3 3.5.1.2]	COG0047	PurL2	Phosphoribosylformylglycinamidine (FGAM) synthase, glutamine amidotransferase domain	AG-909-F14_00134	5
CACGAC010000006.1	876	1601	-	AG-909-G08_00837	AG-909-G08	241	OG0001204	K07395	putative proteasome-type protease	COG3484	NA	Predicted proteasome-type protease	AG-909-G08_00842	-5
CACGAC010000006.1	1711	3153	+	AG-909-G08_00838	AG-909-G08	480	OG0001158	NA	NA	COG2308	NA	Circularly permuted ATP-grasp protein	AG-909-G08_00842	-4
CACGAC010000006.1	3398	4267	-	AG-909-G08_00839	AG-909-G08	289	OG0001914	NA	NA	NA	NA	NA	AG-909-G08_00842	-3
CACGAC010000006.1	4276	4674	-	AG-909-G08_00840	AG-909-G08	132	OG0001035	K00682	gamma-glutamylcyclotransferase [EC:4.3.2.9]	COG2105	YtfP	Predicted gamma-glutamylamine cyclotransferase YtfP, GGCT/AIG2-like family	AG-909-G08_00842	-2
CACGAC010000006.1	4675	5424	-	AG-909-G08_00841	AG-909-G08	249	OG0000807	NA	NA	COG1058	CinA	ADP-ribose pyrophosphatase domain of DNA damage- and competence-inducible protein CinA	AG-909-G08_00842	-1
CACGAC010000006.1	5445	6143	+	AG-909-G08_00842	AG-909-G08	232	OG0000819	K06206	sugar fermentation stimulation protein A	COG1489	SfsA	DNA-binding protein, stimulates sugar fermentation	AG-909-G08_00842	0
CACGAC010000006.1	6136	6909	+	AG-909-G08_00843	AG-909-G08	257	OG0000721	K01265	methionyl aminopeptidase [EC:3.4.11.18]	COG0024	Map	Methionine aminopeptidase	AG-909-G08_00842	1
CACGAC010000006.1	6913	8205	+	AG-909-G08_00844	AG-909-G08	430	OG0000779	K01756	adenylosuccinate lyase [EC:4.3.2.2]	COG0015	PurB	Adenylosuccinate lyase	AG-909-G08_00842	2
CACGAC010000006.1	8205	8990	+	AG-909-G08_00845	AG-909-G08	261	OG0000769	K01923	phosphoribosylaminoimidazole-succinocarboxamide synthase [EC:6.3.2.6]	COG0152	PurC	Phosphoribosylaminoimidazole-succinocarboxamide synthase	AG-909-G08_00842	3
CACGAC010000006.1	8987	9229	+	AG-909-G08_00846	AG-909-G08	80	OG0000770	K23264	phosphoribosylformylglycinamidine synthase subunit PurS [EC:6.3.5.3]	COG1828	PurS	Phosphoribosylformylglycinamidine (FGAM) synthase, PurS subunit	AG-909-G08_00842	4
CACGAC010000006.1	9233	9916	+	AG-909-G08_00847	AG-909-G08	227	OG0000684	K23265	phosphoribosylformylglycinamidine synthase subunit PurQ / glutaminase [EC:6.3.5.3 3.5.1.2]	COG0047	PurL2	Phosphoribosylformylglycinamidine (FGAM) synthase, glutamine amidotransferase domain	AG-909-G08_00842	5
CACGAG010000003.1	90810	91577	+	AG-909-G09_00479	AG-909-G09	255	OG0000972	K00858	NAD+ kinase [EC:2.7.1.23]	COG0061	NadK	NAD kinase	AG-909-G09_00485	-5
CACGAG010000003.1	91580	92452	-	AG-909-G09_00480	AG-909-G09	290	OG0001551	NA	NA	NA	NA	NA	AG-909-G09_00485	-4
CACGAG010000003.1	92456	93343	-	AG-909-G09_00481	AG-909-G09	295	OG0001274	NA	NA	NA	NA	NA	AG-909-G09_00485	-3
CACGAG010000003.1	93596	94288	-	AG-909-G09_00483	AG-909-G09	230	OG0000236	K04643	sensory rhodopsin	COG5524	NA	Bacteriorhodopsin	AG-909-G09_00485	-2
CACGAG010000003.1	94413	95135	-	AG-909-G09_00484	AG-909-G09	240	OG0000807	NA	NA	COG1058	CinA	ADP-ribose pyrophosphatase domain of DNA damage- and competence-inducible protein CinA	AG-909-G09_00485	-1
CACGAG010000003.1	95142	95843	+	AG-909-G09_00485	AG-909-G09	233	OG0000819	K06206	sugar fermentation stimulation protein A	COG1489	SfsA	DNA-binding protein, stimulates sugar fermentation	AG-909-G09_00485	0
CACGAG010000003.1	95840	96610	+	AG-909-G09_00486	AG-909-G09	256	OG0000721	K01265	methionyl aminopeptidase [EC:3.4.11.18]	COG0024	Map	Methionine aminopeptidase	AG-909-G09_00485	1
CACGAG010000003.1	96635	97927	+	AG-909-G09_00487	AG-909-G09	430	OG0000779	K01756	adenylosuccinate lyase [EC:4.3.2.2]	COG0015	PurB	Adenylosuccinate lyase	AG-909-G09_00485	2
CACGAG010000003.1	97929	98168	-	AG-909-G09_00488	AG-909-G09	79	OG0002263	NA	NA	NA	NA	NA	AG-909-G09_00485	3
CACGAG010000003.1	98178	98507	-	AG-909-G09_00489	AG-909-G09	109	OG0001313	NA	NA	COG5467	NA	Uncharacterized conserved protein, DUF1476 domain	AG-909-G09_00485	4
CACGAG010000003.1	98580	99299	+	AG-909-G09_00490	AG-909-G09	239	OG0000769	K01923	phosphoribosylaminoimidazole-succinocarboxamide synthase [EC:6.3.2.6]	COG0152	PurC	Phosphoribosylaminoimidazole-succinocarboxamide synthase	AG-909-G09_00485	5
CACGJX010000003.1	21802	23526	+	AG-910-B05_00477	AG-910-B05	574	OG0001383	NA	NA	COG0366	AmyA	Glycosidase/amylase (phosphorylase)	AG-910-B05_00482	-5
CACGJX010000003.1	23528	24253	-	AG-910-B05_00478	AG-910-B05	241	OG0001204	K07395	putative proteasome-type protease	COG3484	NA	Predicted proteasome-type protease	AG-910-B05_00482	-4
CACGJX010000003.1	24363	25805	+	AG-910-B05_00479	AG-910-B05	480	OG0001158	NA	NA	COG2308	NA	Circularly permuted ATP-grasp protein	AG-910-B05_00482	-3
CACGJX010000003.1	25811	26212	-	AG-910-B05_00480	AG-910-B05	133	OG0001035	K00682	gamma-glutamylcyclotransferase [EC:4.3.2.9]	COG2105	YtfP	Predicted gamma-glutamylamine cyclotransferase YtfP, GGCT/AIG2-like family	AG-910-B05_00482	-2
CACGJX010000003.1	26213	26962	-	AG-910-B05_00481	AG-910-B05	249	OG0000807	NA	NA	COG1058	CinA	ADP-ribose pyrophosphatase domain of DNA damage- and competence-inducible protein CinA	AG-910-B05_00482	-1
CACGJX010000003.1	26983	27681	+	AG-910-B05_00482	AG-910-B05	232	OG0000819	K06206	sugar fermentation stimulation protein A	COG1489	SfsA	DNA-binding protein, stimulates sugar fermentation	AG-910-B05_00482	0
CACGJX010000003.1	27674	28444	+	AG-910-B05_00483	AG-910-B05	256	OG0000721	K01265	methionyl aminopeptidase [EC:3.4.11.18]	COG0024	Map	Methionine aminopeptidase	AG-910-B05_00482	1
CACGJX010000003.1	28451	29743	+	AG-910-B05_00484	AG-910-B05	430	OG0000779	K01756	adenylosuccinate lyase [EC:4.3.2.2]	COG0015	PurB	Adenylosuccinate lyase	AG-910-B05_00482	2
CACGJX010000003.1	29743	30528	+	AG-910-B05_00485	AG-910-B05	261	OG0000769	K01923	phosphoribosylaminoimidazole-succinocarboxamide synthase [EC:6.3.2.6]	COG0152	PurC	Phosphoribosylaminoimidazole-succinocarboxamide synthase	AG-910-B05_00482	3
CACGJX010000003.1	30525	30767	+	AG-910-B05_00486	AG-910-B05	80	OG0000770	K23264	phosphoribosylformylglycinamidine synthase subunit PurS [EC:6.3.5.3]	COG1828	PurS	Phosphoribosylformylglycinamidine (FGAM) synthase, PurS subunit	AG-910-B05_00482	4
CACGJX010000003.1	30771	31454	+	AG-910-B05_00487	AG-910-B05	227	OG0000684	K23265	phosphoribosylformylglycinamidine synthase subunit PurQ / glutaminase [EC:6.3.5.3 3.5.1.2]	COG0047	PurL2	Phosphoribosylformylglycinamidine (FGAM) synthase, glutamine amidotransferase domain	AG-910-B05_00482	5
CACHCK010000002.1	81407	82174	+	AG-911-E02_00480	AG-911-E02	255	OG0000972	K00858	NAD+ kinase [EC:2.7.1.23]	COG0061	NadK	NAD kinase	AG-911-E02_00486	-5
CACHCK010000002.1	82171	83046	-	AG-911-E02_00481	AG-911-E02	291	OG0001551	NA	NA	NA	NA	NA	AG-911-E02_00486	-4
CACHCK010000002.1	83051	83938	-	AG-911-E02_00482	AG-911-E02	295	OG0001274	NA	NA	NA	NA	NA	AG-911-E02_00486	-3
CACHCK010000002.1	84192	84884	-	AG-911-E02_00484	AG-911-E02	230	OG0000236	K04643	sensory rhodopsin	COG5524	NA	Bacteriorhodopsin	AG-911-E02_00486	-2
CACHCK010000002.1	85009	85731	-	AG-911-E02_00485	AG-911-E02	240	OG0000807	NA	NA	COG1058	CinA	ADP-ribose pyrophosphatase domain of DNA damage- and competence-inducible protein CinA	AG-911-E02_00486	-1
CACHCK010000002.1	85738	86439	+	AG-911-E02_00486	AG-911-E02	233	OG0000819	K06206	sugar fermentation stimulation protein A	COG1489	SfsA	DNA-binding protein, stimulates sugar fermentation	AG-911-E02_00486	0
CACHCK010000002.1	86436	87206	+	AG-911-E02_00487	AG-911-E02	256	OG0000721	K01265	methionyl aminopeptidase [EC:3.4.11.18]	COG0024	Map	Methionine aminopeptidase	AG-911-E02_00486	1
CACHCK010000002.1	87231	88523	+	AG-911-E02_00488	AG-911-E02	430	OG0000779	K01756	adenylosuccinate lyase [EC:4.3.2.2]	COG0015	PurB	Adenylosuccinate lyase	AG-911-E02_00486	2
CACHCK010000002.1	88525	88764	-	AG-911-E02_00489	AG-911-E02	79	OG0002263	NA	NA	NA	NA	NA	AG-911-E02_00486	3
CACHCK010000002.1	88774	89103	-	AG-911-E02_00490	AG-911-E02	109	OG0001313	NA	NA	COG5467	NA	Uncharacterized conserved protein, DUF1476 domain	AG-911-E02_00486	4
CACHCK010000002.1	89176	89895	+	AG-911-E02_00491	AG-911-E02	239	OG0000769	K01923	phosphoribosylaminoimidazole-succinocarboxamide synthase [EC:6.3.2.6]	COG0152	PurC	Phosphoribosylaminoimidazole-succinocarboxamide synthase	AG-911-E02_00486	5
CACHEO010000001.1	229294	229977	-	AG-911-G03_00252	AG-911-G03	227	OG0000684	K23265	phosphoribosylformylglycinamidine synthase subunit PurQ / glutaminase [EC:6.3.5.3 3.5.1.2]	COG0047	PurL2	Phosphoribosylformylglycinamidine (FGAM) synthase, glutamine amidotransferase domain	AG-911-G03_00257	-5
CACHEO010000001.1	229981	230223	-	AG-911-G03_00253	AG-911-G03	80	OG0000770	K23264	phosphoribosylformylglycinamidine synthase subunit PurS [EC:6.3.5.3]	COG1828	PurS	Phosphoribosylformylglycinamidine (FGAM) synthase, PurS subunit	AG-911-G03_00257	-4
CACHEO010000001.1	230220	231005	-	AG-911-G03_00254	AG-911-G03	261	OG0000769	K01923	phosphoribosylaminoimidazole-succinocarboxamide synthase [EC:6.3.2.6]	COG0152	PurC	Phosphoribosylaminoimidazole-succinocarboxamide synthase	AG-911-G03_00257	-3
CACHEO010000001.1	231005	232297	-	AG-911-G03_00255	AG-911-G03	430	OG0000779	K01756	adenylosuccinate lyase [EC:4.3.2.2]	COG0015	PurB	Adenylosuccinate lyase	AG-911-G03_00257	-2
CACHEO010000001.1	232301	233071	-	AG-911-G03_00256	AG-911-G03	256	OG0000721	K01265	methionyl aminopeptidase [EC:3.4.11.18]	COG0024	Map	Methionine aminopeptidase	AG-911-G03_00257	-1
CACHEO010000001.1	233064	233762	-	AG-911-G03_00257	AG-911-G03	232	OG0000819	K06206	sugar fermentation stimulation protein A	COG1489	SfsA	DNA-binding protein, stimulates sugar fermentation	AG-911-G03_00257	0
CACHEO010000001.1	233783	234532	+	AG-911-G03_00258	AG-911-G03	249	OG0000807	NA	NA	COG1058	CinA	ADP-ribose pyrophosphatase domain of DNA damage- and competence-inducible protein CinA	AG-911-G03_00257	1
CACHEO010000001.1	234573	235286	+	AG-911-G03_00259	AG-911-G03	237	OG0000043	NA	NA	COG0463	WcaA	Glycosyltransferase involved in cell wall bisynthesis	AG-911-G03_00257	2
CACHEO010000001.1	235255	236298	-	AG-911-G03_00260	AG-911-G03	347	OG0000075	NA	NA	COG0451	WcaG	Nucleoside-diphosphate-sugar epimerase	AG-911-G03_00257	3
CACHEO010000001.1	236298	237551	-	AG-911-G03_00261	AG-911-G03	417	OG0001137	NA	NA	COG4976	NA	Predicted methyltransferase, contains TPR repeat	AG-911-G03_00257	4
CACHEO010000001.1	237541	238509	-	AG-911-G03_00262	AG-911-G03	322	OG0002310	NA	NA	NA	NA	NA	AG-911-G03_00257	5
CACHFP010000006.1	22152	23432	+	AG-911-G13_00830	AG-911-G13	426	OG0000067	NA	NA	COG0265	DegQ	Periplasmic serine protease DegP/DegQ, contain C-terminal PDZ domain	AG-911-G13_00835	-5
CACHFP010000006.1	23444	23914	-	AG-911-G13_00831	AG-911-G13	156	OG0001556	NA	NA	NA	NA	NA	AG-911-G13_00835	-4
CACHFP010000006.1	23959	25440	+	AG-911-G13_00832	AG-911-G13	493	OG0001609	NA	NA	NA	NA	NA	AG-911-G13_00835	-3
CACHFP010000006.1	25490	26443	+	AG-911-G13_00833	AG-911-G13	317	OG0001428	NA	NA	COG0859	RfaF	ADP-heptose:LPS heptosyltransferase	AG-911-G13_00835	-2
CACHFP010000006.1	26440	27195	-	AG-911-G13_00834	AG-911-G13	251	OG0000807	NA	NA	COG1058	CinA	ADP-ribose pyrophosphatase domain of DNA damage- and competence-inducible protein CinA	AG-911-G13_00835	-1
CACHFP010000006.1	27211	27909	+	AG-911-G13_00835	AG-911-G13	232	OG0000819	K06206	sugar fermentation stimulation protein A	COG1489	SfsA	DNA-binding protein, stimulates sugar fermentation	AG-911-G13_00835	0
CACHFP010000006.1	27906	28661	+	AG-911-G13_00836	AG-911-G13	251	OG0000721	K01265	methionyl aminopeptidase [EC:3.4.11.18]	COG0024	Map	Methionine aminopeptidase	AG-911-G13_00835	1
CACHFP010000006.1	28662	29960	+	AG-911-G13_00837	AG-911-G13	432	OG0000779	K01756	adenylosuccinate lyase [EC:4.3.2.2]	COG0015	PurB	Adenylosuccinate lyase	AG-911-G13_00835	2
CACHFP010000006.1	29965	30756	+	AG-911-G13_00838	AG-911-G13	263	OG0000769	K01923	phosphoribosylaminoimidazole-succinocarboxamide synthase [EC:6.3.2.6]	COG0152	PurC	Phosphoribosylaminoimidazole-succinocarboxamide synthase	AG-911-G13_00835	3
CACHFP010000006.1	30758	30997	+	AG-911-G13_00839	AG-911-G13	79	OG0000770	K23264	phosphoribosylformylglycinamidine synthase subunit PurS [EC:6.3.5.3]	COG1828	PurS	Phosphoribosylformylglycinamidine (FGAM) synthase, PurS subunit	AG-911-G13_00835	4
CACHFP010000006.1	30997	31674	+	AG-911-G13_00840	AG-911-G13	225	OG0000684	K23265	phosphoribosylformylglycinamidine synthase subunit PurQ / glutaminase [EC:6.3.5.3 3.5.1.2]	COG0047	PurL2	Phosphoribosylformylglycinamidine (FGAM) synthase, glutamine amidotransferase domain	AG-911-G13_00835	5
CACHJZ010000002.1	87992	88225	-	AG-911-N14_00326	AG-911-N14	77	OG0000770	K23264	phosphoribosylformylglycinamidine synthase subunit PurS [EC:6.3.5.3]	COG1828	PurS	Phosphoribosylformylglycinamidine (FGAM) synthase, PurS subunit	AG-911-N14_00331	-5
CACHJZ010000002.1	88222	89007	-	AG-911-N14_00327	AG-911-N14	261	OG0000769	K01923	phosphoribosylaminoimidazole-succinocarboxamide synthase [EC:6.3.2.6]	COG0152	PurC	Phosphoribosylaminoimidazole-succinocarboxamide synthase	AG-911-N14_00331	-4
CACHJZ010000002.1	89011	89787	-	AG-911-N14_00328	AG-911-N14	258	OG0001392	NA	NA	COG0463	WcaA	Glycosyltransferase involved in cell wall bisynthesis	AG-911-N14_00331	-3
CACHJZ010000002.1	89787	91079	-	AG-911-N14_00329	AG-911-N14	430	OG0000779	K01756	adenylosuccinate lyase [EC:4.3.2.2]	COG0015	PurB	Adenylosuccinate lyase	AG-911-N14_00331	-2
CACHJZ010000002.1	91079	91846	-	AG-911-N14_00330	AG-911-N14	255	OG0000721	K01265	methionyl aminopeptidase [EC:3.4.11.18]	COG0024	Map	Methionine aminopeptidase	AG-911-N14_00331	-1
CACHJZ010000002.1	91839	92525	-	AG-911-N14_00331	AG-911-N14	228	OG0000819	K06206	sugar fermentation stimulation protein A	COG1489	SfsA	DNA-binding protein, stimulates sugar fermentation	AG-911-N14_00331	0
CACHJZ010000002.1	92548	93294	+	AG-911-N14_00332	AG-911-N14	248	OG0000807	NA	NA	COG1058	CinA	ADP-ribose pyrophosphatase domain of DNA damage- and competence-inducible protein CinA	AG-911-N14_00331	1
CACHJZ010000002.1	93307	95652	+	AG-911-N14_00333	AG-911-N14	781	OG0001664	NA	NA	COG4993	Gcd	Glucose dehydrogenase, PQQ-dependent	AG-911-N14_00331	2
CACHJZ010000002.1	95655	96062	+	AG-911-N14_00334	AG-911-N14	135	OG0001035	K00682	gamma-glutamylcyclotransferase [EC:4.3.2.9]	COG2105	YtfP	Predicted gamma-glutamylamine cyclotransferase YtfP, GGCT/AIG2-like family	AG-911-N14_00331	3
CACHJZ010000002.1	96055	96393	-	AG-911-N14_00335	AG-911-N14	112	OG0001370	NA	NA	NA	NA	NA	AG-911-N14_00331	4
CACHJZ010000002.1	96397	96795	-	AG-911-N14_00336	AG-911-N14	132	OG0000638	K09823	Fur family transcriptional regulator, zinc uptake regulator	COG0735	Fur	Fe2+ or Zn2+ uptake regulation protein Fur/Zur	AG-911-N14_00331	5
CACHLB010000001.1	88646	89938	-	AG-912-A14_00113	AG-912-A14	430	OG0001333	NA	NA	COG4091	NA	Predicted homoserine dehydrogenase, contains C-terminal SAF domain	AG-912-A14_00118	-5
CACHLB010000001.1	89943	90260	-	AG-912-A14_00114	AG-912-A14	105	OG0001043	NA	NA	COG4392	AzlD2	Branched-chain amino acid transport protein	AG-912-A14_00118	-4
CACHLB010000001.1	90257	90943	-	AG-912-A14_00115	AG-912-A14	228	OG0001044	NA	NA	COG1296	AzlC	Predicted branched-chain amino acid permease (azaleucine resistance)	AG-912-A14_00118	-3
CACHLB010000001.1	90947	91351	-	AG-912-A14_00116	AG-912-A14	134	OG0001035	K00682	gamma-glutamylcyclotransferase [EC:4.3.2.9]	COG2105	YtfP	Predicted gamma-glutamylamine cyclotransferase YtfP, GGCT/AIG2-like family	AG-912-A14_00118	-2
CACHLB010000001.1	91354	92103	-	AG-912-A14_00117	AG-912-A14	249	OG0000807	NA	NA	COG1058	CinA	ADP-ribose pyrophosphatase domain of DNA damage- and competence-inducible protein CinA	AG-912-A14_00118	-1
CACHLB010000001.1	92126	92812	+	AG-912-A14_00118	AG-912-A14	228	OG0000819	K06206	sugar fermentation stimulation protein A	COG1489	SfsA	DNA-binding protein, stimulates sugar fermentation	AG-912-A14_00118	0
CACHLB010000001.1	92805	93575	+	AG-912-A14_00119	AG-912-A14	256	OG0000721	K01265	methionyl aminopeptidase [EC:3.4.11.18]	COG0024	Map	Methionine aminopeptidase	AG-912-A14_00118	1
CACHLB010000001.1	93575	94867	+	AG-912-A14_00120	AG-912-A14	430	OG0000779	K01756	adenylosuccinate lyase [EC:4.3.2.2]	COG0015	PurB	Adenylosuccinate lyase	AG-912-A14_00118	2
CACHLB010000001.1	94867	95652	+	AG-912-A14_00121	AG-912-A14	261	OG0000769	K01923	phosphoribosylaminoimidazole-succinocarboxamide synthase [EC:6.3.2.6]	COG0152	PurC	Phosphoribosylaminoimidazole-succinocarboxamide synthase	AG-912-A14_00118	3
CACHLB010000001.1	95652	95885	+	AG-912-A14_00122	AG-912-A14	77	OG0000770	K23264	phosphoribosylformylglycinamidine synthase subunit PurS [EC:6.3.5.3]	COG1828	PurS	Phosphoribosylformylglycinamidine (FGAM) synthase, PurS subunit	AG-912-A14_00118	4
CACHLB010000001.1	95889	96572	+	AG-912-A14_00123	AG-912-A14	227	OG0000684	K23265	phosphoribosylformylglycinamidine synthase subunit PurQ / glutaminase [EC:6.3.5.3 3.5.1.2]	COG0047	PurL2	Phosphoribosylformylglycinamidine (FGAM) synthase, glutamine amidotransferase domain	AG-912-A14_00118	5
CACHSE010000017.1	128	1567	+	AG-912-C08_01147	AG-912-C08	479	OG0001158	NA	NA	COG2308	NA	Circularly permuted ATP-grasp protein	AG-912-C08_01150	-3
CACHSE010000017.1	1575	1976	-	AG-912-C08_01148	AG-912-C08	133	OG0001035	K00682	gamma-glutamylcyclotransferase [EC:4.3.2.9]	COG2105	YtfP	Predicted gamma-glutamylamine cyclotransferase YtfP, GGCT/AIG2-like family	AG-912-C08_01150	-2
CACHSE010000017.1	1977	2726	-	AG-912-C08_01149	AG-912-C08	249	OG0000807	NA	NA	COG1058	CinA	ADP-ribose pyrophosphatase domain of DNA damage- and competence-inducible protein CinA	AG-912-C08_01150	-1
CACHSE010000017.1	2748	3446	+	AG-912-C08_01150	AG-912-C08	232	OG0000819	K06206	sugar fermentation stimulation protein A	COG1489	SfsA	DNA-binding protein, stimulates sugar fermentation	AG-912-C08_01150	0
CACHSE010000017.1	3439	4212	+	AG-912-C08_01151	AG-912-C08	257	OG0000721	K01265	methionyl aminopeptidase [EC:3.4.11.18]	COG0024	Map	Methionine aminopeptidase	AG-912-C08_01150	1
CACHSE010000017.1	4212	5504	+	AG-912-C08_01152	AG-912-C08	430	OG0000779	K01756	adenylosuccinate lyase [EC:4.3.2.2]	COG0015	PurB	Adenylosuccinate lyase	AG-912-C08_01150	2
CACHSE010000017.1	5504	6289	+	AG-912-C08_01153	AG-912-C08	261	OG0000769	K01923	phosphoribosylaminoimidazole-succinocarboxamide synthase [EC:6.3.2.6]	COG0152	PurC	Phosphoribosylaminoimidazole-succinocarboxamide synthase	AG-912-C08_01150	3
CACHRI010000001.1	52666	53343	-	AG-912-D10_00057	AG-912-D10	225	OG0000684	K23265	phosphoribosylformylglycinamidine synthase subunit PurQ / glutaminase [EC:6.3.5.3 3.5.1.2]	COG0047	PurL2	Phosphoribosylformylglycinamidine (FGAM) synthase, glutamine amidotransferase domain	AG-912-D10_00062	-5
CACHRI010000001.1	53344	53583	-	AG-912-D10_00058	AG-912-D10	79	OG0000770	K23264	phosphoribosylformylglycinamidine synthase subunit PurS [EC:6.3.5.3]	COG1828	PurS	Phosphoribosylformylglycinamidine (FGAM) synthase, PurS subunit	AG-912-D10_00062	-4
CACHRI010000001.1	53585	54376	-	AG-912-D10_00059	AG-912-D10	263	OG0000769	K01923	phosphoribosylaminoimidazole-succinocarboxamide synthase [EC:6.3.2.6]	COG0152	PurC	Phosphoribosylaminoimidazole-succinocarboxamide synthase	AG-912-D10_00062	-3
CACHRI010000001.1	54383	55678	-	AG-912-D10_00060	AG-912-D10	431	OG0000779	K01756	adenylosuccinate lyase [EC:4.3.2.2]	COG0015	PurB	Adenylosuccinate lyase	AG-912-D10_00062	-2
CACHRI010000001.1	55678	56439	-	AG-912-D10_00061	AG-912-D10	253	OG0000721	K01265	methionyl aminopeptidase [EC:3.4.11.18]	COG0024	Map	Methionine aminopeptidase	AG-912-D10_00062	-1
CACHRI010000001.1	56439	57134	-	AG-912-D10_00062	AG-912-D10	231	OG0000819	K06206	sugar fermentation stimulation protein A	COG1489	SfsA	DNA-binding protein, stimulates sugar fermentation	AG-912-D10_00062	0
CACHRI010000001.1	57147	57902	+	AG-912-D10_00063	AG-912-D10	251	OG0000807	NA	NA	COG1058	CinA	ADP-ribose pyrophosphatase domain of DNA damage- and competence-inducible protein CinA	AG-912-D10_00062	1
CACHRI010000001.1	57899	58789	+	AG-912-D10_00064	AG-912-D10	296	OG0000113	K00737	beta-1,4-mannosyl-glycoprotein beta-1,4-N-acetylglucosaminyltransferase [EC:2.4.1.144]	NA	NA	NA	AG-912-D10_00062	2
CACHRI010000001.1	58790	59701	+	AG-912-D10_00065	AG-912-D10	303	OG0001031	NA	NA	COG1442	RfaJ	Lipopolysaccharide biosynthesis protein, LPS:glycosyltransferase	AG-912-D10_00062	3
CACHRI010000001.1	59706	60551	+	AG-912-D10_00066	AG-912-D10	281	OG0000365	K18336	2,4-didehydro-3-deoxy-L-rhamnonate hydrolase [EC:3.7.1.26]	COG0179	FAHD1	Oxaloacetate decarboxylase and tautomerase, fumarylacetoacetate (FAA) hydrolase family	AG-912-D10_00062	4
CACHRI010000001.1	60544	61704	+	AG-912-D10_00067	AG-912-D10	386	OG0001484	NA	NA	NA	NA	NA	AG-912-D10_00062	5
CACHUT010000002.1	137173	138393	+	AG-912-F16_00460	AG-912-F16	406	OG0001273	K13693	glucosyl-3-phosphoglycerate synthase [EC:2.4.1.266]	NA	NA	NA	AG-912-F16_00465	-5
CACHUT010000002.1	138393	139655	+	AG-912-F16_00461	AG-912-F16	420	OG0001281	NA	NA	COG3408	GDB1	Glycogen debranching enzyme (alpha-1,6-glucosidase)	AG-912-F16_00465	-4
CACHUT010000002.1	139652	140962	-	AG-912-F16_00462	AG-912-F16	436	OG0001333	NA	NA	COG4091	NA	Predicted homoserine dehydrogenase, contains C-terminal SAF domain	AG-912-F16_00465	-3
CACHUT010000002.1	140971	141372	-	AG-912-F16_00463	AG-912-F16	133	OG0001035	K00682	gamma-glutamylcyclotransferase [EC:4.3.2.9]	COG2105	YtfP	Predicted gamma-glutamylamine cyclotransferase YtfP, GGCT/AIG2-like family	AG-912-F16_00465	-2
CACHUT010000002.1	141372	142121	-	AG-912-F16_00464	AG-912-F16	249	OG0000807	NA	NA	COG1058	CinA	ADP-ribose pyrophosphatase domain of DNA damage- and competence-inducible protein CinA	AG-912-F16_00465	-1
CACHUT010000002.1	142142	142840	+	AG-912-F16_00465	AG-912-F16	232	OG0000819	K06206	sugar fermentation stimulation protein A	COG1489	SfsA	DNA-binding protein, stimulates sugar fermentation	AG-912-F16_00465	0
CACHUT010000002.1	142833	143603	+	AG-912-F16_00466	AG-912-F16	256	OG0000721	K01265	methionyl aminopeptidase [EC:3.4.11.18]	COG0024	Map	Methionine aminopeptidase	AG-912-F16_00465	1
CACHUT010000002.1	143607	144899	+	AG-912-F16_00467	AG-912-F16	430	OG0000779	K01756	adenylosuccinate lyase [EC:4.3.2.2]	COG0015	PurB	Adenylosuccinate lyase	AG-912-F16_00465	2
CACHUT010000002.1	144899	145684	+	AG-912-F16_00468	AG-912-F16	261	OG0000769	K01923	phosphoribosylaminoimidazole-succinocarboxamide synthase [EC:6.3.2.6]	COG0152	PurC	Phosphoribosylaminoimidazole-succinocarboxamide synthase	AG-912-F16_00465	3
CACHUT010000002.1	145681	145923	+	AG-912-F16_00469	AG-912-F16	80	OG0000770	K23264	phosphoribosylformylglycinamidine synthase subunit PurS [EC:6.3.5.3]	COG1828	PurS	Phosphoribosylformylglycinamidine (FGAM) synthase, PurS subunit	AG-912-F16_00465	4
CACHUT010000002.1	145927	146610	+	AG-912-F16_00470	AG-912-F16	227	OG0000684	K23265	phosphoribosylformylglycinamidine synthase subunit PurQ / glutaminase [EC:6.3.5.3 3.5.1.2]	COG0047	PurL2	Phosphoribosylformylglycinamidine (FGAM) synthase, glutamine amidotransferase domain	AG-912-F16_00465	5
CACPIG010000002.1	14435	15727	-	AG-912-I02_00591	AG-912-I02	430	OG0001333	NA	NA	COG4091	NA	Predicted homoserine dehydrogenase, contains C-terminal SAF domain	AG-912-I02_00596	-5
CACPIG010000002.1	15732	16049	-	AG-912-I02_00592	AG-912-I02	105	OG0001043	NA	NA	COG4392	AzlD2	Branched-chain amino acid transport protein	AG-912-I02_00596	-4
CACPIG010000002.1	16046	16732	-	AG-912-I02_00593	AG-912-I02	228	OG0001044	NA	NA	COG1296	AzlC	Predicted branched-chain amino acid permease (azaleucine resistance)	AG-912-I02_00596	-3
CACPIG010000002.1	16736	17140	-	AG-912-I02_00594	AG-912-I02	134	OG0001035	K00682	gamma-glutamylcyclotransferase [EC:4.3.2.9]	COG2105	YtfP	Predicted gamma-glutamylamine cyclotransferase YtfP, GGCT/AIG2-like family	AG-912-I02_00596	-2
CACPIG010000002.1	17143	17892	-	AG-912-I02_00595	AG-912-I02	249	OG0000807	NA	NA	COG1058	CinA	ADP-ribose pyrophosphatase domain of DNA damage- and competence-inducible protein CinA	AG-912-I02_00596	-1
CACPIG010000002.1	17915	18601	+	AG-912-I02_00596	AG-912-I02	228	OG0000819	K06206	sugar fermentation stimulation protein A	COG1489	SfsA	DNA-binding protein, stimulates sugar fermentation	AG-912-I02_00596	0
CACPIG010000002.1	18594	19364	+	AG-912-I02_00597	AG-912-I02	256	OG0000721	K01265	methionyl aminopeptidase [EC:3.4.11.18]	COG0024	Map	Methionine aminopeptidase	AG-912-I02_00596	1
CACPIG010000002.1	19364	20656	+	AG-912-I02_00598	AG-912-I02	430	OG0000779	K01756	adenylosuccinate lyase [EC:4.3.2.2]	COG0015	PurB	Adenylosuccinate lyase	AG-912-I02_00596	2
CACPIG010000002.1	20656	21444	+	AG-912-I02_00599	AG-912-I02	262	OG0000769	K01923	phosphoribosylaminoimidazole-succinocarboxamide synthase [EC:6.3.2.6]	COG0152	PurC	Phosphoribosylaminoimidazole-succinocarboxamide synthase	AG-912-I02_00596	3
CACPIG010000002.1	21441	21674	+	AG-912-I02_00600	AG-912-I02	77	OG0000770	K23264	phosphoribosylformylglycinamidine synthase subunit PurS [EC:6.3.5.3]	COG1828	PurS	Phosphoribosylformylglycinamidine (FGAM) synthase, PurS subunit	AG-912-I02_00596	4
CACPIG010000002.1	21678	22361	+	AG-912-I02_00601	AG-912-I02	227	OG0000684	K23265	phosphoribosylformylglycinamidine synthase subunit PurQ / glutaminase [EC:6.3.5.3 3.5.1.2]	COG0047	PurL2	Phosphoribosylformylglycinamidine (FGAM) synthase, glutamine amidotransferase domain	AG-912-I02_00596	5
CACPIF010000008.1	20682	21620	-	AG-912-L11_01086	AG-912-L11	312	OG0002486	NA	NA	COG0451	WcaG	Nucleoside-diphosphate-sugar epimerase	AG-912-L11_01091	-5
CACPIF010000008.1	21633	22523	-	AG-912-L11_01087	AG-912-L11	296	OG0000008	NA	NA	COG2227	UbiG	2-polyprenyl-3-methyl-5-hydroxy-6-metoxy-1,4-benzoquinol methylase	AG-912-L11_01091	-4
CACPIF010000008.1	22612	24096	+	AG-912-L11_01088	AG-912-L11	494	OG0004163	NA	NA	NA	NA	NA	AG-912-L11_01091	-3
CACPIF010000008.1	24110	24514	-	AG-912-L11_01089	AG-912-L11	134	OG0001035	K00682	gamma-glutamylcyclotransferase [EC:4.3.2.9]	COG2105	YtfP	Predicted gamma-glutamylamine cyclotransferase YtfP, GGCT/AIG2-like family	AG-912-L11_01091	-2
CACPIF010000008.1	24514	25263	-	AG-912-L11_01090	AG-912-L11	249	OG0000807	NA	NA	COG1058	CinA	ADP-ribose pyrophosphatase domain of DNA damage- and competence-inducible protein CinA	AG-912-L11_01091	-1
CACPIF010000008.1	25284	25982	+	AG-912-L11_01091	AG-912-L11	232	OG0000819	K06206	sugar fermentation stimulation protein A	COG1489	SfsA	DNA-binding protein, stimulates sugar fermentation	AG-912-L11_01091	0
CACPIF010000008.1	25975	26745	+	AG-912-L11_01092	AG-912-L11	256	OG0000721	K01265	methionyl aminopeptidase [EC:3.4.11.18]	COG0024	Map	Methionine aminopeptidase	AG-912-L11_01091	1
CACPIF010000008.1	26749	28041	+	AG-912-L11_01093	AG-912-L11	430	OG0000779	K01756	adenylosuccinate lyase [EC:4.3.2.2]	COG0015	PurB	Adenylosuccinate lyase	AG-912-L11_01091	2
CACPIF010000008.1	28041	28826	+	AG-912-L11_01094	AG-912-L11	261	OG0000769	K01923	phosphoribosylaminoimidazole-succinocarboxamide synthase [EC:6.3.2.6]	COG0152	PurC	Phosphoribosylaminoimidazole-succinocarboxamide synthase	AG-912-L11_01091	3
CACPIF010000008.1	28823	29065	+	AG-912-L11_01095	AG-912-L11	80	OG0000770	K23264	phosphoribosylformylglycinamidine synthase subunit PurS [EC:6.3.5.3]	COG1828	PurS	Phosphoribosylformylglycinamidine (FGAM) synthase, PurS subunit	AG-912-L11_01091	4
CACPIF010000008.1	29069	29752	+	AG-912-L11_01096	AG-912-L11	227	OG0000684	K23265	phosphoribosylformylglycinamidine synthase subunit PurQ / glutaminase [EC:6.3.5.3 3.5.1.2]	COG0047	PurL2	Phosphoribosylformylglycinamidine (FGAM) synthase, glutamine amidotransferase domain	AG-912-L11_01091	5
CACICB010000002.1	93190	94779	-	AG-912-P19_00338	AG-912-P19	529	OG0001404	NA	NA	NA	NA	NA	AG-912-P19_00344	-5
CACICB010000002.1	94763	95062	-	AG-912-P19_00339	AG-912-P19	99	OG0001471	NA	NA	NA	NA	NA	AG-912-P19_00344	-4
CACICB010000002.1	95118	95885	-	AG-912-P19_00340	AG-912-P19	255	OG0000972	K00858	NAD+ kinase [EC:2.7.1.23]	COG0061	NadK	NAD kinase	AG-912-P19_00344	-3
CACICB010000002.1	96046	96999	+	AG-912-P19_00342	AG-912-P19	317	OG0001428	NA	NA	COG0859	RfaF	ADP-heptose:LPS heptosyltransferase	AG-912-P19_00344	-2
CACICB010000002.1	96996	97751	-	AG-912-P19_00343	AG-912-P19	251	OG0000807	NA	NA	COG1058	CinA	ADP-ribose pyrophosphatase domain of DNA damage- and competence-inducible protein CinA	AG-912-P19_00344	-1
CACICB010000002.1	97768	98463	+	AG-912-P19_00344	AG-912-P19	231	OG0000819	K06206	sugar fermentation stimulation protein A	COG1489	SfsA	DNA-binding protein, stimulates sugar fermentation	AG-912-P19_00344	0
CACICB010000002.1	98463	99212	+	AG-912-P19_00345	AG-912-P19	249	OG0000721	K01265	methionyl aminopeptidase [EC:3.4.11.18]	COG0024	Map	Methionine aminopeptidase	AG-912-P19_00344	1
CACICB010000002.1	99212	100510	+	AG-912-P19_00346	AG-912-P19	432	OG0000779	K01756	adenylosuccinate lyase [EC:4.3.2.2]	COG0015	PurB	Adenylosuccinate lyase	AG-912-P19_00344	2
CACICB010000002.1	100515	101306	+	AG-912-P19_00347	AG-912-P19	263	OG0000769	K01923	phosphoribosylaminoimidazole-succinocarboxamide synthase [EC:6.3.2.6]	COG0152	PurC	Phosphoribosylaminoimidazole-succinocarboxamide synthase	AG-912-P19_00344	3
CACICB010000002.1	101308	101547	+	AG-912-P19_00348	AG-912-P19	79	OG0000770	K23264	phosphoribosylformylglycinamidine synthase subunit PurS [EC:6.3.5.3]	COG1828	PurS	Phosphoribosylformylglycinamidine (FGAM) synthase, PurS subunit	AG-912-P19_00344	4
CACICB010000002.1	101547	102227	+	AG-912-P19_00349	AG-912-P19	226	OG0000684	K23265	phosphoribosylformylglycinamidine synthase subunit PurQ / glutaminase [EC:6.3.5.3 3.5.1.2]	COG0047	PurL2	Phosphoribosylformylglycinamidine (FGAM) synthase, glutamine amidotransferase domain	AG-912-P19_00344	5
CACIEE010000007.1	38436	39656	+	AG-913-A04_00959	AG-913-A04	406	OG0001273	K13693	glucosyl-3-phosphoglycerate synthase [EC:2.4.1.266]	NA	NA	NA	AG-913-A04_00964	-5
CACIEE010000007.1	39656	40918	+	AG-913-A04_00960	AG-913-A04	420	OG0001281	NA	NA	COG3408	GDB1	Glycogen debranching enzyme (alpha-1,6-glucosidase)	AG-913-A04_00964	-4
CACIEE010000007.1	40915	42225	-	AG-913-A04_00961	AG-913-A04	436	OG0001333	NA	NA	COG4091	NA	Predicted homoserine dehydrogenase, contains C-terminal SAF domain	AG-913-A04_00964	-3
CACIEE010000007.1	42234	42635	-	AG-913-A04_00962	AG-913-A04	133	OG0001035	K00682	gamma-glutamylcyclotransferase [EC:4.3.2.9]	COG2105	YtfP	Predicted gamma-glutamylamine cyclotransferase YtfP, GGCT/AIG2-like family	AG-913-A04_00964	-2
CACIEE010000007.1	42635	43384	-	AG-913-A04_00963	AG-913-A04	249	OG0000807	NA	NA	COG1058	CinA	ADP-ribose pyrophosphatase domain of DNA damage- and competence-inducible protein CinA	AG-913-A04_00964	-1
CACIEE010000007.1	43405	44103	+	AG-913-A04_00964	AG-913-A04	232	OG0000819	K06206	sugar fermentation stimulation protein A	COG1489	SfsA	DNA-binding protein, stimulates sugar fermentation	AG-913-A04_00964	0
CACIEE010000007.1	44096	44866	+	AG-913-A04_00965	AG-913-A04	256	OG0000721	K01265	methionyl aminopeptidase [EC:3.4.11.18]	COG0024	Map	Methionine aminopeptidase	AG-913-A04_00964	1
CACIEE010000007.1	44870	46162	+	AG-913-A04_00966	AG-913-A04	430	OG0000779	K01756	adenylosuccinate lyase [EC:4.3.2.2]	COG0015	PurB	Adenylosuccinate lyase	AG-913-A04_00964	2
CACIEE010000007.1	46162	46947	+	AG-913-A04_00967	AG-913-A04	261	OG0000769	K01923	phosphoribosylaminoimidazole-succinocarboxamide synthase [EC:6.3.2.6]	COG0152	PurC	Phosphoribosylaminoimidazole-succinocarboxamide synthase	AG-913-A04_00964	3
CACIEE010000007.1	46944	47186	+	AG-913-A04_00968	AG-913-A04	80	OG0000770	K23264	phosphoribosylformylglycinamidine synthase subunit PurS [EC:6.3.5.3]	COG1828	PurS	Phosphoribosylformylglycinamidine (FGAM) synthase, PurS subunit	AG-913-A04_00964	4
CACIEE010000007.1	47190	47873	+	AG-913-A04_00969	AG-913-A04	227	OG0000684	K23265	phosphoribosylformylglycinamidine synthase subunit PurQ / glutaminase [EC:6.3.5.3 3.5.1.2]	COG0047	PurL2	Phosphoribosylformylglycinamidine (FGAM) synthase, glutamine amidotransferase domain	AG-913-A04_00964	5
CACIEO010000002.1	263947	264630	-	AG-913-C02_00592	AG-913-C02	227	OG0000684	K23265	phosphoribosylformylglycinamidine synthase subunit PurQ / glutaminase [EC:6.3.5.3 3.5.1.2]	COG0047	PurL2	Phosphoribosylformylglycinamidine (FGAM) synthase, glutamine amidotransferase domain	AG-913-C02_00597	-5
CACIEO010000002.1	264637	264870	-	AG-913-C02_00593	AG-913-C02	77	OG0000770	K23264	phosphoribosylformylglycinamidine synthase subunit PurS [EC:6.3.5.3]	COG1828	PurS	Phosphoribosylformylglycinamidine (FGAM) synthase, PurS subunit	AG-913-C02_00597	-4
CACIEO010000002.1	264871	265656	-	AG-913-C02_00594	AG-913-C02	261	OG0000769	K01923	phosphoribosylaminoimidazole-succinocarboxamide synthase [EC:6.3.2.6]	COG0152	PurC	Phosphoribosylaminoimidazole-succinocarboxamide synthase	AG-913-C02_00597	-3
CACIEO010000002.1	265656	266948	-	AG-913-C02_00595	AG-913-C02	430	OG0000779	K01756	adenylosuccinate lyase [EC:4.3.2.2]	COG0015	PurB	Adenylosuccinate lyase	AG-913-C02_00597	-2
CACIEO010000002.1	266949	267716	-	AG-913-C02_00596	AG-913-C02	255	OG0000721	K01265	methionyl aminopeptidase [EC:3.4.11.18]	COG0024	Map	Methionine aminopeptidase	AG-913-C02_00597	-1
CACIEO010000002.1	267709	268395	-	AG-913-C02_00597	AG-913-C02	228	OG0000819	K06206	sugar fermentation stimulation protein A	COG1489	SfsA	DNA-binding protein, stimulates sugar fermentation	AG-913-C02_00597	0
CACIEO010000002.1	268418	269170	+	AG-913-C02_00598	AG-913-C02	250	OG0000807	NA	NA	COG1058	CinA	ADP-ribose pyrophosphatase domain of DNA damage- and competence-inducible protein CinA	AG-913-C02_00597	1
CACIEO010000002.1	269170	269577	+	AG-913-C02_00599	AG-913-C02	135	OG0001035	K00682	gamma-glutamylcyclotransferase [EC:4.3.2.9]	COG2105	YtfP	Predicted gamma-glutamylamine cyclotransferase YtfP, GGCT/AIG2-like family	AG-913-C02_00597	2
CACIEO010000002.1	269570	269908	-	AG-913-C02_00600	AG-913-C02	112	OG0001370	NA	NA	NA	NA	NA	AG-913-C02_00597	3
CACIEO010000002.1	269912	270310	-	AG-913-C02_00601	AG-913-C02	132	OG0000638	K09823	Fur family transcriptional regulator, zinc uptake regulator	COG0735	Fur	Fe2+ or Zn2+ uptake regulation protein Fur/Zur	AG-913-C02_00597	4
CACIEO010000002.1	270333	271136	-	AG-913-C02_00602	AG-913-C02	267	OG0000964	K09816	zinc transport system permease protein	COG1108	ZnuB	ABC-type Mn2+/Zn2+ transport system, permease component	AG-913-C02_00597	5
CACIEM010000013.1	5191	5874	-	AG-913-C03_01290	AG-913-C03	227	OG0000684	K23265	phosphoribosylformylglycinamidine synthase subunit PurQ / glutaminase [EC:6.3.5.3 3.5.1.2]	COG0047	PurL2	Phosphoribosylformylglycinamidine (FGAM) synthase, glutamine amidotransferase domain	AG-913-C03_01295	-5
CACIEM010000013.1	5878	6120	-	AG-913-C03_01291	AG-913-C03	80	OG0000770	K23264	phosphoribosylformylglycinamidine synthase subunit PurS [EC:6.3.5.3]	COG1828	PurS	Phosphoribosylformylglycinamidine (FGAM) synthase, PurS subunit	AG-913-C03_01295	-4
CACIEM010000013.1	6117	6902	-	AG-913-C03_01292	AG-913-C03	261	OG0000769	K01923	phosphoribosylaminoimidazole-succinocarboxamide synthase [EC:6.3.2.6]	COG0152	PurC	Phosphoribosylaminoimidazole-succinocarboxamide synthase	AG-913-C03_01295	-3
CACIEM010000013.1	6902	8194	-	AG-913-C03_01293	AG-913-C03	430	OG0000779	K01756	adenylosuccinate lyase [EC:4.3.2.2]	COG0015	PurB	Adenylosuccinate lyase	AG-913-C03_01295	-2
CACIEM010000013.1	8198	8938	-	AG-913-C03_01294	AG-913-C03	246	OG0000721	K01265	methionyl aminopeptidase [EC:3.4.11.18]	COG0024	Map	Methionine aminopeptidase	AG-913-C03_01295	-1
CACIEM010000013.1	8960	9115	-	AG-913-C03_01295	AG-913-C03	51	OG0000819	NA	NA	COG1489	SfsA	DNA-binding protein, stimulates sugar fermentation	AG-913-C03_01295	0
CACIKZ010000001.1	89490	90173	-	AG-913-F03_00091	AG-913-F03	227	OG0000684	K23265	phosphoribosylformylglycinamidine synthase subunit PurQ / glutaminase [EC:6.3.5.3 3.5.1.2]	COG0047	PurL2	Phosphoribosylformylglycinamidine (FGAM) synthase, glutamine amidotransferase domain	AG-913-F03_00096	-5
CACIKZ010000001.1	90177	90419	-	AG-913-F03_00092	AG-913-F03	80	OG0000770	K23264	phosphoribosylformylglycinamidine synthase subunit PurS [EC:6.3.5.3]	COG1828	PurS	Phosphoribosylformylglycinamidine (FGAM) synthase, PurS subunit	AG-913-F03_00096	-4
CACIKZ010000001.1	90416	91201	-	AG-913-F03_00093	AG-913-F03	261	OG0000769	K01923	phosphoribosylaminoimidazole-succinocarboxamide synthase [EC:6.3.2.6]	COG0152	PurC	Phosphoribosylaminoimidazole-succinocarboxamide synthase	AG-913-F03_00096	-3
CACIKZ010000001.1	91201	92493	-	AG-913-F03_00094	AG-913-F03	430	OG0000779	K01756	adenylosuccinate lyase [EC:4.3.2.2]	COG0015	PurB	Adenylosuccinate lyase	AG-913-F03_00096	-2
CACIKZ010000001.1	92497	93267	-	AG-913-F03_00095	AG-913-F03	256	OG0000721	K01265	methionyl aminopeptidase [EC:3.4.11.18]	COG0024	Map	Methionine aminopeptidase	AG-913-F03_00096	-1
CACIKZ010000001.1	93260	93958	-	AG-913-F03_00096	AG-913-F03	232	OG0000819	K06206	sugar fermentation stimulation protein A	COG1489	SfsA	DNA-binding protein, stimulates sugar fermentation	AG-913-F03_00096	0
CACIKZ010000001.1	93979	94728	+	AG-913-F03_00097	AG-913-F03	249	OG0000807	NA	NA	COG1058	CinA	ADP-ribose pyrophosphatase domain of DNA damage- and competence-inducible protein CinA	AG-913-F03_00096	1
CACIKZ010000001.1	94728	95129	+	AG-913-F03_00098	AG-913-F03	133	OG0001035	K00682	gamma-glutamylcyclotransferase [EC:4.3.2.9]	COG2105	YtfP	Predicted gamma-glutamylamine cyclotransferase YtfP, GGCT/AIG2-like family	AG-913-F03_00096	2
CACIKZ010000001.1	95136	96428	+	AG-913-F03_00099	AG-913-F03	430	OG0001333	NA	NA	COG4091	NA	Predicted homoserine dehydrogenase, contains C-terminal SAF domain	AG-913-F03_00096	3
CACIKZ010000001.1	96513	97265	-	AG-913-F03_00100	AG-913-F03	250	OG0000028	NA	NA	COG4122	TrmR	tRNA 5-hydroxyU34 O-methylase TrmR/YrrM	AG-913-F03_00096	4
CACIKZ010000001.1	97482	98702	-	AG-913-F03_00101	AG-913-F03	406	OG0001273	K13693	glucosyl-3-phosphoglycerate synthase [EC:2.4.1.266]	NA	NA	NA	AG-913-F03_00096	5
CACIIW010000004.1	13424	14716	-	AG-913-G10_00493	AG-913-G10	430	OG0001333	NA	NA	COG4091	NA	Predicted homoserine dehydrogenase, contains C-terminal SAF domain	AG-913-G10_00498	-5
CACIIW010000004.1	14721	15038	-	AG-913-G10_00494	AG-913-G10	105	OG0001043	NA	NA	COG4392	AzlD2	Branched-chain amino acid transport protein	AG-913-G10_00498	-4
CACIIW010000004.1	15035	15721	-	AG-913-G10_00495	AG-913-G10	228	OG0001044	NA	NA	COG1296	AzlC	Predicted branched-chain amino acid permease (azaleucine resistance)	AG-913-G10_00498	-3
CACIIW010000004.1	15725	16129	-	AG-913-G10_00496	AG-913-G10	134	OG0001035	K00682	gamma-glutamylcyclotransferase [EC:4.3.2.9]	COG2105	YtfP	Predicted gamma-glutamylamine cyclotransferase YtfP, GGCT/AIG2-like family	AG-913-G10_00498	-2
CACIIW010000004.1	16132	16881	-	AG-913-G10_00497	AG-913-G10	249	OG0000807	NA	NA	COG1058	CinA	ADP-ribose pyrophosphatase domain of DNA damage- and competence-inducible protein CinA	AG-913-G10_00498	-1
CACIIW010000004.1	16904	17590	+	AG-913-G10_00498	AG-913-G10	228	OG0000819	K06206	sugar fermentation stimulation protein A	COG1489	SfsA	DNA-binding protein, stimulates sugar fermentation	AG-913-G10_00498	0
CACIIW010000004.1	17583	18353	+	AG-913-G10_00499	AG-913-G10	256	OG0000721	K01265	methionyl aminopeptidase [EC:3.4.11.18]	COG0024	Map	Methionine aminopeptidase	AG-913-G10_00498	1
CACIIW010000004.1	18353	19645	+	AG-913-G10_00500	AG-913-G10	430	OG0000779	K01756	adenylosuccinate lyase [EC:4.3.2.2]	COG0015	PurB	Adenylosuccinate lyase	AG-913-G10_00498	2
CACIIW010000004.1	19645	20430	+	AG-913-G10_00501	AG-913-G10	261	OG0000769	K01923	phosphoribosylaminoimidazole-succinocarboxamide synthase [EC:6.3.2.6]	COG0152	PurC	Phosphoribosylaminoimidazole-succinocarboxamide synthase	AG-913-G10_00498	3
CACIIW010000004.1	20430	20663	+	AG-913-G10_00502	AG-913-G10	77	OG0000770	K23264	phosphoribosylformylglycinamidine synthase subunit PurS [EC:6.3.5.3]	COG1828	PurS	Phosphoribosylformylglycinamidine (FGAM) synthase, PurS subunit	AG-913-G10_00498	4
CACIIW010000004.1	20667	21350	+	AG-913-G10_00503	AG-913-G10	227	OG0000684	K23265	phosphoribosylformylglycinamidine synthase subunit PurQ / glutaminase [EC:6.3.5.3 3.5.1.2]	COG0047	PurL2	Phosphoribosylformylglycinamidine (FGAM) synthase, glutamine amidotransferase domain	AG-913-G10_00498	5
CACILH010000008.1	130	1848	+	AG-913-I06_01107	AG-913-I06	572	OG0001664	NA	NA	COG4993	Gcd	Glucose dehydrogenase, PQQ-dependent	AG-913-I06_01110	-3
CACILH010000008.1	1845	2804	+	AG-913-I06_01108	AG-913-I06	319	OG0001428	NA	NA	COG0859	RfaF	ADP-heptose:LPS heptosyltransferase	AG-913-I06_01110	-2
CACILH010000008.1	2801	3559	-	AG-913-I06_01109	AG-913-I06	252	OG0000807	NA	NA	COG1058	CinA	ADP-ribose pyrophosphatase domain of DNA damage- and competence-inducible protein CinA	AG-913-I06_01110	-1
CACILH010000008.1	3576	4274	+	AG-913-I06_01110	AG-913-I06	232	OG0000819	K06206	sugar fermentation stimulation protein A	COG1489	SfsA	DNA-binding protein, stimulates sugar fermentation	AG-913-I06_01110	0
CACILH010000008.1	4271	5035	+	AG-913-I06_01111	AG-913-I06	254	OG0000721	K01265	methionyl aminopeptidase [EC:3.4.11.18]	COG0024	Map	Methionine aminopeptidase	AG-913-I06_01110	1
CACILH010000008.1	5547	5825	-	AG-913-I06_01112	AG-913-I06	92	OG0003851	NA	NA	NA	NA	NA	AG-913-I06_01110	2
CACILR010000003.1	767	1117	+	AG-913-I09_00533	AG-913-I09	116	OG0001378	NA	NA	NA	NA	NA	AG-913-I09_00538	-5
CACILR010000003.1	1119	1430	-	AG-913-I09_00534	AG-913-I09	103	OG0001043	NA	NA	COG4392	AzlD2	Branched-chain amino acid transport protein	AG-913-I09_00538	-4
CACILR010000003.1	1427	2113	-	AG-913-I09_00535	AG-913-I09	228	OG0001044	NA	NA	COG1296	AzlC	Predicted branched-chain amino acid permease (azaleucine resistance)	AG-913-I09_00538	-3
CACILR010000003.1	2117	2521	-	AG-913-I09_00536	AG-913-I09	134	OG0001035	K00682	gamma-glutamylcyclotransferase [EC:4.3.2.9]	COG2105	YtfP	Predicted gamma-glutamylamine cyclotransferase YtfP, GGCT/AIG2-like family	AG-913-I09_00538	-2
CACILR010000003.1	2524	3273	-	AG-913-I09_00537	AG-913-I09	249	OG0000807	NA	NA	COG1058	CinA	ADP-ribose pyrophosphatase domain of DNA damage- and competence-inducible protein CinA	AG-913-I09_00538	-1
CACILR010000003.1	3296	3982	+	AG-913-I09_00538	AG-913-I09	228	OG0000819	K06206	sugar fermentation stimulation protein A	COG1489	SfsA	DNA-binding protein, stimulates sugar fermentation	AG-913-I09_00538	0
CACILR010000003.1	3975	4745	+	AG-913-I09_00539	AG-913-I09	256	OG0000721	K01265	methionyl aminopeptidase [EC:3.4.11.18]	COG0024	Map	Methionine aminopeptidase	AG-913-I09_00538	1
CACILR010000003.1	4745	6040	+	AG-913-I09_00540	AG-913-I09	431	OG0000779	K01756	adenylosuccinate lyase [EC:4.3.2.2]	COG0015	PurB	Adenylosuccinate lyase	AG-913-I09_00538	2
CACILR010000003.1	6037	6822	+	AG-913-I09_00541	AG-913-I09	261	OG0000769	K01923	phosphoribosylaminoimidazole-succinocarboxamide synthase [EC:6.3.2.6]	COG0152	PurC	Phosphoribosylaminoimidazole-succinocarboxamide synthase	AG-913-I09_00538	3
CACILR010000003.1	6822	7055	+	AG-913-I09_00542	AG-913-I09	77	OG0000770	K23264	phosphoribosylformylglycinamidine synthase subunit PurS [EC:6.3.5.3]	COG1828	PurS	Phosphoribosylformylglycinamidine (FGAM) synthase, PurS subunit	AG-913-I09_00538	4
CACILR010000003.1	7059	7742	+	AG-913-I09_00543	AG-913-I09	227	OG0000684	K23265	phosphoribosylformylglycinamidine synthase subunit PurQ / glutaminase [EC:6.3.5.3 3.5.1.2]	COG0047	PurL2	Phosphoribosylformylglycinamidine (FGAM) synthase, glutamine amidotransferase domain	AG-913-I09_00538	5
CACILM010000002.1	134224	135060	+	AG-913-I14_00409	AG-913-I14	278	NA	NA	NA	COG0647	NagD	Ribonucleotide monophosphatase NagD, HAD superfamily	AG-913-I14_00414	-5
CACILM010000002.1	135050	135967	-	AG-913-I14_00410	AG-913-I14	305	OG0000041	NA	NA	COG3958	TktA2	Transketolase, C-terminal subunit	AG-913-I14_00414	-4
CACILM010000002.1	135969	136769	-	AG-913-I14_00411	AG-913-I14	266	NA	NA	NA	COG3959	TktA1	Transketolase, N-terminal subunit	AG-913-I14_00414	-3
CACILM010000002.1	136870	137823	+	AG-913-I14_00412	AG-913-I14	317	OG0001428	NA	NA	COG0859	RfaF	ADP-heptose:LPS heptosyltransferase	AG-913-I14_00414	-2
CACILM010000002.1	137820	138575	-	AG-913-I14_00413	AG-913-I14	251	OG0000807	NA	NA	COG1058	CinA	ADP-ribose pyrophosphatase domain of DNA damage- and competence-inducible protein CinA	AG-913-I14_00414	-1
CACILM010000002.1	138592	139293	+	AG-913-I14_00414	AG-913-I14	233	OG0000819	K06206	sugar fermentation stimulation protein A	COG1489	SfsA	DNA-binding protein, stimulates sugar fermentation	AG-913-I14_00414	0
CACILM010000002.1	139286	140035	+	AG-913-I14_00415	AG-913-I14	249	OG0000721	K01265	methionyl aminopeptidase [EC:3.4.11.18]	COG0024	Map	Methionine aminopeptidase	AG-913-I14_00414	1
CACILM010000002.1	140045	141343	+	AG-913-I14_00416	AG-913-I14	432	OG0000779	K01756	adenylosuccinate lyase [EC:4.3.2.2]	COG0015	PurB	Adenylosuccinate lyase	AG-913-I14_00414	2
CACILM010000002.1	141348	142139	+	AG-913-I14_00417	AG-913-I14	263	OG0000769	K01923	phosphoribosylaminoimidazole-succinocarboxamide synthase [EC:6.3.2.6]	COG0152	PurC	Phosphoribosylaminoimidazole-succinocarboxamide synthase	AG-913-I14_00414	3
CACILM010000002.1	142102	142383	+	AG-913-I14_00418	AG-913-I14	93	OG0000770	K23264	phosphoribosylformylglycinamidine synthase subunit PurS [EC:6.3.5.3]	COG1828	PurS	Phosphoribosylformylglycinamidine (FGAM) synthase, PurS subunit	AG-913-I14_00414	4
CACILM010000002.1	142380	143057	+	AG-913-I14_00419	AG-913-I14	225	OG0000684	K23265	phosphoribosylformylglycinamidine synthase subunit PurQ / glutaminase [EC:6.3.5.3 3.5.1.2]	COG0047	PurL2	Phosphoribosylformylglycinamidine (FGAM) synthase, glutamine amidotransferase domain	AG-913-I14_00414	5
CACIMN010000002.1	249478	250281	+	AG-913-L03_00696	AG-913-L03	267	OG0001276	K07026	mannosyl-3-phosphoglycerate phosphatase [EC:3.1.3.70]	COG3769	YedP	Mannosyl-3-phosphoglycerate phosphatase YedP/MpgP, HAD superfamily	AG-913-L03_00701	-5
CACIMN010000002.1	250293	251513	+	AG-913-L03_00697	AG-913-L03	406	OG0001273	K13693	glucosyl-3-phosphoglycerate synthase [EC:2.4.1.266]	NA	NA	NA	AG-913-L03_00701	-4
CACIMN010000002.1	251518	252813	-	AG-913-L03_00698	AG-913-L03	431	OG0001333	NA	NA	COG4091	NA	Predicted homoserine dehydrogenase, contains C-terminal SAF domain	AG-913-L03_00701	-3
CACIMN010000002.1	252820	253221	-	AG-913-L03_00699	AG-913-L03	133	OG0001035	K00682	gamma-glutamylcyclotransferase [EC:4.3.2.9]	COG2105	YtfP	Predicted gamma-glutamylamine cyclotransferase YtfP, GGCT/AIG2-like family	AG-913-L03_00701	-2
CACIMN010000002.1	253221	253970	-	AG-913-L03_00700	AG-913-L03	249	OG0000807	NA	NA	COG1058	CinA	ADP-ribose pyrophosphatase domain of DNA damage- and competence-inducible protein CinA	AG-913-L03_00701	-1
CACIMN010000002.1	253991	254689	+	AG-913-L03_00701	AG-913-L03	232	OG0000819	K06206	sugar fermentation stimulation protein A	COG1489	SfsA	DNA-binding protein, stimulates sugar fermentation	AG-913-L03_00701	0
CACIMN010000002.1	254682	255452	+	AG-913-L03_00702	AG-913-L03	256	OG0000721	K01265	methionyl aminopeptidase [EC:3.4.11.18]	COG0024	Map	Methionine aminopeptidase	AG-913-L03_00701	1
CACIMN010000002.1	255456	256748	+	AG-913-L03_00703	AG-913-L03	430	OG0000779	K01756	adenylosuccinate lyase [EC:4.3.2.2]	COG0015	PurB	Adenylosuccinate lyase	AG-913-L03_00701	2
CACIMN010000002.1	256748	257533	+	AG-913-L03_00704	AG-913-L03	261	OG0000769	K01923	phosphoribosylaminoimidazole-succinocarboxamide synthase [EC:6.3.2.6]	COG0152	PurC	Phosphoribosylaminoimidazole-succinocarboxamide synthase	AG-913-L03_00701	3
CACIMN010000002.1	257530	257772	+	AG-913-L03_00705	AG-913-L03	80	OG0000770	K23264	phosphoribosylformylglycinamidine synthase subunit PurS [EC:6.3.5.3]	COG1828	PurS	Phosphoribosylformylglycinamidine (FGAM) synthase, PurS subunit	AG-913-L03_00701	4
CACIMN010000002.1	257776	258459	+	AG-913-L03_00706	AG-913-L03	227	OG0000684	K23265	phosphoribosylformylglycinamidine synthase subunit PurQ / glutaminase [EC:6.3.5.3 3.5.1.2]	COG0047	PurL2	Phosphoribosylformylglycinamidine (FGAM) synthase, glutamine amidotransferase domain	AG-913-L03_00701	5
CACINR010000001.1	161516	162319	+	AG-913-M13_00198	AG-913-M13	267	OG0001276	K07026	mannosyl-3-phosphoglycerate phosphatase [EC:3.1.3.70]	COG3769	YedP	Mannosyl-3-phosphoglycerate phosphatase YedP/MpgP, HAD superfamily	AG-913-M13_00203	-5
CACINR010000001.1	162331	163551	+	AG-913-M13_00199	AG-913-M13	406	OG0001273	K13693	glucosyl-3-phosphoglycerate synthase [EC:2.4.1.266]	NA	NA	NA	AG-913-M13_00203	-4
CACINR010000001.1	163556	164851	-	AG-913-M13_00200	AG-913-M13	431	OG0001333	NA	NA	COG4091	NA	Predicted homoserine dehydrogenase, contains C-terminal SAF domain	AG-913-M13_00203	-3
CACINR010000001.1	164858	165259	-	AG-913-M13_00201	AG-913-M13	133	OG0001035	K00682	gamma-glutamylcyclotransferase [EC:4.3.2.9]	COG2105	YtfP	Predicted gamma-glutamylamine cyclotransferase YtfP, GGCT/AIG2-like family	AG-913-M13_00203	-2
CACINR010000001.1	165259	166008	-	AG-913-M13_00202	AG-913-M13	249	OG0000807	NA	NA	COG1058	CinA	ADP-ribose pyrophosphatase domain of DNA damage- and competence-inducible protein CinA	AG-913-M13_00203	-1
CACINR010000001.1	166029	166727	+	AG-913-M13_00203	AG-913-M13	232	OG0000819	K06206	sugar fermentation stimulation protein A	COG1489	SfsA	DNA-binding protein, stimulates sugar fermentation	AG-913-M13_00203	0
CACINR010000001.1	166720	167490	+	AG-913-M13_00204	AG-913-M13	256	OG0000721	K01265	methionyl aminopeptidase [EC:3.4.11.18]	COG0024	Map	Methionine aminopeptidase	AG-913-M13_00203	1
CACINR010000001.1	167494	168786	+	AG-913-M13_00205	AG-913-M13	430	OG0000779	K01756	adenylosuccinate lyase [EC:4.3.2.2]	COG0015	PurB	Adenylosuccinate lyase	AG-913-M13_00203	2
CACINR010000001.1	168786	169571	+	AG-913-M13_00206	AG-913-M13	261	OG0000769	K01923	phosphoribosylaminoimidazole-succinocarboxamide synthase [EC:6.3.2.6]	COG0152	PurC	Phosphoribosylaminoimidazole-succinocarboxamide synthase	AG-913-M13_00203	3
CACINR010000001.1	169568	169810	+	AG-913-M13_00207	AG-913-M13	80	OG0000770	K23264	phosphoribosylformylglycinamidine synthase subunit PurS [EC:6.3.5.3]	COG1828	PurS	Phosphoribosylformylglycinamidine (FGAM) synthase, PurS subunit	AG-913-M13_00203	4
CACINR010000001.1	169814	170497	+	AG-913-M13_00208	AG-913-M13	227	OG0000684	K23265	phosphoribosylformylglycinamidine synthase subunit PurQ / glutaminase [EC:6.3.5.3 3.5.1.2]	COG0047	PurL2	Phosphoribosylformylglycinamidine (FGAM) synthase, glutamine amidotransferase domain	AG-913-M13_00203	5
CACIOQ010000024.1	1120	1890	-	AG-913-N09_01186	AG-913-N09	256	OG0000721	K01265	methionyl aminopeptidase [EC:3.4.11.18]	COG0024	Map	Methionine aminopeptidase	AG-913-N09_01187	-1
CACIOQ010000024.1	1883	2569	-	AG-913-N09_01187	AG-913-N09	228	OG0000819	K06206	sugar fermentation stimulation protein A	COG1489	SfsA	DNA-binding protein, stimulates sugar fermentation	AG-913-N09_01187	0
CACIOQ010000024.1	2592	3341	+	AG-913-N09_01188	AG-913-N09	249	OG0000807	NA	NA	COG1058	CinA	ADP-ribose pyrophosphatase domain of DNA damage- and competence-inducible protein CinA	AG-913-N09_01187	1
CACPKK010000005.1	33775	34674	-	AG-913-O18_00678	AG-913-O18	299	OG0000057	K00477	phytanoyl-CoA hydroxylase [EC:1.14.11.18]	COG5285	PhyH	Ectoine hydroxylase-related dioxygenase, phytanoyl-CoA dioxygenase (PhyH) family	AG-913-O18_00683	-5
CACPKK010000005.1	34684	34995	-	AG-913-O18_00679	AG-913-O18	103	OG0001043	NA	NA	COG4392	AzlD2	Branched-chain amino acid transport protein	AG-913-O18_00683	-4
CACPKK010000005.1	34992	35678	-	AG-913-O18_00680	AG-913-O18	228	OG0001044	NA	NA	COG1296	AzlC	Predicted branched-chain amino acid permease (azaleucine resistance)	AG-913-O18_00683	-3
CACPKK010000005.1	35678	36085	-	AG-913-O18_00681	AG-913-O18	135	OG0001035	K00682	gamma-glutamylcyclotransferase [EC:4.3.2.9]	COG2105	YtfP	Predicted gamma-glutamylamine cyclotransferase YtfP, GGCT/AIG2-like family	AG-913-O18_00683	-2
CACPKK010000005.1	36085	36837	-	AG-913-O18_00682	AG-913-O18	250	OG0000807	NA	NA	COG1058	CinA	ADP-ribose pyrophosphatase domain of DNA damage- and competence-inducible protein CinA	AG-913-O18_00683	-1
CACPKK010000005.1	36860	37546	+	AG-913-O18_00683	AG-913-O18	228	OG0000819	K06206	sugar fermentation stimulation protein A	COG1489	SfsA	DNA-binding protein, stimulates sugar fermentation	AG-913-O18_00683	0
CACPKK010000005.1	37539	38309	+	AG-913-O18_00684	AG-913-O18	256	OG0000721	K01265	methionyl aminopeptidase [EC:3.4.11.18]	COG0024	Map	Methionine aminopeptidase	AG-913-O18_00683	1
CACPKK010000005.1	38309	39601	+	AG-913-O18_00685	AG-913-O18	430	OG0000779	K01756	adenylosuccinate lyase [EC:4.3.2.2]	COG0015	PurB	Adenylosuccinate lyase	AG-913-O18_00683	2
CACPKK010000005.1	39601	40386	+	AG-913-O18_00686	AG-913-O18	261	OG0000769	K01923	phosphoribosylaminoimidazole-succinocarboxamide synthase [EC:6.3.2.6]	COG0152	PurC	Phosphoribosylaminoimidazole-succinocarboxamide synthase	AG-913-O18_00683	3
CACPKK010000005.1	40383	40616	+	AG-913-O18_00687	AG-913-O18	77	OG0000770	K23264	phosphoribosylformylglycinamidine synthase subunit PurS [EC:6.3.5.3]	COG1828	PurS	Phosphoribosylformylglycinamidine (FGAM) synthase, PurS subunit	AG-913-O18_00683	4
CACPKK010000005.1	40624	41304	+	AG-913-O18_00688	AG-913-O18	226	OG0000684	K23265	phosphoribosylformylglycinamidine synthase subunit PurQ / glutaminase [EC:6.3.5.3 3.5.1.2]	COG0047	PurL2	Phosphoribosylformylglycinamidine (FGAM) synthase, glutamine amidotransferase domain	AG-913-O18_00683	5
CACIQQ010000012.1	164	850	-	AG-914-A09_00907	AG-914-A09	228	OG0000819	K06206	sugar fermentation stimulation protein A	COG1489	SfsA	DNA-binding protein, stimulates sugar fermentation	AG-914-A09_00907	0
CACIQQ010000012.1	873	1625	+	AG-914-A09_00908	AG-914-A09	250	OG0000807	NA	NA	COG1058	CinA	ADP-ribose pyrophosphatase domain of DNA damage- and competence-inducible protein CinA	AG-914-A09_00907	1
CACIQQ010000012.1	1625	2026	+	AG-914-A09_00909	AG-914-A09	133	OG0001035	K00682	gamma-glutamylcyclotransferase [EC:4.3.2.9]	COG2105	YtfP	Predicted gamma-glutamylamine cyclotransferase YtfP, GGCT/AIG2-like family	AG-914-A09_00907	2
CACIQQ010000012.1	2028	2714	+	AG-914-A09_00910	AG-914-A09	228	OG0001044	NA	NA	COG1296	AzlC	Predicted branched-chain amino acid permease (azaleucine resistance)	AG-914-A09_00907	3
CACIQQ010000012.1	2711	3022	+	AG-914-A09_00911	AG-914-A09	103	OG0001043	NA	NA	COG4392	AzlD2	Branched-chain amino acid transport protein	AG-914-A09_00907	4
CACIQQ010000012.1	3178	3948	+	AG-914-A09_00913	AG-914-A09	256	OG0000972	K00858	NAD+ kinase [EC:2.7.1.23]	COG0061	NadK	NAD kinase	AG-914-A09_00907	5
CACITU010000009.1	2748	3317	-	AG-914-B14_00994	AG-914-B14	189	OG0000006	NA	NA	COG4968	PilE	Type IV pilus minor pilin/pseudopilin PilE	AG-914-B14_00999	-5
CACITU010000009.1	3649	4452	+	AG-914-B14_00995	AG-914-B14	267	OG0001276	K07026	mannosyl-3-phosphoglycerate phosphatase [EC:3.1.3.70]	COG3769	YedP	Mannosyl-3-phosphoglycerate phosphatase YedP/MpgP, HAD superfamily	AG-914-B14_00999	-4
CACITU010000009.1	4464	5684	+	AG-914-B14_00996	AG-914-B14	406	OG0001273	K13693	glucosyl-3-phosphoglycerate synthase [EC:2.4.1.266]	NA	NA	NA	AG-914-B14_00999	-3
CACITU010000009.1	5691	6092	-	AG-914-B14_00997	AG-914-B14	133	OG0001035	K00682	gamma-glutamylcyclotransferase [EC:4.3.2.9]	COG2105	YtfP	Predicted gamma-glutamylamine cyclotransferase YtfP, GGCT/AIG2-like family	AG-914-B14_00999	-2
CACITU010000009.1	6092	6841	-	AG-914-B14_00998	AG-914-B14	249	OG0000807	NA	NA	COG1058	CinA	ADP-ribose pyrophosphatase domain of DNA damage- and competence-inducible protein CinA	AG-914-B14_00999	-1
CACITU010000009.1	6862	7560	+	AG-914-B14_00999	AG-914-B14	232	OG0000819	K06206	sugar fermentation stimulation protein A	COG1489	SfsA	DNA-binding protein, stimulates sugar fermentation	AG-914-B14_00999	0
CACITU010000009.1	7553	8323	+	AG-914-B14_01000	AG-914-B14	256	OG0000721	K01265	methionyl aminopeptidase [EC:3.4.11.18]	COG0024	Map	Methionine aminopeptidase	AG-914-B14_00999	1
CACITU010000009.1	8327	9619	+	AG-914-B14_01001	AG-914-B14	430	OG0000779	K01756	adenylosuccinate lyase [EC:4.3.2.2]	COG0015	PurB	Adenylosuccinate lyase	AG-914-B14_00999	2
CACITU010000009.1	9619	10404	+	AG-914-B14_01002	AG-914-B14	261	OG0000769	K01923	phosphoribosylaminoimidazole-succinocarboxamide synthase [EC:6.3.2.6]	COG0152	PurC	Phosphoribosylaminoimidazole-succinocarboxamide synthase	AG-914-B14_00999	3
CACITU010000009.1	10401	10643	+	AG-914-B14_01003	AG-914-B14	80	OG0000770	K23264	phosphoribosylformylglycinamidine synthase subunit PurS [EC:6.3.5.3]	COG1828	PurS	Phosphoribosylformylglycinamidine (FGAM) synthase, PurS subunit	AG-914-B14_00999	4
CACITU010000009.1	10647	11330	+	AG-914-B14_01004	AG-914-B14	227	OG0000684	K23265	phosphoribosylformylglycinamidine synthase subunit PurQ / glutaminase [EC:6.3.5.3 3.5.1.2]	COG0047	PurL2	Phosphoribosylformylglycinamidine (FGAM) synthase, glutamine amidotransferase domain	AG-914-B14_00999	5
CACPLO010000011.1	7196	7762	+	AG-914-I16_00971	AG-914-I16	188	OG0003701	NA	NA	COG2203	GAF	GAF domain	AG-914-I16_00976	-5
CACPLO010000011.1	7847	8551	+	AG-914-I16_00972	AG-914-I16	234	OG0002931	K07130	arylformamidase [EC:3.5.1.9]	COG1878	NA	Kynurenine formamidase	AG-914-I16_00976	-4
CACPLO010000011.1	8563	9957	+	AG-914-I16_00973	AG-914-I16	464	OG0000064	K01426	amidase [EC:3.5.1.4]	COG0154	GatA	Asp-tRNAAsn/Glu-tRNAGln amidotransferase A subunit or related amidase	AG-914-I16_00976	-3
CACPLO010000011.1	10044	10997	+	AG-914-I16_00974	AG-914-I16	317	OG0001428	NA	NA	COG0859	RfaF	ADP-heptose:LPS heptosyltransferase	AG-914-I16_00976	-2
CACPLO010000011.1	10984	11751	-	AG-914-I16_00975	AG-914-I16	255	OG0000807	NA	NA	COG1058	CinA	ADP-ribose pyrophosphatase domain of DNA damage- and competence-inducible protein CinA	AG-914-I16_00976	-1
CACPLO010000011.1	11765	12460	+	AG-914-I16_00976	AG-914-I16	231	OG0000819	K06206	sugar fermentation stimulation protein A	COG1489	SfsA	DNA-binding protein, stimulates sugar fermentation	AG-914-I16_00976	0
CACPLO010000011.1	12460	13206	+	AG-914-I16_00977	AG-914-I16	248	OG0000721	K01265	methionyl aminopeptidase [EC:3.4.11.18]	COG0024	Map	Methionine aminopeptidase	AG-914-I16_00976	1
CACPLO010000011.1	13209	14507	+	AG-914-I16_00978	AG-914-I16	432	OG0000779	K01756	adenylosuccinate lyase [EC:4.3.2.2]	COG0015	PurB	Adenylosuccinate lyase	AG-914-I16_00976	2
CACPLO010000011.1	14512	15303	+	AG-914-I16_00979	AG-914-I16	263	OG0000769	K01923	phosphoribosylaminoimidazole-succinocarboxamide synthase [EC:6.3.2.6]	COG0152	PurC	Phosphoribosylaminoimidazole-succinocarboxamide synthase	AG-914-I16_00976	3
CACPLO010000011.1	15305	15544	+	AG-914-I16_00980	AG-914-I16	79	OG0000770	K23264	phosphoribosylformylglycinamidine synthase subunit PurS [EC:6.3.5.3]	COG1828	PurS	Phosphoribosylformylglycinamidine (FGAM) synthase, PurS subunit	AG-914-I16_00976	4
CACPLO010000011.1	15544	16221	+	AG-914-I16_00981	AG-914-I16	225	OG0000684	K23265	phosphoribosylformylglycinamidine synthase subunit PurQ / glutaminase [EC:6.3.5.3 3.5.1.2]	COG0047	PurL2	Phosphoribosylformylglycinamidine (FGAM) synthase, glutamine amidotransferase domain	AG-914-I16_00976	5
CACIWZ010000011.1	9465	10142	-	AG-914-J05_01075	AG-914-J05	225	OG0000684	K23265	phosphoribosylformylglycinamidine synthase subunit PurQ / glutaminase [EC:6.3.5.3 3.5.1.2]	COG0047	PurL2	Phosphoribosylformylglycinamidine (FGAM) synthase, glutamine amidotransferase domain	AG-914-J05_01080	-5
CACIWZ010000011.1	10139	10420	-	AG-914-J05_01076	AG-914-J05	93	OG0000770	K23264	phosphoribosylformylglycinamidine synthase subunit PurS [EC:6.3.5.3]	COG1828	PurS	Phosphoribosylformylglycinamidine (FGAM) synthase, PurS subunit	AG-914-J05_01080	-4
CACIWZ010000011.1	10383	11174	-	AG-914-J05_01077	AG-914-J05	263	OG0000769	K01923	phosphoribosylaminoimidazole-succinocarboxamide synthase [EC:6.3.2.6]	COG0152	PurC	Phosphoribosylaminoimidazole-succinocarboxamide synthase	AG-914-J05_01080	-3
CACIWZ010000011.1	11182	12477	-	AG-914-J05_01078	AG-914-J05	431	OG0000779	K01756	adenylosuccinate lyase [EC:4.3.2.2]	COG0015	PurB	Adenylosuccinate lyase	AG-914-J05_01080	-2
CACIWZ010000011.1	12474	13229	-	AG-914-J05_01079	AG-914-J05	251	OG0000721	K01265	methionyl aminopeptidase [EC:3.4.11.18]	COG0024	Map	Methionine aminopeptidase	AG-914-J05_01080	-1
CACIWZ010000011.1	13213	13923	-	AG-914-J05_01080	AG-914-J05	236	OG0000819	K06206	sugar fermentation stimulation protein A	COG1489	SfsA	DNA-binding protein, stimulates sugar fermentation	AG-914-J05_01080	0
CACIWZ010000011.1	13940	14695	+	AG-914-J05_01081	AG-914-J05	251	OG0000807	NA	NA	COG1058	CinA	ADP-ribose pyrophosphatase domain of DNA damage- and competence-inducible protein CinA	AG-914-J05_01080	1
CACIWZ010000011.1	14692	15645	-	AG-914-J05_01082	AG-914-J05	317	OG0001428	NA	NA	COG0859	RfaF	ADP-heptose:LPS heptosyltransferase	AG-914-J05_01080	2
CACIZB010000001.1	83980	84705	-	AG-914-L04_00092	AG-914-L04	241	OG0001204	K07395	putative proteasome-type protease	COG3484	NA	Predicted proteasome-type protease	AG-914-L04_00097	-5
CACIZB010000001.1	84815	86257	+	AG-914-L04_00093	AG-914-L04	480	OG0001158	NA	NA	COG2308	NA	Circularly permuted ATP-grasp protein	AG-914-L04_00097	-4
CACIZB010000001.1	86264	86665	-	AG-914-L04_00094	AG-914-L04	133	OG0001035	K00682	gamma-glutamylcyclotransferase [EC:4.3.2.9]	COG2105	YtfP	Predicted gamma-glutamylamine cyclotransferase YtfP, GGCT/AIG2-like family	AG-914-L04_00097	-3
CACIZB010000001.1	86670	87368	-	AG-914-L04_00095	AG-914-L04	232	OG0002457	NA	NA	NA	NA	NA	AG-914-L04_00097	-2
CACIZB010000001.1	87372	88121	-	AG-914-L04_00096	AG-914-L04	249	OG0000807	NA	NA	COG1058	CinA	ADP-ribose pyrophosphatase domain of DNA damage- and competence-inducible protein CinA	AG-914-L04_00097	-1
CACIZB010000001.1	88143	88841	+	AG-914-L04_00097	AG-914-L04	232	OG0000819	K06206	sugar fermentation stimulation protein A	COG1489	SfsA	DNA-binding protein, stimulates sugar fermentation	AG-914-L04_00097	0
CACIZB010000001.1	88834	89607	+	AG-914-L04_00098	AG-914-L04	257	OG0000721	K01265	methionyl aminopeptidase [EC:3.4.11.18]	COG0024	Map	Methionine aminopeptidase	AG-914-L04_00097	1
CACIZB010000001.1	89611	90903	+	AG-914-L04_00099	AG-914-L04	430	OG0000779	K01756	adenylosuccinate lyase [EC:4.3.2.2]	COG0015	PurB	Adenylosuccinate lyase	AG-914-L04_00097	2
CACIZB010000001.1	90903	91688	+	AG-914-L04_00100	AG-914-L04	261	OG0000769	K01923	phosphoribosylaminoimidazole-succinocarboxamide synthase [EC:6.3.2.6]	COG0152	PurC	Phosphoribosylaminoimidazole-succinocarboxamide synthase	AG-914-L04_00097	3
CACIZB010000001.1	91685	91927	+	AG-914-L04_00101	AG-914-L04	80	OG0000770	K23264	phosphoribosylformylglycinamidine synthase subunit PurS [EC:6.3.5.3]	COG1828	PurS	Phosphoribosylformylglycinamidine (FGAM) synthase, PurS subunit	AG-914-L04_00097	4
CACIZB010000001.1	91931	92623	+	AG-914-L04_00102	AG-914-L04	230	OG0000684	K23265	phosphoribosylformylglycinamidine synthase subunit PurQ / glutaminase [EC:6.3.5.3 3.5.1.2]	COG0047	PurL2	Phosphoribosylformylglycinamidine (FGAM) synthase, glutamine amidotransferase domain	AG-914-L04_00097	5
CACPMO010000002.1	145627	145860	-	AG-914-L20_00367	AG-914-L20	77	OG0000770	K23264	phosphoribosylformylglycinamidine synthase subunit PurS [EC:6.3.5.3]	COG1828	PurS	Phosphoribosylformylglycinamidine (FGAM) synthase, PurS subunit	AG-914-L20_00372	-5
CACPMO010000002.1	145857	146642	-	AG-914-L20_00368	AG-914-L20	261	OG0000769	K01923	phosphoribosylaminoimidazole-succinocarboxamide synthase [EC:6.3.2.6]	COG0152	PurC	Phosphoribosylaminoimidazole-succinocarboxamide synthase	AG-914-L20_00372	-4
CACPMO010000002.1	146646	147422	-	AG-914-L20_00369	AG-914-L20	258	OG0001392	NA	NA	COG0463	WcaA	Glycosyltransferase involved in cell wall bisynthesis	AG-914-L20_00372	-3
CACPMO010000002.1	147422	148714	-	AG-914-L20_00370	AG-914-L20	430	OG0000779	K01756	adenylosuccinate lyase [EC:4.3.2.2]	COG0015	PurB	Adenylosuccinate lyase	AG-914-L20_00372	-2
CACPMO010000002.1	148714	149481	-	AG-914-L20_00371	AG-914-L20	255	OG0000721	K01265	methionyl aminopeptidase [EC:3.4.11.18]	COG0024	Map	Methionine aminopeptidase	AG-914-L20_00372	-1
CACPMO010000002.1	149474	150160	-	AG-914-L20_00372	AG-914-L20	228	OG0000819	K06206	sugar fermentation stimulation protein A	COG1489	SfsA	DNA-binding protein, stimulates sugar fermentation	AG-914-L20_00372	0
CACPMO010000002.1	150183	150935	+	AG-914-L20_00373	AG-914-L20	250	OG0000807	NA	NA	COG1058	CinA	ADP-ribose pyrophosphatase domain of DNA damage- and competence-inducible protein CinA	AG-914-L20_00372	1
CACPMO010000002.1	150935	151342	+	AG-914-L20_00374	AG-914-L20	135	OG0001035	K00682	gamma-glutamylcyclotransferase [EC:4.3.2.9]	COG2105	YtfP	Predicted gamma-glutamylamine cyclotransferase YtfP, GGCT/AIG2-like family	AG-914-L20_00372	2
CACPMO010000002.1	151335	151673	-	AG-914-L20_00375	AG-914-L20	112	OG0001370	NA	NA	NA	NA	NA	AG-914-L20_00372	3
CACPMO010000002.1	151677	152075	-	AG-914-L20_00376	AG-914-L20	132	OG0000638	K09823	Fur family transcriptional regulator, zinc uptake regulator	COG0735	Fur	Fe2+ or Zn2+ uptake regulation protein Fur/Zur	AG-914-L20_00372	4
CACPMO010000002.1	152098	152901	-	AG-914-L20_00377	AG-914-L20	267	OG0000964	K09816	zinc transport system permease protein	COG1108	ZnuB	ABC-type Mn2+/Zn2+ transport system, permease component	AG-914-L20_00372	5
CACJCF010000001.1	133184	133618	-	AG-914-N11_00164	AG-914-N11	144	OG0001407	NA	NA	COG1238	YgaA	Membrane protein YqaA involved in indium extrusion, DedA family, contains VTT domain	AG-914-N11_00169	-5
CACJCF010000001.1	134045	135022	-	AG-914-N11_00165	AG-914-N11	325	OG0002163	NA	NA	NA	NA	NA	AG-914-N11_00169	-4
CACJCF010000001.1	135027	136766	-	AG-914-N11_00166	AG-914-N11	579	OG0001190	NA	NA	COG0337	AroB	3-dehydroquinate synthetase	AG-914-N11_00169	-3
CACJCF010000001.1	137097	138050	+	AG-914-N11_00167	AG-914-N11	317	OG0001428	NA	NA	COG0859	RfaF	ADP-heptose:LPS heptosyltransferase	AG-914-N11_00169	-2
CACJCF010000001.1	138047	138802	-	AG-914-N11_00168	AG-914-N11	251	OG0000807	NA	NA	COG1058	CinA	ADP-ribose pyrophosphatase domain of DNA damage- and competence-inducible protein CinA	AG-914-N11_00169	-1
CACJCF010000001.1	138819	139514	+	AG-914-N11_00169	AG-914-N11	231	OG0000819	K06206	sugar fermentation stimulation protein A	COG1489	SfsA	DNA-binding protein, stimulates sugar fermentation	AG-914-N11_00169	0
CACJCF010000001.1	139514	140266	+	AG-914-N11_00170	AG-914-N11	250	OG0000721	K01265	methionyl aminopeptidase [EC:3.4.11.18]	COG0024	Map	Methionine aminopeptidase	AG-914-N11_00169	1
CACJCF010000001.1	140266	141564	+	AG-914-N11_00171	AG-914-N11	432	OG0000779	K01756	adenylosuccinate lyase [EC:4.3.2.2]	COG0015	PurB	Adenylosuccinate lyase	AG-914-N11_00169	2
CACJCF010000001.1	141569	142360	+	AG-914-N11_00172	AG-914-N11	263	OG0000769	K01923	phosphoribosylaminoimidazole-succinocarboxamide synthase [EC:6.3.2.6]	COG0152	PurC	Phosphoribosylaminoimidazole-succinocarboxamide synthase	AG-914-N11_00169	3
CACJCF010000001.1	142362	142604	+	AG-914-N11_00173	AG-914-N11	80	OG0000770	K23264	phosphoribosylformylglycinamidine synthase subunit PurS [EC:6.3.5.3]	COG1828	PurS	Phosphoribosylformylglycinamidine (FGAM) synthase, PurS subunit	AG-914-N11_00169	4
CACJCF010000001.1	142601	143278	+	AG-914-N11_00174	AG-914-N11	225	OG0000684	K23265	phosphoribosylformylglycinamidine synthase subunit PurQ / glutaminase [EC:6.3.5.3 3.5.1.2]	COG0047	PurL2	Phosphoribosylformylglycinamidine (FGAM) synthase, glutamine amidotransferase domain	AG-914-N11_00169	5
CACJNE010000001.1	70860	71540	-	AG-915-G13_00078	AG-915-G13	226	OG0000684	K23265	phosphoribosylformylglycinamidine synthase subunit PurQ / glutaminase [EC:6.3.5.3 3.5.1.2]	COG0047	PurL2	Phosphoribosylformylglycinamidine (FGAM) synthase, glutamine amidotransferase domain	AG-915-G13_00083	-5
CACJNE010000001.1	71548	71781	-	AG-915-G13_00079	AG-915-G13	77	OG0000770	K23264	phosphoribosylformylglycinamidine synthase subunit PurS [EC:6.3.5.3]	COG1828	PurS	Phosphoribosylformylglycinamidine (FGAM) synthase, PurS subunit	AG-915-G13_00083	-4
CACJNE010000001.1	71778	72563	-	AG-915-G13_00080	AG-915-G13	261	OG0000769	K01923	phosphoribosylaminoimidazole-succinocarboxamide synthase [EC:6.3.2.6]	COG0152	PurC	Phosphoribosylaminoimidazole-succinocarboxamide synthase	AG-915-G13_00083	-3
CACJNE010000001.1	72563	73855	-	AG-915-G13_00081	AG-915-G13	430	OG0000779	K01756	adenylosuccinate lyase [EC:4.3.2.2]	COG0015	PurB	Adenylosuccinate lyase	AG-915-G13_00083	-2
CACJNE010000001.1	73855	74625	-	AG-915-G13_00082	AG-915-G13	256	OG0000721	K01265	methionyl aminopeptidase [EC:3.4.11.18]	COG0024	Map	Methionine aminopeptidase	AG-915-G13_00083	-1
CACJNE010000001.1	74618	75304	-	AG-915-G13_00083	AG-915-G13	228	OG0000819	K06206	sugar fermentation stimulation protein A	COG1489	SfsA	DNA-binding protein, stimulates sugar fermentation	AG-915-G13_00083	0
CACJNE010000001.1	75327	76079	+	AG-915-G13_00084	AG-915-G13	250	OG0000807	NA	NA	COG1058	CinA	ADP-ribose pyrophosphatase domain of DNA damage- and competence-inducible protein CinA	AG-915-G13_00083	1
CACJNE010000001.1	76079	76486	+	AG-915-G13_00085	AG-915-G13	135	OG0001035	K00682	gamma-glutamylcyclotransferase [EC:4.3.2.9]	COG2105	YtfP	Predicted gamma-glutamylamine cyclotransferase YtfP, GGCT/AIG2-like family	AG-915-G13_00083	2
CACJNE010000001.1	76486	77172	+	AG-915-G13_00086	AG-915-G13	228	OG0001044	NA	NA	COG1296	AzlC	Predicted branched-chain amino acid permease (azaleucine resistance)	AG-915-G13_00083	3
CACJNE010000001.1	77169	77480	+	AG-915-G13_00087	AG-915-G13	103	OG0001043	NA	NA	COG4392	AzlD2	Branched-chain amino acid transport protein	AG-915-G13_00083	4
CACJNE010000001.1	77490	78389	+	AG-915-G13_00088	AG-915-G13	299	OG0000057	K00477	phytanoyl-CoA hydroxylase [EC:1.14.11.18]	COG5285	PhyH	Ectoine hydroxylase-related dioxygenase, phytanoyl-CoA dioxygenase (PhyH) family	AG-915-G13_00083	5
CACJNI010000005.1	88630	89313	-	AG-915-G14_00985	AG-915-G14	227	OG0000684	K23265	phosphoribosylformylglycinamidine synthase subunit PurQ / glutaminase [EC:6.3.5.3 3.5.1.2]	COG0047	PurL2	Phosphoribosylformylglycinamidine (FGAM) synthase, glutamine amidotransferase domain	AG-915-G14_00990	-5
CACJNI010000005.1	89317	89550	-	AG-915-G14_00986	AG-915-G14	77	OG0000770	K23264	phosphoribosylformylglycinamidine synthase subunit PurS [EC:6.3.5.3]	COG1828	PurS	Phosphoribosylformylglycinamidine (FGAM) synthase, PurS subunit	AG-915-G14_00990	-4
CACJNI010000005.1	89550	90335	-	AG-915-G14_00987	AG-915-G14	261	OG0000769	K01923	phosphoribosylaminoimidazole-succinocarboxamide synthase [EC:6.3.2.6]	COG0152	PurC	Phosphoribosylaminoimidazole-succinocarboxamide synthase	AG-915-G14_00990	-3
CACJNI010000005.1	90335	91627	-	AG-915-G14_00988	AG-915-G14	430	OG0000779	K01756	adenylosuccinate lyase [EC:4.3.2.2]	COG0015	PurB	Adenylosuccinate lyase	AG-915-G14_00990	-2
CACJNI010000005.1	91627	92397	-	AG-915-G14_00989	AG-915-G14	256	OG0000721	K01265	methionyl aminopeptidase [EC:3.4.11.18]	COG0024	Map	Methionine aminopeptidase	AG-915-G14_00990	-1
CACJNI010000005.1	92390	93076	-	AG-915-G14_00990	AG-915-G14	228	OG0000819	K06206	sugar fermentation stimulation protein A	COG1489	SfsA	DNA-binding protein, stimulates sugar fermentation	AG-915-G14_00990	0
CACJNI010000005.1	93099	93848	+	AG-915-G14_00991	AG-915-G14	249	OG0000807	NA	NA	COG1058	CinA	ADP-ribose pyrophosphatase domain of DNA damage- and competence-inducible protein CinA	AG-915-G14_00990	1
CACJNI010000005.1	93851	94255	+	AG-915-G14_00992	AG-915-G14	134	OG0001035	K00682	gamma-glutamylcyclotransferase [EC:4.3.2.9]	COG2105	YtfP	Predicted gamma-glutamylamine cyclotransferase YtfP, GGCT/AIG2-like family	AG-915-G14_00990	2
CACJNI010000005.1	94259	94945	+	AG-915-G14_00993	AG-915-G14	228	OG0001044	NA	NA	COG1296	AzlC	Predicted branched-chain amino acid permease (azaleucine resistance)	AG-915-G14_00990	3
CACJNI010000005.1	94942	95259	+	AG-915-G14_00994	AG-915-G14	105	OG0001043	NA	NA	COG4392	AzlD2	Branched-chain amino acid transport protein	AG-915-G14_00990	4
CACJNI010000005.1	95264	96556	+	AG-915-G14_00995	AG-915-G14	430	OG0001333	NA	NA	COG4091	NA	Predicted homoserine dehydrogenase, contains C-terminal SAF domain	AG-915-G14_00990	5
CACJUF010000001.1	107627	109351	+	AG-916-A16_00131	AG-916-A16	574	OG0001383	NA	NA	COG0366	AmyA	Glycosidase/amylase (phosphorylase)	AG-916-A16_00136	-5
CACJUF010000001.1	109353	110078	-	AG-916-A16_00132	AG-916-A16	241	OG0001204	K07395	putative proteasome-type protease	COG3484	NA	Predicted proteasome-type protease	AG-916-A16_00136	-4
CACJUF010000001.1	110188	111630	+	AG-916-A16_00133	AG-916-A16	480	OG0001158	NA	NA	COG2308	NA	Circularly permuted ATP-grasp protein	AG-916-A16_00136	-3
CACJUF010000001.1	111636	112037	-	AG-916-A16_00134	AG-916-A16	133	OG0001035	K00682	gamma-glutamylcyclotransferase [EC:4.3.2.9]	COG2105	YtfP	Predicted gamma-glutamylamine cyclotransferase YtfP, GGCT/AIG2-like family	AG-916-A16_00136	-2
CACJUF010000001.1	112038	112787	-	AG-916-A16_00135	AG-916-A16	249	OG0000807	NA	NA	COG1058	CinA	ADP-ribose pyrophosphatase domain of DNA damage- and competence-inducible protein CinA	AG-916-A16_00136	-1
CACJUF010000001.1	112808	113506	+	AG-916-A16_00136	AG-916-A16	232	OG0000819	K06206	sugar fermentation stimulation protein A	COG1489	SfsA	DNA-binding protein, stimulates sugar fermentation	AG-916-A16_00136	0
CACJUF010000001.1	113499	114272	+	AG-916-A16_00137	AG-916-A16	257	OG0000721	K01265	methionyl aminopeptidase [EC:3.4.11.18]	COG0024	Map	Methionine aminopeptidase	AG-916-A16_00136	1
CACJUF010000001.1	114276	115568	+	AG-916-A16_00138	AG-916-A16	430	OG0000779	K01756	adenylosuccinate lyase [EC:4.3.2.2]	COG0015	PurB	Adenylosuccinate lyase	AG-916-A16_00136	2
CACJUF010000001.1	115568	116353	+	AG-916-A16_00139	AG-916-A16	261	OG0000769	K01923	phosphoribosylaminoimidazole-succinocarboxamide synthase [EC:6.3.2.6]	COG0152	PurC	Phosphoribosylaminoimidazole-succinocarboxamide synthase	AG-916-A16_00136	3
CACJUF010000001.1	116350	116592	+	AG-916-A16_00140	AG-916-A16	80	OG0000770	K23264	phosphoribosylformylglycinamidine synthase subunit PurS [EC:6.3.5.3]	COG1828	PurS	Phosphoribosylformylglycinamidine (FGAM) synthase, PurS subunit	AG-916-A16_00136	4
CACJUF010000001.1	116596	117279	+	AG-916-A16_00141	AG-916-A16	227	OG0000684	K23265	phosphoribosylformylglycinamidine synthase subunit PurQ / glutaminase [EC:6.3.5.3 3.5.1.2]	COG0047	PurL2	Phosphoribosylformylglycinamidine (FGAM) synthase, glutamine amidotransferase domain	AG-916-A16_00136	5
CACJUD010000005.1	8254	9987	+	AG-916-A21_00537	AG-916-A21	577	OG0001383	NA	NA	COG0366	AmyA	Glycosidase/amylase (phosphorylase)	AG-916-A21_00542	-5
CACJUD010000005.1	9984	10295	-	AG-916-A21_00538	AG-916-A21	103	OG0001043	NA	NA	COG4392	AzlD2	Branched-chain amino acid transport protein	AG-916-A21_00542	-4
CACJUD010000005.1	10292	10978	-	AG-916-A21_00539	AG-916-A21	228	OG0001044	NA	NA	COG1296	AzlC	Predicted branched-chain amino acid permease (azaleucine resistance)	AG-916-A21_00542	-3
CACJUD010000005.1	10979	11383	-	AG-916-A21_00540	AG-916-A21	134	OG0001035	K00682	gamma-glutamylcyclotransferase [EC:4.3.2.9]	COG2105	YtfP	Predicted gamma-glutamylamine cyclotransferase YtfP, GGCT/AIG2-like family	AG-916-A21_00542	-2
CACJUD010000005.1	11390	12133	-	AG-916-A21_00541	AG-916-A21	247	OG0000807	NA	NA	COG1058	CinA	ADP-ribose pyrophosphatase domain of DNA damage- and competence-inducible protein CinA	AG-916-A21_00542	-1
CACJUD010000005.1	12156	12842	+	AG-916-A21_00542	AG-916-A21	228	OG0000819	K06206	sugar fermentation stimulation protein A	COG1489	SfsA	DNA-binding protein, stimulates sugar fermentation	AG-916-A21_00542	0
CACJUD010000005.1	12835	13605	+	AG-916-A21_00543	AG-916-A21	256	OG0000721	K01265	methionyl aminopeptidase [EC:3.4.11.18]	COG0024	Map	Methionine aminopeptidase	AG-916-A21_00542	1
CACJUD010000005.1	13605	14897	+	AG-916-A21_00544	AG-916-A21	430	OG0000779	K01756	adenylosuccinate lyase [EC:4.3.2.2]	COG0015	PurB	Adenylosuccinate lyase	AG-916-A21_00542	2
CACJUD010000005.1	14897	15685	+	AG-916-A21_00545	AG-916-A21	262	OG0000769	K01923	phosphoribosylaminoimidazole-succinocarboxamide synthase [EC:6.3.2.6]	COG0152	PurC	Phosphoribosylaminoimidazole-succinocarboxamide synthase	AG-916-A21_00542	3
CACJUD010000005.1	15682	15915	+	AG-916-A21_00546	AG-916-A21	77	OG0000770	K23264	phosphoribosylformylglycinamidine synthase subunit PurS [EC:6.3.5.3]	COG1828	PurS	Phosphoribosylformylglycinamidine (FGAM) synthase, PurS subunit	AG-916-A21_00542	4
CACJUD010000005.1	15915	16598	+	AG-916-A21_00547	AG-916-A21	227	OG0000684	K23265	phosphoribosylformylglycinamidine synthase subunit PurQ / glutaminase [EC:6.3.5.3 3.5.1.2]	COG0047	PurL2	Phosphoribosylformylglycinamidine (FGAM) synthase, glutamine amidotransferase domain	AG-916-A21_00542	5
CACPQM010000009.1	55256	55507	-	AG-916-B15_01033	AG-916-B15	83	OG0001473	NA	NA	NA	NA	NA	AG-916-B15_01038	-5
CACPQM010000009.1	55514	55747	-	AG-916-B15_01034	AG-916-B15	77	OG0000770	K23264	phosphoribosylformylglycinamidine synthase subunit PurS [EC:6.3.5.3]	COG1828	PurS	Phosphoribosylformylglycinamidine (FGAM) synthase, PurS subunit	AG-916-B15_01038	-4
CACPQM010000009.1	55744	56529	-	AG-916-B15_01035	AG-916-B15	261	OG0000769	K01923	phosphoribosylaminoimidazole-succinocarboxamide synthase [EC:6.3.2.6]	COG0152	PurC	Phosphoribosylaminoimidazole-succinocarboxamide synthase	AG-916-B15_01038	-3
CACPQM010000009.1	56529	57821	-	AG-916-B15_01036	AG-916-B15	430	OG0000779	K01756	adenylosuccinate lyase [EC:4.3.2.2]	COG0015	PurB	Adenylosuccinate lyase	AG-916-B15_01038	-2
CACPQM010000009.1	57821	58591	-	AG-916-B15_01037	AG-916-B15	256	OG0000721	K01265	methionyl aminopeptidase [EC:3.4.11.18]	COG0024	Map	Methionine aminopeptidase	AG-916-B15_01038	-1
CACPQM010000009.1	58584	59270	-	AG-916-B15_01038	AG-916-B15	228	OG0000819	K06206	sugar fermentation stimulation protein A	COG1489	SfsA	DNA-binding protein, stimulates sugar fermentation	AG-916-B15_01038	0
CACPQM010000009.1	59293	60045	+	AG-916-B15_01039	AG-916-B15	250	OG0000807	NA	NA	COG1058	CinA	ADP-ribose pyrophosphatase domain of DNA damage- and competence-inducible protein CinA	AG-916-B15_01038	1
CACPQM010000009.1	60045	60452	+	AG-916-B15_01040	AG-916-B15	135	OG0001035	K00682	gamma-glutamylcyclotransferase [EC:4.3.2.9]	COG2105	YtfP	Predicted gamma-glutamylamine cyclotransferase YtfP, GGCT/AIG2-like family	AG-916-B15_01038	2
CACPQM010000009.1	60452	61138	+	AG-916-B15_01041	AG-916-B15	228	OG0001044	NA	NA	COG1296	AzlC	Predicted branched-chain amino acid permease (azaleucine resistance)	AG-916-B15_01038	3
CACPQM010000009.1	61135	61446	+	AG-916-B15_01042	AG-916-B15	103	OG0001043	NA	NA	COG4392	AzlD2	Branched-chain amino acid transport protein	AG-916-B15_01038	4
CACPQM010000009.1	61456	62355	+	AG-916-B15_01043	AG-916-B15	299	OG0000057	K00477	phytanoyl-CoA hydroxylase [EC:1.14.11.18]	COG5285	PhyH	Ectoine hydroxylase-related dioxygenase, phytanoyl-CoA dioxygenase (PhyH) family	AG-916-B15_01038	5
CACJUZ010000004.1	37723	38400	-	AG-916-D16_00592	AG-916-D16	225	OG0000684	K23265	phosphoribosylformylglycinamidine synthase subunit PurQ / glutaminase [EC:6.3.5.3 3.5.1.2]	COG0047	PurL2	Phosphoribosylformylglycinamidine (FGAM) synthase, glutamine amidotransferase domain	AG-916-D16_00597	-5
CACJUZ010000004.1	38400	38639	-	AG-916-D16_00593	AG-916-D16	79	OG0000770	K23264	phosphoribosylformylglycinamidine synthase subunit PurS [EC:6.3.5.3]	COG1828	PurS	Phosphoribosylformylglycinamidine (FGAM) synthase, PurS subunit	AG-916-D16_00597	-4
CACJUZ010000004.1	38641	39432	-	AG-916-D16_00594	AG-916-D16	263	OG0000769	K01923	phosphoribosylaminoimidazole-succinocarboxamide synthase [EC:6.3.2.6]	COG0152	PurC	Phosphoribosylaminoimidazole-succinocarboxamide synthase	AG-916-D16_00597	-3
CACJUZ010000004.1	39439	40734	-	AG-916-D16_00595	AG-916-D16	431	OG0000779	K01756	adenylosuccinate lyase [EC:4.3.2.2]	COG0015	PurB	Adenylosuccinate lyase	AG-916-D16_00597	-2
CACJUZ010000004.1	40734	41495	-	AG-916-D16_00596	AG-916-D16	253	OG0000721	K01265	methionyl aminopeptidase [EC:3.4.11.18]	COG0024	Map	Methionine aminopeptidase	AG-916-D16_00597	-1
CACJUZ010000004.1	41492	42187	-	AG-916-D16_00597	AG-916-D16	231	OG0000819	K06206	sugar fermentation stimulation protein A	COG1489	SfsA	DNA-binding protein, stimulates sugar fermentation	AG-916-D16_00597	0
CACJUZ010000004.1	42203	42958	+	AG-916-D16_00598	AG-916-D16	251	OG0000807	NA	NA	COG1058	CinA	ADP-ribose pyrophosphatase domain of DNA damage- and competence-inducible protein CinA	AG-916-D16_00597	1
CACJUZ010000004.1	42955	43845	+	AG-916-D16_00599	AG-916-D16	296	OG0000113	K00737	beta-1,4-mannosyl-glycoprotein beta-1,4-N-acetylglucosaminyltransferase [EC:2.4.1.144]	NA	NA	NA	AG-916-D16_00597	2
CACJUZ010000004.1	43846	44757	+	AG-916-D16_00600	AG-916-D16	303	OG0001031	NA	NA	NA	NA	NA	AG-916-D16_00597	3
CACJUZ010000004.1	44762	45604	+	AG-916-D16_00601	AG-916-D16	280	OG0000365	K18336	2,4-didehydro-3-deoxy-L-rhamnonate hydrolase [EC:3.7.1.26]	COG0179	FAHD1	Oxaloacetate decarboxylase and tautomerase, fumarylacetoacetate (FAA) hydrolase family	AG-916-D16_00597	4
CACJUZ010000004.1	45661	46164	+	AG-916-D16_00602	AG-916-D16	167	OG0001282	NA	NA	COG4454	NA	Uncharacterized copper-binding protein, cupredoxin-like subfamily	AG-916-D16_00597	5
CACJWN010000005.1	19357	20946	-	AG-916-E17_00555	AG-916-E17	529	OG0001404	NA	NA	NA	NA	NA	AG-916-E17_00561	-5
CACJWN010000005.1	20930	21229	-	AG-916-E17_00556	AG-916-E17	99	OG0001471	NA	NA	NA	NA	NA	AG-916-E17_00561	-4
CACJWN010000005.1	21286	22053	-	AG-916-E17_00557	AG-916-E17	255	OG0000972	K00858	NAD+ kinase [EC:2.7.1.23]	COG0061	NadK	NAD kinase	AG-916-E17_00561	-3
CACJWN010000005.1	22215	23168	+	AG-916-E17_00559	AG-916-E17	317	OG0001428	NA	NA	COG0859	RfaF	ADP-heptose:LPS heptosyltransferase	AG-916-E17_00561	-2
CACJWN010000005.1	23165	23920	-	AG-916-E17_00560	AG-916-E17	251	OG0000807	NA	NA	COG1058	CinA	ADP-ribose pyrophosphatase domain of DNA damage- and competence-inducible protein CinA	AG-916-E17_00561	-1
CACJWN010000005.1	23937	24632	+	AG-916-E17_00561	AG-916-E17	231	OG0000819	K06206	sugar fermentation stimulation protein A	COG1489	SfsA	DNA-binding protein, stimulates sugar fermentation	AG-916-E17_00561	0
CACJWN010000005.1	24632	25381	+	AG-916-E17_00562	AG-916-E17	249	OG0000721	K01265	methionyl aminopeptidase [EC:3.4.11.18]	COG0024	Map	Methionine aminopeptidase	AG-916-E17_00561	1
CACJWN010000005.1	25381	26679	+	AG-916-E17_00563	AG-916-E17	432	OG0000779	K01756	adenylosuccinate lyase [EC:4.3.2.2]	COG0015	PurB	Adenylosuccinate lyase	AG-916-E17_00561	2
CACJWN010000005.1	26684	27475	+	AG-916-E17_00564	AG-916-E17	263	OG0000769	K01923	phosphoribosylaminoimidazole-succinocarboxamide synthase [EC:6.3.2.6]	COG0152	PurC	Phosphoribosylaminoimidazole-succinocarboxamide synthase	AG-916-E17_00561	3
CACJWN010000005.1	27477	27716	+	AG-916-E17_00565	AG-916-E17	79	OG0000770	K23264	phosphoribosylformylglycinamidine synthase subunit PurS [EC:6.3.5.3]	COG1828	PurS	Phosphoribosylformylglycinamidine (FGAM) synthase, PurS subunit	AG-916-E17_00561	4
CACJWN010000005.1	27716	28396	+	AG-916-E17_00566	AG-916-E17	226	OG0000684	K23265	phosphoribosylformylglycinamidine synthase subunit PurQ / glutaminase [EC:6.3.5.3 3.5.1.2]	COG0047	PurL2	Phosphoribosylformylglycinamidine (FGAM) synthase, glutamine amidotransferase domain	AG-916-E17_00561	5
CACJZK010000002.1	99747	101186	-	AG-916-G03_00372	AG-916-G03	479	OG0001531	NA	NA	COG5305	NA	Uncharacterized membrane protein PF0508, contains N-terminal glycosyltransferase domain of PMT family	AG-916-G03_00378	-5
CACJZK010000002.1	101204	101977	-	AG-916-G03_00373	AG-916-G03	257	OG0000972	K00858	NAD+ kinase [EC:2.7.1.23]	COG0061	NadK	NAD kinase	AG-916-G03_00378	-4
CACJZK010000002.1	102146	103120	+	AG-916-G03_00375	AG-916-G03	324	OG0001428	NA	NA	COG0859	RfaF	ADP-heptose:LPS heptosyltransferase	AG-916-G03_00378	-3
CACJZK010000002.1	103089	103517	-	AG-916-G03_00376	AG-916-G03	142	OG0001035	K00682	gamma-glutamylcyclotransferase [EC:4.3.2.9]	COG2105	YtfP	Predicted gamma-glutamylamine cyclotransferase YtfP, GGCT/AIG2-like family	AG-916-G03_00378	-2
CACJZK010000002.1	103519	104280	-	AG-916-G03_00377	AG-916-G03	253	OG0000807	NA	NA	COG1058	CinA	ADP-ribose pyrophosphatase domain of DNA damage- and competence-inducible protein CinA	AG-916-G03_00378	-1
CACJZK010000002.1	104299	105000	+	AG-916-G03_00378	AG-916-G03	233	OG0000819	K06206	sugar fermentation stimulation protein A	COG1489	SfsA	DNA-binding protein, stimulates sugar fermentation	AG-916-G03_00378	0
CACJZK010000002.1	104993	105769	+	AG-916-G03_00379	AG-916-G03	258	OG0000721	K01265	methionyl aminopeptidase [EC:3.4.11.18]	COG0024	Map	Methionine aminopeptidase	AG-916-G03_00378	1
CACJZK010000002.1	105766	107061	+	AG-916-G03_00380	AG-916-G03	431	OG0000779	K01756	adenylosuccinate lyase [EC:4.3.2.2]	COG0015	PurB	Adenylosuccinate lyase	AG-916-G03_00378	2
CACJZK010000002.1	107066	107851	+	AG-916-G03_00381	AG-916-G03	261	OG0000769	K01923	phosphoribosylaminoimidazole-succinocarboxamide synthase [EC:6.3.2.6]	COG0152	PurC	Phosphoribosylaminoimidazole-succinocarboxamide synthase	AG-916-G03_00378	3
CACJZK010000002.1	107853	108092	+	AG-916-G03_00382	AG-916-G03	79	OG0000770	K23264	phosphoribosylformylglycinamidine synthase subunit PurS [EC:6.3.5.3]	COG1828	PurS	Phosphoribosylformylglycinamidine (FGAM) synthase, PurS subunit	AG-916-G03_00378	4
CACJZK010000002.1	108094	108771	+	AG-916-G03_00383	AG-916-G03	225	OG0000684	K23265	phosphoribosylformylglycinamidine synthase subunit PurQ / glutaminase [EC:6.3.5.3 3.5.1.2]	COG0047	PurL2	Phosphoribosylformylglycinamidine (FGAM) synthase, glutamine amidotransferase domain	AG-916-G03_00378	5
CACJXK010000011.1	6143	6454	-	AG-916-G09_01290	AG-916-G09	103	OG0001043	NA	NA	COG4392	AzlD2	Branched-chain amino acid transport protein	AG-916-G09_01295	-5
CACJXK010000011.1	6451	7137	-	AG-916-G09_01291	AG-916-G09	228	OG0001044	NA	NA	COG1296	AzlC	Predicted branched-chain amino acid permease (azaleucine resistance)	AG-916-G09_01295	-4
CACJXK010000011.1	7197	8165	+	AG-916-G09_01292	AG-916-G09	322	OG0001428	NA	NA	COG0859	RfaF	ADP-heptose:LPS heptosyltransferase	AG-916-G09_01295	-3
CACJXK010000011.1	8151	8555	-	AG-916-G09_01293	AG-916-G09	134	OG0001035	K00682	gamma-glutamylcyclotransferase [EC:4.3.2.9]	COG2105	YtfP	Predicted gamma-glutamylamine cyclotransferase YtfP, GGCT/AIG2-like family	AG-916-G09_01295	-2
CACJXK010000011.1	8555	9307	-	AG-916-G09_01294	AG-916-G09	250	OG0000807	NA	NA	COG1058	CinA	ADP-ribose pyrophosphatase domain of DNA damage- and competence-inducible protein CinA	AG-916-G09_01295	-1
CACJXK010000011.1	9330	10016	+	AG-916-G09_01295	AG-916-G09	228	OG0000819	K06206	sugar fermentation stimulation protein A	COG1489	SfsA	DNA-binding protein, stimulates sugar fermentation	AG-916-G09_01295	0
CACJXK010000011.1	10009	10779	+	AG-916-G09_01296	AG-916-G09	256	OG0000721	K01265	methionyl aminopeptidase [EC:3.4.11.18]	COG0024	Map	Methionine aminopeptidase	AG-916-G09_01295	1
CACJXK010000011.1	10779	12071	+	AG-916-G09_01297	AG-916-G09	430	OG0000779	K01756	adenylosuccinate lyase [EC:4.3.2.2]	COG0015	PurB	Adenylosuccinate lyase	AG-916-G09_01295	2
CACJZJ010000003.1	352	1644	-	AG-916-G19_00738	AG-916-G19	430	OG0000779	K01756	adenylosuccinate lyase [EC:4.3.2.2]	COG0015	PurB	Adenylosuccinate lyase	AG-916-G19_00740	-2
CACJZJ010000003.1	1648	2421	-	AG-916-G19_00739	AG-916-G19	257	OG0000721	K01265	methionyl aminopeptidase [EC:3.4.11.18]	COG0024	Map	Methionine aminopeptidase	AG-916-G19_00740	-1
CACJZJ010000003.1	2414	3112	-	AG-916-G19_00740	AG-916-G19	232	OG0000819	K06206	sugar fermentation stimulation protein A	COG1489	SfsA	DNA-binding protein, stimulates sugar fermentation	AG-916-G19_00740	0
CACJZJ010000003.1	3134	3883	+	AG-916-G19_00741	AG-916-G19	249	OG0000807	NA	NA	COG1058	CinA	ADP-ribose pyrophosphatase domain of DNA damage- and competence-inducible protein CinA	AG-916-G19_00740	1
CACJZJ010000003.1	3884	4285	+	AG-916-G19_00742	AG-916-G19	133	OG0001035	K00682	gamma-glutamylcyclotransferase [EC:4.3.2.9]	COG2105	YtfP	Predicted gamma-glutamylamine cyclotransferase YtfP, GGCT/AIG2-like family	AG-916-G19_00740	2
CACJZJ010000003.1	4472	5101	+	AG-916-G19_00743	AG-916-G19	209	OG0001361	NA	NA	NA	NA	NA	AG-916-G19_00740	3
CACJZJ010000003.1	5134	6879	-	AG-916-G19_00744	AG-916-G19	581	OG0001383	NA	NA	COG0366	AmyA	Glycosidase/amylase (phosphorylase)	AG-916-G19_00740	4
CACJZJ010000003.1	6879	8099	-	AG-916-G19_00745	AG-916-G19	406	OG0001273	K13693	glucosyl-3-phosphoglycerate synthase [EC:2.4.1.266]	NA	NA	NA	AG-916-G19_00740	5
CACKAB010000010.1	652	1428	-	AG-916-J11_01047	AG-916-J11	258	OG0001392	NA	NA	COG0463	WcaA	Glycosyltransferase involved in cell wall bisynthesis	AG-916-J11_01050	-3
CACKAB010000010.1	1428	2720	-	AG-916-J11_01048	AG-916-J11	430	OG0000779	K01756	adenylosuccinate lyase [EC:4.3.2.2]	COG0015	PurB	Adenylosuccinate lyase	AG-916-J11_01050	-2
CACKAB010000010.1	2720	3487	-	AG-916-J11_01049	AG-916-J11	255	OG0000721	K01265	methionyl aminopeptidase [EC:3.4.11.18]	COG0024	Map	Methionine aminopeptidase	AG-916-J11_01050	-1
CACKAB010000010.1	3480	4166	-	AG-916-J11_01050	AG-916-J11	228	OG0000819	K06206	sugar fermentation stimulation protein A	COG1489	SfsA	DNA-binding protein, stimulates sugar fermentation	AG-916-J11_01050	0
CACKAB010000010.1	4189	4941	+	AG-916-J11_01051	AG-916-J11	250	OG0000807	NA	NA	COG1058	CinA	ADP-ribose pyrophosphatase domain of DNA damage- and competence-inducible protein CinA	AG-916-J11_01050	1
CACKAB010000010.1	4941	5348	+	AG-916-J11_01052	AG-916-J11	135	OG0001035	K00682	gamma-glutamylcyclotransferase [EC:4.3.2.9]	COG2105	YtfP	Predicted gamma-glutamylamine cyclotransferase YtfP, GGCT/AIG2-like family	AG-916-J11_01050	2
CACKAB010000010.1	5341	5679	-	AG-916-J11_01053	AG-916-J11	112	OG0001370	NA	NA	NA	NA	NA	AG-916-J11_01050	3
CACKAB010000010.1	5683	6081	-	AG-916-J11_01054	AG-916-J11	132	OG0000638	K09823	Fur family transcriptional regulator, zinc uptake regulator	COG0735	Fur	Fe2+ or Zn2+ uptake regulation protein Fur/Zur	AG-916-J11_01050	4
CACKAB010000010.1	6104	6907	-	AG-916-J11_01055	AG-916-J11	267	OG0000964	K09816	zinc transport system permease protein	COG1108	ZnuB	ABC-type Mn2+/Zn2+ transport system, permease component	AG-916-J11_01050	5
CACKFZ010000010.1	29773	30993	+	AG-916-M15_00820	AG-916-M15	406	OG0001273	K13693	glucosyl-3-phosphoglycerate synthase [EC:2.4.1.266]	NA	NA	NA	AG-916-M15_00825	-5
CACKFZ010000010.1	30993	32255	+	AG-916-M15_00821	AG-916-M15	420	OG0001281	NA	NA	COG3408	GDB1	Glycogen debranching enzyme (alpha-1,6-glucosidase)	AG-916-M15_00825	-4
CACKFZ010000010.1	32252	33562	-	AG-916-M15_00822	AG-916-M15	436	OG0001333	NA	NA	COG4091	NA	Predicted homoserine dehydrogenase, contains C-terminal SAF domain	AG-916-M15_00825	-3
CACKFZ010000010.1	33571	33972	-	AG-916-M15_00823	AG-916-M15	133	OG0001035	K00682	gamma-glutamylcyclotransferase [EC:4.3.2.9]	COG2105	YtfP	Predicted gamma-glutamylamine cyclotransferase YtfP, GGCT/AIG2-like family	AG-916-M15_00825	-2
CACKFZ010000010.1	33972	34721	-	AG-916-M15_00824	AG-916-M15	249	OG0000807	NA	NA	COG1058	CinA	ADP-ribose pyrophosphatase domain of DNA damage- and competence-inducible protein CinA	AG-916-M15_00825	-1
CACKFZ010000010.1	34742	35440	+	AG-916-M15_00825	AG-916-M15	232	OG0000819	K06206	sugar fermentation stimulation protein A	COG1489	SfsA	DNA-binding protein, stimulates sugar fermentation	AG-916-M15_00825	0
CACKFZ010000010.1	35433	36203	+	AG-916-M15_00826	AG-916-M15	256	OG0000721	K01265	methionyl aminopeptidase [EC:3.4.11.18]	COG0024	Map	Methionine aminopeptidase	AG-916-M15_00825	1
CACKFZ010000010.1	36207	37499	+	AG-916-M15_00827	AG-916-M15	430	OG0000779	K01756	adenylosuccinate lyase [EC:4.3.2.2]	COG0015	PurB	Adenylosuccinate lyase	AG-916-M15_00825	2
CACKFZ010000010.1	37499	38284	+	AG-916-M15_00828	AG-916-M15	261	OG0000769	K01923	phosphoribosylaminoimidazole-succinocarboxamide synthase [EC:6.3.2.6]	COG0152	PurC	Phosphoribosylaminoimidazole-succinocarboxamide synthase	AG-916-M15_00825	3
CACKFZ010000010.1	38281	38523	+	AG-916-M15_00829	AG-916-M15	80	OG0000770	K23264	phosphoribosylformylglycinamidine synthase subunit PurS [EC:6.3.5.3]	COG1828	PurS	Phosphoribosylformylglycinamidine (FGAM) synthase, PurS subunit	AG-916-M15_00825	4
CACKFZ010000010.1	38527	39210	+	AG-916-M15_00830	AG-916-M15	227	OG0000684	K23265	phosphoribosylformylglycinamidine synthase subunit PurQ / glutaminase [EC:6.3.5.3 3.5.1.2]	COG0047	PurL2	Phosphoribosylformylglycinamidine (FGAM) synthase, glutamine amidotransferase domain	AG-916-M15_00825	5
CACKFA010000010.1	28604	29287	-	AG-916-N14_01171	AG-916-N14	227	OG0000684	K23265	phosphoribosylformylglycinamidine synthase subunit PurQ / glutaminase [EC:6.3.5.3 3.5.1.2]	COG0047	PurL2	Phosphoribosylformylglycinamidine (FGAM) synthase, glutamine amidotransferase domain	AG-916-N14_01176	-5
CACKFA010000010.1	29291	29533	-	AG-916-N14_01172	AG-916-N14	80	OG0000770	K23264	phosphoribosylformylglycinamidine synthase subunit PurS [EC:6.3.5.3]	COG1828	PurS	Phosphoribosylformylglycinamidine (FGAM) synthase, PurS subunit	AG-916-N14_01176	-4
CACKFA010000010.1	29530	30315	-	AG-916-N14_01173	AG-916-N14	261	OG0000769	K01923	phosphoribosylaminoimidazole-succinocarboxamide synthase [EC:6.3.2.6]	COG0152	PurC	Phosphoribosylaminoimidazole-succinocarboxamide synthase	AG-916-N14_01176	-3
CACKFA010000010.1	30315	31607	-	AG-916-N14_01174	AG-916-N14	430	OG0000779	K01756	adenylosuccinate lyase [EC:4.3.2.2]	COG0015	PurB	Adenylosuccinate lyase	AG-916-N14_01176	-2
CACKFA010000010.1	31611	32381	-	AG-916-N14_01175	AG-916-N14	256	OG0000721	K01265	methionyl aminopeptidase [EC:3.4.11.18]	COG0024	Map	Methionine aminopeptidase	AG-916-N14_01176	-1
CACKFA010000010.1	32374	33072	-	AG-916-N14_01176	AG-916-N14	232	OG0000819	K06206	sugar fermentation stimulation protein A	COG1489	SfsA	DNA-binding protein, stimulates sugar fermentation	AG-916-N14_01176	0
CACKFA010000010.1	33093	33842	+	AG-916-N14_01177	AG-916-N14	249	OG0000807	NA	NA	COG1058	CinA	ADP-ribose pyrophosphatase domain of DNA damage- and competence-inducible protein CinA	AG-916-N14_01176	1
CACKFA010000010.1	33842	34243	+	AG-916-N14_01178	AG-916-N14	133	OG0001035	K00682	gamma-glutamylcyclotransferase [EC:4.3.2.9]	COG2105	YtfP	Predicted gamma-glutamylamine cyclotransferase YtfP, GGCT/AIG2-like family	AG-916-N14_01176	2
CACKGF010000001.1	250756	251715	+	AG-916-O13_00290	AG-916-O13	319	OG0000777	NA	NA	NA	NA	NA	AG-916-O13_00295	-5
CACKGF010000001.1	251719	252030	-	AG-916-O13_00291	AG-916-O13	103	OG0001043	NA	NA	COG4392	AzlD2	Branched-chain amino acid transport protein	AG-916-O13_00295	-4
CACKGF010000001.1	252027	252713	-	AG-916-O13_00292	AG-916-O13	228	OG0001044	NA	NA	COG1296	AzlC	Predicted branched-chain amino acid permease (azaleucine resistance)	AG-916-O13_00295	-3
CACKGF010000001.1	252715	253116	-	AG-916-O13_00293	AG-916-O13	133	OG0001035	K00682	gamma-glutamylcyclotransferase [EC:4.3.2.9]	COG2105	YtfP	Predicted gamma-glutamylamine cyclotransferase YtfP, GGCT/AIG2-like family	AG-916-O13_00295	-2
CACKGF010000001.1	253116	253868	-	AG-916-O13_00294	AG-916-O13	250	OG0000807	NA	NA	COG1058	CinA	ADP-ribose pyrophosphatase domain of DNA damage- and competence-inducible protein CinA	AG-916-O13_00295	-1
CACKGF010000001.1	253891	254577	+	AG-916-O13_00295	AG-916-O13	228	OG0000819	K06206	sugar fermentation stimulation protein A	COG1489	SfsA	DNA-binding protein, stimulates sugar fermentation	AG-916-O13_00295	0
CACKGF010000001.1	254570	255340	+	AG-916-O13_00296	AG-916-O13	256	OG0000721	K01265	methionyl aminopeptidase [EC:3.4.11.18]	COG0024	Map	Methionine aminopeptidase	AG-916-O13_00295	1
CACKGF010000001.1	255340	256632	+	AG-916-O13_00297	AG-916-O13	430	OG0000779	K01756	adenylosuccinate lyase [EC:4.3.2.2]	COG0015	PurB	Adenylosuccinate lyase	AG-916-O13_00295	2
CACKGF010000001.1	256632	257414	+	AG-916-O13_00298	AG-916-O13	260	OG0000769	K01923	phosphoribosylaminoimidazole-succinocarboxamide synthase [EC:6.3.2.6]	COG0152	PurC	Phosphoribosylaminoimidazole-succinocarboxamide synthase	AG-916-O13_00295	3
CACKGF010000001.1	257415	257648	+	AG-916-O13_00299	AG-916-O13	77	OG0000770	K23264	phosphoribosylformylglycinamidine synthase subunit PurS [EC:6.3.5.3]	COG1828	PurS	Phosphoribosylformylglycinamidine (FGAM) synthase, PurS subunit	AG-916-O13_00295	4
CACKGF010000001.1	257648	258331	+	AG-916-O13_00300	AG-916-O13	227	OG0000684	K23265	phosphoribosylformylglycinamidine synthase subunit PurQ / glutaminase [EC:6.3.5.3 3.5.1.2]	COG0047	PurL2	Phosphoribosylformylglycinamidine (FGAM) synthase, glutamine amidotransferase domain	AG-916-O13_00295	5
CACKGK010000004.1	95274	95954	-	AG-916-O20_00530	AG-916-O20	226	OG0000684	K23265	phosphoribosylformylglycinamidine synthase subunit PurQ / glutaminase [EC:6.3.5.3 3.5.1.2]	COG0047	PurL2	Phosphoribosylformylglycinamidine (FGAM) synthase, glutamine amidotransferase domain	AG-916-O20_00535	-5
CACKGK010000004.1	95962	96195	-	AG-916-O20_00531	AG-916-O20	77	OG0000770	K23264	phosphoribosylformylglycinamidine synthase subunit PurS [EC:6.3.5.3]	COG1828	PurS	Phosphoribosylformylglycinamidine (FGAM) synthase, PurS subunit	AG-916-O20_00535	-4
CACKGK010000004.1	96192	96977	-	AG-916-O20_00532	AG-916-O20	261	OG0000769	K01923	phosphoribosylaminoimidazole-succinocarboxamide synthase [EC:6.3.2.6]	COG0152	PurC	Phosphoribosylaminoimidazole-succinocarboxamide synthase	AG-916-O20_00535	-3
CACKGK010000004.1	96977	98269	-	AG-916-O20_00533	AG-916-O20	430	OG0000779	K01756	adenylosuccinate lyase [EC:4.3.2.2]	COG0015	PurB	Adenylosuccinate lyase	AG-916-O20_00535	-2
CACKGK010000004.1	98269	99039	-	AG-916-O20_00534	AG-916-O20	256	OG0000721	K01265	methionyl aminopeptidase [EC:3.4.11.18]	COG0024	Map	Methionine aminopeptidase	AG-916-O20_00535	-1
CACKGK010000004.1	99032	99718	-	AG-916-O20_00535	AG-916-O20	228	OG0000819	K06206	sugar fermentation stimulation protein A	COG1489	SfsA	DNA-binding protein, stimulates sugar fermentation	AG-916-O20_00535	0
CACKGK010000004.1	99741	100493	+	AG-916-O20_00536	AG-916-O20	250	OG0000807	NA	NA	COG1058	CinA	ADP-ribose pyrophosphatase domain of DNA damage- and competence-inducible protein CinA	AG-916-O20_00535	1
CACKGK010000004.1	100493	100897	+	AG-916-O20_00537	AG-916-O20	134	OG0001035	K00682	gamma-glutamylcyclotransferase [EC:4.3.2.9]	COG2105	YtfP	Predicted gamma-glutamylamine cyclotransferase YtfP, GGCT/AIG2-like family	AG-916-O20_00535	2
CACKGK010000004.1	100883	101851	-	AG-916-O20_00538	AG-916-O20	322	OG0001428	NA	NA	COG0859	RfaF	ADP-heptose:LPS heptosyltransferase	AG-916-O20_00535	3
CACKGK010000004.1	101910	102596	+	AG-916-O20_00539	AG-916-O20	228	OG0001044	NA	NA	COG1296	AzlC	Predicted branched-chain amino acid permease (azaleucine resistance)	AG-916-O20_00535	4
CACKGK010000004.1	102593	102904	+	AG-916-O20_00540	AG-916-O20	103	OG0001043	NA	NA	COG4392	AzlD2	Branched-chain amino acid transport protein	AG-916-O20_00535	5
CACKJD010000004.1	11747	12430	-	AG-917-B07_00772	AG-917-B07	227	OG0000684	K23265	phosphoribosylformylglycinamidine synthase subunit PurQ / glutaminase [EC:6.3.5.3 3.5.1.2]	COG0047	PurL2	Phosphoribosylformylglycinamidine (FGAM) synthase, glutamine amidotransferase domain	AG-917-B07_00777	-5
CACKJD010000004.1	12431	12664	-	AG-917-B07_00773	AG-917-B07	77	OG0000770	K23264	phosphoribosylformylglycinamidine synthase subunit PurS [EC:6.3.5.3]	COG1828	PurS	Phosphoribosylformylglycinamidine (FGAM) synthase, PurS subunit	AG-917-B07_00777	-4
CACKJD010000004.1	12661	13449	-	AG-917-B07_00774	AG-917-B07	262	OG0000769	K01923	phosphoribosylaminoimidazole-succinocarboxamide synthase [EC:6.3.2.6]	COG0152	PurC	Phosphoribosylaminoimidazole-succinocarboxamide synthase	AG-917-B07_00777	-3
CACKJD010000004.1	13449	14741	-	AG-917-B07_00775	AG-917-B07	430	OG0000779	K01756	adenylosuccinate lyase [EC:4.3.2.2]	COG0015	PurB	Adenylosuccinate lyase	AG-917-B07_00777	-2
CACKJD010000004.1	14741	15511	-	AG-917-B07_00776	AG-917-B07	256	OG0000721	K01265	methionyl aminopeptidase [EC:3.4.11.18]	COG0024	Map	Methionine aminopeptidase	AG-917-B07_00777	-1
CACKJD010000004.1	15504	16190	-	AG-917-B07_00777	AG-917-B07	228	OG0000819	K06206	sugar fermentation stimulation protein A	COG1489	SfsA	DNA-binding protein, stimulates sugar fermentation	AG-917-B07_00777	0
CACKJD010000004.1	16213	16956	+	AG-917-B07_00778	AG-917-B07	247	OG0000807	NA	NA	COG1058	CinA	ADP-ribose pyrophosphatase domain of DNA damage- and competence-inducible protein CinA	AG-917-B07_00777	1
CACKJD010000004.1	16963	17367	+	AG-917-B07_00779	AG-917-B07	134	OG0001035	K00682	gamma-glutamylcyclotransferase [EC:4.3.2.9]	COG2105	YtfP	Predicted gamma-glutamylamine cyclotransferase YtfP, GGCT/AIG2-like family	AG-917-B07_00777	2
CACKJD010000004.1	17368	18054	+	AG-917-B07_00780	AG-917-B07	228	OG0001044	NA	NA	COG1296	AzlC	Predicted branched-chain amino acid permease (azaleucine resistance)	AG-917-B07_00777	3
CACKJD010000004.1	18051	18362	+	AG-917-B07_00781	AG-917-B07	103	OG0001043	NA	NA	COG4392	AzlD2	Branched-chain amino acid transport protein	AG-917-B07_00777	4
CACKJD010000004.1	18359	20092	-	AG-917-B07_00782	AG-917-B07	577	OG0001383	NA	NA	COG0366	AmyA	Glycosidase/amylase (phosphorylase)	AG-917-B07_00777	5
CACKKI010000004.1	106440	107123	-	AG-917-C08_00787	AG-917-C08	227	OG0000684	K23265	phosphoribosylformylglycinamidine synthase subunit PurQ / glutaminase [EC:6.3.5.3 3.5.1.2]	COG0047	PurL2	Phosphoribosylformylglycinamidine (FGAM) synthase, glutamine amidotransferase domain	AG-917-C08_00792	-5
CACKKI010000004.1	107127	107369	-	AG-917-C08_00788	AG-917-C08	80	OG0000770	K23264	phosphoribosylformylglycinamidine synthase subunit PurS [EC:6.3.5.3]	COG1828	PurS	Phosphoribosylformylglycinamidine (FGAM) synthase, PurS subunit	AG-917-C08_00792	-4
CACKKI010000004.1	107366	108151	-	AG-917-C08_00789	AG-917-C08	261	OG0000769	K01923	phosphoribosylaminoimidazole-succinocarboxamide synthase [EC:6.3.2.6]	COG0152	PurC	Phosphoribosylaminoimidazole-succinocarboxamide synthase	AG-917-C08_00792	-3
CACKKI010000004.1	108151	109443	-	AG-917-C08_00790	AG-917-C08	430	OG0000779	K01756	adenylosuccinate lyase [EC:4.3.2.2]	COG0015	PurB	Adenylosuccinate lyase	AG-917-C08_00792	-2
CACKKI010000004.1	109447	110217	-	AG-917-C08_00791	AG-917-C08	256	OG0000721	K01265	methionyl aminopeptidase [EC:3.4.11.18]	COG0024	Map	Methionine aminopeptidase	AG-917-C08_00792	-1
CACKKI010000004.1	110210	110908	-	AG-917-C08_00792	AG-917-C08	232	OG0000819	K06206	sugar fermentation stimulation protein A	COG1489	SfsA	DNA-binding protein, stimulates sugar fermentation	AG-917-C08_00792	0
CACKKI010000004.1	110929	111678	+	AG-917-C08_00793	AG-917-C08	249	OG0000807	NA	NA	COG1058	CinA	ADP-ribose pyrophosphatase domain of DNA damage- and competence-inducible protein CinA	AG-917-C08_00792	1
CACKKI010000004.1	111678	112079	+	AG-917-C08_00794	AG-917-C08	133	OG0001035	K00682	gamma-glutamylcyclotransferase [EC:4.3.2.9]	COG2105	YtfP	Predicted gamma-glutamylamine cyclotransferase YtfP, GGCT/AIG2-like family	AG-917-C08_00792	2
CACKKI010000004.1	112088	113398	+	AG-917-C08_00795	AG-917-C08	436	OG0001333	NA	NA	COG4091	NA	Predicted homoserine dehydrogenase, contains C-terminal SAF domain	AG-917-C08_00792	3
CACKKI010000004.1	113395	114657	-	AG-917-C08_00796	AG-917-C08	420	OG0001281	NA	NA	COG3408	GDB1	Glycogen debranching enzyme (alpha-1,6-glucosidase)	AG-917-C08_00792	4
CACKKI010000004.1	114657	115877	-	AG-917-C08_00797	AG-917-C08	406	OG0001273	K13693	glucosyl-3-phosphoglycerate synthase [EC:2.4.1.266]	NA	NA	NA	AG-917-C08_00792	5
CACKKP010000014.1	770	1990	+	AG-917-C11_00958	AG-917-C11	406	OG0001273	K13693	glucosyl-3-phosphoglycerate synthase [EC:2.4.1.266]	NA	NA	NA	AG-917-C11_00963	-5
CACKKP010000014.1	1990	3252	+	AG-917-C11_00959	AG-917-C11	420	OG0001281	NA	NA	COG3408	GDB1	Glycogen debranching enzyme (alpha-1,6-glucosidase)	AG-917-C11_00963	-4
CACKKP010000014.1	3249	4559	-	AG-917-C11_00960	AG-917-C11	436	OG0001333	NA	NA	COG4091	NA	Predicted homoserine dehydrogenase, contains C-terminal SAF domain	AG-917-C11_00963	-3
CACKKP010000014.1	4568	4969	-	AG-917-C11_00961	AG-917-C11	133	OG0001035	K00682	gamma-glutamylcyclotransferase [EC:4.3.2.9]	COG2105	YtfP	Predicted gamma-glutamylamine cyclotransferase YtfP, GGCT/AIG2-like family	AG-917-C11_00963	-2
CACKKP010000014.1	4969	5718	-	AG-917-C11_00962	AG-917-C11	249	OG0000807	NA	NA	COG1058	CinA	ADP-ribose pyrophosphatase domain of DNA damage- and competence-inducible protein CinA	AG-917-C11_00963	-1
CACKKP010000014.1	5739	6437	+	AG-917-C11_00963	AG-917-C11	232	OG0000819	K06206	sugar fermentation stimulation protein A	COG1489	SfsA	DNA-binding protein, stimulates sugar fermentation	AG-917-C11_00963	0
CACKKP010000014.1	6430	7200	+	AG-917-C11_00964	AG-917-C11	256	OG0000721	K01265	methionyl aminopeptidase [EC:3.4.11.18]	COG0024	Map	Methionine aminopeptidase	AG-917-C11_00963	1
CACKKP010000014.1	7204	8496	+	AG-917-C11_00965	AG-917-C11	430	OG0000779	K01756	adenylosuccinate lyase [EC:4.3.2.2]	COG0015	PurB	Adenylosuccinate lyase	AG-917-C11_00963	2
CACKKP010000014.1	8496	9281	+	AG-917-C11_00966	AG-917-C11	261	OG0000769	K01923	phosphoribosylaminoimidazole-succinocarboxamide synthase [EC:6.3.2.6]	COG0152	PurC	Phosphoribosylaminoimidazole-succinocarboxamide synthase	AG-917-C11_00963	3
CACKKP010000014.1	9278	9520	+	AG-917-C11_00967	AG-917-C11	80	OG0000770	K23264	phosphoribosylformylglycinamidine synthase subunit PurS [EC:6.3.5.3]	COG1828	PurS	Phosphoribosylformylglycinamidine (FGAM) synthase, PurS subunit	AG-917-C11_00963	4
CACKKP010000014.1	9524	10207	+	AG-917-C11_00968	AG-917-C11	227	OG0000684	K23265	phosphoribosylformylglycinamidine synthase subunit PurQ / glutaminase [EC:6.3.5.3 3.5.1.2]	COG0047	PurL2	Phosphoribosylformylglycinamidine (FGAM) synthase, glutamine amidotransferase domain	AG-917-C11_00963	5
CACKLD010000001.1	162281	163573	-	AG-917-D03_00200	AG-917-D03	430	OG0001333	NA	NA	COG4091	NA	Predicted homoserine dehydrogenase, contains C-terminal SAF domain	AG-917-D03_00205	-5
CACKLD010000001.1	163578	163895	-	AG-917-D03_00201	AG-917-D03	105	OG0001043	NA	NA	COG4392	AzlD2	Branched-chain amino acid transport protein	AG-917-D03_00205	-4
CACKLD010000001.1	163892	164578	-	AG-917-D03_00202	AG-917-D03	228	OG0001044	NA	NA	COG1296	AzlC	Predicted branched-chain amino acid permease (azaleucine resistance)	AG-917-D03_00205	-3
CACKLD010000001.1	164582	164986	-	AG-917-D03_00203	AG-917-D03	134	OG0001035	K00682	gamma-glutamylcyclotransferase [EC:4.3.2.9]	COG2105	YtfP	Predicted gamma-glutamylamine cyclotransferase YtfP, GGCT/AIG2-like family	AG-917-D03_00205	-2
CACKLD010000001.1	164989	165738	-	AG-917-D03_00204	AG-917-D03	249	OG0000807	NA	NA	COG1058	CinA	ADP-ribose pyrophosphatase domain of DNA damage- and competence-inducible protein CinA	AG-917-D03_00205	-1
CACKLD010000001.1	165761	166447	+	AG-917-D03_00205	AG-917-D03	228	OG0000819	K06206	sugar fermentation stimulation protein A	COG1489	SfsA	DNA-binding protein, stimulates sugar fermentation	AG-917-D03_00205	0
CACKLD010000001.1	166440	167210	+	AG-917-D03_00206	AG-917-D03	256	OG0000721	K01265	methionyl aminopeptidase [EC:3.4.11.18]	COG0024	Map	Methionine aminopeptidase	AG-917-D03_00205	1
CACKLD010000001.1	167210	168502	+	AG-917-D03_00207	AG-917-D03	430	OG0000779	K01756	adenylosuccinate lyase [EC:4.3.2.2]	COG0015	PurB	Adenylosuccinate lyase	AG-917-D03_00205	2
CACKLD010000001.1	168502	169287	+	AG-917-D03_00208	AG-917-D03	261	OG0000769	K01923	phosphoribosylaminoimidazole-succinocarboxamide synthase [EC:6.3.2.6]	COG0152	PurC	Phosphoribosylaminoimidazole-succinocarboxamide synthase	AG-917-D03_00205	3
CACKLD010000001.1	169287	169520	+	AG-917-D03_00209	AG-917-D03	77	OG0000770	K23264	phosphoribosylformylglycinamidine synthase subunit PurS [EC:6.3.5.3]	COG1828	PurS	Phosphoribosylformylglycinamidine (FGAM) synthase, PurS subunit	AG-917-D03_00205	4
CACKLD010000001.1	169524	170207	+	AG-917-D03_00210	AG-917-D03	227	OG0000684	K23265	phosphoribosylformylglycinamidine synthase subunit PurQ / glutaminase [EC:6.3.5.3 3.5.1.2]	COG0047	PurL2	Phosphoribosylformylglycinamidine (FGAM) synthase, glutamine amidotransferase domain	AG-917-D03_00205	5
CACKLO010000001.1	77299	78618	-	AG-917-D09_00091	AG-917-D09	439	OG0001333	NA	NA	COG4091	NA	Predicted homoserine dehydrogenase, contains C-terminal SAF domain	AG-917-D09_00096	-5
CACKLO010000001.1	78594	78908	-	AG-917-D09_00092	AG-917-D09	104	OG0001043	NA	NA	COG4392	AzlD2	Branched-chain amino acid transport protein	AG-917-D09_00096	-4
CACKLO010000001.1	78905	79597	-	AG-917-D09_00093	AG-917-D09	230	OG0001044	NA	NA	COG1296	AzlC	Predicted branched-chain amino acid permease (azaleucine resistance)	AG-917-D09_00096	-3
CACKLO010000001.1	79601	80008	-	AG-917-D09_00094	AG-917-D09	135	OG0001035	K00682	gamma-glutamylcyclotransferase [EC:4.3.2.9]	COG2105	YtfP	Predicted gamma-glutamylamine cyclotransferase YtfP, GGCT/AIG2-like family	AG-917-D09_00096	-2
CACKLO010000001.1	80008	80760	-	AG-917-D09_00095	AG-917-D09	250	OG0000807	NA	NA	COG1058	CinA	ADP-ribose pyrophosphatase domain of DNA damage- and competence-inducible protein CinA	AG-917-D09_00096	-1
CACKLO010000001.1	80782	81471	+	AG-917-D09_00096	AG-917-D09	229	OG0000819	K06206	sugar fermentation stimulation protein A	COG1489	SfsA	DNA-binding protein, stimulates sugar fermentation	AG-917-D09_00096	0
CACKLO010000001.1	81461	82237	+	AG-917-D09_00097	AG-917-D09	258	OG0000721	K01265	methionyl aminopeptidase [EC:3.4.11.18]	COG0024	Map	Methionine aminopeptidase	AG-917-D09_00096	1
CACKLO010000001.1	82237	83529	+	AG-917-D09_00098	AG-917-D09	430	OG0000779	K01756	adenylosuccinate lyase [EC:4.3.2.2]	COG0015	PurB	Adenylosuccinate lyase	AG-917-D09_00096	2
CACKLO010000001.1	83529	84314	+	AG-917-D09_00099	AG-917-D09	261	OG0000769	K01923	phosphoribosylaminoimidazole-succinocarboxamide synthase [EC:6.3.2.6]	COG0152	PurC	Phosphoribosylaminoimidazole-succinocarboxamide synthase	AG-917-D09_00096	3
CACKLO010000001.1	84314	84547	+	AG-917-D09_00100	AG-917-D09	77	OG0000770	K23264	phosphoribosylformylglycinamidine synthase subunit PurS [EC:6.3.5.3]	COG1828	PurS	Phosphoribosylformylglycinamidine (FGAM) synthase, PurS subunit	AG-917-D09_00096	4
CACKLO010000001.1	84554	85237	+	AG-917-D09_00101	AG-917-D09	227	OG0000684	K23265	phosphoribosylformylglycinamidine synthase subunit PurQ / glutaminase [EC:6.3.5.3 3.5.1.2]	COG0047	PurL2	Phosphoribosylformylglycinamidine (FGAM) synthase, glutamine amidotransferase domain	AG-917-D09_00096	5
CACKLR010000002.1	32419	33102	-	AG-917-D14_00150	AG-917-D14	227	OG0000684	K23265	phosphoribosylformylglycinamidine synthase subunit PurQ / glutaminase [EC:6.3.5.3 3.5.1.2]	COG0047	PurL2	Phosphoribosylformylglycinamidine (FGAM) synthase, glutamine amidotransferase domain	AG-917-D14_00155	-5
CACKLR010000002.1	33106	33339	-	AG-917-D14_00151	AG-917-D14	77	OG0000770	K23264	phosphoribosylformylglycinamidine synthase subunit PurS [EC:6.3.5.3]	COG1828	PurS	Phosphoribosylformylglycinamidine (FGAM) synthase, PurS subunit	AG-917-D14_00155	-4
CACKLR010000002.1	33339	34124	-	AG-917-D14_00152	AG-917-D14	261	OG0000769	K01923	phosphoribosylaminoimidazole-succinocarboxamide synthase [EC:6.3.2.6]	COG0152	PurC	Phosphoribosylaminoimidazole-succinocarboxamide synthase	AG-917-D14_00155	-3
CACKLR010000002.1	34124	35416	-	AG-917-D14_00153	AG-917-D14	430	OG0000779	K01756	adenylosuccinate lyase [EC:4.3.2.2]	COG0015	PurB	Adenylosuccinate lyase	AG-917-D14_00155	-2
CACKLR010000002.1	35416	36186	-	AG-917-D14_00154	AG-917-D14	256	OG0000721	K01265	methionyl aminopeptidase [EC:3.4.11.18]	COG0024	Map	Methionine aminopeptidase	AG-917-D14_00155	-1
CACKLR010000002.1	36179	36865	-	AG-917-D14_00155	AG-917-D14	228	OG0000819	K06206	sugar fermentation stimulation protein A	COG1489	SfsA	DNA-binding protein, stimulates sugar fermentation	AG-917-D14_00155	0
CACKLR010000002.1	36888	37637	+	AG-917-D14_00156	AG-917-D14	249	OG0000807	NA	NA	COG1058	CinA	ADP-ribose pyrophosphatase domain of DNA damage- and competence-inducible protein CinA	AG-917-D14_00155	1
CACKLR010000002.1	37640	38044	+	AG-917-D14_00157	AG-917-D14	134	OG0001035	K00682	gamma-glutamylcyclotransferase [EC:4.3.2.9]	COG2105	YtfP	Predicted gamma-glutamylamine cyclotransferase YtfP, GGCT/AIG2-like family	AG-917-D14_00155	2
CACKLR010000002.1	38048	38734	+	AG-917-D14_00158	AG-917-D14	228	OG0001044	NA	NA	COG1296	AzlC	Predicted branched-chain amino acid permease (azaleucine resistance)	AG-917-D14_00155	3
CACKLR010000002.1	38731	39048	+	AG-917-D14_00159	AG-917-D14	105	OG0001043	NA	NA	COG4392	AzlD2	Branched-chain amino acid transport protein	AG-917-D14_00155	4
CACKLR010000002.1	39053	40345	+	AG-917-D14_00160	AG-917-D14	430	OG0001333	NA	NA	COG4091	NA	Predicted homoserine dehydrogenase, contains C-terminal SAF domain	AG-917-D14_00155	5
CACKMB010000003.1	67918	69210	-	AG-917-D23_00495	AG-917-D23	430	OG0001333	NA	NA	COG4091	NA	Predicted homoserine dehydrogenase, contains C-terminal SAF domain	AG-917-D23_00500	-5
CACKMB010000003.1	69215	69532	-	AG-917-D23_00496	AG-917-D23	105	OG0001043	NA	NA	COG4392	AzlD2	Branched-chain amino acid transport protein	AG-917-D23_00500	-4
CACKMB010000003.1	69529	70215	-	AG-917-D23_00497	AG-917-D23	228	OG0001044	NA	NA	COG1296	AzlC	Predicted branched-chain amino acid permease (azaleucine resistance)	AG-917-D23_00500	-3
CACKMB010000003.1	70219	70623	-	AG-917-D23_00498	AG-917-D23	134	OG0001035	K00682	gamma-glutamylcyclotransferase [EC:4.3.2.9]	COG2105	YtfP	Predicted gamma-glutamylamine cyclotransferase YtfP, GGCT/AIG2-like family	AG-917-D23_00500	-2
CACKMB010000003.1	70626	71375	-	AG-917-D23_00499	AG-917-D23	249	OG0000807	NA	NA	COG1058	CinA	ADP-ribose pyrophosphatase domain of DNA damage- and competence-inducible protein CinA	AG-917-D23_00500	-1
CACKMB010000003.1	71398	72084	+	AG-917-D23_00500	AG-917-D23	228	OG0000819	K06206	sugar fermentation stimulation protein A	COG1489	SfsA	DNA-binding protein, stimulates sugar fermentation	AG-917-D23_00500	0
CACKMB010000003.1	72077	72847	+	AG-917-D23_00501	AG-917-D23	256	OG0000721	K01265	methionyl aminopeptidase [EC:3.4.11.18]	COG0024	Map	Methionine aminopeptidase	AG-917-D23_00500	1
CACKMB010000003.1	72847	74139	+	AG-917-D23_00502	AG-917-D23	430	OG0000779	K01756	adenylosuccinate lyase [EC:4.3.2.2]	COG0015	PurB	Adenylosuccinate lyase	AG-917-D23_00500	2
CACKMB010000003.1	74139	74924	+	AG-917-D23_00503	AG-917-D23	261	OG0000769	K01923	phosphoribosylaminoimidazole-succinocarboxamide synthase [EC:6.3.2.6]	COG0152	PurC	Phosphoribosylaminoimidazole-succinocarboxamide synthase	AG-917-D23_00500	3
CACKMB010000003.1	74924	75157	+	AG-917-D23_00504	AG-917-D23	77	OG0000770	K23264	phosphoribosylformylglycinamidine synthase subunit PurS [EC:6.3.5.3]	COG1828	PurS	Phosphoribosylformylglycinamidine (FGAM) synthase, PurS subunit	AG-917-D23_00500	4
CACKMB010000003.1	75161	75844	+	AG-917-D23_00505	AG-917-D23	227	OG0000684	K23265	phosphoribosylformylglycinamidine synthase subunit PurQ / glutaminase [EC:6.3.5.3 3.5.1.2]	COG0047	PurL2	Phosphoribosylformylglycinamidine (FGAM) synthase, glutamine amidotransferase domain	AG-917-D23_00500	5
CACKMS010000002.1	85334	86017	-	AG-917-E05_00247	AG-917-E05	227	OG0000684	K23265	phosphoribosylformylglycinamidine synthase subunit PurQ / glutaminase [EC:6.3.5.3 3.5.1.2]	COG0047	PurL2	Phosphoribosylformylglycinamidine (FGAM) synthase, glutamine amidotransferase domain	AG-917-E05_00252	-5
CACKMS010000002.1	86024	86257	-	AG-917-E05_00248	AG-917-E05	77	OG0000770	K23264	phosphoribosylformylglycinamidine synthase subunit PurS [EC:6.3.5.3]	COG1828	PurS	Phosphoribosylformylglycinamidine (FGAM) synthase, PurS subunit	AG-917-E05_00252	-4
CACKMS010000002.1	86257	87042	-	AG-917-E05_00249	AG-917-E05	261	OG0000769	K01923	phosphoribosylaminoimidazole-succinocarboxamide synthase [EC:6.3.2.6]	COG0152	PurC	Phosphoribosylaminoimidazole-succinocarboxamide synthase	AG-917-E05_00252	-3
CACKMS010000002.1	87042	88334	-	AG-917-E05_00250	AG-917-E05	430	OG0000779	K01756	adenylosuccinate lyase [EC:4.3.2.2]	COG0015	PurB	Adenylosuccinate lyase	AG-917-E05_00252	-2
CACKMS010000002.1	88334	89110	-	AG-917-E05_00251	AG-917-E05	258	OG0000721	K01265	methionyl aminopeptidase [EC:3.4.11.18]	COG0024	Map	Methionine aminopeptidase	AG-917-E05_00252	-1
CACKMS010000002.1	89100	89795	-	AG-917-E05_00252	AG-917-E05	231	OG0000819	K06206	sugar fermentation stimulation protein A	COG1489	SfsA	DNA-binding protein, stimulates sugar fermentation	AG-917-E05_00252	0
CACKMS010000002.1	89811	90563	+	AG-917-E05_00253	AG-917-E05	250	OG0000807	NA	NA	COG1058	CinA	ADP-ribose pyrophosphatase domain of DNA damage- and competence-inducible protein CinA	AG-917-E05_00252	1
CACKMS010000002.1	90563	90970	+	AG-917-E05_00254	AG-917-E05	135	OG0001035	K00682	gamma-glutamylcyclotransferase [EC:4.3.2.9]	COG2105	YtfP	Predicted gamma-glutamylamine cyclotransferase YtfP, GGCT/AIG2-like family	AG-917-E05_00252	2
CACKMS010000002.1	90974	91663	+	AG-917-E05_00255	AG-917-E05	229	OG0001044	NA	NA	COG1296	AzlC	Predicted branched-chain amino acid permease (azaleucine resistance)	AG-917-E05_00252	3
CACKMS010000002.1	91660	91974	+	AG-917-E05_00256	AG-917-E05	104	OG0001043	NA	NA	COG4392	AzlD2	Branched-chain amino acid transport protein	AG-917-E05_00252	4
CACKMS010000002.1	91989	93710	-	AG-917-E05_00257	AG-917-E05	573	OG0001383	NA	NA	COG0366	AmyA	Glycosidase/amylase (phosphorylase)	AG-917-E05_00252	5
CACKMU010000006.1	29394	30137	+	AG-917-E14_00572	AG-917-E14	247	OG0000786	NA	NA	COG0566	SpoU	tRNA G18 (ribose-2'-O)-methylase SpoU	AG-917-E14_00579	-5
CACKMU010000006.1	30144	31289	+	AG-917-E14_00573	AG-917-E14	381	OG0001129	NA	NA	COG2755	TesA	Lysophospholipase L1 or related esterase. Includes spore coat protein LipC/YcsK	AG-917-E14_00579	-4
CACKMU010000006.1	31449	32204	-	AG-917-E14_00575	AG-917-E14	251	OG0000008	NA	NA	COG4976	NA	Predicted methyltransferase, contains TPR repeat	AG-917-E14_00579	-3
CACKMU010000006.1	33301	34254	+	AG-917-E14_00577	AG-917-E14	317	OG0001428	NA	NA	COG0859	RfaF	ADP-heptose:LPS heptosyltransferase	AG-917-E14_00579	-2
CACKMU010000006.1	34251	35009	-	AG-917-E14_00578	AG-917-E14	252	OG0000807	NA	NA	COG1058	CinA	ADP-ribose pyrophosphatase domain of DNA damage- and competence-inducible protein CinA	AG-917-E14_00579	-1
CACKMU010000006.1	35026	35724	+	AG-917-E14_00579	AG-917-E14	232	OG0000819	K06206	sugar fermentation stimulation protein A	COG1489	SfsA	DNA-binding protein, stimulates sugar fermentation	AG-917-E14_00579	0
CACKMU010000006.1	35721	36473	+	AG-917-E14_00580	AG-917-E14	250	OG0000721	K01265	methionyl aminopeptidase [EC:3.4.11.18]	COG0024	Map	Methionine aminopeptidase	AG-917-E14_00579	1
CACKMU010000006.1	36470	37768	+	AG-917-E14_00581	AG-917-E14	432	OG0000779	K01756	adenylosuccinate lyase [EC:4.3.2.2]	COG0015	PurB	Adenylosuccinate lyase	AG-917-E14_00579	2
CACKMU010000006.1	37773	38564	+	AG-917-E14_00582	AG-917-E14	263	OG0000769	K01923	phosphoribosylaminoimidazole-succinocarboxamide synthase [EC:6.3.2.6]	COG0152	PurC	Phosphoribosylaminoimidazole-succinocarboxamide synthase	AG-917-E14_00579	3
CACKMU010000006.1	38566	38805	+	AG-917-E14_00583	AG-917-E14	79	OG0000770	K23264	phosphoribosylformylglycinamidine synthase subunit PurS [EC:6.3.5.3]	COG1828	PurS	Phosphoribosylformylglycinamidine (FGAM) synthase, PurS subunit	AG-917-E14_00579	4
CACKMU010000006.1	38802	39482	+	AG-917-E14_00584	AG-917-E14	226	OG0000684	K23265	phosphoribosylformylglycinamidine synthase subunit PurQ / glutaminase [EC:6.3.5.3 3.5.1.2]	COG0047	PurL2	Phosphoribosylformylglycinamidine (FGAM) synthase, glutamine amidotransferase domain	AG-917-E14_00579	5
CACKNW010000002.1	8506	9780	+	AG-917-F16_00180	AG-917-F16	424	OG0000093	NA	NA	COG0399	WecE	dTDP-4-amino-4,6-dideoxygalactose transaminase	AG-917-F16_00185	-5
CACKNW010000002.1	9790	10356	-	AG-917-F16_00181	AG-917-F16	188	OG0003038	NA	NA	NA	NA	NA	AG-917-F16_00185	-4
CACKNW010000002.1	10358	11614	-	AG-917-F16_00182	AG-917-F16	418	OG0001354	NA	NA	NA	NA	NA	AG-917-F16_00185	-3
CACKNW010000002.1	11639	12040	-	AG-917-F16_00183	AG-917-F16	133	OG0001035	K00682	gamma-glutamylcyclotransferase [EC:4.3.2.9]	COG2105	YtfP	Predicted gamma-glutamylamine cyclotransferase YtfP, GGCT/AIG2-like family	AG-917-F16_00185	-2
CACKNW010000002.1	12042	12791	-	AG-917-F16_00184	AG-917-F16	249	OG0000807	NA	NA	COG1058	CinA	ADP-ribose pyrophosphatase domain of DNA damage- and competence-inducible protein CinA	AG-917-F16_00185	-1
CACKNW010000002.1	12813	13511	+	AG-917-F16_00185	AG-917-F16	232	OG0000819	K06206	sugar fermentation stimulation protein A	COG1489	SfsA	DNA-binding protein, stimulates sugar fermentation	AG-917-F16_00185	0
CACKNW010000002.1	13504	14274	+	AG-917-F16_00186	AG-917-F16	256	OG0000721	K01265	methionyl aminopeptidase [EC:3.4.11.18]	COG0024	Map	Methionine aminopeptidase	AG-917-F16_00185	1
CACKNW010000002.1	14274	15566	+	AG-917-F16_00187	AG-917-F16	430	OG0000779	K01756	adenylosuccinate lyase [EC:4.3.2.2]	COG0015	PurB	Adenylosuccinate lyase	AG-917-F16_00185	2
CACKNW010000002.1	15566	16351	+	AG-917-F16_00188	AG-917-F16	261	OG0000769	K01923	phosphoribosylaminoimidazole-succinocarboxamide synthase [EC:6.3.2.6]	COG0152	PurC	Phosphoribosylaminoimidazole-succinocarboxamide synthase	AG-917-F16_00185	3
CACKNW010000002.1	16348	16581	+	AG-917-F16_00189	AG-917-F16	77	OG0000770	K23264	phosphoribosylformylglycinamidine synthase subunit PurS [EC:6.3.5.3]	COG1828	PurS	Phosphoribosylformylglycinamidine (FGAM) synthase, PurS subunit	AG-917-F16_00185	4
CACKNW010000002.1	16585	17268	+	AG-917-F16_00190	AG-917-F16	227	OG0000684	K23265	phosphoribosylformylglycinamidine synthase subunit PurQ / glutaminase [EC:6.3.5.3 3.5.1.2]	COG0047	PurL2	Phosphoribosylformylglycinamidine (FGAM) synthase, glutamine amidotransferase domain	AG-917-F16_00185	5
CACKQD010000002.1	280475	281158	-	AG-917-I17_00886	AG-917-I17	227	OG0000684	K23265	phosphoribosylformylglycinamidine synthase subunit PurQ / glutaminase [EC:6.3.5.3 3.5.1.2]	COG0047	PurL2	Phosphoribosylformylglycinamidine (FGAM) synthase, glutamine amidotransferase domain	AG-917-I17_00891	-5
CACKQD010000002.1	281162	281404	-	AG-917-I17_00887	AG-917-I17	80	OG0000770	K23264	phosphoribosylformylglycinamidine synthase subunit PurS [EC:6.3.5.3]	COG1828	PurS	Phosphoribosylformylglycinamidine (FGAM) synthase, PurS subunit	AG-917-I17_00891	-4
CACKQD010000002.1	281401	282186	-	AG-917-I17_00888	AG-917-I17	261	OG0000769	K01923	phosphoribosylaminoimidazole-succinocarboxamide synthase [EC:6.3.2.6]	COG0152	PurC	Phosphoribosylaminoimidazole-succinocarboxamide synthase	AG-917-I17_00891	-3
CACKQD010000002.1	282186	283478	-	AG-917-I17_00889	AG-917-I17	430	OG0000779	K01756	adenylosuccinate lyase [EC:4.3.2.2]	COG0015	PurB	Adenylosuccinate lyase	AG-917-I17_00891	-2
CACKQD010000002.1	283482	284252	-	AG-917-I17_00890	AG-917-I17	256	OG0000721	K01265	methionyl aminopeptidase [EC:3.4.11.18]	COG0024	Map	Methionine aminopeptidase	AG-917-I17_00891	-1
CACKQD010000002.1	284245	284943	-	AG-917-I17_00891	AG-917-I17	232	OG0000819	K06206	sugar fermentation stimulation protein A	COG1489	SfsA	DNA-binding protein, stimulates sugar fermentation	AG-917-I17_00891	0
CACKQD010000002.1	284964	285713	+	AG-917-I17_00892	AG-917-I17	249	OG0000807	NA	NA	COG1058	CinA	ADP-ribose pyrophosphatase domain of DNA damage- and competence-inducible protein CinA	AG-917-I17_00891	1
CACKQD010000002.1	285713	286114	+	AG-917-I17_00893	AG-917-I17	133	OG0001035	K00682	gamma-glutamylcyclotransferase [EC:4.3.2.9]	COG2105	YtfP	Predicted gamma-glutamylamine cyclotransferase YtfP, GGCT/AIG2-like family	AG-917-I17_00891	2
CACKQD010000002.1	286123	287433	+	AG-917-I17_00894	AG-917-I17	436	OG0001333	NA	NA	COG4091	NA	Predicted homoserine dehydrogenase, contains C-terminal SAF domain	AG-917-I17_00891	3
CACKQD010000002.1	287430	288692	-	AG-917-I17_00895	AG-917-I17	420	OG0001281	NA	NA	COG3408	GDB1	Glycogen debranching enzyme (alpha-1,6-glucosidase)	AG-917-I17_00891	4
CACKQD010000002.1	288692	289912	-	AG-917-I17_00896	AG-917-I17	406	OG0001273	K13693	glucosyl-3-phosphoglycerate synthase [EC:2.4.1.266]	NA	NA	NA	AG-917-I17_00891	5
CACKQQ010000001.1	122359	123042	-	AG-917-J06_00134	AG-917-J06	227	OG0000684	K23265	phosphoribosylformylglycinamidine synthase subunit PurQ / glutaminase [EC:6.3.5.3 3.5.1.2]	COG0047	PurL2	Phosphoribosylformylglycinamidine (FGAM) synthase, glutamine amidotransferase domain	AG-917-J06_00139	-5
CACKQQ010000001.1	123046	123288	-	AG-917-J06_00135	AG-917-J06	80	OG0000770	K23264	phosphoribosylformylglycinamidine synthase subunit PurS [EC:6.3.5.3]	COG1828	PurS	Phosphoribosylformylglycinamidine (FGAM) synthase, PurS subunit	AG-917-J06_00139	-4
CACKQQ010000001.1	123285	124070	-	AG-917-J06_00136	AG-917-J06	261	OG0000769	K01923	phosphoribosylaminoimidazole-succinocarboxamide synthase [EC:6.3.2.6]	COG0152	PurC	Phosphoribosylaminoimidazole-succinocarboxamide synthase	AG-917-J06_00139	-3
CACKQQ010000001.1	124070	125362	-	AG-917-J06_00137	AG-917-J06	430	OG0000779	K01756	adenylosuccinate lyase [EC:4.3.2.2]	COG0015	PurB	Adenylosuccinate lyase	AG-917-J06_00139	-2
CACKQQ010000001.1	125366	126136	-	AG-917-J06_00138	AG-917-J06	256	OG0000721	K01265	methionyl aminopeptidase [EC:3.4.11.18]	COG0024	Map	Methionine aminopeptidase	AG-917-J06_00139	-1
CACKQQ010000001.1	126129	126827	-	AG-917-J06_00139	AG-917-J06	232	OG0000819	K06206	sugar fermentation stimulation protein A	COG1489	SfsA	DNA-binding protein, stimulates sugar fermentation	AG-917-J06_00139	0
CACKQQ010000001.1	126848	127597	+	AG-917-J06_00140	AG-917-J06	249	OG0000807	NA	NA	COG1058	CinA	ADP-ribose pyrophosphatase domain of DNA damage- and competence-inducible protein CinA	AG-917-J06_00139	1
CACKQQ010000001.1	127597	127998	+	AG-917-J06_00141	AG-917-J06	133	OG0001035	K00682	gamma-glutamylcyclotransferase [EC:4.3.2.9]	COG2105	YtfP	Predicted gamma-glutamylamine cyclotransferase YtfP, GGCT/AIG2-like family	AG-917-J06_00139	2
CACKQQ010000001.1	128004	128360	+	AG-917-J06_00142	AG-917-J06	118	OG0001705	NA	NA	NA	NA	NA	AG-917-J06_00139	3
CACKQQ010000001.1	128497	128700	+	AG-917-J06_00143	AG-917-J06	67	OG0001705	NA	NA	NA	NA	NA	AG-917-J06_00139	4
CACKQQ010000001.1	128706	130001	+	AG-917-J06_00144	AG-917-J06	431	OG0001333	NA	NA	COG4091	NA	Predicted homoserine dehydrogenase, contains C-terminal SAF domain	AG-917-J06_00139	5
CACLSR010000001.1	112435	114156	+	AG-917-K06_00135	AG-917-K06	573	OG0001383	NA	NA	COG0366	AmyA	Glycosidase/amylase (phosphorylase)	AG-917-K06_00140	-5
CACLSR010000001.1	114158	114883	-	AG-917-K06_00136	AG-917-K06	241	OG0001204	K07395	putative proteasome-type protease	COG3484	NA	Predicted proteasome-type protease	AG-917-K06_00140	-4
CACLSR010000001.1	114994	116436	+	AG-917-K06_00137	AG-917-K06	480	OG0001158	NA	NA	COG2308	NA	Circularly permuted ATP-grasp protein	AG-917-K06_00140	-3
CACLSR010000001.1	116443	116844	-	AG-917-K06_00138	AG-917-K06	133	OG0001035	K00682	gamma-glutamylcyclotransferase [EC:4.3.2.9]	COG2105	YtfP	Predicted gamma-glutamylamine cyclotransferase YtfP, GGCT/AIG2-like family	AG-917-K06_00140	-2
CACLSR010000001.1	116845	117594	-	AG-917-K06_00139	AG-917-K06	249	OG0000807	NA	NA	COG1058	CinA	ADP-ribose pyrophosphatase domain of DNA damage- and competence-inducible protein CinA	AG-917-K06_00140	-1
CACLSR010000001.1	117613	118311	+	AG-917-K06_00140	AG-917-K06	232	OG0000819	K06206	sugar fermentation stimulation protein A	COG1489	SfsA	DNA-binding protein, stimulates sugar fermentation	AG-917-K06_00140	0
CACLSR010000001.1	118304	119077	+	AG-917-K06_00141	AG-917-K06	257	OG0000721	K01265	methionyl aminopeptidase [EC:3.4.11.18]	COG0024	Map	Methionine aminopeptidase	AG-917-K06_00140	1
CACLSR010000001.1	119081	120373	+	AG-917-K06_00142	AG-917-K06	430	OG0000779	K01756	adenylosuccinate lyase [EC:4.3.2.2]	COG0015	PurB	Adenylosuccinate lyase	AG-917-K06_00140	2
CACLSR010000001.1	120373	121158	+	AG-917-K06_00143	AG-917-K06	261	OG0000769	K01923	phosphoribosylaminoimidazole-succinocarboxamide synthase [EC:6.3.2.6]	COG0152	PurC	Phosphoribosylaminoimidazole-succinocarboxamide synthase	AG-917-K06_00140	3
CACLSR010000001.1	121155	121397	+	AG-917-K06_00144	AG-917-K06	80	OG0000770	K23264	phosphoribosylformylglycinamidine synthase subunit PurS [EC:6.3.5.3]	COG1828	PurS	Phosphoribosylformylglycinamidine (FGAM) synthase, PurS subunit	AG-917-K06_00140	4
CACLSR010000001.1	121401	122084	+	AG-917-K06_00145	AG-917-K06	227	OG0000684	K23265	phosphoribosylformylglycinamidine synthase subunit PurQ / glutaminase [EC:6.3.5.3 3.5.1.2]	COG0047	PurL2	Phosphoribosylformylglycinamidine (FGAM) synthase, glutamine amidotransferase domain	AG-917-K06_00140	5
CACLTL010000001.1	380418	381176	-	AG-917-K20_00414	AG-917-K20	252	OG0000972	K00858	NAD+ kinase [EC:2.7.1.23]	COG0061	NadK	NAD kinase	AG-917-K20_00420	-5
CACLTL010000001.1	381467	382018	+	AG-917-K20_00416	AG-917-K20	183	OG0003936	NA	NA	NA	NA	NA	AG-917-K20_00420	-4
CACLTL010000001.1	382011	382730	+	AG-917-K20_00417	AG-917-K20	239	OG0001063	NA	NA	COG1083	NeuA	CMP-N-acetylneuraminic acid synthetase, NeuA/PseF family	AG-917-K20_00420	-3
CACLTL010000001.1	382765	383718	+	AG-917-K20_00418	AG-917-K20	317	OG0001428	NA	NA	COG0859	RfaF	ADP-heptose:LPS heptosyltransferase	AG-917-K20_00420	-2
CACLTL010000001.1	383715	384464	-	AG-917-K20_00419	AG-917-K20	249	OG0000807	NA	NA	COG1058	CinA	ADP-ribose pyrophosphatase domain of DNA damage- and competence-inducible protein CinA	AG-917-K20_00420	-1
CACLTL010000001.1	384482	385180	+	AG-917-K20_00420	AG-917-K20	232	OG0000819	K06206	sugar fermentation stimulation protein A	COG1489	SfsA	DNA-binding protein, stimulates sugar fermentation	AG-917-K20_00420	0
CACLTL010000001.1	385177	385941	+	AG-917-K20_00421	AG-917-K20	254	OG0000721	K01265	methionyl aminopeptidase [EC:3.4.11.18]	COG0024	Map	Methionine aminopeptidase	AG-917-K20_00420	1
CACLTL010000001.1	385938	387233	+	AG-917-K20_00422	AG-917-K20	431	OG0000779	K01756	adenylosuccinate lyase [EC:4.3.2.2]	COG0015	PurB	Adenylosuccinate lyase	AG-917-K20_00420	2
CACLTL010000001.1	387238	388029	+	AG-917-K20_00423	AG-917-K20	263	OG0000769	K01923	phosphoribosylaminoimidazole-succinocarboxamide synthase [EC:6.3.2.6]	COG0152	PurC	Phosphoribosylaminoimidazole-succinocarboxamide synthase	AG-917-K20_00420	3
CACLTL010000001.1	388031	388270	+	AG-917-K20_00424	AG-917-K20	79	OG0000770	K23264	phosphoribosylformylglycinamidine synthase subunit PurS [EC:6.3.5.3]	COG1828	PurS	Phosphoribosylformylglycinamidine (FGAM) synthase, PurS subunit	AG-917-K20_00420	4
CACLTL010000001.1	388270	388947	+	AG-917-K20_00425	AG-917-K20	225	OG0000684	K23265	phosphoribosylformylglycinamidine synthase subunit PurQ / glutaminase [EC:6.3.5.3 3.5.1.2]	COG0047	PurL2	Phosphoribosylformylglycinamidine (FGAM) synthase, glutamine amidotransferase domain	AG-917-K20_00420	5
CACLVR010000001.1	97726	98946	+	AG-917-M22_00124	AG-917-M22	406	OG0001273	K13693	glucosyl-3-phosphoglycerate synthase [EC:2.4.1.266]	NA	NA	NA	AG-917-M22_00129	-5
CACLVR010000001.1	98946	100211	+	AG-917-M22_00125	AG-917-M22	421	OG0001281	NA	NA	COG3408	GDB1	Glycogen debranching enzyme (alpha-1,6-glucosidase)	AG-917-M22_00129	-4
CACLVR010000001.1	100230	101366	-	AG-917-M22_00126	AG-917-M22	378	OG0002230	NA	NA	NA	NA	NA	AG-917-M22_00129	-3
CACLVR010000001.1	101401	101802	-	AG-917-M22_00127	AG-917-M22	133	OG0001035	K00682	gamma-glutamylcyclotransferase [EC:4.3.2.9]	COG2105	YtfP	Predicted gamma-glutamylamine cyclotransferase YtfP, GGCT/AIG2-like family	AG-917-M22_00129	-2
CACLVR010000001.1	101802	102551	-	AG-917-M22_00128	AG-917-M22	249	OG0000807	NA	NA	COG1058	CinA	ADP-ribose pyrophosphatase domain of DNA damage- and competence-inducible protein CinA	AG-917-M22_00129	-1
CACLVR010000001.1	102572	103270	+	AG-917-M22_00129	AG-917-M22	232	OG0000819	K06206	sugar fermentation stimulation protein A	COG1489	SfsA	DNA-binding protein, stimulates sugar fermentation	AG-917-M22_00129	0
CACLVR010000001.1	103263	104033	+	AG-917-M22_00130	AG-917-M22	256	OG0000721	K01265	methionyl aminopeptidase [EC:3.4.11.18]	COG0024	Map	Methionine aminopeptidase	AG-917-M22_00129	1
CACLVR010000001.1	104037	105329	+	AG-917-M22_00131	AG-917-M22	430	OG0000779	K01756	adenylosuccinate lyase [EC:4.3.2.2]	COG0015	PurB	Adenylosuccinate lyase	AG-917-M22_00129	2
CACLVR010000001.1	105329	106114	+	AG-917-M22_00132	AG-917-M22	261	OG0000769	K01923	phosphoribosylaminoimidazole-succinocarboxamide synthase [EC:6.3.2.6]	COG0152	PurC	Phosphoribosylaminoimidazole-succinocarboxamide synthase	AG-917-M22_00129	3
CACLVR010000001.1	106111	106353	+	AG-917-M22_00133	AG-917-M22	80	OG0000770	K23264	phosphoribosylformylglycinamidine synthase subunit PurS [EC:6.3.5.3]	COG1828	PurS	Phosphoribosylformylglycinamidine (FGAM) synthase, PurS subunit	AG-917-M22_00129	4
CACLVR010000001.1	106357	107040	+	AG-917-M22_00134	AG-917-M22	227	OG0000684	K23265	phosphoribosylformylglycinamidine synthase subunit PurQ / glutaminase [EC:6.3.5.3 3.5.1.2]	COG0047	PurL2	Phosphoribosylformylglycinamidine (FGAM) synthase, glutamine amidotransferase domain	AG-917-M22_00129	5
CACLXR010000002.1	28	1032	+	AG-917-O20_00212	AG-917-O20	334	OG0001331	NA	NA	COG0859	RfaF	ADP-heptose:LPS heptosyltransferase	AG-917-O20_00215	-3
CACLXR010000002.1	1019	1429	-	AG-917-O20_00213	AG-917-O20	136	OG0001035	K00682	gamma-glutamylcyclotransferase [EC:4.3.2.9]	COG2105	YtfP	Predicted gamma-glutamylamine cyclotransferase YtfP, GGCT/AIG2-like family	AG-917-O20_00215	-2
CACLXR010000002.1	1430	2179	-	AG-917-O20_00214	AG-917-O20	249	OG0000807	NA	NA	COG1058	CinA	ADP-ribose pyrophosphatase domain of DNA damage- and competence-inducible protein CinA	AG-917-O20_00215	-1
CACLXR010000002.1	2198	2896	+	AG-917-O20_00215	AG-917-O20	232	OG0000819	K06206	sugar fermentation stimulation protein A	COG1489	SfsA	DNA-binding protein, stimulates sugar fermentation	AG-917-O20_00215	0
CACLXR010000002.1	2889	3662	+	AG-917-O20_00216	AG-917-O20	257	OG0000721	K01265	methionyl aminopeptidase [EC:3.4.11.18]	COG0024	Map	Methionine aminopeptidase	AG-917-O20_00215	1
CACLXR010000002.1	3666	4958	+	AG-917-O20_00217	AG-917-O20	430	OG0000779	K01756	adenylosuccinate lyase [EC:4.3.2.2]	COG0015	PurB	Adenylosuccinate lyase	AG-917-O20_00215	2
CACLXR010000002.1	4958	5743	+	AG-917-O20_00218	AG-917-O20	261	OG0000769	K01923	phosphoribosylaminoimidazole-succinocarboxamide synthase [EC:6.3.2.6]	COG0152	PurC	Phosphoribosylaminoimidazole-succinocarboxamide synthase	AG-917-O20_00215	3
CACLXR010000002.1	5740	5982	+	AG-917-O20_00219	AG-917-O20	80	OG0000770	K23264	phosphoribosylformylglycinamidine synthase subunit PurS [EC:6.3.5.3]	COG1828	PurS	Phosphoribosylformylglycinamidine (FGAM) synthase, PurS subunit	AG-917-O20_00215	4
CACLXR010000002.1	5986	6669	+	AG-917-O20_00220	AG-917-O20	227	OG0000684	K23265	phosphoribosylformylglycinamidine synthase subunit PurQ / glutaminase [EC:6.3.5.3 3.5.1.2]	COG0047	PurL2	Phosphoribosylformylglycinamidine (FGAM) synthase, glutamine amidotransferase domain	AG-917-O20_00215	5
CACPFM010000001.1	38963	39646	-	AG-917-P07_00041	AG-917-P07	227	OG0000684	K23265	phosphoribosylformylglycinamidine synthase subunit PurQ / glutaminase [EC:6.3.5.3 3.5.1.2]	COG0047	PurL2	Phosphoribosylformylglycinamidine (FGAM) synthase, glutamine amidotransferase domain	AG-917-P07_00046	-5
CACPFM010000001.1	39650	39892	-	AG-917-P07_00042	AG-917-P07	80	OG0000770	K23264	phosphoribosylformylglycinamidine synthase subunit PurS [EC:6.3.5.3]	COG1828	PurS	Phosphoribosylformylglycinamidine (FGAM) synthase, PurS subunit	AG-917-P07_00046	-4
CACPFM010000001.1	39889	40674	-	AG-917-P07_00043	AG-917-P07	261	OG0000769	K01923	phosphoribosylaminoimidazole-succinocarboxamide synthase [EC:6.3.2.6]	COG0152	PurC	Phosphoribosylaminoimidazole-succinocarboxamide synthase	AG-917-P07_00046	-3
CACPFM010000001.1	40674	41966	-	AG-917-P07_00044	AG-917-P07	430	OG0000779	K01756	adenylosuccinate lyase [EC:4.3.2.2]	COG0015	PurB	Adenylosuccinate lyase	AG-917-P07_00046	-2
CACPFM010000001.1	41970	42740	-	AG-917-P07_00045	AG-917-P07	256	OG0000721	K01265	methionyl aminopeptidase [EC:3.4.11.18]	COG0024	Map	Methionine aminopeptidase	AG-917-P07_00046	-1
CACPFM010000001.1	42733	43431	-	AG-917-P07_00046	AG-917-P07	232	OG0000819	K06206	sugar fermentation stimulation protein A	COG1489	SfsA	DNA-binding protein, stimulates sugar fermentation	AG-917-P07_00046	0
CACPFM010000001.1	43452	44201	+	AG-917-P07_00047	AG-917-P07	249	OG0000807	NA	NA	COG1058	CinA	ADP-ribose pyrophosphatase domain of DNA damage- and competence-inducible protein CinA	AG-917-P07_00046	1
CACPFM010000001.1	44201	44602	+	AG-917-P07_00048	AG-917-P07	133	OG0001035	K00682	gamma-glutamylcyclotransferase [EC:4.3.2.9]	COG2105	YtfP	Predicted gamma-glutamylamine cyclotransferase YtfP, GGCT/AIG2-like family	AG-917-P07_00046	2
CACPFM010000001.1	44611	45921	+	AG-917-P07_00049	AG-917-P07	436	OG0001333	NA	NA	COG4091	NA	Predicted homoserine dehydrogenase, contains C-terminal SAF domain	AG-917-P07_00046	3
CACPFM010000001.1	45918	47180	-	AG-917-P07_00050	AG-917-P07	420	OG0001281	NA	NA	COG3408	GDB1	Glycogen debranching enzyme (alpha-1,6-glucosidase)	AG-917-P07_00046	4
CACPFM010000001.1	47180	48400	-	AG-917-P07_00051	AG-917-P07	406	OG0001273	K13693	glucosyl-3-phosphoglycerate synthase [EC:2.4.1.266]	NA	NA	NA	AG-917-P07_00046	5
CACMAX010000007.1	60433	61725	-	AG-918-E02_01080	AG-918-E02	430	OG0001333	NA	NA	COG4091	NA	Predicted homoserine dehydrogenase, contains C-terminal SAF domain	AG-918-E02_01085	-5
CACMAX010000007.1	61730	62047	-	AG-918-E02_01081	AG-918-E02	105	OG0001043	NA	NA	COG4392	AzlD2	Branched-chain amino acid transport protein	AG-918-E02_01085	-4
CACMAX010000007.1	62044	62730	-	AG-918-E02_01082	AG-918-E02	228	OG0001044	NA	NA	COG1296	AzlC	Predicted branched-chain amino acid permease (azaleucine resistance)	AG-918-E02_01085	-3
CACMAX010000007.1	62734	63138	-	AG-918-E02_01083	AG-918-E02	134	OG0001035	K00682	gamma-glutamylcyclotransferase [EC:4.3.2.9]	COG2105	YtfP	Predicted gamma-glutamylamine cyclotransferase YtfP, GGCT/AIG2-like family	AG-918-E02_01085	-2
CACMAX010000007.1	63141	63890	-	AG-918-E02_01084	AG-918-E02	249	OG0000807	NA	NA	COG1058	CinA	ADP-ribose pyrophosphatase domain of DNA damage- and competence-inducible protein CinA	AG-918-E02_01085	-1
CACMAX010000007.1	63913	64599	+	AG-918-E02_01085	AG-918-E02	228	OG0000819	K06206	sugar fermentation stimulation protein A	COG1489	SfsA	DNA-binding protein, stimulates sugar fermentation	AG-918-E02_01085	0
CACMAX010000007.1	64592	65362	+	AG-918-E02_01086	AG-918-E02	256	OG0000721	K01265	methionyl aminopeptidase [EC:3.4.11.18]	COG0024	Map	Methionine aminopeptidase	AG-918-E02_01085	1
CACMAX010000007.1	65362	66654	+	AG-918-E02_01087	AG-918-E02	430	OG0000779	K01756	adenylosuccinate lyase [EC:4.3.2.2]	COG0015	PurB	Adenylosuccinate lyase	AG-918-E02_01085	2
CACMAX010000007.1	66654	67439	+	AG-918-E02_01088	AG-918-E02	261	OG0000769	K01923	phosphoribosylaminoimidazole-succinocarboxamide synthase [EC:6.3.2.6]	COG0152	PurC	Phosphoribosylaminoimidazole-succinocarboxamide synthase	AG-918-E02_01085	3
CACMAX010000007.1	67439	67672	+	AG-918-E02_01089	AG-918-E02	77	OG0000770	K23264	phosphoribosylformylglycinamidine synthase subunit PurS [EC:6.3.5.3]	COG1828	PurS	Phosphoribosylformylglycinamidine (FGAM) synthase, PurS subunit	AG-918-E02_01085	4
CACMAX010000007.1	67676	68359	+	AG-918-E02_01090	AG-918-E02	227	OG0000684	K23265	phosphoribosylformylglycinamidine synthase subunit PurQ / glutaminase [EC:6.3.5.3 3.5.1.2]	COG0047	PurL2	Phosphoribosylformylglycinamidine (FGAM) synthase, glutamine amidotransferase domain	AG-918-E02_01085	5
CACMDB010000003.1	178070	178753	-	AG-918-G06_00702	AG-918-G06	227	OG0000684	K23265	phosphoribosylformylglycinamidine synthase subunit PurQ / glutaminase [EC:6.3.5.3 3.5.1.2]	COG0047	PurL2	Phosphoribosylformylglycinamidine (FGAM) synthase, glutamine amidotransferase domain	AG-918-G06_00707	-5
CACMDB010000003.1	178757	178999	-	AG-918-G06_00703	AG-918-G06	80	OG0000770	K23264	phosphoribosylformylglycinamidine synthase subunit PurS [EC:6.3.5.3]	COG1828	PurS	Phosphoribosylformylglycinamidine (FGAM) synthase, PurS subunit	AG-918-G06_00707	-4
CACMDB010000003.1	178996	179781	-	AG-918-G06_00704	AG-918-G06	261	OG0000769	K01923	phosphoribosylaminoimidazole-succinocarboxamide synthase [EC:6.3.2.6]	COG0152	PurC	Phosphoribosylaminoimidazole-succinocarboxamide synthase	AG-918-G06_00707	-3
CACMDB010000003.1	179781	181073	-	AG-918-G06_00705	AG-918-G06	430	OG0000779	K01756	adenylosuccinate lyase [EC:4.3.2.2]	COG0015	PurB	Adenylosuccinate lyase	AG-918-G06_00707	-2
CACMDB010000003.1	181077	181850	-	AG-918-G06_00706	AG-918-G06	257	OG0000721	K01265	methionyl aminopeptidase [EC:3.4.11.18]	COG0024	Map	Methionine aminopeptidase	AG-918-G06_00707	-1
CACMDB010000003.1	181843	182541	-	AG-918-G06_00707	AG-918-G06	232	OG0000819	K06206	sugar fermentation stimulation protein A	COG1489	SfsA	DNA-binding protein, stimulates sugar fermentation	AG-918-G06_00707	0
CACMDB010000003.1	182560	183309	+	AG-918-G06_00708	AG-918-G06	249	OG0000807	NA	NA	COG1058	CinA	ADP-ribose pyrophosphatase domain of DNA damage- and competence-inducible protein CinA	AG-918-G06_00707	1
CACMDB010000003.1	183310	183711	+	AG-918-G06_00709	AG-918-G06	133	OG0001035	K00682	gamma-glutamylcyclotransferase [EC:4.3.2.9]	COG2105	YtfP	Predicted gamma-glutamylamine cyclotransferase YtfP, GGCT/AIG2-like family	AG-918-G06_00707	2
CACMDB010000003.1	183703	184662	-	AG-918-G06_00710	AG-918-G06	319	OG0000013	NA	NA	COG0673	MviM	Predicted dehydrogenase	AG-918-G06_00707	3
CACMDB010000003.1	184659	185357	-	AG-918-G06_00711	AG-918-G06	232	OG0000043	NA	NA	COG0463	WcaA	Glycosyltransferase involved in cell wall bisynthesis	AG-918-G06_00707	4
CACMDB010000003.1	185414	186670	+	AG-918-G06_00712	AG-918-G06	418	OG0001137	NA	NA	COG2227	UbiG	2-polyprenyl-3-methyl-5-hydroxy-6-metoxy-1,4-benzoquinol methylase	AG-918-G06_00707	5
CACMDH010000001.1	215792	217111	-	AG-918-G15_00247	AG-918-G15	439	OG0001333	NA	NA	COG4091	NA	Predicted homoserine dehydrogenase, contains C-terminal SAF domain	AG-918-G15_00252	-5
CACMDH010000001.1	217087	217401	-	AG-918-G15_00248	AG-918-G15	104	OG0001043	NA	NA	COG4392	AzlD2	Branched-chain amino acid transport protein	AG-918-G15_00252	-4
CACMDH010000001.1	217398	218090	-	AG-918-G15_00249	AG-918-G15	230	OG0001044	NA	NA	COG1296	AzlC	Predicted branched-chain amino acid permease (azaleucine resistance)	AG-918-G15_00252	-3
CACMDH010000001.1	218094	218501	-	AG-918-G15_00250	AG-918-G15	135	OG0001035	K00682	gamma-glutamylcyclotransferase [EC:4.3.2.9]	COG2105	YtfP	Predicted gamma-glutamylamine cyclotransferase YtfP, GGCT/AIG2-like family	AG-918-G15_00252	-2
CACMDH010000001.1	218501	219253	-	AG-918-G15_00251	AG-918-G15	250	OG0000807	NA	NA	COG1058	CinA	ADP-ribose pyrophosphatase domain of DNA damage- and competence-inducible protein CinA	AG-918-G15_00252	-1
CACMDH010000001.1	219275	219964	+	AG-918-G15_00252	AG-918-G15	229	OG0000819	K06206	sugar fermentation stimulation protein A	COG1489	SfsA	DNA-binding protein, stimulates sugar fermentation	AG-918-G15_00252	0
CACMDH010000001.1	219954	220730	+	AG-918-G15_00253	AG-918-G15	258	OG0000721	K01265	methionyl aminopeptidase [EC:3.4.11.18]	COG0024	Map	Methionine aminopeptidase	AG-918-G15_00252	1
CACMDH010000001.1	220730	222022	+	AG-918-G15_00254	AG-918-G15	430	OG0000779	K01756	adenylosuccinate lyase [EC:4.3.2.2]	COG0015	PurB	Adenylosuccinate lyase	AG-918-G15_00252	2
CACMDH010000001.1	222022	222807	+	AG-918-G15_00255	AG-918-G15	261	OG0000769	K01923	phosphoribosylaminoimidazole-succinocarboxamide synthase [EC:6.3.2.6]	COG0152	PurC	Phosphoribosylaminoimidazole-succinocarboxamide synthase	AG-918-G15_00252	3
CACMDH010000001.1	222807	223040	+	AG-918-G15_00256	AG-918-G15	77	OG0000770	K23264	phosphoribosylformylglycinamidine synthase subunit PurS [EC:6.3.5.3]	COG1828	PurS	Phosphoribosylformylglycinamidine (FGAM) synthase, PurS subunit	AG-918-G15_00252	4
CACMDH010000001.1	223047	223730	+	AG-918-G15_00257	AG-918-G15	227	OG0000684	K23265	phosphoribosylformylglycinamidine synthase subunit PurQ / glutaminase [EC:6.3.5.3 3.5.1.2]	COG0047	PurL2	Phosphoribosylformylglycinamidine (FGAM) synthase, glutamine amidotransferase domain	AG-918-G15_00252	5
CACMDY010000005.1	6406	7698	-	AG-918-G22_01021	AG-918-G22	430	OG0001333	NA	NA	COG4091	NA	Predicted homoserine dehydrogenase, contains C-terminal SAF domain	AG-918-G22_01026	-5
CACMDY010000005.1	7703	8020	-	AG-918-G22_01022	AG-918-G22	105	OG0001043	NA	NA	COG4392	AzlD2	Branched-chain amino acid transport protein	AG-918-G22_01026	-4
CACMDY010000005.1	8017	8703	-	AG-918-G22_01023	AG-918-G22	228	OG0001044	NA	NA	COG1296	AzlC	Predicted branched-chain amino acid permease (azaleucine resistance)	AG-918-G22_01026	-3
CACMDY010000005.1	8707	9111	-	AG-918-G22_01024	AG-918-G22	134	OG0001035	K00682	gamma-glutamylcyclotransferase [EC:4.3.2.9]	COG2105	YtfP	Predicted gamma-glutamylamine cyclotransferase YtfP, GGCT/AIG2-like family	AG-918-G22_01026	-2
CACMDY010000005.1	9114	9863	-	AG-918-G22_01025	AG-918-G22	249	OG0000807	NA	NA	COG1058	CinA	ADP-ribose pyrophosphatase domain of DNA damage- and competence-inducible protein CinA	AG-918-G22_01026	-1
CACMDY010000005.1	9886	10572	+	AG-918-G22_01026	AG-918-G22	228	OG0000819	K06206	sugar fermentation stimulation protein A	COG1489	SfsA	DNA-binding protein, stimulates sugar fermentation	AG-918-G22_01026	0
CACMDY010000005.1	10565	11335	+	AG-918-G22_01027	AG-918-G22	256	OG0000721	K01265	methionyl aminopeptidase [EC:3.4.11.18]	COG0024	Map	Methionine aminopeptidase	AG-918-G22_01026	1
CACMDY010000005.1	11335	12627	+	AG-918-G22_01028	AG-918-G22	430	OG0000779	K01756	adenylosuccinate lyase [EC:4.3.2.2]	COG0015	PurB	Adenylosuccinate lyase	AG-918-G22_01026	2
CACMDY010000005.1	12627	13412	+	AG-918-G22_01029	AG-918-G22	261	OG0000769	K01923	phosphoribosylaminoimidazole-succinocarboxamide synthase [EC:6.3.2.6]	COG0152	PurC	Phosphoribosylaminoimidazole-succinocarboxamide synthase	AG-918-G22_01026	3
CACMDY010000005.1	13412	13645	+	AG-918-G22_01030	AG-918-G22	77	OG0000770	K23264	phosphoribosylformylglycinamidine synthase subunit PurS [EC:6.3.5.3]	COG1828	PurS	Phosphoribosylformylglycinamidine (FGAM) synthase, PurS subunit	AG-918-G22_01026	4
CACMDY010000005.1	13649	14332	+	AG-918-G22_01031	AG-918-G22	227	OG0000684	K23265	phosphoribosylformylglycinamidine synthase subunit PurQ / glutaminase [EC:6.3.5.3 3.5.1.2]	COG0047	PurL2	Phosphoribosylformylglycinamidine (FGAM) synthase, glutamine amidotransferase domain	AG-918-G22_01026	5
CACMFM010000016.1	327	1139	-	AG-918-K09_01238	AG-918-K09	270	OG0000779	NA	NA	COG0015	PurB	Adenylosuccinate lyase	AG-918-K09_01240	-2
CACMFM010000016.1	1143	1913	-	AG-918-K09_01239	AG-918-K09	256	OG0000721	K01265	methionyl aminopeptidase [EC:3.4.11.18]	COG0024	Map	Methionine aminopeptidase	AG-918-K09_01240	-1
CACMFM010000016.1	1906	2604	-	AG-918-K09_01240	AG-918-K09	232	OG0000819	K06206	sugar fermentation stimulation protein A	COG1489	SfsA	DNA-binding protein, stimulates sugar fermentation	AG-918-K09_01240	0
CACMFM010000016.1	2625	3374	+	AG-918-K09_01241	AG-918-K09	249	OG0000807	NA	NA	COG1058	CinA	ADP-ribose pyrophosphatase domain of DNA damage- and competence-inducible protein CinA	AG-918-K09_01240	1
CACMFM010000016.1	3374	3775	+	AG-918-K09_01242	AG-918-K09	133	OG0001035	K00682	gamma-glutamylcyclotransferase [EC:4.3.2.9]	COG2105	YtfP	Predicted gamma-glutamylamine cyclotransferase YtfP, GGCT/AIG2-like family	AG-918-K09_01240	2
CACMFM010000016.1	3772	3921	-	AG-918-K09_01243	AG-918-K09	49	OG0001281	NA	NA	NA	NA	NA	AG-918-K09_01240	3
CACMFU010000013.1	2696	3013	-	AG-918-K13_01090	AG-918-K13	105	OG0001043	NA	NA	COG4392	AzlD2	Branched-chain amino acid transport protein	AG-918-K13_01095	-5
CACMFU010000013.1	3010	3696	-	AG-918-K13_01091	AG-918-K13	228	OG0001044	NA	NA	COG1296	AzlC	Predicted branched-chain amino acid permease (azaleucine resistance)	AG-918-K13_01095	-4
CACMFU010000013.1	3700	4104	-	AG-918-K13_01092	AG-918-K13	134	OG0001035	K00682	gamma-glutamylcyclotransferase [EC:4.3.2.9]	COG2105	YtfP	Predicted gamma-glutamylamine cyclotransferase YtfP, GGCT/AIG2-like family	AG-918-K13_01095	-3
CACMFU010000013.1	4110	5021	-	AG-918-K13_01093	AG-918-K13	303	OG0000028	NA	NA	COG4122	TrmR	tRNA 5-hydroxyU34 O-methylase TrmR/YrrM	AG-918-K13_01095	-2
CACMFU010000013.1	5039	5791	-	AG-918-K13_01094	AG-918-K13	250	OG0000807	NA	NA	COG1058	CinA	ADP-ribose pyrophosphatase domain of DNA damage- and competence-inducible protein CinA	AG-918-K13_01095	-1
CACMFU010000013.1	5814	6500	+	AG-918-K13_01095	AG-918-K13	228	OG0000819	K06206	sugar fermentation stimulation protein A	COG1489	SfsA	DNA-binding protein, stimulates sugar fermentation	AG-918-K13_01095	0
CACMFU010000013.1	6493	7263	+	AG-918-K13_01096	AG-918-K13	256	OG0000721	K01265	methionyl aminopeptidase [EC:3.4.11.18]	COG0024	Map	Methionine aminopeptidase	AG-918-K13_01095	1
CACMFU010000013.1	7263	7658	+	AG-918-K13_01097	AG-918-K13	131	OG0000779	NA	NA	COG0015	PurB	Adenylosuccinate lyase	AG-918-K13_01095	2
CACMFU010000013.1	7660	8556	+	AG-918-K13_01098	AG-918-K13	298	OG0000779	K01756	adenylosuccinate lyase [EC:4.3.2.2]	COG0015	PurB	Adenylosuccinate lyase	AG-918-K13_01095	3
CACMFU010000013.1	8556	9341	+	AG-918-K13_01099	AG-918-K13	261	OG0000769	K01923	phosphoribosylaminoimidazole-succinocarboxamide synthase [EC:6.3.2.6]	COG0152	PurC	Phosphoribosylaminoimidazole-succinocarboxamide synthase	AG-918-K13_01095	4
CACMFU010000013.1	9341	9574	+	AG-918-K13_01100	AG-918-K13	77	OG0000770	K23264	phosphoribosylformylglycinamidine synthase subunit PurS [EC:6.3.5.3]	COG1828	PurS	Phosphoribosylformylglycinamidine (FGAM) synthase, PurS subunit	AG-918-K13_01095	5
CACMGQ010000003.1	79409	80092	-	AG-918-L07_00661	AG-918-L07	227	OG0000684	K23265	phosphoribosylformylglycinamidine synthase subunit PurQ / glutaminase [EC:6.3.5.3 3.5.1.2]	COG0047	PurL2	Phosphoribosylformylglycinamidine (FGAM) synthase, glutamine amidotransferase domain	AG-918-L07_00666	-5
CACMGQ010000003.1	80096	80338	-	AG-918-L07_00662	AG-918-L07	80	OG0000770	K23264	phosphoribosylformylglycinamidine synthase subunit PurS [EC:6.3.5.3]	COG1828	PurS	Phosphoribosylformylglycinamidine (FGAM) synthase, PurS subunit	AG-918-L07_00666	-4
CACMGQ010000003.1	80335	81120	-	AG-918-L07_00663	AG-918-L07	261	OG0000769	K01923	phosphoribosylaminoimidazole-succinocarboxamide synthase [EC:6.3.2.6]	COG0152	PurC	Phosphoribosylaminoimidazole-succinocarboxamide synthase	AG-918-L07_00666	-3
CACMGQ010000003.1	81120	82412	-	AG-918-L07_00664	AG-918-L07	430	OG0000779	K01756	adenylosuccinate lyase [EC:4.3.2.2]	COG0015	PurB	Adenylosuccinate lyase	AG-918-L07_00666	-2
CACMGQ010000003.1	82416	83186	-	AG-918-L07_00665	AG-918-L07	256	OG0000721	K01265	methionyl aminopeptidase [EC:3.4.11.18]	COG0024	Map	Methionine aminopeptidase	AG-918-L07_00666	-1
CACMGQ010000003.1	83179	83877	-	AG-918-L07_00666	AG-918-L07	232	OG0000819	K06206	sugar fermentation stimulation protein A	COG1489	SfsA	DNA-binding protein, stimulates sugar fermentation	AG-918-L07_00666	0
CACMGQ010000003.1	83898	84647	+	AG-918-L07_00667	AG-918-L07	249	OG0000807	NA	NA	COG1058	CinA	ADP-ribose pyrophosphatase domain of DNA damage- and competence-inducible protein CinA	AG-918-L07_00666	1
CACMGQ010000003.1	84647	85048	+	AG-918-L07_00668	AG-918-L07	133	OG0001035	K00682	gamma-glutamylcyclotransferase [EC:4.3.2.9]	COG2105	YtfP	Predicted gamma-glutamylamine cyclotransferase YtfP, GGCT/AIG2-like family	AG-918-L07_00666	2
CACMGQ010000003.1	85057	86367	+	AG-918-L07_00669	AG-918-L07	436	OG0001333	NA	NA	COG4091	NA	Predicted homoserine dehydrogenase, contains C-terminal SAF domain	AG-918-L07_00666	3
CACMGQ010000003.1	86364	87626	-	AG-918-L07_00670	AG-918-L07	420	OG0001281	NA	NA	COG3408	GDB1	Glycogen debranching enzyme (alpha-1,6-glucosidase)	AG-918-L07_00666	4
CACMGQ010000003.1	87626	88846	-	AG-918-L07_00671	AG-918-L07	406	OG0001273	K13693	glucosyl-3-phosphoglycerate synthase [EC:2.4.1.266]	NA	NA	NA	AG-918-L07_00666	5
CACMHD010000001.1	110848	111531	-	AG-918-L21_00126	AG-918-L21	227	OG0000684	K23265	phosphoribosylformylglycinamidine synthase subunit PurQ / glutaminase [EC:6.3.5.3 3.5.1.2]	COG0047	PurL2	Phosphoribosylformylglycinamidine (FGAM) synthase, glutamine amidotransferase domain	AG-918-L21_00131	-5
CACMHD010000001.1	111535	111777	-	AG-918-L21_00127	AG-918-L21	80	OG0000770	K23264	phosphoribosylformylglycinamidine synthase subunit PurS [EC:6.3.5.3]	COG1828	PurS	Phosphoribosylformylglycinamidine (FGAM) synthase, PurS subunit	AG-918-L21_00131	-4
CACMHD010000001.1	111774	112559	-	AG-918-L21_00128	AG-918-L21	261	OG0000769	K01923	phosphoribosylaminoimidazole-succinocarboxamide synthase [EC:6.3.2.6]	COG0152	PurC	Phosphoribosylaminoimidazole-succinocarboxamide synthase	AG-918-L21_00131	-3
CACMHD010000001.1	112559	113851	-	AG-918-L21_00129	AG-918-L21	430	OG0000779	K01756	adenylosuccinate lyase [EC:4.3.2.2]	COG0015	PurB	Adenylosuccinate lyase	AG-918-L21_00131	-2
CACMHD010000001.1	113855	114625	-	AG-918-L21_00130	AG-918-L21	256	OG0000721	K01265	methionyl aminopeptidase [EC:3.4.11.18]	COG0024	Map	Methionine aminopeptidase	AG-918-L21_00131	-1
CACMHD010000001.1	114618	115316	-	AG-918-L21_00131	AG-918-L21	232	OG0000819	K06206	sugar fermentation stimulation protein A	COG1489	SfsA	DNA-binding protein, stimulates sugar fermentation	AG-918-L21_00131	0
CACMHD010000001.1	115337	116086	+	AG-918-L21_00132	AG-918-L21	249	OG0000807	NA	NA	COG1058	CinA	ADP-ribose pyrophosphatase domain of DNA damage- and competence-inducible protein CinA	AG-918-L21_00131	1
CACMHD010000001.1	116086	116487	+	AG-918-L21_00133	AG-918-L21	133	OG0001035	K00682	gamma-glutamylcyclotransferase [EC:4.3.2.9]	COG2105	YtfP	Predicted gamma-glutamylamine cyclotransferase YtfP, GGCT/AIG2-like family	AG-918-L21_00131	2
CACMHD010000001.1	116496	117806	+	AG-918-L21_00134	AG-918-L21	436	OG0001333	NA	NA	COG4091	NA	Predicted homoserine dehydrogenase, contains C-terminal SAF domain	AG-918-L21_00131	3
CACMHD010000001.1	117803	119065	-	AG-918-L21_00135	AG-918-L21	420	OG0001281	NA	NA	COG3408	GDB1	Glycogen debranching enzyme (alpha-1,6-glucosidase)	AG-918-L21_00131	4
CACMHD010000001.1	119065	120285	-	AG-918-L21_00136	AG-918-L21	406	OG0001273	K13693	glucosyl-3-phosphoglycerate synthase [EC:2.4.1.266]	NA	NA	NA	AG-918-L21_00131	5
CACMHW010000004.1	43161	43838	-	AG-918-M15_00581	AG-918-M15	225	OG0000684	K23265	phosphoribosylformylglycinamidine synthase subunit PurQ / glutaminase [EC:6.3.5.3 3.5.1.2]	COG0047	PurL2	Phosphoribosylformylglycinamidine (FGAM) synthase, glutamine amidotransferase domain	AG-918-M15_00586	-5
CACMHW010000004.1	43835	44116	-	AG-918-M15_00582	AG-918-M15	93	OG0000770	K23264	phosphoribosylformylglycinamidine synthase subunit PurS [EC:6.3.5.3]	COG1828	PurS	Phosphoribosylformylglycinamidine (FGAM) synthase, PurS subunit	AG-918-M15_00586	-4
CACMHW010000004.1	44079	44870	-	AG-918-M15_00583	AG-918-M15	263	OG0000769	K01923	phosphoribosylaminoimidazole-succinocarboxamide synthase [EC:6.3.2.6]	COG0152	PurC	Phosphoribosylaminoimidazole-succinocarboxamide synthase	AG-918-M15_00586	-3
CACMHW010000004.1	44875	46173	-	AG-918-M15_00584	AG-918-M15	432	OG0000779	K01756	adenylosuccinate lyase [EC:4.3.2.2]	COG0015	PurB	Adenylosuccinate lyase	AG-918-M15_00586	-2
CACMHW010000004.1	46170	46925	-	AG-918-M15_00585	AG-918-M15	251	OG0000721	K01265	methionyl aminopeptidase [EC:3.4.11.18]	COG0024	Map	Methionine aminopeptidase	AG-918-M15_00586	-1
CACMHW010000004.1	46925	47620	-	AG-918-M15_00586	AG-918-M15	231	OG0000819	K06206	sugar fermentation stimulation protein A	COG1489	SfsA	DNA-binding protein, stimulates sugar fermentation	AG-918-M15_00586	0
CACMHW010000004.1	47637	48392	+	AG-918-M15_00587	AG-918-M15	251	OG0000807	NA	NA	COG1058	CinA	ADP-ribose pyrophosphatase domain of DNA damage- and competence-inducible protein CinA	AG-918-M15_00586	1
CACMHW010000004.1	48389	49342	-	AG-918-M15_00588	AG-918-M15	317	OG0001428	NA	NA	COG0859	RfaF	ADP-heptose:LPS heptosyltransferase	AG-918-M15_00586	2
CACMHW010000004.1	49626	50744	+	AG-918-M15_00589	AG-918-M15	372	OG0003084	NA	NA	NA	NA	NA	AG-918-M15_00586	3
CACMHW010000004.1	50913	51875	+	AG-918-M15_00590	AG-918-M15	320	OG0002236	NA	NA	NA	NA	NA	AG-918-M15_00586	4
CACMHW010000004.1	51930	53144	+	AG-918-M15_00591	AG-918-M15	404	OG0001490	K06902	MFS transporter, UMF1 family	COG2270	BtlA	MFS-type transporter involved in bile tolerance, Atg22 family	AG-918-M15_00586	5
CACMJB010000005.1	68350	69027	-	AG-918-N23_00668	AG-918-N23	225	OG0000684	K23265	phosphoribosylformylglycinamidine synthase subunit PurQ / glutaminase [EC:6.3.5.3 3.5.1.2]	COG0047	PurL2	Phosphoribosylformylglycinamidine (FGAM) synthase, glutamine amidotransferase domain	AG-918-N23_00673	-5
CACMJB010000005.1	69027	69305	-	AG-918-N23_00669	AG-918-N23	92	OG0000770	K23264	phosphoribosylformylglycinamidine synthase subunit PurS [EC:6.3.5.3]	COG1828	PurS	Phosphoribosylformylglycinamidine (FGAM) synthase, PurS subunit	AG-918-N23_00673	-4
CACMJB010000005.1	69268	70059	-	AG-918-N23_00670	AG-918-N23	263	OG0000769	K01923	phosphoribosylaminoimidazole-succinocarboxamide synthase [EC:6.3.2.6]	COG0152	PurC	Phosphoribosylaminoimidazole-succinocarboxamide synthase	AG-918-N23_00673	-3
CACMJB010000005.1	70064	71359	-	AG-918-N23_00671	AG-918-N23	431	OG0000779	K01756	adenylosuccinate lyase [EC:4.3.2.2]	COG0015	PurB	Adenylosuccinate lyase	AG-918-N23_00673	-2
CACMJB010000005.1	71360	72115	-	AG-918-N23_00672	AG-918-N23	251	OG0000721	K01265	methionyl aminopeptidase [EC:3.4.11.18]	COG0024	Map	Methionine aminopeptidase	AG-918-N23_00673	-1
CACMJB010000005.1	72115	72810	-	AG-918-N23_00673	AG-918-N23	231	OG0000819	K06206	sugar fermentation stimulation protein A	COG1489	SfsA	DNA-binding protein, stimulates sugar fermentation	AG-918-N23_00673	0
CACMJB010000005.1	72828	73577	+	AG-918-N23_00674	AG-918-N23	249	OG0000807	NA	NA	COG1058	CinA	ADP-ribose pyrophosphatase domain of DNA damage- and competence-inducible protein CinA	AG-918-N23_00673	1
CACMJB010000005.1	73574	73744	-	AG-918-N23_00675	AG-918-N23	56	OG0001428	NA	NA	COG0859	RfaF	ADP-heptose:LPS heptosyltransferase	AG-918-N23_00673	2
CACMLV010000006.1	45320	46021	-	AG-919-C02_01000	AG-919-C02	233	OG0000043	NA	NA	COG0463	WcaA	Glycosyltransferase involved in cell wall bisynthesis	AG-919-C02_01005	-5
CACMLV010000006.1	46014	46862	-	AG-919-C02_01001	AG-919-C02	282	OG0002198	NA	NA	NA	NA	NA	AG-919-C02_01005	-4
CACMLV010000006.1	46881	48344	-	AG-919-C02_01002	AG-919-C02	487	OG0002260	NA	NA	NA	NA	NA	AG-919-C02_01005	-3
CACMLV010000006.1	48357	48758	-	AG-919-C02_01003	AG-919-C02	133	OG0001035	K00682	gamma-glutamylcyclotransferase [EC:4.3.2.9]	COG2105	YtfP	Predicted gamma-glutamylamine cyclotransferase YtfP, GGCT/AIG2-like family	AG-919-C02_01005	-2
CACMLV010000006.1	48759	49508	-	AG-919-C02_01004	AG-919-C02	249	OG0000807	NA	NA	COG1058	CinA	ADP-ribose pyrophosphatase domain of DNA damage- and competence-inducible protein CinA	AG-919-C02_01005	-1
CACMLV010000006.1	49527	50225	+	AG-919-C02_01005	AG-919-C02	232	OG0000819	K06206	sugar fermentation stimulation protein A	COG1489	SfsA	DNA-binding protein, stimulates sugar fermentation	AG-919-C02_01005	0
CACMLV010000006.1	50218	50991	+	AG-919-C02_01006	AG-919-C02	257	OG0000721	K01265	methionyl aminopeptidase [EC:3.4.11.18]	COG0024	Map	Methionine aminopeptidase	AG-919-C02_01005	1
CACMLV010000006.1	50995	52287	+	AG-919-C02_01007	AG-919-C02	430	OG0000779	K01756	adenylosuccinate lyase [EC:4.3.2.2]	COG0015	PurB	Adenylosuccinate lyase	AG-919-C02_01005	2
CACMLV010000006.1	52287	53072	+	AG-919-C02_01008	AG-919-C02	261	OG0000769	K01923	phosphoribosylaminoimidazole-succinocarboxamide synthase [EC:6.3.2.6]	COG0152	PurC	Phosphoribosylaminoimidazole-succinocarboxamide synthase	AG-919-C02_01005	3
CACMLV010000006.1	53069	53311	+	AG-919-C02_01009	AG-919-C02	80	OG0000770	K23264	phosphoribosylformylglycinamidine synthase subunit PurS [EC:6.3.5.3]	COG1828	PurS	Phosphoribosylformylglycinamidine (FGAM) synthase, PurS subunit	AG-919-C02_01005	4
CACMLV010000006.1	53315	53998	+	AG-919-C02_01010	AG-919-C02	227	OG0000684	K23265	phosphoribosylformylglycinamidine synthase subunit PurQ / glutaminase [EC:6.3.5.3 3.5.1.2]	COG0047	PurL2	Phosphoribosylformylglycinamidine (FGAM) synthase, glutamine amidotransferase domain	AG-919-C02_01005	5
CACMQA010000001.1	150544	151221	-	AG-919-F21_00178	AG-919-F21	225	OG0000684	K23265	phosphoribosylformylglycinamidine synthase subunit PurQ / glutaminase [EC:6.3.5.3 3.5.1.2]	COG0047	PurL2	Phosphoribosylformylglycinamidine (FGAM) synthase, glutamine amidotransferase domain	AG-919-F21_00183	-5
CACMQA010000001.1	151218	151499	-	AG-919-F21_00179	AG-919-F21	93	OG0000770	K23264	phosphoribosylformylglycinamidine synthase subunit PurS [EC:6.3.5.3]	COG1828	PurS	Phosphoribosylformylglycinamidine (FGAM) synthase, PurS subunit	AG-919-F21_00183	-4
CACMQA010000001.1	151462	152253	-	AG-919-F21_00180	AG-919-F21	263	OG0000769	K01923	phosphoribosylaminoimidazole-succinocarboxamide synthase [EC:6.3.2.6]	COG0152	PurC	Phosphoribosylaminoimidazole-succinocarboxamide synthase	AG-919-F21_00183	-3
CACMQA010000001.1	152258	153553	-	AG-919-F21_00181	AG-919-F21	431	OG0000779	K01756	adenylosuccinate lyase [EC:4.3.2.2]	COG0015	PurB	Adenylosuccinate lyase	AG-919-F21_00183	-2
CACMQA010000001.1	153569	154312	-	AG-919-F21_00182	AG-919-F21	247	OG0000721	K01265	methionyl aminopeptidase [EC:3.4.11.18]	COG0024	Map	Methionine aminopeptidase	AG-919-F21_00183	-1
CACMQA010000001.1	154309	155007	-	AG-919-F21_00183	AG-919-F21	232	OG0000819	K06206	sugar fermentation stimulation protein A	COG1489	SfsA	DNA-binding protein, stimulates sugar fermentation	AG-919-F21_00183	0
CACMQA010000001.1	155025	155783	+	AG-919-F21_00184	AG-919-F21	252	OG0000807	NA	NA	COG1058	CinA	ADP-ribose pyrophosphatase domain of DNA damage- and competence-inducible protein CinA	AG-919-F21_00183	1
CACMQA010000001.1	155780	156733	-	AG-919-F21_00185	AG-919-F21	317	OG0001428	NA	NA	COG0859	RfaF	ADP-heptose:LPS heptosyltransferase	AG-919-F21_00183	2
CACMQA010000001.1	156796	157488	+	AG-919-F21_00186	AG-919-F21	230	OG0000028	NA	NA	COG4122	TrmR	tRNA 5-hydroxyU34 O-methylase TrmR/YrrM	AG-919-F21_00183	3
CACMQA010000001.1	157495	158589	+	AG-919-F21_00187	AG-919-F21	364	OG0001477	NA	NA	COG4421	NA	Predicted N-acetylglucosamine transferase involved in capsular polysaccharide biosynthesis, GT61 family	AG-919-F21_00183	4
CACMQA010000001.1	158917	159231	+	AG-919-F21_00188	AG-919-F21	104	OG0001270	NA	NA	COG5470	NA	Uncharacterized conserved protein, DUF1330 family	AG-919-F21_00183	5
CACMTZ010000005.1	15464	16147	-	AG-919-L02_00938	AG-919-L02	227	OG0000684	K23265	phosphoribosylformylglycinamidine synthase subunit PurQ / glutaminase [EC:6.3.5.3 3.5.1.2]	COG0047	PurL2	Phosphoribosylformylglycinamidine (FGAM) synthase, glutamine amidotransferase domain	AG-919-L02_00943	-5
CACMTZ010000005.1	16151	16393	-	AG-919-L02_00939	AG-919-L02	80	OG0000770	K23264	phosphoribosylformylglycinamidine synthase subunit PurS [EC:6.3.5.3]	COG1828	PurS	Phosphoribosylformylglycinamidine (FGAM) synthase, PurS subunit	AG-919-L02_00943	-4
CACMTZ010000005.1	16390	17175	-	AG-919-L02_00940	AG-919-L02	261	OG0000769	K01923	phosphoribosylaminoimidazole-succinocarboxamide synthase [EC:6.3.2.6]	COG0152	PurC	Phosphoribosylaminoimidazole-succinocarboxamide synthase	AG-919-L02_00943	-3
CACMTZ010000005.1	17175	18467	-	AG-919-L02_00941	AG-919-L02	430	OG0000779	K01756	adenylosuccinate lyase [EC:4.3.2.2]	COG0015	PurB	Adenylosuccinate lyase	AG-919-L02_00943	-2
CACMTZ010000005.1	18471	19244	-	AG-919-L02_00942	AG-919-L02	257	OG0000721	K01265	methionyl aminopeptidase [EC:3.4.11.18]	COG0024	Map	Methionine aminopeptidase	AG-919-L02_00943	-1
CACMTZ010000005.1	19237	19935	-	AG-919-L02_00943	AG-919-L02	232	OG0000819	K06206	sugar fermentation stimulation protein A	COG1489	SfsA	DNA-binding protein, stimulates sugar fermentation	AG-919-L02_00943	0
CACMTZ010000005.1	19954	20703	+	AG-919-L02_00944	AG-919-L02	249	OG0000807	NA	NA	COG1058	CinA	ADP-ribose pyrophosphatase domain of DNA damage- and competence-inducible protein CinA	AG-919-L02_00943	1
CACMTZ010000005.1	20704	21105	+	AG-919-L02_00945	AG-919-L02	133	OG0001035	K00682	gamma-glutamylcyclotransferase [EC:4.3.2.9]	COG2105	YtfP	Predicted gamma-glutamylamine cyclotransferase YtfP, GGCT/AIG2-like family	AG-919-L02_00943	2
CACMTZ010000005.1	21118	22596	+	AG-919-L02_00946	AG-919-L02	492	OG0002260	NA	NA	NA	NA	NA	AG-919-L02_00943	3
CACMTZ010000005.1	22613	23461	+	AG-919-L02_00947	AG-919-L02	282	OG0002198	NA	NA	NA	NA	NA	AG-919-L02_00943	4
CACMTZ010000005.1	23454	24155	+	AG-919-L02_00948	AG-919-L02	233	OG0000043	NA	NA	COG0463	WcaA	Glycosyltransferase involved in cell wall bisynthesis	AG-919-L02_00943	5
CACMVB010000001.1	173832	174950	-	AG-919-M05_00204	AG-919-M05	372	OG0003084	NA	NA	NA	NA	NA	AG-919-M05_00209	-5
CACMVB010000001.1	175291	175884	-	AG-919-M05_00205	AG-919-M05	197	OG0004279	NA	NA	NA	NA	NA	AG-919-M05_00209	-4
CACMVB010000001.1	175888	176076	-	AG-919-M05_00206	AG-919-M05	62	OG0003427	NA	NA	NA	NA	NA	AG-919-M05_00209	-3
CACMVB010000001.1	176393	177346	+	AG-919-M05_00207	AG-919-M05	317	OG0001428	NA	NA	COG0859	RfaF	ADP-heptose:LPS heptosyltransferase	AG-919-M05_00209	-2
CACMVB010000001.1	177343	178098	-	AG-919-M05_00208	AG-919-M05	251	OG0000807	NA	NA	COG1058	CinA	ADP-ribose pyrophosphatase domain of DNA damage- and competence-inducible protein CinA	AG-919-M05_00209	-1
CACMVB010000001.1	178115	178810	+	AG-919-M05_00209	AG-919-M05	231	OG0000819	K06206	sugar fermentation stimulation protein A	COG1489	SfsA	DNA-binding protein, stimulates sugar fermentation	AG-919-M05_00209	0
CACMVB010000001.1	178810	179559	+	AG-919-M05_00210	AG-919-M05	249	OG0000721	K01265	methionyl aminopeptidase [EC:3.4.11.18]	COG0024	Map	Methionine aminopeptidase	AG-919-M05_00209	1
CACMVB010000001.1	179559	180857	+	AG-919-M05_00211	AG-919-M05	432	OG0000779	K01756	adenylosuccinate lyase [EC:4.3.2.2]	COG0015	PurB	Adenylosuccinate lyase	AG-919-M05_00209	2
CACMVB010000001.1	180862	181653	+	AG-919-M05_00212	AG-919-M05	263	OG0000769	K01923	phosphoribosylaminoimidazole-succinocarboxamide synthase [EC:6.3.2.6]	COG0152	PurC	Phosphoribosylaminoimidazole-succinocarboxamide synthase	AG-919-M05_00209	3
CACMVB010000001.1	181655	181894	+	AG-919-M05_00213	AG-919-M05	79	OG0000770	K23264	phosphoribosylformylglycinamidine synthase subunit PurS [EC:6.3.5.3]	COG1828	PurS	Phosphoribosylformylglycinamidine (FGAM) synthase, PurS subunit	AG-919-M05_00209	4
CACMVB010000001.1	181894	182571	+	AG-919-M05_00214	AG-919-M05	225	OG0000684	K23265	phosphoribosylformylglycinamidine synthase subunit PurQ / glutaminase [EC:6.3.5.3 3.5.1.2]	COG0047	PurL2	Phosphoribosylformylglycinamidine (FGAM) synthase, glutamine amidotransferase domain	AG-919-M05_00209	5
CACMWW010000008.1	4164	4883	-	AG-919-N17_00797	AG-919-N17	239	OG0000769	K01923	phosphoribosylaminoimidazole-succinocarboxamide synthase [EC:6.3.2.6]	COG0152	PurC	Phosphoribosylaminoimidazole-succinocarboxamide synthase	AG-919-N17_00802	-5
CACMWW010000008.1	4956	5285	+	AG-919-N17_00798	AG-919-N17	109	OG0001313	NA	NA	COG5467	NA	Uncharacterized conserved protein, DUF1476 domain	AG-919-N17_00802	-4
CACMWW010000008.1	5295	5534	+	AG-919-N17_00799	AG-919-N17	79	OG0002263	NA	NA	NA	NA	NA	AG-919-N17_00802	-3
CACMWW010000008.1	5536	6828	-	AG-919-N17_00800	AG-919-N17	430	OG0000779	K01756	adenylosuccinate lyase [EC:4.3.2.2]	COG0015	PurB	Adenylosuccinate lyase	AG-919-N17_00802	-2
CACMWW010000008.1	6853	7623	-	AG-919-N17_00801	AG-919-N17	256	OG0000721	K01265	methionyl aminopeptidase [EC:3.4.11.18]	COG0024	Map	Methionine aminopeptidase	AG-919-N17_00802	-1
CACMWW010000008.1	7620	8321	-	AG-919-N17_00802	AG-919-N17	233	OG0000819	K06206	sugar fermentation stimulation protein A	COG1489	SfsA	DNA-binding protein, stimulates sugar fermentation	AG-919-N17_00802	0
CACMWW010000008.1	8328	9050	+	AG-919-N17_00803	AG-919-N17	240	OG0000807	NA	NA	COG1058	CinA	ADP-ribose pyrophosphatase domain of DNA damage- and competence-inducible protein CinA	AG-919-N17_00802	1
CACMWW010000008.1	9175	9867	+	AG-919-N17_00804	AG-919-N17	230	OG0000236	K04643	sensory rhodopsin	COG5524	NA	Bacteriorhodopsin	AG-919-N17_00802	2
CACMWW010000008.1	10124	11008	+	AG-919-N17_00806	AG-919-N17	294	OG0001274	NA	NA	NA	NA	NA	AG-919-N17_00802	3
CACMWW010000008.1	11012	11872	+	AG-919-N17_00807	AG-919-N17	286	OG0001551	NA	NA	NA	NA	NA	AG-919-N17_00802	4
CACMWW010000008.1	11869	12636	-	AG-919-N17_00808	AG-919-N17	255	OG0000972	K00858	NAD+ kinase [EC:2.7.1.23]	COG0061	NadK	NAD kinase	AG-919-N17_00802	5
CACMYK010000001.1	68674	69393	-	AG-919-P09_00074	AG-919-P09	239	OG0000769	K01923	phosphoribosylaminoimidazole-succinocarboxamide synthase [EC:6.3.2.6]	COG0152	PurC	Phosphoribosylaminoimidazole-succinocarboxamide synthase	AG-919-P09_00079	-5
CACMYK010000001.1	69466	69795	+	AG-919-P09_00075	AG-919-P09	109	OG0001313	NA	NA	COG5467	NA	Uncharacterized conserved protein, DUF1476 domain	AG-919-P09_00079	-4
CACMYK010000001.1	69804	70043	+	AG-919-P09_00076	AG-919-P09	79	OG0002263	NA	NA	NA	NA	NA	AG-919-P09_00079	-3
CACMYK010000001.1	70045	71337	-	AG-919-P09_00077	AG-919-P09	430	OG0000779	K01756	adenylosuccinate lyase [EC:4.3.2.2]	COG0015	PurB	Adenylosuccinate lyase	AG-919-P09_00079	-2
CACMYK010000001.1	71362	72132	-	AG-919-P09_00078	AG-919-P09	256	OG0000721	K01265	methionyl aminopeptidase [EC:3.4.11.18]	COG0024	Map	Methionine aminopeptidase	AG-919-P09_00079	-1
CACMYK010000001.1	72129	72830	-	AG-919-P09_00079	AG-919-P09	233	OG0000819	K06206	sugar fermentation stimulation protein A	COG1489	SfsA	DNA-binding protein, stimulates sugar fermentation	AG-919-P09_00079	0
CACMYK010000001.1	72837	73559	+	AG-919-P09_00080	AG-919-P09	240	OG0000807	NA	NA	COG1058	CinA	ADP-ribose pyrophosphatase domain of DNA damage- and competence-inducible protein CinA	AG-919-P09_00079	1
CACMYK010000001.1	73684	74376	+	AG-919-P09_00081	AG-919-P09	230	OG0000236	K04643	sensory rhodopsin	COG5524	NA	Bacteriorhodopsin	AG-919-P09_00079	2
CACMYK010000001.1	74628	75521	+	AG-919-P09_00083	AG-919-P09	297	OG0001274	NA	NA	NA	NA	NA	AG-919-P09_00079	3
CACMYK010000001.1	75522	76388	+	AG-919-P09_00084	AG-919-P09	288	OG0001551	NA	NA	NA	NA	NA	AG-919-P09_00079	4
CACMYK010000001.1	76392	77162	-	AG-919-P09_00085	AG-919-P09	256	OG0000972	K00858	NAD+ kinase [EC:2.7.1.23]	COG0061	NadK	NAD kinase	AG-919-P09_00079	5
CACNCB010000005.1	21571	21687	-	AG-920-D05_00729	AG-920-D05	38	NA	NA	NA	NA	NA	NA	AG-920-D05_00734	-5
CACNCB010000005.1	21697	22620	-	AG-920-D05_00730	AG-920-D05	307	OG0000091	NA	NA	NA	NA	NA	AG-920-D05_00734	-4
CACNCB010000005.1	22637	23425	-	AG-920-D05_00731	AG-920-D05	262	OG0001271	NA	NA	NA	NA	NA	AG-920-D05_00734	-3
CACNCB010000005.1	23453	23857	-	AG-920-D05_00732	AG-920-D05	134	OG0001035	K00682	gamma-glutamylcyclotransferase [EC:4.3.2.9]	COG2105	YtfP	Predicted gamma-glutamylamine cyclotransferase YtfP, GGCT/AIG2-like family	AG-920-D05_00734	-2
CACNCB010000005.1	23857	24606	-	AG-920-D05_00733	AG-920-D05	249	OG0000807	NA	NA	COG1058	CinA	ADP-ribose pyrophosphatase domain of DNA damage- and competence-inducible protein CinA	AG-920-D05_00734	-1
CACNCB010000005.1	24627	25325	+	AG-920-D05_00734	AG-920-D05	232	OG0000819	K06206	sugar fermentation stimulation protein A	COG1489	SfsA	DNA-binding protein, stimulates sugar fermentation	AG-920-D05_00734	0
CACNCB010000005.1	25318	26088	+	AG-920-D05_00735	AG-920-D05	256	OG0000721	K01265	methionyl aminopeptidase [EC:3.4.11.18]	COG0024	Map	Methionine aminopeptidase	AG-920-D05_00734	1
CACNCB010000005.1	26092	27384	+	AG-920-D05_00736	AG-920-D05	430	OG0000779	K01756	adenylosuccinate lyase [EC:4.3.2.2]	COG0015	PurB	Adenylosuccinate lyase	AG-920-D05_00734	2
CACNCB010000005.1	27384	28169	+	AG-920-D05_00737	AG-920-D05	261	OG0000769	K01923	phosphoribosylaminoimidazole-succinocarboxamide synthase [EC:6.3.2.6]	COG0152	PurC	Phosphoribosylaminoimidazole-succinocarboxamide synthase	AG-920-D05_00734	3
CACNCB010000005.1	28166	28408	+	AG-920-D05_00738	AG-920-D05	80	OG0000770	K23264	phosphoribosylformylglycinamidine synthase subunit PurS [EC:6.3.5.3]	COG1828	PurS	Phosphoribosylformylglycinamidine (FGAM) synthase, PurS subunit	AG-920-D05_00734	4
CACNCB010000005.1	28412	29095	+	AG-920-D05_00739	AG-920-D05	227	OG0000684	K23265	phosphoribosylformylglycinamidine synthase subunit PurQ / glutaminase [EC:6.3.5.3 3.5.1.2]	COG0047	PurL2	Phosphoribosylformylglycinamidine (FGAM) synthase, glutamine amidotransferase domain	AG-920-D05_00734	5
CACNFB010000008.1	27542	28225	-	AG-920-I06_00768	AG-920-I06	227	OG0000684	K23265	phosphoribosylformylglycinamidine synthase subunit PurQ / glutaminase [EC:6.3.5.3 3.5.1.2]	COG0047	PurL2	Phosphoribosylformylglycinamidine (FGAM) synthase, glutamine amidotransferase domain	AG-920-I06_00773	-5
CACNFB010000008.1	28227	28460	-	AG-920-I06_00769	AG-920-I06	77	OG0000770	K23264	phosphoribosylformylglycinamidine synthase subunit PurS [EC:6.3.5.3]	COG1828	PurS	Phosphoribosylformylglycinamidine (FGAM) synthase, PurS subunit	AG-920-I06_00773	-4
CACNFB010000008.1	28457	29245	-	AG-920-I06_00770	AG-920-I06	262	OG0000769	K01923	phosphoribosylaminoimidazole-succinocarboxamide synthase [EC:6.3.2.6]	COG0152	PurC	Phosphoribosylaminoimidazole-succinocarboxamide synthase	AG-920-I06_00773	-3
CACNFB010000008.1	29245	30537	-	AG-920-I06_00771	AG-920-I06	430	OG0000779	K01756	adenylosuccinate lyase [EC:4.3.2.2]	COG0015	PurB	Adenylosuccinate lyase	AG-920-I06_00773	-2
CACNFB010000008.1	30537	31307	-	AG-920-I06_00772	AG-920-I06	256	OG0000721	K01265	methionyl aminopeptidase [EC:3.4.11.18]	COG0024	Map	Methionine aminopeptidase	AG-920-I06_00773	-1
CACNFB010000008.1	31300	31986	-	AG-920-I06_00773	AG-920-I06	228	OG0000819	K06206	sugar fermentation stimulation protein A	COG1489	SfsA	DNA-binding protein, stimulates sugar fermentation	AG-920-I06_00773	0
CACNFB010000008.1	32009	32752	+	AG-920-I06_00774	AG-920-I06	247	OG0000807	NA	NA	COG1058	CinA	ADP-ribose pyrophosphatase domain of DNA damage- and competence-inducible protein CinA	AG-920-I06_00773	1
CACNFB010000008.1	32759	33163	+	AG-920-I06_00775	AG-920-I06	134	OG0001035	K00682	gamma-glutamylcyclotransferase [EC:4.3.2.9]	COG2105	YtfP	Predicted gamma-glutamylamine cyclotransferase YtfP, GGCT/AIG2-like family	AG-920-I06_00773	2
CACNFB010000008.1	33164	33850	+	AG-920-I06_00776	AG-920-I06	228	OG0001044	NA	NA	COG1296	AzlC	Predicted branched-chain amino acid permease (azaleucine resistance)	AG-920-I06_00773	3
CACNFB010000008.1	33847	34158	+	AG-920-I06_00777	AG-920-I06	103	OG0001043	NA	NA	COG4392	AzlD2	Branched-chain amino acid transport protein	AG-920-I06_00773	4
CACNFB010000008.1	34155	35888	-	AG-920-I06_00778	AG-920-I06	577	OG0001383	NA	NA	COG0366	AmyA	Glycosidase/amylase (phosphorylase)	AG-920-I06_00773	5
CACNFY010000004.1	349	1101	-	AG-920-I23_00513	AG-920-I23	250	OG0000807	NA	NA	COG1058	CinA	ADP-ribose pyrophosphatase domain of DNA damage- and competence-inducible protein CinA	AG-920-I23_00514	-1
CACNFY010000004.1	1182	1820	+	AG-920-I23_00514	AG-920-I23	212	OG0000819	K06206	sugar fermentation stimulation protein A	COG1489	SfsA	DNA-binding protein, stimulates sugar fermentation	AG-920-I23_00514	0
CACNFY010000004.1	1813	2565	+	AG-920-I23_00515	AG-920-I23	250	OG0000721	K01265	methionyl aminopeptidase [EC:3.4.11.18]	COG0024	Map	Methionine aminopeptidase	AG-920-I23_00514	1
CACNFY010000004.1	2582	3874	+	AG-920-I23_00516	AG-920-I23	430	OG0000779	K01756	adenylosuccinate lyase [EC:4.3.2.2]	COG0015	PurB	Adenylosuccinate lyase	AG-920-I23_00514	2
CACNFY010000004.1	3874	4659	+	AG-920-I23_00517	AG-920-I23	261	OG0000769	K01923	phosphoribosylaminoimidazole-succinocarboxamide synthase [EC:6.3.2.6]	COG0152	PurC	Phosphoribosylaminoimidazole-succinocarboxamide synthase	AG-920-I23_00514	3
CACNFY010000004.1	4660	4893	+	AG-920-I23_00518	AG-920-I23	77	OG0000770	K23264	phosphoribosylformylglycinamidine synthase subunit PurS [EC:6.3.5.3]	COG1828	PurS	Phosphoribosylformylglycinamidine (FGAM) synthase, PurS subunit	AG-920-I23_00514	4
CACNFY010000004.1	4897	5580	+	AG-920-I23_00519	AG-920-I23	227	OG0000684	K23265	phosphoribosylformylglycinamidine synthase subunit PurQ / glutaminase [EC:6.3.5.3 3.5.1.2]	COG0047	PurL2	Phosphoribosylformylglycinamidine (FGAM) synthase, glutamine amidotransferase domain	AG-920-I23_00514	5
CACNGH010000012.1	14779	15999	+	AG-920-J04_01077	AG-920-J04	406	OG0001273	K13693	glucosyl-3-phosphoglycerate synthase [EC:2.4.1.266]	NA	NA	NA	AG-920-J04_01082	-5
CACNGH010000012.1	15999	17261	+	AG-920-J04_01078	AG-920-J04	420	OG0001281	NA	NA	COG3408	GDB1	Glycogen debranching enzyme (alpha-1,6-glucosidase)	AG-920-J04_01082	-4
CACNGH010000012.1	17258	18568	-	AG-920-J04_01079	AG-920-J04	436	OG0001333	NA	NA	COG4091	NA	Predicted homoserine dehydrogenase, contains C-terminal SAF domain	AG-920-J04_01082	-3
CACNGH010000012.1	18577	18978	-	AG-920-J04_01080	AG-920-J04	133	OG0001035	K00682	gamma-glutamylcyclotransferase [EC:4.3.2.9]	COG2105	YtfP	Predicted gamma-glutamylamine cyclotransferase YtfP, GGCT/AIG2-like family	AG-920-J04_01082	-2
CACNGH010000012.1	18978	19727	-	AG-920-J04_01081	AG-920-J04	249	OG0000807	NA	NA	COG1058	CinA	ADP-ribose pyrophosphatase domain of DNA damage- and competence-inducible protein CinA	AG-920-J04_01082	-1
CACNGH010000012.1	19748	20446	+	AG-920-J04_01082	AG-920-J04	232	OG0000819	K06206	sugar fermentation stimulation protein A	COG1489	SfsA	DNA-binding protein, stimulates sugar fermentation	AG-920-J04_01082	0
CACNGH010000012.1	20439	21209	+	AG-920-J04_01083	AG-920-J04	256	OG0000721	K01265	methionyl aminopeptidase [EC:3.4.11.18]	COG0024	Map	Methionine aminopeptidase	AG-920-J04_01082	1
CACNGH010000012.1	21213	22505	+	AG-920-J04_01084	AG-920-J04	430	OG0000779	K01756	adenylosuccinate lyase [EC:4.3.2.2]	COG0015	PurB	Adenylosuccinate lyase	AG-920-J04_01082	2
CACNGH010000012.1	22505	23290	+	AG-920-J04_01085	AG-920-J04	261	OG0000769	K01923	phosphoribosylaminoimidazole-succinocarboxamide synthase [EC:6.3.2.6]	COG0152	PurC	Phosphoribosylaminoimidazole-succinocarboxamide synthase	AG-920-J04_01082	3
CACNGH010000012.1	23287	23529	+	AG-920-J04_01086	AG-920-J04	80	OG0000770	K23264	phosphoribosylformylglycinamidine synthase subunit PurS [EC:6.3.5.3]	COG1828	PurS	Phosphoribosylformylglycinamidine (FGAM) synthase, PurS subunit	AG-920-J04_01082	4
CACNGH010000012.1	23533	24216	+	AG-920-J04_01087	AG-920-J04	227	OG0000684	K23265	phosphoribosylformylglycinamidine synthase subunit PurQ / glutaminase [EC:6.3.5.3 3.5.1.2]	COG0047	PurL2	Phosphoribosylformylglycinamidine (FGAM) synthase, glutamine amidotransferase domain	AG-920-J04_01082	5
CACNIK010000004.1	81311	83032	+	AG-920-L07_00839	AG-920-L07	573	OG0001383	NA	NA	COG0366	AmyA	Glycosidase/amylase (phosphorylase)	AG-920-L07_00844	-5
CACNIK010000004.1	83107	83949	-	AG-920-L07_00840	AG-920-L07	280	OG0000365	K18336	2,4-didehydro-3-deoxy-L-rhamnonate hydrolase [EC:3.7.1.26]	COG0179	FAHD1	Oxaloacetate decarboxylase and tautomerase, fumarylacetoacetate (FAA) hydrolase family	AG-920-L07_00844	-4
CACNIK010000004.1	83954	84865	-	AG-920-L07_00841	AG-920-L07	303	OG0001031	NA	NA	COG1442	RfaJ	Lipopolysaccharide biosynthesis protein, LPS:glycosyltransferase	AG-920-L07_00844	-3
CACNIK010000004.1	84866	85756	-	AG-920-L07_00842	AG-920-L07	296	OG0000113	K00737	beta-1,4-mannosyl-glycoprotein beta-1,4-N-acetylglucosaminyltransferase [EC:2.4.1.144]	NA	NA	NA	AG-920-L07_00844	-2
CACNIK010000004.1	85753	86508	-	AG-920-L07_00843	AG-920-L07	251	OG0000807	NA	NA	COG1058	CinA	ADP-ribose pyrophosphatase domain of DNA damage- and competence-inducible protein CinA	AG-920-L07_00844	-1
CACNIK010000004.1	86524	87219	+	AG-920-L07_00844	AG-920-L07	231	OG0000819	K06206	sugar fermentation stimulation protein A	COG1489	SfsA	DNA-binding protein, stimulates sugar fermentation	AG-920-L07_00844	0
CACNIK010000004.1	87216	87977	+	AG-920-L07_00845	AG-920-L07	253	OG0000721	K01265	methionyl aminopeptidase [EC:3.4.11.18]	COG0024	Map	Methionine aminopeptidase	AG-920-L07_00844	1
CACNIK010000004.1	87977	89272	+	AG-920-L07_00846	AG-920-L07	431	OG0000779	K01756	adenylosuccinate lyase [EC:4.3.2.2]	COG0015	PurB	Adenylosuccinate lyase	AG-920-L07_00844	2
CACNIK010000004.1	89279	90070	+	AG-920-L07_00847	AG-920-L07	263	OG0000769	K01923	phosphoribosylaminoimidazole-succinocarboxamide synthase [EC:6.3.2.6]	COG0152	PurC	Phosphoribosylaminoimidazole-succinocarboxamide synthase	AG-920-L07_00844	3
CACNIK010000004.1	90072	90311	+	AG-920-L07_00848	AG-920-L07	79	OG0000770	K23264	phosphoribosylformylglycinamidine synthase subunit PurS [EC:6.3.5.3]	COG1828	PurS	Phosphoribosylformylglycinamidine (FGAM) synthase, PurS subunit	AG-920-L07_00844	4
CACNIK010000004.1	90311	90988	+	AG-920-L07_00849	AG-920-L07	225	OG0000684	K23265	phosphoribosylformylglycinamidine synthase subunit PurQ / glutaminase [EC:6.3.5.3 3.5.1.2]	COG0047	PurL2	Phosphoribosylformylglycinamidine (FGAM) synthase, glutamine amidotransferase domain	AG-920-L07_00844	5
CACNJA010000002.1	115946	116713	+	AG-920-L11_00343	AG-920-L11	255	OG0000972	K00858	NAD+ kinase [EC:2.7.1.23]	COG0061	NadK	NAD kinase	AG-920-L11_00349	-5
CACNJA010000002.1	116710	117570	-	AG-920-L11_00344	AG-920-L11	286	OG0001551	NA	NA	NA	NA	NA	AG-920-L11_00349	-4
CACNJA010000002.1	117574	118461	-	AG-920-L11_00345	AG-920-L11	295	OG0001274	NA	NA	NA	NA	NA	AG-920-L11_00349	-3
CACNJA010000002.1	118714	119406	-	AG-920-L11_00347	AG-920-L11	230	OG0000236	K04643	sensory rhodopsin	COG5524	NA	Bacteriorhodopsin	AG-920-L11_00349	-2
CACNJA010000002.1	119531	120253	-	AG-920-L11_00348	AG-920-L11	240	OG0000807	NA	NA	COG1058	CinA	ADP-ribose pyrophosphatase domain of DNA damage- and competence-inducible protein CinA	AG-920-L11_00349	-1
CACNJA010000002.1	120260	120961	+	AG-920-L11_00349	AG-920-L11	233	OG0000819	K06206	sugar fermentation stimulation protein A	COG1489	SfsA	DNA-binding protein, stimulates sugar fermentation	AG-920-L11_00349	0
CACNJA010000002.1	120958	121728	+	AG-920-L11_00350	AG-920-L11	256	OG0000721	K01265	methionyl aminopeptidase [EC:3.4.11.18]	COG0024	Map	Methionine aminopeptidase	AG-920-L11_00349	1
CACNJA010000002.1	121753	123045	+	AG-920-L11_00351	AG-920-L11	430	OG0000779	K01756	adenylosuccinate lyase [EC:4.3.2.2]	COG0015	PurB	Adenylosuccinate lyase	AG-920-L11_00349	2
CACNJA010000002.1	123047	123286	-	AG-920-L11_00352	AG-920-L11	79	OG0002263	NA	NA	NA	NA	NA	AG-920-L11_00349	3
CACNJA010000002.1	123296	123625	-	AG-920-L11_00353	AG-920-L11	109	OG0001313	NA	NA	COG5467	NA	Uncharacterized conserved protein, DUF1476 domain	AG-920-L11_00349	4
CACNJA010000002.1	123698	124417	+	AG-920-L11_00354	AG-920-L11	239	OG0000769	K01923	phosphoribosylaminoimidazole-succinocarboxamide synthase [EC:6.3.2.6]	COG0152	PurC	Phosphoribosylaminoimidazole-succinocarboxamide synthase	AG-920-L11_00349	5
CACNIT010000003.1	102129	103859	+	AG-920-L19_00485	AG-920-L19	576	OG0001383	NA	NA	COG0366	AmyA	Glycosidase/amylase (phosphorylase)	AG-920-L19_00490	-5
CACNIT010000003.1	103856	104167	-	AG-920-L19_00486	AG-920-L19	103	OG0001043	NA	NA	COG4392	AzlD2	Branched-chain amino acid transport protein	AG-920-L19_00490	-4
CACNIT010000003.1	104164	104850	-	AG-920-L19_00487	AG-920-L19	228	OG0001044	NA	NA	COG1296	AzlC	Predicted branched-chain amino acid permease (azaleucine resistance)	AG-920-L19_00490	-3
CACNIT010000003.1	104851	105255	-	AG-920-L19_00488	AG-920-L19	134	OG0001035	K00682	gamma-glutamylcyclotransferase [EC:4.3.2.9]	COG2105	YtfP	Predicted gamma-glutamylamine cyclotransferase YtfP, GGCT/AIG2-like family	AG-920-L19_00490	-2
CACNIT010000003.1	105262	106005	-	AG-920-L19_00489	AG-920-L19	247	OG0000807	NA	NA	COG1058	CinA	ADP-ribose pyrophosphatase domain of DNA damage- and competence-inducible protein CinA	AG-920-L19_00490	-1
CACNIT010000003.1	106028	106714	+	AG-920-L19_00490	AG-920-L19	228	OG0000819	K06206	sugar fermentation stimulation protein A	COG1489	SfsA	DNA-binding protein, stimulates sugar fermentation	AG-920-L19_00490	0
CACNIT010000003.1	106707	107477	+	AG-920-L19_00491	AG-920-L19	256	OG0000721	K01265	methionyl aminopeptidase [EC:3.4.11.18]	COG0024	Map	Methionine aminopeptidase	AG-920-L19_00490	1
CACNIT010000003.1	107477	108769	+	AG-920-L19_00492	AG-920-L19	430	OG0000779	K01756	adenylosuccinate lyase [EC:4.3.2.2]	COG0015	PurB	Adenylosuccinate lyase	AG-920-L19_00490	2
CACNIT010000003.1	108769	109557	+	AG-920-L19_00493	AG-920-L19	262	OG0000769	K01923	phosphoribosylaminoimidazole-succinocarboxamide synthase [EC:6.3.2.6]	COG0152	PurC	Phosphoribosylaminoimidazole-succinocarboxamide synthase	AG-920-L19_00490	3
CACNIT010000003.1	109554	109787	+	AG-920-L19_00494	AG-920-L19	77	OG0000770	K23264	phosphoribosylformylglycinamidine synthase subunit PurS [EC:6.3.5.3]	COG1828	PurS	Phosphoribosylformylglycinamidine (FGAM) synthase, PurS subunit	AG-920-L19_00490	4
CACNIT010000003.1	109788	110471	+	AG-920-L19_00495	AG-920-L19	227	OG0000684	K23265	phosphoribosylformylglycinamidine synthase subunit PurQ / glutaminase [EC:6.3.5.3 3.5.1.2]	COG0047	PurL2	Phosphoribosylformylglycinamidine (FGAM) synthase, glutamine amidotransferase domain	AG-920-L19_00490	5
CACNIV010000009.1	9233	10528	-	AG-920-L20_01151	AG-920-L20	431	OG0001333	NA	NA	COG4091	NA	Predicted homoserine dehydrogenase, contains C-terminal SAF domain	AG-920-L20_01156	-5
CACNIV010000009.1	10533	10850	-	AG-920-L20_01152	AG-920-L20	105	OG0001043	NA	NA	COG4392	AzlD2	Branched-chain amino acid transport protein	AG-920-L20_01156	-4
CACNIV010000009.1	10847	11533	-	AG-920-L20_01153	AG-920-L20	228	OG0001044	NA	NA	COG1296	AzlC	Predicted branched-chain amino acid permease (azaleucine resistance)	AG-920-L20_01156	-3
CACNIV010000009.1	11537	11941	-	AG-920-L20_01154	AG-920-L20	134	OG0001035	K00682	gamma-glutamylcyclotransferase [EC:4.3.2.9]	COG2105	YtfP	Predicted gamma-glutamylamine cyclotransferase YtfP, GGCT/AIG2-like family	AG-920-L20_01156	-2
CACNIV010000009.1	11944	12693	-	AG-920-L20_01155	AG-920-L20	249	OG0000807	NA	NA	COG1058	CinA	ADP-ribose pyrophosphatase domain of DNA damage- and competence-inducible protein CinA	AG-920-L20_01156	-1
CACNIV010000009.1	12716	13402	+	AG-920-L20_01156	AG-920-L20	228	OG0000819	K06206	sugar fermentation stimulation protein A	COG1489	SfsA	DNA-binding protein, stimulates sugar fermentation	AG-920-L20_01156	0
CACNIV010000009.1	13395	14165	+	AG-920-L20_01157	AG-920-L20	256	OG0000721	K01265	methionyl aminopeptidase [EC:3.4.11.18]	COG0024	Map	Methionine aminopeptidase	AG-920-L20_01156	1
CACNIV010000009.1	14165	15457	+	AG-920-L20_01158	AG-920-L20	430	OG0000779	K01756	adenylosuccinate lyase [EC:4.3.2.2]	COG0015	PurB	Adenylosuccinate lyase	AG-920-L20_01156	2
CACNIV010000009.1	15457	16242	+	AG-920-L20_01159	AG-920-L20	261	OG0000769	K01923	phosphoribosylaminoimidazole-succinocarboxamide synthase [EC:6.3.2.6]	COG0152	PurC	Phosphoribosylaminoimidazole-succinocarboxamide synthase	AG-920-L20_01156	3
CACNIV010000009.1	16242	16475	+	AG-920-L20_01160	AG-920-L20	77	OG0000770	K23264	phosphoribosylformylglycinamidine synthase subunit PurS [EC:6.3.5.3]	COG1828	PurS	Phosphoribosylformylglycinamidine (FGAM) synthase, PurS subunit	AG-920-L20_01156	4
CACNIV010000009.1	16479	17162	+	AG-920-L20_01161	AG-920-L20	227	OG0000684	K23265	phosphoribosylformylglycinamidine synthase subunit PurQ / glutaminase [EC:6.3.5.3 3.5.1.2]	COG0047	PurL2	Phosphoribosylformylglycinamidine (FGAM) synthase, glutamine amidotransferase domain	AG-920-L20_01156	5
CACNTN010000016.1	2979	3656	-	AH-287-C13_01072	AH-287-C13	225	OG0000684	K23265	phosphoribosylformylglycinamidine synthase subunit PurQ / glutaminase [EC:6.3.5.3 3.5.1.2]	COG0047	PurL2	Phosphoribosylformylglycinamidine (FGAM) synthase, glutamine amidotransferase domain	AH-287-C13_01077	-5
CACNTN010000016.1	3656	3895	-	AH-287-C13_01073	AH-287-C13	79	OG0000770	K23264	phosphoribosylformylglycinamidine synthase subunit PurS [EC:6.3.5.3]	COG1828	PurS	Phosphoribosylformylglycinamidine (FGAM) synthase, PurS subunit	AH-287-C13_01077	-4
CACNTN010000016.1	3897	4688	-	AH-287-C13_01074	AH-287-C13	263	OG0000769	K01923	phosphoribosylaminoimidazole-succinocarboxamide synthase [EC:6.3.2.6]	COG0152	PurC	Phosphoribosylaminoimidazole-succinocarboxamide synthase	AH-287-C13_01077	-3
CACNTN010000016.1	4693	5988	-	AH-287-C13_01075	AH-287-C13	431	OG0000779	K01756	adenylosuccinate lyase [EC:4.3.2.2]	COG0015	PurB	Adenylosuccinate lyase	AH-287-C13_01077	-2
CACNTN010000016.1	5994	6743	-	AH-287-C13_01076	AH-287-C13	249	OG0000721	K01265	methionyl aminopeptidase [EC:3.4.11.18]	COG0024	Map	Methionine aminopeptidase	AH-287-C13_01077	-1
CACNTN010000016.1	6740	7435	-	AH-287-C13_01077	AH-287-C13	231	OG0000819	K06206	sugar fermentation stimulation protein A	COG1489	SfsA	DNA-binding protein, stimulates sugar fermentation	AH-287-C13_01077	0
CACNTN010000016.1	7453	8211	+	AH-287-C13_01078	AH-287-C13	252	OG0000807	NA	NA	COG1058	CinA	ADP-ribose pyrophosphatase domain of DNA damage- and competence-inducible protein CinA	AH-287-C13_01077	1
CACNTN010000016.1	8208	8561	-	AH-287-C13_01079	AH-287-C13	117	OG0001428	NA	NA	COG0859	RfaF	ADP-heptose:LPS heptosyltransferase	AH-287-C13_01077	2
CACNWV010000006.1	28877	29620	+	AH-287-E19_00561	AH-287-E19	247	OG0000786	NA	NA	COG0566	SpoU	tRNA G18 (ribose-2'-O)-methylase SpoU	AH-287-E19_00568	-5
CACNWV010000006.1	29754	30521	-	AH-287-E19_00563	AH-287-E19	255	OG0000972	K00858	NAD+ kinase [EC:2.7.1.23]	COG0061	NadK	NAD kinase	AH-287-E19_00568	-4
CACNWV010000006.1	30684	31637	+	AH-287-E19_00565	AH-287-E19	317	OG0001428	NA	NA	COG0859	RfaF	ADP-heptose:LPS heptosyltransferase	AH-287-E19_00568	-3
CACNWV010000006.1	31639	32397	-	AH-287-E19_00566	AH-287-E19	252	OG0000045	NA	NA	COG4123	TrmN6	tRNA1(Val) A37 N6-methylase TrmN6	AH-287-E19_00568	-2
CACNWV010000006.1	32404	33162	-	AH-287-E19_00567	AH-287-E19	252	OG0000807	NA	NA	COG1058	CinA	ADP-ribose pyrophosphatase domain of DNA damage- and competence-inducible protein CinA	AH-287-E19_00568	-1
CACNWV010000006.1	33179	33874	+	AH-287-E19_00568	AH-287-E19	231	OG0000819	K06206	sugar fermentation stimulation protein A	COG1489	SfsA	DNA-binding protein, stimulates sugar fermentation	AH-287-E19_00568	0
CACNWV010000006.1	33874	34629	+	AH-287-E19_00569	AH-287-E19	251	OG0000721	K01265	methionyl aminopeptidase [EC:3.4.11.18]	COG0024	Map	Methionine aminopeptidase	AH-287-E19_00568	1
CACNWV010000006.1	34622	35920	+	AH-287-E19_00570	AH-287-E19	432	OG0000779	K01756	adenylosuccinate lyase [EC:4.3.2.2]	COG0015	PurB	Adenylosuccinate lyase	AH-287-E19_00568	2
CACNWV010000006.1	35925	36716	+	AH-287-E19_00571	AH-287-E19	263	OG0000769	K01923	phosphoribosylaminoimidazole-succinocarboxamide synthase [EC:6.3.2.6]	COG0152	PurC	Phosphoribosylaminoimidazole-succinocarboxamide synthase	AH-287-E19_00568	3
CACNWV010000006.1	36718	36957	+	AH-287-E19_00572	AH-287-E19	79	OG0000770	K23264	phosphoribosylformylglycinamidine synthase subunit PurS [EC:6.3.5.3]	COG1828	PurS	Phosphoribosylformylglycinamidine (FGAM) synthase, PurS subunit	AH-287-E19_00568	4
CACNWV010000006.1	36957	37634	+	AH-287-E19_00573	AH-287-E19	225	OG0000684	K23265	phosphoribosylformylglycinamidine synthase subunit PurQ / glutaminase [EC:6.3.5.3 3.5.1.2]	COG0047	PurL2	Phosphoribosylformylglycinamidine (FGAM) synthase, glutamine amidotransferase domain	AH-287-E19_00568	5
CACNXQ010000003.1	152804	153526	-	AH-287-F15_00857	AH-287-F15	240	OG0000769	K01923	phosphoribosylaminoimidazole-succinocarboxamide synthase [EC:6.3.2.6]	COG0152	PurC	Phosphoribosylaminoimidazole-succinocarboxamide synthase	AH-287-F15_00862	-5
CACNXQ010000003.1	153550	153924	+	AH-287-F15_00858	AH-287-F15	124	OG0001313	NA	NA	COG5467	NA	Uncharacterized conserved protein, DUF1476 domain	AH-287-F15_00862	-4
CACNXQ010000003.1	153936	154217	+	AH-287-F15_00859	AH-287-F15	93	NA	NA	NA	NA	NA	NA	AH-287-F15_00862	-3
CACNXQ010000003.1	154224	155516	-	AH-287-F15_00860	AH-287-F15	430	OG0000779	K01756	adenylosuccinate lyase [EC:4.3.2.2]	COG0015	PurB	Adenylosuccinate lyase	AH-287-F15_00862	-2
CACNXQ010000003.1	155539	156300	-	AH-287-F15_00861	AH-287-F15	253	OG0000721	K01265	methionyl aminopeptidase [EC:3.4.11.18]	COG0024	Map	Methionine aminopeptidase	AH-287-F15_00862	-1
CACNXQ010000003.1	156300	157004	-	AH-287-F15_00862	AH-287-F15	234	OG0000819	K06206	sugar fermentation stimulation protein A	COG1489	SfsA	DNA-binding protein, stimulates sugar fermentation	AH-287-F15_00862	0
CACNXQ010000003.1	157011	157733	+	AH-287-F15_00863	AH-287-F15	240	OG0000807	NA	NA	COG1058	CinA	ADP-ribose pyrophosphatase domain of DNA damage- and competence-inducible protein CinA	AH-287-F15_00862	1
CACNXQ010000003.1	157868	158560	+	AH-287-F15_00864	AH-287-F15	230	OG0000236	K04643	sensory rhodopsin	COG5524	NA	Bacteriorhodopsin	AH-287-F15_00862	2
CACNXQ010000003.1	158811	159701	+	AH-287-F15_00866	AH-287-F15	296	OG0001274	NA	NA	NA	NA	NA	AH-287-F15_00862	3
CACNXQ010000003.1	159715	160836	+	AH-287-F15_00867	AH-287-F15	373	OG0001551	NA	NA	NA	NA	NA	AH-287-F15_00862	4
CACNXQ010000003.1	160833	161600	-	AH-287-F15_00868	AH-287-F15	255	OG0000972	K00858	NAD+ kinase [EC:2.7.1.23]	COG0061	NadK	NAD kinase	AH-287-F15_00862	5
CACNXC010000002.1	184670	185353	-	AH-287-G05_00405	AH-287-G05	227	OG0000684	K23265	phosphoribosylformylglycinamidine synthase subunit PurQ / glutaminase [EC:6.3.5.3 3.5.1.2]	COG0047	PurL2	Phosphoribosylformylglycinamidine (FGAM) synthase, glutamine amidotransferase domain	AH-287-G05_00410	-5
CACNXC010000002.1	185357	185599	-	AH-287-G05_00406	AH-287-G05	80	OG0000770	K23264	phosphoribosylformylglycinamidine synthase subunit PurS [EC:6.3.5.3]	COG1828	PurS	Phosphoribosylformylglycinamidine (FGAM) synthase, PurS subunit	AH-287-G05_00410	-4
CACNXC010000002.1	185596	186381	-	AH-287-G05_00407	AH-287-G05	261	OG0000769	K01923	phosphoribosylaminoimidazole-succinocarboxamide synthase [EC:6.3.2.6]	COG0152	PurC	Phosphoribosylaminoimidazole-succinocarboxamide synthase	AH-287-G05_00410	-3
CACNXC010000002.1	186381	187673	-	AH-287-G05_00408	AH-287-G05	430	OG0000779	K01756	adenylosuccinate lyase [EC:4.3.2.2]	COG0015	PurB	Adenylosuccinate lyase	AH-287-G05_00410	-2
CACNXC010000002.1	187677	188450	-	AH-287-G05_00409	AH-287-G05	257	OG0000721	K01265	methionyl aminopeptidase [EC:3.4.11.18]	COG0024	Map	Methionine aminopeptidase	AH-287-G05_00410	-1
CACNXC010000002.1	188443	189141	-	AH-287-G05_00410	AH-287-G05	232	OG0000819	K06206	sugar fermentation stimulation protein A	COG1489	SfsA	DNA-binding protein, stimulates sugar fermentation	AH-287-G05_00410	0
CACNXC010000002.1	189160	189909	+	AH-287-G05_00411	AH-287-G05	249	OG0000807	NA	NA	COG1058	CinA	ADP-ribose pyrophosphatase domain of DNA damage- and competence-inducible protein CinA	AH-287-G05_00410	1
CACNXC010000002.1	189910	190311	+	AH-287-G05_00412	AH-287-G05	133	OG0001035	K00682	gamma-glutamylcyclotransferase [EC:4.3.2.9]	COG2105	YtfP	Predicted gamma-glutamylamine cyclotransferase YtfP, GGCT/AIG2-like family	AH-287-G05_00410	2
CACNXC010000002.1	191847	192071	-	AH-287-G05_00413	AH-287-G05	74	OG0002743	NA	NA	NA	NA	NA	AH-287-G05_00410	3
CACNZK010000001.1	68381	68857	-	AH-287-J18_00086	AH-287-J18	158	OG0000006	NA	NA	COG4968	PilE	Type IV pilus minor pilin/pseudopilin PilE	AH-287-J18_00091	-5
CACNZK010000001.1	69001	70125	-	AH-287-J18_00087	AH-287-J18	374	OG0000010	NA	NA	COG0438	RfaB	Lipopolysaccharide 1,6-galactosyltransferase, GT1 family	AH-287-J18_00091	-4
CACNZK010000001.1	70137	70907	-	AH-287-J18_00088	AH-287-J18	256	OG0000972	K00858	NAD+ kinase [EC:2.7.1.23]	COG0061	NadK	NAD kinase	AH-287-J18_00091	-3
CACNZK010000001.1	71178	71585	-	AH-287-J18_00089	AH-287-J18	135	OG0001035	K00682	gamma-glutamylcyclotransferase [EC:4.3.2.9]	COG2105	YtfP	Predicted gamma-glutamylamine cyclotransferase YtfP, GGCT/AIG2-like family	AH-287-J18_00091	-2
CACNZK010000001.1	71586	72335	-	AH-287-J18_00090	AH-287-J18	249	OG0000807	NA	NA	COG1058	CinA	ADP-ribose pyrophosphatase domain of DNA damage- and competence-inducible protein CinA	AH-287-J18_00091	-1
CACNZK010000001.1	72356	73054	+	AH-287-J18_00091	AH-287-J18	232	OG0000819	K06206	sugar fermentation stimulation protein A	COG1489	SfsA	DNA-binding protein, stimulates sugar fermentation	AH-287-J18_00091	0
CACNZK010000001.1	73047	73820	+	AH-287-J18_00092	AH-287-J18	257	OG0000721	K01265	methionyl aminopeptidase [EC:3.4.11.18]	COG0024	Map	Methionine aminopeptidase	AH-287-J18_00091	1
CACNZK010000001.1	73824	75116	+	AH-287-J18_00093	AH-287-J18	430	OG0000779	K01756	adenylosuccinate lyase [EC:4.3.2.2]	COG0015	PurB	Adenylosuccinate lyase	AH-287-J18_00091	2
CACNZK010000001.1	75116	75901	+	AH-287-J18_00094	AH-287-J18	261	OG0000769	K01923	phosphoribosylaminoimidazole-succinocarboxamide synthase [EC:6.3.2.6]	COG0152	PurC	Phosphoribosylaminoimidazole-succinocarboxamide synthase	AH-287-J18_00091	3
CACNZK010000001.1	75898	76140	+	AH-287-J18_00095	AH-287-J18	80	OG0000770	K23264	phosphoribosylformylglycinamidine synthase subunit PurS [EC:6.3.5.3]	COG1828	PurS	Phosphoribosylformylglycinamidine (FGAM) synthase, PurS subunit	AH-287-J18_00091	4
CACNZK010000001.1	76144	76827	+	AH-287-J18_00096	AH-287-J18	227	OG0000684	K23265	phosphoribosylformylglycinamidine synthase subunit PurQ / glutaminase [EC:6.3.5.3 3.5.1.2]	COG0047	PurL2	Phosphoribosylformylglycinamidine (FGAM) synthase, glutamine amidotransferase domain	AH-287-J18_00091	5
CACOCP010000006.1	4233	4916	-	AH-287-O09_00817	AH-287-O09	227	OG0000684	K23265	phosphoribosylformylglycinamidine synthase subunit PurQ / glutaminase [EC:6.3.5.3 3.5.1.2]	COG0047	PurL2	Phosphoribosylformylglycinamidine (FGAM) synthase, glutamine amidotransferase domain	AH-287-O09_00822	-5
CACOCP010000006.1	4923	5156	-	AH-287-O09_00818	AH-287-O09	77	OG0000770	K23264	phosphoribosylformylglycinamidine synthase subunit PurS [EC:6.3.5.3]	COG1828	PurS	Phosphoribosylformylglycinamidine (FGAM) synthase, PurS subunit	AH-287-O09_00822	-4
CACOCP010000006.1	5156	5941	-	AH-287-O09_00819	AH-287-O09	261	OG0000769	K01923	phosphoribosylaminoimidazole-succinocarboxamide synthase [EC:6.3.2.6]	COG0152	PurC	Phosphoribosylaminoimidazole-succinocarboxamide synthase	AH-287-O09_00822	-3
CACOCP010000006.1	5941	7233	-	AH-287-O09_00820	AH-287-O09	430	OG0000779	K01756	adenylosuccinate lyase [EC:4.3.2.2]	COG0015	PurB	Adenylosuccinate lyase	AH-287-O09_00822	-2
CACOCP010000006.1	7233	8009	-	AH-287-O09_00821	AH-287-O09	258	OG0000721	K01265	methionyl aminopeptidase [EC:3.4.11.18]	COG0024	Map	Methionine aminopeptidase	AH-287-O09_00822	-1
CACOCP010000006.1	7999	8688	-	AH-287-O09_00822	AH-287-O09	229	OG0000819	K06206	sugar fermentation stimulation protein A	COG1489	SfsA	DNA-binding protein, stimulates sugar fermentation	AH-287-O09_00822	0
CACOCP010000006.1	8710	9462	+	AH-287-O09_00823	AH-287-O09	250	OG0000807	NA	NA	COG1058	CinA	ADP-ribose pyrophosphatase domain of DNA damage- and competence-inducible protein CinA	AH-287-O09_00822	1
CACOCP010000006.1	9462	9869	+	AH-287-O09_00824	AH-287-O09	135	OG0001035	K00682	gamma-glutamylcyclotransferase [EC:4.3.2.9]	COG2105	YtfP	Predicted gamma-glutamylamine cyclotransferase YtfP, GGCT/AIG2-like family	AH-287-O09_00822	2
CACOCP010000006.1	9873	10565	+	AH-287-O09_00825	AH-287-O09	230	OG0001044	NA	NA	COG1296	AzlC	Predicted branched-chain amino acid permease (azaleucine resistance)	AH-287-O09_00822	3
CACOCP010000006.1	10562	10876	+	AH-287-O09_00826	AH-287-O09	104	OG0001043	NA	NA	COG4392	AzlD2	Branched-chain amino acid transport protein	AH-287-O09_00822	4
CACOCP010000006.1	10852	12171	+	AH-287-O09_00827	AH-287-O09	439	OG0001333	NA	NA	COG4091	NA	Predicted homoserine dehydrogenase, contains C-terminal SAF domain	AH-287-O09_00822	5
CACOEF010000001.1	63185	63622	-	AH-321-A17_00078	AH-321-A17	145	OG0001322	NA	NA	COG3791	NA	Uncharacterized conserved protein	AH-321-A17_00084	-5
CACOEF010000001.1	63634	64404	-	AH-321-A17_00079	AH-321-A17	256	OG0000972	K00858	NAD+ kinase [EC:2.7.1.23]	COG0061	NadK	NAD kinase	AH-321-A17_00084	-4
CACOEF010000001.1	64539	65831	-	AH-321-A17_00081	AH-321-A17	430	OG0001333	NA	NA	COG4091	NA	Predicted homoserine dehydrogenase, contains C-terminal SAF domain	AH-321-A17_00084	-3
CACOEF010000001.1	65839	66240	-	AH-321-A17_00082	AH-321-A17	133	OG0001035	K00682	gamma-glutamylcyclotransferase [EC:4.3.2.9]	COG2105	YtfP	Predicted gamma-glutamylamine cyclotransferase YtfP, GGCT/AIG2-like family	AH-321-A17_00084	-2
CACOEF010000001.1	66240	66989	-	AH-321-A17_00083	AH-321-A17	249	OG0000807	NA	NA	COG1058	CinA	ADP-ribose pyrophosphatase domain of DNA damage- and competence-inducible protein CinA	AH-321-A17_00084	-1
CACOEF010000001.1	67010	67708	+	AH-321-A17_00084	AH-321-A17	232	OG0000819	K06206	sugar fermentation stimulation protein A	COG1489	SfsA	DNA-binding protein, stimulates sugar fermentation	AH-321-A17_00084	0
CACOEF010000001.1	67701	68471	+	AH-321-A17_00085	AH-321-A17	256	OG0000721	K01265	methionyl aminopeptidase [EC:3.4.11.18]	COG0024	Map	Methionine aminopeptidase	AH-321-A17_00084	1
CACOEF010000001.1	68475	69767	+	AH-321-A17_00086	AH-321-A17	430	OG0000779	K01756	adenylosuccinate lyase [EC:4.3.2.2]	COG0015	PurB	Adenylosuccinate lyase	AH-321-A17_00084	2
CACOEF010000001.1	69767	70552	+	AH-321-A17_00087	AH-321-A17	261	OG0000769	K01923	phosphoribosylaminoimidazole-succinocarboxamide synthase [EC:6.3.2.6]	COG0152	PurC	Phosphoribosylaminoimidazole-succinocarboxamide synthase	AH-321-A17_00084	3
CACOEF010000001.1	70549	70791	+	AH-321-A17_00088	AH-321-A17	80	OG0000770	K23264	phosphoribosylformylglycinamidine synthase subunit PurS [EC:6.3.5.3]	COG1828	PurS	Phosphoribosylformylglycinamidine (FGAM) synthase, PurS subunit	AH-321-A17_00084	4
CACOEF010000001.1	70795	71478	+	AH-321-A17_00089	AH-321-A17	227	OG0000684	K23265	phosphoribosylformylglycinamidine synthase subunit PurQ / glutaminase [EC:6.3.5.3 3.5.1.2]	COG0047	PurL2	Phosphoribosylformylglycinamidine (FGAM) synthase, glutamine amidotransferase domain	AH-321-A17_00084	5
CACOKN010000001.1	956	2212	-	AH-321-M13_00001	AH-321-M13	418	OG0001137	NA	NA	COG2227	UbiG	2-polyprenyl-3-methyl-5-hydroxy-6-metoxy-1,4-benzoquinol methylase	AH-321-M13_00006	-5
CACOKN010000001.1	2269	2967	+	AH-321-M13_00002	AH-321-M13	232	OG0000043	NA	NA	COG0463	WcaA	Glycosyltransferase involved in cell wall bisynthesis	AH-321-M13_00006	-4
CACOKN010000001.1	2964	3923	+	AH-321-M13_00003	AH-321-M13	319	OG0000013	NA	NA	COG0673	MviM	Predicted dehydrogenase	AH-321-M13_00006	-3
CACOKN010000001.1	3915	4316	-	AH-321-M13_00004	AH-321-M13	133	OG0001035	K00682	gamma-glutamylcyclotransferase [EC:4.3.2.9]	COG2105	YtfP	Predicted gamma-glutamylamine cyclotransferase YtfP, GGCT/AIG2-like family	AH-321-M13_00006	-2
CACOKN010000001.1	4317	5066	-	AH-321-M13_00005	AH-321-M13	249	OG0000807	NA	NA	COG1058	CinA	ADP-ribose pyrophosphatase domain of DNA damage- and competence-inducible protein CinA	AH-321-M13_00006	-1
CACOKN010000001.1	5085	5783	+	AH-321-M13_00006	AH-321-M13	232	OG0000819	K06206	sugar fermentation stimulation protein A	COG1489	SfsA	DNA-binding protein, stimulates sugar fermentation	AH-321-M13_00006	0
CACOKN010000001.1	5776	6549	+	AH-321-M13_00007	AH-321-M13	257	OG0000721	K01265	methionyl aminopeptidase [EC:3.4.11.18]	COG0024	Map	Methionine aminopeptidase	AH-321-M13_00006	1
CACOKN010000001.1	6553	7845	+	AH-321-M13_00008	AH-321-M13	430	OG0000779	K01756	adenylosuccinate lyase [EC:4.3.2.2]	COG0015	PurB	Adenylosuccinate lyase	AH-321-M13_00006	2
CACOKN010000001.1	7845	8627	+	AH-321-M13_00009	AH-321-M13	260	OG0000769	K01923	phosphoribosylaminoimidazole-succinocarboxamide synthase [EC:6.3.2.6]	COG0152	PurC	Phosphoribosylaminoimidazole-succinocarboxamide synthase	AH-321-M13_00006	3
CACOKN010000001.1	8627	8869	+	AH-321-M13_00010	AH-321-M13	80	OG0000770	K23264	phosphoribosylformylglycinamidine synthase subunit PurS [EC:6.3.5.3]	COG1828	PurS	Phosphoribosylformylglycinamidine (FGAM) synthase, PurS subunit	AH-321-M13_00006	4
CACOKN010000001.1	8873	9556	+	AH-321-M13_00011	AH-321-M13	227	OG0000684	K23265	phosphoribosylformylglycinamidine synthase subunit PurQ / glutaminase [EC:6.3.5.3 3.5.1.2]	COG0047	PurL2	Phosphoribosylformylglycinamidine (FGAM) synthase, glutamine amidotransferase domain	AH-321-M13_00006	5
CACOLA010000001.1	99174	99857	-	AH-321-N11_00112	AH-321-N11	227	OG0000684	K23265	phosphoribosylformylglycinamidine synthase subunit PurQ / glutaminase [EC:6.3.5.3 3.5.1.2]	COG0047	PurL2	Phosphoribosylformylglycinamidine (FGAM) synthase, glutamine amidotransferase domain	AH-321-N11_00117	-5
CACOLA010000001.1	99861	100103	-	AH-321-N11_00113	AH-321-N11	80	OG0000770	K23264	phosphoribosylformylglycinamidine synthase subunit PurS [EC:6.3.5.3]	COG1828	PurS	Phosphoribosylformylglycinamidine (FGAM) synthase, PurS subunit	AH-321-N11_00117	-4
CACOLA010000001.1	100100	100885	-	AH-321-N11_00114	AH-321-N11	261	OG0000769	K01923	phosphoribosylaminoimidazole-succinocarboxamide synthase [EC:6.3.2.6]	COG0152	PurC	Phosphoribosylaminoimidazole-succinocarboxamide synthase	AH-321-N11_00117	-3
CACOLA010000001.1	100885	102177	-	AH-321-N11_00115	AH-321-N11	430	OG0000779	K01756	adenylosuccinate lyase [EC:4.3.2.2]	COG0015	PurB	Adenylosuccinate lyase	AH-321-N11_00117	-2
CACOLA010000001.1	102181	102951	-	AH-321-N11_00116	AH-321-N11	256	OG0000721	K01265	methionyl aminopeptidase [EC:3.4.11.18]	COG0024	Map	Methionine aminopeptidase	AH-321-N11_00117	-1
CACOLA010000001.1	102944	103642	-	AH-321-N11_00117	AH-321-N11	232	OG0000819	K06206	sugar fermentation stimulation protein A	COG1489	SfsA	DNA-binding protein, stimulates sugar fermentation	AH-321-N11_00117	0
CACOLA010000001.1	103663	104412	+	AH-321-N11_00118	AH-321-N11	249	OG0000807	NA	NA	COG1058	CinA	ADP-ribose pyrophosphatase domain of DNA damage- and competence-inducible protein CinA	AH-321-N11_00117	1
CACOLA010000001.1	104455	104817	+	AH-321-N11_00119	AH-321-N11	120	OG0001035	NA	NA	COG2105	YtfP	Predicted gamma-glutamylamine cyclotransferase YtfP, GGCT/AIG2-like family	AH-321-N11_00117	2
CACOLA010000001.1	104867	105907	+	AH-321-N11_00120	AH-321-N11	346	NA	NA	NA	COG2907	Ppro0129	Predicted flavin-containing amine oxidase	AH-321-N11_00117	3
CACOLA010000001.1	105907	106626	+	AH-321-N11_00121	AH-321-N11	239	OG0000013	NA	NA	COG0673	MviM	Predicted dehydrogenase	AH-321-N11_00117	4
CACOLA010000001.1	106632	107720	-	AH-321-N11_00122	AH-321-N11	362	OG0002952	NA	NA	NA	NA	NA	AH-321-N11_00117	5
CACOOX010000001.1	139572	139805	-	AH-324-E14_00157	AH-324-E14	77	OG0000770	K23264	phosphoribosylformylglycinamidine synthase subunit PurS [EC:6.3.5.3]	COG1828	PurS	Phosphoribosylformylglycinamidine (FGAM) synthase, PurS subunit	AH-324-E14_00162	-5
CACOOX010000001.1	139802	140587	-	AH-324-E14_00158	AH-324-E14	261	OG0000769	K01923	phosphoribosylaminoimidazole-succinocarboxamide synthase [EC:6.3.2.6]	COG0152	PurC	Phosphoribosylaminoimidazole-succinocarboxamide synthase	AH-324-E14_00162	-4
CACOOX010000001.1	140591	141367	-	AH-324-E14_00159	AH-324-E14	258	OG0001392	NA	NA	COG0463	WcaA	Glycosyltransferase involved in cell wall bisynthesis	AH-324-E14_00162	-3
CACOOX010000001.1	141367	142659	-	AH-324-E14_00160	AH-324-E14	430	OG0000779	K01756	adenylosuccinate lyase [EC:4.3.2.2]	COG0015	PurB	Adenylosuccinate lyase	AH-324-E14_00162	-2
CACOOX010000001.1	142659	143426	-	AH-324-E14_00161	AH-324-E14	255	OG0000721	K01265	methionyl aminopeptidase [EC:3.4.11.18]	COG0024	Map	Methionine aminopeptidase	AH-324-E14_00162	-1
CACOOX010000001.1	143419	144105	-	AH-324-E14_00162	AH-324-E14	228	OG0000819	K06206	sugar fermentation stimulation protein A	COG1489	SfsA	DNA-binding protein, stimulates sugar fermentation	AH-324-E14_00162	0
CACOOX010000001.1	144128	144880	+	AH-324-E14_00163	AH-324-E14	250	OG0000807	NA	NA	COG1058	CinA	ADP-ribose pyrophosphatase domain of DNA damage- and competence-inducible protein CinA	AH-324-E14_00162	1
CACOOX010000001.1	144880	145287	+	AH-324-E14_00164	AH-324-E14	135	OG0001035	K00682	gamma-glutamylcyclotransferase [EC:4.3.2.9]	COG2105	YtfP	Predicted gamma-glutamylamine cyclotransferase YtfP, GGCT/AIG2-like family	AH-324-E14_00162	2
CACOOX010000001.1	145280	145618	-	AH-324-E14_00165	AH-324-E14	112	OG0001370	NA	NA	NA	NA	NA	AH-324-E14_00162	3
CACOOX010000001.1	145622	146020	-	AH-324-E14_00166	AH-324-E14	132	OG0000638	K09823	Fur family transcriptional regulator, zinc uptake regulator	COG0735	Fur	Fe2+ or Zn2+ uptake regulation protein Fur/Zur	AH-324-E14_00162	4
CACOOX010000001.1	146043	146846	-	AH-324-E14_00167	AH-324-E14	267	OG0000964	K09816	zinc transport system permease protein	COG1108	ZnuB	ABC-type Mn2+/Zn2+ transport system, permease component	AH-324-E14_00162	5
CACOPB010000003.1	112332	113015	-	AH-324-F03_00735	AH-324-F03	227	OG0000684	K23265	phosphoribosylformylglycinamidine synthase subunit PurQ / glutaminase [EC:6.3.5.3 3.5.1.2]	COG0047	PurL2	Phosphoribosylformylglycinamidine (FGAM) synthase, glutamine amidotransferase domain	AH-324-F03_00740	-5
CACOPB010000003.1	113019	113261	-	AH-324-F03_00736	AH-324-F03	80	OG0000770	K23264	phosphoribosylformylglycinamidine synthase subunit PurS [EC:6.3.5.3]	COG1828	PurS	Phosphoribosylformylglycinamidine (FGAM) synthase, PurS subunit	AH-324-F03_00740	-4
CACOPB010000003.1	113258	114043	-	AH-324-F03_00737	AH-324-F03	261	OG0000769	K01923	phosphoribosylaminoimidazole-succinocarboxamide synthase [EC:6.3.2.6]	COG0152	PurC	Phosphoribosylaminoimidazole-succinocarboxamide synthase	AH-324-F03_00740	-3
CACOPB010000003.1	114043	115335	-	AH-324-F03_00738	AH-324-F03	430	OG0000779	K01756	adenylosuccinate lyase [EC:4.3.2.2]	COG0015	PurB	Adenylosuccinate lyase	AH-324-F03_00740	-2
CACOPB010000003.1	115343	116113	-	AH-324-F03_00739	AH-324-F03	256	OG0000721	K01265	methionyl aminopeptidase [EC:3.4.11.18]	COG0024	Map	Methionine aminopeptidase	AH-324-F03_00740	-1
CACOPB010000003.1	116106	116804	-	AH-324-F03_00740	AH-324-F03	232	OG0000819	K06206	sugar fermentation stimulation protein A	COG1489	SfsA	DNA-binding protein, stimulates sugar fermentation	AH-324-F03_00740	0
CACOPB010000003.1	116825	117574	+	AH-324-F03_00741	AH-324-F03	249	OG0000807	NA	NA	COG1058	CinA	ADP-ribose pyrophosphatase domain of DNA damage- and competence-inducible protein CinA	AH-324-F03_00740	1
CACOPB010000003.1	117574	117978	+	AH-324-F03_00742	AH-324-F03	134	OG0001035	K00682	gamma-glutamylcyclotransferase [EC:4.3.2.9]	COG2105	YtfP	Predicted gamma-glutamylamine cyclotransferase YtfP, GGCT/AIG2-like family	AH-324-F03_00740	2
CACOQN010000027.1	403	1152	-	AH-324-J07_01358	AH-324-J07	249	OG0000807	NA	NA	COG1058	CinA	ADP-ribose pyrophosphatase domain of DNA damage- and competence-inducible protein CinA	AH-324-J07_01359	-1
CACOQN010000027.1	1173	1871	+	AH-324-J07_01359	AH-324-J07	232	OG0000819	K06206	sugar fermentation stimulation protein A	COG1489	SfsA	DNA-binding protein, stimulates sugar fermentation	AH-324-J07_01359	0
CACOQN010000027.1	1864	2634	+	AH-324-J07_01360	AH-324-J07	256	OG0000721	K01265	methionyl aminopeptidase [EC:3.4.11.18]	COG0024	Map	Methionine aminopeptidase	AH-324-J07_01359	1
CACORJ010000002.1	22687	24045	-	AH-324-K07_00246	AH-324-K07	452	OG0001339	NA	NA	NA	NA	NA	AH-324-K07_00251	-5
CACORJ010000002.1	24061	28314	-	AH-324-K07_00247	AH-324-K07	1417	OG0002164	NA	NA	COG4942	EnvC	Septal ring factor EnvC, activator of murein hydrolases AmiA and AmiB	AH-324-K07_00251	-4
CACORJ010000002.1	28295	29152	-	AH-324-K07_00248	AH-324-K07	285	OG0001591	NA	NA	NA	NA	NA	AH-324-K07_00251	-3
CACORJ010000002.1	29241	29651	-	AH-324-K07_00249	AH-324-K07	136	OG0001035	K00682	gamma-glutamylcyclotransferase [EC:4.3.2.9]	COG2105	YtfP	Predicted gamma-glutamylamine cyclotransferase YtfP, GGCT/AIG2-like family	AH-324-K07_00251	-2
CACORJ010000002.1	29652	30401	-	AH-324-K07_00250	AH-324-K07	249	OG0000807	NA	NA	COG1058	CinA	ADP-ribose pyrophosphatase domain of DNA damage- and competence-inducible protein CinA	AH-324-K07_00251	-1
CACORJ010000002.1	30422	31120	+	AH-324-K07_00251	AH-324-K07	232	OG0000819	K06206	sugar fermentation stimulation protein A	COG1489	SfsA	DNA-binding protein, stimulates sugar fermentation	AH-324-K07_00251	0
CACORJ010000002.1	31113	31886	+	AH-324-K07_00252	AH-324-K07	257	OG0000721	K01265	methionyl aminopeptidase [EC:3.4.11.18]	COG0024	Map	Methionine aminopeptidase	AH-324-K07_00251	1
CACORJ010000002.1	31890	33182	+	AH-324-K07_00253	AH-324-K07	430	OG0000779	K01756	adenylosuccinate lyase [EC:4.3.2.2]	COG0015	PurB	Adenylosuccinate lyase	AH-324-K07_00251	2
CACORJ010000002.1	33182	33967	+	AH-324-K07_00254	AH-324-K07	261	OG0000769	K01923	phosphoribosylaminoimidazole-succinocarboxamide synthase [EC:6.3.2.6]	COG0152	PurC	Phosphoribosylaminoimidazole-succinocarboxamide synthase	AH-324-K07_00251	3
CACORJ010000002.1	33964	34206	+	AH-324-K07_00255	AH-324-K07	80	OG0000770	K23264	phosphoribosylformylglycinamidine synthase subunit PurS [EC:6.3.5.3]	COG1828	PurS	Phosphoribosylformylglycinamidine (FGAM) synthase, PurS subunit	AH-324-K07_00251	4
CACORJ010000002.1	34210	34893	+	AH-324-K07_00256	AH-324-K07	227	OG0000684	K23265	phosphoribosylformylglycinamidine synthase subunit PurQ / glutaminase [EC:6.3.5.3 3.5.1.2]	COG0047	PurL2	Phosphoribosylformylglycinamidine (FGAM) synthase, glutamine amidotransferase domain	AH-324-K07_00251	5
CACORG010000001.1	26445	27128	-	AH-324-K09_00025	AH-324-K09	227	OG0000684	K23265	phosphoribosylformylglycinamidine synthase subunit PurQ / glutaminase [EC:6.3.5.3 3.5.1.2]	COG0047	PurL2	Phosphoribosylformylglycinamidine (FGAM) synthase, glutamine amidotransferase domain	AH-324-K09_00030	-5
CACORG010000001.1	27135	27368	-	AH-324-K09_00026	AH-324-K09	77	OG0000770	K23264	phosphoribosylformylglycinamidine synthase subunit PurS [EC:6.3.5.3]	COG1828	PurS	Phosphoribosylformylglycinamidine (FGAM) synthase, PurS subunit	AH-324-K09_00030	-4
CACORG010000001.1	27368	28153	-	AH-324-K09_00027	AH-324-K09	261	OG0000769	K01923	phosphoribosylaminoimidazole-succinocarboxamide synthase [EC:6.3.2.6]	COG0152	PurC	Phosphoribosylaminoimidazole-succinocarboxamide synthase	AH-324-K09_00030	-3
CACORG010000001.1	28153	29445	-	AH-324-K09_00028	AH-324-K09	430	OG0000779	K01756	adenylosuccinate lyase [EC:4.3.2.2]	COG0015	PurB	Adenylosuccinate lyase	AH-324-K09_00030	-2
CACORG010000001.1	29445	30221	-	AH-324-K09_00029	AH-324-K09	258	OG0000721	K01265	methionyl aminopeptidase [EC:3.4.11.18]	COG0024	Map	Methionine aminopeptidase	AH-324-K09_00030	-1
CACORG010000001.1	30211	30900	-	AH-324-K09_00030	AH-324-K09	229	OG0000819	K06206	sugar fermentation stimulation protein A	COG1489	SfsA	DNA-binding protein, stimulates sugar fermentation	AH-324-K09_00030	0
CACORG010000001.1	30923	31675	+	AH-324-K09_00031	AH-324-K09	250	OG0000807	NA	NA	COG1058	CinA	ADP-ribose pyrophosphatase domain of DNA damage- and competence-inducible protein CinA	AH-324-K09_00030	1
CACORG010000001.1	31675	32082	+	AH-324-K09_00032	AH-324-K09	135	OG0001035	K00682	gamma-glutamylcyclotransferase [EC:4.3.2.9]	COG2105	YtfP	Predicted gamma-glutamylamine cyclotransferase YtfP, GGCT/AIG2-like family	AH-324-K09_00030	2
CACORG010000001.1	32083	32769	+	AH-324-K09_00033	AH-324-K09	228	OG0001044	NA	NA	COG1296	AzlC	Predicted branched-chain amino acid permease (azaleucine resistance)	AH-324-K09_00030	3
CACORG010000001.1	32766	33077	+	AH-324-K09_00034	AH-324-K09	103	OG0001043	NA	NA	COG4392	AzlD2	Branched-chain amino acid transport protein	AH-324-K09_00030	4
CACORG010000001.1	33342	33896	+	AH-324-K09_00035	AH-324-K09	184	OG0000153	NA	NA	COG0810	TonB	Periplasmic protein TonB, links inner and outer membranes	AH-324-K09_00030	5
NZES01000002.1	22049	22660	+	ARS1_00022	ARS1	203	OG0000008	NA	NA	COG2227	UbiG	2-polyprenyl-3-methyl-5-hydroxy-6-metoxy-1,4-benzoquinol methylase	ARS1_00027	-5
NZES01000002.1	22673	23011	-	ARS1_00023	ARS1	112	OG0000539	K07390	monothiol glutaredoxin	COG0278	GrxD	Glutaredoxin-related protein	ARS1_00027	-4
NZES01000002.1	23015	23245	-	ARS1_00024	ARS1	76	OG0000763	NA	NA	COG5007	IbaG	Acid stress protein IbaG/YrbA, BolA-like family	ARS1_00027	-3
NZES01000002.1	23261	24568	-	ARS1_00025	ARS1	435	OG0000779	K01756	adenylosuccinate lyase [EC:4.3.2.2]	COG0015	PurB	Adenylosuccinate lyase	ARS1_00027	-2
NZES01000002.1	24565	25341	-	ARS1_00026	ARS1	258	OG0000721	K01265	methionyl aminopeptidase [EC:3.4.11.18]	COG0024	Map	Methionine aminopeptidase	ARS1_00027	-1
NZES01000002.1	25344	26036	-	ARS1_00027	ARS1	230	OG0000819	K06206	sugar fermentation stimulation protein A	COG1489	SfsA	DNA-binding protein, stimulates sugar fermentation	ARS1_00027	0
NZES01000002.1	26059	26814	+	ARS1_00028	ARS1	251	OG0000807	NA	NA	COG1058	CinA	ADP-ribose pyrophosphatase domain of DNA damage- and competence-inducible protein CinA	ARS1_00027	1
NZES01000002.1	26820	26996	+	ARS1_00029	ARS1	58	OG0001035	NA	NA	NA	NA	NA	ARS1_00027	2
NZES01000002.1	26959	27228	+	ARS1_00030	ARS1	89	OG0001035	NA	NA	NA	NA	NA	ARS1_00027	3
NZES01000002.1	27229	28326	+	ARS1_00031	ARS1	365	OG0004064	K06048	glutamate---cysteine ligase / carboxylate-amine ligase [EC:6.3.2.2 6.3.-.-]	COG2170	YbdK	Gamma-glutamyl:cysteine ligase YbdK, ATP-grasp superfamily	ARS1_00027	4
NZES01000002.1	28429	29340	+	ARS1_00032	ARS1	303	OG0001031	NA	NA	NA	NA	NA	ARS1_00027	5
LIBV01000023.1	137	820	-	BACL5_MAG-120820-bin39_00429	BACL5_MAG-120820-bin39	227	OG0000684	K23265	phosphoribosylformylglycinamidine synthase subunit PurQ / glutaminase [EC:6.3.5.3 3.5.1.2]	COG0047	PurL2	Phosphoribosylformylglycinamidine (FGAM) synthase, glutamine amidotransferase domain	BACL5_MAG-120820-bin39_00434	-5
LIBV01000023.1	827	1066	-	BACL5_MAG-120820-bin39_00430	BACL5_MAG-120820-bin39	79	OG0000770	K23264	phosphoribosylformylglycinamidine synthase subunit PurS [EC:6.3.5.3]	COG1828	PurS	Phosphoribosylformylglycinamidine (FGAM) synthase, PurS subunit	BACL5_MAG-120820-bin39_00434	-4
LIBV01000023.1	1066	1854	-	BACL5_MAG-120820-bin39_00431	BACL5_MAG-120820-bin39	262	OG0000769	K01923	phosphoribosylaminoimidazole-succinocarboxamide synthase [EC:6.3.2.6]	COG0152	PurC	Phosphoribosylaminoimidazole-succinocarboxamide synthase	BACL5_MAG-120820-bin39_00434	-3
LIBV01000023.1	1854	3146	-	BACL5_MAG-120820-bin39_00432	BACL5_MAG-120820-bin39	430	OG0000779	K01756	adenylosuccinate lyase [EC:4.3.2.2]	COG0015	PurB	Adenylosuccinate lyase	BACL5_MAG-120820-bin39_00434	-2
LIBV01000023.1	3150	3920	-	BACL5_MAG-120820-bin39_00433	BACL5_MAG-120820-bin39	256	OG0000721	K01265	methionyl aminopeptidase [EC:3.4.11.18]	COG0024	Map	Methionine aminopeptidase	BACL5_MAG-120820-bin39_00434	-1
LIBV01000023.1	3913	4611	-	BACL5_MAG-120820-bin39_00434	BACL5_MAG-120820-bin39	232	OG0000819	K06206	sugar fermentation stimulation protein A	COG1489	SfsA	DNA-binding protein, stimulates sugar fermentation	BACL5_MAG-120820-bin39_00434	0
LIBV01000023.1	4632	5381	+	BACL5_MAG-120820-bin39_00435	BACL5_MAG-120820-bin39	249	OG0000807	NA	NA	COG1058	CinA	ADP-ribose pyrophosphatase domain of DNA damage- and competence-inducible protein CinA	BACL5_MAG-120820-bin39_00434	1
LIBV01000023.1	5382	5786	+	BACL5_MAG-120820-bin39_00436	BACL5_MAG-120820-bin39	134	OG0001035	K00682	gamma-glutamylcyclotransferase [EC:4.3.2.9]	COG2105	YtfP	Predicted gamma-glutamylamine cyclotransferase YtfP, GGCT/AIG2-like family	BACL5_MAG-120820-bin39_00434	2
LIBV01000023.1	5819	7111	+	BACL5_MAG-120820-bin39_00437	BACL5_MAG-120820-bin39	430	OG0001333	NA	NA	COG4091	NA	Predicted homoserine dehydrogenase, contains C-terminal SAF domain	BACL5_MAG-120820-bin39_00434	3
LIBV01000023.1	7275	8045	+	BACL5_MAG-120820-bin39_00439	BACL5_MAG-120820-bin39	256	OG0000972	K00858	NAD+ kinase [EC:2.7.1.23]	COG0061	NadK	NAD kinase	BACL5_MAG-120820-bin39_00434	4
LIBV01000023.1	8110	8337	+	BACL5_MAG-120820-bin39_00440	BACL5_MAG-120820-bin39	75	OG0001657	NA	NA	NA	NA	NA	BACL5_MAG-120820-bin39_00434	5
LIBW01000060.1	470	874	-	BACL5_MAG-121015-bin10_00681	BACL5_MAG-121015-bin10	134	OG0001035	K00682	gamma-glutamylcyclotransferase [EC:4.3.2.9]	COG2105	YtfP	Predicted gamma-glutamylamine cyclotransferase YtfP, GGCT/AIG2-like family	BACL5_MAG-121015-bin10_00683	-2
LIBW01000060.1	875	1624	-	BACL5_MAG-121015-bin10_00682	BACL5_MAG-121015-bin10	249	OG0000807	NA	NA	COG1058	CinA	ADP-ribose pyrophosphatase domain of DNA damage- and competence-inducible protein CinA	BACL5_MAG-121015-bin10_00683	-1
LIBW01000060.1	1645	2343	+	BACL5_MAG-121015-bin10_00683	BACL5_MAG-121015-bin10	232	OG0000819	K06206	sugar fermentation stimulation protein A	COG1489	SfsA	DNA-binding protein, stimulates sugar fermentation	BACL5_MAG-121015-bin10_00683	0
LIBW01000060.1	2336	3106	+	BACL5_MAG-121015-bin10_00684	BACL5_MAG-121015-bin10	256	OG0000721	K01265	methionyl aminopeptidase [EC:3.4.11.18]	COG0024	Map	Methionine aminopeptidase	BACL5_MAG-121015-bin10_00683	1
LIBW01000060.1	3110	4402	+	BACL5_MAG-121015-bin10_00685	BACL5_MAG-121015-bin10	430	OG0000779	K01756	adenylosuccinate lyase [EC:4.3.2.2]	COG0015	PurB	Adenylosuccinate lyase	BACL5_MAG-121015-bin10_00683	2
LIBW01000060.1	4402	5190	+	BACL5_MAG-121015-bin10_00686	BACL5_MAG-121015-bin10	262	OG0000769	K01923	phosphoribosylaminoimidazole-succinocarboxamide synthase [EC:6.3.2.6]	COG0152	PurC	Phosphoribosylaminoimidazole-succinocarboxamide synthase	BACL5_MAG-121015-bin10_00683	3
LIBW01000060.1	5190	5429	+	BACL5_MAG-121015-bin10_00687	BACL5_MAG-121015-bin10	79	OG0000770	K23264	phosphoribosylformylglycinamidine synthase subunit PurS [EC:6.3.5.3]	COG1828	PurS	Phosphoribosylformylglycinamidine (FGAM) synthase, PurS subunit	BACL5_MAG-121015-bin10_00683	4
NSIJ01000009.1	23706	24389	-	Baikal-G1_01182	Baikal-G1	227	OG0000684	K23265	phosphoribosylformylglycinamidine synthase subunit PurQ / glutaminase [EC:6.3.5.3 3.5.1.2]	COG0047	PurL2	Phosphoribosylformylglycinamidine (FGAM) synthase, glutamine amidotransferase domain	Baikal-G1_01187	-5
NSIJ01000009.1	24396	24635	-	Baikal-G1_01183	Baikal-G1	79	OG0000770	K23264	phosphoribosylformylglycinamidine synthase subunit PurS [EC:6.3.5.3]	COG1828	PurS	Phosphoribosylformylglycinamidine (FGAM) synthase, PurS subunit	Baikal-G1_01187	-4
NSIJ01000009.1	24632	25417	-	Baikal-G1_01184	Baikal-G1	261	OG0000769	K01923	phosphoribosylaminoimidazole-succinocarboxamide synthase [EC:6.3.2.6]	COG0152	PurC	Phosphoribosylaminoimidazole-succinocarboxamide synthase	Baikal-G1_01187	-3
NSIJ01000009.1	25417	26709	-	Baikal-G1_01185	Baikal-G1	430	OG0000779	K01756	adenylosuccinate lyase [EC:4.3.2.2]	COG0015	PurB	Adenylosuccinate lyase	Baikal-G1_01187	-2
NSIJ01000009.1	26709	27482	-	Baikal-G1_01186	Baikal-G1	257	OG0000721	K01265	methionyl aminopeptidase [EC:3.4.11.18]	COG0024	Map	Methionine aminopeptidase	Baikal-G1_01187	-1
NSIJ01000009.1	27475	28173	-	Baikal-G1_01187	Baikal-G1	232	OG0000819	K06206	sugar fermentation stimulation protein A	COG1489	SfsA	DNA-binding protein, stimulates sugar fermentation	Baikal-G1_01187	0
NSIJ01000009.1	28194	28943	+	Baikal-G1_01188	Baikal-G1	249	OG0000807	NA	NA	COG1058	CinA	ADP-ribose pyrophosphatase domain of DNA damage- and competence-inducible protein CinA	Baikal-G1_01187	1
NSIJ01000009.1	28944	29345	+	Baikal-G1_01189	Baikal-G1	133	OG0001035	K00682	gamma-glutamylcyclotransferase [EC:4.3.2.9]	COG2105	YtfP	Predicted gamma-glutamylamine cyclotransferase YtfP, GGCT/AIG2-like family	Baikal-G1_01187	2
NSIJ01000009.1	29587	30573	+	Baikal-G1_01190	Baikal-G1	328	OG0000392	K13985	N-acyl-phosphatidylethanolamine-hydrolysing phospholipase D [EC:3.1.4.54]	COG2220	UlaG	L-ascorbate lactonase UlaG, metallo-beta-lactamase superfamily	Baikal-G1_01187	3
NSIJ01000009.1	30844	31077	+	Baikal-G1_01191	Baikal-G1	77	OG0001379	NA	NA	NA	NA	NA	Baikal-G1_01187	4
NSIJ01000009.1	31680	32450	+	Baikal-G1_01193	Baikal-G1	256	OG0000972	K00858	NAD+ kinase [EC:2.7.1.23]	COG0061	NadK	NAD kinase	Baikal-G1_01187	5
NYVZ01000031.1	1529	2548	-	CPC289_01170	CPC289	339	OG0000488	NA	NA	COG0240	GpsA	Glycerol-3-phosphate dehydrogenase	CPC289_01176	-5
NYVZ01000031.1	2545	4050	-	CPC289_01171	CPC289	501	OG0000573	K03820	apolipoprotein N-acyltransferase [EC:2.3.1.269]	COG0815	Lnt	Apolipoprotein N-acyltransferase	CPC289_01176	-4
NYVZ01000031.1	4071	4460	-	CPC289_01172	CPC289	129	OG0000053	NA	NA	COG0607	PspE	Rhodanese-related sulfurtransferase	CPC289_01176	-3
NYVZ01000031.1	4601	5248	-	CPC289_01174	CPC289	215	OG0000954	K07149	uncharacterized protein	COG2364	YczE	Membrane protein possibly involved in the transport of sulfur-containing compounds	CPC289_01176	-2
NYVZ01000031.1	5307	6035	-	CPC289_01175	CPC289	242	OG0000807	NA	NA	COG1058	CinA	ADP-ribose pyrophosphatase domain of DNA damage- and competence-inducible protein CinA	CPC289_01176	-1
NYVZ01000031.1	6036	6731	+	CPC289_01176	CPC289	231	OG0000819	K06206	sugar fermentation stimulation protein A	COG1489	SfsA	DNA-binding protein, stimulates sugar fermentation	CPC289_01176	0
NYVZ01000031.1	6731	7483	+	CPC289_01177	CPC289	250	OG0000721	K01265	methionyl aminopeptidase [EC:3.4.11.18]	COG0024	Map	Methionine aminopeptidase	CPC289_01176	1
NYVZ01000031.1	7496	8788	+	CPC289_01178	CPC289	430	OG0000779	K01756	adenylosuccinate lyase [EC:4.3.2.2]	COG0015	PurB	Adenylosuccinate lyase	CPC289_01176	2
NYVZ01000031.1	8788	9570	+	CPC289_01179	CPC289	260	OG0000769	K01923	phosphoribosylaminoimidazole-succinocarboxamide synthase [EC:6.3.2.6]	COG0152	PurC	Phosphoribosylaminoimidazole-succinocarboxamide synthase	CPC289_01176	3
NYVZ01000031.1	9572	9811	+	CPC289_01180	CPC289	79	OG0000770	K23264	phosphoribosylformylglycinamidine synthase subunit PurS [EC:6.3.5.3]	COG1828	PurS	Phosphoribosylformylglycinamidine (FGAM) synthase, PurS subunit	CPC289_01176	4
NYVZ01000031.1	9811	10488	+	CPC289_01181	CPC289	225	OG0000684	K23265	phosphoribosylformylglycinamidine synthase subunit PurQ / glutaminase [EC:6.3.5.3 3.5.1.2]	COG0047	PurL2	Phosphoribosylformylglycinamidine (FGAM) synthase, glutamine amidotransferase domain	CPC289_01176	5
JAGFVZ010000002.1	30976	31653	-	ETNP2013_S02_SV82_300m_MAG_01_00276	ETNP2013_S02_SV82_300m_MAG_01	225	OG0000684	K23265	phosphoribosylformylglycinamidine synthase subunit PurQ / glutaminase [EC:6.3.5.3 3.5.1.2]	COG0047	PurL2	Phosphoribosylformylglycinamidine (FGAM) synthase, glutamine amidotransferase domain	ETNP2013_S02_SV82_300m_MAG_01_00281	-5
JAGFVZ010000002.1	31650	31892	-	ETNP2013_S02_SV82_300m_MAG_01_00277	ETNP2013_S02_SV82_300m_MAG_01	80	OG0000770	K23264	phosphoribosylformylglycinamidine synthase subunit PurS [EC:6.3.5.3]	COG1828	PurS	Phosphoribosylformylglycinamidine (FGAM) synthase, PurS subunit	ETNP2013_S02_SV82_300m_MAG_01_00281	-4
JAGFVZ010000002.1	31894	32679	-	ETNP2013_S02_SV82_300m_MAG_01_00278	ETNP2013_S02_SV82_300m_MAG_01	261	OG0000769	K01923	phosphoribosylaminoimidazole-succinocarboxamide synthase [EC:6.3.2.6]	COG0152	PurC	Phosphoribosylaminoimidazole-succinocarboxamide synthase	ETNP2013_S02_SV82_300m_MAG_01_00281	-3
JAGFVZ010000002.1	32676	33971	-	ETNP2013_S02_SV82_300m_MAG_01_00279	ETNP2013_S02_SV82_300m_MAG_01	431	OG0000779	K01756	adenylosuccinate lyase [EC:4.3.2.2]	COG0015	PurB	Adenylosuccinate lyase	ETNP2013_S02_SV82_300m_MAG_01_00281	-2
JAGFVZ010000002.1	33968	34744	-	ETNP2013_S02_SV82_300m_MAG_01_00280	ETNP2013_S02_SV82_300m_MAG_01	258	OG0000721	K01265	methionyl aminopeptidase [EC:3.4.11.18]	COG0024	Map	Methionine aminopeptidase	ETNP2013_S02_SV82_300m_MAG_01_00281	-1
JAGFVZ010000002.1	34734	35444	-	ETNP2013_S02_SV82_300m_MAG_01_00281	ETNP2013_S02_SV82_300m_MAG_01	236	OG0000819	K06206	sugar fermentation stimulation protein A	COG1489	SfsA	DNA-binding protein, stimulates sugar fermentation	ETNP2013_S02_SV82_300m_MAG_01_00281	0
JAGFVZ010000002.1	35466	36227	+	ETNP2013_S02_SV82_300m_MAG_01_00282	ETNP2013_S02_SV82_300m_MAG_01	253	OG0000807	NA	NA	COG1058	CinA	ADP-ribose pyrophosphatase domain of DNA damage- and competence-inducible protein CinA	ETNP2013_S02_SV82_300m_MAG_01_00281	1
JAGFVZ010000002.1	36227	36643	+	ETNP2013_S02_SV82_300m_MAG_01_00283	ETNP2013_S02_SV82_300m_MAG_01	138	OG0001035	K00682	gamma-glutamylcyclotransferase [EC:4.3.2.9]	COG2105	YtfP	Predicted gamma-glutamylamine cyclotransferase YtfP, GGCT/AIG2-like family	ETNP2013_S02_SV82_300m_MAG_01_00281	2
JAGFVZ010000002.1	36640	37425	+	ETNP2013_S02_SV82_300m_MAG_01_00284	ETNP2013_S02_SV82_300m_MAG_01	261	OG0000113	K00737	beta-1,4-mannosyl-glycoprotein beta-1,4-N-acetylglucosaminyltransferase [EC:2.4.1.144]	NA	NA	NA	ETNP2013_S02_SV82_300m_MAG_01_00281	3
CP031125.1	1329341	1330111	-	FZCC0015_01431	FZCC0015	256	OG0000972	K00858	NAD+ kinase [EC:2.7.1.23]	COG0061	NadK	NAD kinase	FZCC0015_01437	-5
CP031125.1	1330322	1331398	-	FZCC0015_01433	FZCC0015	358	OG0001888	NA	NA	NA	NA	NA	FZCC0015_01437	-4
CP031125.1	1331476	1332957	+	FZCC0015_01434	FZCC0015	493	OG0002261	NA	NA	NA	NA	NA	FZCC0015_01437	-3
CP031125.1	1332969	1333370	-	FZCC0015_01435	FZCC0015	133	OG0001035	K00682	gamma-glutamylcyclotransferase [EC:4.3.2.9]	COG2105	YtfP	Predicted gamma-glutamylamine cyclotransferase YtfP, GGCT/AIG2-like family	FZCC0015_01437	-2
CP031125.1	1333370	1334119	-	FZCC0015_01436	FZCC0015	249	OG0000807	NA	NA	COG1058	CinA	ADP-ribose pyrophosphatase domain of DNA damage- and competence-inducible protein CinA	FZCC0015_01437	-1
CP031125.1	1334140	1334838	+	FZCC0015_01437	FZCC0015	232	OG0000819	K06206	sugar fermentation stimulation protein A	COG1489	SfsA	DNA-binding protein, stimulates sugar fermentation	FZCC0015_01437	0
CP031125.1	1334831	1335601	+	FZCC0015_01438	FZCC0015	256	OG0000721	K01265	methionyl aminopeptidase [EC:3.4.11.18]	COG0024	Map	Methionine aminopeptidase	FZCC0015_01437	1
CP031125.1	1335605	1336897	+	FZCC0015_01439	FZCC0015	430	OG0000779	K01756	adenylosuccinate lyase [EC:4.3.2.2]	COG0015	PurB	Adenylosuccinate lyase	FZCC0015_01437	2
CP031125.1	1336897	1337682	+	FZCC0015_01440	FZCC0015	261	OG0000769	K01923	phosphoribosylaminoimidazole-succinocarboxamide synthase [EC:6.3.2.6]	COG0152	PurC	Phosphoribosylaminoimidazole-succinocarboxamide synthase	FZCC0015_01437	3
CP031125.1	1337679	1337921	+	FZCC0015_01441	FZCC0015	80	OG0000770	K23264	phosphoribosylformylglycinamidine synthase subunit PurS [EC:6.3.5.3]	COG1828	PurS	Phosphoribosylformylglycinamidine (FGAM) synthase, PurS subunit	FZCC0015_01437	4
CP031125.1	1337925	1338608	+	FZCC0015_01442	FZCC0015	227	OG0000684	K23265	phosphoribosylformylglycinamidine synthase subunit PurQ / glutaminase [EC:6.3.5.3 3.5.1.2]	COG0047	PurL2	Phosphoribosylformylglycinamidine (FGAM) synthase, glutamine amidotransferase domain	FZCC0015_01437	5
LHBX01000008.1	85964	86647	-	GOM-A1_01309	GOM-A1	227	OG0000684	K23265	phosphoribosylformylglycinamidine synthase subunit PurQ / glutaminase [EC:6.3.5.3 3.5.1.2]	COG0047	PurL2	Phosphoribosylformylglycinamidine (FGAM) synthase, glutamine amidotransferase domain	GOM-A1_01314	-5
LHBX01000008.1	86651	86884	-	GOM-A1_01310	GOM-A1	77	OG0000770	K23264	phosphoribosylformylglycinamidine synthase subunit PurS [EC:6.3.5.3]	COG1828	PurS	Phosphoribosylformylglycinamidine (FGAM) synthase, PurS subunit	GOM-A1_01314	-4
LHBX01000008.1	86884	87669	-	GOM-A1_01311	GOM-A1	261	OG0000769	K01923	phosphoribosylaminoimidazole-succinocarboxamide synthase [EC:6.3.2.6]	COG0152	PurC	Phosphoribosylaminoimidazole-succinocarboxamide synthase	GOM-A1_01314	-3
LHBX01000008.1	87669	88961	-	GOM-A1_01312	GOM-A1	430	OG0000779	K01756	adenylosuccinate lyase [EC:4.3.2.2]	COG0015	PurB	Adenylosuccinate lyase	GOM-A1_01314	-2
LHBX01000008.1	88961	89731	-	GOM-A1_01313	GOM-A1	256	OG0000721	K01265	methionyl aminopeptidase [EC:3.4.11.18]	COG0024	Map	Methionine aminopeptidase	GOM-A1_01314	-1
LHBX01000008.1	89724	90410	-	GOM-A1_01314	GOM-A1	228	OG0000819	K06206	sugar fermentation stimulation protein A	COG1489	SfsA	DNA-binding protein, stimulates sugar fermentation	GOM-A1_01314	0
LHBX01000008.1	90433	91182	+	GOM-A1_01315	GOM-A1	249	OG0000807	NA	NA	COG1058	CinA	ADP-ribose pyrophosphatase domain of DNA damage- and competence-inducible protein CinA	GOM-A1_01314	1
LHBX01000008.1	91185	91589	+	GOM-A1_01316	GOM-A1	134	OG0001035	K00682	gamma-glutamylcyclotransferase [EC:4.3.2.9]	COG2105	YtfP	Predicted gamma-glutamylamine cyclotransferase YtfP, GGCT/AIG2-like family	GOM-A1_01314	2
LHBX01000008.1	91593	92279	+	GOM-A1_01317	GOM-A1	228	OG0001044	NA	NA	COG1296	AzlC	Predicted branched-chain amino acid permease (azaleucine resistance)	GOM-A1_01314	3
LHBX01000008.1	92276	92593	+	GOM-A1_01318	GOM-A1	105	OG0001043	NA	NA	COG4392	AzlD2	Branched-chain amino acid transport protein	GOM-A1_01314	4
LHBX01000008.1	92598	93890	+	GOM-A1_01319	GOM-A1	430	OG0001333	NA	NA	COG4091	NA	Predicted homoserine dehydrogenase, contains C-terminal SAF domain	GOM-A1_01314	5
ATTF01000004.1	25334	26533	-	HIMB058_00293	HIMB058	399	OG0000491	K02358	elongation factor Tu	COG0050	TufA	Translation elongation factor EF-Tu, a GTPase	HIMB058_00302	-5
ATTF01000004.1	26902	27648	+	HIMB058_00296	HIMB058	248	OG0000786	NA	NA	COG0566	SpoU	tRNA G18 (ribose-2'-O)-methylase SpoU	HIMB058_00302	-4
ATTF01000004.1	27781	28548	-	HIMB058_00298	HIMB058	255	OG0000972	K00858	NAD+ kinase [EC:2.7.1.23]	COG0061	NadK	NAD kinase	HIMB058_00302	-3
ATTF01000004.1	28710	29663	+	HIMB058_00300	HIMB058	317	OG0001428	NA	NA	COG0859	RfaF	ADP-heptose:LPS heptosyltransferase	HIMB058_00302	-2
ATTF01000004.1	29660	30409	-	HIMB058_00301	HIMB058	249	OG0000807	NA	NA	COG1058	CinA	ADP-ribose pyrophosphatase domain of DNA damage- and competence-inducible protein CinA	HIMB058_00302	-1
ATTF01000004.1	30427	31122	+	HIMB058_00302	HIMB058	231	OG0000819	K06206	sugar fermentation stimulation protein A	COG1489	SfsA	DNA-binding protein, stimulates sugar fermentation	HIMB058_00302	0
ATTF01000004.1	31122	31877	+	HIMB058_00303	HIMB058	251	OG0000721	K01265	methionyl aminopeptidase [EC:3.4.11.18]	COG0024	Map	Methionine aminopeptidase	HIMB058_00302	1
ATTF01000004.1	31878	33173	+	HIMB058_00304	HIMB058	431	OG0000779	K01756	adenylosuccinate lyase [EC:4.3.2.2]	COG0015	PurB	Adenylosuccinate lyase	HIMB058_00302	2
ATTF01000004.1	33178	33969	+	HIMB058_00305	HIMB058	263	OG0000769	K01923	phosphoribosylaminoimidazole-succinocarboxamide synthase [EC:6.3.2.6]	COG0152	PurC	Phosphoribosylaminoimidazole-succinocarboxamide synthase	HIMB058_00302	3
ATTF01000004.1	33932	34210	+	HIMB058_00306	HIMB058	92	OG0000770	K23264	phosphoribosylformylglycinamidine synthase subunit PurS [EC:6.3.5.3]	COG1828	PurS	Phosphoribosylformylglycinamidine (FGAM) synthase, PurS subunit	HIMB058_00302	4
ATTF01000004.1	34210	34887	+	HIMB058_00307	HIMB058	225	OG0000684	K23265	phosphoribosylformylglycinamidine synthase subunit PurQ / glutaminase [EC:6.3.5.3 3.5.1.2]	COG0047	PurL2	Phosphoribosylformylglycinamidine (FGAM) synthase, glutamine amidotransferase domain	HIMB058_00302	5
AZAL01000001.1	1389661	1390344	-	HIMB083_01491	HIMB083	227	OG0000684	K23265	phosphoribosylformylglycinamidine synthase subunit PurQ / glutaminase [EC:6.3.5.3 3.5.1.2]	COG0047	PurL2	Phosphoribosylformylglycinamidine (FGAM) synthase, glutamine amidotransferase domain	HIMB083_01496	-5
AZAL01000001.1	1390348	1390590	-	HIMB083_01492	HIMB083	80	OG0000770	K23264	phosphoribosylformylglycinamidine synthase subunit PurS [EC:6.3.5.3]	COG1828	PurS	Phosphoribosylformylglycinamidine (FGAM) synthase, PurS subunit	HIMB083_01496	-4
AZAL01000001.1	1390587	1391372	-	HIMB083_01493	HIMB083	261	OG0000769	K01923	phosphoribosylaminoimidazole-succinocarboxamide synthase [EC:6.3.2.6]	COG0152	PurC	Phosphoribosylaminoimidazole-succinocarboxamide synthase	HIMB083_01496	-3
AZAL01000001.1	1391372	1392664	-	HIMB083_01494	HIMB083	430	OG0000779	K01756	adenylosuccinate lyase [EC:4.3.2.2]	COG0015	PurB	Adenylosuccinate lyase	HIMB083_01496	-2
AZAL01000001.1	1392668	1393438	-	HIMB083_01495	HIMB083	256	OG0000721	K01265	methionyl aminopeptidase [EC:3.4.11.18]	COG0024	Map	Methionine aminopeptidase	HIMB083_01496	-1
AZAL01000001.1	1393431	1394129	-	HIMB083_01496	HIMB083	232	OG0000819	K06206	sugar fermentation stimulation protein A	COG1489	SfsA	DNA-binding protein, stimulates sugar fermentation	HIMB083_01496	0
AZAL01000001.1	1394150	1394899	+	HIMB083_01497	HIMB083	249	OG0000807	NA	NA	COG1058	CinA	ADP-ribose pyrophosphatase domain of DNA damage- and competence-inducible protein CinA	HIMB083_01496	1
AZAL01000001.1	1394899	1395303	+	HIMB083_01498	HIMB083	134	OG0001035	K00682	gamma-glutamylcyclotransferase [EC:4.3.2.9]	COG2105	YtfP	Predicted gamma-glutamylamine cyclotransferase YtfP, GGCT/AIG2-like family	HIMB083_01496	2
AZAL01000001.1	1395317	1395907	-	HIMB083_01499	HIMB083	196	OG0002722	NA	NA	NA	NA	NA	HIMB083_01496	3
HIMB109-00000000012	576	1403	-	HIMB109_01169	HIMB109	275	OG0000007	NA	NA	COG1028	FabG	NAD(P)-dependent dehydrogenase, short-chain alcohol dehydrogenase family	HIMB109_01174	-4
HIMB109-00000000012	1466	2872	+	HIMB109_01170	HIMB109	468	OG0000235	K01915	glutamine synthetase [EC:6.3.1.2]	COG0174	GlnA	Glutamine synthetase	HIMB109_01174	-3
HIMB109-00000000012	2968	4908	+	HIMB109_01171	HIMB109	646	OG0000103	NA	NA	COG0187	GyrB	DNA gyrase/topoisomerase IV, subunit B	HIMB109_01174	-2
HIMB109-00000000012	5162	5890	-	HIMB109_01173	HIMB109	242	OG0000807	NA	NA	COG1058	CinA	ADP-ribose pyrophosphatase domain of DNA damage- and competence-inducible protein CinA	HIMB109_01174	-1
HIMB109-00000000012	5891	6586	+	HIMB109_01174	HIMB109	231	OG0000819	K06206	sugar fermentation stimulation protein A	COG1489	SfsA	DNA-binding protein, stimulates sugar fermentation	HIMB109_01174	0
HIMB109-00000000012	6586	7338	+	HIMB109_01175	HIMB109	250	OG0000721	K01265	methionyl aminopeptidase [EC:3.4.11.18]	COG0024	Map	Methionine aminopeptidase	HIMB109_01174	1
ADAC02000001.1	336656	337333	-	HIMB114_00362	HIMB114	225	OG0000684	K23265	phosphoribosylformylglycinamidine synthase subunit PurQ / glutaminase [EC:6.3.5.3 3.5.1.2]	COG0047	PurL2	Phosphoribosylformylglycinamidine (FGAM) synthase, glutamine amidotransferase domain	HIMB114_00367	-5
ADAC02000001.1	337333	337572	-	HIMB114_00363	HIMB114	79	OG0000770	K23264	phosphoribosylformylglycinamidine synthase subunit PurS [EC:6.3.5.3]	COG1828	PurS	Phosphoribosylformylglycinamidine (FGAM) synthase, PurS subunit	HIMB114_00367	-4
ADAC02000001.1	337574	338356	-	HIMB114_00364	HIMB114	260	OG0000769	K01923	phosphoribosylaminoimidazole-succinocarboxamide synthase [EC:6.3.2.6]	COG0152	PurC	Phosphoribosylaminoimidazole-succinocarboxamide synthase	HIMB114_00367	-3
ADAC02000001.1	338356	339648	-	HIMB114_00365	HIMB114	430	OG0000779	K01756	adenylosuccinate lyase [EC:4.3.2.2]	COG0015	PurB	Adenylosuccinate lyase	HIMB114_00367	-2
ADAC02000001.1	339661	340413	-	HIMB114_00366	HIMB114	250	OG0000721	K01265	methionyl aminopeptidase [EC:3.4.11.18]	COG0024	Map	Methionine aminopeptidase	HIMB114_00367	-1
ADAC02000001.1	340413	341108	-	HIMB114_00367	HIMB114	231	OG0000819	K06206	sugar fermentation stimulation protein A	COG1489	SfsA	DNA-binding protein, stimulates sugar fermentation	HIMB114_00367	0
ADAC02000001.1	341109	341837	+	HIMB114_00368	HIMB114	242	OG0000807	NA	NA	COG1058	CinA	ADP-ribose pyrophosphatase domain of DNA damage- and competence-inducible protein CinA	HIMB114_00367	1
ADAC02000001.1	342091	344031	-	HIMB114_00370	HIMB114	646	OG0000103	NA	NA	COG0187	GyrB	DNA gyrase/topoisomerase IV, subunit B	HIMB114_00367	2
ADAC02000001.1	344127	345533	-	HIMB114_00371	HIMB114	468	OG0000235	K01915	glutamine synthetase [EC:6.3.1.2]	COG0174	GlnA	Glutamine synthetase	HIMB114_00367	3
ADAC02000001.1	345653	346423	+	HIMB114_00372	HIMB114	256	OG0000007	NA	NA	COG1028	FabG	NAD(P)-dependent dehydrogenase, short-chain alcohol dehydrogenase family	HIMB114_00367	4
ADAC02000001.1	346583	347995	+	HIMB114_00374	HIMB114	470	OG0000744	K03545	trigger factor	COG0544	Tig	Trigger factor Tig, ribosome-bound chaperone (peptidyl-prolyl cis-trans isomerase)	HIMB114_00367	5
O147DRAFT_scaffold00001.1	1042191	1042874	-	HIMB122_01077	HIMB122	227	OG0000684	K23265	phosphoribosylformylglycinamidine synthase subunit PurQ / glutaminase [EC:6.3.5.3 3.5.1.2]	COG0047	PurL2	Phosphoribosylformylglycinamidine (FGAM) synthase, glutamine amidotransferase domain	HIMB122_01082	-5
O147DRAFT_scaffold00001.1	1042878	1043120	-	HIMB122_01078	HIMB122	80	OG0000770	K23264	phosphoribosylformylglycinamidine synthase subunit PurS [EC:6.3.5.3]	COG1828	PurS	Phosphoribosylformylglycinamidine (FGAM) synthase, PurS subunit	HIMB122_01082	-4
O147DRAFT_scaffold00001.1	1043117	1043902	-	HIMB122_01079	HIMB122	261	OG0000769	K01923	phosphoribosylaminoimidazole-succinocarboxamide synthase [EC:6.3.2.6]	COG0152	PurC	Phosphoribosylaminoimidazole-succinocarboxamide synthase	HIMB122_01082	-3
O147DRAFT_scaffold00001.1	1043902	1045194	-	HIMB122_01080	HIMB122	430	OG0000779	K01756	adenylosuccinate lyase [EC:4.3.2.2]	COG0015	PurB	Adenylosuccinate lyase	HIMB122_01082	-2
O147DRAFT_scaffold00001.1	1045198	1045968	-	HIMB122_01081	HIMB122	256	OG0000721	K01265	methionyl aminopeptidase [EC:3.4.11.18]	COG0024	Map	Methionine aminopeptidase	HIMB122_01082	-1
O147DRAFT_scaffold00001.1	1045961	1046659	-	HIMB122_01082	HIMB122	232	OG0000819	K06206	sugar fermentation stimulation protein A	COG1489	SfsA	DNA-binding protein, stimulates sugar fermentation	HIMB122_01082	0
O147DRAFT_scaffold00001.1	1046680	1047429	+	HIMB122_01083	HIMB122	249	OG0000807	NA	NA	COG1058	CinA	ADP-ribose pyrophosphatase domain of DNA damage- and competence-inducible protein CinA	HIMB122_01082	1
O147DRAFT_scaffold00001.1	1047429	1047830	+	HIMB122_01084	HIMB122	133	OG0001035	K00682	gamma-glutamylcyclotransferase [EC:4.3.2.9]	COG2105	YtfP	Predicted gamma-glutamylamine cyclotransferase YtfP, GGCT/AIG2-like family	HIMB122_01082	2
O147DRAFT_scaffold00001.1	1047836	1049128	+	HIMB122_01085	HIMB122	430	OG0001333	NA	NA	COG4091	NA	Predicted homoserine dehydrogenase, contains C-terminal SAF domain	HIMB122_01082	3
O147DRAFT_scaffold00001.1	1049307	1049723	+	HIMB122_01087	HIMB122	138	NA	NA	NA	NA	NA	NA	HIMB122_01082	4
O147DRAFT_scaffold00001.1	1049936	1050706	+	HIMB122_01088	HIMB122	256	OG0000972	K00858	NAD+ kinase [EC:2.7.1.23]	COG0061	NadK	NAD kinase	HIMB122_01082	5
HIMB123-00000000007	50586	51269	-	HIMB123_00327	HIMB123	227	OG0000684	K23265	phosphoribosylformylglycinamidine synthase subunit PurQ / glutaminase [EC:6.3.5.3 3.5.1.2]	COG0047	PurL2	Phosphoribosylformylglycinamidine (FGAM) synthase, glutamine amidotransferase domain	HIMB123_00332	-5
HIMB123-00000000007	51273	51515	-	HIMB123_00328	HIMB123	80	OG0000770	K23264	phosphoribosylformylglycinamidine synthase subunit PurS [EC:6.3.5.3]	COG1828	PurS	Phosphoribosylformylglycinamidine (FGAM) synthase, PurS subunit	HIMB123_00332	-4
HIMB123-00000000007	51512	52297	-	HIMB123_00329	HIMB123	261	OG0000769	K01923	phosphoribosylaminoimidazole-succinocarboxamide synthase [EC:6.3.2.6]	COG0152	PurC	Phosphoribosylaminoimidazole-succinocarboxamide synthase	HIMB123_00332	-3
HIMB123-00000000007	52297	53589	-	HIMB123_00330	HIMB123	430	OG0000779	K01756	adenylosuccinate lyase [EC:4.3.2.2]	COG0015	PurB	Adenylosuccinate lyase	HIMB123_00332	-2
HIMB123-00000000007	53593	54363	-	HIMB123_00331	HIMB123	256	OG0000721	K01265	methionyl aminopeptidase [EC:3.4.11.18]	COG0024	Map	Methionine aminopeptidase	HIMB123_00332	-1
HIMB123-00000000007	54374	55072	-	HIMB123_00332	HIMB123	232	OG0000819	K06206	sugar fermentation stimulation protein A	COG1489	SfsA	DNA-binding protein, stimulates sugar fermentation	HIMB123_00332	0
HIMB123-00000000007	55093	55842	+	HIMB123_00333	HIMB123	249	OG0000807	NA	NA	COG1058	CinA	ADP-ribose pyrophosphatase domain of DNA damage- and competence-inducible protein CinA	HIMB123_00332	1
HIMB123-00000000007	55842	56243	+	HIMB123_00334	HIMB123	133	OG0001035	K00682	gamma-glutamylcyclotransferase [EC:4.3.2.9]	COG2105	YtfP	Predicted gamma-glutamylamine cyclotransferase YtfP, GGCT/AIG2-like family	HIMB123_00332	2
HIMB123-00000000007	56268	57410	+	HIMB123_00335	HIMB123	380	OG0001129	NA	NA	COG2755	TesA	Lysophospholipase L1 or related esterase. Includes spore coat protein LipC/YcsK	HIMB123_00332	3
HIMB123-00000000007	57602	58372	+	HIMB123_00337	HIMB123	256	OG0000972	K00858	NAD+ kinase [EC:2.7.1.23]	COG0061	NadK	NAD kinase	HIMB123_00332	4
HIMB123-00000000007	58377	58514	+	HIMB123_00338	HIMB123	45	OG0001525	NA	NA	NA	NA	NA	HIMB123_00332	5
LT840186.1	609395	609925	-	HIMB1321_00675	HIMB1321	176	OG0000601	K02601	transcription termination/antitermination protein NusG	COG0250	NusG	Transcription termination/antitermination protein NusG	HIMB1321_00685	-5
LT840186.1	610218	611408	-	HIMB1321_00677	HIMB1321	396	OG0000491	K02358	elongation factor Tu	COG0050	TufA	Translation elongation factor EF-Tu, a GTPase	HIMB1321_00685	-4
LT840186.1	611790	612533	+	HIMB1321_00680	HIMB1321	247	OG0000786	K03218	23S rRNA (guanosine2251-2'-O)-methyltransferase [EC:2.1.1.185]	COG0566	SpoU	tRNA G18 (ribose-2'-O)-methylase SpoU	HIMB1321_00685	-3
LT840186.1	612647	613417	-	HIMB1321_00682	HIMB1321	256	OG0000972	K00858	NAD+ kinase [EC:2.7.1.23]	COG0061	NadK	NAD kinase	HIMB1321_00685	-2
LT840186.1	613905	614654	-	HIMB1321_00684	HIMB1321	249	OG0000807	NA	NA	COG1058	CinA	ADP-ribose pyrophosphatase domain of DNA damage- and competence-inducible protein CinA	HIMB1321_00685	-1
LT840186.1	614675	615373	+	HIMB1321_00685	HIMB1321	232	OG0000819	K06206	sugar fermentation stimulation protein A	COG1489	SfsA	DNA-binding protein, stimulates sugar fermentation	HIMB1321_00685	0
LT840186.1	615366	616136	+	HIMB1321_00686	HIMB1321	256	OG0000721	K01265	methionyl aminopeptidase [EC:3.4.11.18]	COG0024	Map	Methionine aminopeptidase	HIMB1321_00685	1
LT840186.1	616140	617432	+	HIMB1321_00687	HIMB1321	430	OG0000779	K01756	adenylosuccinate lyase [EC:4.3.2.2]	COG0015	PurB	Adenylosuccinate lyase	HIMB1321_00685	2
LT840186.1	617432	618217	+	HIMB1321_00688	HIMB1321	261	OG0000769	K01923	phosphoribosylaminoimidazole-succinocarboxamide synthase [EC:6.3.2.6]	COG0152	PurC	Phosphoribosylaminoimidazole-succinocarboxamide synthase	HIMB1321_00685	3
LT840186.1	618214	618456	+	HIMB1321_00689	HIMB1321	80	OG0000770	K23264	phosphoribosylformylglycinamidine synthase subunit PurS [EC:6.3.5.3]	COG1828	PurS	Phosphoribosylformylglycinamidine (FGAM) synthase, PurS subunit	HIMB1321_00685	4
LT840186.1	618460	619143	+	HIMB1321_00690	HIMB1321	227	OG0000684	K23265	phosphoribosylformylglycinamidine synthase subunit PurQ / glutaminase [EC:6.3.5.3 3.5.1.2]	COG0047	PurL2	Phosphoribosylformylglycinamidine (FGAM) synthase, glutamine amidotransferase domain	HIMB1321_00685	5
HIMB1402-00000000002	295015	295698	-	HIMB1402_00499	HIMB1402	227	OG0000684	K23265	phosphoribosylformylglycinamidine synthase subunit PurQ / glutaminase [EC:6.3.5.3 3.5.1.2]	COG0047	PurL2	Phosphoribosylformylglycinamidine (FGAM) synthase, glutamine amidotransferase domain	HIMB1402_00504	-5
HIMB1402-00000000002	295702	295944	-	HIMB1402_00500	HIMB1402	80	OG0000770	K23264	phosphoribosylformylglycinamidine synthase subunit PurS [EC:6.3.5.3]	COG1828	PurS	Phosphoribosylformylglycinamidine (FGAM) synthase, PurS subunit	HIMB1402_00504	-4
HIMB1402-00000000002	295941	296726	-	HIMB1402_00501	HIMB1402	261	OG0000769	K01923	phosphoribosylaminoimidazole-succinocarboxamide synthase [EC:6.3.2.6]	COG0152	PurC	Phosphoribosylaminoimidazole-succinocarboxamide synthase	HIMB1402_00504	-3
HIMB1402-00000000002	296726	298018	-	HIMB1402_00502	HIMB1402	430	OG0000779	K01756	adenylosuccinate lyase [EC:4.3.2.2]	COG0015	PurB	Adenylosuccinate lyase	HIMB1402_00504	-2
HIMB1402-00000000002	298022	298795	-	HIMB1402_00503	HIMB1402	257	OG0000721	K01265	methionyl aminopeptidase [EC:3.4.11.18]	COG0024	Map	Methionine aminopeptidase	HIMB1402_00504	-1
HIMB1402-00000000002	298788	299486	-	HIMB1402_00504	HIMB1402	232	OG0000819	K06206	sugar fermentation stimulation protein A	COG1489	SfsA	DNA-binding protein, stimulates sugar fermentation	HIMB1402_00504	0
HIMB1402-00000000002	299505	300254	+	HIMB1402_00505	HIMB1402	249	OG0000807	NA	NA	COG1058	CinA	ADP-ribose pyrophosphatase domain of DNA damage- and competence-inducible protein CinA	HIMB1402_00504	1
HIMB1402-00000000002	300255	300656	+	HIMB1402_00506	HIMB1402	133	OG0001035	K00682	gamma-glutamylcyclotransferase [EC:4.3.2.9]	COG2105	YtfP	Predicted gamma-glutamylamine cyclotransferase YtfP, GGCT/AIG2-like family	HIMB1402_00504	2
HIMB1402-00000000002	300645	302363	-	HIMB1402_00507	HIMB1402	572	OG0001331	NA	NA	COG2956	LapB	Lipopolysaccharide biosynthesis regulator YciM/LapB, contains six TPR domains and a C-terminal metal-binding domain	HIMB1402_00504	3
HIMB1402-00000000002	302427	304151	-	HIMB1402_00508	HIMB1402	574	OG0001383	NA	NA	COG0366	AmyA	Glycosidase/amylase (phosphorylase)	HIMB1402_00504	4
HIMB1402-00000000002	304151	305371	-	HIMB1402_00509	HIMB1402	406	OG0001273	K13693	glucosyl-3-phosphoglycerate synthase [EC:2.4.1.266]	NA	NA	NA	HIMB1402_00504	5
HIMB1409-00000000001	316499	317182	-	HIMB1409_00337	HIMB1409	227	OG0000684	K23265	phosphoribosylformylglycinamidine synthase subunit PurQ / glutaminase [EC:6.3.5.3 3.5.1.2]	COG0047	PurL2	Phosphoribosylformylglycinamidine (FGAM) synthase, glutamine amidotransferase domain	HIMB1409_00342	-5
HIMB1409-00000000001	317186	317428	-	HIMB1409_00338	HIMB1409	80	OG0000770	K23264	phosphoribosylformylglycinamidine synthase subunit PurS [EC:6.3.5.3]	COG1828	PurS	Phosphoribosylformylglycinamidine (FGAM) synthase, PurS subunit	HIMB1409_00342	-4
HIMB1409-00000000001	317425	318210	-	HIMB1409_00339	HIMB1409	261	OG0000769	K01923	phosphoribosylaminoimidazole-succinocarboxamide synthase [EC:6.3.2.6]	COG0152	PurC	Phosphoribosylaminoimidazole-succinocarboxamide synthase	HIMB1409_00342	-3
HIMB1409-00000000001	318210	319502	-	HIMB1409_00340	HIMB1409	430	OG0000779	K01756	adenylosuccinate lyase [EC:4.3.2.2]	COG0015	PurB	Adenylosuccinate lyase	HIMB1409_00342	-2
HIMB1409-00000000001	319506	320276	-	HIMB1409_00341	HIMB1409	256	OG0000721	K01265	methionyl aminopeptidase [EC:3.4.11.18]	COG0024	Map	Methionine aminopeptidase	HIMB1409_00342	-1
HIMB1409-00000000001	320269	320967	-	HIMB1409_00342	HIMB1409	232	OG0000819	K06206	sugar fermentation stimulation protein A	COG1489	SfsA	DNA-binding protein, stimulates sugar fermentation	HIMB1409_00342	0
HIMB1409-00000000001	320988	321737	+	HIMB1409_00343	HIMB1409	249	OG0000807	NA	NA	COG1058	CinA	ADP-ribose pyrophosphatase domain of DNA damage- and competence-inducible protein CinA	HIMB1409_00342	1
HIMB1409-00000000001	321737	322138	+	HIMB1409_00344	HIMB1409	133	OG0001035	K00682	gamma-glutamylcyclotransferase [EC:4.3.2.9]	COG2105	YtfP	Predicted gamma-glutamylamine cyclotransferase YtfP, GGCT/AIG2-like family	HIMB1409_00342	2
HIMB1409-00000000001	322145	323365	-	HIMB1409_00345	HIMB1409	406	OG0001273	K13693	glucosyl-3-phosphoglycerate synthase [EC:2.4.1.266]	NA	NA	NA	HIMB1409_00342	3
HIMB1409-00000000001	323377	324180	-	HIMB1409_00346	HIMB1409	267	OG0001276	K07026	mannosyl-3-phosphoglycerate phosphatase [EC:3.1.3.70]	COG3769	YedP	Mannosyl-3-phosphoglycerate phosphatase YedP/MpgP, HAD superfamily	HIMB1409_00342	4
HIMB1409-00000000001	324369	325139	+	HIMB1409_00348	HIMB1409	256	OG0000972	K00858	NAD+ kinase [EC:2.7.1.23]	COG0061	NadK	NAD kinase	HIMB1409_00342	5
NZ_LAMZ01000001.1	65140	65823	-	HIMB140_00074	HIMB140	227	OG0000684	K23265	phosphoribosylformylglycinamidine synthase subunit PurQ / glutaminase [EC:6.3.5.3 3.5.1.2]	COG0047	PurL2	Phosphoribosylformylglycinamidine (FGAM) synthase, glutamine amidotransferase domain	HIMB140_00079	-5
NZ_LAMZ01000001.1	65827	66069	-	HIMB140_00075	HIMB140	80	OG0000770	K23264	phosphoribosylformylglycinamidine synthase subunit PurS [EC:6.3.5.3]	COG1828	PurS	Phosphoribosylformylglycinamidine (FGAM) synthase, PurS subunit	HIMB140_00079	-4
NZ_LAMZ01000001.1	66066	66851	-	HIMB140_00076	HIMB140	261	OG0000769	K01923	phosphoribosylaminoimidazole-succinocarboxamide synthase [EC:6.3.2.6]	COG0152	PurC	Phosphoribosylaminoimidazole-succinocarboxamide synthase	HIMB140_00079	-3
NZ_LAMZ01000001.1	66851	68143	-	HIMB140_00077	HIMB140	430	OG0000779	K01756	adenylosuccinate lyase [EC:4.3.2.2]	COG0015	PurB	Adenylosuccinate lyase	HIMB140_00079	-2
NZ_LAMZ01000001.1	68147	68917	-	HIMB140_00078	HIMB140	256	OG0000721	K01265	methionyl aminopeptidase [EC:3.4.11.18]	COG0024	Map	Methionine aminopeptidase	HIMB140_00079	-1
NZ_LAMZ01000001.1	68910	69608	-	HIMB140_00079	HIMB140	232	OG0000819	K06206	sugar fermentation stimulation protein A	COG1489	SfsA	DNA-binding protein, stimulates sugar fermentation	HIMB140_00079	0
NZ_LAMZ01000001.1	69629	70378	+	HIMB140_00080	HIMB140	249	OG0000807	NA	NA	COG1058	CinA	ADP-ribose pyrophosphatase domain of DNA damage- and competence-inducible protein CinA	HIMB140_00079	1
NZ_LAMZ01000001.1	70378	70779	+	HIMB140_00081	HIMB140	133	OG0001035	K00682	gamma-glutamylcyclotransferase [EC:4.3.2.9]	COG2105	YtfP	Predicted gamma-glutamylamine cyclotransferase YtfP, GGCT/AIG2-like family	HIMB140_00079	2
NZ_LAMZ01000001.1	70785	72077	+	HIMB140_00082	HIMB140	430	OG0001333	NA	NA	COG4091	NA	Predicted homoserine dehydrogenase, contains C-terminal SAF domain	HIMB140_00079	3
NZ_LAMZ01000001.1	72212	72982	+	HIMB140_00084	HIMB140	256	OG0000972	K00858	NAD+ kinase [EC:2.7.1.23]	COG0061	NadK	NAD kinase	HIMB140_00079	4
NZ_LAMZ01000001.1	72988	73104	+	HIMB140_00085	HIMB140	38	OG0001525	NA	NA	NA	NA	NA	HIMB140_00079	5
HIMB1412-00000000001	991944	993134	-	HIMB1412_01059	HIMB1412	396	OG0000491	K02358	elongation factor Tu	COG0050	TufA	Translation elongation factor EF-Tu, a GTPase	HIMB1412_01068	-5
HIMB1412-00000000001	993514	994260	+	HIMB1412_01062	HIMB1412	248	OG0000786	K03218	23S rRNA (guanosine2251-2'-O)-methyltransferase [EC:2.1.1.185]	COG0566	SpoU	tRNA G18 (ribose-2'-O)-methylase SpoU	HIMB1412_01068	-4
HIMB1412-00000000001	994466	995572	-	HIMB1412_01064	HIMB1412	368	NA	NA	NA	COG0265	DegQ	Periplasmic serine protease DegP/DegQ, contain C-terminal PDZ domain	HIMB1412_01068	-3
HIMB1412-00000000001	995967	996737	-	HIMB1412_01065	HIMB1412	256	OG0000972	K00858	NAD+ kinase [EC:2.7.1.23]	COG0061	NadK	NAD kinase	HIMB1412_01068	-2
HIMB1412-00000000001	997231	997980	-	HIMB1412_01067	HIMB1412	249	OG0000807	NA	NA	COG1058	CinA	ADP-ribose pyrophosphatase domain of DNA damage- and competence-inducible protein CinA	HIMB1412_01068	-1
HIMB1412-00000000001	998003	998701	+	HIMB1412_01068	HIMB1412	232	OG0000819	K06206	sugar fermentation stimulation protein A	COG1489	SfsA	DNA-binding protein, stimulates sugar fermentation	HIMB1412_01068	0
HIMB1412-00000000001	998694	999464	+	HIMB1412_01069	HIMB1412	256	OG0000721	K01265	methionyl aminopeptidase [EC:3.4.11.18]	COG0024	Map	Methionine aminopeptidase	HIMB1412_01068	1
HIMB1412-00000000001	999464	1000756	+	HIMB1412_01070	HIMB1412	430	OG0000779	K01756	adenylosuccinate lyase [EC:4.3.2.2]	COG0015	PurB	Adenylosuccinate lyase	HIMB1412_01068	2
HIMB1412-00000000001	1000756	1001541	+	HIMB1412_01071	HIMB1412	261	OG0000769	K01923	phosphoribosylaminoimidazole-succinocarboxamide synthase [EC:6.3.2.6]	COG0152	PurC	Phosphoribosylaminoimidazole-succinocarboxamide synthase	HIMB1412_01068	3
HIMB1412-00000000001	1001538	1001771	+	HIMB1412_01072	HIMB1412	77	OG0000770	K23264	phosphoribosylformylglycinamidine synthase subunit PurS [EC:6.3.5.3]	COG1828	PurS	Phosphoribosylformylglycinamidine (FGAM) synthase, PurS subunit	HIMB1412_01068	4
HIMB1412-00000000001	1001780	1002463	+	HIMB1412_01073	HIMB1412	227	OG0000684	K23265	phosphoribosylformylglycinamidine synthase subunit PurQ / glutaminase [EC:6.3.5.3 3.5.1.2]	COG0047	PurL2	Phosphoribosylformylglycinamidine (FGAM) synthase, glutamine amidotransferase domain	HIMB1412_01068	5
HIMB1413-00000000001	372066	372749	-	HIMB1413_00394	HIMB1413	227	OG0000684	K23265	phosphoribosylformylglycinamidine synthase subunit PurQ / glutaminase [EC:6.3.5.3 3.5.1.2]	COG0047	PurL2	Phosphoribosylformylglycinamidine (FGAM) synthase, glutamine amidotransferase domain	HIMB1413_00399	-5
HIMB1413-00000000001	372753	372995	-	HIMB1413_00395	HIMB1413	80	OG0000770	K23264	phosphoribosylformylglycinamidine synthase subunit PurS [EC:6.3.5.3]	COG1828	PurS	Phosphoribosylformylglycinamidine (FGAM) synthase, PurS subunit	HIMB1413_00399	-4
HIMB1413-00000000001	372992	373777	-	HIMB1413_00396	HIMB1413	261	OG0000769	K01923	phosphoribosylaminoimidazole-succinocarboxamide synthase [EC:6.3.2.6]	COG0152	PurC	Phosphoribosylaminoimidazole-succinocarboxamide synthase	HIMB1413_00399	-3
HIMB1413-00000000001	373777	375069	-	HIMB1413_00397	HIMB1413	430	OG0000779	K01756	adenylosuccinate lyase [EC:4.3.2.2]	COG0015	PurB	Adenylosuccinate lyase	HIMB1413_00399	-2
HIMB1413-00000000001	375073	375843	-	HIMB1413_00398	HIMB1413	256	OG0000721	K01265	methionyl aminopeptidase [EC:3.4.11.18]	COG0024	Map	Methionine aminopeptidase	HIMB1413_00399	-1
HIMB1413-00000000001	375836	376534	-	HIMB1413_00399	HIMB1413	232	OG0000819	K06206	sugar fermentation stimulation protein A	COG1489	SfsA	DNA-binding protein, stimulates sugar fermentation	HIMB1413_00399	0
HIMB1413-00000000001	376555	377304	+	HIMB1413_00400	HIMB1413	249	OG0000807	NA	NA	COG1058	CinA	ADP-ribose pyrophosphatase domain of DNA damage- and competence-inducible protein CinA	HIMB1413_00399	1
HIMB1413-00000000001	377304	377705	+	HIMB1413_00401	HIMB1413	133	OG0001035	K00682	gamma-glutamylcyclotransferase [EC:4.3.2.9]	COG2105	YtfP	Predicted gamma-glutamylamine cyclotransferase YtfP, GGCT/AIG2-like family	HIMB1413_00399	2
HIMB1413-00000000001	377712	378932	-	HIMB1413_00402	HIMB1413	406	OG0001273	K13693	glucosyl-3-phosphoglycerate synthase [EC:2.4.1.266]	NA	NA	NA	HIMB1413_00399	3
HIMB1413-00000000001	378944	379747	-	HIMB1413_00403	HIMB1413	267	OG0001276	K07026	mannosyl-3-phosphoglycerate phosphatase [EC:3.1.3.70]	COG3769	YedP	Mannosyl-3-phosphoglycerate phosphatase YedP/MpgP, HAD superfamily	HIMB1413_00399	4
HIMB1413-00000000001	379936	380706	+	HIMB1413_00405	HIMB1413	256	OG0000972	K00858	NAD+ kinase [EC:2.7.1.23]	COG0061	NadK	NAD kinase	HIMB1413_00399	5
HIMB1420-00000000002	61158	61841	-	HIMB1420_00797	HIMB1420	227	OG0000684	K23265	phosphoribosylformylglycinamidine synthase subunit PurQ / glutaminase [EC:6.3.5.3 3.5.1.2]	COG0047	PurL2	Phosphoribosylformylglycinamidine (FGAM) synthase, glutamine amidotransferase domain	HIMB1420_00802	-5
HIMB1420-00000000002	61850	62083	-	HIMB1420_00798	HIMB1420	77	OG0000770	K23264	phosphoribosylformylglycinamidine synthase subunit PurS [EC:6.3.5.3]	COG1828	PurS	Phosphoribosylformylglycinamidine (FGAM) synthase, PurS subunit	HIMB1420_00802	-4
HIMB1420-00000000002	62080	62865	-	HIMB1420_00799	HIMB1420	261	OG0000769	K01923	phosphoribosylaminoimidazole-succinocarboxamide synthase [EC:6.3.2.6]	COG0152	PurC	Phosphoribosylaminoimidazole-succinocarboxamide synthase	HIMB1420_00802	-3
HIMB1420-00000000002	62865	64157	-	HIMB1420_00800	HIMB1420	430	OG0000779	K01756	adenylosuccinate lyase [EC:4.3.2.2]	COG0015	PurB	Adenylosuccinate lyase	HIMB1420_00802	-2
HIMB1420-00000000002	64157	64927	-	HIMB1420_00801	HIMB1420	256	OG0000721	K01265	methionyl aminopeptidase [EC:3.4.11.18]	COG0024	Map	Methionine aminopeptidase	HIMB1420_00802	-1
HIMB1420-00000000002	64920	65618	-	HIMB1420_00802	HIMB1420	232	OG0000819	K06206	sugar fermentation stimulation protein A	COG1489	SfsA	DNA-binding protein, stimulates sugar fermentation	HIMB1420_00802	0
HIMB1420-00000000002	65641	66390	+	HIMB1420_00803	HIMB1420	249	OG0000807	NA	NA	COG1058	CinA	ADP-ribose pyrophosphatase domain of DNA damage- and competence-inducible protein CinA	HIMB1420_00802	1
HIMB1420-00000000002	66402	67307	-	HIMB1420_00804	HIMB1420	301	OG0000023	NA	NA	COG0451	WcaG	Nucleoside-diphosphate-sugar epimerase	HIMB1420_00802	2
HIMB1420-00000000002	67383	68594	+	HIMB1420_00805	HIMB1420	403	OG0001137	NA	NA	COG2227	UbiG	2-polyprenyl-3-methyl-5-hydroxy-6-metoxy-1,4-benzoquinol methylase	HIMB1420_00802	3
HIMB1420-00000000002	68587	69300	-	HIMB1420_00806	HIMB1420	237	OG0000983	K00721	dolichol-phosphate mannosyltransferase [EC:2.4.1.83]	COG0463	WcaA	Glycosyltransferase involved in cell wall bisynthesis	HIMB1420_00802	4
HIMB1420-00000000002	69300	70070	-	HIMB1420_00807	HIMB1420	256	OG0000045	NA	NA	NA	NA	NA	HIMB1420_00802	5
HIMB1427-00000000004	57700	58383	-	HIMB1427_00583	HIMB1427	227	OG0000684	K23265	phosphoribosylformylglycinamidine synthase subunit PurQ / glutaminase [EC:6.3.5.3 3.5.1.2]	COG0047	PurL2	Phosphoribosylformylglycinamidine (FGAM) synthase, glutamine amidotransferase domain	HIMB1427_00588	-5
HIMB1427-00000000004	58392	58625	-	HIMB1427_00584	HIMB1427	77	OG0000770	K23264	phosphoribosylformylglycinamidine synthase subunit PurS [EC:6.3.5.3]	COG1828	PurS	Phosphoribosylformylglycinamidine (FGAM) synthase, PurS subunit	HIMB1427_00588	-4
HIMB1427-00000000004	58622	59407	-	HIMB1427_00585	HIMB1427	261	OG0000769	K01923	phosphoribosylaminoimidazole-succinocarboxamide synthase [EC:6.3.2.6]	COG0152	PurC	Phosphoribosylaminoimidazole-succinocarboxamide synthase	HIMB1427_00588	-3
HIMB1427-00000000004	59407	60699	-	HIMB1427_00586	HIMB1427	430	OG0000779	K01756	adenylosuccinate lyase [EC:4.3.2.2]	COG0015	PurB	Adenylosuccinate lyase	HIMB1427_00588	-2
HIMB1427-00000000004	60699	61469	-	HIMB1427_00587	HIMB1427	256	OG0000721	K01265	methionyl aminopeptidase [EC:3.4.11.18]	COG0024	Map	Methionine aminopeptidase	HIMB1427_00588	-1
HIMB1427-00000000004	61462	62160	-	HIMB1427_00588	HIMB1427	232	OG0000819	K06206	sugar fermentation stimulation protein A	COG1489	SfsA	DNA-binding protein, stimulates sugar fermentation	HIMB1427_00588	0
HIMB1427-00000000004	62183	62932	+	HIMB1427_00589	HIMB1427	249	OG0000807	NA	NA	COG1058	CinA	ADP-ribose pyrophosphatase domain of DNA damage- and competence-inducible protein CinA	HIMB1427_00588	1
HIMB1427-00000000004	62938	63339	+	HIMB1427_00590	HIMB1427	133	OG0001035	K00682	gamma-glutamylcyclotransferase [EC:4.3.2.9]	COG2105	YtfP	Predicted gamma-glutamylamine cyclotransferase YtfP, GGCT/AIG2-like family	HIMB1427_00588	2
HIMB1427-00000000004	63343	64035	+	HIMB1427_00591	HIMB1427	230	OG0000043	NA	NA	COG0463	WcaA	Glycosyltransferase involved in cell wall bisynthesis	HIMB1427_00588	3
HIMB1427-00000000004	64054	65721	+	HIMB1427_00592	HIMB1427	555	OG0001142	NA	NA	NA	NA	NA	HIMB1427_00588	4
HIMB1427-00000000004	65778	66299	-	HIMB1427_00593	HIMB1427	173	OG0001634	NA	NA	NA	NA	NA	HIMB1427_00588	5
HIMB1430-00000000012	17004	17747	+	HIMB1430_00824	HIMB1430	247	OG0000786	NA	NA	COG0566	SpoU	tRNA G18 (ribose-2'-O)-methylase SpoU	HIMB1430_00831	-5
HIMB1430-00000000012	18009	18779	-	HIMB1430_00826	HIMB1430	256	OG0000972	K00858	NAD+ kinase [EC:2.7.1.23]	COG0061	NadK	NAD kinase	HIMB1430_00831	-4
HIMB1430-00000000012	18914	20206	-	HIMB1430_00828	HIMB1430	430	OG0001333	NA	NA	COG4091	NA	Predicted homoserine dehydrogenase, contains C-terminal SAF domain	HIMB1430_00831	-3
HIMB1430-00000000012	20212	20613	-	HIMB1430_00829	HIMB1430	133	OG0001035	K00682	gamma-glutamylcyclotransferase [EC:4.3.2.9]	COG2105	YtfP	Predicted gamma-glutamylamine cyclotransferase YtfP, GGCT/AIG2-like family	HIMB1430_00831	-2
HIMB1430-00000000012	20613	21362	-	HIMB1430_00830	HIMB1430	249	OG0000807	NA	NA	COG1058	CinA	ADP-ribose pyrophosphatase domain of DNA damage- and competence-inducible protein CinA	HIMB1430_00831	-1
HIMB1430-00000000012	21383	22081	+	HIMB1430_00831	HIMB1430	232	OG0000819	K06206	sugar fermentation stimulation protein A	COG1489	SfsA	DNA-binding protein, stimulates sugar fermentation	HIMB1430_00831	0
HIMB1430-00000000012	22074	22841	+	HIMB1430_00832	HIMB1430	255	OG0000721	K01265	methionyl aminopeptidase [EC:3.4.11.18]	COG0024	Map	Methionine aminopeptidase	HIMB1430_00831	1
HIMB1430-00000000012	22848	24140	+	HIMB1430_00833	HIMB1430	430	OG0000779	K01756	adenylosuccinate lyase [EC:4.3.2.2]	COG0015	PurB	Adenylosuccinate lyase	HIMB1430_00831	2
HIMB1430-00000000012	24140	24925	+	HIMB1430_00834	HIMB1430	261	OG0000769	K01923	phosphoribosylaminoimidazole-succinocarboxamide synthase [EC:6.3.2.6]	COG0152	PurC	Phosphoribosylaminoimidazole-succinocarboxamide synthase	HIMB1430_00831	3
HIMB1430-00000000012	24922	25164	+	HIMB1430_00835	HIMB1430	80	OG0000770	K23264	phosphoribosylformylglycinamidine synthase subunit PurS [EC:6.3.5.3]	COG1828	PurS	Phosphoribosylformylglycinamidine (FGAM) synthase, PurS subunit	HIMB1430_00831	4
HIMB1430-00000000012	25168	25851	+	HIMB1430_00836	HIMB1430	227	OG0000684	K23265	phosphoribosylformylglycinamidine synthase subunit PurQ / glutaminase [EC:6.3.5.3 3.5.1.2]	COG0047	PurL2	Phosphoribosylformylglycinamidine (FGAM) synthase, glutamine amidotransferase domain	HIMB1430_00831	5
HIMB1436-00000000001	720493	721176	-	HIMB1436_00765	HIMB1436	227	OG0000684	K23265	phosphoribosylformylglycinamidine synthase subunit PurQ / glutaminase [EC:6.3.5.3 3.5.1.2]	COG0047	PurL2	Phosphoribosylformylglycinamidine (FGAM) synthase, glutamine amidotransferase domain	HIMB1436_00770	-5
HIMB1436-00000000001	721180	721422	-	HIMB1436_00766	HIMB1436	80	OG0000770	K23264	phosphoribosylformylglycinamidine synthase subunit PurS [EC:6.3.5.3]	COG1828	PurS	Phosphoribosylformylglycinamidine (FGAM) synthase, PurS subunit	HIMB1436_00770	-4
HIMB1436-00000000001	721419	722204	-	HIMB1436_00767	HIMB1436	261	OG0000769	K01923	phosphoribosylaminoimidazole-succinocarboxamide synthase [EC:6.3.2.6]	COG0152	PurC	Phosphoribosylaminoimidazole-succinocarboxamide synthase	HIMB1436_00770	-3
HIMB1436-00000000001	722204	723496	-	HIMB1436_00768	HIMB1436	430	OG0000779	K01756	adenylosuccinate lyase [EC:4.3.2.2]	COG0015	PurB	Adenylosuccinate lyase	HIMB1436_00770	-2
HIMB1436-00000000001	723500	724273	-	HIMB1436_00769	HIMB1436	257	OG0000721	K01265	methionyl aminopeptidase [EC:3.4.11.18]	COG0024	Map	Methionine aminopeptidase	HIMB1436_00770	-1
HIMB1436-00000000001	724266	724964	-	HIMB1436_00770	HIMB1436	232	OG0000819	K06206	sugar fermentation stimulation protein A	COG1489	SfsA	DNA-binding protein, stimulates sugar fermentation	HIMB1436_00770	0
HIMB1436-00000000001	724985	725734	+	HIMB1436_00771	HIMB1436	249	OG0000807	NA	NA	COG1058	CinA	ADP-ribose pyrophosphatase domain of DNA damage- and competence-inducible protein CinA	HIMB1436_00770	1
HIMB1436-00000000001	725735	726139	+	HIMB1436_00772	HIMB1436	134	OG0001035	K00682	gamma-glutamylcyclotransferase [EC:4.3.2.9]	COG2105	YtfP	Predicted gamma-glutamylamine cyclotransferase YtfP, GGCT/AIG2-like family	HIMB1436_00770	2
HIMB1436-00000000001	726172	728088	-	HIMB1436_00773	HIMB1436	638	OG0001337	K16568	exopolysaccharide production protein ExoZ	COG1835	OafA	Peptidoglycan/LPS O-acetylase OafA/YrhL, contains acyltransferase and SGNH-hydrolase domains	HIMB1436_00770	3
HIMB1436-00000000001	728113	729834	-	HIMB1436_00774	HIMB1436	573	OG0001383	NA	NA	COG0366	AmyA	Glycosidase/amylase (phosphorylase)	HIMB1436_00770	4
HIMB1436-00000000001	729834	731054	-	HIMB1436_00775	HIMB1436	406	OG0001273	K13693	glucosyl-3-phosphoglycerate synthase [EC:2.4.1.266]	NA	NA	NA	HIMB1436_00770	5
HIMB1437-00000000001	1200011	1200694	-	HIMB1437_01286	HIMB1437	227	OG0000684	K23265	phosphoribosylformylglycinamidine synthase subunit PurQ / glutaminase [EC:6.3.5.3 3.5.1.2]	COG0047	PurL2	Phosphoribosylformylglycinamidine (FGAM) synthase, glutamine amidotransferase domain	HIMB1437_01291	-5
HIMB1437-00000000001	1200698	1200940	-	HIMB1437_01287	HIMB1437	80	OG0000770	K23264	phosphoribosylformylglycinamidine synthase subunit PurS [EC:6.3.5.3]	COG1828	PurS	Phosphoribosylformylglycinamidine (FGAM) synthase, PurS subunit	HIMB1437_01291	-4
HIMB1437-00000000001	1200937	1201722	-	HIMB1437_01288	HIMB1437	261	OG0000769	K01923	phosphoribosylaminoimidazole-succinocarboxamide synthase [EC:6.3.2.6]	COG0152	PurC	Phosphoribosylaminoimidazole-succinocarboxamide synthase	HIMB1437_01291	-3
HIMB1437-00000000001	1201722	1203014	-	HIMB1437_01289	HIMB1437	430	OG0000779	K01756	adenylosuccinate lyase [EC:4.3.2.2]	COG0015	PurB	Adenylosuccinate lyase	HIMB1437_01291	-2
HIMB1437-00000000001	1203018	1203791	-	HIMB1437_01290	HIMB1437	257	OG0000721	K01265	methionyl aminopeptidase [EC:3.4.11.18]	COG0024	Map	Methionine aminopeptidase	HIMB1437_01291	-1
HIMB1437-00000000001	1203784	1204482	-	HIMB1437_01291	HIMB1437	232	OG0000819	K06206	sugar fermentation stimulation protein A	COG1489	SfsA	DNA-binding protein, stimulates sugar fermentation	HIMB1437_01291	0
HIMB1437-00000000001	1204501	1205250	+	HIMB1437_01292	HIMB1437	249	OG0000807	NA	NA	COG1058	CinA	ADP-ribose pyrophosphatase domain of DNA damage- and competence-inducible protein CinA	HIMB1437_01291	1
HIMB1437-00000000001	1205251	1205652	+	HIMB1437_01293	HIMB1437	133	OG0001035	K00682	gamma-glutamylcyclotransferase [EC:4.3.2.9]	COG2105	YtfP	Predicted gamma-glutamylamine cyclotransferase YtfP, GGCT/AIG2-like family	HIMB1437_01291	2
HIMB1437-00000000001	1205656	1207380	-	HIMB1437_01294	HIMB1437	574	OG0001383	NA	NA	COG0366	AmyA	Glycosidase/amylase (phosphorylase)	HIMB1437_01291	3
HIMB1437-00000000001	1207380	1208600	-	HIMB1437_01295	HIMB1437	406	OG0001273	K13693	glucosyl-3-phosphoglycerate synthase [EC:2.4.1.266]	NA	NA	NA	HIMB1437_01291	4
HIMB1437-00000000001	1208609	1209415	-	HIMB1437_01296	HIMB1437	268	OG0001276	K07026	mannosyl-3-phosphoglycerate phosphatase [EC:3.1.3.70]	COG3769	YedP	Mannosyl-3-phosphoglycerate phosphatase YedP/MpgP, HAD superfamily	HIMB1437_01291	5
HIMB1444-00000000002	344838	345416	-	HIMB1444_00799	HIMB1444	192	OG0001221	K03271	D-sedoheptulose 7-phosphate isomerase [EC:5.3.1.28]	COG0279	GmhA	Phosphoheptose isomerase	HIMB1444_00804	-5
HIMB1444-00000000002	345410	346207	-	HIMB1444_00800	HIMB1444	265	OG0000007	NA	NA	COG1028	FabG	NAD(P)-dependent dehydrogenase, short-chain alcohol dehydrogenase family	HIMB1444_00804	-4
HIMB1444-00000000002	346307	347653	-	HIMB1444_00801	HIMB1444	448	OG0001478	NA	NA	COG2303	BetA	Choline dehydrogenase or related flavoprotein	HIMB1444_00804	-3
HIMB1444-00000000002	347702	348109	-	HIMB1444_00802	HIMB1444	135	OG0001035	K00682	gamma-glutamylcyclotransferase [EC:4.3.2.9]	COG2105	YtfP	Predicted gamma-glutamylamine cyclotransferase YtfP, GGCT/AIG2-like family	HIMB1444_00804	-2
HIMB1444-00000000002	348109	348858	-	HIMB1444_00803	HIMB1444	249	OG0000807	NA	NA	COG1058	CinA	ADP-ribose pyrophosphatase domain of DNA damage- and competence-inducible protein CinA	HIMB1444_00804	-1
HIMB1444-00000000002	348879	349577	+	HIMB1444_00804	HIMB1444	232	OG0000819	K06206	sugar fermentation stimulation protein A	COG1489	SfsA	DNA-binding protein, stimulates sugar fermentation	HIMB1444_00804	0
HIMB1444-00000000002	349570	350340	+	HIMB1444_00805	HIMB1444	256	OG0000721	K01265	methionyl aminopeptidase [EC:3.4.11.18]	COG0024	Map	Methionine aminopeptidase	HIMB1444_00804	1
HIMB1444-00000000002	350344	351636	+	HIMB1444_00806	HIMB1444	430	OG0000779	K01756	adenylosuccinate lyase [EC:4.3.2.2]	COG0015	PurB	Adenylosuccinate lyase	HIMB1444_00804	2
HIMB1444-00000000002	351636	352421	+	HIMB1444_00807	HIMB1444	261	OG0000769	K01923	phosphoribosylaminoimidazole-succinocarboxamide synthase [EC:6.3.2.6]	COG0152	PurC	Phosphoribosylaminoimidazole-succinocarboxamide synthase	HIMB1444_00804	3
HIMB1444-00000000002	352418	352660	+	HIMB1444_00808	HIMB1444	80	OG0000770	K23264	phosphoribosylformylglycinamidine synthase subunit PurS [EC:6.3.5.3]	COG1828	PurS	Phosphoribosylformylglycinamidine (FGAM) synthase, PurS subunit	HIMB1444_00804	4
HIMB1444-00000000002	352664	353347	+	HIMB1444_00809	HIMB1444	227	OG0000684	K23265	phosphoribosylformylglycinamidine synthase subunit PurQ / glutaminase [EC:6.3.5.3 3.5.1.2]	COG0047	PurL2	Phosphoribosylformylglycinamidine (FGAM) synthase, glutamine amidotransferase domain	HIMB1444_00804	5
HIMB1456-00000000001	288732	289415	-	HIMB1456_00298	HIMB1456	227	OG0000684	K23265	phosphoribosylformylglycinamidine synthase subunit PurQ / glutaminase [EC:6.3.5.3 3.5.1.2]	COG0047	PurL2	Phosphoribosylformylglycinamidine (FGAM) synthase, glutamine amidotransferase domain	HIMB1456_00303	-5
HIMB1456-00000000001	289419	289661	-	HIMB1456_00299	HIMB1456	80	OG0000770	K23264	phosphoribosylformylglycinamidine synthase subunit PurS [EC:6.3.5.3]	COG1828	PurS	Phosphoribosylformylglycinamidine (FGAM) synthase, PurS subunit	HIMB1456_00303	-4
HIMB1456-00000000001	289658	290443	-	HIMB1456_00300	HIMB1456	261	OG0000769	K01923	phosphoribosylaminoimidazole-succinocarboxamide synthase [EC:6.3.2.6]	COG0152	PurC	Phosphoribosylaminoimidazole-succinocarboxamide synthase	HIMB1456_00303	-3
HIMB1456-00000000001	290443	291735	-	HIMB1456_00301	HIMB1456	430	OG0000779	K01756	adenylosuccinate lyase [EC:4.3.2.2]	COG0015	PurB	Adenylosuccinate lyase	HIMB1456_00303	-2
HIMB1456-00000000001	291739	292509	-	HIMB1456_00302	HIMB1456	256	OG0000721	K01265	methionyl aminopeptidase [EC:3.4.11.18]	COG0024	Map	Methionine aminopeptidase	HIMB1456_00303	-1
HIMB1456-00000000001	292502	293200	-	HIMB1456_00303	HIMB1456	232	OG0000819	K06206	sugar fermentation stimulation protein A	COG1489	SfsA	DNA-binding protein, stimulates sugar fermentation	HIMB1456_00303	0
HIMB1456-00000000001	293221	293970	+	HIMB1456_00304	HIMB1456	249	OG0000807	NA	NA	COG1058	CinA	ADP-ribose pyrophosphatase domain of DNA damage- and competence-inducible protein CinA	HIMB1456_00303	1
HIMB1456-00000000001	293970	294377	+	HIMB1456_00305	HIMB1456	135	OG0001035	K00682	gamma-glutamylcyclotransferase [EC:4.3.2.9]	COG2105	YtfP	Predicted gamma-glutamylamine cyclotransferase YtfP, GGCT/AIG2-like family	HIMB1456_00303	2
HIMB1456-00000000001	294363	294941	-	HIMB1456_00306	HIMB1456	192	OG0001685	NA	NA	NA	NA	NA	HIMB1456_00303	3
HIMB1463-00000000004	22	381	-	HIMB1463_00281	HIMB1463	119	OG0001035	NA	NA	COG2105	YtfP	Predicted gamma-glutamylamine cyclotransferase YtfP, GGCT/AIG2-like family	HIMB1463_00283	-2
HIMB1463-00000000004	430	1179	-	HIMB1463_00282	HIMB1463	249	OG0000807	NA	NA	COG1058	CinA	ADP-ribose pyrophosphatase domain of DNA damage- and competence-inducible protein CinA	HIMB1463_00283	-1
HIMB1463-00000000004	1202	1900	+	HIMB1463_00283	HIMB1463	232	OG0000819	K06206	sugar fermentation stimulation protein A	COG1489	SfsA	DNA-binding protein, stimulates sugar fermentation	HIMB1463_00283	0
HIMB1463-00000000004	1893	2660	+	HIMB1463_00284	HIMB1463	255	OG0000721	K01265	methionyl aminopeptidase [EC:3.4.11.18]	COG0024	Map	Methionine aminopeptidase	HIMB1463_00283	1
HIMB1463-00000000004	2663	3955	+	HIMB1463_00285	HIMB1463	430	OG0000779	K01756	adenylosuccinate lyase [EC:4.3.2.2]	COG0015	PurB	Adenylosuccinate lyase	HIMB1463_00283	2
HIMB1463-00000000004	3955	4740	+	HIMB1463_00286	HIMB1463	261	OG0000769	K01923	phosphoribosylaminoimidazole-succinocarboxamide synthase [EC:6.3.2.6]	COG0152	PurC	Phosphoribosylaminoimidazole-succinocarboxamide synthase	HIMB1463_00283	3
HIMB1463-00000000004	4737	4970	+	HIMB1463_00287	HIMB1463	77	OG0000770	K23264	phosphoribosylformylglycinamidine synthase subunit PurS [EC:6.3.5.3]	COG1828	PurS	Phosphoribosylformylglycinamidine (FGAM) synthase, PurS subunit	HIMB1463_00283	4
HIMB1463-00000000004	4979	5662	+	HIMB1463_00288	HIMB1463	227	OG0000684	K23265	phosphoribosylformylglycinamidine synthase subunit PurQ / glutaminase [EC:6.3.5.3 3.5.1.2]	COG0047	PurL2	Phosphoribosylformylglycinamidine (FGAM) synthase, glutamine amidotransferase domain	HIMB1463_00283	5
HIMB1483-00000000002	820858	821628	-	HIMB1483_01021	HIMB1483	256	OG0000972	K00858	NAD+ kinase [EC:2.7.1.23]	COG0061	NadK	NAD kinase	HIMB1483_01027	-5
HIMB1483-00000000002	821822	823531	+	HIMB1483_01023	HIMB1483	569	OG0001331	NA	NA	COG2956	LapB	Lipopolysaccharide biosynthesis regulator YciM/LapB, contains six TPR domains and a C-terminal metal-binding domain	HIMB1483_01027	-4
HIMB1483-00000000002	823579	824208	-	HIMB1483_01024	HIMB1483	209	OG0001361	NA	NA	NA	NA	NA	HIMB1483_01027	-3
HIMB1483-00000000002	824391	824792	-	HIMB1483_01025	HIMB1483	133	OG0001035	K00682	gamma-glutamylcyclotransferase [EC:4.3.2.9]	COG2105	YtfP	Predicted gamma-glutamylamine cyclotransferase YtfP, GGCT/AIG2-like family	HIMB1483_01027	-2
HIMB1483-00000000002	824793	825542	-	HIMB1483_01026	HIMB1483	249	OG0000807	NA	NA	COG1058	CinA	ADP-ribose pyrophosphatase domain of DNA damage- and competence-inducible protein CinA	HIMB1483_01027	-1
HIMB1483-00000000002	825565	826263	+	HIMB1483_01027	HIMB1483	232	OG0000819	K06206	sugar fermentation stimulation protein A	COG1489	SfsA	DNA-binding protein, stimulates sugar fermentation	HIMB1483_01027	0
HIMB1483-00000000002	826256	827029	+	HIMB1483_01028	HIMB1483	257	OG0000721	K01265	methionyl aminopeptidase [EC:3.4.11.18]	COG0024	Map	Methionine aminopeptidase	HIMB1483_01027	1
HIMB1483-00000000002	827033	828325	+	HIMB1483_01029	HIMB1483	430	OG0000779	K01756	adenylosuccinate lyase [EC:4.3.2.2]	COG0015	PurB	Adenylosuccinate lyase	HIMB1483_01027	2
HIMB1483-00000000002	828325	829110	+	HIMB1483_01030	HIMB1483	261	OG0000769	K01923	phosphoribosylaminoimidazole-succinocarboxamide synthase [EC:6.3.2.6]	COG0152	PurC	Phosphoribosylaminoimidazole-succinocarboxamide synthase	HIMB1483_01027	3
HIMB1483-00000000002	829107	829349	+	HIMB1483_01031	HIMB1483	80	OG0000770	K23264	phosphoribosylformylglycinamidine synthase subunit PurS [EC:6.3.5.3]	COG1828	PurS	Phosphoribosylformylglycinamidine (FGAM) synthase, PurS subunit	HIMB1483_01027	4
HIMB1483-00000000002	829353	830036	+	HIMB1483_01032	HIMB1483	227	OG0000684	K23265	phosphoribosylformylglycinamidine synthase subunit PurQ / glutaminase [EC:6.3.5.3 3.5.1.2]	COG0047	PurL2	Phosphoribosylformylglycinamidine (FGAM) synthase, glutamine amidotransferase domain	HIMB1483_01027	5
HIMB1485-00000000002	86573	87487	-	HIMB1485_00596	HIMB1485	304	OG0001249	NA	NA	COG0451	WcaG	Nucleoside-diphosphate-sugar epimerase	HIMB1485_00601	-5
HIMB1485-00000000002	87719	88816	-	HIMB1485_00597	HIMB1485	365	OG0000010	NA	NA	COG0438	RfaB	Lipopolysaccharide 1,6-galactosyltransferase, GT1 family	HIMB1485_00601	-4
HIMB1485-00000000002	88949	89647	-	HIMB1485_00598	HIMB1485	232	OG0001705	NA	NA	NA	NA	NA	HIMB1485_00601	-3
HIMB1485-00000000002	89653	90054	-	HIMB1485_00599	HIMB1485	133	OG0001035	K00682	gamma-glutamylcyclotransferase [EC:4.3.2.9]	COG2105	YtfP	Predicted gamma-glutamylamine cyclotransferase YtfP, GGCT/AIG2-like family	HIMB1485_00601	-2
HIMB1485-00000000002	90054	90803	-	HIMB1485_00600	HIMB1485	249	OG0000807	NA	NA	COG1058	CinA	ADP-ribose pyrophosphatase domain of DNA damage- and competence-inducible protein CinA	HIMB1485_00601	-1
HIMB1485-00000000002	90824	91522	+	HIMB1485_00601	HIMB1485	232	OG0000819	K06206	sugar fermentation stimulation protein A	COG1489	SfsA	DNA-binding protein, stimulates sugar fermentation	HIMB1485_00601	0
HIMB1485-00000000002	91515	92285	+	HIMB1485_00602	HIMB1485	256	OG0000721	K01265	methionyl aminopeptidase [EC:3.4.11.18]	COG0024	Map	Methionine aminopeptidase	HIMB1485_00601	1
HIMB1485-00000000002	92289	93581	+	HIMB1485_00603	HIMB1485	430	OG0000779	K01756	adenylosuccinate lyase [EC:4.3.2.2]	COG0015	PurB	Adenylosuccinate lyase	HIMB1485_00601	2
HIMB1485-00000000002	93581	94366	+	HIMB1485_00604	HIMB1485	261	OG0000769	K01923	phosphoribosylaminoimidazole-succinocarboxamide synthase [EC:6.3.2.6]	COG0152	PurC	Phosphoribosylaminoimidazole-succinocarboxamide synthase	HIMB1485_00601	3
HIMB1485-00000000002	94363	94605	+	HIMB1485_00605	HIMB1485	80	OG0000770	K23264	phosphoribosylformylglycinamidine synthase subunit PurS [EC:6.3.5.3]	COG1828	PurS	Phosphoribosylformylglycinamidine (FGAM) synthase, PurS subunit	HIMB1485_00601	4
HIMB1485-00000000002	94609	95292	+	HIMB1485_00606	HIMB1485	227	OG0000684	K23265	phosphoribosylformylglycinamidine synthase subunit PurQ / glutaminase [EC:6.3.5.3 3.5.1.2]	COG0047	PurL2	Phosphoribosylformylglycinamidine (FGAM) synthase, glutamine amidotransferase domain	HIMB1485_00601	5
HIMB1488-00000000001	886095	886232	-	HIMB1488_00976	HIMB1488	45	OG0001525	NA	NA	NA	NA	NA	HIMB1488_00982	-5
HIMB1488-00000000001	886238	887008	-	HIMB1488_00977	HIMB1488	256	OG0000972	K00858	NAD+ kinase [EC:2.7.1.23]	COG0061	NadK	NAD kinase	HIMB1488_00982	-4
HIMB1488-00000000001	887143	888435	-	HIMB1488_00979	HIMB1488	430	OG0001333	NA	NA	COG4091	NA	Predicted homoserine dehydrogenase, contains C-terminal SAF domain	HIMB1488_00982	-3
HIMB1488-00000000001	888441	888842	-	HIMB1488_00980	HIMB1488	133	OG0001035	K00682	gamma-glutamylcyclotransferase [EC:4.3.2.9]	COG2105	YtfP	Predicted gamma-glutamylamine cyclotransferase YtfP, GGCT/AIG2-like family	HIMB1488_00982	-2
HIMB1488-00000000001	888842	889591	-	HIMB1488_00981	HIMB1488	249	OG0000807	NA	NA	COG1058	CinA	ADP-ribose pyrophosphatase domain of DNA damage- and competence-inducible protein CinA	HIMB1488_00982	-1
HIMB1488-00000000001	889612	890310	+	HIMB1488_00982	HIMB1488	232	OG0000819	K06206	sugar fermentation stimulation protein A	COG1489	SfsA	DNA-binding protein, stimulates sugar fermentation	HIMB1488_00982	0
HIMB1488-00000000001	890303	891070	+	HIMB1488_00983	HIMB1488	255	OG0000721	K01265	methionyl aminopeptidase [EC:3.4.11.18]	COG0024	Map	Methionine aminopeptidase	HIMB1488_00982	1
HIMB1488-00000000001	891077	892369	+	HIMB1488_00984	HIMB1488	430	OG0000779	K01756	adenylosuccinate lyase [EC:4.3.2.2]	COG0015	PurB	Adenylosuccinate lyase	HIMB1488_00982	2
HIMB1488-00000000001	892369	893154	+	HIMB1488_00985	HIMB1488	261	OG0000769	K01923	phosphoribosylaminoimidazole-succinocarboxamide synthase [EC:6.3.2.6]	COG0152	PurC	Phosphoribosylaminoimidazole-succinocarboxamide synthase	HIMB1488_00982	3
HIMB1488-00000000001	893151	893393	+	HIMB1488_00986	HIMB1488	80	OG0000770	K23264	phosphoribosylformylglycinamidine synthase subunit PurS [EC:6.3.5.3]	COG1828	PurS	Phosphoribosylformylglycinamidine (FGAM) synthase, PurS subunit	HIMB1488_00982	4
HIMB1488-00000000001	893397	894080	+	HIMB1488_00987	HIMB1488	227	OG0000684	K23265	phosphoribosylformylglycinamidine synthase subunit PurQ / glutaminase [EC:6.3.5.3 3.5.1.2]	COG0047	PurL2	Phosphoribosylformylglycinamidine (FGAM) synthase, glutamine amidotransferase domain	HIMB1488_00982	5
HIMB1490-00000000011	212040	212723	-	HIMB1490_00943	HIMB1490	227	OG0000684	K23265	phosphoribosylformylglycinamidine synthase subunit PurQ / glutaminase [EC:6.3.5.3 3.5.1.2]	COG0047	PurL2	Phosphoribosylformylglycinamidine (FGAM) synthase, glutamine amidotransferase domain	HIMB1490_00948	-5
HIMB1490-00000000011	212727	212969	-	HIMB1490_00944	HIMB1490	80	OG0000770	K23264	phosphoribosylformylglycinamidine synthase subunit PurS [EC:6.3.5.3]	COG1828	PurS	Phosphoribosylformylglycinamidine (FGAM) synthase, PurS subunit	HIMB1490_00948	-4
HIMB1490-00000000011	212966	213751	-	HIMB1490_00945	HIMB1490	261	OG0000769	K01923	phosphoribosylaminoimidazole-succinocarboxamide synthase [EC:6.3.2.6]	COG0152	PurC	Phosphoribosylaminoimidazole-succinocarboxamide synthase	HIMB1490_00948	-3
HIMB1490-00000000011	213751	215043	-	HIMB1490_00946	HIMB1490	430	OG0000779	K01756	adenylosuccinate lyase [EC:4.3.2.2]	COG0015	PurB	Adenylosuccinate lyase	HIMB1490_00948	-2
HIMB1490-00000000011	215047	215817	-	HIMB1490_00947	HIMB1490	256	OG0000721	K01265	methionyl aminopeptidase [EC:3.4.11.18]	COG0024	Map	Methionine aminopeptidase	HIMB1490_00948	-1
HIMB1490-00000000011	215810	216508	-	HIMB1490_00948	HIMB1490	232	OG0000819	K06206	sugar fermentation stimulation protein A	COG1489	SfsA	DNA-binding protein, stimulates sugar fermentation	HIMB1490_00948	0
HIMB1490-00000000011	216529	217278	+	HIMB1490_00949	HIMB1490	249	OG0000807	NA	NA	COG1058	CinA	ADP-ribose pyrophosphatase domain of DNA damage- and competence-inducible protein CinA	HIMB1490_00948	1
HIMB1490-00000000011	217278	217679	+	HIMB1490_00950	HIMB1490	133	OG0001035	K00682	gamma-glutamylcyclotransferase [EC:4.3.2.9]	COG2105	YtfP	Predicted gamma-glutamylamine cyclotransferase YtfP, GGCT/AIG2-like family	HIMB1490_00948	2
HIMB1490-00000000011	217685	218977	+	HIMB1490_00951	HIMB1490	430	OG0001333	NA	NA	COG4091	NA	Predicted homoserine dehydrogenase, contains C-terminal SAF domain	HIMB1490_00948	3
HIMB1490-00000000011	219112	219882	+	HIMB1490_00953	HIMB1490	256	OG0000972	K00858	NAD+ kinase [EC:2.7.1.23]	COG0061	NadK	NAD kinase	HIMB1490_00948	4
HIMB1490-00000000011	219924	220643	-	HIMB1490_00954	HIMB1490	239	OG0002457	NA	NA	NA	NA	NA	HIMB1490_00948	5
HIMB1491-00000000001	1038974	1039657	-	HIMB1491_01057	HIMB1491	227	OG0000684	K23265	phosphoribosylformylglycinamidine synthase subunit PurQ / glutaminase [EC:6.3.5.3 3.5.1.2]	COG0047	PurL2	Phosphoribosylformylglycinamidine (FGAM) synthase, glutamine amidotransferase domain	HIMB1491_01062	-5
HIMB1491-00000000001	1039661	1039903	-	HIMB1491_01058	HIMB1491	80	OG0000770	K23264	phosphoribosylformylglycinamidine synthase subunit PurS [EC:6.3.5.3]	COG1828	PurS	Phosphoribosylformylglycinamidine (FGAM) synthase, PurS subunit	HIMB1491_01062	-4
HIMB1491-00000000001	1039900	1040685	-	HIMB1491_01059	HIMB1491	261	OG0000769	K01923	phosphoribosylaminoimidazole-succinocarboxamide synthase [EC:6.3.2.6]	COG0152	PurC	Phosphoribosylaminoimidazole-succinocarboxamide synthase	HIMB1491_01062	-3
HIMB1491-00000000001	1040685	1041977	-	HIMB1491_01060	HIMB1491	430	OG0000779	K01756	adenylosuccinate lyase [EC:4.3.2.2]	COG0015	PurB	Adenylosuccinate lyase	HIMB1491_01062	-2
HIMB1491-00000000001	1041981	1042751	-	HIMB1491_01061	HIMB1491	256	OG0000721	K01265	methionyl aminopeptidase [EC:3.4.11.18]	COG0024	Map	Methionine aminopeptidase	HIMB1491_01062	-1
HIMB1491-00000000001	1042744	1043442	-	HIMB1491_01062	HIMB1491	232	OG0000819	K06206	sugar fermentation stimulation protein A	COG1489	SfsA	DNA-binding protein, stimulates sugar fermentation	HIMB1491_01062	0
HIMB1491-00000000001	1043463	1044212	+	HIMB1491_01063	HIMB1491	249	OG0000807	NA	NA	COG1058	CinA	ADP-ribose pyrophosphatase domain of DNA damage- and competence-inducible protein CinA	HIMB1491_01062	1
HIMB1491-00000000001	1044212	1044613	+	HIMB1491_01064	HIMB1491	133	OG0001035	K00682	gamma-glutamylcyclotransferase [EC:4.3.2.9]	COG2105	YtfP	Predicted gamma-glutamylamine cyclotransferase YtfP, GGCT/AIG2-like family	HIMB1491_01062	2
HIMB1491-00000000001	1044619	1045911	+	HIMB1491_01065	HIMB1491	430	OG0001333	NA	NA	COG4091	NA	Predicted homoserine dehydrogenase, contains C-terminal SAF domain	HIMB1491_01062	3
HIMB1491-00000000001	1046046	1046816	+	HIMB1491_01067	HIMB1491	256	OG0000972	K00858	NAD+ kinase [EC:2.7.1.23]	COG0061	NadK	NAD kinase	HIMB1491_01062	4
HIMB1491-00000000001	1046858	1047577	-	HIMB1491_01068	HIMB1491	239	OG0002457	NA	NA	NA	NA	NA	HIMB1491_01062	5
HIMB1492-00000000002	5448	6131	-	HIMB1492_00049	HIMB1492	227	OG0000684	K23265	phosphoribosylformylglycinamidine synthase subunit PurQ / glutaminase [EC:6.3.5.3 3.5.1.2]	COG0047	PurL2	Phosphoribosylformylglycinamidine (FGAM) synthase, glutamine amidotransferase domain	HIMB1492_00054	-5
HIMB1492-00000000002	6135	6377	-	HIMB1492_00050	HIMB1492	80	OG0000770	K23264	phosphoribosylformylglycinamidine synthase subunit PurS [EC:6.3.5.3]	COG1828	PurS	Phosphoribosylformylglycinamidine (FGAM) synthase, PurS subunit	HIMB1492_00054	-4
HIMB1492-00000000002	6374	7159	-	HIMB1492_00051	HIMB1492	261	OG0000769	K01923	phosphoribosylaminoimidazole-succinocarboxamide synthase [EC:6.3.2.6]	COG0152	PurC	Phosphoribosylaminoimidazole-succinocarboxamide synthase	HIMB1492_00054	-3
HIMB1492-00000000002	7159	8451	-	HIMB1492_00052	HIMB1492	430	OG0000779	K01756	adenylosuccinate lyase [EC:4.3.2.2]	COG0015	PurB	Adenylosuccinate lyase	HIMB1492_00054	-2
HIMB1492-00000000002	8455	9225	-	HIMB1492_00053	HIMB1492	256	OG0000721	K01265	methionyl aminopeptidase [EC:3.4.11.18]	COG0024	Map	Methionine aminopeptidase	HIMB1492_00054	-1
HIMB1492-00000000002	9218	9916	-	HIMB1492_00054	HIMB1492	232	OG0000819	K06206	sugar fermentation stimulation protein A	COG1489	SfsA	DNA-binding protein, stimulates sugar fermentation	HIMB1492_00054	0
HIMB1492-00000000002	9937	10686	+	HIMB1492_00055	HIMB1492	249	OG0000807	NA	NA	COG1058	CinA	ADP-ribose pyrophosphatase domain of DNA damage- and competence-inducible protein CinA	HIMB1492_00054	1
HIMB1492-00000000002	10686	11087	+	HIMB1492_00056	HIMB1492	133	OG0001035	K00682	gamma-glutamylcyclotransferase [EC:4.3.2.9]	COG2105	YtfP	Predicted gamma-glutamylamine cyclotransferase YtfP, GGCT/AIG2-like family	HIMB1492_00054	2
HIMB1492-00000000002	11093	12385	+	HIMB1492_00057	HIMB1492	430	OG0001333	NA	NA	COG4091	NA	Predicted homoserine dehydrogenase, contains C-terminal SAF domain	HIMB1492_00054	3
HIMB1492-00000000002	12520	13290	+	HIMB1492_00059	HIMB1492	256	OG0000972	K00858	NAD+ kinase [EC:2.7.1.23]	COG0061	NadK	NAD kinase	HIMB1492_00054	4
HIMB1492-00000000002	13296	13433	+	HIMB1492_00060	HIMB1492	45	OG0001525	NA	NA	NA	NA	NA	HIMB1492_00054	5
HIMB1493-00000000001	352881	353564	-	HIMB1493_00356	HIMB1493	227	OG0000684	K23265	phosphoribosylformylglycinamidine synthase subunit PurQ / glutaminase [EC:6.3.5.3 3.5.1.2]	COG0047	PurL2	Phosphoribosylformylglycinamidine (FGAM) synthase, glutamine amidotransferase domain	HIMB1493_00361	-5
HIMB1493-00000000001	353568	353810	-	HIMB1493_00357	HIMB1493	80	OG0000770	K23264	phosphoribosylformylglycinamidine synthase subunit PurS [EC:6.3.5.3]	COG1828	PurS	Phosphoribosylformylglycinamidine (FGAM) synthase, PurS subunit	HIMB1493_00361	-4
HIMB1493-00000000001	353807	354592	-	HIMB1493_00358	HIMB1493	261	OG0000769	K01923	phosphoribosylaminoimidazole-succinocarboxamide synthase [EC:6.3.2.6]	COG0152	PurC	Phosphoribosylaminoimidazole-succinocarboxamide synthase	HIMB1493_00361	-3
HIMB1493-00000000001	354592	355884	-	HIMB1493_00359	HIMB1493	430	OG0000779	K01756	adenylosuccinate lyase [EC:4.3.2.2]	COG0015	PurB	Adenylosuccinate lyase	HIMB1493_00361	-2
HIMB1493-00000000001	355888	356658	-	HIMB1493_00360	HIMB1493	256	OG0000721	K01265	methionyl aminopeptidase [EC:3.4.11.18]	COG0024	Map	Methionine aminopeptidase	HIMB1493_00361	-1
HIMB1493-00000000001	356651	357349	-	HIMB1493_00361	HIMB1493	232	OG0000819	K06206	sugar fermentation stimulation protein A	COG1489	SfsA	DNA-binding protein, stimulates sugar fermentation	HIMB1493_00361	0
HIMB1493-00000000001	357370	358119	+	HIMB1493_00362	HIMB1493	249	OG0000807	NA	NA	COG1058	CinA	ADP-ribose pyrophosphatase domain of DNA damage- and competence-inducible protein CinA	HIMB1493_00361	1
HIMB1493-00000000001	358119	358520	+	HIMB1493_00363	HIMB1493	133	OG0001035	K00682	gamma-glutamylcyclotransferase [EC:4.3.2.9]	COG2105	YtfP	Predicted gamma-glutamylamine cyclotransferase YtfP, GGCT/AIG2-like family	HIMB1493_00361	2
HIMB1493-00000000001	358526	359818	+	HIMB1493_00364	HIMB1493	430	OG0001333	NA	NA	COG4091	NA	Predicted homoserine dehydrogenase, contains C-terminal SAF domain	HIMB1493_00361	3
HIMB1493-00000000001	359953	360723	+	HIMB1493_00366	HIMB1493	256	OG0000972	K00858	NAD+ kinase [EC:2.7.1.23]	COG0061	NadK	NAD kinase	HIMB1493_00361	4
HIMB1493-00000000001	360729	360866	+	HIMB1493_00367	HIMB1493	45	OG0001525	NA	NA	NA	NA	NA	HIMB1493_00361	5
HIMB1494-00000000002	85575	86345	-	HIMB1494_01202	HIMB1494	256	OG0000972	K00858	NAD+ kinase [EC:2.7.1.23]	COG0061	NadK	NAD kinase	HIMB1494_01208	-5
HIMB1494-00000000002	86480	87772	-	HIMB1494_01204	HIMB1494	430	OG0001333	NA	NA	COG4091	NA	Predicted homoserine dehydrogenase, contains C-terminal SAF domain	HIMB1494_01208	-4
HIMB1494-00000000002	87776	88483	-	HIMB1494_01205	HIMB1494	235	OG0001705	NA	NA	NA	NA	NA	HIMB1494_01208	-3
HIMB1494-00000000002	88488	88889	-	HIMB1494_01206	HIMB1494	133	OG0001035	K00682	gamma-glutamylcyclotransferase [EC:4.3.2.9]	COG2105	YtfP	Predicted gamma-glutamylamine cyclotransferase YtfP, GGCT/AIG2-like family	HIMB1494_01208	-2
HIMB1494-00000000002	88889	89638	-	HIMB1494_01207	HIMB1494	249	OG0000807	NA	NA	COG1058	CinA	ADP-ribose pyrophosphatase domain of DNA damage- and competence-inducible protein CinA	HIMB1494_01208	-1
HIMB1494-00000000002	89659	90357	+	HIMB1494_01208	HIMB1494	232	OG0000819	K06206	sugar fermentation stimulation protein A	COG1489	SfsA	DNA-binding protein, stimulates sugar fermentation	HIMB1494_01208	0
HIMB1494-00000000002	90350	91120	+	HIMB1494_01209	HIMB1494	256	OG0000721	K01265	methionyl aminopeptidase [EC:3.4.11.18]	COG0024	Map	Methionine aminopeptidase	HIMB1494_01208	1
HIMB1494-00000000002	91124	92416	+	HIMB1494_01210	HIMB1494	430	OG0000779	K01756	adenylosuccinate lyase [EC:4.3.2.2]	COG0015	PurB	Adenylosuccinate lyase	HIMB1494_01208	2
HIMB1494-00000000002	92416	93201	+	HIMB1494_01211	HIMB1494	261	OG0000769	K01923	phosphoribosylaminoimidazole-succinocarboxamide synthase [EC:6.3.2.6]	COG0152	PurC	Phosphoribosylaminoimidazole-succinocarboxamide synthase	HIMB1494_01208	3
HIMB1494-00000000002	93198	93440	+	HIMB1494_01212	HIMB1494	80	OG0000770	K23264	phosphoribosylformylglycinamidine synthase subunit PurS [EC:6.3.5.3]	COG1828	PurS	Phosphoribosylformylglycinamidine (FGAM) synthase, PurS subunit	HIMB1494_01208	4
HIMB1494-00000000002	93444	94127	+	HIMB1494_01213	HIMB1494	227	OG0000684	K23265	phosphoribosylformylglycinamidine synthase subunit PurQ / glutaminase [EC:6.3.5.3 3.5.1.2]	COG0047	PurL2	Phosphoribosylformylglycinamidine (FGAM) synthase, glutamine amidotransferase domain	HIMB1494_01208	5
HIMB1495-00000000001	1080160	1080930	-	HIMB1495_01180	HIMB1495	256	OG0000972	K00858	NAD+ kinase [EC:2.7.1.23]	COG0061	NadK	NAD kinase	HIMB1495_01186	-5
HIMB1495-00000000001	1081065	1082357	-	HIMB1495_01182	HIMB1495	430	OG0001333	NA	NA	COG4091	NA	Predicted homoserine dehydrogenase, contains C-terminal SAF domain	HIMB1495_01186	-4
HIMB1495-00000000001	1082361	1083068	-	HIMB1495_01183	HIMB1495	235	OG0001705	NA	NA	NA	NA	NA	HIMB1495_01186	-3
HIMB1495-00000000001	1083073	1083474	-	HIMB1495_01184	HIMB1495	133	OG0001035	K00682	gamma-glutamylcyclotransferase [EC:4.3.2.9]	COG2105	YtfP	Predicted gamma-glutamylamine cyclotransferase YtfP, GGCT/AIG2-like family	HIMB1495_01186	-2
HIMB1495-00000000001	1083474	1084223	-	HIMB1495_01185	HIMB1495	249	OG0000807	NA	NA	COG1058	CinA	ADP-ribose pyrophosphatase domain of DNA damage- and competence-inducible protein CinA	HIMB1495_01186	-1
HIMB1495-00000000001	1084244	1084942	+	HIMB1495_01186	HIMB1495	232	OG0000819	K06206	sugar fermentation stimulation protein A	COG1489	SfsA	DNA-binding protein, stimulates sugar fermentation	HIMB1495_01186	0
HIMB1495-00000000001	1084935	1085705	+	HIMB1495_01187	HIMB1495	256	OG0000721	K01265	methionyl aminopeptidase [EC:3.4.11.18]	COG0024	Map	Methionine aminopeptidase	HIMB1495_01186	1
HIMB1495-00000000001	1085709	1087001	+	HIMB1495_01188	HIMB1495	430	OG0000779	K01756	adenylosuccinate lyase [EC:4.3.2.2]	COG0015	PurB	Adenylosuccinate lyase	HIMB1495_01186	2
HIMB1495-00000000001	1087001	1087786	+	HIMB1495_01189	HIMB1495	261	OG0000769	K01923	phosphoribosylaminoimidazole-succinocarboxamide synthase [EC:6.3.2.6]	COG0152	PurC	Phosphoribosylaminoimidazole-succinocarboxamide synthase	HIMB1495_01186	3
HIMB1495-00000000001	1087783	1088025	+	HIMB1495_01190	HIMB1495	80	OG0000770	K23264	phosphoribosylformylglycinamidine synthase subunit PurS [EC:6.3.5.3]	COG1828	PurS	Phosphoribosylformylglycinamidine (FGAM) synthase, PurS subunit	HIMB1495_01186	4
HIMB1495-00000000001	1088029	1088712	+	HIMB1495_01191	HIMB1495	227	OG0000684	K23265	phosphoribosylformylglycinamidine synthase subunit PurQ / glutaminase [EC:6.3.5.3 3.5.1.2]	COG0047	PurL2	Phosphoribosylformylglycinamidine (FGAM) synthase, glutamine amidotransferase domain	HIMB1495_01186	5
HIMB1505-00000000001	1081274	1082359	+	HIMB1505_01156	HIMB1505	361	OG0001477	NA	NA	COG4421	NA	Predicted N-acetylglucosamine transferase involved in capsular polysaccharide biosynthesis, GT61 family	HIMB1505_01162	-5
HIMB1505-00000000001	1082342	1083193	-	HIMB1505_01157	HIMB1505	283	OG0001309	NA	NA	NA	NA	NA	HIMB1505_01162	-4
HIMB1505-00000000001	1083231	1083995	-	HIMB1505_01158	HIMB1505	254	OG0001398	K05303	O-methyltransferase [EC:2.1.1.-]	COG4122	TrmR	tRNA 5-hydroxyU34 O-methylase TrmR/YrrM	HIMB1505_01162	-3
HIMB1505-00000000001	1083996	1084772	-	HIMB1505_01159	HIMB1505	258	OG0000972	K00858	NAD+ kinase [EC:2.7.1.23]	COG0061	NadK	NAD kinase	HIMB1505_01162	-2
HIMB1505-00000000001	1085258	1086007	-	HIMB1505_01161	HIMB1505	249	OG0000807	NA	NA	COG1058	CinA	ADP-ribose pyrophosphatase domain of DNA damage- and competence-inducible protein CinA	HIMB1505_01162	-1
HIMB1505-00000000001	1086028	1086726	+	HIMB1505_01162	HIMB1505	232	OG0000819	K06206	sugar fermentation stimulation protein A	COG1489	SfsA	DNA-binding protein, stimulates sugar fermentation	HIMB1505_01162	0
HIMB1505-00000000001	1086719	1087489	+	HIMB1505_01163	HIMB1505	256	OG0000721	K01265	methionyl aminopeptidase [EC:3.4.11.18]	COG0024	Map	Methionine aminopeptidase	HIMB1505_01162	1
HIMB1505-00000000001	1087493	1088785	+	HIMB1505_01164	HIMB1505	430	OG0000779	K01756	adenylosuccinate lyase [EC:4.3.2.2]	COG0015	PurB	Adenylosuccinate lyase	HIMB1505_01162	2
HIMB1505-00000000001	1088785	1089570	+	HIMB1505_01165	HIMB1505	261	OG0000769	K01923	phosphoribosylaminoimidazole-succinocarboxamide synthase [EC:6.3.2.6]	COG0152	PurC	Phosphoribosylaminoimidazole-succinocarboxamide synthase	HIMB1505_01162	3
HIMB1505-00000000001	1089567	1089809	+	HIMB1505_01166	HIMB1505	80	OG0000770	K23264	phosphoribosylformylglycinamidine synthase subunit PurS [EC:6.3.5.3]	COG1828	PurS	Phosphoribosylformylglycinamidine (FGAM) synthase, PurS subunit	HIMB1505_01162	4
HIMB1505-00000000001	1089813	1090496	+	HIMB1505_01167	HIMB1505	227	OG0000684	K23265	phosphoribosylformylglycinamidine synthase subunit PurQ / glutaminase [EC:6.3.5.3 3.5.1.2]	COG0047	PurL2	Phosphoribosylformylglycinamidine (FGAM) synthase, glutamine amidotransferase domain	HIMB1505_01162	5
HIMB1506-00000000001	387827	388510	-	HIMB1506_00400	HIMB1506	227	OG0000684	K23265	phosphoribosylformylglycinamidine synthase subunit PurQ / glutaminase [EC:6.3.5.3 3.5.1.2]	COG0047	PurL2	Phosphoribosylformylglycinamidine (FGAM) synthase, glutamine amidotransferase domain	HIMB1506_00405	-5
HIMB1506-00000000001	388514	388756	-	HIMB1506_00401	HIMB1506	80	OG0000770	K23264	phosphoribosylformylglycinamidine synthase subunit PurS [EC:6.3.5.3]	COG1828	PurS	Phosphoribosylformylglycinamidine (FGAM) synthase, PurS subunit	HIMB1506_00405	-4
HIMB1506-00000000001	388753	389538	-	HIMB1506_00402	HIMB1506	261	OG0000769	K01923	phosphoribosylaminoimidazole-succinocarboxamide synthase [EC:6.3.2.6]	COG0152	PurC	Phosphoribosylaminoimidazole-succinocarboxamide synthase	HIMB1506_00405	-3
HIMB1506-00000000001	389538	390830	-	HIMB1506_00403	HIMB1506	430	OG0000779	K01756	adenylosuccinate lyase [EC:4.3.2.2]	COG0015	PurB	Adenylosuccinate lyase	HIMB1506_00405	-2
HIMB1506-00000000001	390834	391604	-	HIMB1506_00404	HIMB1506	256	OG0000721	K01265	methionyl aminopeptidase [EC:3.4.11.18]	COG0024	Map	Methionine aminopeptidase	HIMB1506_00405	-1
HIMB1506-00000000001	391597	392295	-	HIMB1506_00405	HIMB1506	232	OG0000819	K06206	sugar fermentation stimulation protein A	COG1489	SfsA	DNA-binding protein, stimulates sugar fermentation	HIMB1506_00405	0
HIMB1506-00000000001	392316	393065	+	HIMB1506_00406	HIMB1506	249	OG0000807	NA	NA	COG1058	CinA	ADP-ribose pyrophosphatase domain of DNA damage- and competence-inducible protein CinA	HIMB1506_00405	1
HIMB1506-00000000001	393065	393466	+	HIMB1506_00407	HIMB1506	133	OG0001035	K00682	gamma-glutamylcyclotransferase [EC:4.3.2.9]	COG2105	YtfP	Predicted gamma-glutamylamine cyclotransferase YtfP, GGCT/AIG2-like family	HIMB1506_00405	2
HIMB1506-00000000001	393472	394764	+	HIMB1506_00408	HIMB1506	430	OG0001333	NA	NA	COG4091	NA	Predicted homoserine dehydrogenase, contains C-terminal SAF domain	HIMB1506_00405	3
HIMB1506-00000000001	394899	395669	+	HIMB1506_00410	HIMB1506	256	OG0000972	K00858	NAD+ kinase [EC:2.7.1.23]	COG0061	NadK	NAD kinase	HIMB1506_00405	4
HIMB1506-00000000001	395931	396674	-	HIMB1506_00412	HIMB1506	247	OG0000786	NA	NA	COG0566	SpoU	tRNA G18 (ribose-2'-O)-methylase SpoU	HIMB1506_00405	5
HIMB1507-00000000001	1059053	1059736	-	HIMB1507_01093	HIMB1507	227	OG0000684	K23265	phosphoribosylformylglycinamidine synthase subunit PurQ / glutaminase [EC:6.3.5.3 3.5.1.2]	COG0047	PurL2	Phosphoribosylformylglycinamidine (FGAM) synthase, glutamine amidotransferase domain	HIMB1507_01098	-5
HIMB1507-00000000001	1059740	1059982	-	HIMB1507_01094	HIMB1507	80	OG0000770	K23264	phosphoribosylformylglycinamidine synthase subunit PurS [EC:6.3.5.3]	COG1828	PurS	Phosphoribosylformylglycinamidine (FGAM) synthase, PurS subunit	HIMB1507_01098	-4
HIMB1507-00000000001	1059979	1060764	-	HIMB1507_01095	HIMB1507	261	OG0000769	K01923	phosphoribosylaminoimidazole-succinocarboxamide synthase [EC:6.3.2.6]	COG0152	PurC	Phosphoribosylaminoimidazole-succinocarboxamide synthase	HIMB1507_01098	-3
HIMB1507-00000000001	1060764	1062056	-	HIMB1507_01096	HIMB1507	430	OG0000779	K01756	adenylosuccinate lyase [EC:4.3.2.2]	COG0015	PurB	Adenylosuccinate lyase	HIMB1507_01098	-2
HIMB1507-00000000001	1062060	1062830	-	HIMB1507_01097	HIMB1507	256	OG0000721	K01265	methionyl aminopeptidase [EC:3.4.11.18]	COG0024	Map	Methionine aminopeptidase	HIMB1507_01098	-1
HIMB1507-00000000001	1062823	1063521	-	HIMB1507_01098	HIMB1507	232	OG0000819	K06206	sugar fermentation stimulation protein A	COG1489	SfsA	DNA-binding protein, stimulates sugar fermentation	HIMB1507_01098	0
HIMB1507-00000000001	1063542	1064291	+	HIMB1507_01099	HIMB1507	249	OG0000807	NA	NA	COG1058	CinA	ADP-ribose pyrophosphatase domain of DNA damage- and competence-inducible protein CinA	HIMB1507_01098	1
HIMB1507-00000000001	1064291	1064692	+	HIMB1507_01100	HIMB1507	133	OG0001035	K00682	gamma-glutamylcyclotransferase [EC:4.3.2.9]	COG2105	YtfP	Predicted gamma-glutamylamine cyclotransferase YtfP, GGCT/AIG2-like family	HIMB1507_01098	2
HIMB1507-00000000001	1064698	1065990	+	HIMB1507_01101	HIMB1507	430	OG0001333	NA	NA	COG4091	NA	Predicted homoserine dehydrogenase, contains C-terminal SAF domain	HIMB1507_01098	3
HIMB1507-00000000001	1066125	1066895	+	HIMB1507_01103	HIMB1507	256	OG0000972	K00858	NAD+ kinase [EC:2.7.1.23]	COG0061	NadK	NAD kinase	HIMB1507_01098	4
HIMB1507-00000000001	1066901	1067038	+	HIMB1507_01104	HIMB1507	45	OG0001525	NA	NA	NA	NA	NA	HIMB1507_01098	5
HIMB1509-00000000001	1056515	1056652	-	HIMB1509_01138	HIMB1509	45	OG0001525	NA	NA	NA	NA	NA	HIMB1509_01144	-5
HIMB1509-00000000001	1056658	1057428	-	HIMB1509_01139	HIMB1509	256	OG0000972	K00858	NAD+ kinase [EC:2.7.1.23]	COG0061	NadK	NAD kinase	HIMB1509_01144	-4
HIMB1509-00000000001	1057563	1058855	-	HIMB1509_01141	HIMB1509	430	OG0001333	NA	NA	COG4091	NA	Predicted homoserine dehydrogenase, contains C-terminal SAF domain	HIMB1509_01144	-3
HIMB1509-00000000001	1058861	1059262	-	HIMB1509_01142	HIMB1509	133	OG0001035	K00682	gamma-glutamylcyclotransferase [EC:4.3.2.9]	COG2105	YtfP	Predicted gamma-glutamylamine cyclotransferase YtfP, GGCT/AIG2-like family	HIMB1509_01144	-2
HIMB1509-00000000001	1059262	1060011	-	HIMB1509_01143	HIMB1509	249	OG0000807	NA	NA	COG1058	CinA	ADP-ribose pyrophosphatase domain of DNA damage- and competence-inducible protein CinA	HIMB1509_01144	-1
HIMB1509-00000000001	1060032	1060730	+	HIMB1509_01144	HIMB1509	232	OG0000819	K06206	sugar fermentation stimulation protein A	COG1489	SfsA	DNA-binding protein, stimulates sugar fermentation	HIMB1509_01144	0
HIMB1509-00000000001	1060723	1061493	+	HIMB1509_01145	HIMB1509	256	OG0000721	K01265	methionyl aminopeptidase [EC:3.4.11.18]	COG0024	Map	Methionine aminopeptidase	HIMB1509_01144	1
HIMB1509-00000000001	1061497	1062789	+	HIMB1509_01146	HIMB1509	430	OG0000779	K01756	adenylosuccinate lyase [EC:4.3.2.2]	COG0015	PurB	Adenylosuccinate lyase	HIMB1509_01144	2
HIMB1509-00000000001	1062789	1063574	+	HIMB1509_01147	HIMB1509	261	OG0000769	K01923	phosphoribosylaminoimidazole-succinocarboxamide synthase [EC:6.3.2.6]	COG0152	PurC	Phosphoribosylaminoimidazole-succinocarboxamide synthase	HIMB1509_01144	3
HIMB1509-00000000001	1063571	1063813	+	HIMB1509_01148	HIMB1509	80	OG0000770	K23264	phosphoribosylformylglycinamidine synthase subunit PurS [EC:6.3.5.3]	COG1828	PurS	Phosphoribosylformylglycinamidine (FGAM) synthase, PurS subunit	HIMB1509_01144	4
HIMB1509-00000000001	1063817	1064500	+	HIMB1509_01149	HIMB1509	227	OG0000684	K23265	phosphoribosylformylglycinamidine synthase subunit PurQ / glutaminase [EC:6.3.5.3 3.5.1.2]	COG0047	PurL2	Phosphoribosylformylglycinamidine (FGAM) synthase, glutamine amidotransferase domain	HIMB1509_01144	5
HIMB1513-00000000001	1029777	1030460	-	HIMB1513_01061	HIMB1513	227	OG0000684	K23265	phosphoribosylformylglycinamidine synthase subunit PurQ / glutaminase [EC:6.3.5.3 3.5.1.2]	COG0047	PurL2	Phosphoribosylformylglycinamidine (FGAM) synthase, glutamine amidotransferase domain	HIMB1513_01066	-5
HIMB1513-00000000001	1030464	1030706	-	HIMB1513_01062	HIMB1513	80	OG0000770	K23264	phosphoribosylformylglycinamidine synthase subunit PurS [EC:6.3.5.3]	COG1828	PurS	Phosphoribosylformylglycinamidine (FGAM) synthase, PurS subunit	HIMB1513_01066	-4
HIMB1513-00000000001	1030703	1031488	-	HIMB1513_01063	HIMB1513	261	OG0000769	K01923	phosphoribosylaminoimidazole-succinocarboxamide synthase [EC:6.3.2.6]	COG0152	PurC	Phosphoribosylaminoimidazole-succinocarboxamide synthase	HIMB1513_01066	-3
HIMB1513-00000000001	1031488	1032780	-	HIMB1513_01064	HIMB1513	430	OG0000779	K01756	adenylosuccinate lyase [EC:4.3.2.2]	COG0015	PurB	Adenylosuccinate lyase	HIMB1513_01066	-2
HIMB1513-00000000001	1032784	1033554	-	HIMB1513_01065	HIMB1513	256	OG0000721	K01265	methionyl aminopeptidase [EC:3.4.11.18]	COG0024	Map	Methionine aminopeptidase	HIMB1513_01066	-1
HIMB1513-00000000001	1033547	1034245	-	HIMB1513_01066	HIMB1513	232	OG0000819	K06206	sugar fermentation stimulation protein A	COG1489	SfsA	DNA-binding protein, stimulates sugar fermentation	HIMB1513_01066	0
HIMB1513-00000000001	1034266	1035015	+	HIMB1513_01067	HIMB1513	249	OG0000807	NA	NA	COG1058	CinA	ADP-ribose pyrophosphatase domain of DNA damage- and competence-inducible protein CinA	HIMB1513_01066	1
HIMB1513-00000000001	1035015	1035416	+	HIMB1513_01068	HIMB1513	133	OG0001035	K00682	gamma-glutamylcyclotransferase [EC:4.3.2.9]	COG2105	YtfP	Predicted gamma-glutamylamine cyclotransferase YtfP, GGCT/AIG2-like family	HIMB1513_01066	2
HIMB1513-00000000001	1035427	1036827	+	HIMB1513_01069	HIMB1513	466	OG0001677	NA	NA	COG1028	FabG	NAD(P)-dependent dehydrogenase, short-chain alcohol dehydrogenase family	HIMB1513_01066	3
HIMB1513-00000000001	1036842	1038620	+	HIMB1513_01070	HIMB1513	592	OG0001871	NA	NA	COG3882	FkbH	Predicted enzyme involved in methoxymalonyl-ACP biosynthesis	HIMB1513_01066	4
HIMB1513-00000000001	1038620	1038850	+	HIMB1513_01071	HIMB1513	76	OG0001358	K02078	acyl carrier protein	COG0236	AcpP	Acyl carrier protein	HIMB1513_01066	5
HIMB1517-00000000003	38539	39216	-	HIMB1517_00465	HIMB1517	225	OG0000684	K23265	phosphoribosylformylglycinamidine synthase subunit PurQ / glutaminase [EC:6.3.5.3 3.5.1.2]	COG0047	PurL2	Phosphoribosylformylglycinamidine (FGAM) synthase, glutamine amidotransferase domain	HIMB1517_00470	-5
HIMB1517-00000000003	39216	39455	-	HIMB1517_00466	HIMB1517	79	OG0000770	K23264	phosphoribosylformylglycinamidine synthase subunit PurS [EC:6.3.5.3]	COG1828	PurS	Phosphoribosylformylglycinamidine (FGAM) synthase, PurS subunit	HIMB1517_00470	-4
HIMB1517-00000000003	39457	40239	-	HIMB1517_00467	HIMB1517	260	OG0000769	K01923	phosphoribosylaminoimidazole-succinocarboxamide synthase [EC:6.3.2.6]	COG0152	PurC	Phosphoribosylaminoimidazole-succinocarboxamide synthase	HIMB1517_00470	-3
HIMB1517-00000000003	40239	41531	-	HIMB1517_00468	HIMB1517	430	OG0000779	K01756	adenylosuccinate lyase [EC:4.3.2.2]	COG0015	PurB	Adenylosuccinate lyase	HIMB1517_00470	-2
HIMB1517-00000000003	41544	42296	-	HIMB1517_00469	HIMB1517	250	OG0000721	K01265	methionyl aminopeptidase [EC:3.4.11.18]	COG0024	Map	Methionine aminopeptidase	HIMB1517_00470	-1
HIMB1517-00000000003	42296	42991	-	HIMB1517_00470	HIMB1517	231	OG0000819	K06206	sugar fermentation stimulation protein A	COG1489	SfsA	DNA-binding protein, stimulates sugar fermentation	HIMB1517_00470	0
HIMB1517-00000000003	42992	43729	+	HIMB1517_00471	HIMB1517	245	OG0000807	NA	NA	COG1058	CinA	ADP-ribose pyrophosphatase domain of DNA damage- and competence-inducible protein CinA	HIMB1517_00470	1
HIMB1517-00000000003	43729	44151	+	HIMB1517_00472	HIMB1517	140	OG0001610	NA	NA	COG4783	BepA	Periplasmic chaperone/metalloprotease BepA/YfgC, contains M48 and TPR domains	HIMB1517_00470	2
HIMB1517-00000000009	2066	2803	-	HIMB1517_01005	HIMB1517	245	OG0000807	NA	NA	COG1058	CinA	ADP-ribose pyrophosphatase domain of DNA damage- and competence-inducible protein CinA	HIMB1517_01006	-1
HIMB1517-00000000009	2804	3499	+	HIMB1517_01006	HIMB1517	231	OG0000819	K06206	sugar fermentation stimulation protein A	COG1489	SfsA	DNA-binding protein, stimulates sugar fermentation	HIMB1517_01006	0
HIMB1517-00000000009	3499	4251	+	HIMB1517_01007	HIMB1517	250	OG0000721	K01265	methionyl aminopeptidase [EC:3.4.11.18]	COG0024	Map	Methionine aminopeptidase	HIMB1517_01006	1
HIMB1517-00000000009	4264	5556	+	HIMB1517_01008	HIMB1517	430	OG0000779	K01756	adenylosuccinate lyase [EC:4.3.2.2]	COG0015	PurB	Adenylosuccinate lyase	HIMB1517_01006	2
HIMB1517-00000000009	5556	6338	+	HIMB1517_01009	HIMB1517	260	OG0000769	K01923	phosphoribosylaminoimidazole-succinocarboxamide synthase [EC:6.3.2.6]	COG0152	PurC	Phosphoribosylaminoimidazole-succinocarboxamide synthase	HIMB1517_01006	3
HIMB1517-00000000009	6340	6579	+	HIMB1517_01010	HIMB1517	79	OG0000770	K23264	phosphoribosylformylglycinamidine synthase subunit PurS [EC:6.3.5.3]	COG1828	PurS	Phosphoribosylformylglycinamidine (FGAM) synthase, PurS subunit	HIMB1517_01006	4
HIMB1517-00000000009	6579	7256	+	HIMB1517_01011	HIMB1517	225	OG0000684	K23265	phosphoribosylformylglycinamidine synthase subunit PurQ / glutaminase [EC:6.3.5.3 3.5.1.2]	COG0047	PurL2	Phosphoribosylformylglycinamidine (FGAM) synthase, glutamine amidotransferase domain	HIMB1517_01006	5
HIMB1518-00000000001	508332	509015	-	HIMB1518_00511	HIMB1518	227	OG0000684	K23265	phosphoribosylformylglycinamidine synthase subunit PurQ / glutaminase [EC:6.3.5.3 3.5.1.2]	COG0047	PurL2	Phosphoribosylformylglycinamidine (FGAM) synthase, glutamine amidotransferase domain	HIMB1518_00516	-5
HIMB1518-00000000001	509019	509261	-	HIMB1518_00512	HIMB1518	80	OG0000770	K23264	phosphoribosylformylglycinamidine synthase subunit PurS [EC:6.3.5.3]	COG1828	PurS	Phosphoribosylformylglycinamidine (FGAM) synthase, PurS subunit	HIMB1518_00516	-4
HIMB1518-00000000001	509258	510043	-	HIMB1518_00513	HIMB1518	261	OG0000769	K01923	phosphoribosylaminoimidazole-succinocarboxamide synthase [EC:6.3.2.6]	COG0152	PurC	Phosphoribosylaminoimidazole-succinocarboxamide synthase	HIMB1518_00516	-3
HIMB1518-00000000001	510043	511335	-	HIMB1518_00514	HIMB1518	430	OG0000779	K01756	adenylosuccinate lyase [EC:4.3.2.2]	COG0015	PurB	Adenylosuccinate lyase	HIMB1518_00516	-2
HIMB1518-00000000001	511339	512109	-	HIMB1518_00515	HIMB1518	256	OG0000721	K01265	methionyl aminopeptidase [EC:3.4.11.18]	COG0024	Map	Methionine aminopeptidase	HIMB1518_00516	-1
HIMB1518-00000000001	512102	512800	-	HIMB1518_00516	HIMB1518	232	OG0000819	K06206	sugar fermentation stimulation protein A	COG1489	SfsA	DNA-binding protein, stimulates sugar fermentation	HIMB1518_00516	0
HIMB1518-00000000001	512821	513570	+	HIMB1518_00517	HIMB1518	249	OG0000807	NA	NA	COG1058	CinA	ADP-ribose pyrophosphatase domain of DNA damage- and competence-inducible protein CinA	HIMB1518_00516	1
HIMB1518-00000000001	513570	513971	+	HIMB1518_00518	HIMB1518	133	OG0001035	K00682	gamma-glutamylcyclotransferase [EC:4.3.2.9]	COG2105	YtfP	Predicted gamma-glutamylamine cyclotransferase YtfP, GGCT/AIG2-like family	HIMB1518_00516	2
HIMB1518-00000000001	513977	515269	+	HIMB1518_00519	HIMB1518	430	OG0001333	NA	NA	COG4091	NA	Predicted homoserine dehydrogenase, contains C-terminal SAF domain	HIMB1518_00516	3
HIMB1518-00000000001	515404	516174	+	HIMB1518_00521	HIMB1518	256	OG0000972	K00858	NAD+ kinase [EC:2.7.1.23]	COG0061	NadK	NAD kinase	HIMB1518_00516	4
HIMB1518-00000000001	516180	516317	+	HIMB1518_00522	HIMB1518	45	OG0001525	NA	NA	NA	NA	NA	HIMB1518_00516	5
HIMB1520-00000000001	39173	39406	-	HIMB1520_00035	HIMB1520	77	OG0000770	K23264	phosphoribosylformylglycinamidine synthase subunit PurS [EC:6.3.5.3]	COG1828	PurS	Phosphoribosylformylglycinamidine (FGAM) synthase, PurS subunit	HIMB1520_00040	-5
HIMB1520-00000000001	39403	40188	-	HIMB1520_00036	HIMB1520	261	OG0000769	K01923	phosphoribosylaminoimidazole-succinocarboxamide synthase [EC:6.3.2.6]	COG0152	PurC	Phosphoribosylaminoimidazole-succinocarboxamide synthase	HIMB1520_00040	-4
HIMB1520-00000000001	40188	41480	-	HIMB1520_00037	HIMB1520	430	OG0000779	K01756	adenylosuccinate lyase [EC:4.3.2.2]	COG0015	PurB	Adenylosuccinate lyase	HIMB1520_00040	-3
HIMB1520-00000000001	41483	42250	-	HIMB1520_00038	HIMB1520	255	OG0000721	K01265	methionyl aminopeptidase [EC:3.4.11.18]	COG0024	Map	Methionine aminopeptidase	HIMB1520_00040	-2
HIMB1520-00000000001	42264	42407	-	HIMB1520_00039	HIMB1520	47	OG0003600	NA	NA	NA	NA	NA	HIMB1520_00040	-1
HIMB1520-00000000001	42411	43106	-	HIMB1520_00040	HIMB1520	231	OG0000819	K06206	sugar fermentation stimulation protein A	COG1489	SfsA	DNA-binding protein, stimulates sugar fermentation	HIMB1520_00040	0
HIMB1520-00000000001	43129	43878	+	HIMB1520_00041	HIMB1520	249	OG0000807	NA	NA	COG1058	CinA	ADP-ribose pyrophosphatase domain of DNA damage- and competence-inducible protein CinA	HIMB1520_00040	1
HIMB1520-00000000001	43885	44292	+	HIMB1520_00042	HIMB1520	135	OG0001035	K00682	gamma-glutamylcyclotransferase [EC:4.3.2.9]	COG2105	YtfP	Predicted gamma-glutamylamine cyclotransferase YtfP, GGCT/AIG2-like family	HIMB1520_00040	2
HIMB1520-00000000001	44537	45730	+	HIMB1520_00043	HIMB1520	397	OG0002398	NA	NA	NA	NA	NA	HIMB1520_00040	3
HIMB1520-00000000001	45748	46851	+	HIMB1520_00044	HIMB1520	367	OG0002509	NA	NA	NA	NA	NA	HIMB1520_00040	4
HIMB1520-00000000001	46856	47530	+	HIMB1520_00045	HIMB1520	224	OG0002336	NA	NA	NA	NA	NA	HIMB1520_00040	5
HIMB1521-00000000015	22873	23556	-	HIMB1521_01375	HIMB1521	227	OG0000684	K23265	phosphoribosylformylglycinamidine synthase subunit PurQ / glutaminase [EC:6.3.5.3 3.5.1.2]	COG0047	PurL2	Phosphoribosylformylglycinamidine (FGAM) synthase, glutamine amidotransferase domain	HIMB1521_01380	-5
HIMB1521-00000000015	23560	23802	-	HIMB1521_01376	HIMB1521	80	OG0000770	K23264	phosphoribosylformylglycinamidine synthase subunit PurS [EC:6.3.5.3]	COG1828	PurS	Phosphoribosylformylglycinamidine (FGAM) synthase, PurS subunit	HIMB1521_01380	-4
HIMB1521-00000000015	23799	24584	-	HIMB1521_01377	HIMB1521	261	OG0000769	K01923	phosphoribosylaminoimidazole-succinocarboxamide synthase [EC:6.3.2.6]	COG0152	PurC	Phosphoribosylaminoimidazole-succinocarboxamide synthase	HIMB1521_01380	-3
HIMB1521-00000000015	24584	25876	-	HIMB1521_01378	HIMB1521	430	OG0000779	K01756	adenylosuccinate lyase [EC:4.3.2.2]	COG0015	PurB	Adenylosuccinate lyase	HIMB1521_01380	-2
HIMB1521-00000000015	25880	26650	-	HIMB1521_01379	HIMB1521	256	OG0000721	K01265	methionyl aminopeptidase [EC:3.4.11.18]	COG0024	Map	Methionine aminopeptidase	HIMB1521_01380	-1
HIMB1521-00000000015	26643	27341	-	HIMB1521_01380	HIMB1521	232	OG0000819	K06206	sugar fermentation stimulation protein A	COG1489	SfsA	DNA-binding protein, stimulates sugar fermentation	HIMB1521_01380	0
HIMB1521-00000000015	27362	28111	+	HIMB1521_01381	HIMB1521	249	OG0000807	NA	NA	COG1058	CinA	ADP-ribose pyrophosphatase domain of DNA damage- and competence-inducible protein CinA	HIMB1521_01380	1
HIMB1521-00000000015	28111	28512	+	HIMB1521_01382	HIMB1521	133	OG0001035	K00682	gamma-glutamylcyclotransferase [EC:4.3.2.9]	COG2105	YtfP	Predicted gamma-glutamylamine cyclotransferase YtfP, GGCT/AIG2-like family	HIMB1521_01380	2
HIMB1521-00000000015	28523	29923	+	HIMB1521_01383	HIMB1521	466	OG0001677	NA	NA	COG1028	FabG	NAD(P)-dependent dehydrogenase, short-chain alcohol dehydrogenase family	HIMB1521_01380	3
HIMB1521-00000000015	29938	31716	+	HIMB1521_01384	HIMB1521	592	OG0001871	NA	NA	COG3882	FkbH	Predicted enzyme involved in methoxymalonyl-ACP biosynthesis	HIMB1521_01380	4
HIMB1521-00000000015	31716	31946	+	HIMB1521_01385	HIMB1521	76	OG0001358	K02078	acyl carrier protein	COG0236	AcpP	Acyl carrier protein	HIMB1521_01380	5
HIMB1526-00000000001	922258	922488	-	HIMB1526_00992	HIMB1526	76	OG0001488	NA	NA	NA	NA	NA	HIMB1526_00998	-5
HIMB1526-00000000001	922543	923313	-	HIMB1526_00993	HIMB1526	256	OG0000972	K00858	NAD+ kinase [EC:2.7.1.23]	COG0061	NadK	NAD kinase	HIMB1526_00998	-4
HIMB1526-00000000001	923448	924740	-	HIMB1526_00995	HIMB1526	430	OG0001333	NA	NA	COG4091	NA	Predicted homoserine dehydrogenase, contains C-terminal SAF domain	HIMB1526_00998	-3
HIMB1526-00000000001	924748	925149	-	HIMB1526_00996	HIMB1526	133	OG0001035	K00682	gamma-glutamylcyclotransferase [EC:4.3.2.9]	COG2105	YtfP	Predicted gamma-glutamylamine cyclotransferase YtfP, GGCT/AIG2-like family	HIMB1526_00998	-2
HIMB1526-00000000001	925149	925898	-	HIMB1526_00997	HIMB1526	249	OG0000807	NA	NA	COG1058	CinA	ADP-ribose pyrophosphatase domain of DNA damage- and competence-inducible protein CinA	HIMB1526_00998	-1
HIMB1526-00000000001	925919	926617	+	HIMB1526_00998	HIMB1526	232	OG0000819	K06206	sugar fermentation stimulation protein A	COG1489	SfsA	DNA-binding protein, stimulates sugar fermentation	HIMB1526_00998	0
HIMB1526-00000000001	926610	927380	+	HIMB1526_00999	HIMB1526	256	OG0000721	K01265	methionyl aminopeptidase [EC:3.4.11.18]	COG0024	Map	Methionine aminopeptidase	HIMB1526_00998	1
HIMB1526-00000000001	927384	928676	+	HIMB1526_01000	HIMB1526	430	OG0000779	K01756	adenylosuccinate lyase [EC:4.3.2.2]	COG0015	PurB	Adenylosuccinate lyase	HIMB1526_00998	2
HIMB1526-00000000001	928676	929461	+	HIMB1526_01001	HIMB1526	261	OG0000769	K01923	phosphoribosylaminoimidazole-succinocarboxamide synthase [EC:6.3.2.6]	COG0152	PurC	Phosphoribosylaminoimidazole-succinocarboxamide synthase	HIMB1526_00998	3
HIMB1526-00000000001	929458	929700	+	HIMB1526_01002	HIMB1526	80	OG0000770	K23264	phosphoribosylformylglycinamidine synthase subunit PurS [EC:6.3.5.3]	COG1828	PurS	Phosphoribosylformylglycinamidine (FGAM) synthase, PurS subunit	HIMB1526_00998	4
HIMB1526-00000000001	929704	930387	+	HIMB1526_01003	HIMB1526	227	OG0000684	K23265	phosphoribosylformylglycinamidine synthase subunit PurQ / glutaminase [EC:6.3.5.3 3.5.1.2]	COG0047	PurL2	Phosphoribosylformylglycinamidine (FGAM) synthase, glutamine amidotransferase domain	HIMB1526_00998	5
HIMB1527-00000000002	155450	156133	-	HIMB1527_00777	HIMB1527	227	OG0000684	K23265	phosphoribosylformylglycinamidine synthase subunit PurQ / glutaminase [EC:6.3.5.3 3.5.1.2]	COG0047	PurL2	Phosphoribosylformylglycinamidine (FGAM) synthase, glutamine amidotransferase domain	HIMB1527_00782	-5
HIMB1527-00000000002	156137	156379	-	HIMB1527_00778	HIMB1527	80	OG0000770	K23264	phosphoribosylformylglycinamidine synthase subunit PurS [EC:6.3.5.3]	COG1828	PurS	Phosphoribosylformylglycinamidine (FGAM) synthase, PurS subunit	HIMB1527_00782	-4
HIMB1527-00000000002	156376	157161	-	HIMB1527_00779	HIMB1527	261	OG0000769	K01923	phosphoribosylaminoimidazole-succinocarboxamide synthase [EC:6.3.2.6]	COG0152	PurC	Phosphoribosylaminoimidazole-succinocarboxamide synthase	HIMB1527_00782	-3
HIMB1527-00000000002	157161	158453	-	HIMB1527_00780	HIMB1527	430	OG0000779	K01756	adenylosuccinate lyase [EC:4.3.2.2]	COG0015	PurB	Adenylosuccinate lyase	HIMB1527_00782	-2
HIMB1527-00000000002	158457	159227	-	HIMB1527_00781	HIMB1527	256	OG0000721	K01265	methionyl aminopeptidase [EC:3.4.11.18]	COG0024	Map	Methionine aminopeptidase	HIMB1527_00782	-1
HIMB1527-00000000002	159220	159918	-	HIMB1527_00782	HIMB1527	232	OG0000819	K06206	sugar fermentation stimulation protein A	COG1489	SfsA	DNA-binding protein, stimulates sugar fermentation	HIMB1527_00782	0
HIMB1527-00000000002	159939	160688	+	HIMB1527_00783	HIMB1527	249	OG0000807	NA	NA	COG1058	CinA	ADP-ribose pyrophosphatase domain of DNA damage- and competence-inducible protein CinA	HIMB1527_00782	1
HIMB1527-00000000002	160689	161090	+	HIMB1527_00784	HIMB1527	133	OG0001035	K00682	gamma-glutamylcyclotransferase [EC:4.3.2.9]	COG2105	YtfP	Predicted gamma-glutamylamine cyclotransferase YtfP, GGCT/AIG2-like family	HIMB1527_00782	2
HIMB1527-00000000002	161094	161786	+	HIMB1527_00785	HIMB1527	230	OG0000043	NA	NA	COG0463	WcaA	Glycosyltransferase involved in cell wall bisynthesis	HIMB1527_00782	3
HIMB1527-00000000002	161805	163472	+	HIMB1527_00786	HIMB1527	555	OG0001142	NA	NA	NA	NA	NA	HIMB1527_00782	4
HIMB1527-00000000002	164080	164850	+	HIMB1527_00787	HIMB1527	256	OG0000972	K00858	NAD+ kinase [EC:2.7.1.23]	COG0061	NadK	NAD kinase	HIMB1527_00782	5
HIMB1542-00000000001	368594	369277	-	HIMB1542_00383	HIMB1542	227	OG0000684	K23265	phosphoribosylformylglycinamidine synthase subunit PurQ / glutaminase [EC:6.3.5.3 3.5.1.2]	COG0047	PurL2	Phosphoribosylformylglycinamidine (FGAM) synthase, glutamine amidotransferase domain	HIMB1542_00388	-5
HIMB1542-00000000001	369281	369523	-	HIMB1542_00384	HIMB1542	80	OG0000770	K23264	phosphoribosylformylglycinamidine synthase subunit PurS [EC:6.3.5.3]	COG1828	PurS	Phosphoribosylformylglycinamidine (FGAM) synthase, PurS subunit	HIMB1542_00388	-4
HIMB1542-00000000001	369520	370305	-	HIMB1542_00385	HIMB1542	261	OG0000769	K01923	phosphoribosylaminoimidazole-succinocarboxamide synthase [EC:6.3.2.6]	COG0152	PurC	Phosphoribosylaminoimidazole-succinocarboxamide synthase	HIMB1542_00388	-3
HIMB1542-00000000001	370305	371597	-	HIMB1542_00386	HIMB1542	430	OG0000779	K01756	adenylosuccinate lyase [EC:4.3.2.2]	COG0015	PurB	Adenylosuccinate lyase	HIMB1542_00388	-2
HIMB1542-00000000001	371601	372371	-	HIMB1542_00387	HIMB1542	256	OG0000721	K01265	methionyl aminopeptidase [EC:3.4.11.18]	COG0024	Map	Methionine aminopeptidase	HIMB1542_00388	-1
HIMB1542-00000000001	372364	373062	-	HIMB1542_00388	HIMB1542	232	OG0000819	K06206	sugar fermentation stimulation protein A	COG1489	SfsA	DNA-binding protein, stimulates sugar fermentation	HIMB1542_00388	0
HIMB1542-00000000001	373083	373832	+	HIMB1542_00389	HIMB1542	249	OG0000807	NA	NA	COG1058	CinA	ADP-ribose pyrophosphatase domain of DNA damage- and competence-inducible protein CinA	HIMB1542_00388	1
HIMB1542-00000000001	373832	374233	+	HIMB1542_00390	HIMB1542	133	OG0001035	K00682	gamma-glutamylcyclotransferase [EC:4.3.2.9]	COG2105	YtfP	Predicted gamma-glutamylamine cyclotransferase YtfP, GGCT/AIG2-like family	HIMB1542_00388	2
HIMB1542-00000000001	374239	375531	+	HIMB1542_00391	HIMB1542	430	OG0001333	NA	NA	COG4091	NA	Predicted homoserine dehydrogenase, contains C-terminal SAF domain	HIMB1542_00388	3
HIMB1542-00000000001	375789	376232	+	HIMB1542_00392	HIMB1542	147	OG0003447	NA	NA	NA	NA	NA	HIMB1542_00388	4
HIMB1542-00000000001	376233	376724	+	HIMB1542_00393	HIMB1542	163	OG0001566	NA	NA	NA	NA	NA	HIMB1542_00388	5
HIMB1549-00000000001	640920	641990	-	HIMB1549_00693	HIMB1549	356	OG0001249	K01709	CDP-glucose 4,6-dehydratase [EC:4.2.1.45]	COG0451	WcaG	Nucleoside-diphosphate-sugar epimerase	HIMB1549_00700	-5
HIMB1549-00000000001	641983	642687	-	HIMB1549_00694	HIMB1549	234	OG0000274	K00978	glucose-1-phosphate cytidylyltransferase [EC:2.7.7.33]	COG1208	GCD1	NDP-sugar pyrophosphorylase, includes eIF-2Bgamma, eIF-2Bepsilon, and LPS biosynthesis protein s	HIMB1549_00700	-4
HIMB1549-00000000001	642915	643115	+	HIMB1549_00696	HIMB1549	66	NA	NA	NA	COG4976	NA	Predicted methyltransferase, contains TPR repeat	HIMB1549_00700	-3
HIMB1549-00000000001	643828	644598	-	HIMB1549_00697	HIMB1549	256	OG0000972	K00858	NAD+ kinase [EC:2.7.1.23]	COG0061	NadK	NAD kinase	HIMB1549_00700	-2
HIMB1549-00000000001	645086	645835	-	HIMB1549_00699	HIMB1549	249	OG0000807	NA	NA	COG1058	CinA	ADP-ribose pyrophosphatase domain of DNA damage- and competence-inducible protein CinA	HIMB1549_00700	-1
HIMB1549-00000000001	645856	646551	+	HIMB1549_00700	HIMB1549	231	OG0000819	K06206	sugar fermentation stimulation protein A	COG1489	SfsA	DNA-binding protein, stimulates sugar fermentation	HIMB1549_00700	0
HIMB1549-00000000001	646560	647258	-	HIMB1549_00701	HIMB1549	232	OG0000007	NA	NA	COG1028	FabG	NAD(P)-dependent dehydrogenase, short-chain alcohol dehydrogenase family	HIMB1549_00700	1
HIMB1549-00000000001	647258	648139	-	HIMB1549_00702	HIMB1549	293	OG0000167	NA	NA	COG0535	SkfB	Radical SAM superfamily maturase, SkfB/NifB/PqqE family	HIMB1549_00700	2
HIMB1549-00000000001	648141	648884	-	HIMB1549_00703	HIMB1549	247	NA	K00979	3-deoxy-manno-octulosonate cytidylyltransferase (CMP-KDO synthetase) [EC:2.7.7.38]	COG1212	KdsB	CMP-2-keto-3-deoxyoctulosonic acid synthetase	HIMB1549_00700	3
HIMB1549-00000000001	648898	650493	-	HIMB1549_00704	HIMB1549	531	OG0001585	K01666	4-hydroxy 2-oxovalerate aldolase [EC:4.1.3.39]	COG0119	LeuA	Isopropylmalate/homocitrate/citramalate synthases	HIMB1549_00700	4
HIMB1549-00000000001	650571	651341	+	HIMB1549_00705	HIMB1549	256	OG0000721	K01265	methionyl aminopeptidase [EC:3.4.11.18]	COG0024	Map	Methionine aminopeptidase	HIMB1549_00700	5
HIMB1552-00000000001	472620	472850	-	HIMB1552_00528	HIMB1552	76	OG0001488	NA	NA	NA	NA	NA	HIMB1552_00534	-5
HIMB1552-00000000001	472905	473675	-	HIMB1552_00529	HIMB1552	256	OG0000972	K00858	NAD+ kinase [EC:2.7.1.23]	COG0061	NadK	NAD kinase	HIMB1552_00534	-4
HIMB1552-00000000001	473810	475102	-	HIMB1552_00531	HIMB1552	430	OG0001333	NA	NA	COG4091	NA	Predicted homoserine dehydrogenase, contains C-terminal SAF domain	HIMB1552_00534	-3
HIMB1552-00000000001	475110	475511	-	HIMB1552_00532	HIMB1552	133	OG0001035	K00682	gamma-glutamylcyclotransferase [EC:4.3.2.9]	COG2105	YtfP	Predicted gamma-glutamylamine cyclotransferase YtfP, GGCT/AIG2-like family	HIMB1552_00534	-2
HIMB1552-00000000001	475511	476260	-	HIMB1552_00533	HIMB1552	249	OG0000807	NA	NA	COG1058	CinA	ADP-ribose pyrophosphatase domain of DNA damage- and competence-inducible protein CinA	HIMB1552_00534	-1
HIMB1552-00000000001	476281	476979	+	HIMB1552_00534	HIMB1552	232	OG0000819	K06206	sugar fermentation stimulation protein A	COG1489	SfsA	DNA-binding protein, stimulates sugar fermentation	HIMB1552_00534	0
HIMB1552-00000000001	476972	477742	+	HIMB1552_00535	HIMB1552	256	OG0000721	K01265	methionyl aminopeptidase [EC:3.4.11.18]	COG0024	Map	Methionine aminopeptidase	HIMB1552_00534	1
HIMB1552-00000000001	477746	479038	+	HIMB1552_00536	HIMB1552	430	OG0000779	K01756	adenylosuccinate lyase [EC:4.3.2.2]	COG0015	PurB	Adenylosuccinate lyase	HIMB1552_00534	2
HIMB1552-00000000001	479038	479823	+	HIMB1552_00537	HIMB1552	261	OG0000769	K01923	phosphoribosylaminoimidazole-succinocarboxamide synthase [EC:6.3.2.6]	COG0152	PurC	Phosphoribosylaminoimidazole-succinocarboxamide synthase	HIMB1552_00534	3
HIMB1552-00000000001	479820	480062	+	HIMB1552_00538	HIMB1552	80	OG0000770	K23264	phosphoribosylformylglycinamidine synthase subunit PurS [EC:6.3.5.3]	COG1828	PurS	Phosphoribosylformylglycinamidine (FGAM) synthase, PurS subunit	HIMB1552_00534	4
HIMB1552-00000000001	480066	480749	+	HIMB1552_00539	HIMB1552	227	OG0000684	K23265	phosphoribosylformylglycinamidine synthase subunit PurQ / glutaminase [EC:6.3.5.3 3.5.1.2]	COG0047	PurL2	Phosphoribosylformylglycinamidine (FGAM) synthase, glutamine amidotransferase domain	HIMB1552_00534	5
HIMB1556-00000000001	968535	969218	-	HIMB1556_00978	HIMB1556	227	OG0000684	K23265	phosphoribosylformylglycinamidine synthase subunit PurQ / glutaminase [EC:6.3.5.3 3.5.1.2]	COG0047	PurL2	Phosphoribosylformylglycinamidine (FGAM) synthase, glutamine amidotransferase domain	HIMB1556_00983	-5
HIMB1556-00000000001	969222	969464	-	HIMB1556_00979	HIMB1556	80	OG0000770	K23264	phosphoribosylformylglycinamidine synthase subunit PurS [EC:6.3.5.3]	COG1828	PurS	Phosphoribosylformylglycinamidine (FGAM) synthase, PurS subunit	HIMB1556_00983	-4
HIMB1556-00000000001	969461	970246	-	HIMB1556_00980	HIMB1556	261	OG0000769	K01923	phosphoribosylaminoimidazole-succinocarboxamide synthase [EC:6.3.2.6]	COG0152	PurC	Phosphoribosylaminoimidazole-succinocarboxamide synthase	HIMB1556_00983	-3
HIMB1556-00000000001	970246	971538	-	HIMB1556_00981	HIMB1556	430	OG0000779	K01756	adenylosuccinate lyase [EC:4.3.2.2]	COG0015	PurB	Adenylosuccinate lyase	HIMB1556_00983	-2
HIMB1556-00000000001	971542	972312	-	HIMB1556_00982	HIMB1556	256	OG0000721	K01265	methionyl aminopeptidase [EC:3.4.11.18]	COG0024	Map	Methionine aminopeptidase	HIMB1556_00983	-1
HIMB1556-00000000001	972305	973003	-	HIMB1556_00983	HIMB1556	232	OG0000819	K06206	sugar fermentation stimulation protein A	COG1489	SfsA	DNA-binding protein, stimulates sugar fermentation	HIMB1556_00983	0
HIMB1556-00000000001	973024	973773	+	HIMB1556_00984	HIMB1556	249	OG0000807	NA	NA	COG1058	CinA	ADP-ribose pyrophosphatase domain of DNA damage- and competence-inducible protein CinA	HIMB1556_00983	1
HIMB1556-00000000001	973773	974174	+	HIMB1556_00985	HIMB1556	133	OG0001035	K00682	gamma-glutamylcyclotransferase [EC:4.3.2.9]	COG2105	YtfP	Predicted gamma-glutamylamine cyclotransferase YtfP, GGCT/AIG2-like family	HIMB1556_00983	2
HIMB1556-00000000001	974182	975474	+	HIMB1556_00986	HIMB1556	430	OG0001333	NA	NA	COG4091	NA	Predicted homoserine dehydrogenase, contains C-terminal SAF domain	HIMB1556_00983	3
HIMB1556-00000000001	975609	976379	+	HIMB1556_00988	HIMB1556	256	OG0000972	K00858	NAD+ kinase [EC:2.7.1.23]	COG0061	NadK	NAD kinase	HIMB1556_00983	4
HIMB1556-00000000001	976434	976664	+	HIMB1556_00989	HIMB1556	76	OG0001488	NA	NA	NA	NA	NA	HIMB1556_00983	5
HIMB1559-00000000001	411067	411810	+	HIMB1559_00465	HIMB1559	247	OG0000786	NA	NA	COG0566	SpoU	tRNA G18 (ribose-2'-O)-methylase SpoU	HIMB1559_00472	-5
HIMB1559-00000000001	412072	412842	-	HIMB1559_00467	HIMB1559	256	OG0000972	K00858	NAD+ kinase [EC:2.7.1.23]	COG0061	NadK	NAD kinase	HIMB1559_00472	-4
HIMB1559-00000000001	412977	414269	-	HIMB1559_00469	HIMB1559	430	OG0001333	NA	NA	COG4091	NA	Predicted homoserine dehydrogenase, contains C-terminal SAF domain	HIMB1559_00472	-3
HIMB1559-00000000001	414275	414676	-	HIMB1559_00470	HIMB1559	133	OG0001035	K00682	gamma-glutamylcyclotransferase [EC:4.3.2.9]	COG2105	YtfP	Predicted gamma-glutamylamine cyclotransferase YtfP, GGCT/AIG2-like family	HIMB1559_00472	-2
HIMB1559-00000000001	414676	415425	-	HIMB1559_00471	HIMB1559	249	OG0000807	NA	NA	COG1058	CinA	ADP-ribose pyrophosphatase domain of DNA damage- and competence-inducible protein CinA	HIMB1559_00472	-1
HIMB1559-00000000001	415446	416144	+	HIMB1559_00472	HIMB1559	232	OG0000819	K06206	sugar fermentation stimulation protein A	COG1489	SfsA	DNA-binding protein, stimulates sugar fermentation	HIMB1559_00472	0
HIMB1559-00000000001	416137	416907	+	HIMB1559_00473	HIMB1559	256	OG0000721	K01265	methionyl aminopeptidase [EC:3.4.11.18]	COG0024	Map	Methionine aminopeptidase	HIMB1559_00472	1
HIMB1559-00000000001	416911	418203	+	HIMB1559_00474	HIMB1559	430	OG0000779	K01756	adenylosuccinate lyase [EC:4.3.2.2]	COG0015	PurB	Adenylosuccinate lyase	HIMB1559_00472	2
HIMB1559-00000000001	418203	418988	+	HIMB1559_00475	HIMB1559	261	OG0000769	K01923	phosphoribosylaminoimidazole-succinocarboxamide synthase [EC:6.3.2.6]	COG0152	PurC	Phosphoribosylaminoimidazole-succinocarboxamide synthase	HIMB1559_00472	3
HIMB1559-00000000001	418985	419227	+	HIMB1559_00476	HIMB1559	80	OG0000770	K23264	phosphoribosylformylglycinamidine synthase subunit PurS [EC:6.3.5.3]	COG1828	PurS	Phosphoribosylformylglycinamidine (FGAM) synthase, PurS subunit	HIMB1559_00472	4
HIMB1559-00000000001	419231	419914	+	HIMB1559_00477	HIMB1559	227	OG0000684	K23265	phosphoribosylformylglycinamidine synthase subunit PurQ / glutaminase [EC:6.3.5.3 3.5.1.2]	COG0047	PurL2	Phosphoribosylformylglycinamidine (FGAM) synthase, glutamine amidotransferase domain	HIMB1559_00472	5
HIMB1564-00000000001	736819	737241	+	HIMB1564_00788	HIMB1564	140	OG0001513	NA	NA	COG1917	QdoI	Cupin domain protein related to quercetin dioxygenase	HIMB1564_00793	-5
HIMB1564-00000000001	737244	738494	+	HIMB1564_00789	HIMB1564	416	OG0001319	NA	NA	COG4976	NA	Predicted methyltransferase, contains TPR repeat	HIMB1564_00793	-4
HIMB1564-00000000001	738487	739188	-	HIMB1564_00790	HIMB1564	233	OG0000043	NA	NA	COG0463	WcaA	Glycosyltransferase involved in cell wall bisynthesis	HIMB1564_00793	-3
HIMB1564-00000000001	739240	739641	-	HIMB1564_00791	HIMB1564	133	OG0001035	K00682	gamma-glutamylcyclotransferase [EC:4.3.2.9]	COG2105	YtfP	Predicted gamma-glutamylamine cyclotransferase YtfP, GGCT/AIG2-like family	HIMB1564_00793	-2
HIMB1564-00000000001	739648	740397	-	HIMB1564_00792	HIMB1564	249	OG0000807	NA	NA	COG1058	CinA	ADP-ribose pyrophosphatase domain of DNA damage- and competence-inducible protein CinA	HIMB1564_00793	-1
HIMB1564-00000000001	740420	741118	+	HIMB1564_00793	HIMB1564	232	OG0000819	K06206	sugar fermentation stimulation protein A	COG1489	SfsA	DNA-binding protein, stimulates sugar fermentation	HIMB1564_00793	0
HIMB1564-00000000001	741111	741878	+	HIMB1564_00794	HIMB1564	255	OG0000721	K01265	methionyl aminopeptidase [EC:3.4.11.18]	COG0024	Map	Methionine aminopeptidase	HIMB1564_00793	1
HIMB1564-00000000001	741881	743173	+	HIMB1564_00795	HIMB1564	430	OG0000779	K01756	adenylosuccinate lyase [EC:4.3.2.2]	COG0015	PurB	Adenylosuccinate lyase	HIMB1564_00793	2
HIMB1564-00000000001	743173	743958	+	HIMB1564_00796	HIMB1564	261	OG0000769	K01923	phosphoribosylaminoimidazole-succinocarboxamide synthase [EC:6.3.2.6]	COG0152	PurC	Phosphoribosylaminoimidazole-succinocarboxamide synthase	HIMB1564_00793	3
HIMB1564-00000000001	743955	744188	+	HIMB1564_00797	HIMB1564	77	OG0000770	K23264	phosphoribosylformylglycinamidine synthase subunit PurS [EC:6.3.5.3]	COG1828	PurS	Phosphoribosylformylglycinamidine (FGAM) synthase, PurS subunit	HIMB1564_00793	4
HIMB1564-00000000001	744196	744879	+	HIMB1564_00798	HIMB1564	227	OG0000684	K23265	phosphoribosylformylglycinamidine synthase subunit PurQ / glutaminase [EC:6.3.5.3 3.5.1.2]	COG0047	PurL2	Phosphoribosylformylglycinamidine (FGAM) synthase, glutamine amidotransferase domain	HIMB1564_00793	5
HIMB1565-00000000001	748594	749271	-	HIMB1565_00825	HIMB1565	225	OG0000684	K23265	phosphoribosylformylglycinamidine synthase subunit PurQ / glutaminase [EC:6.3.5.3 3.5.1.2]	COG0047	PurL2	Phosphoribosylformylglycinamidine (FGAM) synthase, glutamine amidotransferase domain	HIMB1565_00830	-5
HIMB1565-00000000001	749271	749510	-	HIMB1565_00826	HIMB1565	79	OG0000770	K23264	phosphoribosylformylglycinamidine synthase subunit PurS [EC:6.3.5.3]	COG1828	PurS	Phosphoribosylformylglycinamidine (FGAM) synthase, PurS subunit	HIMB1565_00830	-4
HIMB1565-00000000001	749512	750294	-	HIMB1565_00827	HIMB1565	260	OG0000769	K01923	phosphoribosylaminoimidazole-succinocarboxamide synthase [EC:6.3.2.6]	COG0152	PurC	Phosphoribosylaminoimidazole-succinocarboxamide synthase	HIMB1565_00830	-3
HIMB1565-00000000001	750294	751586	-	HIMB1565_00828	HIMB1565	430	OG0000779	K01756	adenylosuccinate lyase [EC:4.3.2.2]	COG0015	PurB	Adenylosuccinate lyase	HIMB1565_00830	-2
HIMB1565-00000000001	751599	752351	-	HIMB1565_00829	HIMB1565	250	OG0000721	K01265	methionyl aminopeptidase [EC:3.4.11.18]	COG0024	Map	Methionine aminopeptidase	HIMB1565_00830	-1
HIMB1565-00000000001	752351	753046	-	HIMB1565_00830	HIMB1565	231	OG0000819	K06206	sugar fermentation stimulation protein A	COG1489	SfsA	DNA-binding protein, stimulates sugar fermentation	HIMB1565_00830	0
HIMB1565-00000000001	753047	753775	+	HIMB1565_00831	HIMB1565	242	OG0000807	NA	NA	COG1058	CinA	ADP-ribose pyrophosphatase domain of DNA damage- and competence-inducible protein CinA	HIMB1565_00830	1
HIMB1565-00000000001	754029	755969	-	HIMB1565_00833	HIMB1565	646	OG0000103	NA	NA	COG0187	GyrB	DNA gyrase/topoisomerase IV, subunit B	HIMB1565_00830	2
HIMB1565-00000000001	756065	757471	-	HIMB1565_00834	HIMB1565	468	OG0000235	K01915	glutamine synthetase [EC:6.3.1.2]	COG0174	GlnA	Glutamine synthetase	HIMB1565_00830	3
HIMB1565-00000000001	757591	758361	+	HIMB1565_00835	HIMB1565	256	OG0000007	NA	NA	COG1028	FabG	NAD(P)-dependent dehydrogenase, short-chain alcohol dehydrogenase family	HIMB1565_00830	4
HIMB1565-00000000001	758521	759933	+	HIMB1565_00837	HIMB1565	470	OG0000744	K03545	trigger factor	COG0544	Tig	Trigger factor Tig, ribosome-bound chaperone (peptidyl-prolyl cis-trans isomerase)	HIMB1565_00830	5
HIMB1573-00000000001	1022059	1022742	-	HIMB1573_01081	HIMB1573	227	OG0000684	K23265	phosphoribosylformylglycinamidine synthase subunit PurQ / glutaminase [EC:6.3.5.3 3.5.1.2]	COG0047	PurL2	Phosphoribosylformylglycinamidine (FGAM) synthase, glutamine amidotransferase domain	HIMB1573_01086	-5
HIMB1573-00000000001	1022746	1022988	-	HIMB1573_01082	HIMB1573	80	OG0000770	K23264	phosphoribosylformylglycinamidine synthase subunit PurS [EC:6.3.5.3]	COG1828	PurS	Phosphoribosylformylglycinamidine (FGAM) synthase, PurS subunit	HIMB1573_01086	-4
HIMB1573-00000000001	1022985	1023770	-	HIMB1573_01083	HIMB1573	261	OG0000769	K01923	phosphoribosylaminoimidazole-succinocarboxamide synthase [EC:6.3.2.6]	COG0152	PurC	Phosphoribosylaminoimidazole-succinocarboxamide synthase	HIMB1573_01086	-3
HIMB1573-00000000001	1023770	1025062	-	HIMB1573_01084	HIMB1573	430	OG0000779	K01756	adenylosuccinate lyase [EC:4.3.2.2]	COG0015	PurB	Adenylosuccinate lyase	HIMB1573_01086	-2
HIMB1573-00000000001	1025066	1025836	-	HIMB1573_01085	HIMB1573	256	OG0000721	K01265	methionyl aminopeptidase [EC:3.4.11.18]	COG0024	Map	Methionine aminopeptidase	HIMB1573_01086	-1
HIMB1573-00000000001	1025829	1026527	-	HIMB1573_01086	HIMB1573	232	OG0000819	K06206	sugar fermentation stimulation protein A	COG1489	SfsA	DNA-binding protein, stimulates sugar fermentation	HIMB1573_01086	0
HIMB1573-00000000001	1026548	1027297	+	HIMB1573_01087	HIMB1573	249	OG0000807	NA	NA	COG1058	CinA	ADP-ribose pyrophosphatase domain of DNA damage- and competence-inducible protein CinA	HIMB1573_01086	1
HIMB1573-00000000001	1027297	1027698	+	HIMB1573_01088	HIMB1573	133	OG0001035	K00682	gamma-glutamylcyclotransferase [EC:4.3.2.9]	COG2105	YtfP	Predicted gamma-glutamylamine cyclotransferase YtfP, GGCT/AIG2-like family	HIMB1573_01086	2
HIMB1573-00000000001	1027704	1028993	+	HIMB1573_01089	HIMB1573	429	OG0001333	NA	NA	COG4091	NA	Predicted homoserine dehydrogenase, contains C-terminal SAF domain	HIMB1573_01086	3
HIMB1573-00000000001	1029072	1030217	+	HIMB1573_01090	HIMB1573	381	OG0001582	K02805	dTDP-4-amino-4,6-dideoxygalactose transaminase [EC:2.6.1.59]	COG0399	WecE	dTDP-4-amino-4,6-dideoxygalactose transaminase	HIMB1573_01086	4
HIMB1573-00000000001	1030222	1030950	+	HIMB1573_01091	HIMB1573	242	OG0000983	NA	NA	COG0463	WcaA	Glycosyltransferase involved in cell wall bisynthesis	HIMB1573_01086	5
HIMB1577-00000000001	90144	90944	-	HIMB1577_00113	HIMB1577	266	OG0000030	NA	NA	NA	NA	NA	HIMB1577_00118	-5
HIMB1577-00000000001	90946	92277	-	HIMB1577_00114	HIMB1577	443	OG0001338	NA	NA	COG1032	YgiQ	Radical SAM superfamily enzyme YgiQ, UPF0313 family	HIMB1577_00118	-4
HIMB1577-00000000001	92345	92977	-	HIMB1577_00115	HIMB1577	210	OG0000008	NA	NA	COG2227	UbiG	2-polyprenyl-3-methyl-5-hydroxy-6-metoxy-1,4-benzoquinol methylase	HIMB1577_00118	-3
HIMB1577-00000000001	92974	93378	-	HIMB1577_00116	HIMB1577	134	OG0001035	K00682	gamma-glutamylcyclotransferase [EC:4.3.2.9]	COG2105	YtfP	Predicted gamma-glutamylamine cyclotransferase YtfP, GGCT/AIG2-like family	HIMB1577_00118	-2
HIMB1577-00000000001	93378	94127	-	HIMB1577_00117	HIMB1577	249	OG0000807	NA	NA	COG1058	CinA	ADP-ribose pyrophosphatase domain of DNA damage- and competence-inducible protein CinA	HIMB1577_00118	-1
HIMB1577-00000000001	94148	94846	+	HIMB1577_00118	HIMB1577	232	OG0000819	K06206	sugar fermentation stimulation protein A	COG1489	SfsA	DNA-binding protein, stimulates sugar fermentation	HIMB1577_00118	0
HIMB1577-00000000001	94839	95606	+	HIMB1577_00119	HIMB1577	255	OG0000721	K01265	methionyl aminopeptidase [EC:3.4.11.18]	COG0024	Map	Methionine aminopeptidase	HIMB1577_00118	1
HIMB1577-00000000001	95613	96905	+	HIMB1577_00120	HIMB1577	430	OG0000779	K01756	adenylosuccinate lyase [EC:4.3.2.2]	COG0015	PurB	Adenylosuccinate lyase	HIMB1577_00118	2
HIMB1577-00000000001	96905	97690	+	HIMB1577_00121	HIMB1577	261	OG0000769	K01923	phosphoribosylaminoimidazole-succinocarboxamide synthase [EC:6.3.2.6]	COG0152	PurC	Phosphoribosylaminoimidazole-succinocarboxamide synthase	HIMB1577_00118	3
HIMB1577-00000000001	97687	97929	+	HIMB1577_00122	HIMB1577	80	OG0000770	K23264	phosphoribosylformylglycinamidine synthase subunit PurS [EC:6.3.5.3]	COG1828	PurS	Phosphoribosylformylglycinamidine (FGAM) synthase, PurS subunit	HIMB1577_00118	4
HIMB1577-00000000001	97933	98616	+	HIMB1577_00123	HIMB1577	227	OG0000684	K23265	phosphoribosylformylglycinamidine synthase subunit PurQ / glutaminase [EC:6.3.5.3 3.5.1.2]	COG0047	PurL2	Phosphoribosylformylglycinamidine (FGAM) synthase, glutamine amidotransferase domain	HIMB1577_00118	5
HIMB1587-00000000001	412129	412266	-	HIMB1587_00467	HIMB1587	45	OG0001525	NA	NA	NA	NA	NA	HIMB1587_00473	-5
HIMB1587-00000000001	412272	413042	-	HIMB1587_00468	HIMB1587	256	OG0000972	K00858	NAD+ kinase [EC:2.7.1.23]	COG0061	NadK	NAD kinase	HIMB1587_00473	-4
HIMB1587-00000000001	413177	414469	-	HIMB1587_00470	HIMB1587	430	OG0001333	NA	NA	COG4091	NA	Predicted homoserine dehydrogenase, contains C-terminal SAF domain	HIMB1587_00473	-3
HIMB1587-00000000001	414475	414876	-	HIMB1587_00471	HIMB1587	133	OG0001035	K00682	gamma-glutamylcyclotransferase [EC:4.3.2.9]	COG2105	YtfP	Predicted gamma-glutamylamine cyclotransferase YtfP, GGCT/AIG2-like family	HIMB1587_00473	-2
HIMB1587-00000000001	414876	415625	-	HIMB1587_00472	HIMB1587	249	OG0000807	NA	NA	COG1058	CinA	ADP-ribose pyrophosphatase domain of DNA damage- and competence-inducible protein CinA	HIMB1587_00473	-1
HIMB1587-00000000001	415646	416344	+	HIMB1587_00473	HIMB1587	232	OG0000819	K06206	sugar fermentation stimulation protein A	COG1489	SfsA	DNA-binding protein, stimulates sugar fermentation	HIMB1587_00473	0
HIMB1587-00000000001	416337	417107	+	HIMB1587_00474	HIMB1587	256	OG0000721	K01265	methionyl aminopeptidase [EC:3.4.11.18]	COG0024	Map	Methionine aminopeptidase	HIMB1587_00473	1
HIMB1587-00000000001	417111	418403	+	HIMB1587_00475	HIMB1587	430	OG0000779	K01756	adenylosuccinate lyase [EC:4.3.2.2]	COG0015	PurB	Adenylosuccinate lyase	HIMB1587_00473	2
HIMB1587-00000000001	418403	419188	+	HIMB1587_00476	HIMB1587	261	OG0000769	K01923	phosphoribosylaminoimidazole-succinocarboxamide synthase [EC:6.3.2.6]	COG0152	PurC	Phosphoribosylaminoimidazole-succinocarboxamide synthase	HIMB1587_00473	3
HIMB1587-00000000001	419185	419427	+	HIMB1587_00477	HIMB1587	80	OG0000770	K23264	phosphoribosylformylglycinamidine synthase subunit PurS [EC:6.3.5.3]	COG1828	PurS	Phosphoribosylformylglycinamidine (FGAM) synthase, PurS subunit	HIMB1587_00473	4
HIMB1587-00000000001	419431	420114	+	HIMB1587_00478	HIMB1587	227	OG0000684	K23265	phosphoribosylformylglycinamidine synthase subunit PurQ / glutaminase [EC:6.3.5.3 3.5.1.2]	COG0047	PurL2	Phosphoribosylformylglycinamidine (FGAM) synthase, glutamine amidotransferase domain	HIMB1587_00473	5
HIMB1593-00000000001	1063828	1063965	-	HIMB1593_01138	HIMB1593	45	OG0001525	NA	NA	NA	NA	NA	HIMB1593_01144	-5
HIMB1593-00000000001	1063971	1064741	-	HIMB1593_01139	HIMB1593	256	OG0000972	K00858	NAD+ kinase [EC:2.7.1.23]	COG0061	NadK	NAD kinase	HIMB1593_01144	-4
HIMB1593-00000000001	1064876	1066168	-	HIMB1593_01141	HIMB1593	430	OG0001333	NA	NA	COG4091	NA	Predicted homoserine dehydrogenase, contains C-terminal SAF domain	HIMB1593_01144	-3
HIMB1593-00000000001	1066174	1066575	-	HIMB1593_01142	HIMB1593	133	OG0001035	K00682	gamma-glutamylcyclotransferase [EC:4.3.2.9]	COG2105	YtfP	Predicted gamma-glutamylamine cyclotransferase YtfP, GGCT/AIG2-like family	HIMB1593_01144	-2
HIMB1593-00000000001	1066575	1067324	-	HIMB1593_01143	HIMB1593	249	OG0000807	NA	NA	COG1058	CinA	ADP-ribose pyrophosphatase domain of DNA damage- and competence-inducible protein CinA	HIMB1593_01144	-1
HIMB1593-00000000001	1067345	1068043	+	HIMB1593_01144	HIMB1593	232	OG0000819	K06206	sugar fermentation stimulation protein A	COG1489	SfsA	DNA-binding protein, stimulates sugar fermentation	HIMB1593_01144	0
HIMB1593-00000000001	1068036	1068806	+	HIMB1593_01145	HIMB1593	256	OG0000721	K01265	methionyl aminopeptidase [EC:3.4.11.18]	COG0024	Map	Methionine aminopeptidase	HIMB1593_01144	1
HIMB1593-00000000001	1068810	1070102	+	HIMB1593_01146	HIMB1593	430	OG0000779	K01756	adenylosuccinate lyase [EC:4.3.2.2]	COG0015	PurB	Adenylosuccinate lyase	HIMB1593_01144	2
HIMB1593-00000000001	1070102	1070887	+	HIMB1593_01147	HIMB1593	261	OG0000769	K01923	phosphoribosylaminoimidazole-succinocarboxamide synthase [EC:6.3.2.6]	COG0152	PurC	Phosphoribosylaminoimidazole-succinocarboxamide synthase	HIMB1593_01144	3
HIMB1593-00000000001	1070884	1071126	+	HIMB1593_01148	HIMB1593	80	OG0000770	K23264	phosphoribosylformylglycinamidine synthase subunit PurS [EC:6.3.5.3]	COG1828	PurS	Phosphoribosylformylglycinamidine (FGAM) synthase, PurS subunit	HIMB1593_01144	4
HIMB1593-00000000001	1071130	1071813	+	HIMB1593_01149	HIMB1593	227	OG0000684	K23265	phosphoribosylformylglycinamidine synthase subunit PurQ / glutaminase [EC:6.3.5.3 3.5.1.2]	COG0047	PurL2	Phosphoribosylformylglycinamidine (FGAM) synthase, glutamine amidotransferase domain	HIMB1593_01144	5
HIMB1597-00000000001	1391073	1391756	-	HIMB1597_01467	HIMB1597	227	OG0000684	K23265	phosphoribosylformylglycinamidine synthase subunit PurQ / glutaminase [EC:6.3.5.3 3.5.1.2]	COG0047	PurL2	Phosphoribosylformylglycinamidine (FGAM) synthase, glutamine amidotransferase domain	HIMB1597_01472	-5
HIMB1597-00000000001	1391760	1392002	-	HIMB1597_01468	HIMB1597	80	OG0000770	K23264	phosphoribosylformylglycinamidine synthase subunit PurS [EC:6.3.5.3]	COG1828	PurS	Phosphoribosylformylglycinamidine (FGAM) synthase, PurS subunit	HIMB1597_01472	-4
HIMB1597-00000000001	1391999	1392784	-	HIMB1597_01469	HIMB1597	261	OG0000769	K01923	phosphoribosylaminoimidazole-succinocarboxamide synthase [EC:6.3.2.6]	COG0152	PurC	Phosphoribosylaminoimidazole-succinocarboxamide synthase	HIMB1597_01472	-3
HIMB1597-00000000001	1392784	1394076	-	HIMB1597_01470	HIMB1597	430	OG0000779	K01756	adenylosuccinate lyase [EC:4.3.2.2]	COG0015	PurB	Adenylosuccinate lyase	HIMB1597_01472	-2
HIMB1597-00000000001	1394080	1394850	-	HIMB1597_01471	HIMB1597	256	OG0000721	K01265	methionyl aminopeptidase [EC:3.4.11.18]	COG0024	Map	Methionine aminopeptidase	HIMB1597_01472	-1
HIMB1597-00000000001	1394843	1395541	-	HIMB1597_01472	HIMB1597	232	OG0000819	K06206	sugar fermentation stimulation protein A	COG1489	SfsA	DNA-binding protein, stimulates sugar fermentation	HIMB1597_01472	0
HIMB1597-00000000001	1395562	1396311	+	HIMB1597_01473	HIMB1597	249	OG0000807	NA	NA	COG1058	CinA	ADP-ribose pyrophosphatase domain of DNA damage- and competence-inducible protein CinA	HIMB1597_01472	1
HIMB1597-00000000001	1396311	1396712	+	HIMB1597_01474	HIMB1597	133	OG0001035	K00682	gamma-glutamylcyclotransferase [EC:4.3.2.9]	COG2105	YtfP	Predicted gamma-glutamylamine cyclotransferase YtfP, GGCT/AIG2-like family	HIMB1597_01472	2
HIMB1597-00000000001	1396718	1398010	+	HIMB1597_01475	HIMB1597	430	OG0001333	NA	NA	COG4091	NA	Predicted homoserine dehydrogenase, contains C-terminal SAF domain	HIMB1597_01472	3
HIMB1597-00000000001	1398145	1398915	+	HIMB1597_01477	HIMB1597	256	OG0000972	K00858	NAD+ kinase [EC:2.7.1.23]	COG0061	NadK	NAD kinase	HIMB1597_01472	4
HIMB1597-00000000001	1398921	1399058	+	HIMB1597_01478	HIMB1597	45	OG0001525	NA	NA	NA	NA	NA	HIMB1597_01472	5
HIMB1602-00000000027	2741	3424	-	HIMB1602_00397	HIMB1602	227	OG0000684	K23265	phosphoribosylformylglycinamidine synthase subunit PurQ / glutaminase [EC:6.3.5.3 3.5.1.2]	COG0047	PurL2	Phosphoribosylformylglycinamidine (FGAM) synthase, glutamine amidotransferase domain	HIMB1602_00402	-5
HIMB1602-00000000027	3428	3670	-	HIMB1602_00398	HIMB1602	80	OG0000770	K23264	phosphoribosylformylglycinamidine synthase subunit PurS [EC:6.3.5.3]	COG1828	PurS	Phosphoribosylformylglycinamidine (FGAM) synthase, PurS subunit	HIMB1602_00402	-4
HIMB1602-00000000027	3667	4452	-	HIMB1602_00399	HIMB1602	261	OG0000769	K01923	phosphoribosylaminoimidazole-succinocarboxamide synthase [EC:6.3.2.6]	COG0152	PurC	Phosphoribosylaminoimidazole-succinocarboxamide synthase	HIMB1602_00402	-3
HIMB1602-00000000027	4452	5744	-	HIMB1602_00400	HIMB1602	430	OG0000779	K01756	adenylosuccinate lyase [EC:4.3.2.2]	COG0015	PurB	Adenylosuccinate lyase	HIMB1602_00402	-2
HIMB1602-00000000027	5748	6518	-	HIMB1602_00401	HIMB1602	256	OG0000721	K01265	methionyl aminopeptidase [EC:3.4.11.18]	COG0024	Map	Methionine aminopeptidase	HIMB1602_00402	-1
HIMB1602-00000000027	6574	7209	-	HIMB1602_00402	HIMB1602	211	OG0000819	K06206	sugar fermentation stimulation protein A	COG1489	SfsA	DNA-binding protein, stimulates sugar fermentation	HIMB1602_00402	0
HIMB1602-00000000027	7230	7979	+	HIMB1602_00403	HIMB1602	249	OG0000807	NA	NA	COG1058	CinA	ADP-ribose pyrophosphatase domain of DNA damage- and competence-inducible protein CinA	HIMB1602_00402	1
HIMB1602-00000000027	7979	8380	+	HIMB1602_00404	HIMB1602	133	OG0001035	K00682	gamma-glutamylcyclotransferase [EC:4.3.2.9]	COG2105	YtfP	Predicted gamma-glutamylamine cyclotransferase YtfP, GGCT/AIG2-like family	HIMB1602_00402	2
HIMB1602-00000000027	8386	9678	+	HIMB1602_00405	HIMB1602	430	OG0001333	NA	NA	COG4091	NA	Predicted homoserine dehydrogenase, contains C-terminal SAF domain	HIMB1602_00402	3
HIMB1611-00000000001	371868	372551	-	HIMB1611_00399	HIMB1611	227	OG0000684	K23265	phosphoribosylformylglycinamidine synthase subunit PurQ / glutaminase [EC:6.3.5.3 3.5.1.2]	COG0047	PurL2	Phosphoribosylformylglycinamidine (FGAM) synthase, glutamine amidotransferase domain	HIMB1611_00404	-5
HIMB1611-00000000001	372555	372797	-	HIMB1611_00400	HIMB1611	80	OG0000770	K23264	phosphoribosylformylglycinamidine synthase subunit PurS [EC:6.3.5.3]	COG1828	PurS	Phosphoribosylformylglycinamidine (FGAM) synthase, PurS subunit	HIMB1611_00404	-4
HIMB1611-00000000001	372794	373579	-	HIMB1611_00401	HIMB1611	261	OG0000769	K01923	phosphoribosylaminoimidazole-succinocarboxamide synthase [EC:6.3.2.6]	COG0152	PurC	Phosphoribosylaminoimidazole-succinocarboxamide synthase	HIMB1611_00404	-3
HIMB1611-00000000001	373579	374871	-	HIMB1611_00402	HIMB1611	430	OG0000779	K01756	adenylosuccinate lyase [EC:4.3.2.2]	COG0015	PurB	Adenylosuccinate lyase	HIMB1611_00404	-2
HIMB1611-00000000001	374878	375645	-	HIMB1611_00403	HIMB1611	255	OG0000721	K01265	methionyl aminopeptidase [EC:3.4.11.18]	COG0024	Map	Methionine aminopeptidase	HIMB1611_00404	-1
HIMB1611-00000000001	375638	376336	-	HIMB1611_00404	HIMB1611	232	OG0000819	K06206	sugar fermentation stimulation protein A	COG1489	SfsA	DNA-binding protein, stimulates sugar fermentation	HIMB1611_00404	0
HIMB1611-00000000001	376357	377106	+	HIMB1611_00405	HIMB1611	249	OG0000807	NA	NA	COG1058	CinA	ADP-ribose pyrophosphatase domain of DNA damage- and competence-inducible protein CinA	HIMB1611_00404	1
HIMB1611-00000000001	377106	377507	+	HIMB1611_00406	HIMB1611	133	OG0001035	K00682	gamma-glutamylcyclotransferase [EC:4.3.2.9]	COG2105	YtfP	Predicted gamma-glutamylamine cyclotransferase YtfP, GGCT/AIG2-like family	HIMB1611_00404	2
HIMB1611-00000000001	377513	378805	+	HIMB1611_00407	HIMB1611	430	OG0001333	NA	NA	COG4091	NA	Predicted homoserine dehydrogenase, contains C-terminal SAF domain	HIMB1611_00404	3
HIMB1611-00000000001	378940	379710	+	HIMB1611_00409	HIMB1611	256	OG0000972	K00858	NAD+ kinase [EC:2.7.1.23]	COG0061	NadK	NAD kinase	HIMB1611_00404	4
HIMB1611-00000000001	379972	380715	-	HIMB1611_00411	HIMB1611	247	OG0000786	NA	NA	COG0566	SpoU	tRNA G18 (ribose-2'-O)-methylase SpoU	HIMB1611_00404	5
HIMB1623-00000000003	58852	59535	-	HIMB1623_00323	HIMB1623	227	OG0000684	K23265	phosphoribosylformylglycinamidine synthase subunit PurQ / glutaminase [EC:6.3.5.3 3.5.1.2]	COG0047	PurL2	Phosphoribosylformylglycinamidine (FGAM) synthase, glutamine amidotransferase domain	HIMB1623_00328	-5
HIMB1623-00000000003	59539	59781	-	HIMB1623_00324	HIMB1623	80	OG0000770	K23264	phosphoribosylformylglycinamidine synthase subunit PurS [EC:6.3.5.3]	COG1828	PurS	Phosphoribosylformylglycinamidine (FGAM) synthase, PurS subunit	HIMB1623_00328	-4
HIMB1623-00000000003	59778	60563	-	HIMB1623_00325	HIMB1623	261	OG0000769	K01923	phosphoribosylaminoimidazole-succinocarboxamide synthase [EC:6.3.2.6]	COG0152	PurC	Phosphoribosylaminoimidazole-succinocarboxamide synthase	HIMB1623_00328	-3
HIMB1623-00000000003	60563	61855	-	HIMB1623_00326	HIMB1623	430	OG0000779	K01756	adenylosuccinate lyase [EC:4.3.2.2]	COG0015	PurB	Adenylosuccinate lyase	HIMB1623_00328	-2
HIMB1623-00000000003	61859	62629	-	HIMB1623_00327	HIMB1623	256	OG0000721	K01265	methionyl aminopeptidase [EC:3.4.11.18]	COG0024	Map	Methionine aminopeptidase	HIMB1623_00328	-1
HIMB1623-00000000003	62622	63320	-	HIMB1623_00328	HIMB1623	232	OG0000819	K06206	sugar fermentation stimulation protein A	COG1489	SfsA	DNA-binding protein, stimulates sugar fermentation	HIMB1623_00328	0
HIMB1623-00000000003	63341	64090	+	HIMB1623_00329	HIMB1623	249	OG0000807	NA	NA	COG1058	CinA	ADP-ribose pyrophosphatase domain of DNA damage- and competence-inducible protein CinA	HIMB1623_00328	1
HIMB1623-00000000003	64090	64491	+	HIMB1623_00330	HIMB1623	133	OG0001035	K00682	gamma-glutamylcyclotransferase [EC:4.3.2.9]	COG2105	YtfP	Predicted gamma-glutamylamine cyclotransferase YtfP, GGCT/AIG2-like family	HIMB1623_00328	2
HIMB1623-00000000003	64497	65789	+	HIMB1623_00331	HIMB1623	430	OG0001333	NA	NA	COG4091	NA	Predicted homoserine dehydrogenase, contains C-terminal SAF domain	HIMB1623_00328	3
HIMB1623-00000000003	66705	66842	+	HIMB1623_00333	HIMB1623	45	OG0001525	NA	NA	NA	NA	NA	HIMB1623_00328	4
HIMB1623-00000000003	66961	67704	-	HIMB1623_00335	HIMB1623	247	OG0000786	NA	NA	COG0566	SpoU	tRNA G18 (ribose-2'-O)-methylase SpoU	HIMB1623_00328	5
HIMB1631-00000000001	419905	420705	-	HIMB1631_00481	HIMB1631	266	OG0000030	NA	NA	NA	NA	NA	HIMB1631_00486	-5
HIMB1631-00000000001	420707	422038	-	HIMB1631_00482	HIMB1631	443	OG0001338	NA	NA	COG1032	YgiQ	Radical SAM superfamily enzyme YgiQ, UPF0313 family	HIMB1631_00486	-4
HIMB1631-00000000001	422106	422738	-	HIMB1631_00483	HIMB1631	210	OG0000008	NA	NA	COG2227	UbiG	2-polyprenyl-3-methyl-5-hydroxy-6-metoxy-1,4-benzoquinol methylase	HIMB1631_00486	-3
HIMB1631-00000000001	422735	423139	-	HIMB1631_00484	HIMB1631	134	OG0001035	K00682	gamma-glutamylcyclotransferase [EC:4.3.2.9]	COG2105	YtfP	Predicted gamma-glutamylamine cyclotransferase YtfP, GGCT/AIG2-like family	HIMB1631_00486	-2
HIMB1631-00000000001	423139	423888	-	HIMB1631_00485	HIMB1631	249	OG0000807	NA	NA	COG1058	CinA	ADP-ribose pyrophosphatase domain of DNA damage- and competence-inducible protein CinA	HIMB1631_00486	-1
HIMB1631-00000000001	423909	424607	+	HIMB1631_00486	HIMB1631	232	OG0000819	K06206	sugar fermentation stimulation protein A	COG1489	SfsA	DNA-binding protein, stimulates sugar fermentation	HIMB1631_00486	0
HIMB1631-00000000001	424600	425367	+	HIMB1631_00487	HIMB1631	255	OG0000721	K01265	methionyl aminopeptidase [EC:3.4.11.18]	COG0024	Map	Methionine aminopeptidase	HIMB1631_00486	1
HIMB1631-00000000001	425374	426666	+	HIMB1631_00488	HIMB1631	430	OG0000779	K01756	adenylosuccinate lyase [EC:4.3.2.2]	COG0015	PurB	Adenylosuccinate lyase	HIMB1631_00486	2
HIMB1631-00000000001	426666	427451	+	HIMB1631_00489	HIMB1631	261	OG0000769	K01923	phosphoribosylaminoimidazole-succinocarboxamide synthase [EC:6.3.2.6]	COG0152	PurC	Phosphoribosylaminoimidazole-succinocarboxamide synthase	HIMB1631_00486	3
HIMB1631-00000000001	427448	427690	+	HIMB1631_00490	HIMB1631	80	OG0000770	K23264	phosphoribosylformylglycinamidine synthase subunit PurS [EC:6.3.5.3]	COG1828	PurS	Phosphoribosylformylglycinamidine (FGAM) synthase, PurS subunit	HIMB1631_00486	4
HIMB1631-00000000001	427694	428377	+	HIMB1631_00491	HIMB1631	227	OG0000684	K23265	phosphoribosylformylglycinamidine synthase subunit PurQ / glutaminase [EC:6.3.5.3 3.5.1.2]	COG0047	PurL2	Phosphoribosylformylglycinamidine (FGAM) synthase, glutamine amidotransferase domain	HIMB1631_00486	5
HIMB1636-00000000001	364528	365211	-	HIMB1636_00358	HIMB1636	227	OG0000684	K23265	phosphoribosylformylglycinamidine synthase subunit PurQ / glutaminase [EC:6.3.5.3 3.5.1.2]	COG0047	PurL2	Phosphoribosylformylglycinamidine (FGAM) synthase, glutamine amidotransferase domain	HIMB1636_00363	-5
HIMB1636-00000000001	365215	365457	-	HIMB1636_00359	HIMB1636	80	OG0000770	K23264	phosphoribosylformylglycinamidine synthase subunit PurS [EC:6.3.5.3]	COG1828	PurS	Phosphoribosylformylglycinamidine (FGAM) synthase, PurS subunit	HIMB1636_00363	-4
HIMB1636-00000000001	365454	366239	-	HIMB1636_00360	HIMB1636	261	OG0000769	K01923	phosphoribosylaminoimidazole-succinocarboxamide synthase [EC:6.3.2.6]	COG0152	PurC	Phosphoribosylaminoimidazole-succinocarboxamide synthase	HIMB1636_00363	-3
HIMB1636-00000000001	366239	367531	-	HIMB1636_00361	HIMB1636	430	OG0000779	K01756	adenylosuccinate lyase [EC:4.3.2.2]	COG0015	PurB	Adenylosuccinate lyase	HIMB1636_00363	-2
HIMB1636-00000000001	367535	368305	-	HIMB1636_00362	HIMB1636	256	OG0000721	K01265	methionyl aminopeptidase [EC:3.4.11.18]	COG0024	Map	Methionine aminopeptidase	HIMB1636_00363	-1
HIMB1636-00000000001	368298	368996	-	HIMB1636_00363	HIMB1636	232	OG0000819	K06206	sugar fermentation stimulation protein A	COG1489	SfsA	DNA-binding protein, stimulates sugar fermentation	HIMB1636_00363	0
HIMB1636-00000000001	369017	369766	+	HIMB1636_00364	HIMB1636	249	OG0000807	NA	NA	COG1058	CinA	ADP-ribose pyrophosphatase domain of DNA damage- and competence-inducible protein CinA	HIMB1636_00363	1
HIMB1636-00000000001	369766	370167	+	HIMB1636_00365	HIMB1636	133	OG0001035	K00682	gamma-glutamylcyclotransferase [EC:4.3.2.9]	COG2105	YtfP	Predicted gamma-glutamylamine cyclotransferase YtfP, GGCT/AIG2-like family	HIMB1636_00363	2
HIMB1636-00000000001	370175	371467	+	HIMB1636_00366	HIMB1636	430	OG0001333	NA	NA	COG4091	NA	Predicted homoserine dehydrogenase, contains C-terminal SAF domain	HIMB1636_00363	3
HIMB1636-00000000001	371602	372372	+	HIMB1636_00368	HIMB1636	256	OG0000972	K00858	NAD+ kinase [EC:2.7.1.23]	COG0061	NadK	NAD kinase	HIMB1636_00363	4
HIMB1636-00000000001	372427	372657	+	HIMB1636_00369	HIMB1636	76	OG0001488	NA	NA	NA	NA	NA	HIMB1636_00363	5
HIMB1641-00000000001	957651	958334	-	HIMB1641_00972	HIMB1641	227	OG0000684	K23265	phosphoribosylformylglycinamidine synthase subunit PurQ / glutaminase [EC:6.3.5.3 3.5.1.2]	COG0047	PurL2	Phosphoribosylformylglycinamidine (FGAM) synthase, glutamine amidotransferase domain	HIMB1641_00977	-5
HIMB1641-00000000001	958338	958580	-	HIMB1641_00973	HIMB1641	80	OG0000770	K23264	phosphoribosylformylglycinamidine synthase subunit PurS [EC:6.3.5.3]	COG1828	PurS	Phosphoribosylformylglycinamidine (FGAM) synthase, PurS subunit	HIMB1641_00977	-4
HIMB1641-00000000001	958577	959362	-	HIMB1641_00974	HIMB1641	261	OG0000769	K01923	phosphoribosylaminoimidazole-succinocarboxamide synthase [EC:6.3.2.6]	COG0152	PurC	Phosphoribosylaminoimidazole-succinocarboxamide synthase	HIMB1641_00977	-3
HIMB1641-00000000001	959362	960654	-	HIMB1641_00975	HIMB1641	430	OG0000779	K01756	adenylosuccinate lyase [EC:4.3.2.2]	COG0015	PurB	Adenylosuccinate lyase	HIMB1641_00977	-2
HIMB1641-00000000001	960658	961428	-	HIMB1641_00976	HIMB1641	256	OG0000721	K01265	methionyl aminopeptidase [EC:3.4.11.18]	COG0024	Map	Methionine aminopeptidase	HIMB1641_00977	-1
HIMB1641-00000000001	961421	962119	-	HIMB1641_00977	HIMB1641	232	OG0000819	K06206	sugar fermentation stimulation protein A	COG1489	SfsA	DNA-binding protein, stimulates sugar fermentation	HIMB1641_00977	0
HIMB1641-00000000001	962140	962889	+	HIMB1641_00978	HIMB1641	249	OG0000807	NA	NA	COG1058	CinA	ADP-ribose pyrophosphatase domain of DNA damage- and competence-inducible protein CinA	HIMB1641_00977	1
HIMB1641-00000000001	962889	963290	+	HIMB1641_00979	HIMB1641	133	OG0001035	K00682	gamma-glutamylcyclotransferase [EC:4.3.2.9]	COG2105	YtfP	Predicted gamma-glutamylamine cyclotransferase YtfP, GGCT/AIG2-like family	HIMB1641_00977	2
HIMB1641-00000000001	963298	964590	+	HIMB1641_00980	HIMB1641	430	OG0001333	NA	NA	COG4091	NA	Predicted homoserine dehydrogenase, contains C-terminal SAF domain	HIMB1641_00977	3
HIMB1641-00000000001	964725	965495	+	HIMB1641_00982	HIMB1641	256	OG0000972	K00858	NAD+ kinase [EC:2.7.1.23]	COG0061	NadK	NAD kinase	HIMB1641_00977	4
HIMB1641-00000000001	965550	965780	+	HIMB1641_00983	HIMB1641	76	OG0001488	NA	NA	NA	NA	NA	HIMB1641_00977	5
HIMB1662-00000000001	936411	937094	-	HIMB1662_00968	HIMB1662	227	OG0000684	K23265	phosphoribosylformylglycinamidine synthase subunit PurQ / glutaminase [EC:6.3.5.3 3.5.1.2]	COG0047	PurL2	Phosphoribosylformylglycinamidine (FGAM) synthase, glutamine amidotransferase domain	HIMB1662_00973	-5
HIMB1662-00000000001	937098	937340	-	HIMB1662_00969	HIMB1662	80	OG0000770	K23264	phosphoribosylformylglycinamidine synthase subunit PurS [EC:6.3.5.3]	COG1828	PurS	Phosphoribosylformylglycinamidine (FGAM) synthase, PurS subunit	HIMB1662_00973	-4
HIMB1662-00000000001	937337	938122	-	HIMB1662_00970	HIMB1662	261	OG0000769	K01923	phosphoribosylaminoimidazole-succinocarboxamide synthase [EC:6.3.2.6]	COG0152	PurC	Phosphoribosylaminoimidazole-succinocarboxamide synthase	HIMB1662_00973	-3
HIMB1662-00000000001	938122	939414	-	HIMB1662_00971	HIMB1662	430	OG0000779	K01756	adenylosuccinate lyase [EC:4.3.2.2]	COG0015	PurB	Adenylosuccinate lyase	HIMB1662_00973	-2
HIMB1662-00000000001	939418	940188	-	HIMB1662_00972	HIMB1662	256	OG0000721	K01265	methionyl aminopeptidase [EC:3.4.11.18]	COG0024	Map	Methionine aminopeptidase	HIMB1662_00973	-1
HIMB1662-00000000001	940181	940879	-	HIMB1662_00973	HIMB1662	232	OG0000819	K06206	sugar fermentation stimulation protein A	COG1489	SfsA	DNA-binding protein, stimulates sugar fermentation	HIMB1662_00973	0
HIMB1662-00000000001	940900	941649	+	HIMB1662_00974	HIMB1662	249	OG0000807	NA	NA	COG1058	CinA	ADP-ribose pyrophosphatase domain of DNA damage- and competence-inducible protein CinA	HIMB1662_00973	1
HIMB1662-00000000001	941649	942050	+	HIMB1662_00975	HIMB1662	133	OG0001035	K00682	gamma-glutamylcyclotransferase [EC:4.3.2.9]	COG2105	YtfP	Predicted gamma-glutamylamine cyclotransferase YtfP, GGCT/AIG2-like family	HIMB1662_00973	2
HIMB1662-00000000001	942056	943348	+	HIMB1662_00976	HIMB1662	430	OG0001333	NA	NA	COG4091	NA	Predicted homoserine dehydrogenase, contains C-terminal SAF domain	HIMB1662_00973	3
HIMB1662-00000000001	943357	944043	+	HIMB1662_00977	HIMB1662	228	OG0000043	NA	NA	COG0463	WcaA	Glycosyltransferase involved in cell wall bisynthesis	HIMB1662_00973	4
HIMB1662-00000000001	944230	945000	+	HIMB1662_00979	HIMB1662	256	OG0000972	K00858	NAD+ kinase [EC:2.7.1.23]	COG0061	NadK	NAD kinase	HIMB1662_00973	5
HIMB1685-00000000001	58042	58725	-	HIMB1685_00062	HIMB1685	227	OG0000684	K23265	phosphoribosylformylglycinamidine synthase subunit PurQ / glutaminase [EC:6.3.5.3 3.5.1.2]	COG0047	PurL2	Phosphoribosylformylglycinamidine (FGAM) synthase, glutamine amidotransferase domain	HIMB1685_00067	-5
HIMB1685-00000000001	58729	58971	-	HIMB1685_00063	HIMB1685	80	OG0000770	K23264	phosphoribosylformylglycinamidine synthase subunit PurS [EC:6.3.5.3]	COG1828	PurS	Phosphoribosylformylglycinamidine (FGAM) synthase, PurS subunit	HIMB1685_00067	-4
HIMB1685-00000000001	58968	59753	-	HIMB1685_00064	HIMB1685	261	OG0000769	K01923	phosphoribosylaminoimidazole-succinocarboxamide synthase [EC:6.3.2.6]	COG0152	PurC	Phosphoribosylaminoimidazole-succinocarboxamide synthase	HIMB1685_00067	-3
HIMB1685-00000000001	59753	61045	-	HIMB1685_00065	HIMB1685	430	OG0000779	K01756	adenylosuccinate lyase [EC:4.3.2.2]	COG0015	PurB	Adenylosuccinate lyase	HIMB1685_00067	-2
HIMB1685-00000000001	61049	61819	-	HIMB1685_00066	HIMB1685	256	OG0000721	K01265	methionyl aminopeptidase [EC:3.4.11.18]	COG0024	Map	Methionine aminopeptidase	HIMB1685_00067	-1
HIMB1685-00000000001	61812	62510	-	HIMB1685_00067	HIMB1685	232	OG0000819	K06206	sugar fermentation stimulation protein A	COG1489	SfsA	DNA-binding protein, stimulates sugar fermentation	HIMB1685_00067	0
HIMB1685-00000000001	62531	63280	+	HIMB1685_00068	HIMB1685	249	OG0000807	NA	NA	COG1058	CinA	ADP-ribose pyrophosphatase domain of DNA damage- and competence-inducible protein CinA	HIMB1685_00067	1
HIMB1685-00000000001	63280	63681	+	HIMB1685_00069	HIMB1685	133	OG0001035	K00682	gamma-glutamylcyclotransferase [EC:4.3.2.9]	COG2105	YtfP	Predicted gamma-glutamylamine cyclotransferase YtfP, GGCT/AIG2-like family	HIMB1685_00067	2
HIMB1685-00000000001	63754	63984	+	HIMB1685_00070	HIMB1685	76	OG0002247	NA	NA	NA	NA	NA	HIMB1685_00067	3
HIMB1685-00000000001	64145	64915	+	HIMB1685_00072	HIMB1685	256	OG0000972	K00858	NAD+ kinase [EC:2.7.1.23]	COG0061	NadK	NAD kinase	HIMB1685_00067	4
HIMB1685-00000000001	64974	65768	+	HIMB1685_00073	HIMB1685	264	OG0000274	K00978	glucose-1-phosphate cytidylyltransferase [EC:2.7.7.33]	COG1208	GCD1	NDP-sugar pyrophosphorylase, includes eIF-2Bgamma, eIF-2Bepsilon, and LPS biosynthesis protein s	HIMB1685_00067	5
HIMB1695-00000000001	148915	149598	-	HIMB1695_00156	HIMB1695	227	OG0000684	K23265	phosphoribosylformylglycinamidine synthase subunit PurQ / glutaminase [EC:6.3.5.3 3.5.1.2]	COG0047	PurL2	Phosphoribosylformylglycinamidine (FGAM) synthase, glutamine amidotransferase domain	HIMB1695_00161	-5
HIMB1695-00000000001	149602	149844	-	HIMB1695_00157	HIMB1695	80	OG0000770	K23264	phosphoribosylformylglycinamidine synthase subunit PurS [EC:6.3.5.3]	COG1828	PurS	Phosphoribosylformylglycinamidine (FGAM) synthase, PurS subunit	HIMB1695_00161	-4
HIMB1695-00000000001	149841	150626	-	HIMB1695_00158	HIMB1695	261	OG0000769	K01923	phosphoribosylaminoimidazole-succinocarboxamide synthase [EC:6.3.2.6]	COG0152	PurC	Phosphoribosylaminoimidazole-succinocarboxamide synthase	HIMB1695_00161	-3
HIMB1695-00000000001	150626	151918	-	HIMB1695_00159	HIMB1695	430	OG0000779	K01756	adenylosuccinate lyase [EC:4.3.2.2]	COG0015	PurB	Adenylosuccinate lyase	HIMB1695_00161	-2
HIMB1695-00000000001	151922	152692	-	HIMB1695_00160	HIMB1695	256	OG0000721	K01265	methionyl aminopeptidase [EC:3.4.11.18]	COG0024	Map	Methionine aminopeptidase	HIMB1695_00161	-1
HIMB1695-00000000001	152685	153383	-	HIMB1695_00161	HIMB1695	232	OG0000819	K06206	sugar fermentation stimulation protein A	COG1489	SfsA	DNA-binding protein, stimulates sugar fermentation	HIMB1695_00161	0
HIMB1695-00000000001	153404	154153	+	HIMB1695_00162	HIMB1695	249	OG0000807	NA	NA	COG1058	CinA	ADP-ribose pyrophosphatase domain of DNA damage- and competence-inducible protein CinA	HIMB1695_00161	1
HIMB1695-00000000001	154153	154554	+	HIMB1695_00163	HIMB1695	133	OG0001035	K00682	gamma-glutamylcyclotransferase [EC:4.3.2.9]	COG2105	YtfP	Predicted gamma-glutamylamine cyclotransferase YtfP, GGCT/AIG2-like family	HIMB1695_00161	2
HIMB1695-00000000001	154560	155852	+	HIMB1695_00164	HIMB1695	430	OG0001333	NA	NA	COG4091	NA	Predicted homoserine dehydrogenase, contains C-terminal SAF domain	HIMB1695_00161	3
HIMB1695-00000000001	155987	156757	+	HIMB1695_00166	HIMB1695	256	OG0000972	K00858	NAD+ kinase [EC:2.7.1.23]	COG0061	NadK	NAD kinase	HIMB1695_00161	4
HIMB1695-00000000001	157105	158322	+	HIMB1695_00168	HIMB1695	405	OG0000008	NA	NA	COG2227	UbiG	2-polyprenyl-3-methyl-5-hydroxy-6-metoxy-1,4-benzoquinol methylase	HIMB1695_00161	5
HIMB1701-00000000001	56493	57176	-	HIMB1701_00063	HIMB1701	227	OG0000684	K23265	phosphoribosylformylglycinamidine synthase subunit PurQ / glutaminase [EC:6.3.5.3 3.5.1.2]	COG0047	PurL2	Phosphoribosylformylglycinamidine (FGAM) synthase, glutamine amidotransferase domain	HIMB1701_00068	-5
HIMB1701-00000000001	57180	57422	-	HIMB1701_00064	HIMB1701	80	OG0000770	K23264	phosphoribosylformylglycinamidine synthase subunit PurS [EC:6.3.5.3]	COG1828	PurS	Phosphoribosylformylglycinamidine (FGAM) synthase, PurS subunit	HIMB1701_00068	-4
HIMB1701-00000000001	57419	58204	-	HIMB1701_00065	HIMB1701	261	OG0000769	K01923	phosphoribosylaminoimidazole-succinocarboxamide synthase [EC:6.3.2.6]	COG0152	PurC	Phosphoribosylaminoimidazole-succinocarboxamide synthase	HIMB1701_00068	-3
HIMB1701-00000000001	58204	59496	-	HIMB1701_00066	HIMB1701	430	OG0000779	K01756	adenylosuccinate lyase [EC:4.3.2.2]	COG0015	PurB	Adenylosuccinate lyase	HIMB1701_00068	-2
HIMB1701-00000000001	59500	60270	-	HIMB1701_00067	HIMB1701	256	OG0000721	K01265	methionyl aminopeptidase [EC:3.4.11.18]	COG0024	Map	Methionine aminopeptidase	HIMB1701_00068	-1
HIMB1701-00000000001	60263	60961	-	HIMB1701_00068	HIMB1701	232	OG0000819	K06206	sugar fermentation stimulation protein A	COG1489	SfsA	DNA-binding protein, stimulates sugar fermentation	HIMB1701_00068	0
HIMB1701-00000000001	60982	61731	+	HIMB1701_00069	HIMB1701	249	OG0000807	NA	NA	COG1058	CinA	ADP-ribose pyrophosphatase domain of DNA damage- and competence-inducible protein CinA	HIMB1701_00068	1
HIMB1701-00000000001	61731	62132	+	HIMB1701_00070	HIMB1701	133	OG0001035	K00682	gamma-glutamylcyclotransferase [EC:4.3.2.9]	COG2105	YtfP	Predicted gamma-glutamylamine cyclotransferase YtfP, GGCT/AIG2-like family	HIMB1701_00068	2
HIMB1701-00000000001	62137	62844	+	HIMB1701_00071	HIMB1701	235	OG0001705	NA	NA	NA	NA	NA	HIMB1701_00068	3
HIMB1701-00000000001	62848	64140	+	HIMB1701_00072	HIMB1701	430	OG0001333	NA	NA	COG4091	NA	Predicted homoserine dehydrogenase, contains C-terminal SAF domain	HIMB1701_00068	4
HIMB1701-00000000001	64275	65045	+	HIMB1701_00074	HIMB1701	256	OG0000972	K00858	NAD+ kinase [EC:2.7.1.23]	COG0061	NadK	NAD kinase	HIMB1701_00068	5
HIMB1702-00000000001	1070760	1070990	-	HIMB1702_01153	HIMB1702	76	OG0001488	NA	NA	NA	NA	NA	HIMB1702_01159	-5
HIMB1702-00000000001	1071045	1071815	-	HIMB1702_01154	HIMB1702	256	OG0000972	K00858	NAD+ kinase [EC:2.7.1.23]	COG0061	NadK	NAD kinase	HIMB1702_01159	-4
HIMB1702-00000000001	1071950	1073242	-	HIMB1702_01156	HIMB1702	430	OG0001333	NA	NA	COG4091	NA	Predicted homoserine dehydrogenase, contains C-terminal SAF domain	HIMB1702_01159	-3
HIMB1702-00000000001	1073250	1073651	-	HIMB1702_01157	HIMB1702	133	OG0001035	K00682	gamma-glutamylcyclotransferase [EC:4.3.2.9]	COG2105	YtfP	Predicted gamma-glutamylamine cyclotransferase YtfP, GGCT/AIG2-like family	HIMB1702_01159	-2
HIMB1702-00000000001	1073651	1074400	-	HIMB1702_01158	HIMB1702	249	OG0000807	NA	NA	COG1058	CinA	ADP-ribose pyrophosphatase domain of DNA damage- and competence-inducible protein CinA	HIMB1702_01159	-1
HIMB1702-00000000001	1074421	1075119	+	HIMB1702_01159	HIMB1702	232	OG0000819	K06206	sugar fermentation stimulation protein A	COG1489	SfsA	DNA-binding protein, stimulates sugar fermentation	HIMB1702_01159	0
HIMB1702-00000000001	1075112	1075882	+	HIMB1702_01160	HIMB1702	256	OG0000721	K01265	methionyl aminopeptidase [EC:3.4.11.18]	COG0024	Map	Methionine aminopeptidase	HIMB1702_01159	1
HIMB1702-00000000001	1075886	1077178	+	HIMB1702_01161	HIMB1702	430	OG0000779	K01756	adenylosuccinate lyase [EC:4.3.2.2]	COG0015	PurB	Adenylosuccinate lyase	HIMB1702_01159	2
HIMB1702-00000000001	1077178	1077963	+	HIMB1702_01162	HIMB1702	261	OG0000769	K01923	phosphoribosylaminoimidazole-succinocarboxamide synthase [EC:6.3.2.6]	COG0152	PurC	Phosphoribosylaminoimidazole-succinocarboxamide synthase	HIMB1702_01159	3
HIMB1702-00000000001	1077960	1078202	+	HIMB1702_01163	HIMB1702	80	OG0000770	K23264	phosphoribosylformylglycinamidine synthase subunit PurS [EC:6.3.5.3]	COG1828	PurS	Phosphoribosylformylglycinamidine (FGAM) synthase, PurS subunit	HIMB1702_01159	4
HIMB1702-00000000001	1078206	1078889	+	HIMB1702_01164	HIMB1702	227	OG0000684	K23265	phosphoribosylformylglycinamidine synthase subunit PurQ / glutaminase [EC:6.3.5.3 3.5.1.2]	COG0047	PurL2	Phosphoribosylformylglycinamidine (FGAM) synthase, glutamine amidotransferase domain	HIMB1702_01159	5
HIMB1709-00000000001	65685	66368	-	HIMB1709_00068	HIMB1709	227	OG0000684	K23265	phosphoribosylformylglycinamidine synthase subunit PurQ / glutaminase [EC:6.3.5.3 3.5.1.2]	COG0047	PurL2	Phosphoribosylformylglycinamidine (FGAM) synthase, glutamine amidotransferase domain	HIMB1709_00073	-5
HIMB1709-00000000001	66372	66614	-	HIMB1709_00069	HIMB1709	80	OG0000770	K23264	phosphoribosylformylglycinamidine synthase subunit PurS [EC:6.3.5.3]	COG1828	PurS	Phosphoribosylformylglycinamidine (FGAM) synthase, PurS subunit	HIMB1709_00073	-4
HIMB1709-00000000001	66611	67396	-	HIMB1709_00070	HIMB1709	261	OG0000769	K01923	phosphoribosylaminoimidazole-succinocarboxamide synthase [EC:6.3.2.6]	COG0152	PurC	Phosphoribosylaminoimidazole-succinocarboxamide synthase	HIMB1709_00073	-3
HIMB1709-00000000001	67396	68688	-	HIMB1709_00071	HIMB1709	430	OG0000779	K01756	adenylosuccinate lyase [EC:4.3.2.2]	COG0015	PurB	Adenylosuccinate lyase	HIMB1709_00073	-2
HIMB1709-00000000001	68692	69462	-	HIMB1709_00072	HIMB1709	256	OG0000721	K01265	methionyl aminopeptidase [EC:3.4.11.18]	COG0024	Map	Methionine aminopeptidase	HIMB1709_00073	-1
HIMB1709-00000000001	69455	70153	-	HIMB1709_00073	HIMB1709	232	OG0000819	K06206	sugar fermentation stimulation protein A	COG1489	SfsA	DNA-binding protein, stimulates sugar fermentation	HIMB1709_00073	0
HIMB1709-00000000001	70174	70923	+	HIMB1709_00074	HIMB1709	249	OG0000807	NA	NA	COG1058	CinA	ADP-ribose pyrophosphatase domain of DNA damage- and competence-inducible protein CinA	HIMB1709_00073	1
HIMB1709-00000000001	70923	71324	+	HIMB1709_00075	HIMB1709	133	OG0001035	K00682	gamma-glutamylcyclotransferase [EC:4.3.2.9]	COG2105	YtfP	Predicted gamma-glutamylamine cyclotransferase YtfP, GGCT/AIG2-like family	HIMB1709_00073	2
HIMB1709-00000000001	71330	72622	+	HIMB1709_00076	HIMB1709	430	OG0001333	NA	NA	COG4091	NA	Predicted homoserine dehydrogenase, contains C-terminal SAF domain	HIMB1709_00073	3
HIMB1709-00000000001	72757	73527	+	HIMB1709_00078	HIMB1709	256	OG0000972	K00858	NAD+ kinase [EC:2.7.1.23]	COG0061	NadK	NAD kinase	HIMB1709_00073	4
HIMB1709-00000000001	73789	74532	-	HIMB1709_00080	HIMB1709	247	OG0000786	NA	NA	COG0566	SpoU	tRNA G18 (ribose-2'-O)-methylase SpoU	HIMB1709_00073	5
HIMB1710-00000000003	1039602	1039832	-	HIMB1710_01131	HIMB1710	76	OG0001488	NA	NA	NA	NA	NA	HIMB1710_01137	-5
HIMB1710-00000000003	1039887	1040657	-	HIMB1710_01132	HIMB1710	256	OG0000972	K00858	NAD+ kinase [EC:2.7.1.23]	COG0061	NadK	NAD kinase	HIMB1710_01137	-4
HIMB1710-00000000003	1040792	1042084	-	HIMB1710_01134	HIMB1710	430	OG0001333	NA	NA	COG4091	NA	Predicted homoserine dehydrogenase, contains C-terminal SAF domain	HIMB1710_01137	-3
HIMB1710-00000000003	1042092	1042493	-	HIMB1710_01135	HIMB1710	133	OG0001035	K00682	gamma-glutamylcyclotransferase [EC:4.3.2.9]	COG2105	YtfP	Predicted gamma-glutamylamine cyclotransferase YtfP, GGCT/AIG2-like family	HIMB1710_01137	-2
HIMB1710-00000000003	1042493	1043242	-	HIMB1710_01136	HIMB1710	249	OG0000807	NA	NA	COG1058	CinA	ADP-ribose pyrophosphatase domain of DNA damage- and competence-inducible protein CinA	HIMB1710_01137	-1
HIMB1710-00000000003	1043263	1043961	+	HIMB1710_01137	HIMB1710	232	OG0000819	K06206	sugar fermentation stimulation protein A	COG1489	SfsA	DNA-binding protein, stimulates sugar fermentation	HIMB1710_01137	0
HIMB1710-00000000003	1043954	1044724	+	HIMB1710_01138	HIMB1710	256	OG0000721	K01265	methionyl aminopeptidase [EC:3.4.11.18]	COG0024	Map	Methionine aminopeptidase	HIMB1710_01137	1
HIMB1710-00000000003	1044728	1046020	+	HIMB1710_01139	HIMB1710	430	OG0000779	K01756	adenylosuccinate lyase [EC:4.3.2.2]	COG0015	PurB	Adenylosuccinate lyase	HIMB1710_01137	2
HIMB1710-00000000003	1046020	1046805	+	HIMB1710_01140	HIMB1710	261	OG0000769	K01923	phosphoribosylaminoimidazole-succinocarboxamide synthase [EC:6.3.2.6]	COG0152	PurC	Phosphoribosylaminoimidazole-succinocarboxamide synthase	HIMB1710_01137	3
HIMB1710-00000000003	1046802	1047044	+	HIMB1710_01141	HIMB1710	80	OG0000770	K23264	phosphoribosylformylglycinamidine synthase subunit PurS [EC:6.3.5.3]	COG1828	PurS	Phosphoribosylformylglycinamidine (FGAM) synthase, PurS subunit	HIMB1710_01137	4
HIMB1710-00000000003	1047048	1047731	+	HIMB1710_01142	HIMB1710	227	OG0000684	K23265	phosphoribosylformylglycinamidine synthase subunit PurQ / glutaminase [EC:6.3.5.3 3.5.1.2]	COG0047	PurL2	Phosphoribosylformylglycinamidine (FGAM) synthase, glutamine amidotransferase domain	HIMB1710_01137	5
HIMB1715-00000000004	100721	101404	-	HIMB1715_00400	HIMB1715	227	OG0000684	K23265	phosphoribosylformylglycinamidine synthase subunit PurQ / glutaminase [EC:6.3.5.3 3.5.1.2]	COG0047	PurL2	Phosphoribosylformylglycinamidine (FGAM) synthase, glutamine amidotransferase domain	HIMB1715_00405	-5
HIMB1715-00000000004	101408	101650	-	HIMB1715_00401	HIMB1715	80	OG0000770	K23264	phosphoribosylformylglycinamidine synthase subunit PurS [EC:6.3.5.3]	COG1828	PurS	Phosphoribosylformylglycinamidine (FGAM) synthase, PurS subunit	HIMB1715_00405	-4
HIMB1715-00000000004	101647	102432	-	HIMB1715_00402	HIMB1715	261	OG0000769	K01923	phosphoribosylaminoimidazole-succinocarboxamide synthase [EC:6.3.2.6]	COG0152	PurC	Phosphoribosylaminoimidazole-succinocarboxamide synthase	HIMB1715_00405	-3
HIMB1715-00000000004	102432	103724	-	HIMB1715_00403	HIMB1715	430	OG0000779	K01756	adenylosuccinate lyase [EC:4.3.2.2]	COG0015	PurB	Adenylosuccinate lyase	HIMB1715_00405	-2
HIMB1715-00000000004	103728	104498	-	HIMB1715_00404	HIMB1715	256	OG0000721	K01265	methionyl aminopeptidase [EC:3.4.11.18]	COG0024	Map	Methionine aminopeptidase	HIMB1715_00405	-1
HIMB1715-00000000004	104491	105189	-	HIMB1715_00405	HIMB1715	232	OG0000819	K06206	sugar fermentation stimulation protein A	COG1489	SfsA	DNA-binding protein, stimulates sugar fermentation	HIMB1715_00405	0
HIMB1715-00000000004	105210	105959	+	HIMB1715_00406	HIMB1715	249	OG0000807	NA	NA	COG1058	CinA	ADP-ribose pyrophosphatase domain of DNA damage- and competence-inducible protein CinA	HIMB1715_00405	1
HIMB1715-00000000004	105959	106360	+	HIMB1715_00407	HIMB1715	133	OG0001035	K00682	gamma-glutamylcyclotransferase [EC:4.3.2.9]	COG2105	YtfP	Predicted gamma-glutamylamine cyclotransferase YtfP, GGCT/AIG2-like family	HIMB1715_00405	2
HIMB1715-00000000004	106366	107658	+	HIMB1715_00408	HIMB1715	430	OG0001333	NA	NA	COG4091	NA	Predicted homoserine dehydrogenase, contains C-terminal SAF domain	HIMB1715_00405	3
HIMB1715-00000000004	107793	108563	+	HIMB1715_00410	HIMB1715	256	OG0000972	K00858	NAD+ kinase [EC:2.7.1.23]	COG0061	NadK	NAD kinase	HIMB1715_00405	4
HIMB1715-00000000004	108569	108706	+	HIMB1715_00411	HIMB1715	45	OG0001525	NA	NA	NA	NA	NA	HIMB1715_00405	5
HIMB1723-00000000001	1300979	1301662	-	HIMB1723_01347	HIMB1723	227	OG0000684	K23265	phosphoribosylformylglycinamidine synthase subunit PurQ / glutaminase [EC:6.3.5.3 3.5.1.2]	COG0047	PurL2	Phosphoribosylformylglycinamidine (FGAM) synthase, glutamine amidotransferase domain	HIMB1723_01352	-5
HIMB1723-00000000001	1301666	1301908	-	HIMB1723_01348	HIMB1723	80	OG0000770	K23264	phosphoribosylformylglycinamidine synthase subunit PurS [EC:6.3.5.3]	COG1828	PurS	Phosphoribosylformylglycinamidine (FGAM) synthase, PurS subunit	HIMB1723_01352	-4
HIMB1723-00000000001	1301905	1302690	-	HIMB1723_01349	HIMB1723	261	OG0000769	K01923	phosphoribosylaminoimidazole-succinocarboxamide synthase [EC:6.3.2.6]	COG0152	PurC	Phosphoribosylaminoimidazole-succinocarboxamide synthase	HIMB1723_01352	-3
HIMB1723-00000000001	1302690	1303982	-	HIMB1723_01350	HIMB1723	430	OG0000779	K01756	adenylosuccinate lyase [EC:4.3.2.2]	COG0015	PurB	Adenylosuccinate lyase	HIMB1723_01352	-2
HIMB1723-00000000001	1303986	1304756	-	HIMB1723_01351	HIMB1723	256	OG0000721	K01265	methionyl aminopeptidase [EC:3.4.11.18]	COG0024	Map	Methionine aminopeptidase	HIMB1723_01352	-1
HIMB1723-00000000001	1304749	1305447	-	HIMB1723_01352	HIMB1723	232	OG0000819	K06206	sugar fermentation stimulation protein A	COG1489	SfsA	DNA-binding protein, stimulates sugar fermentation	HIMB1723_01352	0
HIMB1723-00000000001	1305468	1306217	+	HIMB1723_01353	HIMB1723	249	OG0000807	NA	NA	COG1058	CinA	ADP-ribose pyrophosphatase domain of DNA damage- and competence-inducible protein CinA	HIMB1723_01352	1
HIMB1723-00000000001	1306217	1306618	+	HIMB1723_01354	HIMB1723	133	OG0001035	K00682	gamma-glutamylcyclotransferase [EC:4.3.2.9]	COG2105	YtfP	Predicted gamma-glutamylamine cyclotransferase YtfP, GGCT/AIG2-like family	HIMB1723_01352	2
HIMB1723-00000000001	1306624	1307916	+	HIMB1723_01355	HIMB1723	430	OG0001333	NA	NA	COG4091	NA	Predicted homoserine dehydrogenase, contains C-terminal SAF domain	HIMB1723_01352	3
HIMB1723-00000000001	1308295	1308951	+	HIMB1723_01356	HIMB1723	218	OG0000008	NA	NA	COG2226	UbiE	Ubiquinone/menaquinone biosynthesis C-methylase UbiE/MenG or 23S rRNA G745 methylase RmlAII or tRNA-U5 methylase TRM9	HIMB1723_01352	4
HIMB1723-00000000001	1309265	1310035	+	HIMB1723_01358	HIMB1723	256	OG0000972	K00858	NAD+ kinase [EC:2.7.1.23]	COG0061	NadK	NAD kinase	HIMB1723_01352	5
HIMB1746-00000000001	388453	389136	-	HIMB1746_00428	HIMB1746	227	OG0000684	K23265	phosphoribosylformylglycinamidine synthase subunit PurQ / glutaminase [EC:6.3.5.3 3.5.1.2]	COG0047	PurL2	Phosphoribosylformylglycinamidine (FGAM) synthase, glutamine amidotransferase domain	HIMB1746_00433	-5
HIMB1746-00000000001	389140	389382	-	HIMB1746_00429	HIMB1746	80	OG0000770	K23264	phosphoribosylformylglycinamidine synthase subunit PurS [EC:6.3.5.3]	COG1828	PurS	Phosphoribosylformylglycinamidine (FGAM) synthase, PurS subunit	HIMB1746_00433	-4
HIMB1746-00000000001	389379	390164	-	HIMB1746_00430	HIMB1746	261	OG0000769	K01923	phosphoribosylaminoimidazole-succinocarboxamide synthase [EC:6.3.2.6]	COG0152	PurC	Phosphoribosylaminoimidazole-succinocarboxamide synthase	HIMB1746_00433	-3
HIMB1746-00000000001	390164	391456	-	HIMB1746_00431	HIMB1746	430	OG0000779	K01756	adenylosuccinate lyase [EC:4.3.2.2]	COG0015	PurB	Adenylosuccinate lyase	HIMB1746_00433	-2
HIMB1746-00000000001	391460	392230	-	HIMB1746_00432	HIMB1746	256	OG0000721	K01265	methionyl aminopeptidase [EC:3.4.11.18]	COG0024	Map	Methionine aminopeptidase	HIMB1746_00433	-1
HIMB1746-00000000001	392223	392921	-	HIMB1746_00433	HIMB1746	232	OG0000819	K06206	sugar fermentation stimulation protein A	COG1489	SfsA	DNA-binding protein, stimulates sugar fermentation	HIMB1746_00433	0
HIMB1746-00000000001	392942	393691	+	HIMB1746_00434	HIMB1746	249	OG0000807	NA	NA	COG1058	CinA	ADP-ribose pyrophosphatase domain of DNA damage- and competence-inducible protein CinA	HIMB1746_00433	1
HIMB1746-00000000001	393691	394092	+	HIMB1746_00435	HIMB1746	133	OG0001035	K00682	gamma-glutamylcyclotransferase [EC:4.3.2.9]	COG2105	YtfP	Predicted gamma-glutamylamine cyclotransferase YtfP, GGCT/AIG2-like family	HIMB1746_00433	2
HIMB1746-00000000001	394098	395390	+	HIMB1746_00436	HIMB1746	430	OG0001333	NA	NA	COG4091	NA	Predicted homoserine dehydrogenase, contains C-terminal SAF domain	HIMB1746_00433	3
HIMB1746-00000000001	395525	396295	+	HIMB1746_00438	HIMB1746	256	OG0000972	K00858	NAD+ kinase [EC:2.7.1.23]	COG0061	NadK	NAD kinase	HIMB1746_00433	4
HIMB1746-00000000001	396301	396438	+	HIMB1746_00439	HIMB1746	45	OG0001525	NA	NA	NA	NA	NA	HIMB1746_00433	5
HIMB1748-00000000003	363075	363758	-	HIMB1748_00989	HIMB1748	227	OG0000684	K23265	phosphoribosylformylglycinamidine synthase subunit PurQ / glutaminase [EC:6.3.5.3 3.5.1.2]	COG0047	PurL2	Phosphoribosylformylglycinamidine (FGAM) synthase, glutamine amidotransferase domain	HIMB1748_00994	-5
HIMB1748-00000000003	363762	364004	-	HIMB1748_00990	HIMB1748	80	OG0000770	K23264	phosphoribosylformylglycinamidine synthase subunit PurS [EC:6.3.5.3]	COG1828	PurS	Phosphoribosylformylglycinamidine (FGAM) synthase, PurS subunit	HIMB1748_00994	-4
HIMB1748-00000000003	364001	364786	-	HIMB1748_00991	HIMB1748	261	OG0000769	K01923	phosphoribosylaminoimidazole-succinocarboxamide synthase [EC:6.3.2.6]	COG0152	PurC	Phosphoribosylaminoimidazole-succinocarboxamide synthase	HIMB1748_00994	-3
HIMB1748-00000000003	364786	366078	-	HIMB1748_00992	HIMB1748	430	OG0000779	K01756	adenylosuccinate lyase [EC:4.3.2.2]	COG0015	PurB	Adenylosuccinate lyase	HIMB1748_00994	-2
HIMB1748-00000000003	366082	366852	-	HIMB1748_00993	HIMB1748	256	OG0000721	K01265	methionyl aminopeptidase [EC:3.4.11.18]	COG0024	Map	Methionine aminopeptidase	HIMB1748_00994	-1
HIMB1748-00000000003	366845	367543	-	HIMB1748_00994	HIMB1748	232	OG0000819	K06206	sugar fermentation stimulation protein A	COG1489	SfsA	DNA-binding protein, stimulates sugar fermentation	HIMB1748_00994	0
HIMB1748-00000000003	367564	368313	+	HIMB1748_00995	HIMB1748	249	OG0000807	NA	NA	COG1058	CinA	ADP-ribose pyrophosphatase domain of DNA damage- and competence-inducible protein CinA	HIMB1748_00994	1
HIMB1748-00000000003	368313	368714	+	HIMB1748_00996	HIMB1748	133	OG0001035	K00682	gamma-glutamylcyclotransferase [EC:4.3.2.9]	COG2105	YtfP	Predicted gamma-glutamylamine cyclotransferase YtfP, GGCT/AIG2-like family	HIMB1748_00994	2
HIMB1748-00000000003	368722	370014	+	HIMB1748_00997	HIMB1748	430	OG0001333	NA	NA	COG4091	NA	Predicted homoserine dehydrogenase, contains C-terminal SAF domain	HIMB1748_00994	3
HIMB1748-00000000003	370149	370919	+	HIMB1748_00999	HIMB1748	256	OG0000972	K00858	NAD+ kinase [EC:2.7.1.23]	COG0061	NadK	NAD kinase	HIMB1748_00994	4
HIMB1748-00000000003	370974	371204	+	HIMB1748_01000	HIMB1748	76	OG0001488	NA	NA	NA	NA	NA	HIMB1748_00994	5
HIMB1758-00000000001	1050227	1050910	-	HIMB1758_01096	HIMB1758	227	OG0000684	K23265	phosphoribosylformylglycinamidine synthase subunit PurQ / glutaminase [EC:6.3.5.3 3.5.1.2]	COG0047	PurL2	Phosphoribosylformylglycinamidine (FGAM) synthase, glutamine amidotransferase domain	HIMB1758_01101	-5
HIMB1758-00000000001	1050914	1051156	-	HIMB1758_01097	HIMB1758	80	OG0000770	K23264	phosphoribosylformylglycinamidine synthase subunit PurS [EC:6.3.5.3]	COG1828	PurS	Phosphoribosylformylglycinamidine (FGAM) synthase, PurS subunit	HIMB1758_01101	-4
HIMB1758-00000000001	1051153	1051938	-	HIMB1758_01098	HIMB1758	261	OG0000769	K01923	phosphoribosylaminoimidazole-succinocarboxamide synthase [EC:6.3.2.6]	COG0152	PurC	Phosphoribosylaminoimidazole-succinocarboxamide synthase	HIMB1758_01101	-3
HIMB1758-00000000001	1051938	1053230	-	HIMB1758_01099	HIMB1758	430	OG0000779	K01756	adenylosuccinate lyase [EC:4.3.2.2]	COG0015	PurB	Adenylosuccinate lyase	HIMB1758_01101	-2
HIMB1758-00000000001	1053237	1054004	-	HIMB1758_01100	HIMB1758	255	OG0000721	K01265	methionyl aminopeptidase [EC:3.4.11.18]	COG0024	Map	Methionine aminopeptidase	HIMB1758_01101	-1
HIMB1758-00000000001	1053997	1054695	-	HIMB1758_01101	HIMB1758	232	OG0000819	K06206	sugar fermentation stimulation protein A	COG1489	SfsA	DNA-binding protein, stimulates sugar fermentation	HIMB1758_01101	0
HIMB1758-00000000001	1054716	1055465	+	HIMB1758_01102	HIMB1758	249	OG0000807	NA	NA	COG1058	CinA	ADP-ribose pyrophosphatase domain of DNA damage- and competence-inducible protein CinA	HIMB1758_01101	1
HIMB1758-00000000001	1055465	1055866	+	HIMB1758_01103	HIMB1758	133	OG0001035	K00682	gamma-glutamylcyclotransferase [EC:4.3.2.9]	COG2105	YtfP	Predicted gamma-glutamylamine cyclotransferase YtfP, GGCT/AIG2-like family	HIMB1758_01101	2
HIMB1758-00000000001	1055872	1057164	+	HIMB1758_01104	HIMB1758	430	OG0001333	NA	NA	COG4091	NA	Predicted homoserine dehydrogenase, contains C-terminal SAF domain	HIMB1758_01101	3
HIMB1758-00000000001	1057299	1058069	+	HIMB1758_01106	HIMB1758	256	OG0000972	K00858	NAD+ kinase [EC:2.7.1.23]	COG0061	NadK	NAD kinase	HIMB1758_01101	4
HIMB1758-00000000001	1058075	1058212	+	HIMB1758_01107	HIMB1758	45	OG0001525	NA	NA	NA	NA	NA	HIMB1758_01101	5
HIMB1765-00000000001	401512	401649	-	HIMB1765_00458	HIMB1765	45	OG0001525	NA	NA	NA	NA	NA	HIMB1765_00464	-5
HIMB1765-00000000001	401655	402425	-	HIMB1765_00459	HIMB1765	256	OG0000972	K00858	NAD+ kinase [EC:2.7.1.23]	COG0061	NadK	NAD kinase	HIMB1765_00464	-4
HIMB1765-00000000001	402560	403852	-	HIMB1765_00461	HIMB1765	430	OG0001333	NA	NA	COG4091	NA	Predicted homoserine dehydrogenase, contains C-terminal SAF domain	HIMB1765_00464	-3
HIMB1765-00000000001	403858	404259	-	HIMB1765_00462	HIMB1765	133	OG0001035	K00682	gamma-glutamylcyclotransferase [EC:4.3.2.9]	COG2105	YtfP	Predicted gamma-glutamylamine cyclotransferase YtfP, GGCT/AIG2-like family	HIMB1765_00464	-2
HIMB1765-00000000001	404259	405008	-	HIMB1765_00463	HIMB1765	249	OG0000807	NA	NA	COG1058	CinA	ADP-ribose pyrophosphatase domain of DNA damage- and competence-inducible protein CinA	HIMB1765_00464	-1
HIMB1765-00000000001	405029	405727	+	HIMB1765_00464	HIMB1765	232	OG0000819	K06206	sugar fermentation stimulation protein A	COG1489	SfsA	DNA-binding protein, stimulates sugar fermentation	HIMB1765_00464	0
HIMB1765-00000000001	405720	406490	+	HIMB1765_00465	HIMB1765	256	OG0000721	K01265	methionyl aminopeptidase [EC:3.4.11.18]	COG0024	Map	Methionine aminopeptidase	HIMB1765_00464	1
HIMB1765-00000000001	406494	407786	+	HIMB1765_00466	HIMB1765	430	OG0000779	K01756	adenylosuccinate lyase [EC:4.3.2.2]	COG0015	PurB	Adenylosuccinate lyase	HIMB1765_00464	2
HIMB1765-00000000001	407786	408571	+	HIMB1765_00467	HIMB1765	261	OG0000769	K01923	phosphoribosylaminoimidazole-succinocarboxamide synthase [EC:6.3.2.6]	COG0152	PurC	Phosphoribosylaminoimidazole-succinocarboxamide synthase	HIMB1765_00464	3
HIMB1765-00000000001	408568	408810	+	HIMB1765_00468	HIMB1765	80	OG0000770	K23264	phosphoribosylformylglycinamidine synthase subunit PurS [EC:6.3.5.3]	COG1828	PurS	Phosphoribosylformylglycinamidine (FGAM) synthase, PurS subunit	HIMB1765_00464	4
HIMB1765-00000000001	408814	409497	+	HIMB1765_00469	HIMB1765	227	OG0000684	K23265	phosphoribosylformylglycinamidine synthase subunit PurQ / glutaminase [EC:6.3.5.3 3.5.1.2]	COG0047	PurL2	Phosphoribosylformylglycinamidine (FGAM) synthase, glutamine amidotransferase domain	HIMB1765_00464	5
HIMB1770-00000000001	1435303	1435986	-	HIMB1770_01512	HIMB1770	227	OG0000684	K23265	phosphoribosylformylglycinamidine synthase subunit PurQ / glutaminase [EC:6.3.5.3 3.5.1.2]	COG0047	PurL2	Phosphoribosylformylglycinamidine (FGAM) synthase, glutamine amidotransferase domain	HIMB1770_01517	-5
HIMB1770-00000000001	1435990	1436232	-	HIMB1770_01513	HIMB1770	80	OG0000770	K23264	phosphoribosylformylglycinamidine synthase subunit PurS [EC:6.3.5.3]	COG1828	PurS	Phosphoribosylformylglycinamidine (FGAM) synthase, PurS subunit	HIMB1770_01517	-4
HIMB1770-00000000001	1436229	1437014	-	HIMB1770_01514	HIMB1770	261	OG0000769	K01923	phosphoribosylaminoimidazole-succinocarboxamide synthase [EC:6.3.2.6]	COG0152	PurC	Phosphoribosylaminoimidazole-succinocarboxamide synthase	HIMB1770_01517	-3
HIMB1770-00000000001	1437014	1438306	-	HIMB1770_01515	HIMB1770	430	OG0000779	K01756	adenylosuccinate lyase [EC:4.3.2.2]	COG0015	PurB	Adenylosuccinate lyase	HIMB1770_01517	-2
HIMB1770-00000000001	1438310	1439080	-	HIMB1770_01516	HIMB1770	256	OG0000721	K01265	methionyl aminopeptidase [EC:3.4.11.18]	COG0024	Map	Methionine aminopeptidase	HIMB1770_01517	-1
HIMB1770-00000000001	1439073	1439771	-	HIMB1770_01517	HIMB1770	232	OG0000819	K06206	sugar fermentation stimulation protein A	COG1489	SfsA	DNA-binding protein, stimulates sugar fermentation	HIMB1770_01517	0
HIMB1770-00000000001	1439792	1440541	+	HIMB1770_01518	HIMB1770	249	OG0000807	NA	NA	COG1058	CinA	ADP-ribose pyrophosphatase domain of DNA damage- and competence-inducible protein CinA	HIMB1770_01517	1
HIMB1770-00000000001	1440541	1440942	+	HIMB1770_01519	HIMB1770	133	OG0001035	K00682	gamma-glutamylcyclotransferase [EC:4.3.2.9]	COG2105	YtfP	Predicted gamma-glutamylamine cyclotransferase YtfP, GGCT/AIG2-like family	HIMB1770_01517	2
HIMB1770-00000000001	1440948	1442240	+	HIMB1770_01520	HIMB1770	430	OG0001333	NA	NA	COG4091	NA	Predicted homoserine dehydrogenase, contains C-terminal SAF domain	HIMB1770_01517	3
HIMB1770-00000000001	1442375	1443145	+	HIMB1770_01522	HIMB1770	256	OG0000972	K00858	NAD+ kinase [EC:2.7.1.23]	COG0061	NadK	NAD kinase	HIMB1770_01517	4
HIMB1770-00000000001	1443151	1443288	+	HIMB1770_01523	HIMB1770	45	OG0001525	NA	NA	NA	NA	NA	HIMB1770_01517	5
HIMB1782-00000000002	380411	381094	-	HIMB1782_01318	HIMB1782	227	OG0000684	K23265	phosphoribosylformylglycinamidine synthase subunit PurQ / glutaminase [EC:6.3.5.3 3.5.1.2]	COG0047	PurL2	Phosphoribosylformylglycinamidine (FGAM) synthase, glutamine amidotransferase domain	HIMB1782_01323	-5
HIMB1782-00000000002	381098	381340	-	HIMB1782_01319	HIMB1782	80	OG0000770	K23264	phosphoribosylformylglycinamidine synthase subunit PurS [EC:6.3.5.3]	COG1828	PurS	Phosphoribosylformylglycinamidine (FGAM) synthase, PurS subunit	HIMB1782_01323	-4
HIMB1782-00000000002	381337	382122	-	HIMB1782_01320	HIMB1782	261	OG0000769	K01923	phosphoribosylaminoimidazole-succinocarboxamide synthase [EC:6.3.2.6]	COG0152	PurC	Phosphoribosylaminoimidazole-succinocarboxamide synthase	HIMB1782_01323	-3
HIMB1782-00000000002	382122	383414	-	HIMB1782_01321	HIMB1782	430	OG0000779	K01756	adenylosuccinate lyase [EC:4.3.2.2]	COG0015	PurB	Adenylosuccinate lyase	HIMB1782_01323	-2
HIMB1782-00000000002	383418	384188	-	HIMB1782_01322	HIMB1782	256	OG0000721	K01265	methionyl aminopeptidase [EC:3.4.11.18]	COG0024	Map	Methionine aminopeptidase	HIMB1782_01323	-1
HIMB1782-00000000002	384181	384879	-	HIMB1782_01323	HIMB1782	232	OG0000819	K06206	sugar fermentation stimulation protein A	COG1489	SfsA	DNA-binding protein, stimulates sugar fermentation	HIMB1782_01323	0
HIMB1782-00000000002	384900	385649	+	HIMB1782_01324	HIMB1782	249	OG0000807	NA	NA	COG1058	CinA	ADP-ribose pyrophosphatase domain of DNA damage- and competence-inducible protein CinA	HIMB1782_01323	1
HIMB1782-00000000002	385649	386050	+	HIMB1782_01325	HIMB1782	133	OG0001035	K00682	gamma-glutamylcyclotransferase [EC:4.3.2.9]	COG2105	YtfP	Predicted gamma-glutamylamine cyclotransferase YtfP, GGCT/AIG2-like family	HIMB1782_01323	2
HIMB1782-00000000002	386055	386762	+	HIMB1782_01326	HIMB1782	235	OG0001705	NA	NA	NA	NA	NA	HIMB1782_01323	3
HIMB1782-00000000002	386766	388058	+	HIMB1782_01327	HIMB1782	430	OG0001333	NA	NA	COG4091	NA	Predicted homoserine dehydrogenase, contains C-terminal SAF domain	HIMB1782_01323	4
HIMB1782-00000000002	388192	388962	+	HIMB1782_01329	HIMB1782	256	OG0000972	K00858	NAD+ kinase [EC:2.7.1.23]	COG0061	NadK	NAD kinase	HIMB1782_01323	5
HIMB1835-00000000101	9988	10671	-	HIMB1835_00671	HIMB1835	227	OG0000684	K23265	phosphoribosylformylglycinamidine synthase subunit PurQ / glutaminase [EC:6.3.5.3 3.5.1.2]	COG0047	PurL2	Phosphoribosylformylglycinamidine (FGAM) synthase, glutamine amidotransferase domain	HIMB1835_00676	-5
HIMB1835-00000000101	10675	10917	-	HIMB1835_00672	HIMB1835	80	OG0000770	K23264	phosphoribosylformylglycinamidine synthase subunit PurS [EC:6.3.5.3]	COG1828	PurS	Phosphoribosylformylglycinamidine (FGAM) synthase, PurS subunit	HIMB1835_00676	-4
HIMB1835-00000000101	10914	11699	-	HIMB1835_00673	HIMB1835	261	OG0000769	K01923	phosphoribosylaminoimidazole-succinocarboxamide synthase [EC:6.3.2.6]	COG0152	PurC	Phosphoribosylaminoimidazole-succinocarboxamide synthase	HIMB1835_00676	-3
HIMB1835-00000000101	11699	12991	-	HIMB1835_00674	HIMB1835	430	OG0000779	K01756	adenylosuccinate lyase [EC:4.3.2.2]	COG0015	PurB	Adenylosuccinate lyase	HIMB1835_00676	-2
HIMB1835-00000000101	12995	13768	-	HIMB1835_00675	HIMB1835	257	OG0000721	K01265	methionyl aminopeptidase [EC:3.4.11.18]	COG0024	Map	Methionine aminopeptidase	HIMB1835_00676	-1
HIMB1835-00000000101	13761	14459	-	HIMB1835_00676	HIMB1835	232	OG0000819	K06206	sugar fermentation stimulation protein A	COG1489	SfsA	DNA-binding protein, stimulates sugar fermentation	HIMB1835_00676	0
HIMB1835-00000000101	14478	15227	+	HIMB1835_00677	HIMB1835	249	OG0000807	NA	NA	COG1058	CinA	ADP-ribose pyrophosphatase domain of DNA damage- and competence-inducible protein CinA	HIMB1835_00676	1
HIMB1835-00000000101	15227	15628	+	HIMB1835_00678	HIMB1835	133	OG0001035	K00682	gamma-glutamylcyclotransferase [EC:4.3.2.9]	COG2105	YtfP	Predicted gamma-glutamylamine cyclotransferase YtfP, GGCT/AIG2-like family	HIMB1835_00676	2
HIMB1838-00000000007	47522	48205	-	HIMB1838_00306	HIMB1838	227	OG0000684	K23265	phosphoribosylformylglycinamidine synthase subunit PurQ / glutaminase [EC:6.3.5.3 3.5.1.2]	COG0047	PurL2	Phosphoribosylformylglycinamidine (FGAM) synthase, glutamine amidotransferase domain	HIMB1838_00311	-5
HIMB1838-00000000007	48209	48451	-	HIMB1838_00307	HIMB1838	80	OG0000770	K23264	phosphoribosylformylglycinamidine synthase subunit PurS [EC:6.3.5.3]	COG1828	PurS	Phosphoribosylformylglycinamidine (FGAM) synthase, PurS subunit	HIMB1838_00311	-4
HIMB1838-00000000007	48448	49233	-	HIMB1838_00308	HIMB1838	261	OG0000769	K01923	phosphoribosylaminoimidazole-succinocarboxamide synthase [EC:6.3.2.6]	COG0152	PurC	Phosphoribosylaminoimidazole-succinocarboxamide synthase	HIMB1838_00311	-3
HIMB1838-00000000007	49233	50525	-	HIMB1838_00309	HIMB1838	430	OG0000779	K01756	adenylosuccinate lyase [EC:4.3.2.2]	COG0015	PurB	Adenylosuccinate lyase	HIMB1838_00311	-2
HIMB1838-00000000007	50529	51302	-	HIMB1838_00310	HIMB1838	257	OG0000721	K01265	methionyl aminopeptidase [EC:3.4.11.18]	COG0024	Map	Methionine aminopeptidase	HIMB1838_00311	-1
HIMB1838-00000000007	51295	51993	-	HIMB1838_00311	HIMB1838	232	OG0000819	K06206	sugar fermentation stimulation protein A	COG1489	SfsA	DNA-binding protein, stimulates sugar fermentation	HIMB1838_00311	0
HIMB1838-00000000007	52012	52761	+	HIMB1838_00312	HIMB1838	249	OG0000807	NA	NA	COG1058	CinA	ADP-ribose pyrophosphatase domain of DNA damage- and competence-inducible protein CinA	HIMB1838_00311	1
HIMB1838-00000000007	52762	53163	+	HIMB1838_00313	HIMB1838	133	OG0001035	K00682	gamma-glutamylcyclotransferase [EC:4.3.2.9]	COG2105	YtfP	Predicted gamma-glutamylamine cyclotransferase YtfP, GGCT/AIG2-like family	HIMB1838_00311	2
HIMB1838-00000000007	53152	54615	-	HIMB1838_00314	HIMB1838	487	OG0001331	NA	NA	COG2956	LapB	Lipopolysaccharide biosynthesis regulator YciM/LapB, contains six TPR domains and a C-terminal metal-binding domain	HIMB1838_00311	3
HIMB1863-00000000002	667	1068	-	HIMB1863_00194	HIMB1863	133	OG0001035	K00682	gamma-glutamylcyclotransferase [EC:4.3.2.9]	COG2105	YtfP	Predicted gamma-glutamylamine cyclotransferase YtfP, GGCT/AIG2-like family	HIMB1863_00196	-2
HIMB1863-00000000002	1069	1818	-	HIMB1863_00195	HIMB1863	249	OG0000807	NA	NA	COG1058	CinA	ADP-ribose pyrophosphatase domain of DNA damage- and competence-inducible protein CinA	HIMB1863_00196	-1
HIMB1863-00000000002	1837	2535	+	HIMB1863_00196	HIMB1863	232	OG0000819	K06206	sugar fermentation stimulation protein A	COG1489	SfsA	DNA-binding protein, stimulates sugar fermentation	HIMB1863_00196	0
HIMB1863-00000000002	2528	3301	+	HIMB1863_00197	HIMB1863	257	OG0000721	K01265	methionyl aminopeptidase [EC:3.4.11.18]	COG0024	Map	Methionine aminopeptidase	HIMB1863_00196	1
HIMB1863-00000000002	3305	4597	+	HIMB1863_00198	HIMB1863	430	OG0000779	K01756	adenylosuccinate lyase [EC:4.3.2.2]	COG0015	PurB	Adenylosuccinate lyase	HIMB1863_00196	2
HIMB1863-00000000002	4597	5382	+	HIMB1863_00199	HIMB1863	261	OG0000769	K01923	phosphoribosylaminoimidazole-succinocarboxamide synthase [EC:6.3.2.6]	COG0152	PurC	Phosphoribosylaminoimidazole-succinocarboxamide synthase	HIMB1863_00196	3
HIMB1863-00000000002	5379	5621	+	HIMB1863_00200	HIMB1863	80	OG0000770	K23264	phosphoribosylformylglycinamidine synthase subunit PurS [EC:6.3.5.3]	COG1828	PurS	Phosphoribosylformylglycinamidine (FGAM) synthase, PurS subunit	HIMB1863_00196	4
HIMB1863-00000000002	5625	6308	+	HIMB1863_00201	HIMB1863	227	OG0000684	K23265	phosphoribosylformylglycinamidine synthase subunit PurQ / glutaminase [EC:6.3.5.3 3.5.1.2]	COG0047	PurL2	Phosphoribosylformylglycinamidine (FGAM) synthase, glutamine amidotransferase domain	HIMB1863_00196	5
HIMB2104-00000000004	294073	294756	-	HIMB2104_00530	HIMB2104	227	OG0000684	K23265	phosphoribosylformylglycinamidine synthase subunit PurQ / glutaminase [EC:6.3.5.3 3.5.1.2]	COG0047	PurL2	Phosphoribosylformylglycinamidine (FGAM) synthase, glutamine amidotransferase domain	HIMB2104_00535	-5
HIMB2104-00000000004	294760	295002	-	HIMB2104_00531	HIMB2104	80	OG0000770	K23264	phosphoribosylformylglycinamidine synthase subunit PurS [EC:6.3.5.3]	COG1828	PurS	Phosphoribosylformylglycinamidine (FGAM) synthase, PurS subunit	HIMB2104_00535	-4
HIMB2104-00000000004	294999	295784	-	HIMB2104_00532	HIMB2104	261	OG0000769	K01923	phosphoribosylaminoimidazole-succinocarboxamide synthase [EC:6.3.2.6]	COG0152	PurC	Phosphoribosylaminoimidazole-succinocarboxamide synthase	HIMB2104_00535	-3
HIMB2104-00000000004	295784	297076	-	HIMB2104_00533	HIMB2104	430	OG0000779	K01756	adenylosuccinate lyase [EC:4.3.2.2]	COG0015	PurB	Adenylosuccinate lyase	HIMB2104_00535	-2
HIMB2104-00000000004	297080	297853	-	HIMB2104_00534	HIMB2104	257	OG0000721	K01265	methionyl aminopeptidase [EC:3.4.11.18]	COG0024	Map	Methionine aminopeptidase	HIMB2104_00535	-1
HIMB2104-00000000004	297846	298544	-	HIMB2104_00535	HIMB2104	232	OG0000819	K06206	sugar fermentation stimulation protein A	COG1489	SfsA	DNA-binding protein, stimulates sugar fermentation	HIMB2104_00535	0
HIMB2104-00000000004	298563	299312	+	HIMB2104_00536	HIMB2104	249	OG0000807	NA	NA	COG1058	CinA	ADP-ribose pyrophosphatase domain of DNA damage- and competence-inducible protein CinA	HIMB2104_00535	1
HIMB2104-00000000004	299313	299714	+	HIMB2104_00537	HIMB2104	133	OG0001035	K00682	gamma-glutamylcyclotransferase [EC:4.3.2.9]	COG2105	YtfP	Predicted gamma-glutamylamine cyclotransferase YtfP, GGCT/AIG2-like family	HIMB2104_00535	2
HIMB2104-00000000004	299718	301442	-	HIMB2104_00538	HIMB2104	574	OG0001383	NA	NA	COG0366	AmyA	Glycosidase/amylase (phosphorylase)	HIMB2104_00535	3
HIMB2104-00000000004	301442	302662	-	HIMB2104_00539	HIMB2104	406	OG0001273	K13693	glucosyl-3-phosphoglycerate synthase [EC:2.4.1.266]	NA	NA	NA	HIMB2104_00535	4
HIMB2104-00000000004	302678	303478	-	HIMB2104_00540	HIMB2104	266	OG0001276	K07026	mannosyl-3-phosphoglycerate phosphatase [EC:3.1.3.70]	COG3769	YedP	Mannosyl-3-phosphoglycerate phosphatase YedP/MpgP, HAD superfamily	HIMB2104_00535	5
HIMB2187-00000000001	180556	182280	+	HIMB2187_00211	HIMB2187	574	OG0001383	NA	NA	COG0366	AmyA	Glycosidase/amylase (phosphorylase)	HIMB2187_00216	-5
HIMB2187-00000000001	182282	183007	-	HIMB2187_00212	HIMB2187	241	OG0001204	K07395	putative proteasome-type protease	COG3484	NA	Predicted proteasome-type protease	HIMB2187_00216	-4
HIMB2187-00000000001	183117	184559	+	HIMB2187_00213	HIMB2187	480	OG0001158	NA	NA	COG2308	NA	Circularly permuted ATP-grasp protein	HIMB2187_00216	-3
HIMB2187-00000000001	184565	184966	-	HIMB2187_00214	HIMB2187	133	OG0001035	K00682	gamma-glutamylcyclotransferase [EC:4.3.2.9]	COG2105	YtfP	Predicted gamma-glutamylamine cyclotransferase YtfP, GGCT/AIG2-like family	HIMB2187_00216	-2
HIMB2187-00000000001	184967	185716	-	HIMB2187_00215	HIMB2187	249	OG0000807	NA	NA	COG1058	CinA	ADP-ribose pyrophosphatase domain of DNA damage- and competence-inducible protein CinA	HIMB2187_00216	-1
HIMB2187-00000000001	185737	186435	+	HIMB2187_00216	HIMB2187	232	OG0000819	K06206	sugar fermentation stimulation protein A	COG1489	SfsA	DNA-binding protein, stimulates sugar fermentation	HIMB2187_00216	0
HIMB2187-00000000001	186428	187201	+	HIMB2187_00217	HIMB2187	257	OG0000721	K01265	methionyl aminopeptidase [EC:3.4.11.18]	COG0024	Map	Methionine aminopeptidase	HIMB2187_00216	1
HIMB2187-00000000001	187205	188500	+	HIMB2187_00218	HIMB2187	431	OG0000779	K01756	adenylosuccinate lyase [EC:4.3.2.2]	COG0015	PurB	Adenylosuccinate lyase	HIMB2187_00216	2
HIMB2187-00000000001	188497	189282	+	HIMB2187_00219	HIMB2187	261	OG0000769	K01923	phosphoribosylaminoimidazole-succinocarboxamide synthase [EC:6.3.2.6]	COG0152	PurC	Phosphoribosylaminoimidazole-succinocarboxamide synthase	HIMB2187_00216	3
HIMB2187-00000000001	189279	189521	+	HIMB2187_00220	HIMB2187	80	OG0000770	K23264	phosphoribosylformylglycinamidine synthase subunit PurS [EC:6.3.5.3]	COG1828	PurS	Phosphoribosylformylglycinamidine (FGAM) synthase, PurS subunit	HIMB2187_00216	4
HIMB2187-00000000001	189525	190208	+	HIMB2187_00221	HIMB2187	227	OG0000684	K23265	phosphoribosylformylglycinamidine synthase subunit PurQ / glutaminase [EC:6.3.5.3 3.5.1.2]	COG0047	PurL2	Phosphoribosylformylglycinamidine (FGAM) synthase, glutamine amidotransferase domain	HIMB2187_00216	5
HIMB2200-00000000007	70722	71405	-	HIMB2200_00873	HIMB2200	227	OG0000684	K23265	phosphoribosylformylglycinamidine synthase subunit PurQ / glutaminase [EC:6.3.5.3 3.5.1.2]	COG0047	PurL2	Phosphoribosylformylglycinamidine (FGAM) synthase, glutamine amidotransferase domain	HIMB2200_00878	-5
HIMB2200-00000000007	71409	71651	-	HIMB2200_00874	HIMB2200	80	OG0000770	K23264	phosphoribosylformylglycinamidine synthase subunit PurS [EC:6.3.5.3]	COG1828	PurS	Phosphoribosylformylglycinamidine (FGAM) synthase, PurS subunit	HIMB2200_00878	-4
HIMB2200-00000000007	71648	72433	-	HIMB2200_00875	HIMB2200	261	OG0000769	K01923	phosphoribosylaminoimidazole-succinocarboxamide synthase [EC:6.3.2.6]	COG0152	PurC	Phosphoribosylaminoimidazole-succinocarboxamide synthase	HIMB2200_00878	-3
HIMB2200-00000000007	72433	73725	-	HIMB2200_00876	HIMB2200	430	OG0000779	K01756	adenylosuccinate lyase [EC:4.3.2.2]	COG0015	PurB	Adenylosuccinate lyase	HIMB2200_00878	-2
HIMB2200-00000000007	73729	74502	-	HIMB2200_00877	HIMB2200	257	OG0000721	K01265	methionyl aminopeptidase [EC:3.4.11.18]	COG0024	Map	Methionine aminopeptidase	HIMB2200_00878	-1
HIMB2200-00000000007	74495	75193	-	HIMB2200_00878	HIMB2200	232	OG0000819	K06206	sugar fermentation stimulation protein A	COG1489	SfsA	DNA-binding protein, stimulates sugar fermentation	HIMB2200_00878	0
HIMB2200-00000000007	75212	75961	+	HIMB2200_00879	HIMB2200	249	OG0000807	NA	NA	COG1058	CinA	ADP-ribose pyrophosphatase domain of DNA damage- and competence-inducible protein CinA	HIMB2200_00878	1
HIMB2200-00000000007	75961	76362	+	HIMB2200_00880	HIMB2200	133	OG0001035	K00682	gamma-glutamylcyclotransferase [EC:4.3.2.9]	COG2105	YtfP	Predicted gamma-glutamylamine cyclotransferase YtfP, GGCT/AIG2-like family	HIMB2200_00878	2
HIMB2200-00000000007	76359	77132	+	HIMB2200_00881	HIMB2200	257	OG0000045	NA	NA	NA	NA	NA	HIMB2200_00878	3
HIMB2200-00000000007	77161	78645	+	HIMB2200_00882	HIMB2200	494	OG0002260	NA	NA	NA	NA	NA	HIMB2200_00878	4
HIMB2200-00000000007	78646	79302	-	HIMB2200_00883	HIMB2200	218	OG0000008	NA	NA	COG2227	UbiG	2-polyprenyl-3-methyl-5-hydroxy-6-metoxy-1,4-benzoquinol methylase	HIMB2200_00878	5
HIMB2201-00000000001	497742	498746	-	HIMB2201_00560	HIMB2201	334	OG0000020	NA	NA	COG0451	WcaG	Nucleoside-diphosphate-sugar epimerase	HIMB2201_00565	-5
HIMB2201-00000000001	498753	499493	-	HIMB2201_00561	HIMB2201	246	OG0000043	NA	NA	COG0463	WcaA	Glycosyltransferase involved in cell wall bisynthesis	HIMB2201_00565	-4
HIMB2201-00000000001	499561	501348	-	HIMB2201_00562	HIMB2201	595	OG0003341	NA	NA	COG1807	ArnT	PMT family glycosyltransferase ArnT/Agl22, involved in glycosylation of proteins and lipid IVA	HIMB2201_00565	-3
HIMB2201-00000000001	501401	501805	-	HIMB2201_00563	HIMB2201	134	OG0001035	K00682	gamma-glutamylcyclotransferase [EC:4.3.2.9]	COG2105	YtfP	Predicted gamma-glutamylamine cyclotransferase YtfP, GGCT/AIG2-like family	HIMB2201_00565	-2
HIMB2201-00000000001	501805	502554	-	HIMB2201_00564	HIMB2201	249	OG0000807	NA	NA	COG1058	CinA	ADP-ribose pyrophosphatase domain of DNA damage- and competence-inducible protein CinA	HIMB2201_00565	-1
HIMB2201-00000000001	502575	503273	+	HIMB2201_00565	HIMB2201	232	OG0000819	K06206	sugar fermentation stimulation protein A	COG1489	SfsA	DNA-binding protein, stimulates sugar fermentation	HIMB2201_00565	0
HIMB2201-00000000001	503266	504036	+	HIMB2201_00566	HIMB2201	256	OG0000721	K01265	methionyl aminopeptidase [EC:3.4.11.18]	COG0024	Map	Methionine aminopeptidase	HIMB2201_00565	1
HIMB2201-00000000001	504040	505332	+	HIMB2201_00567	HIMB2201	430	OG0000779	K01756	adenylosuccinate lyase [EC:4.3.2.2]	COG0015	PurB	Adenylosuccinate lyase	HIMB2201_00565	2
HIMB2201-00000000001	505332	506117	+	HIMB2201_00568	HIMB2201	261	OG0000769	K01923	phosphoribosylaminoimidazole-succinocarboxamide synthase [EC:6.3.2.6]	COG0152	PurC	Phosphoribosylaminoimidazole-succinocarboxamide synthase	HIMB2201_00565	3
HIMB2201-00000000001	506114	506356	+	HIMB2201_00569	HIMB2201	80	OG0000770	K23264	phosphoribosylformylglycinamidine synthase subunit PurS [EC:6.3.5.3]	COG1828	PurS	Phosphoribosylformylglycinamidine (FGAM) synthase, PurS subunit	HIMB2201_00565	4
HIMB2201-00000000001	506360	507043	+	HIMB2201_00570	HIMB2201	227	OG0000684	K23265	phosphoribosylformylglycinamidine synthase subunit PurQ / glutaminase [EC:6.3.5.3 3.5.1.2]	COG0047	PurL2	Phosphoribosylformylglycinamidine (FGAM) synthase, glutamine amidotransferase domain	HIMB2201_00565	5
HIMB2204-00000000002	125579	126280	-	HIMB2204_00986	HIMB2204	233	OG0000043	NA	NA	COG0463	WcaA	Glycosyltransferase involved in cell wall bisynthesis	HIMB2204_00991	-5
HIMB2204-00000000002	126273	127121	-	HIMB2204_00987	HIMB2204	282	OG0002198	NA	NA	NA	NA	NA	HIMB2204_00991	-4
HIMB2204-00000000002	127140	128603	-	HIMB2204_00988	HIMB2204	487	OG0002260	NA	NA	NA	NA	NA	HIMB2204_00991	-3
HIMB2204-00000000002	128616	129017	-	HIMB2204_00989	HIMB2204	133	OG0001035	K00682	gamma-glutamylcyclotransferase [EC:4.3.2.9]	COG2105	YtfP	Predicted gamma-glutamylamine cyclotransferase YtfP, GGCT/AIG2-like family	HIMB2204_00991	-2
HIMB2204-00000000002	129018	129767	-	HIMB2204_00990	HIMB2204	249	OG0000807	NA	NA	COG1058	CinA	ADP-ribose pyrophosphatase domain of DNA damage- and competence-inducible protein CinA	HIMB2204_00991	-1
HIMB2204-00000000002	129786	130484	+	HIMB2204_00991	HIMB2204	232	OG0000819	K06206	sugar fermentation stimulation protein A	COG1489	SfsA	DNA-binding protein, stimulates sugar fermentation	HIMB2204_00991	0
HIMB2204-00000000002	130477	131250	+	HIMB2204_00992	HIMB2204	257	OG0000721	K01265	methionyl aminopeptidase [EC:3.4.11.18]	COG0024	Map	Methionine aminopeptidase	HIMB2204_00991	1
HIMB2204-00000000002	131254	132546	+	HIMB2204_00993	HIMB2204	430	OG0000779	K01756	adenylosuccinate lyase [EC:4.3.2.2]	COG0015	PurB	Adenylosuccinate lyase	HIMB2204_00991	2
HIMB2204-00000000002	132546	133331	+	HIMB2204_00994	HIMB2204	261	OG0000769	K01923	phosphoribosylaminoimidazole-succinocarboxamide synthase [EC:6.3.2.6]	COG0152	PurC	Phosphoribosylaminoimidazole-succinocarboxamide synthase	HIMB2204_00991	3
HIMB2204-00000000002	133328	133570	+	HIMB2204_00995	HIMB2204	80	OG0000770	K23264	phosphoribosylformylglycinamidine synthase subunit PurS [EC:6.3.5.3]	COG1828	PurS	Phosphoribosylformylglycinamidine (FGAM) synthase, PurS subunit	HIMB2204_00991	4
HIMB2204-00000000002	133574	134257	+	HIMB2204_00996	HIMB2204	227	OG0000684	K23265	phosphoribosylformylglycinamidine synthase subunit PurQ / glutaminase [EC:6.3.5.3 3.5.1.2]	COG0047	PurL2	Phosphoribosylformylglycinamidine (FGAM) synthase, glutamine amidotransferase domain	HIMB2204_00991	5
HIMB2211-00000000001	359426	360109	-	HIMB2211_00374	HIMB2211	227	OG0000684	K23265	phosphoribosylformylglycinamidine synthase subunit PurQ / glutaminase [EC:6.3.5.3 3.5.1.2]	COG0047	PurL2	Phosphoribosylformylglycinamidine (FGAM) synthase, glutamine amidotransferase domain	HIMB2211_00379	-5
HIMB2211-00000000001	360113	360355	-	HIMB2211_00375	HIMB2211	80	OG0000770	K23264	phosphoribosylformylglycinamidine synthase subunit PurS [EC:6.3.5.3]	COG1828	PurS	Phosphoribosylformylglycinamidine (FGAM) synthase, PurS subunit	HIMB2211_00379	-4
HIMB2211-00000000001	360352	361137	-	HIMB2211_00376	HIMB2211	261	OG0000769	K01923	phosphoribosylaminoimidazole-succinocarboxamide synthase [EC:6.3.2.6]	COG0152	PurC	Phosphoribosylaminoimidazole-succinocarboxamide synthase	HIMB2211_00379	-3
HIMB2211-00000000001	361137	362429	-	HIMB2211_00377	HIMB2211	430	OG0000779	K01756	adenylosuccinate lyase [EC:4.3.2.2]	COG0015	PurB	Adenylosuccinate lyase	HIMB2211_00379	-2
HIMB2211-00000000001	362433	363203	-	HIMB2211_00378	HIMB2211	256	OG0000721	K01265	methionyl aminopeptidase [EC:3.4.11.18]	COG0024	Map	Methionine aminopeptidase	HIMB2211_00379	-1
HIMB2211-00000000001	363196	363894	-	HIMB2211_00379	HIMB2211	232	OG0000819	K06206	sugar fermentation stimulation protein A	COG1489	SfsA	DNA-binding protein, stimulates sugar fermentation	HIMB2211_00379	0
HIMB2211-00000000001	363915	364664	+	HIMB2211_00380	HIMB2211	249	OG0000807	NA	NA	COG1058	CinA	ADP-ribose pyrophosphatase domain of DNA damage- and competence-inducible protein CinA	HIMB2211_00379	1
HIMB2211-00000000001	364664	365065	+	HIMB2211_00381	HIMB2211	133	OG0001035	K00682	gamma-glutamylcyclotransferase [EC:4.3.2.9]	COG2105	YtfP	Predicted gamma-glutamylamine cyclotransferase YtfP, GGCT/AIG2-like family	HIMB2211_00379	2
HIMB2211-00000000001	365071	366363	+	HIMB2211_00382	HIMB2211	430	OG0001333	NA	NA	COG4091	NA	Predicted homoserine dehydrogenase, contains C-terminal SAF domain	HIMB2211_00379	3
HIMB2211-00000000001	366498	367268	+	HIMB2211_00384	HIMB2211	256	OG0000972	K00858	NAD+ kinase [EC:2.7.1.23]	COG0061	NadK	NAD kinase	HIMB2211_00379	4
HIMB2211-00000000001	367561	368466	+	HIMB2211_00385	HIMB2211	301	OG0001892	NA	NA	COG1637	NucS	Endonuclease NucS, RecB family	HIMB2211_00379	5
HIMB2215-00000000003	100594	101295	-	HIMB2215_00559	HIMB2215	233	OG0000043	NA	NA	COG0463	WcaA	Glycosyltransferase involved in cell wall bisynthesis	HIMB2215_00564	-5
HIMB2215-00000000003	101288	102136	-	HIMB2215_00560	HIMB2215	282	OG0002198	NA	NA	NA	NA	NA	HIMB2215_00564	-4
HIMB2215-00000000003	102159	103628	-	HIMB2215_00561	HIMB2215	489	OG0002260	NA	NA	NA	NA	NA	HIMB2215_00564	-3
HIMB2215-00000000003	103641	104042	-	HIMB2215_00562	HIMB2215	133	OG0001035	K00682	gamma-glutamylcyclotransferase [EC:4.3.2.9]	COG2105	YtfP	Predicted gamma-glutamylamine cyclotransferase YtfP, GGCT/AIG2-like family	HIMB2215_00564	-2
HIMB2215-00000000003	104043	104792	-	HIMB2215_00563	HIMB2215	249	OG0000807	NA	NA	COG1058	CinA	ADP-ribose pyrophosphatase domain of DNA damage- and competence-inducible protein CinA	HIMB2215_00564	-1
HIMB2215-00000000003	104811	105509	+	HIMB2215_00564	HIMB2215	232	OG0000819	K06206	sugar fermentation stimulation protein A	COG1489	SfsA	DNA-binding protein, stimulates sugar fermentation	HIMB2215_00564	0
HIMB2215-00000000003	105502	106275	+	HIMB2215_00565	HIMB2215	257	OG0000721	K01265	methionyl aminopeptidase [EC:3.4.11.18]	COG0024	Map	Methionine aminopeptidase	HIMB2215_00564	1
HIMB2215-00000000003	106279	107571	+	HIMB2215_00566	HIMB2215	430	OG0000779	K01756	adenylosuccinate lyase [EC:4.3.2.2]	COG0015	PurB	Adenylosuccinate lyase	HIMB2215_00564	2
HIMB2215-00000000003	107571	108356	+	HIMB2215_00567	HIMB2215	261	OG0000769	K01923	phosphoribosylaminoimidazole-succinocarboxamide synthase [EC:6.3.2.6]	COG0152	PurC	Phosphoribosylaminoimidazole-succinocarboxamide synthase	HIMB2215_00564	3
HIMB2215-00000000003	108353	108595	+	HIMB2215_00568	HIMB2215	80	OG0000770	K23264	phosphoribosylformylglycinamidine synthase subunit PurS [EC:6.3.5.3]	COG1828	PurS	Phosphoribosylformylglycinamidine (FGAM) synthase, PurS subunit	HIMB2215_00564	4
HIMB2215-00000000003	108599	109282	+	HIMB2215_00569	HIMB2215	227	OG0000684	K23265	phosphoribosylformylglycinamidine synthase subunit PurQ / glutaminase [EC:6.3.5.3 3.5.1.2]	COG0047	PurL2	Phosphoribosylformylglycinamidine (FGAM) synthase, glutamine amidotransferase domain	HIMB2215_00564	5
HIMB2226-00000000002	67690	68373	-	HIMB2226_00767	HIMB2226	227	OG0000684	K23265	phosphoribosylformylglycinamidine synthase subunit PurQ / glutaminase [EC:6.3.5.3 3.5.1.2]	COG0047	PurL2	Phosphoribosylformylglycinamidine (FGAM) synthase, glutamine amidotransferase domain	HIMB2226_00772	-5
HIMB2226-00000000002	68377	68619	-	HIMB2226_00768	HIMB2226	80	OG0000770	K23264	phosphoribosylformylglycinamidine synthase subunit PurS [EC:6.3.5.3]	COG1828	PurS	Phosphoribosylformylglycinamidine (FGAM) synthase, PurS subunit	HIMB2226_00772	-4
HIMB2226-00000000002	68616	69401	-	HIMB2226_00769	HIMB2226	261	OG0000769	K01923	phosphoribosylaminoimidazole-succinocarboxamide synthase [EC:6.3.2.6]	COG0152	PurC	Phosphoribosylaminoimidazole-succinocarboxamide synthase	HIMB2226_00772	-3
HIMB2226-00000000002	69401	70693	-	HIMB2226_00770	HIMB2226	430	OG0000779	K01756	adenylosuccinate lyase [EC:4.3.2.2]	COG0015	PurB	Adenylosuccinate lyase	HIMB2226_00772	-2
HIMB2226-00000000002	70697	71470	-	HIMB2226_00771	HIMB2226	257	OG0000721	K01265	methionyl aminopeptidase [EC:3.4.11.18]	COG0024	Map	Methionine aminopeptidase	HIMB2226_00772	-1
HIMB2226-00000000002	71463	72161	-	HIMB2226_00772	HIMB2226	232	OG0000819	K06206	sugar fermentation stimulation protein A	COG1489	SfsA	DNA-binding protein, stimulates sugar fermentation	HIMB2226_00772	0
HIMB2226-00000000002	72182	72931	+	HIMB2226_00773	HIMB2226	249	OG0000807	NA	NA	COG1058	CinA	ADP-ribose pyrophosphatase domain of DNA damage- and competence-inducible protein CinA	HIMB2226_00772	1
HIMB2226-00000000002	72932	73336	+	HIMB2226_00774	HIMB2226	134	OG0001035	K00682	gamma-glutamylcyclotransferase [EC:4.3.2.9]	COG2105	YtfP	Predicted gamma-glutamylamine cyclotransferase YtfP, GGCT/AIG2-like family	HIMB2226_00772	2
HIMB2226-00000000002	73342	75063	-	HIMB2226_00775	HIMB2226	573	OG0001383	NA	NA	COG0366	AmyA	Glycosidase/amylase (phosphorylase)	HIMB2226_00772	3
HIMB2226-00000000002	75063	76283	-	HIMB2226_00776	HIMB2226	406	OG0001273	K13693	glucosyl-3-phosphoglycerate synthase [EC:2.4.1.266]	NA	NA	NA	HIMB2226_00772	4
HIMB2226-00000000002	76298	77098	-	HIMB2226_00777	HIMB2226	266	OG0001276	K07026	mannosyl-3-phosphoglycerate phosphatase [EC:3.1.3.70]	COG3769	YedP	Mannosyl-3-phosphoglycerate phosphatase YedP/MpgP, HAD superfamily	HIMB2226_00772	5
HIMB2250-00000000001	680650	680841	-	HIMB2250_00733	HIMB2250	63	OG0001138	K03073	preprotein translocase subunit SecE	COG0690	SecE	Preprotein translocase subunit SecE	HIMB2250_00742	-5
HIMB2250-00000000001	680945	682135	-	HIMB2250_00735	HIMB2250	396	OG0000491	K02358	elongation factor Tu	COG0050	TufA	Translation elongation factor EF-Tu, a GTPase	HIMB2250_00742	-4
HIMB2250-00000000001	682515	683258	+	HIMB2250_00738	HIMB2250	247	OG0000786	NA	NA	COG0566	SpoU	tRNA G18 (ribose-2'-O)-methylase SpoU	HIMB2250_00742	-3
HIMB2250-00000000001	683379	683786	-	HIMB2250_00740	HIMB2250	135	OG0001035	K00682	gamma-glutamylcyclotransferase [EC:4.3.2.9]	COG2105	YtfP	Predicted gamma-glutamylamine cyclotransferase YtfP, GGCT/AIG2-like family	HIMB2250_00742	-2
HIMB2250-00000000001	683786	684535	-	HIMB2250_00741	HIMB2250	249	OG0000807	NA	NA	COG1058	CinA	ADP-ribose pyrophosphatase domain of DNA damage- and competence-inducible protein CinA	HIMB2250_00742	-1
HIMB2250-00000000001	684556	685254	+	HIMB2250_00742	HIMB2250	232	OG0000819	K06206	sugar fermentation stimulation protein A	COG1489	SfsA	DNA-binding protein, stimulates sugar fermentation	HIMB2250_00742	0
HIMB2250-00000000001	685247	686017	+	HIMB2250_00743	HIMB2250	256	OG0000721	K01265	methionyl aminopeptidase [EC:3.4.11.18]	COG0024	Map	Methionine aminopeptidase	HIMB2250_00742	1
HIMB2250-00000000001	686021	687313	+	HIMB2250_00744	HIMB2250	430	OG0000779	K01756	adenylosuccinate lyase [EC:4.3.2.2]	COG0015	PurB	Adenylosuccinate lyase	HIMB2250_00742	2
HIMB2250-00000000001	687313	688098	+	HIMB2250_00745	HIMB2250	261	OG0000769	K01923	phosphoribosylaminoimidazole-succinocarboxamide synthase [EC:6.3.2.6]	COG0152	PurC	Phosphoribosylaminoimidazole-succinocarboxamide synthase	HIMB2250_00742	3
HIMB2250-00000000001	688095	688337	+	HIMB2250_00746	HIMB2250	80	OG0000770	K23264	phosphoribosylformylglycinamidine synthase subunit PurS [EC:6.3.5.3]	COG1828	PurS	Phosphoribosylformylglycinamidine (FGAM) synthase, PurS subunit	HIMB2250_00742	4
HIMB2250-00000000001	688341	689024	+	HIMB2250_00747	HIMB2250	227	OG0000684	K23265	phosphoribosylformylglycinamidine synthase subunit PurQ / glutaminase [EC:6.3.5.3 3.5.1.2]	COG0047	PurL2	Phosphoribosylformylglycinamidine (FGAM) synthase, glutamine amidotransferase domain	HIMB2250_00742	5
HIMB2305-00000000023	1010	2329	-	HIMB2305_01395	HIMB2305	439	OG0001333	NA	NA	COG4091	NA	Predicted homoserine dehydrogenase, contains C-terminal SAF domain	HIMB2305_01400	-5
HIMB2305-00000000023	2305	2619	-	HIMB2305_01396	HIMB2305	104	OG0001043	NA	NA	COG4392	AzlD2	Branched-chain amino acid transport protein	HIMB2305_01400	-4
HIMB2305-00000000023	2616	3308	-	HIMB2305_01397	HIMB2305	230	OG0001044	NA	NA	COG1296	AzlC	Predicted branched-chain amino acid permease (azaleucine resistance)	HIMB2305_01400	-3
HIMB2305-00000000023	3312	3719	-	HIMB2305_01398	HIMB2305	135	OG0001035	K00682	gamma-glutamylcyclotransferase [EC:4.3.2.9]	COG2105	YtfP	Predicted gamma-glutamylamine cyclotransferase YtfP, GGCT/AIG2-like family	HIMB2305_01400	-2
HIMB2305-00000000023	3719	4471	-	HIMB2305_01399	HIMB2305	250	OG0000807	NA	NA	COG1058	CinA	ADP-ribose pyrophosphatase domain of DNA damage- and competence-inducible protein CinA	HIMB2305_01400	-1
HIMB2305-00000000023	4493	5182	+	HIMB2305_01400	HIMB2305	229	OG0000819	K06206	sugar fermentation stimulation protein A	COG1489	SfsA	DNA-binding protein, stimulates sugar fermentation	HIMB2305_01400	0
HIMB2305-00000000023	5172	5948	+	HIMB2305_01401	HIMB2305	258	OG0000721	K01265	methionyl aminopeptidase [EC:3.4.11.18]	COG0024	Map	Methionine aminopeptidase	HIMB2305_01400	1
HIMB2305-00000000023	5948	7240	+	HIMB2305_01402	HIMB2305	430	OG0000779	K01756	adenylosuccinate lyase [EC:4.3.2.2]	COG0015	PurB	Adenylosuccinate lyase	HIMB2305_01400	2
HIMB2305-00000000023	7240	8025	+	HIMB2305_01403	HIMB2305	261	OG0000769	K01923	phosphoribosylaminoimidazole-succinocarboxamide synthase [EC:6.3.2.6]	COG0152	PurC	Phosphoribosylaminoimidazole-succinocarboxamide synthase	HIMB2305_01400	3
HIMB2305-00000000023	8025	8258	+	HIMB2305_01404	HIMB2305	77	OG0000770	K23264	phosphoribosylformylglycinamidine synthase subunit PurS [EC:6.3.5.3]	COG1828	PurS	Phosphoribosylformylglycinamidine (FGAM) synthase, PurS subunit	HIMB2305_01400	4
HIMB2305-00000000023	8265	8948	+	HIMB2305_01405	HIMB2305	227	OG0000684	K23265	phosphoribosylformylglycinamidine synthase subunit PurQ / glutaminase [EC:6.3.5.3 3.5.1.2]	COG0047	PurL2	Phosphoribosylformylglycinamidine (FGAM) synthase, glutamine amidotransferase domain	HIMB2305_01400	5
NZ_JBPPFS010000001.1	8039	9124	+	HIMB4_00012	HIMB4	361	OG0001477	NA	NA	COG4421	NA	Predicted N-acetylglucosamine transferase involved in capsular polysaccharide biosynthesis, GT61 family	HIMB4_00018	-5
NZ_JBPPFS010000001.1	9107	9958	-	HIMB4_00013	HIMB4	283	OG0001309	NA	NA	NA	NA	NA	HIMB4_00018	-4
NZ_JBPPFS010000001.1	9996	10760	-	HIMB4_00014	HIMB4	254	OG0001398	K05303	O-methyltransferase [EC:2.1.1.-]	COG4122	TrmR	tRNA 5-hydroxyU34 O-methylase TrmR/YrrM	HIMB4_00018	-3
NZ_JBPPFS010000001.1	10761	11537	-	HIMB4_00015	HIMB4	258	OG0000972	K00858	NAD+ kinase [EC:2.7.1.23]	COG0061	NadK	NAD kinase	HIMB4_00018	-2
NZ_JBPPFS010000001.1	12023	12772	-	HIMB4_00017	HIMB4	249	OG0000807	NA	NA	COG1058	CinA	ADP-ribose pyrophosphatase domain of DNA damage- and competence-inducible protein CinA	HIMB4_00018	-1
NZ_JBPPFS010000001.1	12793	13491	+	HIMB4_00018	HIMB4	232	OG0000819	K06206	sugar fermentation stimulation protein A	COG1489	SfsA	DNA-binding protein, stimulates sugar fermentation	HIMB4_00018	0
NZ_JBPPFS010000001.1	13484	14254	+	HIMB4_00019	HIMB4	256	OG0000721	K01265	methionyl aminopeptidase [EC:3.4.11.18]	COG0024	Map	Methionine aminopeptidase	HIMB4_00018	1
NZ_JBPPFS010000001.1	14258	15550	+	HIMB4_00020	HIMB4	430	OG0000779	K01756	adenylosuccinate lyase [EC:4.3.2.2]	COG0015	PurB	Adenylosuccinate lyase	HIMB4_00018	2
NZ_JBPPFS010000001.1	15550	16335	+	HIMB4_00021	HIMB4	261	OG0000769	K01923	phosphoribosylaminoimidazole-succinocarboxamide synthase [EC:6.3.2.6]	COG0152	PurC	Phosphoribosylaminoimidazole-succinocarboxamide synthase	HIMB4_00018	3
NZ_JBPPFS010000001.1	16332	16574	+	HIMB4_00022	HIMB4	80	OG0000770	K23264	phosphoribosylformylglycinamidine synthase subunit PurS [EC:6.3.5.3]	COG1828	PurS	Phosphoribosylformylglycinamidine (FGAM) synthase, PurS subunit	HIMB4_00018	4
NZ_JBPPFS010000001.1	16578	17261	+	HIMB4_00023	HIMB4	227	OG0000684	K23265	phosphoribosylformylglycinamidine synthase subunit PurQ / glutaminase [EC:6.3.5.3 3.5.1.2]	COG0047	PurL2	Phosphoribosylformylglycinamidine (FGAM) synthase, glutamine amidotransferase domain	HIMB4_00018	5
CP003809.1	705011	705757	+	HIMB5_00787	HIMB5	248	OG0000786	K03218	23S rRNA (guanosine2251-2'-O)-methyltransferase [EC:2.1.1.185]	COG0566	SpoU	tRNA G18 (ribose-2'-O)-methylase SpoU	HIMB5_00794	-5
CP003809.1	705863	706501	-	HIMB5_00789	HIMB5	212	OG0000972	K00858	NAD+ kinase [EC:2.7.1.23]	COG0061	NadK	NAD kinase	HIMB5_00794	-4
CP003809.1	706780	709182	-	HIMB5_00791	HIMB5	800	OG0001664	NA	NA	COG4993	Gcd	Glucose dehydrogenase, PQQ-dependent	HIMB5_00794	-3
CP003809.1	709258	709662	-	HIMB5_00792	HIMB5	134	OG0001035	K00682	gamma-glutamylcyclotransferase [EC:4.3.2.9]	COG2105	YtfP	Predicted gamma-glutamylamine cyclotransferase YtfP, GGCT/AIG2-like family	HIMB5_00794	-2
CP003809.1	709669	710418	-	HIMB5_00793	HIMB5	249	OG0000807	NA	NA	COG1058	CinA	ADP-ribose pyrophosphatase domain of DNA damage- and competence-inducible protein CinA	HIMB5_00794	-1
CP003809.1	710441	711139	+	HIMB5_00794	HIMB5	232	OG0000819	K06206	sugar fermentation stimulation protein A	COG1489	SfsA	DNA-binding protein, stimulates sugar fermentation	HIMB5_00794	0
CP003809.1	711132	711899	+	HIMB5_00795	HIMB5	255	OG0000721	K01265	methionyl aminopeptidase [EC:3.4.11.18]	COG0024	Map	Methionine aminopeptidase	HIMB5_00794	1
CP003809.1	711902	713194	+	HIMB5_00796	HIMB5	430	OG0000779	K01756	adenylosuccinate lyase [EC:4.3.2.2]	COG0015	PurB	Adenylosuccinate lyase	HIMB5_00794	2
CP003809.1	713194	713979	+	HIMB5_00797	HIMB5	261	OG0000769	K01923	phosphoribosylaminoimidazole-succinocarboxamide synthase [EC:6.3.2.6]	COG0152	PurC	Phosphoribosylaminoimidazole-succinocarboxamide synthase	HIMB5_00794	3
CP003809.1	713976	714209	+	HIMB5_00798	HIMB5	77	OG0000770	K23264	phosphoribosylformylglycinamidine synthase subunit PurS [EC:6.3.5.3]	COG1828	PurS	Phosphoribosylformylglycinamidine (FGAM) synthase, PurS subunit	HIMB5_00794	4
CP003809.1	714218	714901	+	HIMB5_00799	HIMB5	227	OG0000684	K23265	phosphoribosylformylglycinamidine synthase subunit PurQ / glutaminase [EC:6.3.5.3 3.5.1.2]	COG0047	PurL2	Phosphoribosylformylglycinamidine (FGAM) synthase, glutamine amidotransferase domain	HIMB5_00794	5
CH724130.1	119685	120368	-	HTCC1002_00138	HTCC1002	227	OG0000684	K23265	phosphoribosylformylglycinamidine synthase subunit PurQ / glutaminase [EC:6.3.5.3 3.5.1.2]	COG0047	PurL2	Phosphoribosylformylglycinamidine (FGAM) synthase, glutamine amidotransferase domain	HTCC1002_00143	-5
CH724130.1	120375	120617	-	HTCC1002_00139	HTCC1002	80	OG0000770	K23264	phosphoribosylformylglycinamidine synthase subunit PurS [EC:6.3.5.3]	COG1828	PurS	Phosphoribosylformylglycinamidine (FGAM) synthase, PurS subunit	HTCC1002_00143	-4
CH724130.1	120619	121401	-	HTCC1002_00140	HTCC1002	260	OG0000769	K01923	phosphoribosylaminoimidazole-succinocarboxamide synthase [EC:6.3.2.6]	COG0152	PurC	Phosphoribosylaminoimidazole-succinocarboxamide synthase	HTCC1002_00143	-3
CH724130.1	121401	122693	-	HTCC1002_00141	HTCC1002	430	OG0000779	K01756	adenylosuccinate lyase [EC:4.3.2.2]	COG0015	PurB	Adenylosuccinate lyase	HTCC1002_00143	-2
CH724130.1	122697	123467	-	HTCC1002_00142	HTCC1002	256	OG0000721	K01265	methionyl aminopeptidase [EC:3.4.11.18]	COG0024	Map	Methionine aminopeptidase	HTCC1002_00143	-1
CH724130.1	123460	124158	-	HTCC1002_00143	HTCC1002	232	OG0000819	K06206	sugar fermentation stimulation protein A	COG1489	SfsA	DNA-binding protein, stimulates sugar fermentation	HTCC1002_00143	0
CH724130.1	124180	124929	+	HTCC1002_00144	HTCC1002	249	OG0000807	NA	NA	COG1058	CinA	ADP-ribose pyrophosphatase domain of DNA damage- and competence-inducible protein CinA	HTCC1002_00143	1
CH724130.1	124934	125335	+	HTCC1002_00145	HTCC1002	133	OG0001035	K00682	gamma-glutamylcyclotransferase [EC:4.3.2.9]	COG2105	YtfP	Predicted gamma-glutamylamine cyclotransferase YtfP, GGCT/AIG2-like family	HTCC1002_00143	2
CH724130.1	125504	126283	+	HTCC1002_00147	HTCC1002	259	OG0000972	K00858	NAD+ kinase [EC:2.7.1.23]	COG0061	NadK	NAD kinase	HTCC1002_00143	3
CH724130.1	126397	127140	-	HTCC1002_00149	HTCC1002	247	OG0000786	NA	NA	COG0566	SpoU	tRNA G18 (ribose-2'-O)-methylase SpoU	HTCC1002_00143	4
CH724130.1	127525	128715	+	HTCC1002_00152	HTCC1002	396	OG0000491	K02358	elongation factor Tu	COG0050	TufA	Translation elongation factor EF-Tu, a GTPase	HTCC1002_00143	5
KI421438.1	170526	171716	-	HTCC1013_00974	HTCC1013	396	OG0000491	K02358	elongation factor Tu	COG0050	TufA	Translation elongation factor EF-Tu, a GTPase	HTCC1013_00983	-5
KI421438.1	172101	172844	+	HTCC1013_00977	HTCC1013	247	OG0000786	NA	NA	COG0566	SpoU	tRNA G18 (ribose-2'-O)-methylase SpoU	HTCC1013_00983	-4
KI421438.1	172958	173737	-	HTCC1013_00979	HTCC1013	259	OG0000972	K00858	NAD+ kinase [EC:2.7.1.23]	COG0061	NadK	NAD kinase	HTCC1013_00983	-3
KI421438.1	173906	174307	-	HTCC1013_00981	HTCC1013	133	OG0001035	K00682	gamma-glutamylcyclotransferase [EC:4.3.2.9]	COG2105	YtfP	Predicted gamma-glutamylamine cyclotransferase YtfP, GGCT/AIG2-like family	HTCC1013_00983	-2
KI421438.1	174312	175061	-	HTCC1013_00982	HTCC1013	249	OG0000807	NA	NA	COG1058	CinA	ADP-ribose pyrophosphatase domain of DNA damage- and competence-inducible protein CinA	HTCC1013_00983	-1
KI421438.1	175083	175781	+	HTCC1013_00983	HTCC1013	232	OG0000819	K06206	sugar fermentation stimulation protein A	COG1489	SfsA	DNA-binding protein, stimulates sugar fermentation	HTCC1013_00983	0
KI421438.1	175774	176544	+	HTCC1013_00984	HTCC1013	256	OG0000721	K01265	methionyl aminopeptidase [EC:3.4.11.18]	COG0024	Map	Methionine aminopeptidase	HTCC1013_00983	1
KI421438.1	176548	177840	+	HTCC1013_00985	HTCC1013	430	OG0000779	K01756	adenylosuccinate lyase [EC:4.3.2.2]	COG0015	PurB	Adenylosuccinate lyase	HTCC1013_00983	2
KI421438.1	177840	178622	+	HTCC1013_00986	HTCC1013	260	OG0000769	K01923	phosphoribosylaminoimidazole-succinocarboxamide synthase [EC:6.3.2.6]	COG0152	PurC	Phosphoribosylaminoimidazole-succinocarboxamide synthase	HTCC1013_00983	3
KI421438.1	178624	178866	+	HTCC1013_00987	HTCC1013	80	OG0000770	K23264	phosphoribosylformylglycinamidine synthase subunit PurS [EC:6.3.5.3]	COG1828	PurS	Phosphoribosylformylglycinamidine (FGAM) synthase, PurS subunit	HTCC1013_00983	4
KI421438.1	178873	179556	+	HTCC1013_00988	HTCC1013	227	OG0000684	K23265	phosphoribosylformylglycinamidine synthase subunit PurQ / glutaminase [EC:6.3.5.3 3.5.1.2]	COG0047	PurL2	Phosphoribosylformylglycinamidine (FGAM) synthase, glutamine amidotransferase domain	HTCC1013_00983	5
A3QGDRAFT_scaffold_1.2	162531	163721	-	HTCC1016_01037	HTCC1016	396	OG0000491	K02358	elongation factor Tu	COG0050	TufA	Translation elongation factor EF-Tu, a GTPase	HTCC1016_01046	-5
A3QGDRAFT_scaffold_1.2	164106	164849	+	HTCC1016_01040	HTCC1016	247	OG0000786	NA	NA	COG0566	SpoU	tRNA G18 (ribose-2'-O)-methylase SpoU	HTCC1016_01046	-4
A3QGDRAFT_scaffold_1.2	164963	165742	-	HTCC1016_01042	HTCC1016	259	OG0000972	K00858	NAD+ kinase [EC:2.7.1.23]	COG0061	NadK	NAD kinase	HTCC1016_01046	-3
A3QGDRAFT_scaffold_1.2	165911	166312	-	HTCC1016_01044	HTCC1016	133	OG0001035	K00682	gamma-glutamylcyclotransferase [EC:4.3.2.9]	COG2105	YtfP	Predicted gamma-glutamylamine cyclotransferase YtfP, GGCT/AIG2-like family	HTCC1016_01046	-2
A3QGDRAFT_scaffold_1.2	166317	167066	-	HTCC1016_01045	HTCC1016	249	OG0000807	NA	NA	COG1058	CinA	ADP-ribose pyrophosphatase domain of DNA damage- and competence-inducible protein CinA	HTCC1016_01046	-1
A3QGDRAFT_scaffold_1.2	167088	167786	+	HTCC1016_01046	HTCC1016	232	OG0000819	K06206	sugar fermentation stimulation protein A	COG1489	SfsA	DNA-binding protein, stimulates sugar fermentation	HTCC1016_01046	0
A3QGDRAFT_scaffold_1.2	167779	168549	+	HTCC1016_01047	HTCC1016	256	OG0000721	K01265	methionyl aminopeptidase [EC:3.4.11.18]	COG0024	Map	Methionine aminopeptidase	HTCC1016_01046	1
A3QGDRAFT_scaffold_1.2	168553	169845	+	HTCC1016_01048	HTCC1016	430	OG0000779	K01756	adenylosuccinate lyase [EC:4.3.2.2]	COG0015	PurB	Adenylosuccinate lyase	HTCC1016_01046	2
A3QGDRAFT_scaffold_1.2	169845	170627	+	HTCC1016_01049	HTCC1016	260	OG0000769	K01923	phosphoribosylaminoimidazole-succinocarboxamide synthase [EC:6.3.2.6]	COG0152	PurC	Phosphoribosylaminoimidazole-succinocarboxamide synthase	HTCC1016_01046	3
A3QGDRAFT_scaffold_1.2	170629	170871	+	HTCC1016_01050	HTCC1016	80	OG0000770	K23264	phosphoribosylformylglycinamidine synthase subunit PurS [EC:6.3.5.3]	COG1828	PurS	Phosphoribosylformylglycinamidine (FGAM) synthase, PurS subunit	HTCC1016_01046	4
A3QGDRAFT_scaffold_1.2	170878	171561	+	HTCC1016_01051	HTCC1016	227	OG0000684	K23265	phosphoribosylformylglycinamidine synthase subunit PurQ / glutaminase [EC:6.3.5.3 3.5.1.2]	COG0047	PurL2	Phosphoribosylformylglycinamidine (FGAM) synthase, glutamine amidotransferase domain	HTCC1016_01046	5
ARVY01000001.1	910603	911337	-	HTCC1040_00982	HTCC1040	244	OG0000115	NA	NA	COG0300	YqjQ	Short-chain dehydrogenase	HTCC1040_00988	-5
ARVY01000001.1	911330	912610	-	HTCC1040_00983	HTCC1040	426	OG0001824	NA	NA	COG0277	GlcD	FAD/FMN-containing lactate dehydrogenase/glycolate oxidase	HTCC1040_00988	-4
ARVY01000001.1	912645	913424	-	HTCC1040_00984	HTCC1040	259	OG0000972	K00858	NAD+ kinase [EC:2.7.1.23]	COG0061	NadK	NAD kinase	HTCC1040_00988	-3
ARVY01000001.1	913593	913994	-	HTCC1040_00986	HTCC1040	133	OG0001035	K00682	gamma-glutamylcyclotransferase [EC:4.3.2.9]	COG2105	YtfP	Predicted gamma-glutamylamine cyclotransferase YtfP, GGCT/AIG2-like family	HTCC1040_00988	-2
ARVY01000001.1	913999	914748	-	HTCC1040_00987	HTCC1040	249	OG0000807	NA	NA	COG1058	CinA	ADP-ribose pyrophosphatase domain of DNA damage- and competence-inducible protein CinA	HTCC1040_00988	-1
ARVY01000001.1	914770	915468	+	HTCC1040_00988	HTCC1040	232	OG0000819	K06206	sugar fermentation stimulation protein A	COG1489	SfsA	DNA-binding protein, stimulates sugar fermentation	HTCC1040_00988	0
ARVY01000001.1	915461	916231	+	HTCC1040_00989	HTCC1040	256	OG0000721	K01265	methionyl aminopeptidase [EC:3.4.11.18]	COG0024	Map	Methionine aminopeptidase	HTCC1040_00988	1
ARVY01000001.1	916235	917527	+	HTCC1040_00990	HTCC1040	430	OG0000779	K01756	adenylosuccinate lyase [EC:4.3.2.2]	COG0015	PurB	Adenylosuccinate lyase	HTCC1040_00988	2
ARVY01000001.1	917527	918309	+	HTCC1040_00991	HTCC1040	260	OG0000769	K01923	phosphoribosylaminoimidazole-succinocarboxamide synthase [EC:6.3.2.6]	COG0152	PurC	Phosphoribosylaminoimidazole-succinocarboxamide synthase	HTCC1040_00988	3
ARVY01000001.1	918311	918553	+	HTCC1040_00992	HTCC1040	80	OG0000770	K23264	phosphoribosylformylglycinamidine synthase subunit PurS [EC:6.3.5.3]	COG1828	PurS	Phosphoribosylformylglycinamidine (FGAM) synthase, PurS subunit	HTCC1040_00988	4
ARVY01000001.1	918560	919243	+	HTCC1040_00993	HTCC1040	227	OG0000684	K23265	phosphoribosylformylglycinamidine synthase subunit PurQ / glutaminase [EC:6.3.5.3 3.5.1.2]	COG0047	PurL2	Phosphoribosylformylglycinamidine (FGAM) synthase, glutamine amidotransferase domain	HTCC1040_00988	5
CP000084.1	1085516	1086706	-	HTCC1062_01136	HTCC1062	396	OG0000491	K02358	elongation factor Tu	COG0050	TufA	Translation elongation factor EF-Tu, a GTPase	HTCC1062_01145	-5
CP000084.1	1087091	1087834	+	HTCC1062_01139	HTCC1062	247	OG0000786	NA	NA	COG0566	SpoU	tRNA G18 (ribose-2'-O)-methylase SpoU	HTCC1062_01145	-4
CP000084.1	1087948	1088727	-	HTCC1062_01141	HTCC1062	259	OG0000972	K00858	NAD+ kinase [EC:2.7.1.23]	COG0061	NadK	NAD kinase	HTCC1062_01145	-3
CP000084.1	1088896	1089297	-	HTCC1062_01143	HTCC1062	133	OG0001035	K00682	gamma-glutamylcyclotransferase [EC:4.3.2.9]	COG2105	YtfP	Predicted gamma-glutamylamine cyclotransferase YtfP, GGCT/AIG2-like family	HTCC1062_01145	-2
CP000084.1	1089302	1090051	-	HTCC1062_01144	HTCC1062	249	OG0000807	NA	NA	COG1058	CinA	ADP-ribose pyrophosphatase domain of DNA damage- and competence-inducible protein CinA	HTCC1062_01145	-1
CP000084.1	1090073	1090771	+	HTCC1062_01145	HTCC1062	232	OG0000819	K06206	sugar fermentation stimulation protein A	COG1489	SfsA	DNA-binding protein, stimulates sugar fermentation	HTCC1062_01145	0
CP000084.1	1090764	1091534	+	HTCC1062_01146	HTCC1062	256	OG0000721	K01265	methionyl aminopeptidase [EC:3.4.11.18]	COG0024	Map	Methionine aminopeptidase	HTCC1062_01145	1
CP000084.1	1091538	1092830	+	HTCC1062_01147	HTCC1062	430	OG0000779	K01756	adenylosuccinate lyase [EC:4.3.2.2]	COG0015	PurB	Adenylosuccinate lyase	HTCC1062_01145	2
CP000084.1	1092830	1093612	+	HTCC1062_01148	HTCC1062	260	OG0000769	K01923	phosphoribosylaminoimidazole-succinocarboxamide synthase [EC:6.3.2.6]	COG0152	PurC	Phosphoribosylaminoimidazole-succinocarboxamide synthase	HTCC1062_01145	3
CP000084.1	1093614	1093856	+	HTCC1062_01149	HTCC1062	80	OG0000770	K23264	phosphoribosylformylglycinamidine synthase subunit PurS [EC:6.3.5.3]	COG1828	PurS	Phosphoribosylformylglycinamidine (FGAM) synthase, PurS subunit	HTCC1062_01145	4
CP000084.1	1093863	1094546	+	HTCC1062_01150	HTCC1062	227	OG0000684	K23265	phosphoribosylformylglycinamidine synthase subunit PurQ / glutaminase [EC:6.3.5.3 3.5.1.2]	COG0047	PurL2	Phosphoribosylformylglycinamidine (FGAM) synthase, glutamine amidotransferase domain	HTCC1062_01145	5
DS995298.1	794469	795152	-	HTCC7211_00838	HTCC7211	227	OG0000684	K23265	phosphoribosylformylglycinamidine synthase subunit PurQ / glutaminase [EC:6.3.5.3 3.5.1.2]	COG0047	PurL2	Phosphoribosylformylglycinamidine (FGAM) synthase, glutamine amidotransferase domain	HTCC7211_00843	-5
DS995298.1	795157	795399	-	HTCC7211_00839	HTCC7211	80	OG0000770	K23264	phosphoribosylformylglycinamidine synthase subunit PurS [EC:6.3.5.3]	COG1828	PurS	Phosphoribosylformylglycinamidine (FGAM) synthase, PurS subunit	HTCC7211_00843	-4
DS995298.1	795396	796181	-	HTCC7211_00840	HTCC7211	261	OG0000769	K01923	phosphoribosylaminoimidazole-succinocarboxamide synthase [EC:6.3.2.6]	COG0152	PurC	Phosphoribosylaminoimidazole-succinocarboxamide synthase	HTCC7211_00843	-3
DS995298.1	796181	797473	-	HTCC7211_00841	HTCC7211	430	OG0000779	K01756	adenylosuccinate lyase [EC:4.3.2.2]	COG0015	PurB	Adenylosuccinate lyase	HTCC7211_00843	-2
DS995298.1	797477	798247	-	HTCC7211_00842	HTCC7211	256	OG0000721	K01265	methionyl aminopeptidase [EC:3.4.11.18]	COG0024	Map	Methionine aminopeptidase	HTCC7211_00843	-1
DS995298.1	798240	798938	-	HTCC7211_00843	HTCC7211	232	OG0000819	K06206	sugar fermentation stimulation protein A	COG1489	SfsA	DNA-binding protein, stimulates sugar fermentation	HTCC7211_00843	0
DS995298.1	798959	799708	+	HTCC7211_00844	HTCC7211	249	OG0000807	NA	NA	COG1058	CinA	ADP-ribose pyrophosphatase domain of DNA damage- and competence-inducible protein CinA	HTCC7211_00843	1
DS995298.1	799709	800113	+	HTCC7211_00845	HTCC7211	134	OG0001035	K00682	gamma-glutamylcyclotransferase [EC:4.3.2.9]	COG2105	YtfP	Predicted gamma-glutamylamine cyclotransferase YtfP, GGCT/AIG2-like family	HTCC7211_00843	2
DS995298.1	800119	801414	+	HTCC7211_00846	HTCC7211	431	OG0001333	NA	NA	COG4091	NA	Predicted homoserine dehydrogenase, contains C-terminal SAF domain	HTCC7211_00843	3
DS995298.1	801414	801686	+	HTCC7211_00847	HTCC7211	90	OG0001584	NA	NA	NA	NA	NA	HTCC7211_00843	4
DS995298.1	801703	802662	-	HTCC7211_00848	HTCC7211	319	OG0001428	NA	NA	COG0859	RfaF	ADP-heptose:LPS heptosyltransferase	HTCC7211_00843	5
KL370779.1	1218792	1219751	+	HTCC7214_01294	HTCC7214	319	OG0001428	NA	NA	COG0859	RfaF	ADP-heptose:LPS heptosyltransferase	HTCC7214_01299	-5
KL370779.1	1219767	1220039	-	HTCC7214_01295	HTCC7214	90	OG0001584	NA	NA	NA	NA	NA	HTCC7214_01299	-4
KL370779.1	1220039	1221334	-	HTCC7214_01296	HTCC7214	431	OG0001333	NA	NA	COG4091	NA	Predicted homoserine dehydrogenase, contains C-terminal SAF domain	HTCC7214_01299	-3
KL370779.1	1221340	1221744	-	HTCC7214_01297	HTCC7214	134	OG0001035	K00682	gamma-glutamylcyclotransferase [EC:4.3.2.9]	COG2105	YtfP	Predicted gamma-glutamylamine cyclotransferase YtfP, GGCT/AIG2-like family	HTCC7214_01299	-2
KL370779.1	1221744	1222493	-	HTCC7214_01298	HTCC7214	249	OG0000807	NA	NA	COG1058	CinA	ADP-ribose pyrophosphatase domain of DNA damage- and competence-inducible protein CinA	HTCC7214_01299	-1
KL370779.1	1222514	1223212	+	HTCC7214_01299	HTCC7214	232	OG0000819	K06206	sugar fermentation stimulation protein A	COG1489	SfsA	DNA-binding protein, stimulates sugar fermentation	HTCC7214_01299	0
KL370779.1	1223205	1223975	+	HTCC7214_01300	HTCC7214	256	OG0000721	K01265	methionyl aminopeptidase [EC:3.4.11.18]	COG0024	Map	Methionine aminopeptidase	HTCC7214_01299	1
KL370779.1	1223979	1225271	+	HTCC7214_01301	HTCC7214	430	OG0000779	K01756	adenylosuccinate lyase [EC:4.3.2.2]	COG0015	PurB	Adenylosuccinate lyase	HTCC7214_01299	2
KL370779.1	1225271	1226056	+	HTCC7214_01302	HTCC7214	261	OG0000769	K01923	phosphoribosylaminoimidazole-succinocarboxamide synthase [EC:6.3.2.6]	COG0152	PurC	Phosphoribosylaminoimidazole-succinocarboxamide synthase	HTCC7214_01299	3
KL370779.1	1226053	1226295	+	HTCC7214_01303	HTCC7214	80	OG0000770	K23264	phosphoribosylformylglycinamidine synthase subunit PurS [EC:6.3.5.3]	COG1828	PurS	Phosphoribosylformylglycinamidine (FGAM) synthase, PurS subunit	HTCC7214_01299	4
KL370779.1	1226299	1226982	+	HTCC7214_01304	HTCC7214	227	OG0000684	K23265	phosphoribosylformylglycinamidine synthase subunit PurQ / glutaminase [EC:6.3.5.3 3.5.1.2]	COG0047	PurL2	Phosphoribosylformylglycinamidine (FGAM) synthase, glutamine amidotransferase domain	HTCC7214_01299	5
JNIU01000001.1	174497	175180	-	HTCC7217_00184	HTCC7217	227	OG0000684	K23265	phosphoribosylformylglycinamidine synthase subunit PurQ / glutaminase [EC:6.3.5.3 3.5.1.2]	COG0047	PurL2	Phosphoribosylformylglycinamidine (FGAM) synthase, glutamine amidotransferase domain	HTCC7217_00189	-5
JNIU01000001.1	175185	175427	-	HTCC7217_00185	HTCC7217	80	OG0000770	K23264	phosphoribosylformylglycinamidine synthase subunit PurS [EC:6.3.5.3]	COG1828	PurS	Phosphoribosylformylglycinamidine (FGAM) synthase, PurS subunit	HTCC7217_00189	-4
JNIU01000001.1	175424	176209	-	HTCC7217_00186	HTCC7217	261	OG0000769	K01923	phosphoribosylaminoimidazole-succinocarboxamide synthase [EC:6.3.2.6]	COG0152	PurC	Phosphoribosylaminoimidazole-succinocarboxamide synthase	HTCC7217_00189	-3
JNIU01000001.1	176209	177501	-	HTCC7217_00187	HTCC7217	430	OG0000779	K01756	adenylosuccinate lyase [EC:4.3.2.2]	COG0015	PurB	Adenylosuccinate lyase	HTCC7217_00189	-2
JNIU01000001.1	177505	178275	-	HTCC7217_00188	HTCC7217	256	OG0000721	K01265	methionyl aminopeptidase [EC:3.4.11.18]	COG0024	Map	Methionine aminopeptidase	HTCC7217_00189	-1
JNIU01000001.1	178268	178966	-	HTCC7217_00189	HTCC7217	232	OG0000819	K06206	sugar fermentation stimulation protein A	COG1489	SfsA	DNA-binding protein, stimulates sugar fermentation	HTCC7217_00189	0
JNIU01000001.1	178987	179736	+	HTCC7217_00190	HTCC7217	249	OG0000807	NA	NA	COG1058	CinA	ADP-ribose pyrophosphatase domain of DNA damage- and competence-inducible protein CinA	HTCC7217_00189	1
JNIU01000001.1	179737	180141	+	HTCC7217_00191	HTCC7217	134	OG0001035	K00682	gamma-glutamylcyclotransferase [EC:4.3.2.9]	COG2105	YtfP	Predicted gamma-glutamylamine cyclotransferase YtfP, GGCT/AIG2-like family	HTCC7217_00189	2
JNIU01000001.1	180147	181442	+	HTCC7217_00192	HTCC7217	431	OG0001333	NA	NA	COG4091	NA	Predicted homoserine dehydrogenase, contains C-terminal SAF domain	HTCC7217_00189	3
JNIU01000001.1	181442	181714	+	HTCC7217_00193	HTCC7217	90	OG0001584	NA	NA	NA	NA	NA	HTCC7217_00189	4
JNIU01000001.1	181797	182861	+	HTCC7217_00194	HTCC7217	354	OG0000040	K07246	tartrate dehydrogenase/decarboxylase / D-malate dehydrogenase [EC:1.1.1.93 4.1.1.73 1.1.1.83]	COG0473	LeuB	Isocitrate/isopropylmalate dehydrogenase	HTCC7217_00189	5
KI421440.1	528125	528808	-	HTCC8051_00554	HTCC8051	227	OG0000684	K23265	phosphoribosylformylglycinamidine synthase subunit PurQ / glutaminase [EC:6.3.5.3 3.5.1.2]	COG0047	PurL2	Phosphoribosylformylglycinamidine (FGAM) synthase, glutamine amidotransferase domain	HTCC8051_00559	-5
KI421440.1	528812	529054	-	HTCC8051_00555	HTCC8051	80	OG0000770	K23264	phosphoribosylformylglycinamidine synthase subunit PurS [EC:6.3.5.3]	COG1828	PurS	Phosphoribosylformylglycinamidine (FGAM) synthase, PurS subunit	HTCC8051_00559	-4
KI421440.1	529051	529836	-	HTCC8051_00556	HTCC8051	261	OG0000769	K01923	phosphoribosylaminoimidazole-succinocarboxamide synthase [EC:6.3.2.6]	COG0152	PurC	Phosphoribosylaminoimidazole-succinocarboxamide synthase	HTCC8051_00559	-3
KI421440.1	529836	531128	-	HTCC8051_00557	HTCC8051	430	OG0000779	K01756	adenylosuccinate lyase [EC:4.3.2.2]	COG0015	PurB	Adenylosuccinate lyase	HTCC8051_00559	-2
KI421440.1	531132	531902	-	HTCC8051_00558	HTCC8051	256	OG0000721	K01265	methionyl aminopeptidase [EC:3.4.11.18]	COG0024	Map	Methionine aminopeptidase	HTCC8051_00559	-1
KI421440.1	531895	532593	-	HTCC8051_00559	HTCC8051	232	OG0000819	K06206	sugar fermentation stimulation protein A	COG1489	SfsA	DNA-binding protein, stimulates sugar fermentation	HTCC8051_00559	0
KI421440.1	532614	533363	+	HTCC8051_00560	HTCC8051	249	OG0000807	NA	NA	COG1058	CinA	ADP-ribose pyrophosphatase domain of DNA damage- and competence-inducible protein CinA	HTCC8051_00559	1
KI421440.1	533364	533768	+	HTCC8051_00561	HTCC8051	134	OG0001035	K00682	gamma-glutamylcyclotransferase [EC:4.3.2.9]	COG2105	YtfP	Predicted gamma-glutamylamine cyclotransferase YtfP, GGCT/AIG2-like family	HTCC8051_00559	2
KI421440.1	533930	534700	+	HTCC8051_00563	HTCC8051	256	OG0000972	K00858	NAD+ kinase [EC:2.7.1.23]	COG0061	NadK	NAD kinase	HTCC8051_00559	3
KI421440.1	534846	535448	+	HTCC8051_00564	HTCC8051	200	OG0003768	NA	NA	NA	NA	NA	HTCC8051_00559	4
KI421440.1	535451	535810	+	HTCC8051_00565	HTCC8051	119	OG0003768	NA	NA	NA	NA	NA	HTCC8051_00559	5
KI421433.1	424514	425197	-	HTCC9022_01010	HTCC9022	227	OG0000684	K23265	phosphoribosylformylglycinamidine synthase subunit PurQ / glutaminase [EC:6.3.5.3 3.5.1.2]	COG0047	PurL2	Phosphoribosylformylglycinamidine (FGAM) synthase, glutamine amidotransferase domain	HTCC9022_01015	-5
KI421433.1	425201	425443	-	HTCC9022_01011	HTCC9022	80	OG0000770	K23264	phosphoribosylformylglycinamidine synthase subunit PurS [EC:6.3.5.3]	COG1828	PurS	Phosphoribosylformylglycinamidine (FGAM) synthase, PurS subunit	HTCC9022_01015	-4
KI421433.1	425440	426225	-	HTCC9022_01012	HTCC9022	261	OG0000769	K01923	phosphoribosylaminoimidazole-succinocarboxamide synthase [EC:6.3.2.6]	COG0152	PurC	Phosphoribosylaminoimidazole-succinocarboxamide synthase	HTCC9022_01015	-3
KI421433.1	426225	427517	-	HTCC9022_01013	HTCC9022	430	OG0000779	K01756	adenylosuccinate lyase [EC:4.3.2.2]	COG0015	PurB	Adenylosuccinate lyase	HTCC9022_01015	-2
KI421433.1	427521	428291	-	HTCC9022_01014	HTCC9022	256	OG0000721	K01265	methionyl aminopeptidase [EC:3.4.11.18]	COG0024	Map	Methionine aminopeptidase	HTCC9022_01015	-1
KI421433.1	428284	428982	-	HTCC9022_01015	HTCC9022	232	OG0000819	K06206	sugar fermentation stimulation protein A	COG1489	SfsA	DNA-binding protein, stimulates sugar fermentation	HTCC9022_01015	0
KI421433.1	429003	429752	+	HTCC9022_01016	HTCC9022	249	OG0000807	NA	NA	COG1058	CinA	ADP-ribose pyrophosphatase domain of DNA damage- and competence-inducible protein CinA	HTCC9022_01015	1
KI421433.1	429753	430160	+	HTCC9022_01017	HTCC9022	135	OG0001035	K00682	gamma-glutamylcyclotransferase [EC:4.3.2.9]	COG2105	YtfP	Predicted gamma-glutamylamine cyclotransferase YtfP, GGCT/AIG2-like family	HTCC9022_01015	2
KI421433.1	430228	430500	+	HTCC9022_01018	HTCC9022	90	OG0001584	NA	NA	NA	NA	NA	HTCC9022_01015	3
KI421433.1	430601	431239	+	HTCC9022_01019	HTCC9022	212	NA	NA	NA	COG4764	SLT	Predicted transglycosylase, contains SLT domain	HTCC9022_01015	4
KI421433.1	431415	432185	+	HTCC9022_01021	HTCC9022	256	OG0000972	K00858	NAD+ kinase [EC:2.7.1.23]	COG0061	NadK	NAD kinase	HTCC9022_01015	5
NZ_LANA01000002.1	182391	183074	-	HTCC9565_01005	HTCC9565	227	OG0000684	K23265	phosphoribosylformylglycinamidine synthase subunit PurQ / glutaminase [EC:6.3.5.3 3.5.1.2]	COG0047	PurL2	Phosphoribosylformylglycinamidine (FGAM) synthase, glutamine amidotransferase domain	HTCC9565_01010	-5
NZ_LANA01000002.1	183081	183323	-	HTCC9565_01006	HTCC9565	80	OG0000770	K23264	phosphoribosylformylglycinamidine synthase subunit PurS [EC:6.3.5.3]	COG1828	PurS	Phosphoribosylformylglycinamidine (FGAM) synthase, PurS subunit	HTCC9565_01010	-4
NZ_LANA01000002.1	183325	184107	-	HTCC9565_01007	HTCC9565	260	OG0000769	K01923	phosphoribosylaminoimidazole-succinocarboxamide synthase [EC:6.3.2.6]	COG0152	PurC	Phosphoribosylaminoimidazole-succinocarboxamide synthase	HTCC9565_01010	-3
NZ_LANA01000002.1	184107	185399	-	HTCC9565_01008	HTCC9565	430	OG0000779	K01756	adenylosuccinate lyase [EC:4.3.2.2]	COG0015	PurB	Adenylosuccinate lyase	HTCC9565_01010	-2
NZ_LANA01000002.1	185403	186173	-	HTCC9565_01009	HTCC9565	256	OG0000721	K01265	methionyl aminopeptidase [EC:3.4.11.18]	COG0024	Map	Methionine aminopeptidase	HTCC9565_01010	-1
NZ_LANA01000002.1	186192	186890	-	HTCC9565_01010	HTCC9565	232	OG0000819	K06206	sugar fermentation stimulation protein A	COG1489	SfsA	DNA-binding protein, stimulates sugar fermentation	HTCC9565_01010	0
NZ_LANA01000002.1	186911	187660	+	HTCC9565_01011	HTCC9565	249	OG0000807	NA	NA	COG1058	CinA	ADP-ribose pyrophosphatase domain of DNA damage- and competence-inducible protein CinA	HTCC9565_01010	1
NZ_LANA01000002.1	187661	188062	+	HTCC9565_01012	HTCC9565	133	OG0001035	K00682	gamma-glutamylcyclotransferase [EC:4.3.2.9]	COG2105	YtfP	Predicted gamma-glutamylamine cyclotransferase YtfP, GGCT/AIG2-like family	HTCC9565_01010	2
NZ_LANA01000002.1	188068	189831	+	HTCC9565_01013	HTCC9565	587	OG0001478	NA	NA	COG2303	BetA	Choline dehydrogenase or related flavoprotein	HTCC9565_01010	3
NZ_LANA01000002.1	189831	190739	+	HTCC9565_01014	HTCC9565	302	OG0002235	NA	NA	NA	NA	NA	HTCC9565_01010	4
NZ_LANA01000002.1	190744	192831	+	HTCC9565_01015	HTCC9565	695	OG0000167	NA	NA	COG0641	AslB	Sulfatase maturation enzyme AslB, radical SAM superfamily	HTCC9565_01010	5
CP002511.1	1105138	1107087	+	IMCC9063_01259	IMCC9063	649	OG0000103	NA	NA	COG0187	GyrB	DNA gyrase/topoisomerase IV, subunit B	IMCC9063_01265	-5
CP002511.1	1107084	1107422	-	IMCC9063_01260	IMCC9063	112	OG0000042	NA	NA	COG2076	EmrE	Multidrug transporter EmrE and related cation transporters	IMCC9063_01265	-4
CP002511.1	1107747	1108880	-	IMCC9063_01262	IMCC9063	377	OG0001367	NA	NA	COG1196	Smc	Chromosome segregation ATPase Smc	IMCC9063_01265	-3
CP002511.1	1109132	1110127	-	IMCC9063_01263	IMCC9063	331	OG0001394	NA	NA	COG0859	RfaF	ADP-heptose:LPS heptosyltransferase	IMCC9063_01265	-2
CP002511.1	1110134	1110871	-	IMCC9063_01264	IMCC9063	245	OG0000807	NA	NA	COG1058	CinA	ADP-ribose pyrophosphatase domain of DNA damage- and competence-inducible protein CinA	IMCC9063_01265	-1
CP002511.1	1110873	1111571	+	IMCC9063_01265	IMCC9063	232	OG0000819	K06206	sugar fermentation stimulation protein A	COG1489	SfsA	DNA-binding protein, stimulates sugar fermentation	IMCC9063_01265	0
CP002511.1	1111572	1112348	+	IMCC9063_01266	IMCC9063	258	OG0000721	K01265	methionyl aminopeptidase [EC:3.4.11.18]	COG0024	Map	Methionine aminopeptidase	IMCC9063_01265	1
CP002511.1	1112345	1113640	+	IMCC9063_01267	IMCC9063	431	OG0000779	K01756	adenylosuccinate lyase [EC:4.3.2.2]	COG0015	PurB	Adenylosuccinate lyase	IMCC9063_01265	2
CP002511.1	1113637	1114419	+	IMCC9063_01268	IMCC9063	260	OG0000769	K01923	phosphoribosylaminoimidazole-succinocarboxamide synthase [EC:6.3.2.6]	COG0152	PurC	Phosphoribosylaminoimidazole-succinocarboxamide synthase	IMCC9063_01265	3
CP002511.1	1114421	1114663	+	IMCC9063_01269	IMCC9063	80	OG0000770	K23264	phosphoribosylformylglycinamidine synthase subunit PurS [EC:6.3.5.3]	COG1828	PurS	Phosphoribosylformylglycinamidine (FGAM) synthase, PurS subunit	IMCC9063_01265	4
CP002511.1	1114663	1115337	+	IMCC9063_01270	IMCC9063	224	OG0000684	K23265	phosphoribosylformylglycinamidine synthase subunit PurQ / glutaminase [EC:6.3.5.3 3.5.1.2]	COG0047	PurL2	Phosphoribosylformylglycinamidine (FGAM) synthase, glutamine amidotransferase domain	IMCC9063_01265	5
Ga0182791_11	662003	662401	-	LSUCC0261_00704	LSUCC0261	132	OG0001260	NA	NA	NA	NA	NA	LSUCC0261_00709	-5
Ga0182791_11	662398	662583	-	LSUCC0261_00705	LSUCC0261	61	OG0003026	K03746	DNA-binding protein H-NS	NA	NA	NA	LSUCC0261_00709	-4
Ga0182791_11	663212	665626	-	LSUCC0261_00706	LSUCC0261	804	OG0003042	NA	NA	COG4625	NA	Uncharacterized conserved protein, contains a C-terminal beta-barrel porin domain	LSUCC0261_00709	-3
Ga0182791_11	665634	666485	-	LSUCC0261_00707	LSUCC0261	283	OG0001241	NA	NA	COG1216	WcaE	Glycosyltransferase, GT2 family	LSUCC0261_00709	-2
Ga0182791_11	666490	667224	-	LSUCC0261_00708	LSUCC0261	244	OG0000807	NA	NA	COG1058	CinA	ADP-ribose pyrophosphatase domain of DNA damage- and competence-inducible protein CinA	LSUCC0261_00709	-1
Ga0182791_11	667226	667921	+	LSUCC0261_00709	LSUCC0261	231	OG0000819	K06206	sugar fermentation stimulation protein A	COG1489	SfsA	DNA-binding protein, stimulates sugar fermentation	LSUCC0261_00709	0
Ga0182791_11	667926	668699	+	LSUCC0261_00710	LSUCC0261	257	OG0000721	K01265	methionyl aminopeptidase [EC:3.4.11.18]	COG0024	Map	Methionine aminopeptidase	LSUCC0261_00709	1
Ga0182791_11	668699	669994	+	LSUCC0261_00711	LSUCC0261	431	OG0000779	K01756	adenylosuccinate lyase [EC:4.3.2.2]	COG0015	PurB	Adenylosuccinate lyase	LSUCC0261_00709	2
Ga0182791_11	669991	670773	+	LSUCC0261_00712	LSUCC0261	260	OG0000769	K01923	phosphoribosylaminoimidazole-succinocarboxamide synthase [EC:6.3.2.6]	COG0152	PurC	Phosphoribosylaminoimidazole-succinocarboxamide synthase	LSUCC0261_00709	3
Ga0182791_11	670775	671017	+	LSUCC0261_00713	LSUCC0261	80	OG0000770	K23264	phosphoribosylformylglycinamidine synthase subunit PurS [EC:6.3.5.3]	COG1828	PurS	Phosphoribosylformylglycinamidine (FGAM) synthase, PurS subunit	LSUCC0261_00709	4
Ga0182791_11	671017	671691	+	LSUCC0261_00714	LSUCC0261	224	OG0000684	K23265	phosphoribosylformylglycinamidine synthase subunit PurQ / glutaminase [EC:6.3.5.3 3.5.1.2]	COG0047	PurL2	Phosphoribosylformylglycinamidine (FGAM) synthase, glutamine amidotransferase domain	LSUCC0261_00709	5
CP024034.1	366475	367149	-	LSUCC0530_00412	LSUCC0530	224	OG0000684	K23265	phosphoribosylformylglycinamidine synthase subunit PurQ / glutaminase [EC:6.3.5.3 3.5.1.2]	COG0047	PurL2	Phosphoribosylformylglycinamidine (FGAM) synthase, glutamine amidotransferase domain	LSUCC0530_00417	-5
CP024034.1	367146	367391	-	LSUCC0530_00413	LSUCC0530	81	OG0000770	K23264	phosphoribosylformylglycinamidine synthase subunit PurS [EC:6.3.5.3]	COG1828	PurS	Phosphoribosylformylglycinamidine (FGAM) synthase, PurS subunit	LSUCC0530_00417	-4
CP024034.1	367396	368184	-	LSUCC0530_00414	LSUCC0530	262	OG0000769	K01923	phosphoribosylaminoimidazole-succinocarboxamide synthase [EC:6.3.2.6]	COG0152	PurC	Phosphoribosylaminoimidazole-succinocarboxamide synthase	LSUCC0530_00417	-3
CP024034.1	368184	369479	-	LSUCC0530_00415	LSUCC0530	431	OG0000779	K01756	adenylosuccinate lyase [EC:4.3.2.2]	COG0015	PurB	Adenylosuccinate lyase	LSUCC0530_00417	-2
CP024034.1	369513	370283	-	LSUCC0530_00416	LSUCC0530	256	OG0000721	K01265	methionyl aminopeptidase [EC:3.4.11.18]	COG0024	Map	Methionine aminopeptidase	LSUCC0530_00417	-1
CP024034.1	370280	370978	-	LSUCC0530_00417	LSUCC0530	232	OG0000819	K06206	sugar fermentation stimulation protein A	COG1489	SfsA	DNA-binding protein, stimulates sugar fermentation	LSUCC0530_00417	0
CP024034.1	371002	371748	+	LSUCC0530_00418	LSUCC0530	248	OG0000807	NA	NA	COG1058	CinA	ADP-ribose pyrophosphatase domain of DNA damage- and competence-inducible protein CinA	LSUCC0530_00417	1
CP024034.1	371748	372308	+	LSUCC0530_00419	LSUCC0530	186	OG0000302	K21929	uracil-DNA glycosylase [EC:3.2.2.27]	COG1573	Udg4	Uracil-DNA glycosylase	LSUCC0530_00417	2
CP024034.1	372460	372825	+	LSUCC0530_00421	LSUCC0530	121	OG0002763	NA	NA	NA	NA	NA	LSUCC0530_00417	3
CP024034.1	372827	374764	-	LSUCC0530_00422	LSUCC0530	645	OG0000103	NA	NA	COG0187	GyrB	DNA gyrase/topoisomerase IV, subunit B	LSUCC0530_00417	4
CP024034.1	374873	376282	-	LSUCC0530_00423	LSUCC0530	469	OG0000235	K01915	glutamine synthetase [EC:6.3.1.2]	COG0174	GlnA	Glutamine synthetase	LSUCC0530_00417	5
Ga0255589_11	386307	386987	-	LSUCC0664_00429	LSUCC0664	226	OG0000684	K23265	phosphoribosylformylglycinamidine synthase subunit PurQ / glutaminase [EC:6.3.5.3 3.5.1.2]	COG0047	PurL2	Phosphoribosylformylglycinamidine (FGAM) synthase, glutamine amidotransferase domain	LSUCC0664_00434	-5
Ga0255589_11	386987	387226	-	LSUCC0664_00430	LSUCC0664	79	OG0000770	K23264	phosphoribosylformylglycinamidine synthase subunit PurS [EC:6.3.5.3]	COG1828	PurS	Phosphoribosylformylglycinamidine (FGAM) synthase, PurS subunit	LSUCC0664_00434	-4
Ga0255589_11	387233	388015	-	LSUCC0664_00431	LSUCC0664	260	OG0000769	K01923	phosphoribosylaminoimidazole-succinocarboxamide synthase [EC:6.3.2.6]	COG0152	PurC	Phosphoribosylaminoimidazole-succinocarboxamide synthase	LSUCC0664_00434	-3
Ga0255589_11	388015	389307	-	LSUCC0664_00432	LSUCC0664	430	OG0000779	K01756	adenylosuccinate lyase [EC:4.3.2.2]	COG0015	PurB	Adenylosuccinate lyase	LSUCC0664_00434	-2
Ga0255589_11	389321	390073	-	LSUCC0664_00433	LSUCC0664	250	OG0000721	K01265	methionyl aminopeptidase [EC:3.4.11.18]	COG0024	Map	Methionine aminopeptidase	LSUCC0664_00434	-1
Ga0255589_11	390073	390768	-	LSUCC0664_00434	LSUCC0664	231	OG0000819	K06206	sugar fermentation stimulation protein A	COG1489	SfsA	DNA-binding protein, stimulates sugar fermentation	LSUCC0664_00434	0
Ga0255589_11	390769	391503	+	LSUCC0664_00435	LSUCC0664	244	OG0000807	NA	NA	COG1058	CinA	ADP-ribose pyrophosphatase domain of DNA damage- and competence-inducible protein CinA	LSUCC0664_00434	1
Ga0255589_11	391649	393589	-	LSUCC0664_00437	LSUCC0664	646	OG0000103	NA	NA	COG0187	GyrB	DNA gyrase/topoisomerase IV, subunit B	LSUCC0664_00434	2
Ga0255589_11	393682	395088	-	LSUCC0664_00438	LSUCC0664	468	OG0000235	K01915	glutamine synthetase [EC:6.3.1.2]	COG0174	GlnA	Glutamine synthetase	LSUCC0664_00434	3
Ga0255589_11	395148	395975	+	LSUCC0664_00439	LSUCC0664	275	OG0000007	NA	NA	COG1028	FabG	NAD(P)-dependent dehydrogenase, short-chain alcohol dehydrogenase family	LSUCC0664_00434	4
Ga0255589_11	396131	397552	+	LSUCC0664_00441	LSUCC0664	473	OG0000744	K03545	trigger factor	COG0544	Tig	Trigger factor Tig, ribosome-bound chaperone (peptidyl-prolyl cis-trans isomerase)	LSUCC0664_00434	5
Ga0197930_11	622029	622397	-	LSUCC0723_00674	LSUCC0723	122	OG0000730	K00330	NADH-quinone oxidoreductase subunit A [EC:7.1.1.2]	COG0838	NuoA	NADH:ubiquinone oxidoreductase subunit 3 (chain A)	LSUCC0723_00680	-5
Ga0197930_11	622458	623477	-	LSUCC0723_00675	LSUCC0723	339	OG0000488	NA	NA	COG0240	GpsA	Glycerol-3-phosphate dehydrogenase	LSUCC0723_00680	-4
Ga0197930_11	623474	624979	-	LSUCC0723_00676	LSUCC0723	501	OG0000573	K03820	apolipoprotein N-acyltransferase [EC:2.3.1.269]	COG0815	Lnt	Apolipoprotein N-acyltransferase	LSUCC0723_00680	-3
Ga0197930_11	624997	625386	-	LSUCC0723_00677	LSUCC0723	129	OG0000053	NA	NA	COG0607	PspE	Rhodanese-related sulfurtransferase	LSUCC0723_00680	-2
Ga0197930_11	625643	626371	-	LSUCC0723_00679	LSUCC0723	242	OG0000807	NA	NA	COG1058	CinA	ADP-ribose pyrophosphatase domain of DNA damage- and competence-inducible protein CinA	LSUCC0723_00680	-1
Ga0197930_11	626372	627067	+	LSUCC0723_00680	LSUCC0723	231	OG0000819	K06206	sugar fermentation stimulation protein A	COG1489	SfsA	DNA-binding protein, stimulates sugar fermentation	LSUCC0723_00680	0
Ga0197930_11	627067	627819	+	LSUCC0723_00681	LSUCC0723	250	OG0000721	K01265	methionyl aminopeptidase [EC:3.4.11.18]	COG0024	Map	Methionine aminopeptidase	LSUCC0723_00680	1
Ga0197930_11	627832	629124	+	LSUCC0723_00682	LSUCC0723	430	OG0000779	K01756	adenylosuccinate lyase [EC:4.3.2.2]	COG0015	PurB	Adenylosuccinate lyase	LSUCC0723_00680	2
Ga0197930_11	629124	629906	+	LSUCC0723_00683	LSUCC0723	260	OG0000769	K01923	phosphoribosylaminoimidazole-succinocarboxamide synthase [EC:6.3.2.6]	COG0152	PurC	Phosphoribosylaminoimidazole-succinocarboxamide synthase	LSUCC0723_00680	3
Ga0197930_11	629908	630147	+	LSUCC0723_00684	LSUCC0723	79	OG0000770	K23264	phosphoribosylformylglycinamidine synthase subunit PurS [EC:6.3.5.3]	COG1828	PurS	Phosphoribosylformylglycinamidine (FGAM) synthase, PurS subunit	LSUCC0723_00680	4
Ga0197930_11	630147	630824	+	LSUCC0723_00685	LSUCC0723	225	OG0000684	K23265	phosphoribosylformylglycinamidine synthase subunit PurQ / glutaminase [EC:6.3.5.3 3.5.1.2]	COG0047	PurL2	Phosphoribosylformylglycinamidine (FGAM) synthase, glutamine amidotransferase domain	LSUCC0723_00680	5
OZ249404.1	289460	290134	-	ME-17_00335	ME-17	224	OG0000684	K23265	phosphoribosylformylglycinamidine synthase subunit PurQ / glutaminase [EC:6.3.5.3 3.5.1.2]	COG0047	PurL2	Phosphoribosylformylglycinamidine (FGAM) synthase, glutamine amidotransferase domain	ME-17_00340	-5
OZ249404.1	290131	290376	-	ME-17_00336	ME-17	81	OG0000770	K23264	phosphoribosylformylglycinamidine synthase subunit PurS [EC:6.3.5.3]	COG1828	PurS	Phosphoribosylformylglycinamidine (FGAM) synthase, PurS subunit	ME-17_00340	-4
OZ249404.1	290381	291169	-	ME-17_00337	ME-17	262	OG0000769	K01923	phosphoribosylaminoimidazole-succinocarboxamide synthase [EC:6.3.2.6]	COG0152	PurC	Phosphoribosylaminoimidazole-succinocarboxamide synthase	ME-17_00340	-3
OZ249404.1	291169	292464	-	ME-17_00338	ME-17	431	OG0000779	K01756	adenylosuccinate lyase [EC:4.3.2.2]	COG0015	PurB	Adenylosuccinate lyase	ME-17_00340	-2
OZ249404.1	292498	293268	-	ME-17_00339	ME-17	256	OG0000721	K01265	methionyl aminopeptidase [EC:3.4.11.18]	COG0024	Map	Methionine aminopeptidase	ME-17_00340	-1
OZ249404.1	293268	293963	-	ME-17_00340	ME-17	231	OG0000819	K06206	sugar fermentation stimulation protein A	COG1489	SfsA	DNA-binding protein, stimulates sugar fermentation	ME-17_00340	0
OZ249404.1	293986	294732	+	ME-17_00341	ME-17	248	OG0000807	NA	NA	COG1058	CinA	ADP-ribose pyrophosphatase domain of DNA damage- and competence-inducible protein CinA	ME-17_00340	1
OZ249404.1	294732	295292	+	ME-17_00342	ME-17	186	OG0000302	K21929	uracil-DNA glycosylase [EC:3.2.2.27]	COG1573	Udg4	Uracil-DNA glycosylase	ME-17_00340	2
OZ249404.1	295492	297105	+	ME-17_00343	ME-17	537	OG0002330	NA	NA	COG4974	XerD	Site-specific tyrosine recombinase XerD	ME-17_00340	3
OZ249404.1	297142	297342	+	ME-17_00344	ME-17	66	OG0003386	NA	NA	NA	NA	NA	ME-17_00340	4
OZ249404.1	297339	297617	+	ME-17_00345	ME-17	92	NA	NA	NA	NA	NA	NA	ME-17_00340	5
OZ247825.1	330899	331573	-	ME-18_00380	ME-18	224	OG0000684	K23265	phosphoribosylformylglycinamidine synthase subunit PurQ / glutaminase [EC:6.3.5.3 3.5.1.2]	COG0047	PurL2	Phosphoribosylformylglycinamidine (FGAM) synthase, glutamine amidotransferase domain	ME-18_00385	-5
OZ247825.1	331570	331815	-	ME-18_00381	ME-18	81	OG0000770	K23264	phosphoribosylformylglycinamidine synthase subunit PurS [EC:6.3.5.3]	COG1828	PurS	Phosphoribosylformylglycinamidine (FGAM) synthase, PurS subunit	ME-18_00385	-4
OZ247825.1	331820	332608	-	ME-18_00382	ME-18	262	OG0000769	K01923	phosphoribosylaminoimidazole-succinocarboxamide synthase [EC:6.3.2.6]	COG0152	PurC	Phosphoribosylaminoimidazole-succinocarboxamide synthase	ME-18_00385	-3
OZ247825.1	332608	333903	-	ME-18_00383	ME-18	431	OG0000779	K01756	adenylosuccinate lyase [EC:4.3.2.2]	COG0015	PurB	Adenylosuccinate lyase	ME-18_00385	-2
OZ247825.1	333937	334707	-	ME-18_00384	ME-18	256	OG0000721	K01265	methionyl aminopeptidase [EC:3.4.11.18]	COG0024	Map	Methionine aminopeptidase	ME-18_00385	-1
OZ247825.1	334707	335402	-	ME-18_00385	ME-18	231	OG0000819	K06206	sugar fermentation stimulation protein A	COG1489	SfsA	DNA-binding protein, stimulates sugar fermentation	ME-18_00385	0
OZ247825.1	335425	336171	+	ME-18_00386	ME-18	248	OG0000807	NA	NA	COG1058	CinA	ADP-ribose pyrophosphatase domain of DNA damage- and competence-inducible protein CinA	ME-18_00385	1
OZ247825.1	336171	336731	+	ME-18_00387	ME-18	186	OG0000302	K21929	uracil-DNA glycosylase [EC:3.2.2.27]	COG1573	Udg4	Uracil-DNA glycosylase	ME-18_00385	2
OZ247825.1	336883	337248	+	ME-18_00389	ME-18	121	OG0002763	NA	NA	NA	NA	NA	ME-18_00385	3
OZ247825.1	337251	339188	-	ME-18_00390	ME-18	645	OG0000103	NA	NA	COG0187	GyrB	DNA gyrase/topoisomerase IV, subunit B	ME-18_00385	4
OZ247825.1	339301	340710	-	ME-18_00391	ME-18	469	OG0000235	K01915	glutamine synthetase [EC:6.3.1.2]	COG0174	GlnA	Glutamine synthetase	ME-18_00385	5
OZ247816.1	316971	317645	-	ME-20_00356	ME-20	224	OG0000684	K23265	phosphoribosylformylglycinamidine synthase subunit PurQ / glutaminase [EC:6.3.5.3 3.5.1.2]	COG0047	PurL2	Phosphoribosylformylglycinamidine (FGAM) synthase, glutamine amidotransferase domain	ME-20_00361	-5
OZ247816.1	317642	317887	-	ME-20_00357	ME-20	81	OG0000770	K23264	phosphoribosylformylglycinamidine synthase subunit PurS [EC:6.3.5.3]	COG1828	PurS	Phosphoribosylformylglycinamidine (FGAM) synthase, PurS subunit	ME-20_00361	-4
OZ247816.1	317892	318680	-	ME-20_00358	ME-20	262	OG0000769	K01923	phosphoribosylaminoimidazole-succinocarboxamide synthase [EC:6.3.2.6]	COG0152	PurC	Phosphoribosylaminoimidazole-succinocarboxamide synthase	ME-20_00361	-3
OZ247816.1	318680	319975	-	ME-20_00359	ME-20	431	OG0000779	K01756	adenylosuccinate lyase [EC:4.3.2.2]	COG0015	PurB	Adenylosuccinate lyase	ME-20_00361	-2
OZ247816.1	320009	320779	-	ME-20_00360	ME-20	256	OG0000721	K01265	methionyl aminopeptidase [EC:3.4.11.18]	COG0024	Map	Methionine aminopeptidase	ME-20_00361	-1
OZ247816.1	320779	321492	-	ME-20_00361	ME-20	237	OG0000819	K06206	sugar fermentation stimulation protein A	COG1489	SfsA	DNA-binding protein, stimulates sugar fermentation	ME-20_00361	0
OZ247816.1	321497	322243	+	ME-20_00362	ME-20	248	OG0000807	NA	NA	COG1058	CinA	ADP-ribose pyrophosphatase domain of DNA damage- and competence-inducible protein CinA	ME-20_00361	1
OZ247816.1	322243	322803	+	ME-20_00363	ME-20	186	OG0000302	K21929	uracil-DNA glycosylase [EC:3.2.2.27]	COG1573	Udg4	Uracil-DNA glycosylase	ME-20_00361	2
OZ247816.1	322955	323320	+	ME-20_00365	ME-20	121	OG0002763	NA	NA	NA	NA	NA	ME-20_00361	3
OZ247816.1	323323	325260	-	ME-20_00366	ME-20	645	OG0000103	NA	NA	COG0187	GyrB	DNA gyrase/topoisomerase IV, subunit B	ME-20_00361	4
OZ247816.1	325373	326782	-	ME-20_00367	ME-20	469	OG0000235	K01915	glutamine synthetase [EC:6.3.1.2]	COG0174	GlnA	Glutamine synthetase	ME-20_00361	5
OZ247817.1	345019	345693	-	ME-31_00390	ME-31	224	OG0000684	K23265	phosphoribosylformylglycinamidine synthase subunit PurQ / glutaminase [EC:6.3.5.3 3.5.1.2]	COG0047	PurL2	Phosphoribosylformylglycinamidine (FGAM) synthase, glutamine amidotransferase domain	ME-31_00395	-5
OZ247817.1	345690	345935	-	ME-31_00391	ME-31	81	OG0000770	K23264	phosphoribosylformylglycinamidine synthase subunit PurS [EC:6.3.5.3]	COG1828	PurS	Phosphoribosylformylglycinamidine (FGAM) synthase, PurS subunit	ME-31_00395	-4
OZ247817.1	345940	346728	-	ME-31_00392	ME-31	262	OG0000769	K01923	phosphoribosylaminoimidazole-succinocarboxamide synthase [EC:6.3.2.6]	COG0152	PurC	Phosphoribosylaminoimidazole-succinocarboxamide synthase	ME-31_00395	-3
OZ247817.1	346728	348023	-	ME-31_00393	ME-31	431	OG0000779	K01756	adenylosuccinate lyase [EC:4.3.2.2]	COG0015	PurB	Adenylosuccinate lyase	ME-31_00395	-2
OZ247817.1	348057	348827	-	ME-31_00394	ME-31	256	OG0000721	K01265	methionyl aminopeptidase [EC:3.4.11.18]	COG0024	Map	Methionine aminopeptidase	ME-31_00395	-1
OZ247817.1	348827	349540	-	ME-31_00395	ME-31	237	OG0000819	K06206	sugar fermentation stimulation protein A	COG1489	SfsA	DNA-binding protein, stimulates sugar fermentation	ME-31_00395	0
OZ247817.1	349545	350291	+	ME-31_00396	ME-31	248	OG0000807	NA	NA	COG1058	CinA	ADP-ribose pyrophosphatase domain of DNA damage- and competence-inducible protein CinA	ME-31_00395	1
OZ247817.1	350291	350851	+	ME-31_00397	ME-31	186	OG0000302	K21929	uracil-DNA glycosylase [EC:3.2.2.27]	COG1573	Udg4	Uracil-DNA glycosylase	ME-31_00395	2
OZ247817.1	351003	351368	+	ME-31_00399	ME-31	121	OG0002763	NA	NA	NA	NA	NA	ME-31_00395	3
OZ247817.1	351371	353308	-	ME-31_00400	ME-31	645	OG0000103	NA	NA	COG0187	GyrB	DNA gyrase/topoisomerase IV, subunit B	ME-31_00395	4
OZ247817.1	353421	354830	-	ME-31_00401	ME-31	469	OG0000235	K01915	glutamine synthetase [EC:6.3.1.2]	COG0174	GlnA	Glutamine synthetase	ME-31_00395	5
OZ247815.1	334541	335215	-	ME-33_00387	ME-33	224	OG0000684	K23265	phosphoribosylformylglycinamidine synthase subunit PurQ / glutaminase [EC:6.3.5.3 3.5.1.2]	COG0047	PurL2	Phosphoribosylformylglycinamidine (FGAM) synthase, glutamine amidotransferase domain	ME-33_00392	-5
OZ247815.1	335212	335457	-	ME-33_00388	ME-33	81	OG0000770	K23264	phosphoribosylformylglycinamidine synthase subunit PurS [EC:6.3.5.3]	COG1828	PurS	Phosphoribosylformylglycinamidine (FGAM) synthase, PurS subunit	ME-33_00392	-4
OZ247815.1	335462	336250	-	ME-33_00389	ME-33	262	OG0000769	K01923	phosphoribosylaminoimidazole-succinocarboxamide synthase [EC:6.3.2.6]	COG0152	PurC	Phosphoribosylaminoimidazole-succinocarboxamide synthase	ME-33_00392	-3
OZ247815.1	336250	337545	-	ME-33_00390	ME-33	431	OG0000779	K01756	adenylosuccinate lyase [EC:4.3.2.2]	COG0015	PurB	Adenylosuccinate lyase	ME-33_00392	-2
OZ247815.1	337579	338349	-	ME-33_00391	ME-33	256	OG0000721	K01265	methionyl aminopeptidase [EC:3.4.11.18]	COG0024	Map	Methionine aminopeptidase	ME-33_00392	-1
OZ247815.1	338349	339044	-	ME-33_00392	ME-33	231	OG0000819	K06206	sugar fermentation stimulation protein A	COG1489	SfsA	DNA-binding protein, stimulates sugar fermentation	ME-33_00392	0
OZ247815.1	339067	339813	+	ME-33_00393	ME-33	248	OG0000807	NA	NA	COG1058	CinA	ADP-ribose pyrophosphatase domain of DNA damage- and competence-inducible protein CinA	ME-33_00392	1
OZ247815.1	339813	340373	+	ME-33_00394	ME-33	186	OG0000302	K21929	uracil-DNA glycosylase [EC:3.2.2.27]	COG1573	Udg4	Uracil-DNA glycosylase	ME-33_00392	2
OZ247815.1	340525	340890	+	ME-33_00396	ME-33	121	OG0002763	NA	NA	NA	NA	NA	ME-33_00392	3
OZ247815.1	340893	342830	-	ME-33_00397	ME-33	645	OG0000103	NA	NA	COG0187	GyrB	DNA gyrase/topoisomerase IV, subunit B	ME-33_00392	4
OZ247815.1	342943	344352	-	ME-33_00398	ME-33	469	OG0000235	K01915	glutamine synthetase [EC:6.3.1.2]	COG0174	GlnA	Glutamine synthetase	ME-33_00392	5
NTJN01000006.1	32	733	+	MED-G40_00899	MED-G40	233	OG0000819	K06206	sugar fermentation stimulation protein A	COG1489	SfsA	DNA-binding protein, stimulates sugar fermentation	MED-G40_00899	0
NTJN01000006.1	726	1499	+	MED-G40_00900	MED-G40	257	OG0000721	K01265	methionyl aminopeptidase [EC:3.4.11.18]	COG0024	Map	Methionine aminopeptidase	MED-G40_00899	1
NTJN01000006.1	1499	2794	+	MED-G40_00901	MED-G40	431	OG0000779	K01756	adenylosuccinate lyase [EC:4.3.2.2]	COG0015	PurB	Adenylosuccinate lyase	MED-G40_00899	2
NTJN01000006.1	2799	3587	+	MED-G40_00902	MED-G40	262	OG0000769	K01923	phosphoribosylaminoimidazole-succinocarboxamide synthase [EC:6.3.2.6]	COG0152	PurC	Phosphoribosylaminoimidazole-succinocarboxamide synthase	MED-G40_00899	3
NTJN01000006.1	3550	3828	+	MED-G40_00903	MED-G40	92	OG0000770	K23264	phosphoribosylformylglycinamidine synthase subunit PurS [EC:6.3.5.3]	COG1828	PurS	Phosphoribosylformylglycinamidine (FGAM) synthase, PurS subunit	MED-G40_00899	4
NTJN01000006.1	3831	4508	+	MED-G40_00904	MED-G40	225	OG0000684	K23265	phosphoribosylformylglycinamidine synthase subunit PurQ / glutaminase [EC:6.3.5.3 3.5.1.2]	COG0047	PurL2	Phosphoribosylformylglycinamidine (FGAM) synthase, glutamine amidotransferase domain	MED-G40_00899	5
NZJW01000015.1	59986	61491	-	MED1116_00363	MED1116	501	OG0000573	K03820	apolipoprotein N-acyltransferase [EC:2.3.1.269]	COG0815	Lnt	Apolipoprotein N-acyltransferase	MED1116_00369	-5
NZJW01000015.1	61514	61903	-	MED1116_00364	MED1116	129	OG0000053	NA	NA	COG0607	PspE	Rhodanese-related sulfurtransferase	MED1116_00369	-4
NZJW01000015.1	62076	63869	+	MED1116_00366	MED1116	597	OG0001180	NA	NA	COG3914	Spy	Predicted O-linked N-acetylglucosamine transferase, SPINDLY family	MED1116_00369	-3
NZJW01000015.1	64129	65055	-	MED1116_00367	MED1116	308	OG0001129	NA	NA	COG2755	TesA	Lysophospholipase L1 or related esterase. Includes spore coat protein LipC/YcsK	MED1116_00369	-2
NZJW01000015.1	65202	65933	-	MED1116_00368	MED1116	243	OG0000807	NA	NA	COG1058	CinA	ADP-ribose pyrophosphatase domain of DNA damage- and competence-inducible protein CinA	MED1116_00369	-1
NZJW01000015.1	65934	66629	+	MED1116_00369	MED1116	231	OG0000819	K06206	sugar fermentation stimulation protein A	COG1489	SfsA	DNA-binding protein, stimulates sugar fermentation	MED1116_00369	0
NZJW01000015.1	66629	67381	+	MED1116_00370	MED1116	250	OG0000721	K01265	methionyl aminopeptidase [EC:3.4.11.18]	COG0024	Map	Methionine aminopeptidase	MED1116_00369	1
NZJW01000015.1	67393	67788	+	MED1116_00371	MED1116	131	OG0000779	NA	NA	COG0015	PurB	Adenylosuccinate lyase	MED1116_00369	2
NZJW01000015.1	68186	68686	+	MED1116_00372	MED1116	166	OG0000779	NA	NA	COG0015	PurB	Adenylosuccinate lyase	MED1116_00369	3
NZJW01000015.1	68686	69468	+	MED1116_00373	MED1116	260	OG0000769	K01923	phosphoribosylaminoimidazole-succinocarboxamide synthase [EC:6.3.2.6]	COG0152	PurC	Phosphoribosylaminoimidazole-succinocarboxamide synthase	MED1116_00369	4
NZJW01000015.1	69470	69712	+	MED1116_00374	MED1116	80	OG0000770	K23264	phosphoribosylformylglycinamidine synthase subunit PurS [EC:6.3.5.3]	COG1828	PurS	Phosphoribosylformylglycinamidine (FGAM) synthase, PurS subunit	MED1116_00369	5
NZIR01000010.1	69510	69752	-	MED602_01908	MED602	80	OG0000770	K23264	phosphoribosylformylglycinamidine synthase subunit PurS [EC:6.3.5.3]	COG1828	PurS	Phosphoribosylformylglycinamidine (FGAM) synthase, PurS subunit	MED602_01913	-5
NZIR01000010.1	69754	70539	-	MED602_01909	MED602	261	OG0000769	K01923	phosphoribosylaminoimidazole-succinocarboxamide synthase [EC:6.3.2.6]	COG0152	PurC	Phosphoribosylaminoimidazole-succinocarboxamide synthase	MED602_01913	-4
NZIR01000010.1	70536	71174	-	MED602_01910	MED602	212	OG0000779	NA	NA	COG0015	PurB	Adenylosuccinate lyase	MED602_01913	-3
NZIR01000010.1	71137	71829	-	MED602_01911	MED602	230	OG0000779	NA	NA	COG0015	PurB	Adenylosuccinate lyase	MED602_01913	-2
NZIR01000010.1	71830	72588	-	MED602_01912	MED602	252	OG0000721	K01265	methionyl aminopeptidase [EC:3.4.11.18]	COG0024	Map	Methionine aminopeptidase	MED602_01913	-1
NZIR01000010.1	72593	73288	-	MED602_01913	MED602	231	OG0000819	K06206	sugar fermentation stimulation protein A	COG1489	SfsA	DNA-binding protein, stimulates sugar fermentation	MED602_01913	0
NZIR01000010.1	73289	74029	+	MED602_01914	MED602	246	OG0000807	NA	NA	COG1058	CinA	ADP-ribose pyrophosphatase domain of DNA damage- and competence-inducible protein CinA	MED602_01913	1
NZIR01000010.1	74168	75118	+	MED602_01915	MED602	316	OG0000124	K02002	glycine betaine/proline transport system substrate-binding protein	COG2113	ProX	ABC-type proline/glycine betaine transport system, periplasmic component	MED602_01913	2
NZIR01000010.1	75121	75960	+	MED602_01916	MED602	279	OG0000017	K02001	glycine betaine/proline transport system permease protein	COG4176	ProW	ABC-type proline/glycine betaine transport system, permease component	MED602_01913	3
NZIR01000010.1	76010	76396	+	MED602_01917	MED602	128	OG0000839	K00997	holo-[acyl-carrier protein] synthase [EC:2.7.8.7]	COG0736	AcpS	Phosphopantetheinyl transferase (holo-ACP synthase)	MED602_01913	4
NZIR01000010.1	76393	77118	+	MED602_01918	MED602	241	OG0000822	K03100	signal peptidase I [EC:3.4.21.89]	COG0681	LepB	Signal peptidase I	MED602_01913	5
NZIO01000062.1	173	622	-	MED605_00153	MED605	149	OG0001035	K00682	gamma-glutamylcyclotransferase [EC:4.3.2.9]	COG2105	YtfP	Predicted gamma-glutamylamine cyclotransferase YtfP, GGCT/AIG2-like family	MED605_00155	-2
NZIO01000062.1	629	1375	-	MED605_00154	MED605	248	OG0000807	NA	NA	COG1058	CinA	ADP-ribose pyrophosphatase domain of DNA damage- and competence-inducible protein CinA	MED605_00155	-1
NZIO01000062.1	1401	2093	+	MED605_00155	MED605	230	OG0000819	K06206	sugar fermentation stimulation protein A	COG1489	SfsA	DNA-binding protein, stimulates sugar fermentation	MED605_00155	0
NZIO01000062.1	2103	2876	+	MED605_00156	MED605	257	OG0000721	K01265	methionyl aminopeptidase [EC:3.4.11.18]	COG0024	Map	Methionine aminopeptidase	MED605_00155	1
NZIO01000062.1	2873	4162	+	MED605_00157	MED605	429	OG0000779	K01756	adenylosuccinate lyase [EC:4.3.2.2]	COG0015	PurB	Adenylosuccinate lyase	MED605_00155	2
NZIO01000062.1	4169	4951	+	MED605_00158	MED605	260	OG0000769	K01923	phosphoribosylaminoimidazole-succinocarboxamide synthase [EC:6.3.2.6]	COG0152	PurC	Phosphoribosylaminoimidazole-succinocarboxamide synthase	MED605_00155	3
NZIO01000062.1	4953	5195	+	MED605_00159	MED605	80	OG0000770	K23264	phosphoribosylformylglycinamidine synthase subunit PurS [EC:6.3.5.3]	COG1828	PurS	Phosphoribosylformylglycinamidine (FGAM) synthase, PurS subunit	MED605_00155	4
NZIO01000062.1	5203	5883	+	MED605_00160	MED605	226	OG0000684	K23265	phosphoribosylformylglycinamidine synthase subunit PurQ / glutaminase [EC:6.3.5.3 3.5.1.2]	COG0047	PurL2	Phosphoribosylformylglycinamidine (FGAM) synthase, glutamine amidotransferase domain	MED605_00155	5
OZ247814.1	44079	45488	+	MKE-138_00059	MKE-138	469	OG0000235	K01915	glutamine synthetase [EC:6.3.1.2]	COG0174	GlnA	Glutamine synthetase	MKE-138_00065	-5
OZ247814.1	45600	47537	+	MKE-138_00060	MKE-138	645	OG0000103	NA	NA	COG0187	GyrB	DNA gyrase/topoisomerase IV, subunit B	MKE-138_00065	-4
OZ247814.1	47540	47905	-	MKE-138_00061	MKE-138	121	OG0002763	NA	NA	NA	NA	NA	MKE-138_00065	-3
OZ247814.1	48057	48617	-	MKE-138_00063	MKE-138	186	OG0000302	K21929	uracil-DNA glycosylase [EC:3.2.2.27]	COG1573	Udg4	Uracil-DNA glycosylase	MKE-138_00065	-2
OZ247814.1	48617	49363	-	MKE-138_00064	MKE-138	248	OG0000807	NA	NA	COG1058	CinA	ADP-ribose pyrophosphatase domain of DNA damage- and competence-inducible protein CinA	MKE-138_00065	-1
OZ247814.1	49386	50081	+	MKE-138_00065	MKE-138	231	OG0000819	K06206	sugar fermentation stimulation protein A	COG1489	SfsA	DNA-binding protein, stimulates sugar fermentation	MKE-138_00065	0
OZ247814.1	50081	50851	+	MKE-138_00066	MKE-138	256	OG0000721	K01265	methionyl aminopeptidase [EC:3.4.11.18]	COG0024	Map	Methionine aminopeptidase	MKE-138_00065	1
OZ247814.1	50885	52180	+	MKE-138_00067	MKE-138	431	OG0000779	K01756	adenylosuccinate lyase [EC:4.3.2.2]	COG0015	PurB	Adenylosuccinate lyase	MKE-138_00065	2
OZ247814.1	52180	52968	+	MKE-138_00068	MKE-138	262	OG0000769	K01923	phosphoribosylaminoimidazole-succinocarboxamide synthase [EC:6.3.2.6]	COG0152	PurC	Phosphoribosylaminoimidazole-succinocarboxamide synthase	MKE-138_00065	3
OZ247814.1	52973	53218	+	MKE-138_00069	MKE-138	81	OG0000770	K23264	phosphoribosylformylglycinamidine synthase subunit PurS [EC:6.3.5.3]	COG1828	PurS	Phosphoribosylformylglycinamidine (FGAM) synthase, PurS subunit	MKE-138_00065	4
OZ247814.1	53215	53889	+	MKE-138_00070	MKE-138	224	OG0000684	K23265	phosphoribosylformylglycinamidine synthase subunit PurQ / glutaminase [EC:6.3.5.3 3.5.1.2]	COG0047	PurL2	Phosphoribosylformylglycinamidine (FGAM) synthase, glutamine amidotransferase domain	MKE-138_00065	5
OZ249405.1	314482	315156	-	MiE-29_00361	MiE-29	224	OG0000684	K23265	phosphoribosylformylglycinamidine synthase subunit PurQ / glutaminase [EC:6.3.5.3 3.5.1.2]	COG0047	PurL2	Phosphoribosylformylglycinamidine (FGAM) synthase, glutamine amidotransferase domain	MiE-29_00366	-5
OZ249405.1	315153	315398	-	MiE-29_00362	MiE-29	81	OG0000770	K23264	phosphoribosylformylglycinamidine synthase subunit PurS [EC:6.3.5.3]	COG1828	PurS	Phosphoribosylformylglycinamidine (FGAM) synthase, PurS subunit	MiE-29_00366	-4
OZ249405.1	315403	316191	-	MiE-29_00363	MiE-29	262	OG0000769	K01923	phosphoribosylaminoimidazole-succinocarboxamide synthase [EC:6.3.2.6]	COG0152	PurC	Phosphoribosylaminoimidazole-succinocarboxamide synthase	MiE-29_00366	-3
OZ249405.1	316191	317486	-	MiE-29_00364	MiE-29	431	OG0000779	K01756	adenylosuccinate lyase [EC:4.3.2.2]	COG0015	PurB	Adenylosuccinate lyase	MiE-29_00366	-2
OZ249405.1	317520	318290	-	MiE-29_00365	MiE-29	256	OG0000721	K01265	methionyl aminopeptidase [EC:3.4.11.18]	COG0024	Map	Methionine aminopeptidase	MiE-29_00366	-1
OZ249405.1	318290	318985	-	MiE-29_00366	MiE-29	231	OG0000819	K06206	sugar fermentation stimulation protein A	COG1489	SfsA	DNA-binding protein, stimulates sugar fermentation	MiE-29_00366	0
OZ249405.1	319008	319754	+	MiE-29_00367	MiE-29	248	OG0000807	NA	NA	COG1058	CinA	ADP-ribose pyrophosphatase domain of DNA damage- and competence-inducible protein CinA	MiE-29_00366	1
OZ249405.1	319754	320314	+	MiE-29_00368	MiE-29	186	OG0000302	K21929	uracil-DNA glycosylase [EC:3.2.2.27]	COG1573	Udg4	Uracil-DNA glycosylase	MiE-29_00366	2
OZ249405.1	320303	321076	-	MiE-29_00369	MiE-29	257	OG0001107	K02510	4-hydroxy-2-oxoheptanedioate aldolase [EC:4.1.2.52]	COG3836	HpcH	2-keto-3-deoxy-L-rhamnonate aldolase RhmA	MiE-29_00366	3
OZ249405.1	321080	322189	-	MiE-29_00370	MiE-29	369	OG0000977	NA	NA	COG4948	RspA	L-alanine-DL-glutamate epimerase or related enzyme of enolase superfamily	MiE-29_00366	4
OZ249405.1	322193	322993	-	MiE-29_00371	MiE-29	266	OG0002389	K18981	uronate dehydrogenase [EC:1.1.1.203]	COG0451	WcaG	Nucleoside-diphosphate-sugar epimerase	MiE-29_00366	5
CP038852.1	55490	56173	-	NP1_00062	NP1	227	OG0000684	K23265	phosphoribosylformylglycinamidine synthase subunit PurQ / glutaminase [EC:6.3.5.3 3.5.1.2]	COG0047	PurL2	Phosphoribosylformylglycinamidine (FGAM) synthase, glutamine amidotransferase domain	NP1_00067	-5
CP038852.1	56180	56422	-	NP1_00063	NP1	80	OG0000770	K23264	phosphoribosylformylglycinamidine synthase subunit PurS [EC:6.3.5.3]	COG1828	PurS	Phosphoribosylformylglycinamidine (FGAM) synthase, PurS subunit	NP1_00067	-4
CP038852.1	56424	57206	-	NP1_00064	NP1	260	OG0000769	K01923	phosphoribosylaminoimidazole-succinocarboxamide synthase [EC:6.3.2.6]	COG0152	PurC	Phosphoribosylaminoimidazole-succinocarboxamide synthase	NP1_00067	-3
CP038852.1	57206	58498	-	NP1_00065	NP1	430	OG0000779	K01756	adenylosuccinate lyase [EC:4.3.2.2]	COG0015	PurB	Adenylosuccinate lyase	NP1_00067	-2
CP038852.1	58502	59272	-	NP1_00066	NP1	256	OG0000721	K01265	methionyl aminopeptidase [EC:3.4.11.18]	COG0024	Map	Methionine aminopeptidase	NP1_00067	-1
CP038852.1	59265	59963	-	NP1_00067	NP1	232	OG0000819	K06206	sugar fermentation stimulation protein A	COG1489	SfsA	DNA-binding protein, stimulates sugar fermentation	NP1_00067	0
CP038852.1	59985	60734	+	NP1_00068	NP1	249	OG0000807	NA	NA	COG1058	CinA	ADP-ribose pyrophosphatase domain of DNA damage- and competence-inducible protein CinA	NP1_00067	1
CP038852.1	60781	61140	+	NP1_00069	NP1	119	OG0001035	NA	NA	COG2105	YtfP	Predicted gamma-glutamylamine cyclotransferase YtfP, GGCT/AIG2-like family	NP1_00067	2
CP038852.1	61309	62088	+	NP1_00071	NP1	259	OG0000972	K00858	NAD+ kinase [EC:2.7.1.23]	COG0061	NadK	NAD kinase	NP1_00067	3
CP038852.1	62202	62945	-	NP1_00073	NP1	247	OG0000786	NA	NA	COG0566	SpoU	tRNA G18 (ribose-2'-O)-methylase SpoU	NP1_00067	4
CP038852.1	63329	64519	+	NP1_00076	NP1	396	OG0000491	K02358	elongation factor Tu	COG0050	TufA	Translation elongation factor EF-Tu, a GTPase	NP1_00067	5
CAJQSQ010000004.1	152913	154058	+	RIS-SAG-41_00397	RIS-SAG-41	381	OG0001175	NA	NA	COG0438	RfaB	Lipopolysaccharide 1,6-galactosyltransferase, GT1 family	RIS-SAG-41_00403	-5
CAJQSQ010000004.1	154044	154334	-	RIS-SAG-41_00398	RIS-SAG-41	96	NA	NA	NA	NA	NA	NA	RIS-SAG-41_00403	-4
CAJQSQ010000004.1	154546	155325	-	RIS-SAG-41_00399	RIS-SAG-41	259	OG0000972	K00858	NAD+ kinase [EC:2.7.1.23]	COG0061	NadK	NAD kinase	RIS-SAG-41_00403	-3
CAJQSQ010000004.1	155494	155895	-	RIS-SAG-41_00401	RIS-SAG-41	133	OG0001035	K00682	gamma-glutamylcyclotransferase [EC:4.3.2.9]	COG2105	YtfP	Predicted gamma-glutamylamine cyclotransferase YtfP, GGCT/AIG2-like family	RIS-SAG-41_00403	-2
CAJQSQ010000004.1	155900	156649	-	RIS-SAG-41_00402	RIS-SAG-41	249	OG0000807	NA	NA	COG1058	CinA	ADP-ribose pyrophosphatase domain of DNA damage- and competence-inducible protein CinA	RIS-SAG-41_00403	-1
CAJQSQ010000004.1	156671	157369	+	RIS-SAG-41_00403	RIS-SAG-41	232	OG0000819	K06206	sugar fermentation stimulation protein A	COG1489	SfsA	DNA-binding protein, stimulates sugar fermentation	RIS-SAG-41_00403	0
CAJQSQ010000004.1	157362	158132	+	RIS-SAG-41_00404	RIS-SAG-41	256	OG0000721	K01265	methionyl aminopeptidase [EC:3.4.11.18]	COG0024	Map	Methionine aminopeptidase	RIS-SAG-41_00403	1
CAJQSQ010000004.1	158136	159428	+	RIS-SAG-41_00405	RIS-SAG-41	430	OG0000779	K01756	adenylosuccinate lyase [EC:4.3.2.2]	COG0015	PurB	Adenylosuccinate lyase	RIS-SAG-41_00403	2
CAJQSQ010000004.1	159428	160210	+	RIS-SAG-41_00406	RIS-SAG-41	260	OG0000769	K01923	phosphoribosylaminoimidazole-succinocarboxamide synthase [EC:6.3.2.6]	COG0152	PurC	Phosphoribosylaminoimidazole-succinocarboxamide synthase	RIS-SAG-41_00403	3
CAJQSQ010000004.1	160212	160454	+	RIS-SAG-41_00407	RIS-SAG-41	80	OG0000770	K23264	phosphoribosylformylglycinamidine synthase subunit PurS [EC:6.3.5.3]	COG1828	PurS	Phosphoribosylformylglycinamidine (FGAM) synthase, PurS subunit	RIS-SAG-41_00403	4
CAJQSQ010000004.1	160461	161144	+	RIS-SAG-41_00408	RIS-SAG-41	227	OG0000684	K23265	phosphoribosylformylglycinamidine synthase subunit PurQ / glutaminase [EC:6.3.5.3 3.5.1.2]	COG0047	PurL2	Phosphoribosylformylglycinamidine (FGAM) synthase, glutamine amidotransferase domain	RIS-SAG-41_00403	5
CP020777.1	770646	771428	-	RS39_00854	RS39	260	OG0000045	NA	NA	NA	NA	NA	RS39_00859	-5
CP020777.1	771433	772140	-	RS39_00855	RS39	235	OG0000983	K00721	dolichol-phosphate mannosyltransferase [EC:2.4.1.83]	COG0463	WcaA	Glycosyltransferase involved in cell wall bisynthesis	RS39_00859	-4
CP020777.1	772171	773406	+	RS39_00856	RS39	411	OG0001685	NA	NA	NA	NA	NA	RS39_00859	-3
CP020777.1	773411	773815	-	RS39_00857	RS39	134	OG0001035	K00682	gamma-glutamylcyclotransferase [EC:4.3.2.9]	COG2105	YtfP	Predicted gamma-glutamylamine cyclotransferase YtfP, GGCT/AIG2-like family	RS39_00859	-2
CP020777.1	773816	774565	-	RS39_00858	RS39	249	OG0000807	NA	NA	COG1058	CinA	ADP-ribose pyrophosphatase domain of DNA damage- and competence-inducible protein CinA	RS39_00859	-1
CP020777.1	774586	775284	+	RS39_00859	RS39	232	OG0000819	K06206	sugar fermentation stimulation protein A	COG1489	SfsA	DNA-binding protein, stimulates sugar fermentation	RS39_00859	0
CP020777.1	775277	776050	+	RS39_00860	RS39	257	OG0000721	K01265	methionyl aminopeptidase [EC:3.4.11.18]	COG0024	Map	Methionine aminopeptidase	RS39_00859	1
CP020777.1	776054	777346	+	RS39_00861	RS39	430	OG0000779	K01756	adenylosuccinate lyase [EC:4.3.2.2]	COG0015	PurB	Adenylosuccinate lyase	RS39_00859	2
CP020777.1	777346	778131	+	RS39_00862	RS39	261	OG0000769	K01923	phosphoribosylaminoimidazole-succinocarboxamide synthase [EC:6.3.2.6]	COG0152	PurC	Phosphoribosylaminoimidazole-succinocarboxamide synthase	RS39_00859	3
CP020777.1	778128	778370	+	RS39_00863	RS39	80	OG0000770	K23264	phosphoribosylformylglycinamidine synthase subunit PurS [EC:6.3.5.3]	COG1828	PurS	Phosphoribosylformylglycinamidine (FGAM) synthase, PurS subunit	RS39_00859	4
CP020777.1	778374	779057	+	RS39_00864	RS39	227	OG0000684	K23265	phosphoribosylformylglycinamidine synthase subunit PurQ / glutaminase [EC:6.3.5.3 3.5.1.2]	COG0047	PurL2	Phosphoribosylformylglycinamidine (FGAM) synthase, glutamine amidotransferase domain	RS39_00859	5
CP020778.1	1225093	1225776	-	RS40_01255	RS40	227	OG0000684	K23265	phosphoribosylformylglycinamidine synthase subunit PurQ / glutaminase [EC:6.3.5.3 3.5.1.2]	COG0047	PurL2	Phosphoribosylformylglycinamidine (FGAM) synthase, glutamine amidotransferase domain	RS40_01260	-5
CP020778.1	1225783	1226016	-	RS40_01256	RS40	77	OG0000770	K23264	phosphoribosylformylglycinamidine synthase subunit PurS [EC:6.3.5.3]	COG1828	PurS	Phosphoribosylformylglycinamidine (FGAM) synthase, PurS subunit	RS40_01260	-4
CP020778.1	1226016	1226801	-	RS40_01257	RS40	261	OG0000769	K01923	phosphoribosylaminoimidazole-succinocarboxamide synthase [EC:6.3.2.6]	COG0152	PurC	Phosphoribosylaminoimidazole-succinocarboxamide synthase	RS40_01260	-3
CP020778.1	1226801	1228093	-	RS40_01258	RS40	430	OG0000779	K01756	adenylosuccinate lyase [EC:4.3.2.2]	COG0015	PurB	Adenylosuccinate lyase	RS40_01260	-2
CP020778.1	1228093	1228869	-	RS40_01259	RS40	258	OG0000721	K01265	methionyl aminopeptidase [EC:3.4.11.18]	COG0024	Map	Methionine aminopeptidase	RS40_01260	-1
CP020778.1	1228859	1229548	-	RS40_01260	RS40	229	OG0000819	K06206	sugar fermentation stimulation protein A	COG1489	SfsA	DNA-binding protein, stimulates sugar fermentation	RS40_01260	0
CP020778.1	1229570	1230322	+	RS40_01261	RS40	250	OG0000807	NA	NA	COG1058	CinA	ADP-ribose pyrophosphatase domain of DNA damage- and competence-inducible protein CinA	RS40_01260	1
CP020778.1	1230322	1230729	+	RS40_01262	RS40	135	OG0001035	K00682	gamma-glutamylcyclotransferase [EC:4.3.2.9]	COG2105	YtfP	Predicted gamma-glutamylamine cyclotransferase YtfP, GGCT/AIG2-like family	RS40_01260	2
CP020778.1	1230733	1231425	+	RS40_01263	RS40	230	OG0001044	NA	NA	COG1296	AzlC	Predicted branched-chain amino acid permease (azaleucine resistance)	RS40_01260	3
CP020778.1	1231422	1231736	+	RS40_01264	RS40	104	OG0001043	NA	NA	COG4392	AzlD2	Branched-chain amino acid transport protein	RS40_01260	4
CP020778.1	1231712	1233031	+	RS40_01265	RS40	439	OG0001333	NA	NA	COG4091	NA	Predicted homoserine dehydrogenase, contains C-terminal SAF domain	RS40_01260	5
JACWCY010000006.1	235	477	-	SAG-MED01_00960	SAG-MED01	80	OG0000770	K23264	phosphoribosylformylglycinamidine synthase subunit PurS [EC:6.3.5.3]	COG1828	PurS	Phosphoribosylformylglycinamidine (FGAM) synthase, PurS subunit	SAG-MED01_00964	-4
JACWCY010000006.1	478	1260	-	SAG-MED01_00961	SAG-MED01	260	OG0000769	K01923	phosphoribosylaminoimidazole-succinocarboxamide synthase [EC:6.3.2.6]	COG0152	PurC	Phosphoribosylaminoimidazole-succinocarboxamide synthase	SAG-MED01_00964	-3
JACWCY010000006.1	1260	2552	-	SAG-MED01_00962	SAG-MED01	430	OG0000779	K01756	adenylosuccinate lyase [EC:4.3.2.2]	COG0015	PurB	Adenylosuccinate lyase	SAG-MED01_00964	-2
JACWCY010000006.1	2556	3329	-	SAG-MED01_00963	SAG-MED01	257	OG0000721	K01265	methionyl aminopeptidase [EC:3.4.11.18]	COG0024	Map	Methionine aminopeptidase	SAG-MED01_00964	-1
JACWCY010000006.1	3322	4020	-	SAG-MED01_00964	SAG-MED01	232	OG0000819	K06206	sugar fermentation stimulation protein A	COG1489	SfsA	DNA-binding protein, stimulates sugar fermentation	SAG-MED01_00964	0
JACWCY010000006.1	4041	4790	+	SAG-MED01_00965	SAG-MED01	249	OG0000807	NA	NA	COG1058	CinA	ADP-ribose pyrophosphatase domain of DNA damage- and competence-inducible protein CinA	SAG-MED01_00964	1
JACWCY010000006.1	4791	5192	+	SAG-MED01_00966	SAG-MED01	133	OG0001035	K00682	gamma-glutamylcyclotransferase [EC:4.3.2.9]	COG2105	YtfP	Predicted gamma-glutamylamine cyclotransferase YtfP, GGCT/AIG2-like family	SAG-MED01_00964	2
JACWCY010000006.1	5235	6446	+	SAG-MED01_00967	SAG-MED01	403	OG0001137	NA	NA	COG2227	UbiG	2-polyprenyl-3-methyl-5-hydroxy-6-metoxy-1,4-benzoquinol methylase	SAG-MED01_00964	3
JACWCY010000006.1	6443	7426	+	SAG-MED01_00968	SAG-MED01	327	OG0000023	K01711	GDPmannose 4,6-dehydratase [EC:4.2.1.47]	COG1089	Gmd	GDP-D-mannose dehydratase	SAG-MED01_00964	4
JACWCY010000006.1	7419	8114	+	SAG-MED01_00969	SAG-MED01	231	OG0000983	NA	NA	COG0463	WcaA	Glycosyltransferase involved in cell wall bisynthesis	SAG-MED01_00964	5
JACWDD010000012.1	4942	9537	-	SAG-MED06_00360	SAG-MED06	1531	OG0002164	NA	NA	COG4942	EnvC	Septal ring factor EnvC, activator of murein hydrolases AmiA and AmiB	SAG-MED06_00365	-5
JACWDD010000012.1	9534	10406	-	SAG-MED06_00361	SAG-MED06	290	OG0001591	NA	NA	NA	NA	NA	SAG-MED06_00365	-4
JACWDD010000012.1	10706	11407	-	SAG-MED06_00362	SAG-MED06	233	OG0001705	NA	NA	NA	NA	NA	SAG-MED06_00365	-3
JACWDD010000012.1	11421	11822	-	SAG-MED06_00363	SAG-MED06	133	OG0001035	K00682	gamma-glutamylcyclotransferase [EC:4.3.2.9]	COG2105	YtfP	Predicted gamma-glutamylamine cyclotransferase YtfP, GGCT/AIG2-like family	SAG-MED06_00365	-2
JACWDD010000012.1	11823	12572	-	SAG-MED06_00364	SAG-MED06	249	OG0000807	NA	NA	COG1058	CinA	ADP-ribose pyrophosphatase domain of DNA damage- and competence-inducible protein CinA	SAG-MED06_00365	-1
JACWDD010000012.1	12593	13291	+	SAG-MED06_00365	SAG-MED06	232	OG0000819	K06206	sugar fermentation stimulation protein A	COG1489	SfsA	DNA-binding protein, stimulates sugar fermentation	SAG-MED06_00365	0
JACWDD010000012.1	13284	14054	+	SAG-MED06_00366	SAG-MED06	256	OG0000721	K01265	methionyl aminopeptidase [EC:3.4.11.18]	COG0024	Map	Methionine aminopeptidase	SAG-MED06_00365	1
JACWDD010000012.1	14058	15350	+	SAG-MED06_00367	SAG-MED06	430	OG0000779	K01756	adenylosuccinate lyase [EC:4.3.2.2]	COG0015	PurB	Adenylosuccinate lyase	SAG-MED06_00365	2
JACWDD010000012.1	15350	16135	+	SAG-MED06_00368	SAG-MED06	261	OG0000769	K01923	phosphoribosylaminoimidazole-succinocarboxamide synthase [EC:6.3.2.6]	COG0152	PurC	Phosphoribosylaminoimidazole-succinocarboxamide synthase	SAG-MED06_00365	3
JACWDD010000012.1	16132	16374	+	SAG-MED06_00369	SAG-MED06	80	OG0000770	K23264	phosphoribosylformylglycinamidine synthase subunit PurS [EC:6.3.5.3]	COG1828	PurS	Phosphoribosylformylglycinamidine (FGAM) synthase, PurS subunit	SAG-MED06_00365	4
JACWDD010000012.1	16378	17061	+	SAG-MED06_00370	SAG-MED06	227	OG0000684	K23265	phosphoribosylformylglycinamidine synthase subunit PurQ / glutaminase [EC:6.3.5.3 3.5.1.2]	COG0047	PurL2	Phosphoribosylformylglycinamidine (FGAM) synthase, glutamine amidotransferase domain	SAG-MED06_00365	5
JACWDF010000005.1	74966	75649	-	SAG-MED08_01014	SAG-MED08	227	OG0000684	K23265	phosphoribosylformylglycinamidine synthase subunit PurQ / glutaminase [EC:6.3.5.3 3.5.1.2]	COG0047	PurL2	Phosphoribosylformylglycinamidine (FGAM) synthase, glutamine amidotransferase domain	SAG-MED08_01019	-5
JACWDF010000005.1	75653	75895	-	SAG-MED08_01015	SAG-MED08	80	OG0000770	K23264	phosphoribosylformylglycinamidine synthase subunit PurS [EC:6.3.5.3]	COG1828	PurS	Phosphoribosylformylglycinamidine (FGAM) synthase, PurS subunit	SAG-MED08_01019	-4
JACWDF010000005.1	75892	76677	-	SAG-MED08_01016	SAG-MED08	261	OG0000769	K01923	phosphoribosylaminoimidazole-succinocarboxamide synthase [EC:6.3.2.6]	COG0152	PurC	Phosphoribosylaminoimidazole-succinocarboxamide synthase	SAG-MED08_01019	-3
JACWDF010000005.1	76677	77969	-	SAG-MED08_01017	SAG-MED08	430	OG0000779	K01756	adenylosuccinate lyase [EC:4.3.2.2]	COG0015	PurB	Adenylosuccinate lyase	SAG-MED08_01019	-2
JACWDF010000005.1	77973	78743	-	SAG-MED08_01018	SAG-MED08	256	OG0000721	K01265	methionyl aminopeptidase [EC:3.4.11.18]	COG0024	Map	Methionine aminopeptidase	SAG-MED08_01019	-1
JACWDF010000005.1	78736	79434	-	SAG-MED08_01019	SAG-MED08	232	OG0000819	K06206	sugar fermentation stimulation protein A	COG1489	SfsA	DNA-binding protein, stimulates sugar fermentation	SAG-MED08_01019	0
JACWDF010000005.1	79455	80204	+	SAG-MED08_01020	SAG-MED08	249	OG0000807	NA	NA	COG1058	CinA	ADP-ribose pyrophosphatase domain of DNA damage- and competence-inducible protein CinA	SAG-MED08_01019	1
JACWDF010000005.1	80204	80605	+	SAG-MED08_01021	SAG-MED08	133	OG0001035	K00682	gamma-glutamylcyclotransferase [EC:4.3.2.9]	COG2105	YtfP	Predicted gamma-glutamylamine cyclotransferase YtfP, GGCT/AIG2-like family	SAG-MED08_01019	2
JACWDF010000005.1	80614	81924	+	SAG-MED08_01022	SAG-MED08	436	OG0001333	NA	NA	COG4091	NA	Predicted homoserine dehydrogenase, contains C-terminal SAF domain	SAG-MED08_01019	3
JACWDF010000005.1	81921	83183	-	SAG-MED08_01023	SAG-MED08	420	OG0001281	NA	NA	COG3408	GDB1	Glycogen debranching enzyme (alpha-1,6-glucosidase)	SAG-MED08_01019	4
JACWDF010000005.1	83183	84403	-	SAG-MED08_01024	SAG-MED08	406	OG0001273	K13693	glucosyl-3-phosphoglycerate synthase [EC:2.4.1.266]	NA	NA	NA	SAG-MED08_01019	5
JACWDI010000001.1	86269	87075	+	SAG-MED11_00110	SAG-MED11	268	OG0001276	K07026	mannosyl-3-phosphoglycerate phosphatase [EC:3.1.3.70]	COG3769	YedP	Mannosyl-3-phosphoglycerate phosphatase YedP/MpgP, HAD superfamily	SAG-MED11_00115	-5
JACWDI010000001.1	87084	88304	+	SAG-MED11_00111	SAG-MED11	406	OG0001273	K13693	glucosyl-3-phosphoglycerate synthase [EC:2.4.1.266]	NA	NA	NA	SAG-MED11_00115	-4
JACWDI010000001.1	88304	90028	+	SAG-MED11_00112	SAG-MED11	574	OG0001383	NA	NA	COG0366	AmyA	Glycosidase/amylase (phosphorylase)	SAG-MED11_00115	-3
JACWDI010000001.1	90021	90422	-	SAG-MED11_00113	SAG-MED11	133	OG0001035	K00682	gamma-glutamylcyclotransferase [EC:4.3.2.9]	COG2105	YtfP	Predicted gamma-glutamylamine cyclotransferase YtfP, GGCT/AIG2-like family	SAG-MED11_00115	-2
JACWDI010000001.1	90423	91172	-	SAG-MED11_00114	SAG-MED11	249	OG0000807	NA	NA	COG1058	CinA	ADP-ribose pyrophosphatase domain of DNA damage- and competence-inducible protein CinA	SAG-MED11_00115	-1
JACWDI010000001.1	91193	91891	+	SAG-MED11_00115	SAG-MED11	232	OG0000819	K06206	sugar fermentation stimulation protein A	COG1489	SfsA	DNA-binding protein, stimulates sugar fermentation	SAG-MED11_00115	0
JACWDI010000001.1	91884	92654	+	SAG-MED11_00116	SAG-MED11	256	OG0000721	K01265	methionyl aminopeptidase [EC:3.4.11.18]	COG0024	Map	Methionine aminopeptidase	SAG-MED11_00115	1
JACWDI010000001.1	92661	93821	+	SAG-MED11_00117	SAG-MED11	386	OG0000779	K01756	adenylosuccinate lyase [EC:4.3.2.2]	COG0015	PurB	Adenylosuccinate lyase	SAG-MED11_00115	2
JACWDI010000001.1	93952	94737	+	SAG-MED11_00118	SAG-MED11	261	OG0000769	K01923	phosphoribosylaminoimidazole-succinocarboxamide synthase [EC:6.3.2.6]	COG0152	PurC	Phosphoribosylaminoimidazole-succinocarboxamide synthase	SAG-MED11_00115	3
JACWDI010000001.1	94734	94976	+	SAG-MED11_00119	SAG-MED11	80	OG0000770	K23264	phosphoribosylformylglycinamidine synthase subunit PurS [EC:6.3.5.3]	COG1828	PurS	Phosphoribosylformylglycinamidine (FGAM) synthase, PurS subunit	SAG-MED11_00115	4
JACWDI010000001.1	94980	95663	+	SAG-MED11_00120	SAG-MED11	227	OG0000684	K23265	phosphoribosylformylglycinamidine synthase subunit PurQ / glutaminase [EC:6.3.5.3 3.5.1.2]	COG0047	PurL2	Phosphoribosylformylglycinamidine (FGAM) synthase, glutamine amidotransferase domain	SAG-MED11_00115	5
JACWDK010000017.1	6957	8177	+	SAG-MED13_00397	SAG-MED13	406	OG0001273	K13693	glucosyl-3-phosphoglycerate synthase [EC:2.4.1.266]	NA	NA	NA	SAG-MED13_00402	-5
JACWDK010000017.1	8177	9904	+	SAG-MED13_00398	SAG-MED13	575	OG0001383	NA	NA	COG0366	AmyA	Glycosidase/amylase (phosphorylase)	SAG-MED13_00402	-4
JACWDK010000017.1	9907	10602	-	SAG-MED13_00399	SAG-MED13	231	OG0001565	NA	NA	COG2982	AsmA	Outer membrane assembly factor AsmA	SAG-MED13_00402	-3
JACWDK010000017.1	10613	11014	-	SAG-MED13_00400	SAG-MED13	133	OG0001035	K00682	gamma-glutamylcyclotransferase [EC:4.3.2.9]	COG2105	YtfP	Predicted gamma-glutamylamine cyclotransferase YtfP, GGCT/AIG2-like family	SAG-MED13_00402	-2
JACWDK010000017.1	11015	11764	-	SAG-MED13_00401	SAG-MED13	249	OG0000807	NA	NA	COG1058	CinA	ADP-ribose pyrophosphatase domain of DNA damage- and competence-inducible protein CinA	SAG-MED13_00402	-1
JACWDK010000017.1	11784	12482	+	SAG-MED13_00402	SAG-MED13	232	OG0000819	K06206	sugar fermentation stimulation protein A	COG1489	SfsA	DNA-binding protein, stimulates sugar fermentation	SAG-MED13_00402	0
JACWDK010000017.1	12475	13248	+	SAG-MED13_00403	SAG-MED13	257	OG0000721	K01265	methionyl aminopeptidase [EC:3.4.11.18]	COG0024	Map	Methionine aminopeptidase	SAG-MED13_00402	1
JACWDK010000017.1	13252	14544	+	SAG-MED13_00404	SAG-MED13	430	OG0000779	K01756	adenylosuccinate lyase [EC:4.3.2.2]	COG0015	PurB	Adenylosuccinate lyase	SAG-MED13_00402	2
JACWDK010000017.1	14544	15329	+	SAG-MED13_00405	SAG-MED13	261	OG0000769	K01923	phosphoribosylaminoimidazole-succinocarboxamide synthase [EC:6.3.2.6]	COG0152	PurC	Phosphoribosylaminoimidazole-succinocarboxamide synthase	SAG-MED13_00402	3
JACWDK010000017.1	15326	15568	+	SAG-MED13_00406	SAG-MED13	80	OG0000770	K23264	phosphoribosylformylglycinamidine synthase subunit PurS [EC:6.3.5.3]	COG1828	PurS	Phosphoribosylformylglycinamidine (FGAM) synthase, PurS subunit	SAG-MED13_00402	4
JACWDK010000017.1	15572	16255	+	SAG-MED13_00407	SAG-MED13	227	OG0000684	K23265	phosphoribosylformylglycinamidine synthase subunit PurQ / glutaminase [EC:6.3.5.3 3.5.1.2]	COG0047	PurL2	Phosphoribosylformylglycinamidine (FGAM) synthase, glutamine amidotransferase domain	SAG-MED13_00402	5
JACWDT010000007.1	36866	37549	-	SAG-MED22_01159	SAG-MED22	227	OG0000684	K23265	phosphoribosylformylglycinamidine synthase subunit PurQ / glutaminase [EC:6.3.5.3 3.5.1.2]	COG0047	PurL2	Phosphoribosylformylglycinamidine (FGAM) synthase, glutamine amidotransferase domain	SAG-MED22_01164	-5
JACWDT010000007.1	37553	37795	-	SAG-MED22_01160	SAG-MED22	80	OG0000770	K23264	phosphoribosylformylglycinamidine synthase subunit PurS [EC:6.3.5.3]	COG1828	PurS	Phosphoribosylformylglycinamidine (FGAM) synthase, PurS subunit	SAG-MED22_01164	-4
JACWDT010000007.1	37792	38577	-	SAG-MED22_01161	SAG-MED22	261	OG0000769	K01923	phosphoribosylaminoimidazole-succinocarboxamide synthase [EC:6.3.2.6]	COG0152	PurC	Phosphoribosylaminoimidazole-succinocarboxamide synthase	SAG-MED22_01164	-3
JACWDT010000007.1	38577	39869	-	SAG-MED22_01162	SAG-MED22	430	OG0000779	K01756	adenylosuccinate lyase [EC:4.3.2.2]	COG0015	PurB	Adenylosuccinate lyase	SAG-MED22_01164	-2
JACWDT010000007.1	39873	40643	-	SAG-MED22_01163	SAG-MED22	256	OG0000721	K01265	methionyl aminopeptidase [EC:3.4.11.18]	COG0024	Map	Methionine aminopeptidase	SAG-MED22_01164	-1
JACWDT010000007.1	40636	41334	-	SAG-MED22_01164	SAG-MED22	232	OG0000819	K06206	sugar fermentation stimulation protein A	COG1489	SfsA	DNA-binding protein, stimulates sugar fermentation	SAG-MED22_01164	0
JACWDT010000007.1	41355	42104	+	SAG-MED22_01165	SAG-MED22	249	OG0000807	NA	NA	COG1058	CinA	ADP-ribose pyrophosphatase domain of DNA damage- and competence-inducible protein CinA	SAG-MED22_01164	1
JACWDT010000007.1	42104	42505	+	SAG-MED22_01166	SAG-MED22	133	OG0001035	K00682	gamma-glutamylcyclotransferase [EC:4.3.2.9]	COG2105	YtfP	Predicted gamma-glutamylamine cyclotransferase YtfP, GGCT/AIG2-like family	SAG-MED22_01164	2
JACWDT010000007.1	42514	43824	+	SAG-MED22_01167	SAG-MED22	436	OG0001333	NA	NA	COG4091	NA	Predicted homoserine dehydrogenase, contains C-terminal SAF domain	SAG-MED22_01164	3
JACWDT010000007.1	43821	45083	-	SAG-MED22_01168	SAG-MED22	420	OG0001281	NA	NA	COG3408	GDB1	Glycogen debranching enzyme (alpha-1,6-glucosidase)	SAG-MED22_01164	4
JACWDT010000007.1	45083	46303	-	SAG-MED22_01169	SAG-MED22	406	OG0001273	K13693	glucosyl-3-phosphoglycerate synthase [EC:2.4.1.266]	NA	NA	NA	SAG-MED22_01164	5
JACWEO010000009.1	13571	15307	+	SAG-MED47_01200	SAG-MED47	578	OG0001054	K00612	carbamoyltransferase [EC:2.1.3.-]	COG2192	NA	Predicted carbamoyl transferase, NodU family	SAG-MED47_01205	-5
JACWEO010000009.1	15304	16413	+	SAG-MED47_01201	SAG-MED47	369	OG0001692	NA	NA	NA	NA	NA	SAG-MED47_01205	-4
JACWEO010000009.1	16406	16528	+	SAG-MED47_01202	SAG-MED47	40	NA	NA	NA	NA	NA	NA	SAG-MED47_01205	-3
JACWEO010000009.1	16509	17513	+	SAG-MED47_01203	SAG-MED47	334	OG0002279	NA	NA	NA	NA	NA	SAG-MED47_01205	-2
JACWEO010000009.1	17680	18453	-	SAG-MED47_01204	SAG-MED47	257	OG0000721	K01265	methionyl aminopeptidase [EC:3.4.11.18]	COG0024	Map	Methionine aminopeptidase	SAG-MED47_01205	-1
JACWEO010000009.1	18446	19144	-	SAG-MED47_01205	SAG-MED47	232	OG0000819	K06206	sugar fermentation stimulation protein A	COG1489	SfsA	DNA-binding protein, stimulates sugar fermentation	SAG-MED47_01205	0
JACWEO010000009.1	19165	19914	+	SAG-MED47_01206	SAG-MED47	249	OG0000807	NA	NA	COG1058	CinA	ADP-ribose pyrophosphatase domain of DNA damage- and competence-inducible protein CinA	SAG-MED47_01205	1
JACWEO010000009.1	19915	20316	+	SAG-MED47_01207	SAG-MED47	133	OG0001035	K00682	gamma-glutamylcyclotransferase [EC:4.3.2.9]	COG2105	YtfP	Predicted gamma-glutamylamine cyclotransferase YtfP, GGCT/AIG2-like family	SAG-MED47_01205	2
JACWEO010000009.1	20347	22110	+	SAG-MED47_01208	SAG-MED47	587	OG0001683	NA	NA	NA	NA	NA	SAG-MED47_01205	3
JACWEO010000009.1	22122	22811	+	SAG-MED47_01209	SAG-MED47	229	OG0000043	NA	NA	COG0463	WcaA	Glycosyltransferase involved in cell wall bisynthesis	SAG-MED47_01205	4
JACWEO010000009.1	22853	24529	+	SAG-MED47_01210	SAG-MED47	558	OG0001142	NA	NA	NA	NA	NA	SAG-MED47_01205	5
JACWEQ010000012.1	5245	6060	-	SAG-MED49_00329	SAG-MED49	271	OG0000113	K00737	beta-1,4-mannosyl-glycoprotein beta-1,4-N-acetylglucosaminyltransferase [EC:2.4.1.144]	NA	NA	NA	SAG-MED49_00334	-5
JACWEQ010000012.1	6109	6900	-	SAG-MED49_00330	SAG-MED49	263	OG0000927	NA	NA	COG2175	TauD	Taurine dioxygenase, alpha-ketoglutarate-dependent	SAG-MED49_00334	-4
JACWEQ010000012.1	6910	7974	-	SAG-MED49_00331	SAG-MED49	354	OG0000040	K07246	tartrate dehydrogenase/decarboxylase / D-malate dehydrogenase [EC:1.1.1.93 4.1.1.73 1.1.1.83]	COG0473	LeuB	Isocitrate/isopropylmalate dehydrogenase	SAG-MED49_00334	-3
JACWEQ010000012.1	8072	8479	-	SAG-MED49_00332	SAG-MED49	135	OG0001035	K00682	gamma-glutamylcyclotransferase [EC:4.3.2.9]	COG2105	YtfP	Predicted gamma-glutamylamine cyclotransferase YtfP, GGCT/AIG2-like family	SAG-MED49_00334	-2
JACWEQ010000012.1	8480	9229	-	SAG-MED49_00333	SAG-MED49	249	OG0000807	NA	NA	COG1058	CinA	ADP-ribose pyrophosphatase domain of DNA damage- and competence-inducible protein CinA	SAG-MED49_00334	-1
JACWEQ010000012.1	9250	9948	+	SAG-MED49_00334	SAG-MED49	232	OG0000819	K06206	sugar fermentation stimulation protein A	COG1489	SfsA	DNA-binding protein, stimulates sugar fermentation	SAG-MED49_00334	0
JACWEQ010000012.1	9941	10711	+	SAG-MED49_00335	SAG-MED49	256	OG0000721	K01265	methionyl aminopeptidase [EC:3.4.11.18]	COG0024	Map	Methionine aminopeptidase	SAG-MED49_00334	1
JACWEQ010000012.1	10715	12007	+	SAG-MED49_00336	SAG-MED49	430	OG0000779	K01756	adenylosuccinate lyase [EC:4.3.2.2]	COG0015	PurB	Adenylosuccinate lyase	SAG-MED49_00334	2
JACWEQ010000012.1	12007	12792	+	SAG-MED49_00337	SAG-MED49	261	OG0000769	K01923	phosphoribosylaminoimidazole-succinocarboxamide synthase [EC:6.3.2.6]	COG0152	PurC	Phosphoribosylaminoimidazole-succinocarboxamide synthase	SAG-MED49_00334	3
JACWEQ010000012.1	12789	13031	+	SAG-MED49_00338	SAG-MED49	80	OG0000770	K23264	phosphoribosylformylglycinamidine synthase subunit PurS [EC:6.3.5.3]	COG1828	PurS	Phosphoribosylformylglycinamidine (FGAM) synthase, PurS subunit	SAG-MED49_00334	4
JACWEQ010000012.1	13035	13718	+	SAG-MED49_00339	SAG-MED49	227	OG0000684	K23265	phosphoribosylformylglycinamidine synthase subunit PurQ / glutaminase [EC:6.3.5.3 3.5.1.2]	COG0047	PurL2	Phosphoribosylformylglycinamidine (FGAM) synthase, glutamine amidotransferase domain	SAG-MED49_00334	5
JACWER010000017.1	214	522	+	SAG-MED50_00512	SAG-MED50	102	OG0002776	NA	NA	NA	NA	NA	SAG-MED50_00515	-3
JACWER010000017.1	512	1414	+	SAG-MED50_00513	SAG-MED50	300	NA	NA	NA	COG0463	WcaA	Glycosyltransferase involved in cell wall bisynthesis	SAG-MED50_00515	-2
JACWER010000017.1	1418	2554	+	SAG-MED50_00514	SAG-MED50	378	OG0002342	NA	NA	COG0535	SkfB	Radical SAM superfamily maturase, SkfB/NifB/PqqE family	SAG-MED50_00515	-1
JACWER010000017.1	2590	3288	+	SAG-MED50_00515	SAG-MED50	232	OG0000819	K06206	sugar fermentation stimulation protein A	COG1489	SfsA	DNA-binding protein, stimulates sugar fermentation	SAG-MED50_00515	0
JACWER010000017.1	3281	4051	+	SAG-MED50_00516	SAG-MED50	256	OG0000721	K01265	methionyl aminopeptidase [EC:3.4.11.18]	COG0024	Map	Methionine aminopeptidase	SAG-MED50_00515	1
JACWER010000017.1	4055	5347	+	SAG-MED50_00517	SAG-MED50	430	OG0000779	K01756	adenylosuccinate lyase [EC:4.3.2.2]	COG0015	PurB	Adenylosuccinate lyase	SAG-MED50_00515	2
JACWER010000017.1	5347	6132	+	SAG-MED50_00518	SAG-MED50	261	OG0000769	K01923	phosphoribosylaminoimidazole-succinocarboxamide synthase [EC:6.3.2.6]	COG0152	PurC	Phosphoribosylaminoimidazole-succinocarboxamide synthase	SAG-MED50_00515	3
JACWER010000017.1	6129	6371	+	SAG-MED50_00519	SAG-MED50	80	OG0000770	K23264	phosphoribosylformylglycinamidine synthase subunit PurS [EC:6.3.5.3]	COG1828	PurS	Phosphoribosylformylglycinamidine (FGAM) synthase, PurS subunit	SAG-MED50_00515	4
JACWER010000017.1	6375	7058	+	SAG-MED50_00520	SAG-MED50	227	OG0000684	K23265	phosphoribosylformylglycinamidine synthase subunit PurQ / glutaminase [EC:6.3.5.3 3.5.1.2]	COG0047	PurL2	Phosphoribosylformylglycinamidine (FGAM) synthase, glutamine amidotransferase domain	SAG-MED50_00515	5
PBKK01000013.1	69116	69799	-	SP27_01138	SP27	227	OG0000684	K23265	phosphoribosylformylglycinamidine synthase subunit PurQ / glutaminase [EC:6.3.5.3 3.5.1.2]	COG0047	PurL2	Phosphoribosylformylglycinamidine (FGAM) synthase, glutamine amidotransferase domain	SP27_01143	-5
PBKK01000013.1	69796	70038	-	SP27_01139	SP27	80	OG0000770	K23264	phosphoribosylformylglycinamidine synthase subunit PurS [EC:6.3.5.3]	COG1828	PurS	Phosphoribosylformylglycinamidine (FGAM) synthase, PurS subunit	SP27_01143	-4
PBKK01000013.1	70040	70822	-	SP27_01140	SP27	260	OG0000769	K01923	phosphoribosylaminoimidazole-succinocarboxamide synthase [EC:6.3.2.6]	COG0152	PurC	Phosphoribosylaminoimidazole-succinocarboxamide synthase	SP27_01143	-3
PBKK01000013.1	70822	72114	-	SP27_01141	SP27	430	OG0000779	K01756	adenylosuccinate lyase [EC:4.3.2.2]	COG0015	PurB	Adenylosuccinate lyase	SP27_01143	-2
PBKK01000013.1	72127	72879	-	SP27_01142	SP27	250	OG0000721	K01265	methionyl aminopeptidase [EC:3.4.11.18]	COG0024	Map	Methionine aminopeptidase	SP27_01143	-1
PBKK01000013.1	72879	73574	-	SP27_01143	SP27	231	OG0000819	K06206	sugar fermentation stimulation protein A	COG1489	SfsA	DNA-binding protein, stimulates sugar fermentation	SP27_01143	0
PBKK01000013.1	73575	74312	+	SP27_01144	SP27	245	OG0000807	NA	NA	COG1058	CinA	ADP-ribose pyrophosphatase domain of DNA damage- and competence-inducible protein CinA	SP27_01143	1
PBKK01000013.1	74302	76683	+	SP27_01145	SP27	793	OG0002369	NA	NA	COG4262	NA	Predicted spermidine synthase with an N-terminal membrane domain	SP27_01143	2
PBKK01000013.1	76756	77406	+	SP27_01146	SP27	216	OG0000954	K07149	uncharacterized protein	COG2364	YczE	Membrane protein possibly involved in the transport of sulfur-containing compounds	SP27_01143	3
PBKK01000013.1	77403	77504	+	SP27_01147	SP27	33	OG0001337	NA	NA	COG1835	OafA	Peptidoglycan/LPS O-acetylase OafA/YrhL, contains acyltransferase and SGNH-hydrolase domains	SP27_01143	4
CP159810.1	522806	523489	-	Uisw_090_00576	Uisw_090	227	OG0000684	K23265	phosphoribosylformylglycinamidine synthase subunit PurQ / glutaminase [EC:6.3.5.3 3.5.1.2]	COG0047	PurL2	Phosphoribosylformylglycinamidine (FGAM) synthase, glutamine amidotransferase domain	Uisw_090_00581	-5
CP159810.1	523496	523738	-	Uisw_090_00577	Uisw_090	80	OG0000770	K23264	phosphoribosylformylglycinamidine synthase subunit PurS [EC:6.3.5.3]	COG1828	PurS	Phosphoribosylformylglycinamidine (FGAM) synthase, PurS subunit	Uisw_090_00581	-4
CP159810.1	523741	524523	-	Uisw_090_00578	Uisw_090	260	OG0000769	K01923	phosphoribosylaminoimidazole-succinocarboxamide synthase [EC:6.3.2.6]	COG0152	PurC	Phosphoribosylaminoimidazole-succinocarboxamide synthase	Uisw_090_00581	-3
CP159810.1	524523	525815	-	Uisw_090_00579	Uisw_090	430	OG0000779	K01756	adenylosuccinate lyase [EC:4.3.2.2]	COG0015	PurB	Adenylosuccinate lyase	Uisw_090_00581	-2
CP159810.1	525819	526589	-	Uisw_090_00580	Uisw_090	256	OG0000721	K01265	methionyl aminopeptidase [EC:3.4.11.18]	COG0024	Map	Methionine aminopeptidase	Uisw_090_00581	-1
CP159810.1	526582	527280	-	Uisw_090_00581	Uisw_090	232	OG0000819	K06206	sugar fermentation stimulation protein A	COG1489	SfsA	DNA-binding protein, stimulates sugar fermentation	Uisw_090_00581	0
CP159810.1	527302	528051	+	Uisw_090_00582	Uisw_090	249	OG0000807	NA	NA	COG1058	CinA	ADP-ribose pyrophosphatase domain of DNA damage- and competence-inducible protein CinA	Uisw_090_00581	1
CP159810.1	528056	528457	+	Uisw_090_00583	Uisw_090	133	OG0001035	K00682	gamma-glutamylcyclotransferase [EC:4.3.2.9]	COG2105	YtfP	Predicted gamma-glutamylamine cyclotransferase YtfP, GGCT/AIG2-like family	Uisw_090_00581	2
CP159810.1	528626	529405	+	Uisw_090_00585	Uisw_090	259	OG0000972	K00858	NAD+ kinase [EC:2.7.1.23]	COG0061	NadK	NAD kinase	Uisw_090_00581	3
CP159810.1	529552	529989	+	Uisw_090_00586	Uisw_090	145	OG0001473	NA	NA	NA	NA	NA	Uisw_090_00581	4
CP159810.1	530211	530390	+	Uisw_090_00587	Uisw_090	59	OG0001335	NA	NA	NA	NA	NA	Uisw_090_00581	5
CP159824.1	707961	708659	-	Uisw_092_00806	Uisw_092	232	OG0000983	NA	NA	COG0463	WcaA	Glycosyltransferase involved in cell wall bisynthesis	Uisw_092_00811	-5
CP159824.1	708652	709632	-	Uisw_092_00807	Uisw_092	326	OG0000023	K01711	GDPmannose 4,6-dehydratase [EC:4.2.1.47]	COG1089	Gmd	GDP-D-mannose dehydratase	Uisw_092_00811	-4
CP159824.1	709629	710840	-	Uisw_092_00808	Uisw_092	403	OG0001137	NA	NA	COG2227	UbiG	2-polyprenyl-3-methyl-5-hydroxy-6-metoxy-1,4-benzoquinol methylase	Uisw_092_00811	-3
CP159824.1	710875	711276	-	Uisw_092_00809	Uisw_092	133	OG0001035	K00682	gamma-glutamylcyclotransferase [EC:4.3.2.9]	COG2105	YtfP	Predicted gamma-glutamylamine cyclotransferase YtfP, GGCT/AIG2-like family	Uisw_092_00811	-2
CP159824.1	711281	712030	-	Uisw_092_00810	Uisw_092	249	OG0000807	NA	NA	COG1058	CinA	ADP-ribose pyrophosphatase domain of DNA damage- and competence-inducible protein CinA	Uisw_092_00811	-1
CP159824.1	712052	712750	+	Uisw_092_00811	Uisw_092	232	OG0000819	K06206	sugar fermentation stimulation protein A	COG1489	SfsA	DNA-binding protein, stimulates sugar fermentation	Uisw_092_00811	0
CP159824.1	712743	713513	+	Uisw_092_00812	Uisw_092	256	OG0000721	K01265	methionyl aminopeptidase [EC:3.4.11.18]	COG0024	Map	Methionine aminopeptidase	Uisw_092_00811	1
CP159824.1	713517	714809	+	Uisw_092_00813	Uisw_092	430	OG0000779	K01756	adenylosuccinate lyase [EC:4.3.2.2]	COG0015	PurB	Adenylosuccinate lyase	Uisw_092_00811	2
CP159824.1	714809	715591	+	Uisw_092_00814	Uisw_092	260	OG0000769	K01923	phosphoribosylaminoimidazole-succinocarboxamide synthase [EC:6.3.2.6]	COG0152	PurC	Phosphoribosylaminoimidazole-succinocarboxamide synthase	Uisw_092_00811	3
CP159824.1	715593	715835	+	Uisw_092_00815	Uisw_092	80	OG0000770	K23264	phosphoribosylformylglycinamidine synthase subunit PurS [EC:6.3.5.3]	COG1828	PurS	Phosphoribosylformylglycinamidine (FGAM) synthase, PurS subunit	Uisw_092_00811	4
CP159824.1	715842	716525	+	Uisw_092_00816	Uisw_092	227	OG0000684	K23265	phosphoribosylformylglycinamidine synthase subunit PurQ / glutaminase [EC:6.3.5.3 3.5.1.2]	COG0047	PurL2	Phosphoribosylformylglycinamidine (FGAM) synthase, glutamine amidotransferase domain	Uisw_092_00811	5
CP159823.1	769476	769949	-	Uisw_094_00858	Uisw_094	157	OG0001054	NA	NA	COG2192	NA	Predicted carbamoyl transferase, NodU family	Uisw_094_00863	-5
CP159823.1	769953	770102	-	Uisw_094_00859	Uisw_094	49	OG0001277	NA	NA	NA	NA	NA	Uisw_094_00863	-4
CP159823.1	770107	770514	-	Uisw_094_00860	Uisw_094	135	OG0001260	NA	NA	NA	NA	NA	Uisw_094_00863	-3
CP159823.1	770557	770961	-	Uisw_094_00861	Uisw_094	134	OG0001035	K00682	gamma-glutamylcyclotransferase [EC:4.3.2.9]	COG2105	YtfP	Predicted gamma-glutamylamine cyclotransferase YtfP, GGCT/AIG2-like family	Uisw_094_00863	-2
CP159823.1	770966	771715	-	Uisw_094_00862	Uisw_094	249	OG0000807	NA	NA	COG1058	CinA	ADP-ribose pyrophosphatase domain of DNA damage- and competence-inducible protein CinA	Uisw_094_00863	-1
CP159823.1	771737	772435	+	Uisw_094_00863	Uisw_094	232	OG0000819	K06206	sugar fermentation stimulation protein A	COG1489	SfsA	DNA-binding protein, stimulates sugar fermentation	Uisw_094_00863	0
CP159823.1	772428	773198	+	Uisw_094_00864	Uisw_094	256	OG0000721	K01265	methionyl aminopeptidase [EC:3.4.11.18]	COG0024	Map	Methionine aminopeptidase	Uisw_094_00863	1
CP159823.1	773202	774494	+	Uisw_094_00865	Uisw_094	430	OG0000779	K01756	adenylosuccinate lyase [EC:4.3.2.2]	COG0015	PurB	Adenylosuccinate lyase	Uisw_094_00863	2
CP159823.1	774494	775276	+	Uisw_094_00866	Uisw_094	260	OG0000769	K01923	phosphoribosylaminoimidazole-succinocarboxamide synthase [EC:6.3.2.6]	COG0152	PurC	Phosphoribosylaminoimidazole-succinocarboxamide synthase	Uisw_094_00863	3
CP159823.1	775278	775520	+	Uisw_094_00867	Uisw_094	80	OG0000770	K23264	phosphoribosylformylglycinamidine synthase subunit PurS [EC:6.3.5.3]	COG1828	PurS	Phosphoribosylformylglycinamidine (FGAM) synthase, PurS subunit	Uisw_094_00863	4
CP159823.1	775527	776210	+	Uisw_094_00868	Uisw_094	227	OG0000684	K23265	phosphoribosylformylglycinamidine synthase subunit PurQ / glutaminase [EC:6.3.5.3 3.5.1.2]	COG0047	PurL2	Phosphoribosylformylglycinamidine (FGAM) synthase, glutamine amidotransferase domain	Uisw_094_00863	5
CP159822.1	666324	666557	-	Uisw_099_02_00746	Uisw_099_02	77	NA	NA	NA	NA	NA	NA	Uisw_099_02_00752	-5
CP159822.1	666570	666983	-	Uisw_099_02_00747	Uisw_099_02	137	OG0003947	NA	NA	NA	NA	NA	Uisw_099_02_00752	-4
CP159822.1	667146	667925	-	Uisw_099_02_00748	Uisw_099_02	259	OG0000972	K00858	NAD+ kinase [EC:2.7.1.23]	COG0061	NadK	NAD kinase	Uisw_099_02_00752	-3
CP159822.1	668086	668490	-	Uisw_099_02_00750	Uisw_099_02	134	OG0001035	K00682	gamma-glutamylcyclotransferase [EC:4.3.2.9]	COG2105	YtfP	Predicted gamma-glutamylamine cyclotransferase YtfP, GGCT/AIG2-like family	Uisw_099_02_00752	-2
CP159822.1	668491	669240	-	Uisw_099_02_00751	Uisw_099_02	249	OG0000807	NA	NA	COG1058	CinA	ADP-ribose pyrophosphatase domain of DNA damage- and competence-inducible protein CinA	Uisw_099_02_00752	-1
CP159822.1	669261	669956	+	Uisw_099_02_00752	Uisw_099_02	231	OG0000819	K06206	sugar fermentation stimulation protein A	COG1489	SfsA	DNA-binding protein, stimulates sugar fermentation	Uisw_099_02_00752	0
CP159822.1	669967	670665	-	Uisw_099_02_00753	Uisw_099_02	232	OG0000007	NA	NA	COG1028	FabG	NAD(P)-dependent dehydrogenase, short-chain alcohol dehydrogenase family	Uisw_099_02_00752	1
CP159822.1	670665	671549	-	Uisw_099_02_00754	Uisw_099_02	294	OG0000167	NA	NA	COG0535	SkfB	Radical SAM superfamily maturase, SkfB/NifB/PqqE family	Uisw_099_02_00752	2
CP159822.1	671562	672287	-	Uisw_099_02_00755	Uisw_099_02	241	OG0000062	K00979	3-deoxy-manno-octulosonate cytidylyltransferase (CMP-KDO synthetase) [EC:2.7.7.38]	COG1212	KdsB	CMP-2-keto-3-deoxyoctulosonic acid synthetase	Uisw_099_02_00752	3
CP159822.1	672287	673891	-	Uisw_099_02_00756	Uisw_099_02	534	OG0001585	K01666	4-hydroxy 2-oxovalerate aldolase [EC:4.1.3.39]	COG0119	LeuA	Isopropylmalate/homocitrate/citramalate synthases	Uisw_099_02_00752	4
CP159822.1	673970	674740	+	Uisw_099_02_00757	Uisw_099_02	256	OG0000721	K01265	methionyl aminopeptidase [EC:3.4.11.18]	COG0024	Map	Methionine aminopeptidase	Uisw_099_02_00752	5
CP159821.1	797235	798188	-	Uisw_101_00848	Uisw_101	317	OG0001236	NA	NA	COG0451	WcaG	Nucleoside-diphosphate-sugar epimerase	Uisw_101_00854	-5
CP159821.1	798232	799155	+	Uisw_101_00849	Uisw_101	307	OG0001706	NA	NA	NA	NA	NA	Uisw_101_00854	-4
CP159821.1	799400	800179	-	Uisw_101_00850	Uisw_101	259	OG0000972	K00858	NAD+ kinase [EC:2.7.1.23]	COG0061	NadK	NAD kinase	Uisw_101_00854	-3
CP159821.1	800348	800749	-	Uisw_101_00852	Uisw_101	133	OG0001035	K00682	gamma-glutamylcyclotransferase [EC:4.3.2.9]	COG2105	YtfP	Predicted gamma-glutamylamine cyclotransferase YtfP, GGCT/AIG2-like family	Uisw_101_00854	-2
CP159821.1	800754	801503	-	Uisw_101_00853	Uisw_101	249	OG0000807	NA	NA	COG1058	CinA	ADP-ribose pyrophosphatase domain of DNA damage- and competence-inducible protein CinA	Uisw_101_00854	-1
CP159821.1	801525	802223	+	Uisw_101_00854	Uisw_101	232	OG0000819	K06206	sugar fermentation stimulation protein A	COG1489	SfsA	DNA-binding protein, stimulates sugar fermentation	Uisw_101_00854	0
CP159821.1	802216	802986	+	Uisw_101_00855	Uisw_101	256	OG0000721	K01265	methionyl aminopeptidase [EC:3.4.11.18]	COG0024	Map	Methionine aminopeptidase	Uisw_101_00854	1
CP159821.1	802990	804282	+	Uisw_101_00856	Uisw_101	430	OG0000779	K01756	adenylosuccinate lyase [EC:4.3.2.2]	COG0015	PurB	Adenylosuccinate lyase	Uisw_101_00854	2
CP159821.1	804282	805064	+	Uisw_101_00857	Uisw_101	260	OG0000769	K01923	phosphoribosylaminoimidazole-succinocarboxamide synthase [EC:6.3.2.6]	COG0152	PurC	Phosphoribosylaminoimidazole-succinocarboxamide synthase	Uisw_101_00854	3
CP159821.1	805066	805308	+	Uisw_101_00858	Uisw_101	80	OG0000770	K23264	phosphoribosylformylglycinamidine synthase subunit PurS [EC:6.3.5.3]	COG1828	PurS	Phosphoribosylformylglycinamidine (FGAM) synthase, PurS subunit	Uisw_101_00854	4
CP159821.1	805315	805998	+	Uisw_101_00859	Uisw_101	227	OG0000684	K23265	phosphoribosylformylglycinamidine synthase subunit PurQ / glutaminase [EC:6.3.5.3 3.5.1.2]	COG0047	PurL2	Phosphoribosylformylglycinamidine (FGAM) synthase, glutamine amidotransferase domain	Uisw_101_00854	5
CP159820.1	800817	801128	-	Uisw_104_00871	Uisw_104	103	OG0001412	NA	NA	COG0463	WcaA	Glycosyltransferase involved in cell wall bisynthesis	Uisw_104_00876	-5
CP159820.1	801342	802268	-	Uisw_104_00872	Uisw_104	308	OG0000167	NA	NA	COG0641	AslB	Sulfatase maturation enzyme AslB, radical SAM superfamily	Uisw_104_00876	-4
CP159820.1	802268	802519	-	Uisw_104_00873	Uisw_104	83	OG0001035	NA	NA	NA	NA	NA	Uisw_104_00876	-3
CP159820.1	802482	802670	-	Uisw_104_00874	Uisw_104	62	OG0001035	NA	NA	COG2105	YtfP	Predicted gamma-glutamylamine cyclotransferase YtfP, GGCT/AIG2-like family	Uisw_104_00876	-2
CP159820.1	802675	803424	-	Uisw_104_00875	Uisw_104	249	OG0000807	NA	NA	COG1058	CinA	ADP-ribose pyrophosphatase domain of DNA damage- and competence-inducible protein CinA	Uisw_104_00876	-1
CP159820.1	803446	804144	+	Uisw_104_00876	Uisw_104	232	OG0000819	K06206	sugar fermentation stimulation protein A	COG1489	SfsA	DNA-binding protein, stimulates sugar fermentation	Uisw_104_00876	0
CP159820.1	804137	804313	+	Uisw_104_00877	Uisw_104	58	OG0000721	NA	NA	COG0024	Map	Methionine aminopeptidase	Uisw_104_00876	1
CP159820.1	804384	804908	+	Uisw_104_00878	Uisw_104	174	OG0000721	K01265	methionyl aminopeptidase [EC:3.4.11.18]	COG0024	Map	Methionine aminopeptidase	Uisw_104_00876	2
CP159820.1	804912	806204	+	Uisw_104_00879	Uisw_104	430	OG0000779	K01756	adenylosuccinate lyase [EC:4.3.2.2]	COG0015	PurB	Adenylosuccinate lyase	Uisw_104_00876	3
CP159820.1	806204	806986	+	Uisw_104_00880	Uisw_104	260	OG0000769	K01923	phosphoribosylaminoimidazole-succinocarboxamide synthase [EC:6.3.2.6]	COG0152	PurC	Phosphoribosylaminoimidazole-succinocarboxamide synthase	Uisw_104_00876	4
CP159820.1	806988	807230	+	Uisw_104_00881	Uisw_104	80	OG0000770	K23264	phosphoribosylformylglycinamidine synthase subunit PurS [EC:6.3.5.3]	COG1828	PurS	Phosphoribosylformylglycinamidine (FGAM) synthase, PurS subunit	Uisw_104_00876	5
CP159819.1	721261	722826	-	Uisw_106_00804	Uisw_106	521	OG0001863	K01002	phosphoglycerol transferase [EC:2.7.8.20]	COG1368	MdoB	Phosphoglycerol transferase MdoB/OpgB, AlkP superfamily	Uisw_106_00810	-5
CP159819.1	722872	723642	-	Uisw_106_00805	Uisw_106	256	OG0000972	K00858	NAD+ kinase [EC:2.7.1.23]	COG0061	NadK	NAD kinase	Uisw_106_00810	-4
CP159819.1	723635	724387	-	Uisw_106_00806	Uisw_106	250	OG0001398	K05303	O-methyltransferase [EC:2.1.1.-]	NA	NA	NA	Uisw_106_00810	-3
CP159819.1	724556	724957	-	Uisw_106_00808	Uisw_106	133	OG0001035	K00682	gamma-glutamylcyclotransferase [EC:4.3.2.9]	COG2105	YtfP	Predicted gamma-glutamylamine cyclotransferase YtfP, GGCT/AIG2-like family	Uisw_106_00810	-2
CP159819.1	724962	725711	-	Uisw_106_00809	Uisw_106	249	OG0000807	NA	NA	COG1058	CinA	ADP-ribose pyrophosphatase domain of DNA damage- and competence-inducible protein CinA	Uisw_106_00810	-1
CP159819.1	725733	726425	+	Uisw_106_00810	Uisw_106	230	OG0000819	K06206	sugar fermentation stimulation protein A	COG1489	SfsA	DNA-binding protein, stimulates sugar fermentation	Uisw_106_00810	0
CP159819.1	726447	727325	+	Uisw_106_00811	Uisw_106	292	OG0001574	NA	NA	COG3751	EGL9	Proline 4-hydroxylase (includes Rps23 Pro-64 3,4-dihydroxylase Tpa1), contains SM-20 domain	Uisw_106_00810	1
CP159819.1	727367	728140	+	Uisw_106_00812	Uisw_106	257	OG0000721	K01265	methionyl aminopeptidase [EC:3.4.11.18]	COG0024	Map	Methionine aminopeptidase	Uisw_106_00810	2
CP159819.1	728144	729436	+	Uisw_106_00813	Uisw_106	430	OG0000779	K01756	adenylosuccinate lyase [EC:4.3.2.2]	COG0015	PurB	Adenylosuccinate lyase	Uisw_106_00810	3
CP159819.1	729436	730218	+	Uisw_106_00814	Uisw_106	260	OG0000769	K01923	phosphoribosylaminoimidazole-succinocarboxamide synthase [EC:6.3.2.6]	COG0152	PurC	Phosphoribosylaminoimidazole-succinocarboxamide synthase	Uisw_106_00810	4
CP159819.1	730220	730462	+	Uisw_106_00815	Uisw_106	80	OG0000770	K23264	phosphoribosylformylglycinamidine synthase subunit PurS [EC:6.3.5.3]	COG1828	PurS	Phosphoribosylformylglycinamidine (FGAM) synthase, PurS subunit	Uisw_106_00810	5
CP159809.1	481048	481731	-	Uisw_113_00517	Uisw_113	227	OG0000684	K23265	phosphoribosylformylglycinamidine synthase subunit PurQ / glutaminase [EC:6.3.5.3 3.5.1.2]	COG0047	PurL2	Phosphoribosylformylglycinamidine (FGAM) synthase, glutamine amidotransferase domain	Uisw_113_00522	-5
CP159809.1	481738	481980	-	Uisw_113_00518	Uisw_113	80	OG0000770	K23264	phosphoribosylformylglycinamidine synthase subunit PurS [EC:6.3.5.3]	COG1828	PurS	Phosphoribosylformylglycinamidine (FGAM) synthase, PurS subunit	Uisw_113_00522	-4
CP159809.1	481982	482764	-	Uisw_113_00519	Uisw_113	260	OG0000769	K01923	phosphoribosylaminoimidazole-succinocarboxamide synthase [EC:6.3.2.6]	COG0152	PurC	Phosphoribosylaminoimidazole-succinocarboxamide synthase	Uisw_113_00522	-3
CP159809.1	482764	484056	-	Uisw_113_00520	Uisw_113	430	OG0000779	K01756	adenylosuccinate lyase [EC:4.3.2.2]	COG0015	PurB	Adenylosuccinate lyase	Uisw_113_00522	-2
CP159809.1	484060	484830	-	Uisw_113_00521	Uisw_113	256	OG0000721	K01265	methionyl aminopeptidase [EC:3.4.11.18]	COG0024	Map	Methionine aminopeptidase	Uisw_113_00522	-1
CP159809.1	484823	485521	-	Uisw_113_00522	Uisw_113	232	OG0000819	K06206	sugar fermentation stimulation protein A	COG1489	SfsA	DNA-binding protein, stimulates sugar fermentation	Uisw_113_00522	0
CP159809.1	485543	486292	+	Uisw_113_00523	Uisw_113	249	OG0000807	NA	NA	COG1058	CinA	ADP-ribose pyrophosphatase domain of DNA damage- and competence-inducible protein CinA	Uisw_113_00522	1
CP159809.1	486297	486698	+	Uisw_113_00524	Uisw_113	133	OG0001035	K00682	gamma-glutamylcyclotransferase [EC:4.3.2.9]	COG2105	YtfP	Predicted gamma-glutamylamine cyclotransferase YtfP, GGCT/AIG2-like family	Uisw_113_00522	2
CP159809.1	486867	487640	+	Uisw_113_00526	Uisw_113	257	OG0000972	K00858	NAD+ kinase [EC:2.7.1.23]	COG0061	NadK	NAD kinase	Uisw_113_00522	3
CP159809.1	487644	488540	+	Uisw_113_00527	Uisw_113	298	OG0000113	K00737	beta-1,4-mannosyl-glycoprotein beta-1,4-N-acetylglucosaminyltransferase [EC:2.4.1.144]	NA	NA	NA	Uisw_113_00522	4
CP159809.1	488556	489299	-	Uisw_113_00528	Uisw_113	247	OG0000786	NA	NA	COG0566	SpoU	tRNA G18 (ribose-2'-O)-methylase SpoU	Uisw_113_00522	5
CP159818.1	748944	749111	-	Uisw_114_00900	Uisw_114	55	OG0002167	NA	NA	NA	NA	NA	Uisw_114_00906	-5
CP159818.1	749305	750009	-	Uisw_114_00901	Uisw_114	234	OG0002167	NA	NA	NA	NA	NA	Uisw_114_00906	-4
CP159818.1	750025	750804	-	Uisw_114_00902	Uisw_114	259	OG0000972	K00858	NAD+ kinase [EC:2.7.1.23]	COG0061	NadK	NAD kinase	Uisw_114_00906	-3
CP159818.1	750973	751374	-	Uisw_114_00904	Uisw_114	133	OG0001035	K00682	gamma-glutamylcyclotransferase [EC:4.3.2.9]	COG2105	YtfP	Predicted gamma-glutamylamine cyclotransferase YtfP, GGCT/AIG2-like family	Uisw_114_00906	-2
CP159818.1	751379	752128	-	Uisw_114_00905	Uisw_114	249	OG0000807	NA	NA	COG1058	CinA	ADP-ribose pyrophosphatase domain of DNA damage- and competence-inducible protein CinA	Uisw_114_00906	-1
CP159818.1	752150	752848	+	Uisw_114_00906	Uisw_114	232	OG0000819	K06206	sugar fermentation stimulation protein A	COG1489	SfsA	DNA-binding protein, stimulates sugar fermentation	Uisw_114_00906	0
CP159818.1	752852	753004	+	Uisw_114_00907	Uisw_114	50	OG0003600	NA	NA	NA	NA	NA	Uisw_114_00906	1
CP159818.1	753009	753779	+	Uisw_114_00908	Uisw_114	256	OG0000721	K01265	methionyl aminopeptidase [EC:3.4.11.18]	COG0024	Map	Methionine aminopeptidase	Uisw_114_00906	2
CP159818.1	753783	755075	+	Uisw_114_00909	Uisw_114	430	OG0000779	K01756	adenylosuccinate lyase [EC:4.3.2.2]	COG0015	PurB	Adenylosuccinate lyase	Uisw_114_00906	3
CP159818.1	755075	755857	+	Uisw_114_00910	Uisw_114	260	OG0000769	K01923	phosphoribosylaminoimidazole-succinocarboxamide synthase [EC:6.3.2.6]	COG0152	PurC	Phosphoribosylaminoimidazole-succinocarboxamide synthase	Uisw_114_00906	4
CP159818.1	755859	756101	+	Uisw_114_00911	Uisw_114	80	OG0000770	K23264	phosphoribosylformylglycinamidine synthase subunit PurS [EC:6.3.5.3]	COG1828	PurS	Phosphoribosylformylglycinamidine (FGAM) synthase, PurS subunit	Uisw_114_00906	5
CP159817.1	661786	662976	-	Uisw_116_00766	Uisw_116	396	OG0000491	K02358	elongation factor Tu	COG0050	TufA	Translation elongation factor EF-Tu, a GTPase	Uisw_116_00775	-5
CP159817.1	663360	664103	+	Uisw_116_00769	Uisw_116	247	OG0000786	NA	NA	COG0566	SpoU	tRNA G18 (ribose-2'-O)-methylase SpoU	Uisw_116_00775	-4
CP159817.1	664217	664996	-	Uisw_116_00771	Uisw_116	259	OG0000972	K00858	NAD+ kinase [EC:2.7.1.23]	COG0061	NadK	NAD kinase	Uisw_116_00775	-3
CP159817.1	665165	665566	-	Uisw_116_00773	Uisw_116	133	OG0001035	K00682	gamma-glutamylcyclotransferase [EC:4.3.2.9]	COG2105	YtfP	Predicted gamma-glutamylamine cyclotransferase YtfP, GGCT/AIG2-like family	Uisw_116_00775	-2
CP159817.1	665571	666320	-	Uisw_116_00774	Uisw_116	249	OG0000807	NA	NA	COG1058	CinA	ADP-ribose pyrophosphatase domain of DNA damage- and competence-inducible protein CinA	Uisw_116_00775	-1
CP159817.1	666342	667040	+	Uisw_116_00775	Uisw_116	232	OG0000819	K06206	sugar fermentation stimulation protein A	COG1489	SfsA	DNA-binding protein, stimulates sugar fermentation	Uisw_116_00775	0
CP159817.1	667033	667803	+	Uisw_116_00776	Uisw_116	256	OG0000721	K01265	methionyl aminopeptidase [EC:3.4.11.18]	COG0024	Map	Methionine aminopeptidase	Uisw_116_00775	1
CP159817.1	667807	669099	+	Uisw_116_00777	Uisw_116	430	OG0000779	K01756	adenylosuccinate lyase [EC:4.3.2.2]	COG0015	PurB	Adenylosuccinate lyase	Uisw_116_00775	2
CP159817.1	669099	669881	+	Uisw_116_00778	Uisw_116	260	OG0000769	K01923	phosphoribosylaminoimidazole-succinocarboxamide synthase [EC:6.3.2.6]	COG0152	PurC	Phosphoribosylaminoimidazole-succinocarboxamide synthase	Uisw_116_00775	3
CP159817.1	669883	670080	+	Uisw_116_00779	Uisw_116	65	OG0000770	K23264	phosphoribosylformylglycinamidine synthase subunit PurS [EC:6.3.5.3]	COG1828	PurS	Phosphoribosylformylglycinamidine (FGAM) synthase, PurS subunit	Uisw_116_00775	4
CP159817.1	670131	670814	+	Uisw_116_00780	Uisw_116	227	OG0000684	K23265	phosphoribosylformylglycinamidine synthase subunit PurQ / glutaminase [EC:6.3.5.3 3.5.1.2]	COG0047	PurL2	Phosphoribosylformylglycinamidine (FGAM) synthase, glutamine amidotransferase domain	Uisw_116_00775	5
CP159816.1	707859	708275	-	Uisw_121_00780	Uisw_121	138	OG0002857	NA	NA	NA	NA	NA	Uisw_121_00786	-5
CP159816.1	708442	709164	-	Uisw_121_00781	Uisw_121	240	OG0004576	NA	NA	NA	NA	NA	Uisw_121_00786	-4
CP159816.1	709506	710285	-	Uisw_121_00782	Uisw_121	259	OG0000972	K00858	NAD+ kinase [EC:2.7.1.23]	COG0061	NadK	NAD kinase	Uisw_121_00786	-3
CP159816.1	710454	710855	-	Uisw_121_00784	Uisw_121	133	OG0001035	K00682	gamma-glutamylcyclotransferase [EC:4.3.2.9]	COG2105	YtfP	Predicted gamma-glutamylamine cyclotransferase YtfP, GGCT/AIG2-like family	Uisw_121_00786	-2
CP159816.1	710860	711609	-	Uisw_121_00785	Uisw_121	249	OG0000807	NA	NA	COG1058	CinA	ADP-ribose pyrophosphatase domain of DNA damage- and competence-inducible protein CinA	Uisw_121_00786	-1
CP159816.1	711631	712329	+	Uisw_121_00786	Uisw_121	232	OG0000819	K06206	sugar fermentation stimulation protein A	COG1489	SfsA	DNA-binding protein, stimulates sugar fermentation	Uisw_121_00786	0
CP159816.1	712322	713092	+	Uisw_121_00787	Uisw_121	256	OG0000721	K01265	methionyl aminopeptidase [EC:3.4.11.18]	COG0024	Map	Methionine aminopeptidase	Uisw_121_00786	1
CP159816.1	713096	714388	+	Uisw_121_00788	Uisw_121	430	OG0000779	K01756	adenylosuccinate lyase [EC:4.3.2.2]	COG0015	PurB	Adenylosuccinate lyase	Uisw_121_00786	2
CP159816.1	714388	715170	+	Uisw_121_00789	Uisw_121	260	OG0000769	K01923	phosphoribosylaminoimidazole-succinocarboxamide synthase [EC:6.3.2.6]	COG0152	PurC	Phosphoribosylaminoimidazole-succinocarboxamide synthase	Uisw_121_00786	3
CP159816.1	715172	715414	+	Uisw_121_00790	Uisw_121	80	OG0000770	K23264	phosphoribosylformylglycinamidine synthase subunit PurS [EC:6.3.5.3]	COG1828	PurS	Phosphoribosylformylglycinamidine (FGAM) synthase, PurS subunit	Uisw_121_00786	4
CP159816.1	715421	716104	+	Uisw_121_00791	Uisw_121	227	OG0000684	K23265	phosphoribosylformylglycinamidine synthase subunit PurQ / glutaminase [EC:6.3.5.3 3.5.1.2]	COG0047	PurL2	Phosphoribosylformylglycinamidine (FGAM) synthase, glutamine amidotransferase domain	Uisw_121_00786	5
CP159815.1	431556	432239	-	Uisw_127_00462	Uisw_127	227	OG0000684	K23265	phosphoribosylformylglycinamidine synthase subunit PurQ / glutaminase [EC:6.3.5.3 3.5.1.2]	COG0047	PurL2	Phosphoribosylformylglycinamidine (FGAM) synthase, glutamine amidotransferase domain	Uisw_127_00467	-5
CP159815.1	432246	432488	-	Uisw_127_00463	Uisw_127	80	OG0000770	K23264	phosphoribosylformylglycinamidine synthase subunit PurS [EC:6.3.5.3]	COG1828	PurS	Phosphoribosylformylglycinamidine (FGAM) synthase, PurS subunit	Uisw_127_00467	-4
CP159815.1	432491	433273	-	Uisw_127_00464	Uisw_127	260	OG0000769	K01923	phosphoribosylaminoimidazole-succinocarboxamide synthase [EC:6.3.2.6]	COG0152	PurC	Phosphoribosylaminoimidazole-succinocarboxamide synthase	Uisw_127_00467	-3
CP159815.1	433273	434565	-	Uisw_127_00465	Uisw_127	430	OG0000779	K01756	adenylosuccinate lyase [EC:4.3.2.2]	COG0015	PurB	Adenylosuccinate lyase	Uisw_127_00467	-2
CP159815.1	434569	435339	-	Uisw_127_00466	Uisw_127	256	OG0000721	K01265	methionyl aminopeptidase [EC:3.4.11.18]	COG0024	Map	Methionine aminopeptidase	Uisw_127_00467	-1
CP159815.1	435332	436030	-	Uisw_127_00467	Uisw_127	232	OG0000819	K06206	sugar fermentation stimulation protein A	COG1489	SfsA	DNA-binding protein, stimulates sugar fermentation	Uisw_127_00467	0
CP159815.1	436052	436801	+	Uisw_127_00468	Uisw_127	249	OG0000807	NA	NA	COG1058	CinA	ADP-ribose pyrophosphatase domain of DNA damage- and competence-inducible protein CinA	Uisw_127_00467	1
CP159815.1	436806	437210	+	Uisw_127_00469	Uisw_127	134	OG0001035	K00682	gamma-glutamylcyclotransferase [EC:4.3.2.9]	COG2105	YtfP	Predicted gamma-glutamylamine cyclotransferase YtfP, GGCT/AIG2-like family	Uisw_127_00467	2
CP159815.1	437207	438883	+	Uisw_127_00470	Uisw_127	558	OG0001142	NA	NA	NA	NA	NA	Uisw_127_00467	3
CP159815.1	438962	440731	+	Uisw_127_00471	Uisw_127	589	OG0001683	NA	NA	NA	NA	NA	Uisw_127_00467	4
CP159815.1	440742	441437	+	Uisw_127_00472	Uisw_127	231	OG0000043	NA	NA	COG0463	WcaA	Glycosyltransferase involved in cell wall bisynthesis	Uisw_127_00467	5
CP159814.1	457421	458104	-	Uisw_130_00491	Uisw_130	227	OG0000684	K23265	phosphoribosylformylglycinamidine synthase subunit PurQ / glutaminase [EC:6.3.5.3 3.5.1.2]	COG0047	PurL2	Phosphoribosylformylglycinamidine (FGAM) synthase, glutamine amidotransferase domain	Uisw_130_00496	-5
CP159814.1	458111	458353	-	Uisw_130_00492	Uisw_130	80	OG0000770	K23264	phosphoribosylformylglycinamidine synthase subunit PurS [EC:6.3.5.3]	COG1828	PurS	Phosphoribosylformylglycinamidine (FGAM) synthase, PurS subunit	Uisw_130_00496	-4
CP159814.1	458355	459137	-	Uisw_130_00493	Uisw_130	260	OG0000769	K01923	phosphoribosylaminoimidazole-succinocarboxamide synthase [EC:6.3.2.6]	COG0152	PurC	Phosphoribosylaminoimidazole-succinocarboxamide synthase	Uisw_130_00496	-3
CP159814.1	459137	460429	-	Uisw_130_00494	Uisw_130	430	OG0000779	K01756	adenylosuccinate lyase [EC:4.3.2.2]	COG0015	PurB	Adenylosuccinate lyase	Uisw_130_00496	-2
CP159814.1	460433	461203	-	Uisw_130_00495	Uisw_130	256	OG0000721	K01265	methionyl aminopeptidase [EC:3.4.11.18]	COG0024	Map	Methionine aminopeptidase	Uisw_130_00496	-1
CP159814.1	461196	461894	-	Uisw_130_00496	Uisw_130	232	OG0000819	K06206	sugar fermentation stimulation protein A	COG1489	SfsA	DNA-binding protein, stimulates sugar fermentation	Uisw_130_00496	0
CP159814.1	461916	462665	+	Uisw_130_00497	Uisw_130	249	OG0000807	NA	NA	COG1058	CinA	ADP-ribose pyrophosphatase domain of DNA damage- and competence-inducible protein CinA	Uisw_130_00496	1
CP159814.1	462669	463079	+	Uisw_130_00498	Uisw_130	136	OG0001035	K00682	gamma-glutamylcyclotransferase [EC:4.3.2.9]	COG2105	YtfP	Predicted gamma-glutamylamine cyclotransferase YtfP, GGCT/AIG2-like family	Uisw_130_00496	2
CP159814.1	463072	464304	-	Uisw_130_00499	Uisw_130	410	OG0001354	NA	NA	NA	NA	NA	Uisw_130_00496	3
CP159814.1	464301	465221	-	Uisw_130_00500	Uisw_130	306	OG0000023	NA	NA	COG0451	WcaG	Nucleoside-diphosphate-sugar epimerase	Uisw_130_00496	4
CP159814.1	465293	466504	+	Uisw_130_00501	Uisw_130	403	OG0001137	NA	NA	COG2227	UbiG	2-polyprenyl-3-methyl-5-hydroxy-6-metoxy-1,4-benzoquinol methylase	Uisw_130_00496	5
CP159813.1	426231	427835	+	Uisw_134_02_00463	Uisw_134_02	534	OG0001585	K01666	4-hydroxy 2-oxovalerate aldolase [EC:4.1.3.39]	COG0119	LeuA	Isopropylmalate/homocitrate/citramalate synthases	Uisw_134_02_00468	-5
CP159813.1	427835	428560	+	Uisw_134_02_00464	Uisw_134_02	241	OG0000062	K00979	3-deoxy-manno-octulosonate cytidylyltransferase (CMP-KDO synthetase) [EC:2.7.7.38]	COG1212	KdsB	CMP-2-keto-3-deoxyoctulosonic acid synthetase	Uisw_134_02_00468	-4
CP159813.1	428568	429260	+	Uisw_134_02_00465	Uisw_134_02	230	OG0002305	NA	NA	NA	NA	NA	Uisw_134_02_00468	-3
CP159813.1	429262	430143	+	Uisw_134_02_00466	Uisw_134_02	293	OG0000167	NA	NA	COG0535	SkfB	Radical SAM superfamily maturase, SkfB/NifB/PqqE family	Uisw_134_02_00468	-2
CP159813.1	430143	430841	+	Uisw_134_02_00467	Uisw_134_02	232	OG0000007	NA	NA	COG1028	FabG	NAD(P)-dependent dehydrogenase, short-chain alcohol dehydrogenase family	Uisw_134_02_00468	-1
CP159813.1	430852	431547	-	Uisw_134_02_00468	Uisw_134_02	231	OG0000819	K06206	sugar fermentation stimulation protein A	COG1489	SfsA	DNA-binding protein, stimulates sugar fermentation	Uisw_134_02_00468	0
CP159813.1	431569	432318	+	Uisw_134_02_00469	Uisw_134_02	249	OG0000807	NA	NA	COG1058	CinA	ADP-ribose pyrophosphatase domain of DNA damage- and competence-inducible protein CinA	Uisw_134_02_00468	1
CP159813.1	432389	433603	+	Uisw_134_02_00470	Uisw_134_02	404	OG0001175	NA	NA	COG0438	RfaB	Lipopolysaccharide 1,6-galactosyltransferase, GT1 family	Uisw_134_02_00468	2
CP159813.1	433614	435308	+	Uisw_134_02_00471	Uisw_134_02	564	OG0001054	K00612	carbamoyltransferase [EC:2.1.3.-]	COG2192	NA	Predicted carbamoyl transferase, NodU family	Uisw_134_02_00468	3
CP159813.1	435301	436137	+	Uisw_134_02_00472	Uisw_134_02	278	OG0000037	NA	NA	COG0451	WcaG	Nucleoside-diphosphate-sugar epimerase	Uisw_134_02_00468	4
CP159813.1	436145	436540	+	Uisw_134_02_00473	Uisw_134_02	131	OG0001035	K00682	gamma-glutamylcyclotransferase [EC:4.3.2.9]	COG2105	YtfP	Predicted gamma-glutamylamine cyclotransferase YtfP, GGCT/AIG2-like family	Uisw_134_02_00468	5
CP159812.1	762601	763821	-	Uisw_136_00835	Uisw_136	406	OG0001792	NA	NA	COG0731	Tyw1	Wyosine [tRNA(Phe)-imidazoG37] synthetase, radical SAM superfamily	Uisw_136_00840	-5
CP159812.1	763876	764814	+	Uisw_136_00836	Uisw_136	312	OG0002248	NA	NA	COG3306	NA	Glycosyltransferase involved in LPS biosynthesis, GR25 family	Uisw_136_00840	-4
CP159812.1	764827	765228	-	Uisw_136_00837	Uisw_136	133	OG0001035	K00682	gamma-glutamylcyclotransferase [EC:4.3.2.9]	COG2105	YtfP	Predicted gamma-glutamylamine cyclotransferase YtfP, GGCT/AIG2-like family	Uisw_136_00840	-3
CP159812.1	765233	765622	-	Uisw_136_00838	Uisw_136	129	OG0000807	NA	NA	NA	NA	NA	Uisw_136_00840	-2
CP159812.1	765667	765981	-	Uisw_136_00839	Uisw_136	104	OG0000807	NA	NA	COG1058	CinA	ADP-ribose pyrophosphatase domain of DNA damage- and competence-inducible protein CinA	Uisw_136_00840	-1
CP159812.1	766003	766701	+	Uisw_136_00840	Uisw_136	232	OG0000819	K06206	sugar fermentation stimulation protein A	COG1489	SfsA	DNA-binding protein, stimulates sugar fermentation	Uisw_136_00840	0
CP159812.1	766694	767464	+	Uisw_136_00841	Uisw_136	256	OG0000721	K01265	methionyl aminopeptidase [EC:3.4.11.18]	COG0024	Map	Methionine aminopeptidase	Uisw_136_00840	1
CP159812.1	767468	768760	+	Uisw_136_00842	Uisw_136	430	OG0000779	K01756	adenylosuccinate lyase [EC:4.3.2.2]	COG0015	PurB	Adenylosuccinate lyase	Uisw_136_00840	2
CP159812.1	768760	769542	+	Uisw_136_00843	Uisw_136	260	OG0000769	K01923	phosphoribosylaminoimidazole-succinocarboxamide synthase [EC:6.3.2.6]	COG0152	PurC	Phosphoribosylaminoimidazole-succinocarboxamide synthase	Uisw_136_00840	3
CP159812.1	769544	769786	+	Uisw_136_00844	Uisw_136	80	OG0000770	K23264	phosphoribosylformylglycinamidine synthase subunit PurS [EC:6.3.5.3]	COG1828	PurS	Phosphoribosylformylglycinamidine (FGAM) synthase, PurS subunit	Uisw_136_00840	4
CP159812.1	769793	770476	+	Uisw_136_00845	Uisw_136	227	OG0000684	K23265	phosphoribosylformylglycinamidine synthase subunit PurQ / glutaminase [EC:6.3.5.3 3.5.1.2]	COG0047	PurL2	Phosphoribosylformylglycinamidine (FGAM) synthase, glutamine amidotransferase domain	Uisw_136_00840	5
CP159811.1	473722	473889	+	Uisw_137_00511	Uisw_137	55	OG0002305	NA	NA	NA	NA	NA	Uisw_137_00516	-5
CP159811.1	473879	474427	+	Uisw_137_00512	Uisw_137	182	OG0002305	NA	NA	NA	NA	NA	Uisw_137_00516	-4
CP159811.1	474417	475334	+	Uisw_137_00513	Uisw_137	305	OG0001141	NA	NA	COG0451	WcaG	Nucleoside-diphosphate-sugar epimerase	Uisw_137_00516	-3
CP159811.1	475482	476063	-	Uisw_137_00514	Uisw_137	193	OG0001518	NA	NA	NA	NA	NA	Uisw_137_00516	-2
CP159811.1	476311	478236	+	Uisw_137_00515	Uisw_137	641	OG0001508	K02014	iron complex outermembrane recepter protein	COG4771	FepA	Outer membrane receptor for ferrienterochelin and colicins	Uisw_137_00516	-1
CP159811.1	478365	479060	-	Uisw_137_00516	Uisw_137	231	OG0000819	K06206	sugar fermentation stimulation protein A	COG1489	SfsA	DNA-binding protein, stimulates sugar fermentation	Uisw_137_00516	0
CP159811.1	479082	479831	+	Uisw_137_00517	Uisw_137	249	OG0000807	NA	NA	COG1058	CinA	ADP-ribose pyrophosphatase domain of DNA damage- and competence-inducible protein CinA	Uisw_137_00516	1
CP159811.1	479836	480237	+	Uisw_137_00518	Uisw_137	133	OG0001035	K00682	gamma-glutamylcyclotransferase [EC:4.3.2.9]	COG2105	YtfP	Predicted gamma-glutamylamine cyclotransferase YtfP, GGCT/AIG2-like family	Uisw_137_00516	2
CP159811.1	480408	481403	+	Uisw_137_00519	Uisw_137	331	OG0001364	NA	NA	NA	NA	NA	Uisw_137_00516	3
CP159811.1	481447	483369	+	Uisw_137_00520	Uisw_137	640	OG0001337	K16568	exopolysaccharide production protein ExoZ	COG1835	OafA	Peptidoglycan/LPS O-acetylase OafA/YrhL, contains acyltransferase and SGNH-hydrolase domains	Uisw_137_00516	4
CP159811.1	483514	484293	+	Uisw_137_00522	Uisw_137	259	OG0000972	K00858	NAD+ kinase [EC:2.7.1.23]	COG0061	NadK	NAD kinase	Uisw_137_00516	5
